Timestamp, VideoTime, VideoFrame, HeadYaw, HeadPitch, HeadRoll, HeadQuatW, HeadQuatX, HeadQuatY, HeadQuatZ
17:21:19, 0.00, 0, 27.75, 353.90, 3.67, -0.9685, 0.0440, -0.2410, -0.0438
17:21:19, 0.03, 1, 27.73, 353.86, 3.65, -0.9686, 0.0444, -0.2408, -0.0437
17:21:19, 0.03, 1, 27.70, 353.84, 3.61, -0.9686, 0.0446, -0.2405, -0.0434
17:21:19, 0.03, 1, 27.66, 353.83, 3.51, -0.9687, 0.0450, -0.2402, -0.0426
17:21:19, 0.07, 2, 27.65, 353.82, 3.41, -0.9688, 0.0453, -0.2401, -0.0418
17:21:19, 0.07, 2, 27.64, 353.83, 3.38, -0.9688, 0.0452, -0.2400, -0.0415
17:21:19, 0.10, 3, 27.64, 353.84, 3.40, -0.9688, 0.0451, -0.2400, -0.0416
17:21:19, 0.10, 3, 27.63, 353.85, 3.45, -0.9688, 0.0449, -0.2399, -0.0420
17:21:19, 0.10, 3, 27.61, 353.85, 3.47, -0.9689, 0.0448, -0.2397, -0.0421
17:21:19, 0.13, 4, 27.61, 353.86, 3.46, -0.9689, 0.0448, -0.2397, -0.0421
17:21:19, 0.13, 4, 27.63, 353.88, 3.47, -0.9689, 0.0446, -0.2399, -0.0421
17:21:19, 0.17, 5, 27.64, 353.91, 3.49, -0.9688, 0.0443, -0.2400, -0.0422
17:21:19, 0.17, 5, 27.66, 353.90, 3.51, -0.9688, 0.0443, -0.2401, -0.0424
17:21:19, 0.17, 5, 27.66, 353.91, 3.57, -0.9688, 0.0441, -0.2402, -0.0429
17:21:19, 0.20, 6, 27.66, 353.91, 3.61, -0.9688, 0.0440, -0.2402, -0.0432
17:21:19, 0.20, 6, 27.65, 353.93, 3.64, -0.9688, 0.0438, -0.2402, -0.0435
17:21:19, 0.23, 7, 27.64, 353.92, 3.64, -0.9688, 0.0439, -0.2401, -0.0435
17:21:19, 0.23, 7, 27.63, 353.90, 3.66, -0.9688, 0.0440, -0.2400, -0.0436
17:21:19, 0.27, 8, 27.58, 353.88, 3.67, -0.9689, 0.0442, -0.2396, -0.0438
17:21:19, 0.27, 8, 27.56, 353.89, 3.70, -0.9689, 0.0441, -0.2394, -0.0440
17:21:19, 0.27, 8, 27.52, 353.85, 3.69, -0.9690, 0.0445, -0.2390, -0.0440
17:21:19, 0.30, 9, 27.49, 353.86, 3.67, -0.9691, 0.0444, -0.2388, -0.0437
17:21:19, 0.30, 9, 27.45, 353.87, 3.66, -0.9692, 0.0444, -0.2384, -0.0437
17:21:19, 0.33, 10, 27.42, 353.89, 3.68, -0.9692, 0.0442, -0.2383, -0.0438
17:21:19, 0.33, 10, 27.39, 353.90, 3.71, -0.9693, 0.0441, -0.2380, -0.0440
17:21:19, 0.33, 10, 27.36, 353.90, 3.71, -0.9693, 0.0441, -0.2377, -0.0440
17:21:19, 0.37, 11, 27.33, 353.84, 3.70, -0.9694, 0.0446, -0.2375, -0.0440
17:21:19, 0.37, 11, 27.28, 353.82, 3.71, -0.9695, 0.0447, -0.2371, -0.0441
17:21:19, 0.40, 12, 27.25, 353.81, 3.71, -0.9695, 0.0448, -0.2368, -0.0441
17:21:19, 0.40, 12, 27.25, 353.83, 3.73, -0.9695, 0.0446, -0.2368, -0.0442
17:21:19, 0.43, 13, 27.22, 353.87, 3.75, -0.9696, 0.0443, -0.2366, -0.0443
17:21:19, 0.43, 13, 27.21, 353.88, 3.75, -0.9696, 0.0441, -0.2364, -0.0443
17:21:20, 0.43, 13, 27.20, 353.89, 3.74, -0.9696, 0.0441, -0.2364, -0.0442
17:21:20, 0.47, 14, 27.17, 353.87, 3.71, -0.9697, 0.0444, -0.2361, -0.0440
17:21:20, 0.47, 14, 27.14, 353.84, 3.72, -0.9697, 0.0446, -0.2359, -0.0441
17:21:20, 0.50, 15, 27.12, 353.78, 3.71, -0.9698, 0.0451, -0.2357, -0.0441
17:21:20, 0.50, 15, 27.11, 353.77, 3.72, -0.9698, 0.0452, -0.2356, -0.0443
17:21:20, 0.53, 16, 27.09, 353.74, 3.71, -0.9698, 0.0455, -0.2354, -0.0442
17:21:20, 0.53, 16, 27.07, 353.75, 3.69, -0.9699, 0.0455, -0.2353, -0.0440
17:21:20, 0.53, 16, 27.05, 353.73, 3.73, -0.9699, 0.0455, -0.2351, -0.0444
17:21:20, 0.57, 17, 27.01, 353.68, 3.73, -0.9699, 0.0459, -0.2348, -0.0445
17:21:20, 0.57, 17, 26.96, 353.63, 3.68, -0.9700, 0.0465, -0.2343, -0.0441
17:21:20, 0.60, 18, 26.92, 353.58, 3.65, -0.9701, 0.0470, -0.2340, -0.0439
17:21:20, 0.60, 18, 26.87, 353.59, 3.62, -0.9702, 0.0470, -0.2336, -0.0437
17:21:20, 0.60, 18, 26.84, 353.64, 3.65, -0.9703, 0.0465, -0.2333, -0.0438
17:21:20, 0.63, 19, 26.78, 353.66, 3.68, -0.9704, 0.0464, -0.2328, -0.0440
17:21:20, 0.63, 19, 26.74, 353.66, 3.70, -0.9705, 0.0463, -0.2325, -0.0441
17:21:20, 0.67, 20, 26.63, 353.64, 3.64, -0.9707, 0.0467, -0.2316, -0.0437
17:21:20, 0.67, 20, 26.41, 353.61, 3.60, -0.9712, 0.0470, -0.2297, -0.0433
17:21:20, 0.70, 21, 26.04, 353.61, 3.63, -0.9719, 0.0471, -0.2266, -0.0433
17:21:20, 0.70, 21, 25.53, 353.71, 3.60, -0.9729, 0.0465, -0.2222, -0.0427
17:21:20, 0.70, 21, 24.89, 353.83, 3.55, -0.9743, 0.0459, -0.2167, -0.0418
17:21:20, 0.73, 22, 24.16, 354.01, 3.50, -0.9757, 0.0447, -0.2105, -0.0407
17:21:20, 0.73, 22, 23.34, 354.20, 3.53, -0.9773, 0.0433, -0.2035, -0.0404
17:21:20, 0.77, 23, 22.32, 354.48, 3.38, -0.9793, 0.0415, -0.1946, -0.0382
17:21:20, 0.77, 23, 21.19, 354.81, 3.29, -0.9813, 0.0392, -0.1849, -0.0366
17:21:20, 0.77, 23, 19.99, 355.11, 3.15, -0.9834, 0.0372, -0.1745, -0.0345
17:21:20, 0.80, 24, 18.65, 355.58, 3.01, -0.9855, 0.0337, -0.1628, -0.0322
17:21:20, 0.80, 24, 17.28, 355.95, 2.91, -0.9876, 0.0311, -0.1509, -0.0304
17:21:20, 0.83, 25, 15.94, 356.36, 2.68, -0.9895, 0.0282, -0.1393, -0.0275
17:21:20, 0.83, 25, 14.53, 356.78, 2.53, -0.9913, 0.0251, -0.1270, -0.0254
17:21:20, 0.87, 26, 13.21, 357.16, 2.43, -0.9928, 0.0222, -0.1155, -0.0239
17:21:20, 0.87, 26, 11.87, 357.57, 2.30, -0.9942, 0.0190, -0.1038, -0.0222
17:21:20, 0.87, 26, 10.66, 358.00, 2.17, -0.9953, 0.0156, -0.0932, -0.0205
17:21:20, 0.90, 27, 9.46, 358.44, 2.08, -0.9963, 0.0121, -0.0827, -0.0192
17:21:20, 0.90, 27, 8.29, 358.92, 2.02, -0.9972, 0.0082, -0.0724, -0.0183
17:21:20, 0.93, 28, 7.29, 359.45, 2.02, -0.9978, 0.0037, -0.0636, -0.0179
17:21:20, 0.93, 28, 6.33, 0.06, 1.97, -0.9983, -0.0015, -0.0552, -0.0171
17:21:20, 0.93, 28, 5.37, 0.66, 1.87, -0.9988, -0.0065, -0.0468, -0.0160
17:21:20, 0.97, 29, 4.59, 1.40, 1.87, -0.9990, -0.0129, -0.0399, -0.0158
17:21:20, 0.97, 29, 3.78, 2.10, 1.79, -0.9992, -0.0188, -0.0327, -0.0150
17:21:20, 1.00, 30, 3.14, 2.92, 1.62, -0.9992, -0.0258, -0.0270, -0.0134
17:21:20, 1.00, 30, 2.47, 3.78, 1.54, -0.9991, -0.0333, -0.0211, -0.0127
17:21:20, 1.03, 31, 1.93, 4.63, 1.39, -0.9990, -0.0406, -0.0164, -0.0115
17:21:20, 1.03, 31, 1.44, 5.49, 1.31, -0.9987, -0.0481, -0.0120, -0.0108
17:21:20, 1.03, 31, 0.95, 6.32, 1.26, -0.9984, -0.0552, -0.0077, -0.0105
17:21:20, 1.07, 32, 0.55, 7.00, 1.14, -0.9981, -0.0611, -0.0042, -0.0096
17:21:20, 1.07, 32, 0.13, 7.62, 1.11, -0.9977, -0.0664, -0.0005, -0.0096
17:21:20, 1.10, 33, 359.74, 8.14, 1.04, -0.9974, -0.0709, 0.0029, -0.0093
17:21:20, 1.10, 33, 359.27, 8.71, 0.92, -0.9971, -0.0759, 0.0069, -0.0085
17:21:20, 1.10, 33, 358.82, 9.06, 0.76, -0.9968, -0.0789, 0.0108, -0.0074
17:21:20, 1.13, 34, 358.39, 9.46, 0.55, -0.9965, -0.0824, 0.0144, -0.0059
17:21:20, 1.13, 34, 357.97, 9.82, 0.42, -0.9962, -0.0855, 0.0180, -0.0052
17:21:20, 1.17, 35, 357.54, 10.18, 0.29, -0.9958, -0.0886, 0.0216, -0.0044
17:21:20, 1.17, 35, 357.22, 10.41, 0.14, -0.9956, -0.0907, 0.0243, -0.0034
17:21:20, 1.20, 36, 356.85, 10.68, 359.97, -0.9953, -0.0930, 0.0274, -0.0023
17:21:20, 1.20, 36, 356.48, 10.91, 359.84, -0.9950, -0.0951, 0.0305, -0.0016
17:21:20, 1.20, 36, 356.13, 11.19, 359.70, -0.9947, -0.0976, 0.0333, -0.0007
17:21:20, 1.23, 37, 355.83, 11.49, 359.59, -0.9943, -0.1001, 0.0359, -0.0001
17:21:20, 1.23, 37, 355.54, 11.81, 359.56, -0.9940, -0.1029, 0.0383, -0.0002
17:21:20, 1.27, 38, 355.18, 12.17, 359.56, -0.9935, -0.1061, 0.0414, -0.0006
17:21:20, 1.27, 38, 354.86, 12.51, 359.57, -0.9931, -0.1090, 0.0442, -0.0012
17:21:20, 1.27, 38, 354.52, 12.64, 359.69, -0.9928, -0.1101, 0.0472, -0.0026
17:21:20, 1.30, 39, 354.25, 12.85, 359.75, -0.9925, -0.1118, 0.0496, -0.0035
17:21:20, 1.30, 39, 353.93, 13.00, 359.80, -0.9922, -0.1132, 0.0524, -0.0043
17:21:20, 1.33, 40, 353.59, 13.21, 359.86, -0.9918, -0.1149, 0.0554, -0.0052
17:21:20, 1.33, 40, 353.25, 13.47, 359.87, -0.9914, -0.1171, 0.0584, -0.0058
17:21:20, 1.37, 41, 352.87, 13.72, 359.90, -0.9909, -0.1193, 0.0616, -0.0065
17:21:20, 1.37, 41, 352.58, 14.02, 359.93, -0.9905, -0.1218, 0.0641, -0.0073
17:21:20, 1.37, 41, 352.18, 14.38, 359.94, -0.9898, -0.1249, 0.0676, -0.0080
17:21:20, 1.40, 42, 351.83, 14.78, 359.92, -0.9892, -0.1283, 0.0705, -0.0085
17:21:20, 1.40, 42, 351.50, 15.31, 359.98, -0.9884, -0.1329, 0.0734, -0.0097
17:21:20, 1.43, 43, 351.14, 15.85, 359.97, -0.9875, -0.1374, 0.0764, -0.0104
17:21:20, 1.43, 43, 350.76, 16.50, 359.98, -0.9864, -0.1430, 0.0797, -0.0113
17:21:21, 1.43, 43, 350.41, 17.19, 359.90, -0.9853, -0.1490, 0.0825, -0.0116
17:21:21, 1.47, 44, 350.05, 17.88, 359.89, -0.9841, -0.1549, 0.0856, -0.0125
17:21:21, 1.47, 44, 349.66, 18.41, 359.76, -0.9831, -0.1595, 0.0887, -0.0124
17:21:21, 1.50, 45, 349.18, 18.81, 359.67, -0.9822, -0.1629, 0.0925, -0.0126
17:21:21, 1.50, 45, 348.77, 19.19, 359.59, -0.9813, -0.1662, 0.0958, -0.0128
17:21:21, 1.53, 46, 348.37, 19.38, 359.43, -0.9807, -0.1680, 0.0990, -0.0122
17:21:21, 1.53, 46, 347.94, 19.47, 359.23, -0.9802, -0.1689, 0.1024, -0.0112
17:21:21, 1.53, 46, 347.53, 19.31, 359.07, -0.9801, -0.1676, 0.1057, -0.0102
17:21:21, 1.57, 47, 347.22, 19.11, 358.91, -0.9801, -0.1660, 0.1082, -0.0091
17:21:21, 1.57, 47, 346.95, 19.03, 358.81, -0.9800, -0.1654, 0.1104, -0.0086
17:21:21, 1.60, 48, 346.75, 18.93, 358.77, -0.9799, -0.1645, 0.1121, -0.0085
17:21:21, 1.60, 48, 346.60, 18.88, 358.75, -0.9799, -0.1642, 0.1133, -0.0084
17:21:21, 1.60, 48, 346.49, 18.80, 358.75, -0.9799, -0.1634, 0.1143, -0.0086
17:21:21, 1.63, 49, 346.42, 18.69, 358.71, -0.9800, -0.1625, 0.1149, -0.0082
17:21:21, 1.63, 49, 346.39, 18.57, 358.62, -0.9801, -0.1616, 0.1150, -0.0073
17:21:21, 1.67, 50, 346.37, 18.44, 358.58, -0.9803, -0.1605, 0.1152, -0.0069
17:21:21, 1.67, 50, 346.38, 18.38, 358.59, -0.9804, -0.1600, 0.1151, -0.0068
17:21:21, 1.70, 51, 346.37, 18.36, 358.64, -0.9804, -0.1598, 0.1153, -0.0073
17:21:21, 1.70, 51, 346.34, 18.34, 358.66, -0.9804, -0.1596, 0.1156, -0.0075
17:21:21, 1.70, 51, 346.31, 18.23, 358.68, -0.9805, -0.1586, 0.1158, -0.0076
17:21:21, 1.73, 52, 346.26, 18.08, 358.66, -0.9806, -0.1574, 0.1163, -0.0074
17:21:21, 1.73, 52, 346.19, 17.92, 358.64, -0.9808, -0.1560, 0.1169, -0.0071
17:21:21, 1.77, 53, 346.09, 17.79, 358.61, -0.9809, -0.1550, 0.1178, -0.0069
17:21:21, 1.77, 53, 345.95, 17.68, 358.55, -0.9809, -0.1540, 0.1190, -0.0064
17:21:21, 1.77, 53, 345.79, 17.60, 358.51, -0.9808, -0.1534, 0.1202, -0.0061
17:21:21, 1.80, 54, 345.63, 17.45, 358.39, -0.9808, -0.1522, 0.1215, -0.0052
17:21:21, 1.80, 54, 345.45, 17.29, 358.27, -0.9809, -0.1510, 0.1229, -0.0042
17:21:21, 1.83, 55, 345.30, 17.16, 358.17, -0.9809, -0.1500, 0.1242, -0.0034
17:21:21, 1.83, 55, 345.12, 17.04, 358.05, -0.9808, -0.1490, 0.1255, -0.0025
17:21:21, 1.87, 56, 344.95, 16.99, 357.97, -0.9807, -0.1488, 0.1269, -0.0020
17:21:21, 1.87, 56, 344.79, 16.95, 357.83, -0.9806, -0.1485, 0.1281, -0.0009
17:21:21, 1.87, 56, 344.58, 16.88, 357.71, -0.9804, -0.1480, 0.1297, -0.0001
17:21:21, 1.90, 57, 344.39, 16.78, 357.61, -0.9803, -0.1473, 0.1313, 0.0006
17:21:21, 1.90, 57, 344.20, 16.68, 357.57, -0.9802, -0.1465, 0.1329, 0.0008
17:21:21, 1.93, 58, 344.03, 16.54, 357.54, -0.9802, -0.1454, 0.1344, 0.0010
17:21:21, 1.93, 58, 343.83, 16.42, 357.51, -0.9801, -0.1443, 0.1361, 0.0012
17:21:21, 1.93, 58, 343.61, 16.30, 357.45, -0.9800, -0.1434, 0.1380, 0.0016
17:21:21, 1.97, 59, 343.38, 16.18, 357.37, -0.9799, -0.1425, 0.1398, 0.0022
17:21:21, 1.97, 59, 343.13, 16.03, 357.25, -0.9797, -0.1413, 0.1419, 0.0031
17:21:21, 2.00, 60, 342.87, 15.92, 357.11, -0.9795, -0.1406, 0.1440, 0.0041
17:21:21, 2.00, 60, 342.62, 15.80, 356.93, -0.9793, -0.1399, 0.1460, 0.0054
17:21:21, 2.03, 61, 342.42, 15.69, 356.83, -0.9792, -0.1390, 0.1476, 0.0063
17:21:21, 2.03, 61, 342.22, 15.55, 356.72, -0.9791, -0.1380, 0.1492, 0.0071
17:21:21, 2.03, 61, 342.02, 15.41, 356.60, -0.9790, -0.1370, 0.1508, 0.0081
17:21:21, 2.07, 62, 341.89, 15.34, 356.52, -0.9789, -0.1365, 0.1519, 0.0087
17:21:21, 2.07, 62, 341.77, 15.23, 356.45, -0.9788, -0.1356, 0.1529, 0.0093
17:21:21, 2.10, 63, 341.66, 15.12, 356.43, -0.9788, -0.1347, 0.1538, 0.0095
17:21:21, 2.10, 63, 341.55, 14.95, 356.36, -0.9789, -0.1334, 0.1548, 0.0102
17:21:21, 2.10, 63, 341.53, 14.74, 356.27, -0.9790, -0.1317, 0.1549, 0.0113
17:21:21, 2.13, 64, 341.54, 14.48, 356.19, -0.9793, -0.1296, 0.1549, 0.0123
17:21:21, 2.13, 64, 341.60, 14.17, 356.15, -0.9797, -0.1270, 0.1545, 0.0132
17:21:21, 2.17, 65, 341.67, 13.89, 356.08, -0.9801, -0.1247, 0.1539, 0.0142
17:21:21, 2.17, 65, 341.78, 13.55, 355.97, -0.9805, -0.1220, 0.1530, 0.0158
17:21:21, 2.20, 66, 341.90, 13.22, 355.91, -0.9810, -0.1192, 0.1521, 0.0169
17:21:21, 2.20, 66, 342.00, 12.92, 355.89, -0.9814, -0.1167, 0.1513, 0.0176
17:21:21, 2.20, 66, 342.14, 12.69, 355.92, -0.9818, -0.1146, 0.1503, 0.0178
17:21:21, 2.23, 67, 342.25, 12.48, 355.91, -0.9822, -0.1128, 0.1494, 0.0183
17:21:21, 2.23, 67, 342.38, 12.31, 355.90, -0.9825, -0.1113, 0.1484, 0.0187
17:21:21, 2.27, 68, 342.49, 12.11, 355.90, -0.9828, -0.1096, 0.1475, 0.0191
17:21:21, 2.27, 68, 342.63, 11.91, 355.92, -0.9831, -0.1079, 0.1464, 0.0194
17:21:21, 2.27, 68, 342.75, 11.68, 355.92, -0.9835, -0.1059, 0.1455, 0.0198
17:21:21, 2.30, 69, 342.87, 11.45, 355.91, -0.9838, -0.1039, 0.1446, 0.0202
17:21:21, 2.30, 69, 342.96, 11.26, 355.92, -0.9841, -0.1022, 0.1439, 0.0205
17:21:21, 2.33, 70, 343.08, 11.05, 355.91, -0.9844, -0.1004, 0.1429, 0.0210
17:21:21, 2.33, 70, 343.18, 10.85, 355.89, -0.9847, -0.0987, 0.1421, 0.0215
17:21:21, 2.37, 71, 343.30, 10.53, 355.90, -0.9851, -0.0959, 0.1413, 0.0219
17:21:21, 2.37, 71, 343.41, 10.16, 355.91, -0.9855, -0.0927, 0.1405, 0.0224
17:21:21, 2.37, 71, 343.52, 9.71, 355.95, -0.9859, -0.0888, 0.1397, 0.0228
17:21:21, 2.40, 72, 343.64, 9.29, 355.90, -0.9864, -0.0852, 0.1388, 0.0237
17:21:21, 2.40, 72, 343.75, 8.88, 355.87, -0.9867, -0.0817, 0.1381, 0.0246
17:21:21, 2.43, 73, 343.87, 8.53, 355.87, -0.9871, -0.0786, 0.1372, 0.0251
17:21:21, 2.43, 73, 343.94, 8.19, 355.83, -0.9874, -0.0757, 0.1366, 0.0259
17:21:22, 2.43, 73, 343.96, 7.76, 355.86, -0.9876, -0.0720, 0.1367, 0.0263
17:21:22, 2.47, 74, 343.97, 7.34, 355.86, -0.9879, -0.0684, 0.1367, 0.0268
17:21:22, 2.47, 74, 343.93, 6.91, 355.89, -0.9880, -0.0646, 0.1373, 0.0270
17:21:22, 2.50, 75, 343.92, 6.46, 355.85, -0.9882, -0.0608, 0.1376, 0.0279
17:21:22, 2.50, 75, 343.90, 6.00, 355.81, -0.9884, -0.0569, 0.1379, 0.0288
17:21:22, 2.53, 76, 343.86, 5.50, 355.83, -0.9885, -0.0526, 0.1384, 0.0293
17:21:22, 2.53, 76, 343.77, 5.07, 355.87, -0.9886, -0.0488, 0.1394, 0.0294
17:21:22, 2.53, 76, 343.73, 4.61, 355.92, -0.9887, -0.0448, 0.1399, 0.0295
17:21:22, 2.57, 77, 343.65, 4.20, 355.89, -0.9887, -0.0413, 0.1407, 0.0303
17:21:22, 2.57, 77, 343.52, 3.78, 355.96, -0.9887, -0.0376, 0.1420, 0.0302
17:21:22, 2.60, 78, 343.41, 3.33, 355.97, -0.9886, -0.0338, 0.1431, 0.0306
17:21:22, 2.60, 78, 343.37, 2.89, 355.97, -0.9887, -0.0300, 0.1436, 0.0312
17:21:22, 2.60, 78, 343.24, 2.53, 356.00, -0.9886, -0.0269, 0.1449, 0.0313
17:21:22, 2.63, 79, 343.15, 2.00, 355.94, -0.9885, -0.0224, 0.1458, 0.0325
17:21:22, 2.63, 79, 343.02, 1.64, 356.02, -0.9884, -0.0193, 0.1470, 0.0323
17:21:22, 2.67, 80, 342.87, 1.25, 355.95, -0.9882, -0.0161, 0.1485, 0.0333
17:21:22, 2.67, 80, 342.79, 0.84, 355.91, -0.9881, -0.0126, 0.1492, 0.0342
17:21:22, 2.67, 80, 342.66, 0.40, 355.89, -0.9879, -0.0088, 0.1505, 0.0349
17:21:22, 2.70, 81, 342.55, 359.93, 355.92, -0.9878, -0.0048, 0.1516, 0.0353
17:21:22, 2.70, 81, 342.46, 359.61, 355.91, -0.9876, -0.0021, 0.1525, 0.0358
17:21:22, 2.73, 82, 342.29, 359.31, 355.96, -0.9874, 0.0005, 0.1540, 0.0357
17:21:22, 2.73, 82, 342.12, 359.05, 356.01, -0.9872, 0.0027, 0.1556, 0.0357
17:21:22, 2.77, 83, 341.99, 358.81, 356.09, -0.9870, 0.0049, 0.1567, 0.0353
17:21:22, 2.77, 83, 341.76, 358.65, 356.15, -0.9867, 0.0063, 0.1588, 0.0350
17:21:22, 2.77, 83, 341.54, 358.51, 356.24, -0.9864, 0.0076, 0.1607, 0.0345
17:21:22, 2.80, 84, 341.32, 358.43, 356.33, -0.9861, 0.0083, 0.1626, 0.0338
17:21:22, 2.80, 84, 341.14, 358.26, 356.43, -0.9858, 0.0099, 0.1642, 0.0332
17:21:22, 2.83, 85, 340.94, 358.12, 356.52, -0.9855, 0.0111, 0.1659, 0.0327
17:21:22, 2.83, 85, 340.78, 357.99, 356.57, -0.9853, 0.0123, 0.1674, 0.0324
17:21:22, 2.87, 86, 340.62, 357.84, 356.59, -0.9850, 0.0136, 0.1688, 0.0325
17:21:22, 2.87, 86, 340.48, 357.74, 356.55, -0.9848, 0.0144, 0.1700, 0.0330
17:21:22, 2.87, 86, 340.32, 357.71, 356.55, -0.9845, 0.0145, 0.1714, 0.0330
17:21:22, 2.90, 87, 340.18, 357.66, 356.56, -0.9843, 0.0150, 0.1726, 0.0331
17:21:22, 2.90, 87, 340.07, 357.62, 356.52, -0.9841, 0.0152, 0.1735, 0.0335
17:21:22, 2.93, 88, 340.00, 357.54, 356.51, -0.9840, 0.0158, 0.1741, 0.0337
17:21:22, 2.93, 88, 339.90, 357.46, 356.49, -0.9838, 0.0165, 0.1750, 0.0340
17:21:22, 2.93, 88, 339.80, 357.38, 356.49, -0.9837, 0.0171, 0.1759, 0.0341
17:21:22, 2.97, 89, 339.72, 357.28, 356.48, -0.9835, 0.0180, 0.1766, 0.0344
17:21:22, 2.97, 89, 339.61, 357.17, 356.46, -0.9833, 0.0188, 0.1776, 0.0347
17:21:22, 3.00, 90, 339.51, 357.09, 356.48, -0.9831, 0.0195, 0.1785, 0.0348
17:21:22, 3.00, 90, 339.40, 357.05, 356.50, -0.9830, 0.0198, 0.1795, 0.0346
17:21:22, 3.03, 91, 339.26, 357.00, 356.54, -0.9827, 0.0203, 0.1807, 0.0344
17:21:22, 3.03, 91, 339.08, 356.92, 356.62, -0.9825, 0.0211, 0.1822, 0.0339
17:21:22, 3.03, 91, 338.92, 356.82, 356.69, -0.9822, 0.0220, 0.1836, 0.0334
17:21:22, 3.07, 92, 338.73, 356.80, 356.73, -0.9819, 0.0222, 0.1852, 0.0332
17:21:22, 3.07, 92, 338.54, 356.77, 356.80, -0.9816, 0.0224, 0.1868, 0.0327
17:21:22, 3.10, 93, 338.33, 356.83, 356.87, -0.9813, 0.0220, 0.1885, 0.0320
17:21:22, 3.10, 93, 338.10, 356.89, 356.96, -0.9810, 0.0216, 0.1905, 0.0312
17:21:22, 3.10, 93, 337.85, 356.94, 357.07, -0.9806, 0.0213, 0.1926, 0.0302
17:21:22, 3.13, 94, 337.58, 356.94, 357.18, -0.9801, 0.0214, 0.1950, 0.0293
17:21:22, 3.13, 94, 337.31, 356.94, 357.30, -0.9797, 0.0215, 0.1972, 0.0283
17:21:22, 3.17, 95, 337.02, 356.97, 357.45, -0.9793, 0.0214, 0.1997, 0.0271
17:21:22, 3.17, 95, 336.71, 357.01, 357.53, -0.9787, 0.0212, 0.2023, 0.0263
17:21:22, 3.20, 96, 336.41, 357.06, 357.52, -0.9782, 0.0207, 0.2049, 0.0264
17:21:22, 3.20, 96, 336.07, 357.12, 357.51, -0.9776, 0.0201, 0.2078, 0.0265
17:21:22, 3.20, 96, 335.74, 357.17, 357.54, -0.9770, 0.0196, 0.2106, 0.0262
17:21:22, 3.23, 97, 335.38, 357.19, 357.62, -0.9764, 0.0195, 0.2135, 0.0255
17:21:22, 3.23, 97, 335.07, 357.22, 357.67, -0.9758, 0.0193, 0.2162, 0.0251
17:21:22, 3.27, 98, 334.77, 357.24, 357.66, -0.9753, 0.0191, 0.2188, 0.0252
17:21:22, 3.27, 98, 334.43, 357.21, 357.69, -0.9746, 0.0193, 0.2217, 0.0250
17:21:22, 3.27, 98, 334.13, 357.18, 357.69, -0.9740, 0.0195, 0.2242, 0.0251
17:21:22, 3.30, 99, 333.79, 357.18, 357.68, -0.9733, 0.0193, 0.2271, 0.0252
17:21:22, 3.30, 99, 333.46, 357.19, 357.68, -0.9727, 0.0192, 0.2299, 0.0253
17:21:22, 3.33, 100, 333.17, 357.18, 357.63, -0.9721, 0.0191, 0.2323, 0.0258
17:21:22, 3.33, 100, 332.85, 357.22, 357.63, -0.9715, 0.0187, 0.2351, 0.0258
17:21:22, 3.37, 101, 332.59, 357.16, 357.60, -0.9709, 0.0191, 0.2373, 0.0262
17:21:22, 3.37, 101, 332.31, 357.18, 357.57, -0.9703, 0.0188, 0.2397, 0.0265
17:21:22, 3.37, 101, 332.00, 357.19, 357.55, -0.9696, 0.0186, 0.2423, 0.0266
17:21:22, 3.40, 102, 331.67, 357.22, 357.60, -0.9690, 0.0184, 0.2451, 0.0262
17:21:22, 3.40, 102, 331.36, 357.28, 357.65, -0.9683, 0.0179, 0.2477, 0.0257
17:21:22, 3.43, 103, 331.01, 357.35, 357.66, -0.9676, 0.0173, 0.2506, 0.0256
17:21:22, 3.43, 103, 330.61, 357.38, 357.68, -0.9667, 0.0170, 0.2540, 0.0254
17:21:23, 3.43, 103, 330.21, 357.38, 357.72, -0.9658, 0.0170, 0.2574, 0.0251
17:21:23, 3.47, 104, 329.80, 357.39, 357.75, -0.9649, 0.0169, 0.2609, 0.0249
17:21:23, 3.47, 104, 329.33, 357.39, 357.83, -0.9639, 0.0170, 0.2647, 0.0243
17:21:23, 3.50, 105, 328.88, 357.43, 357.82, -0.9628, 0.0165, 0.2685, 0.0244
17:21:23, 3.50, 105, 328.44, 357.43, 357.82, -0.9618, 0.0164, 0.2723, 0.0244
17:21:23, 3.53, 106, 327.95, 357.43, 357.80, -0.9606, 0.0162, 0.2763, 0.0246
17:21:23, 3.53, 106, 327.47, 357.46, 357.84, -0.9595, 0.0160, 0.2804, 0.0243
17:21:23, 3.53, 106, 326.98, 357.44, 357.84, -0.9582, 0.0160, 0.2845, 0.0245
17:21:23, 3.57, 107, 326.49, 357.40, 357.81, -0.9570, 0.0162, 0.2886, 0.0248
17:21:23, 3.57, 107, 326.05, 357.37, 357.83, -0.9559, 0.0164, 0.2923, 0.0248
17:21:23, 3.60, 108, 325.59, 357.36, 357.80, -0.9547, 0.0164, 0.2961, 0.0251
17:21:23, 3.60, 108, 325.14, 357.36, 357.74, -0.9535, 0.0161, 0.2999, 0.0257
17:21:23, 3.60, 108, 324.64, 357.34, 357.79, -0.9522, 0.0163, 0.3039, 0.0255
17:21:23, 3.63, 109, 324.23, 357.28, 357.75, -0.9511, 0.0166, 0.3074, 0.0259
17:21:23, 3.63, 109, 323.74, 357.23, 357.81, -0.9498, 0.0170, 0.3115, 0.0257
17:21:23, 3.67, 110, 323.28, 357.20, 357.79, -0.9485, 0.0171, 0.3153, 0.0260
17:21:23, 3.67, 110, 322.83, 357.29, 357.75, -0.9472, 0.0162, 0.3190, 0.0261
17:21:23, 3.70, 111, 322.29, 357.37, 357.75, -0.9458, 0.0153, 0.3235, 0.0260
17:21:23, 3.70, 111, 321.79, 357.44, 357.68, -0.9443, 0.0145, 0.3276, 0.0265
17:21:23, 3.70, 111, 321.30, 357.52, 357.62, -0.9429, 0.0135, 0.3316, 0.0268
17:21:23, 3.73, 112, 320.80, 357.61, 357.59, -0.9415, 0.0126, 0.3357, 0.0268
17:21:23, 3.73, 112, 320.26, 357.70, 357.61, -0.9399, 0.0118, 0.3401, 0.0265
17:21:23, 3.77, 113, 319.69, 357.83, 357.56, -0.9382, 0.0104, 0.3448, 0.0265
17:21:23, 3.77, 113, 319.22, 357.97, 357.54, -0.9368, 0.0091, 0.3486, 0.0263
17:21:23, 3.77, 113, 318.71, 358.08, 357.52, -0.9353, 0.0081, 0.3528, 0.0262
17:21:23, 3.80, 114, 318.10, 358.28, 357.50, -0.9335, 0.0062, 0.3577, 0.0257
17:21:23, 3.80, 114, 317.60, 358.38, 357.49, -0.9319, 0.0053, 0.3618, 0.0255
17:21:23, 3.83, 115, 316.96, 358.44, 357.51, -0.9299, 0.0047, 0.3669, 0.0252
17:21:23, 3.83, 115, 316.42, 358.54, 357.50, -0.9281, 0.0037, 0.3714, 0.0250
17:21:23, 3.87, 116, 315.82, 358.50, 357.51, -0.9262, 0.0040, 0.3762, 0.0251
17:21:23, 3.87, 116, 315.21, 358.56, 357.50, -0.9242, 0.0033, 0.3811, 0.0250
17:21:23, 3.87, 116, 314.65, 358.58, 357.49, -0.9223, 0.0030, 0.3856, 0.0250
17:21:23, 3.90, 117, 314.04, 358.63, 357.47, -0.9203, 0.0023, 0.3905, 0.0250
17:21:23, 3.90, 117, 313.49, 358.68, 357.39, -0.9183, 0.0016, 0.3950, 0.0255
17:21:23, 3.93, 118, 312.85, 358.64, 357.30, -0.9161, 0.0015, 0.4000, 0.0264
17:21:23, 3.93, 118, 312.31, 358.65, 357.26, -0.9142, 0.0011, 0.4044, 0.0266
17:21:23, 3.93, 118, 311.70, 358.63, 357.17, -0.9120, 0.0008, 0.4093, 0.0274
17:21:23, 3.97, 119, 311.11, 358.58, 357.09, -0.9099, 0.0008, 0.4139, 0.0283
17:21:23, 3.97, 119, 310.51, 358.60, 356.98, -0.9077, 0.0000, 0.4187, 0.0290
17:21:23, 4.00, 120, 309.93, 358.72, 356.93, -0.9055, -0.0012, 0.4233, 0.0290
17:21:23, 4.00, 120, 309.32, 358.74, 356.84, -0.9032, -0.0019, 0.4281, 0.0297
17:21:23, 4.03, 121, 308.67, 358.82, 356.74, -0.9008, -0.0031, 0.4332, 0.0301
17:21:23, 4.03, 121, 308.00, 358.92, 356.68, -0.8983, -0.0042, 0.4384, 0.0301
17:21:23, 4.03, 121, 307.33, 358.96, 356.70, -0.8957, -0.0046, 0.4436, 0.0299
17:21:23, 4.07, 122, 306.66, 358.95, 356.61, -0.8930, -0.0051, 0.4489, 0.0305
17:21:23, 4.07, 122, 305.95, 359.03, 356.59, -0.8903, -0.0060, 0.4544, 0.0303
17:21:23, 4.10, 123, 305.24, 359.05, 356.55, -0.8874, -0.0065, 0.4599, 0.0306
17:21:23, 4.10, 123, 304.50, 359.19, 356.50, -0.8845, -0.0079, 0.4656, 0.0303
17:21:23, 4.10, 123, 303.71, 359.33, 356.45, -0.8812, -0.0095, 0.4716, 0.0301
17:21:23, 4.13, 124, 302.97, 359.42, 356.41, -0.8782, -0.0105, 0.4773, 0.0300
17:21:23, 4.13, 124, 302.13, 359.53, 356.40, -0.8747, -0.0116, 0.4837, 0.0294
17:21:23, 4.17, 125, 301.33, 359.62, 356.37, -0.8713, -0.0126, 0.4897, 0.0292
17:21:23, 4.17, 125, 300.48, 359.69, 356.35, -0.8676, -0.0135, 0.4962, 0.0290
17:21:23, 4.20, 126, 299.65, 359.71, 356.35, -0.8640, -0.0138, 0.5024, 0.0288
17:21:23, 4.20, 126, 298.77, 359.72, 356.42, -0.8601, -0.0138, 0.5091, 0.0282
17:21:23, 4.20, 126, 297.92, 359.75, 356.44, -0.8563, -0.0141, 0.5155, 0.0277
17:21:23, 4.23, 127, 297.06, 359.77, 356.47, -0.8525, -0.0144, 0.5218, 0.0273
17:21:23, 4.23, 127, 296.18, 359.75, 356.43, -0.8484, -0.0147, 0.5284, 0.0276
17:21:23, 4.27, 128, 295.34, 359.70, 356.45, -0.8445, -0.0144, 0.5346, 0.0276
17:21:23, 4.27, 128, 294.48, 359.64, 356.50, -0.8405, -0.0139, 0.5409, 0.0274
17:21:23, 4.27, 128, 293.65, 359.65, 356.54, -0.8366, -0.0139, 0.5470, 0.0269
17:21:23, 4.30, 129, 292.84, 359.68, 356.62, -0.8327, -0.0140, 0.5529, 0.0261
17:21:23, 4.30, 129, 292.04, 359.65, 356.66, -0.8288, -0.0138, 0.5587, 0.0259
17:21:23, 4.33, 130, 291.25, 359.68, 356.74, -0.8250, -0.0137, 0.5644, 0.0250
17:21:23, 4.33, 130, 290.49, 359.66, 356.89, -0.8213, -0.0130, 0.5699, 0.0240
17:21:23, 4.37, 131, 289.72, 359.61, 356.96, -0.8174, -0.0125, 0.5755, 0.0237
17:21:23, 4.37, 131, 288.93, 359.69, 357.05, -0.8135, -0.0128, 0.5810, 0.0225
17:21:23, 4.37, 131, 288.14, 359.68, 357.13, -0.8094, -0.0124, 0.5867, 0.0219
17:21:23, 4.40, 132, 287.42, 359.85, 357.20, -0.8058, -0.0134, 0.5917, 0.0205
17:21:23, 4.40, 132, 286.70, 359.98, 357.25, -0.8021, -0.0141, 0.5968, 0.0193
17:21:23, 4.43, 133, 285.96, 0.08, 357.33, -0.7982, -0.0146, 0.6019, 0.0182
17:21:23, 4.43, 133, 285.33, 0.18, 357.28, -0.7949, -0.0156, 0.6062, 0.0180
17:21:24, 4.43, 133, 284.64, 0.32, 357.22, -0.7912, -0.0171, 0.6110, 0.0175
17:21:24, 4.47, 134, 284.01, 0.47, 357.23, -0.7879, -0.0181, 0.6153, 0.0165
17:21:24, 4.47, 134, 283.34, 0.58, 357.19, -0.7843, -0.0191, 0.6199, 0.0161
17:21:24, 4.50, 135, 282.71, 0.74, 357.08, -0.7809, -0.0209, 0.6241, 0.0159
17:21:24, 4.50, 135, 282.07, 0.89, 357.04, -0.7774, -0.0223, 0.6285, 0.0152
17:21:24, 4.53, 136, 281.45, 0.99, 357.01, -0.7740, -0.0232, 0.6326, 0.0147
17:21:24, 4.53, 136, 280.82, 1.08, 356.95, -0.7705, -0.0242, 0.6368, 0.0145
17:21:24, 4.53, 136, 280.15, 1.20, 356.89, -0.7667, -0.0254, 0.6413, 0.0141
17:21:24, 4.57, 137, 279.45, 1.14, 356.92, -0.7628, -0.0249, 0.6460, 0.0141
17:21:24, 4.57, 137, 278.80, 1.18, 356.90, -0.7591, -0.0254, 0.6503, 0.0139
17:21:24, 4.60, 138, 278.11, 1.18, 356.98, -0.7552, -0.0251, 0.6549, 0.0132
17:21:24, 4.60, 138, 277.42, 1.13, 356.99, -0.7512, -0.0248, 0.6594, 0.0132
17:21:24, 4.60, 138, 276.76, 1.13, 357.00, -0.7475, -0.0247, 0.6637, 0.0130
17:21:24, 4.63, 139, 276.08, 1.18, 357.05, -0.7435, -0.0249, 0.6682, 0.0123
17:21:24, 4.63, 139, 275.41, 1.18, 357.13, -0.7396, -0.0245, 0.6725, 0.0116
17:21:24, 4.67, 140, 274.77, 1.19, 357.13, -0.7358, -0.0246, 0.6767, 0.0114
17:21:24, 4.67, 140, 274.18, 1.16, 357.20, -0.7323, -0.0240, 0.6804, 0.0110
17:21:24, 4.70, 141, 273.57, 1.14, 357.18, -0.7287, -0.0241, 0.6843, 0.0111
17:21:24, 4.70, 141, 272.98, 1.14, 357.20, -0.7252, -0.0240, 0.6881, 0.0109
17:21:24, 4.70, 141, 272.42, 1.15, 357.22, -0.7218, -0.0241, 0.6916, 0.0106
17:21:24, 4.73, 142, 271.89, 1.23, 357.19, -0.7186, -0.0247, 0.6949, 0.0102
17:21:24, 4.73, 142, 271.42, 1.31, 357.19, -0.7157, -0.0253, 0.6979, 0.0095
17:21:24, 4.77, 143, 270.94, 1.33, 357.18, -0.7128, -0.0255, 0.7008, 0.0094
17:21:24, 4.77, 143, 270.45, 1.31, 357.16, -0.7098, -0.0256, 0.7039, 0.0095
17:21:24, 4.77, 143, 269.96, 1.37, 357.25, -0.7068, -0.0254, 0.7069, 0.0085
17:21:24, 4.80, 144, 269.59, 1.40, 357.21, -0.7045, -0.0259, 0.7092, 0.0085
17:21:24, 4.80, 144, 269.18, 1.35, 357.17, -0.7020, -0.0259, 0.7117, 0.0089
17:21:24, 4.83, 145, 268.82, 1.32, 357.18, -0.6997, -0.0256, 0.7139, 0.0090
17:21:24, 4.83, 145, 268.46, 1.31, 357.23, -0.6975, -0.0253, 0.7161, 0.0086
17:21:24, 4.87, 146, 268.11, 1.34, 357.28, -0.6953, -0.0252, 0.7182, 0.0081
17:21:24, 4.87, 146, 267.76, 1.35, 357.38, -0.6931, -0.0247, 0.7204, 0.0073
17:21:24, 4.87, 146, 267.43, 1.35, 357.39, -0.6910, -0.0246, 0.7224, 0.0072
17:21:24, 4.90, 147, 267.05, 1.36, 357.43, -0.6887, -0.0244, 0.7246, 0.0068
17:21:24, 4.90, 147, 266.74, 1.37, 357.39, -0.6867, -0.0247, 0.7265, 0.0070
17:21:24, 4.93, 148, 266.39, 1.36, 357.45, -0.6845, -0.0243, 0.7286, 0.0066
17:21:24, 4.93, 148, 266.05, 1.41, 357.39, -0.6823, -0.0251, 0.7306, 0.0065
17:21:24, 4.93, 148, 265.68, 1.39, 357.38, -0.6800, -0.0250, 0.7328, 0.0067
17:21:24, 4.97, 149, 265.31, 1.30, 357.37, -0.6776, -0.0245, 0.7350, 0.0072
17:21:24, 4.97, 149, 264.95, 1.30, 357.34, -0.6752, -0.0248, 0.7372, 0.0073
17:21:24, 5.00, 150, 264.60, 1.23, 357.31, -0.6730, -0.0246, 0.7392, 0.0078
17:21:24, 5.00, 150, 264.23, 1.21, 357.22, -0.6706, -0.0251, 0.7413, 0.0085
17:21:24, 5.03, 151, 263.89, 1.21, 357.22, -0.6684, -0.0251, 0.7433, 0.0084
17:21:24, 5.03, 151, 263.60, 1.22, 357.18, -0.6665, -0.0255, 0.7450, 0.0085
17:21:24, 5.03, 151, 263.29, 1.19, 357.15, -0.6644, -0.0255, 0.7469, 0.0088
17:21:24, 5.07, 152, 263.03, 1.19, 357.14, -0.6628, -0.0255, 0.7484, 0.0088
17:21:24, 5.07, 152, 262.73, 1.19, 357.17, -0.6608, -0.0254, 0.7501, 0.0086
17:21:24, 5.10, 153, 262.47, 1.20, 357.19, -0.6591, -0.0254, 0.7516, 0.0083
17:21:24, 5.10, 153, 262.18, 1.25, 357.21, -0.6572, -0.0255, 0.7532, 0.0078
17:21:24, 5.10, 153, 261.93, 1.24, 357.25, -0.6556, -0.0252, 0.7547, 0.0075
17:21:24, 5.13, 154, 261.61, 1.29, 357.31, -0.6535, -0.0251, 0.7565, 0.0068
17:21:24, 5.13, 154, 261.38, 1.34, 357.32, -0.6519, -0.0254, 0.7578, 0.0063
17:21:24, 5.17, 155, 261.11, 1.44, 357.37, -0.6502, -0.0256, 0.7593, 0.0053
17:21:24, 5.17, 155, 260.82, 1.46, 357.41, -0.6483, -0.0255, 0.7610, 0.0049
17:21:24, 5.20, 156, 260.52, 1.55, 357.40, -0.6462, -0.0261, 0.7627, 0.0044
17:21:24, 5.20, 156, 260.22, 1.61, 357.40, -0.6443, -0.0264, 0.7643, 0.0039
17:21:24, 5.20, 156, 259.97, 1.66, 357.38, -0.6426, -0.0268, 0.7657, 0.0036
17:21:24, 5.23, 157, 259.69, 1.69, 357.34, -0.6407, -0.0273, 0.7673, 0.0036
17:21:24, 5.23, 157, 259.45, 1.71, 357.28, -0.6391, -0.0277, 0.7686, 0.0037
17:21:24, 5.27, 158, 259.21, 1.75, 357.29, -0.6375, -0.0280, 0.7699, 0.0033
17:21:24, 5.27, 158, 258.98, 1.78, 357.27, -0.6359, -0.0283, 0.7712, 0.0032
17:21:24, 5.27, 158, 258.76, 1.81, 357.27, -0.6345, -0.0284, 0.7724, 0.0029
17:21:24, 5.30, 159, 258.57, 1.86, 357.27, -0.6332, -0.0287, 0.7735, 0.0025
17:21:24, 5.30, 159, 258.37, 1.85, 357.24, -0.6319, -0.0288, 0.7745, 0.0027
17:21:24, 5.33, 160, 258.19, 1.86, 357.28, -0.6306, -0.0286, 0.7755, 0.0024
17:21:24, 5.33, 160, 258.02, 1.88, 357.30, -0.6295, -0.0287, 0.7765, 0.0021
17:21:24, 5.37, 161, 257.87, 1.89, 357.29, -0.6285, -0.0288, 0.7773, 0.0020
17:21:24, 5.37, 161, 257.75, 1.85, 357.25, -0.6277, -0.0288, 0.7779, 0.0025
17:21:24, 5.37, 161, 257.64, 1.82, 357.23, -0.6269, -0.0288, 0.7786, 0.0028
17:21:24, 5.40, 162, 257.52, 1.74, 357.31, -0.6261, -0.0279, 0.7793, 0.0029
17:21:24, 5.40, 162, 257.40, 1.75, 357.38, -0.6253, -0.0274, 0.7799, 0.0024
17:21:24, 5.43, 163, 257.28, 1.71, 357.39, -0.6244, -0.0271, 0.7806, 0.0026
17:21:24, 5.43, 163, 257.18, 1.70, 357.41, -0.6237, -0.0270, 0.7812, 0.0025
17:21:25, 5.43, 163, 257.06, 1.68, 357.43, -0.6229, -0.0267, 0.7818, 0.0025
17:21:25, 5.47, 164, 256.91, 1.70, 357.44, -0.6219, -0.0267, 0.7826, 0.0023
17:21:25, 5.47, 164, 256.79, 1.71, 357.42, -0.6211, -0.0269, 0.7833, 0.0023
17:21:25, 5.50, 165, 256.63, 1.70, 357.45, -0.6200, -0.0266, 0.7841, 0.0021
17:21:25, 5.50, 165, 256.50, 1.69, 357.47, -0.6191, -0.0265, 0.7848, 0.0021
17:21:25, 5.53, 166, 256.37, 1.70, 357.47, -0.6182, -0.0265, 0.7856, 0.0020
17:21:25, 5.53, 166, 256.23, 1.69, 357.45, -0.6173, -0.0266, 0.7863, 0.0022
17:21:25, 5.53, 166, 256.12, 1.71, 357.43, -0.6165, -0.0269, 0.7869, 0.0021
17:21:25, 5.57, 167, 255.98, 1.72, 357.41, -0.6156, -0.0271, 0.7876, 0.0021
17:21:25, 5.57, 167, 255.86, 1.74, 357.45, -0.6147, -0.0269, 0.7883, 0.0017
17:21:25, 5.60, 168, 255.74, 1.75, 357.47, -0.6139, -0.0268, 0.7889, 0.0015
17:21:25, 5.60, 168, 255.65, 1.73, 357.44, -0.6133, -0.0269, 0.7894, 0.0018
17:21:25, 5.60, 168, 255.57, 1.73, 357.43, -0.6127, -0.0270, 0.7898, 0.0018
17:21:25, 5.63, 169, 255.48, 1.73, 357.45, -0.6121, -0.0268, 0.7903, 0.0017
17:21:25, 5.63, 169, 255.39, 1.75, 357.47, -0.6115, -0.0268, 0.7908, 0.0015
17:21:25, 5.67, 170, 255.32, 1.76, 357.48, -0.6110, -0.0268, 0.7912, 0.0013
17:21:25, 5.67, 170, 255.28, 1.73, 357.47, -0.6108, -0.0267, 0.7914, 0.0015
17:21:25, 5.70, 171, 255.23, 1.73, 357.50, -0.6104, -0.0265, 0.7917, 0.0014
17:21:25, 5.70, 171, 255.15, 1.65, 357.49, -0.6099, -0.0262, 0.7921, 0.0019
17:21:25, 5.70, 171, 255.10, 1.62, 357.51, -0.6095, -0.0259, 0.7924, 0.0021
17:21:25, 5.73, 172, 255.04, 1.61, 357.49, -0.6091, -0.0259, 0.7927, 0.0022
17:21:25, 5.73, 172, 255.00, 1.60, 357.46, -0.6088, -0.0261, 0.7929, 0.0024
17:21:25, 5.77, 173, 254.97, 1.59, 357.45, -0.6086, -0.0261, 0.7930, 0.0025
17:21:25, 5.77, 173, 254.96, 1.62, 357.41, -0.6085, -0.0265, 0.7931, 0.0025
17:21:25, 5.77, 173, 254.94, 1.63, 357.42, -0.6084, -0.0265, 0.7932, 0.0024
17:21:25, 5.80, 174, 254.95, 1.59, 357.43, -0.6085, -0.0263, 0.7931, 0.0026
17:21:25, 5.80, 174, 254.96, 1.57, 357.43, -0.6085, -0.0261, 0.7931, 0.0028
17:21:25, 5.83, 175, 254.97, 1.57, 357.44, -0.6086, -0.0261, 0.7931, 0.0027
17:21:25, 5.83, 175, 254.99, 1.55, 357.45, -0.6087, -0.0259, 0.7929, 0.0028
17:21:25, 5.87, 176, 255.03, 1.51, 357.46, -0.6090, -0.0256, 0.7928, 0.0031
17:21:25, 5.87, 176, 255.05, 1.50, 357.53, -0.6091, -0.0251, 0.7927, 0.0028
17:21:25, 5.87, 176, 255.05, 1.52, 357.58, -0.6092, -0.0248, 0.7926, 0.0024
17:21:25, 5.90, 177, 255.07, 1.48, 357.60, -0.6093, -0.0245, 0.7926, 0.0026
17:21:25, 5.90, 177, 255.12, 1.40, 357.53, -0.6096, -0.0245, 0.7923, 0.0034
17:21:25, 5.93, 178, 255.16, 1.36, 357.56, -0.6099, -0.0241, 0.7921, 0.0036
17:21:25, 5.93, 178, 255.20, 1.35, 357.64, -0.6101, -0.0235, 0.7919, 0.0032
17:21:25, 5.93, 178, 255.24, 1.34, 357.67, -0.6105, -0.0232, 0.7917, 0.0032
17:21:25, 5.97, 179, 255.28, 1.31, 357.67, -0.6107, -0.0231, 0.7915, 0.0034
17:21:25, 5.97, 179, 255.33, 1.31, 357.68, -0.6111, -0.0230, 0.7912, 0.0033
17:21:25, 6.00, 180, 255.36, 1.33, 357.73, -0.6113, -0.0227, 0.7911, 0.0029
17:21:25, 6.00, 180, 255.39, 1.34, 357.73, -0.6115, -0.0228, 0.7909, 0.0028
17:21:25, 6.03, 181, 255.40, 1.37, 357.74, -0.6115, -0.0229, 0.7909, 0.0026
17:21:25, 6.03, 181, 255.41, 1.36, 357.79, -0.6116, -0.0225, 0.7908, 0.0024
17:21:25, 6.03, 181, 255.41, 1.34, 357.84, -0.6116, -0.0221, 0.7908, 0.0023
17:21:25, 6.07, 182, 255.42, 1.33, 357.86, -0.6117, -0.0219, 0.7908, 0.0023
17:21:25, 6.07, 182, 255.43, 1.31, 357.86, -0.6117, -0.0218, 0.7908, 0.0023
17:21:25, 6.10, 183, 255.42, 1.30, 357.85, -0.6117, -0.0218, 0.7908, 0.0025
17:21:25, 6.10, 183, 255.44, 1.30, 357.84, -0.6118, -0.0219, 0.7907, 0.0026
17:21:25, 6.10, 183, 255.44, 1.30, 357.84, -0.6118, -0.0218, 0.7907, 0.0026
17:21:25, 6.13, 184, 255.44, 1.30, 357.85, -0.6118, -0.0218, 0.7907, 0.0025
17:21:25, 6.13, 184, 255.45, 1.30, 357.82, -0.6119, -0.0220, 0.7906, 0.0027
17:21:25, 6.17, 185, 255.47, 1.30, 357.82, -0.6120, -0.0220, 0.7905, 0.0027
17:21:25, 6.17, 185, 255.50, 1.31, 357.83, -0.6122, -0.0220, 0.7904, 0.0025
17:21:25, 6.20, 186, 255.54, 1.34, 357.85, -0.6125, -0.0220, 0.7901, 0.0023
17:21:25, 6.20, 186, 255.58, 1.36, 357.86, -0.6128, -0.0220, 0.7899, 0.0021
17:21:25, 6.20, 186, 255.64, 1.36, 357.90, -0.6132, -0.0217, 0.7896, 0.0019
17:21:25, 6.23, 187, 255.69, 1.38, 357.91, -0.6136, -0.0218, 0.7893, 0.0017
17:21:25, 6.23, 187, 255.75, 1.39, 357.91, -0.6139, -0.0219, 0.7890, 0.0016
17:21:25, 6.27, 188, 255.83, 1.45, 357.91, -0.6145, -0.0222, 0.7886, 0.0012
17:21:25, 6.27, 188, 255.90, 1.45, 357.90, -0.6150, -0.0222, 0.7882, 0.0013
17:21:25, 6.27, 188, 255.98, 1.48, 357.90, -0.6156, -0.0224, 0.7878, 0.0011
17:21:25, 6.30, 189, 256.05, 1.50, 357.90, -0.6160, -0.0225, 0.7874, 0.0010
17:21:25, 6.30, 189, 256.14, 1.50, 357.88, -0.6166, -0.0227, 0.7869, 0.0011
17:21:25, 6.33, 190, 256.24, 1.51, 357.86, -0.6174, -0.0228, 0.7863, 0.0012
17:21:25, 6.33, 190, 256.33, 1.52, 357.83, -0.6180, -0.0231, 0.7859, 0.0013
17:21:25, 6.37, 191, 256.46, 1.53, 357.78, -0.6189, -0.0235, 0.7851, 0.0015
17:21:25, 6.37, 191, 256.57, 1.57, 357.78, -0.6196, -0.0237, 0.7845, 0.0013
17:21:25, 6.37, 191, 256.72, 1.57, 357.74, -0.6206, -0.0239, 0.7838, 0.0015
17:21:25, 6.40, 192, 256.85, 1.59, 357.72, -0.6215, -0.0242, 0.7830, 0.0015
17:21:25, 6.40, 192, 256.98, 1.61, 357.68, -0.6224, -0.0246, 0.7823, 0.0016
17:21:25, 6.43, 193, 257.11, 1.64, 357.70, -0.6233, -0.0246, 0.7816, 0.0013
17:21:25, 6.43, 193, 257.24, 1.67, 357.71, -0.6242, -0.0247, 0.7809, 0.0011
17:21:26, 6.43, 193, 257.39, 1.66, 357.66, -0.6252, -0.0250, 0.7801, 0.0015
17:21:26, 6.47, 194, 257.55, 1.63, 357.64, -0.6263, -0.0250, 0.7792, 0.0018
17:21:26, 6.47, 194, 257.67, 1.63, 357.63, -0.6271, -0.0250, 0.7785, 0.0019
17:21:26, 6.50, 195, 257.82, 1.69, 357.67, -0.6281, -0.0251, 0.7777, 0.0013
17:21:26, 6.50, 195, 257.94, 1.74, 357.69, -0.6289, -0.0252, 0.7770, 0.0009
17:21:26, 6.53, 196, 258.09, 1.78, 357.66, -0.6300, -0.0257, 0.7762, 0.0008
17:21:26, 6.53, 196, 258.20, 1.81, 357.65, -0.6307, -0.0259, 0.7756, 0.0007
17:21:26, 6.53, 196, 258.31, 1.86, 357.65, -0.6314, -0.0262, 0.7750, 0.0004
17:21:26, 6.57, 197, 258.41, 1.92, 357.67, -0.6321, -0.0264, 0.7744, -0.0001
17:21:26, 6.57, 197, 258.54, 2.00, 357.68, -0.6330, -0.0267, 0.7737, -0.0007
17:21:26, 6.60, 198, 258.62, 2.09, 357.70, -0.6336, -0.0271, 0.7732, -0.0014
17:21:26, 6.60, 198, 258.74, 2.15, 357.70, -0.6344, -0.0274, 0.7725, -0.0018
17:21:26, 6.60, 198, 258.85, 2.23, 357.71, -0.6351, -0.0278, 0.7719, -0.0023
17:21:26, 6.63, 199, 258.95, 2.29, 357.68, -0.6358, -0.0283, 0.7713, -0.0025
17:21:26, 6.63, 199, 259.07, 2.38, 357.69, -0.6366, -0.0288, 0.7706, -0.0032
17:21:26, 6.67, 200, 259.20, 2.46, 357.68, -0.6375, -0.0293, 0.7699, -0.0037
17:21:26, 6.67, 200, 259.34, 2.55, 357.73, -0.6384, -0.0294, 0.7691, -0.0044
17:21:26, 6.70, 201, 259.46, 2.65, 357.73, -0.6392, -0.0300, 0.7684, -0.0051
17:21:26, 6.70, 201, 259.60, 2.73, 357.69, -0.6402, -0.0307, 0.7676, -0.0054
17:21:26, 6.70, 201, 259.75, 2.81, 357.67, -0.6412, -0.0313, 0.7667, -0.0058
17:21:26, 6.73, 202, 259.90, 2.93, 357.67, -0.6422, -0.0320, 0.7658, -0.0066
17:21:26, 6.73, 202, 260.04, 3.05, 357.64, -0.6431, -0.0329, 0.7651, -0.0072
17:21:26, 6.77, 203, 260.13, 3.21, 357.66, -0.6437, -0.0337, 0.7645, -0.0083
17:21:26, 6.77, 203, 260.21, 3.33, 357.64, -0.6442, -0.0344, 0.7640, -0.0090
17:21:26, 6.77, 203, 260.24, 3.38, 357.61, -0.6445, -0.0350, 0.7638, -0.0091
17:21:26, 6.80, 204, 260.27, 3.41, 357.60, -0.6447, -0.0352, 0.7636, -0.0092
17:21:26, 6.80, 204, 260.27, 3.47, 357.55, -0.6447, -0.0359, 0.7636, -0.0094
17:21:26, 6.83, 205, 260.26, 3.60, 357.52, -0.6446, -0.0368, 0.7636, -0.0101
17:21:26, 6.83, 205, 260.24, 3.78, 357.50, -0.6445, -0.0380, 0.7636, -0.0112
17:21:26, 6.87, 206, 260.19, 3.97, 357.48, -0.6441, -0.0391, 0.7638, -0.0124
17:21:26, 6.87, 206, 260.09, 4.17, 357.49, -0.6434, -0.0401, 0.7643, -0.0137
17:21:26, 6.87, 206, 260.01, 4.35, 357.49, -0.6429, -0.0412, 0.7647, -0.0150
17:21:26, 6.90, 207, 259.91, 4.52, 357.48, -0.6422, -0.0422, 0.7652, -0.0161
17:21:26, 6.90, 207, 259.80, 4.74, 357.47, -0.6415, -0.0434, 0.7657, -0.0176
17:21:26, 6.93, 208, 259.68, 4.89, 357.42, -0.6406, -0.0446, 0.7664, -0.0183
17:21:26, 6.93, 208, 259.56, 5.05, 357.41, -0.6398, -0.0456, 0.7669, -0.0194
17:21:26, 6.93, 208, 259.44, 5.22, 357.39, -0.6390, -0.0466, 0.7675, -0.0205
17:21:26, 6.97, 209, 259.32, 5.31, 357.38, -0.6382, -0.0472, 0.7681, -0.0211
17:21:26, 6.97, 209, 259.17, 5.43, 357.38, -0.6372, -0.0478, 0.7689, -0.0219
17:21:26, 7.00, 210, 259.06, 5.53, 357.39, -0.6364, -0.0483, 0.7695, -0.0228
17:21:26, 7.00, 210, 258.88, 5.67, 357.40, -0.6352, -0.0489, 0.7704, -0.0238
17:21:26, 7.03, 211, 258.65, 5.80, 357.31, -0.6336, -0.0502, 0.7716, -0.0243
17:21:26, 7.03, 211, 258.38, 5.83, 357.17, -0.6319, -0.0512, 0.7730, -0.0239
17:21:26, 7.03, 211, 258.13, 5.83, 357.07, -0.6302, -0.0519, 0.7743, -0.0234
17:21:26, 7.07, 212, 257.94, 5.80, 356.97, -0.6289, -0.0524, 0.7754, -0.0227
17:21:26, 7.07, 212, 257.73, 5.87, 356.90, -0.6275, -0.0532, 0.7764, -0.0229
17:21:26, 7.10, 213, 257.58, 5.91, 356.85, -0.6265, -0.0536, 0.7773, -0.0230
17:21:26, 7.10, 213, 257.43, 5.99, 356.81, -0.6255, -0.0544, 0.7780, -0.0234
17:21:26, 7.10, 213, 257.33, 6.06, 356.84, -0.6248, -0.0545, 0.7785, -0.0241
17:21:26, 7.13, 214, 257.24, 6.12, 356.91, -0.6242, -0.0544, 0.7790, -0.0249
17:21:26, 7.13, 214, 257.18, 6.17, 356.98, -0.6237, -0.0541, 0.7794, -0.0256
17:21:26, 7.17, 215, 257.13, 6.20, 357.05, -0.6234, -0.0538, 0.7796, -0.0262
17:21:26, 7.17, 215, 257.12, 6.24, 357.10, -0.6233, -0.0537, 0.7797, -0.0268
17:21:26, 7.20, 216, 257.14, 6.28, 357.13, -0.6234, -0.0537, 0.7796, -0.0272
17:21:26, 7.20, 216, 257.22, 6.35, 357.10, -0.6240, -0.0543, 0.7791, -0.0275
17:21:26, 7.20, 216, 257.29, 6.39, 357.06, -0.6244, -0.0548, 0.7787, -0.0275
17:21:26, 7.23, 217, 257.37, 6.49, 357.03, -0.6250, -0.0556, 0.7782, -0.0280
17:21:26, 7.23, 217, 257.42, 6.57, 357.02, -0.6253, -0.0561, 0.7778, -0.0284
17:21:26, 7.27, 218, 257.50, 6.64, 356.99, -0.6258, -0.0567, 0.7774, -0.0287
17:21:26, 7.27, 218, 257.60, 6.69, 356.97, -0.6265, -0.0571, 0.7768, -0.0289
17:21:26, 7.27, 218, 257.75, 6.75, 356.91, -0.6275, -0.0579, 0.7759, -0.0289
17:21:26, 7.30, 219, 257.93, 6.77, 356.85, -0.6287, -0.0585, 0.7749, -0.0286
17:21:26, 7.30, 219, 258.09, 6.78, 356.81, -0.6299, -0.0588, 0.7739, -0.0284
17:21:26, 7.33, 220, 258.28, 6.88, 356.79, -0.6311, -0.0595, 0.7729, -0.0288
17:21:26, 7.33, 220, 258.49, 6.92, 356.76, -0.6326, -0.0601, 0.7716, -0.0289
17:21:26, 7.37, 221, 258.71, 7.04, 356.72, -0.6340, -0.0610, 0.7704, -0.0293
17:21:26, 7.37, 221, 258.94, 7.16, 356.71, -0.6356, -0.0618, 0.7690, -0.0299
17:21:26, 7.37, 221, 259.24, 7.26, 356.65, -0.6375, -0.0628, 0.7673, -0.0302
17:21:26, 7.40, 222, 259.54, 7.36, 356.64, -0.6396, -0.0635, 0.7655, -0.0306
17:21:26, 7.40, 222, 259.88, 7.44, 356.59, -0.6418, -0.0644, 0.7635, -0.0307
17:21:26, 7.43, 223, 260.25, 7.53, 356.56, -0.6443, -0.0652, 0.7614, -0.0308
17:21:26, 7.43, 223, 260.64, 7.56, 356.52, -0.6469, -0.0658, 0.7592, -0.0307
17:21:27, 7.43, 223, 260.97, 7.65, 356.54, -0.6490, -0.0662, 0.7572, -0.0312
17:21:27, 7.47, 224, 261.40, 7.68, 356.51, -0.6519, -0.0666, 0.7547, -0.0309
17:21:27, 7.47, 224, 261.83, 7.69, 356.57, -0.6547, -0.0665, 0.7523, -0.0311
17:21:27, 7.50, 225, 262.21, 7.74, 356.56, -0.6572, -0.0670, 0.7501, -0.0312
17:21:27, 7.50, 225, 262.60, 7.77, 356.55, -0.6597, -0.0673, 0.7479, -0.0311
17:21:27, 7.53, 226, 263.00, 7.84, 356.52, -0.6623, -0.0680, 0.7455, -0.0311
17:21:27, 7.53, 226, 263.45, 7.91, 356.48, -0.6653, -0.0688, 0.7428, -0.0311
17:21:27, 7.53, 226, 263.86, 7.94, 356.44, -0.6679, -0.0693, 0.7404, -0.0307
17:21:27, 7.57, 227, 264.28, 8.02, 356.42, -0.6706, -0.0700, 0.7379, -0.0310
17:21:27, 7.57, 227, 264.65, 8.04, 356.37, -0.6730, -0.0706, 0.7357, -0.0305
17:21:27, 7.60, 228, 265.11, 8.09, 356.27, -0.6759, -0.0716, 0.7329, -0.0299
17:21:27, 7.60, 228, 265.53, 8.13, 356.29, -0.6786, -0.0719, 0.7303, -0.0301
17:21:27, 7.60, 228, 265.89, 8.17, 356.24, -0.6809, -0.0725, 0.7282, -0.0299
17:21:27, 7.63, 229, 266.33, 8.20, 356.23, -0.6837, -0.0728, 0.7255, -0.0296
17:21:27, 7.63, 229, 266.70, 8.23, 356.15, -0.6860, -0.0736, 0.7233, -0.0292
17:21:27, 7.67, 230, 267.18, 8.21, 356.22, -0.6891, -0.0731, 0.7204, -0.0291
17:21:27, 7.67, 230, 267.65, 8.19, 356.16, -0.6920, -0.0735, 0.7176, -0.0284
17:21:27, 7.70, 231, 268.04, 8.22, 356.14, -0.6944, -0.0739, 0.7152, -0.0282
17:21:27, 7.70, 231, 268.45, 8.24, 356.16, -0.6970, -0.0740, 0.7127, -0.0281
17:21:27, 7.70, 231, 268.89, 8.28, 356.12, -0.6997, -0.0746, 0.7100, -0.0279
17:21:27, 7.73, 232, 269.31, 8.34, 356.09, -0.7023, -0.0753, 0.7073, -0.0277
17:21:27, 7.73, 232, 269.74, 8.34, 356.09, -0.7050, -0.0754, 0.7047, -0.0275
17:21:27, 7.77, 233, 270.13, 8.37, 356.14, -0.7073, -0.0754, 0.7023, -0.0277
17:21:27, 7.77, 233, 270.53, 8.42, 356.14, -0.7098, -0.0758, 0.6998, -0.0278
17:21:27, 7.77, 233, 270.90, 8.51, 356.09, -0.7121, -0.0767, 0.6974, -0.0278
17:21:27, 7.80, 234, 271.30, 8.63, 356.07, -0.7144, -0.0777, 0.6948, -0.0282
17:21:27, 7.80, 234, 271.74, 8.78, 355.93, -0.7171, -0.0796, 0.6919, -0.0278
17:21:27, 7.83, 235, 272.19, 8.96, 355.82, -0.7198, -0.0814, 0.6888, -0.0279
17:21:27, 7.83, 235, 272.61, 9.05, 355.74, -0.7223, -0.0826, 0.6861, -0.0277
17:21:27, 7.87, 236, 273.04, 9.24, 355.80, -0.7248, -0.0836, 0.6833, -0.0289
17:21:27, 7.87, 236, 273.42, 9.31, 355.89, -0.7270, -0.0836, 0.6809, -0.0296
17:21:27, 7.87, 236, 273.84, 9.41, 355.98, -0.7295, -0.0838, 0.6782, -0.0304
17:21:27, 7.90, 237, 274.25, 9.53, 356.05, -0.7318, -0.0842, 0.6756, -0.0313
17:21:27, 7.90, 237, 274.59, 9.54, 356.25, -0.7338, -0.0832, 0.6735, -0.0324
17:21:27, 7.93, 238, 274.88, 9.58, 356.45, -0.7354, -0.0824, 0.6718, -0.0337
17:21:27, 7.93, 238, 275.14, 9.55, 356.69, -0.7369, -0.0808, 0.6703, -0.0349
17:21:27, 7.93, 238, 275.43, 9.55, 356.99, -0.7384, -0.0792, 0.6686, -0.0366
17:21:27, 7.97, 239, 275.66, 9.44, 357.24, -0.7398, -0.0771, 0.6674, -0.0375
17:21:27, 7.97, 239, 275.89, 9.41, 357.49, -0.7411, -0.0755, 0.6661, -0.0388
17:21:27, 8.00, 240, 276.20, 9.43, 357.70, -0.7427, -0.0745, 0.6642, -0.0400
17:21:27, 8.00, 240, 276.50, 9.51, 357.90, -0.7444, -0.0740, 0.6623, -0.0416
17:21:27, 8.03, 241, 276.82, 9.53, 358.11, -0.7461, -0.0730, 0.6604, -0.0428
17:21:27, 8.03, 241, 277.15, 9.64, 358.29, -0.7479, -0.0728, 0.6583, -0.0444
17:21:27, 8.03, 241, 277.56, 9.71, 358.50, -0.7502, -0.0722, 0.6557, -0.0460
17:21:27, 8.07, 242, 278.03, 9.74, 358.73, -0.7527, -0.0713, 0.6527, -0.0473
17:21:27, 8.07, 242, 278.49, 9.73, 358.92, -0.7553, -0.0703, 0.6498, -0.0482
17:21:27, 8.10, 243, 278.98, 9.74, 359.06, -0.7580, -0.0698, 0.6467, -0.0489
17:21:27, 8.10, 243, 279.55, 9.78, 359.16, -0.7611, -0.0698, 0.6430, -0.0495
17:21:27, 8.10, 243, 280.11, 9.95, 359.19, -0.7641, -0.0710, 0.6392, -0.0502
17:21:27, 8.13, 244, 280.62, 10.00, 359.22, -0.7669, -0.0714, 0.6357, -0.0505
17:21:27, 8.13, 244, 281.25, 10.07, 359.30, -0.7704, -0.0717, 0.6315, -0.0510
17:21:27, 8.17, 245, 281.94, 10.10, 359.40, -0.7741, -0.0717, 0.6269, -0.0514
17:21:27, 8.17, 245, 282.63, 10.13, 359.54, -0.7777, -0.0714, 0.6223, -0.0521
17:21:27, 8.20, 246, 283.32, 10.18, 359.71, -0.7814, -0.0712, 0.6177, -0.0530
17:21:27, 8.20, 246, 284.05, 10.21, 359.88, -0.7852, -0.0708, 0.6128, -0.0539
17:21:27, 8.20, 246, 284.74, 10.21, 359.99, -0.7888, -0.0706, 0.6081, -0.0542
17:21:27, 8.23, 247, 285.39, 10.14, 0.10, -0.7923, -0.0698, 0.6037, -0.0542
17:21:27, 8.23, 247, 286.03, 10.16, 0.19, -0.7956, -0.0697, 0.5993, -0.0546
17:21:27, 8.27, 248, 286.65, 10.13, 0.36, -0.7987, -0.0689, 0.5952, -0.0553
17:21:27, 8.27, 248, 287.22, 10.12, 0.48, -0.8017, -0.0685, 0.5912, -0.0557
17:21:27, 8.27, 248, 287.79, 10.13, 0.65, -0.8045, -0.0680, 0.5873, -0.0566
17:21:27, 8.30, 249, 288.36, 10.06, 0.67, -0.8074, -0.0677, 0.5834, -0.0561
17:21:27, 8.30, 249, 288.93, 10.09, 0.81, -0.8102, -0.0674, 0.5795, -0.0568
17:21:27, 8.33, 250, 289.57, 10.02, 0.91, -0.8134, -0.0668, 0.5750, -0.0569
17:21:27, 8.33, 250, 290.19, 10.00, 1.04, -0.8165, -0.0663, 0.5706, -0.0573
17:21:27, 8.37, 251, 290.89, 9.87, 1.16, -0.8200, -0.0651, 0.5658, -0.0571
17:21:27, 8.37, 251, 291.74, 9.69, 1.30, -0.8242, -0.0636, 0.5598, -0.0567
17:21:27, 8.37, 251, 292.69, 9.55, 1.47, -0.8288, -0.0622, 0.5531, -0.0567
17:21:27, 8.40, 252, 293.79, 9.39, 1.67, -0.8341, -0.0606, 0.5453, -0.0569
17:21:27, 8.40, 252, 294.97, 9.21, 1.86, -0.8397, -0.0590, 0.5368, -0.0568
17:21:27, 8.43, 253, 296.39, 8.99, 2.09, -0.8463, -0.0570, 0.5265, -0.0568
17:21:27, 8.43, 253, 297.94, 8.82, 2.38, -0.8533, -0.0552, 0.5152, -0.0573
17:21:28, 8.43, 253, 299.49, 8.55, 2.69, -0.8603, -0.0526, 0.5038, -0.0578
17:21:28, 8.47, 254, 301.03, 8.31, 2.96, -0.8670, -0.0503, 0.4924, -0.0581
17:21:28, 8.47, 254, 302.59, 8.05, 3.17, -0.8737, -0.0483, 0.4806, -0.0579
17:21:28, 8.50, 255, 304.14, 7.91, 3.34, -0.8801, -0.0473, 0.4689, -0.0580
17:21:28, 8.50, 255, 305.64, 7.75, 3.41, -0.8862, -0.0465, 0.4573, -0.0573
17:21:28, 8.53, 256, 307.14, 7.54, 3.46, -0.8923, -0.0454, 0.4457, -0.0562
17:21:28, 8.53, 256, 308.57, 7.31, 3.47, -0.8979, -0.0443, 0.4345, -0.0549
17:21:28, 8.53, 256, 310.01, 7.14, 3.50, -0.9033, -0.0435, 0.4233, -0.0539
17:21:28, 8.57, 257, 311.39, 6.90, 3.43, -0.9086, -0.0425, 0.4123, -0.0519
17:21:28, 8.57, 257, 312.76, 6.69, 3.41, -0.9136, -0.0415, 0.4014, -0.0506
17:21:28, 8.60, 258, 314.16, 6.56, 3.32, -0.9185, -0.0414, 0.3902, -0.0489
17:21:28, 8.60, 258, 315.53, 6.41, 3.28, -0.9232, -0.0409, 0.3792, -0.0476
17:21:28, 8.60, 258, 316.96, 6.21, 3.20, -0.9280, -0.0402, 0.3675, -0.0458
17:21:28, 8.63, 259, 318.37, 6.12, 3.18, -0.9325, -0.0400, 0.3561, -0.0449
17:21:28, 8.63, 259, 319.71, 5.94, 3.16, -0.9367, -0.0392, 0.3451, -0.0437
17:21:28, 8.67, 260, 321.12, 5.79, 3.16, -0.9410, -0.0384, 0.3336, -0.0428
17:21:28, 8.67, 260, 322.51, 5.65, 3.17, -0.9450, -0.0377, 0.3222, -0.0420
17:21:28, 8.70, 261, 323.87, 5.45, 3.21, -0.9489, -0.0365, 0.3109, -0.0414
17:21:28, 8.70, 261, 325.29, 5.21, 3.23, -0.9527, -0.0350, 0.2991, -0.0404
17:21:28, 8.70, 261, 326.74, 4.96, 3.27, -0.9565, -0.0333, 0.2870, -0.0397
17:21:28, 8.73, 262, 328.21, 4.71, 3.31, -0.9602, -0.0316, 0.2747, -0.0390
17:21:28, 8.73, 262, 329.71, 4.50, 3.36, -0.9638, -0.0302, 0.2620, -0.0385
17:21:28, 8.77, 263, 331.29, 4.27, 3.44, -0.9674, -0.0286, 0.2488, -0.0383
17:21:28, 8.77, 263, 332.86, 4.06, 3.50, -0.9708, -0.0273, 0.2354, -0.0380
17:21:28, 8.77, 263, 334.40, 3.87, 3.59, -0.9739, -0.0260, 0.2223, -0.0380
17:21:28, 8.80, 264, 336.00, 3.70, 3.71, -0.9769, -0.0248, 0.2087, -0.0384
17:21:28, 8.80, 264, 337.68, 3.52, 3.87, -0.9799, -0.0236, 0.1943, -0.0391
17:21:28, 8.83, 265, 339.41, 3.26, 4.03, -0.9827, -0.0217, 0.1795, -0.0396
17:21:28, 8.83, 265, 341.00, 3.03, 4.11, -0.9851, -0.0201, 0.1658, -0.0397
17:21:28, 8.87, 266, 342.58, 2.88, 4.21, -0.9874, -0.0193, 0.1522, -0.0401
17:21:28, 8.87, 266, 344.23, 2.60, 4.29, -0.9895, -0.0174, 0.1379, -0.0402
17:21:28, 8.87, 266, 345.79, 2.36, 4.33, -0.9913, -0.0157, 0.1244, -0.0400
17:21:28, 8.90, 267, 347.39, 2.15, 4.44, -0.9930, -0.0144, 0.1104, -0.0406
17:21:28, 8.90, 267, 348.92, 1.96, 4.51, -0.9944, -0.0132, 0.0971, -0.0408
17:21:28, 8.93, 268, 350.48, 1.82, 4.54, -0.9956, -0.0125, 0.0835, -0.0408
17:21:28, 8.93, 268, 352.11, 1.62, 4.59, -0.9967, -0.0114, 0.0693, -0.0409
17:21:28, 8.93, 268, 353.81, 1.32, 4.63, -0.9976, -0.0093, 0.0544, -0.0410
17:21:28, 8.97, 269, 355.56, 1.03, 4.68, -0.9984, -0.0074, 0.0391, -0.0411
17:21:28, 8.97, 269, 357.22, 0.84, 4.81, -0.9988, -0.0063, 0.0245, -0.0421
17:21:28, 9.00, 270, 359.01, 0.63, 4.85, -0.9991, -0.0052, 0.0089, -0.0423
17:21:28, 9.00, 270, 0.85, 0.40, 5.00, -0.9990, -0.0038, -0.0073, -0.0436
17:21:28, 9.03, 271, 2.84, 0.07, 5.07, -0.9987, -0.0017, -0.0247, -0.0442
17:21:28, 9.03, 271, 4.88, 359.74, 5.18, -0.9981, 0.0003, -0.0426, -0.0453
17:21:28, 9.03, 271, 6.91, 359.52, 5.36, -0.9971, 0.0014, -0.0604, -0.0470
17:21:28, 9.07, 272, 8.86, 359.32, 5.42, -0.9959, 0.0023, -0.0774, -0.0476
17:21:28, 9.07, 272, 10.84, 359.10, 5.48, -0.9943, 0.0033, -0.0947, -0.0483
17:21:28, 9.10, 273, 12.73, 358.90, 5.56, -0.9926, 0.0042, -0.1112, -0.0492
17:21:28, 9.10, 273, 14.51, 358.67, 5.60, -0.9907, 0.0053, -0.1267, -0.0499
17:21:28, 9.10, 273, 16.18, 358.62, 5.58, -0.9887, 0.0051, -0.1412, -0.0499
17:21:28, 9.13, 274, 17.88, 358.58, 5.54, -0.9865, 0.0047, -0.1558, -0.0497
17:21:28, 9.13, 274, 19.40, 358.53, 5.55, -0.9844, 0.0045, -0.1689, -0.0499
17:21:28, 9.17, 275, 20.88, 358.47, 5.52, -0.9821, 0.0044, -0.1816, -0.0498
17:21:28, 9.17, 275, 22.36, 358.51, 5.57, -0.9797, 0.0033, -0.1942, -0.0502
17:21:28, 9.20, 276, 23.71, 358.46, 5.48, -0.9773, 0.0033, -0.2058, -0.0495
17:21:28, 9.20, 276, 25.05, 358.34, 5.37, -0.9749, 0.0040, -0.2173, -0.0489
17:21:28, 9.20, 276, 26.25, 358.27, 5.29, -0.9726, 0.0042, -0.2274, -0.0483
17:21:28, 9.23, 277, 27.47, 358.23, 5.25, -0.9701, 0.0041, -0.2378, -0.0482
17:21:28, 9.23, 277, 28.59, 358.01, 5.24, -0.9677, 0.0055, -0.2474, -0.0486
17:21:28, 9.27, 278, 29.72, 357.91, 5.20, -0.9652, 0.0060, -0.2570, -0.0485
17:21:28, 9.27, 278, 30.86, 357.78, 5.19, -0.9626, 0.0066, -0.2666, -0.0488
17:21:28, 9.27, 278, 31.97, 357.65, 5.18, -0.9599, 0.0072, -0.2759, -0.0491
17:21:28, 9.30, 279, 33.10, 357.54, 5.08, -0.9571, 0.0079, -0.2854, -0.0486
17:21:28, 9.30, 279, 34.31, 357.37, 5.01, -0.9541, 0.0090, -0.2955, -0.0485
17:21:28, 9.33, 280, 35.57, 357.08, 4.87, -0.9507, 0.0113, -0.3061, -0.0482
17:21:28, 9.33, 280, 36.86, 356.79, 4.77, -0.9471, 0.0134, -0.3169, -0.0483
17:21:28, 9.37, 281, 38.17, 356.50, 4.75, -0.9434, 0.0153, -0.3277, -0.0492
17:21:28, 9.37, 281, 39.51, 356.26, 4.72, -0.9394, 0.0168, -0.3388, -0.0497
17:21:28, 9.37, 281, 40.74, 355.95, 4.66, -0.9356, 0.0189, -0.3489, -0.0504
17:21:28, 9.40, 282, 42.07, 355.71, 4.65, -0.9314, 0.0203, -0.3598, -0.0513
17:21:28, 9.40, 282, 43.32, 355.45, 4.59, -0.9273, 0.0221, -0.3700, -0.0519
17:21:28, 9.43, 283, 44.59, 355.20, 4.60, -0.9231, 0.0235, -0.3803, -0.0530
17:21:28, 9.43, 283, 45.74, 354.96, 4.61, -0.9191, 0.0249, -0.3896, -0.0541
17:21:29, 9.43, 283, 46.99, 354.62, 4.56, -0.9146, 0.0272, -0.3997, -0.0551
17:21:29, 9.47, 284, 48.18, 354.21, 4.56, -0.9102, 0.0298, -0.4092, -0.0569
17:21:29, 9.47, 284, 49.32, 353.74, 4.62, -0.9058, 0.0328, -0.4183, -0.0593
17:21:29, 9.50, 285, 50.38, 353.34, 4.60, -0.9016, 0.0355, -0.4267, -0.0610
17:21:29, 9.50, 285, 51.43, 352.85, 4.59, -0.8974, 0.0388, -0.4350, -0.0630
17:21:29, 9.53, 286, 52.49, 352.33, 4.59, -0.8930, 0.0423, -0.4432, -0.0654
17:21:29, 9.53, 286, 53.53, 351.77, 4.61, -0.8885, 0.0460, -0.4514, -0.0681
17:21:29, 9.53, 286, 54.55, 351.22, 4.58, -0.8841, 0.0497, -0.4592, -0.0705
17:21:29, 9.57, 287, 55.48, 350.73, 4.53, -0.8800, 0.0531, -0.4664, -0.0725
17:21:29, 9.57, 287, 56.37, 350.18, 4.52, -0.8759, 0.0569, -0.4732, -0.0750
17:21:29, 9.60, 288, 57.20, 349.79, 4.52, -0.8721, 0.0593, -0.4795, -0.0771
17:21:29, 9.60, 288, 58.02, 349.42, 4.45, -0.8684, 0.0619, -0.4856, -0.0785
17:21:29, 9.60, 288, 58.90, 349.13, 4.32, -0.8645, 0.0640, -0.4922, -0.0793
17:21:29, 9.63, 289, 59.73, 348.94, 4.22, -0.8608, 0.0652, -0.4984, -0.0797
17:21:29, 9.63, 289, 60.63, 348.68, 4.16, -0.8567, 0.0669, -0.5051, -0.0809
17:21:29, 9.67, 290, 61.47, 348.61, 4.07, -0.8530, 0.0671, -0.5113, -0.0811
17:21:29, 9.67, 290, 62.30, 348.50, 4.00, -0.8492, 0.0677, -0.5173, -0.0815
17:21:29, 9.70, 291, 63.12, 348.35, 3.90, -0.8454, 0.0687, -0.5233, -0.0819
17:21:29, 9.70, 291, 63.97, 348.26, 3.80, -0.8415, 0.0692, -0.5295, -0.0821
17:21:29, 9.70, 291, 64.83, 348.36, 3.64, -0.8377, 0.0686, -0.5357, -0.0810
17:21:29, 9.73, 292, 65.76, 348.32, 3.53, -0.8333, 0.0688, -0.5425, -0.0810
17:21:29, 9.73, 292, 66.72, 348.41, 3.45, -0.8289, 0.0679, -0.5494, -0.0805
17:21:29, 9.77, 293, 67.79, 348.60, 3.21, -0.8241, 0.0669, -0.5570, -0.0785
17:21:29, 9.77, 293, 68.95, 348.77, 2.96, -0.8187, 0.0661, -0.5653, -0.0766
17:21:29, 9.77, 293, 70.30, 349.10, 2.65, -0.8124, 0.0643, -0.5748, -0.0735
17:21:29, 9.80, 294, 71.80, 349.51, 2.20, -0.8055, 0.0629, -0.5852, -0.0691
17:21:29, 9.80, 294, 73.34, 349.97, 1.86, -0.7980, 0.0605, -0.5960, -0.0652
17:21:29, 9.83, 295, 74.90, 350.48, 1.54, -0.7904, 0.0577, -0.6068, -0.0611
17:21:29, 9.83, 295, 76.51, 351.03, 1.32, -0.7823, 0.0543, -0.6179, -0.0575
17:21:29, 9.87, 296, 78.06, 351.43, 1.18, -0.7741, 0.0516, -0.6285, -0.0550
17:21:29, 9.87, 296, 79.63, 351.87, 1.04, -0.7657, 0.0487, -0.6392, -0.0523
17:21:29, 9.87, 296, 81.13, 352.24, 0.97, -0.7575, 0.0459, -0.6492, -0.0504
17:21:29, 9.90, 297, 82.61, 352.57, 0.90, -0.7493, 0.0435, -0.6590, -0.0487
17:21:29, 9.90, 297, 84.04, 352.93, 0.87, -0.7412, 0.0407, -0.6684, -0.0469
17:21:29, 9.93, 298, 85.30, 353.33, 0.90, -0.7339, 0.0375, -0.6767, -0.0452
17:21:29, 9.93, 298, 86.54, 353.64, 0.96, -0.7267, 0.0347, -0.6847, -0.0442
17:21:29, 9.93, 298, 87.65, 354.01, 1.02, -0.7201, 0.0316, -0.6918, -0.0426
17:21:29, 9.97, 299, 88.59, 354.34, 1.14, -0.7145, 0.0284, -0.6978, -0.0415
17:21:29, 9.97, 299, 89.48, 354.73, 1.20, -0.7092, 0.0253, -0.7034, -0.0398
