Timestamp, VideoTime, VideoFrame, HeadYaw, HeadPitch, HeadRoll, HeadQuatW, HeadQuatX, HeadQuatY, HeadQuatZ
17:25:38, 0.00, 0, 101.80, 358.88, 0.40, -0.6306, 0.0034, -0.7761, -0.0098
17:25:38, 0.03, 1, 102.10, 358.92, 0.41, -0.6286, 0.0031, -0.7777, -0.0096
17:25:38, 0.03, 1, 102.45, 358.97, 0.42, -0.6262, 0.0028, -0.7796, -0.0093
17:25:38, 0.03, 1, 102.77, 359.03, 0.46, -0.6240, 0.0022, -0.7814, -0.0092
17:25:39, 0.07, 2, 103.10, 359.02, 0.51, -0.6218, 0.0018, -0.7832, -0.0094
17:25:39, 0.07, 2, 103.44, 359.05, 0.51, -0.6195, 0.0016, -0.7850, -0.0093
17:25:39, 0.07, 2, 103.76, 359.06, 0.60, -0.6172, 0.0010, -0.7867, -0.0097
17:25:39, 0.10, 3, 104.12, 359.09, 0.61, -0.6147, 0.0007, -0.7887, -0.0095
17:25:39, 0.10, 3, 104.43, 359.07, 0.63, -0.6126, 0.0006, -0.7903, -0.0098
17:25:39, 0.13, 4, 104.78, 359.09, 0.67, -0.6102, 0.0002, -0.7921, -0.0099
17:25:39, 0.13, 4, 105.14, 359.16, 0.68, -0.6077, -0.0002, -0.7941, -0.0095
17:25:39, 0.17, 5, 105.86, 359.21, 0.74, -0.6027, -0.0010, -0.7979, -0.0094
17:25:39, 0.17, 5, 106.18, 359.26, 0.73, -0.6005, -0.0012, -0.7996, -0.0090
17:25:39, 0.20, 6, 106.55, 359.30, 0.73, -0.5980, -0.0015, -0.8015, -0.0087
17:25:39, 0.20, 6, 106.85, 359.32, 0.76, -0.5959, -0.0018, -0.8030, -0.0087
17:25:39, 0.23, 7, 107.23, 359.38, 0.72, -0.5932, -0.0019, -0.8050, -0.0081
17:25:39, 0.23, 7, 107.56, 359.38, 0.76, -0.5909, -0.0021, -0.8067, -0.0083
17:25:39, 0.27, 8, 107.90, 359.39, 0.72, -0.5884, -0.0019, -0.8085, -0.0080
17:25:39, 0.27, 8, 108.20, 359.43, 0.81, -0.5863, -0.0028, -0.8100, -0.0082
17:25:39, 0.27, 8, 108.52, 359.42, 0.85, -0.5840, -0.0031, -0.8117, -0.0084
17:25:39, 0.30, 9, 108.80, 359.45, 0.82, -0.5821, -0.0030, -0.8131, -0.0081
17:25:39, 0.30, 9, 109.07, 359.42, 0.76, -0.5802, -0.0025, -0.8144, -0.0079
17:25:39, 0.33, 10, 109.29, 359.42, 0.78, -0.5786, -0.0026, -0.8156, -0.0081
17:25:39, 0.33, 10, 109.50, 359.45, 0.78, -0.5771, -0.0027, -0.8166, -0.0079
17:25:39, 0.33, 10, 109.73, 359.55, 0.81, -0.5754, -0.0035, -0.8178, -0.0073
17:25:39, 0.37, 11, 109.93, 359.54, 0.85, -0.5741, -0.0037, -0.8188, -0.0075
17:25:39, 0.37, 11, 110.14, 359.59, 0.85, -0.5726, -0.0040, -0.8198, -0.0072
17:25:39, 0.40, 12, 110.31, 359.63, 0.87, -0.5713, -0.0044, -0.8207, -0.0070
17:25:39, 0.40, 12, 110.49, 359.63, 0.87, -0.5700, -0.0044, -0.8216, -0.0070
17:25:39, 0.43, 13, 110.64, 359.66, 0.88, -0.5690, -0.0046, -0.8223, -0.0068
17:25:39, 0.43, 13, 110.78, 359.64, 0.87, -0.5679, -0.0045, -0.8230, -0.0069
17:25:39, 0.43, 13, 110.94, 359.60, 0.91, -0.5668, -0.0046, -0.8238, -0.0074
17:25:39, 0.47, 14, 111.09, 359.60, 0.94, -0.5657, -0.0048, -0.8245, -0.0075
17:25:39, 0.47, 14, 111.23, 359.57, 0.94, -0.5647, -0.0046, -0.8253, -0.0077
17:25:39, 0.50, 15, 111.38, 359.55, 0.98, -0.5636, -0.0048, -0.8260, -0.0080
17:25:39, 0.50, 15, 111.51, 359.54, 1.01, -0.5627, -0.0050, -0.8266, -0.0083
17:25:39, 0.50, 15, 111.65, 359.53, 0.98, -0.5616, -0.0047, -0.8273, -0.0082
17:25:39, 0.53, 16, 111.79, 359.50, 0.95, -0.5607, -0.0044, -0.8280, -0.0083
17:25:39, 0.53, 16, 111.93, 359.48, 0.96, -0.5597, -0.0044, -0.8287, -0.0085
17:25:39, 0.57, 17, 112.05, 359.44, 0.97, -0.5587, -0.0043, -0.8293, -0.0088
17:25:39, 0.57, 17, 112.17, 359.40, 0.98, -0.5579, -0.0042, -0.8299, -0.0091
17:25:39, 0.60, 18, 112.29, 359.40, 0.99, -0.5570, -0.0043, -0.8304, -0.0092
17:25:39, 0.60, 18, 112.40, 359.38, 1.00, -0.5562, -0.0042, -0.8310, -0.0094
17:25:39, 0.60, 18, 112.49, 359.35, 0.99, -0.5556, -0.0040, -0.8314, -0.0095
17:25:39, 0.63, 19, 112.61, 359.36, 0.97, -0.5547, -0.0039, -0.8320, -0.0094
17:25:39, 0.63, 19, 112.70, 359.31, 0.95, -0.5540, -0.0036, -0.8324, -0.0095
17:25:39, 0.67, 20, 112.80, 359.30, 0.90, -0.5533, -0.0032, -0.8329, -0.0094
17:25:39, 0.67, 20, 112.88, 359.26, 0.93, -0.5527, -0.0032, -0.8333, -0.0099
17:25:39, 0.67, 20, 112.99, 359.21, 0.94, -0.5519, -0.0030, -0.8338, -0.0103
17:25:39, 0.70, 21, 113.07, 359.16, 0.96, -0.5513, -0.0029, -0.8342, -0.0107
17:25:39, 0.70, 21, 113.14, 359.10, 0.96, -0.5508, -0.0026, -0.8346, -0.0112
17:25:39, 0.73, 22, 113.22, 359.02, 0.97, -0.5503, -0.0024, -0.8349, -0.0118
17:25:39, 0.73, 22, 113.26, 358.96, 0.96, -0.5499, -0.0020, -0.8351, -0.0122
17:25:39, 0.77, 23, 113.29, 358.90, 0.93, -0.5497, -0.0015, -0.8353, -0.0125
17:25:39, 0.77, 23, 113.32, 358.86, 0.91, -0.5495, -0.0011, -0.8354, -0.0126
17:25:39, 0.77, 23, 113.36, 358.79, 0.90, -0.5492, -0.0008, -0.8356, -0.0131
17:25:39, 0.80, 24, 113.39, 358.75, 0.94, -0.5489, -0.0009, -0.8357, -0.0136
17:25:39, 0.80, 24, 113.38, 358.72, 0.97, -0.5490, -0.0010, -0.8357, -0.0140
17:25:39, 0.83, 25, 113.40, 358.71, 0.94, -0.5489, -0.0007, -0.8358, -0.0139
17:25:39, 0.83, 25, 113.40, 358.64, 0.86, -0.5489, 0.0003, -0.8358, -0.0140
17:25:39, 0.83, 25, 113.42, 358.61, 0.85, -0.5488, 0.0005, -0.8358, -0.0142
17:25:39, 0.87, 26, 113.40, 358.59, 0.85, -0.5489, 0.0005, -0.8358, -0.0143
17:25:39, 0.87, 26, 113.40, 358.59, 0.85, -0.5489, 0.0005, -0.8358, -0.0143
17:25:39, 0.90, 27, 113.43, 358.54, 0.83, -0.5486, 0.0009, -0.8359, -0.0146
17:25:39, 0.90, 27, 113.46, 358.50, 0.82, -0.5484, 0.0012, -0.8361, -0.0149
17:25:39, 0.93, 28, 113.52, 358.46, 0.79, -0.5480, 0.0016, -0.8363, -0.0151
17:25:39, 0.93, 28, 113.57, 358.44, 0.78, -0.5476, 0.0018, -0.8366, -0.0151
17:25:39, 0.93, 28, 113.66, 358.39, 0.76, -0.5470, 0.0022, -0.8370, -0.0154
17:25:39, 0.97, 29, 113.73, 358.37, 0.74, -0.5465, 0.0024, -0.8373, -0.0155
17:25:39, 0.97, 29, 113.81, 358.32, 0.71, -0.5459, 0.0028, -0.8377, -0.0157
17:25:39, 1.00, 30, 113.91, 358.31, 0.64, -0.5451, 0.0033, -0.8382, -0.0155
17:25:39, 1.00, 30, 114.03, 358.26, 0.55, -0.5443, 0.0042, -0.8387, -0.0154
17:25:39, 1.00, 30, 114.14, 358.20, 0.48, -0.5435, 0.0051, -0.8393, -0.0155
17:25:39, 1.03, 31, 114.25, 358.12, 0.43, -0.5427, 0.0057, -0.8398, -0.0158
17:25:39, 1.03, 31, 114.37, 358.05, 0.40, -0.5418, 0.0063, -0.8403, -0.0161
17:25:40, 1.07, 32, 114.51, 358.00, 0.36, -0.5408, 0.0068, -0.8410, -0.0164
17:25:40, 1.07, 32, 114.64, 357.93, 0.36, -0.5398, 0.0071, -0.8416, -0.0169
17:25:40, 1.10, 33, 114.78, 357.87, 0.34, -0.5388, 0.0075, -0.8422, -0.0172
17:25:40, 1.10, 33, 114.97, 357.85, 0.29, -0.5374, 0.0080, -0.8431, -0.0172
17:25:40, 1.10, 33, 115.18, 357.86, 0.23, -0.5359, 0.0084, -0.8441, -0.0168
17:25:40, 1.13, 34, 115.38, 357.83, 0.15, -0.5344, 0.0090, -0.8450, -0.0167
17:25:40, 1.13, 34, 115.61, 357.80, 0.09, -0.5327, 0.0096, -0.8461, -0.0167
17:25:40, 1.17, 35, 115.82, 357.76, 0.07, -0.5311, 0.0098, -0.8471, -0.0169
17:25:40, 1.17, 35, 116.03, 357.73, 0.04, -0.5296, 0.0102, -0.8480, -0.0170
17:25:40, 1.17, 35, 116.23, 357.67, 0.04, -0.5281, 0.0104, -0.8489, -0.0175
17:25:40, 1.20, 36, 116.42, 357.59, 0.05, -0.5267, 0.0107, -0.8498, -0.0181
17:25:40, 1.20, 36, 116.62, 357.51, 0.09, -0.5252, 0.0108, -0.8507, -0.0189
17:25:40, 1.23, 37, 116.80, 357.41, 0.12, -0.5238, 0.0110, -0.8515, -0.0198
17:25:40, 1.23, 37, 116.99, 357.32, 0.15, -0.5224, 0.0111, -0.8524, -0.0206
17:25:40, 1.27, 38, 117.13, 357.21, 0.24, -0.5213, 0.0109, -0.8530, -0.0218
17:25:40, 1.27, 38, 117.32, 357.13, 0.31, -0.5199, 0.0107, -0.8538, -0.0228
17:25:40, 1.27, 38, 117.49, 357.05, 0.37, -0.5186, 0.0106, -0.8546, -0.0237
17:25:40, 1.30, 39, 117.68, 357.02, 0.45, -0.5172, 0.0101, -0.8555, -0.0243
17:25:40, 1.30, 39, 117.84, 356.97, 0.52, -0.5159, 0.0098, -0.8562, -0.0250
17:25:40, 1.33, 40, 118.01, 356.89, 0.68, -0.5146, 0.0089, -0.8570, -0.0263
17:25:40, 1.33, 40, 118.17, 356.76, 0.85, -0.5134, 0.0081, -0.8577, -0.0280
17:25:40, 1.33, 40, 118.35, 356.67, 0.92, -0.5120, 0.0080, -0.8585, -0.0291
17:25:40, 1.37, 41, 118.56, 356.56, 0.95, -0.5104, 0.0082, -0.8594, -0.0301
17:25:40, 1.37, 41, 118.83, 356.45, 0.96, -0.5083, 0.0086, -0.8606, -0.0309
17:25:40, 1.40, 42, 119.11, 356.34, 1.03, -0.5062, 0.0084, -0.8618, -0.0321
17:25:40, 1.40, 42, 119.43, 356.26, 1.05, -0.5037, 0.0086, -0.8632, -0.0328
17:25:40, 1.43, 43, 119.77, 356.20, 1.10, -0.5012, 0.0083, -0.8647, -0.0335
17:25:40, 1.43, 43, 120.17, 356.12, 1.20, -0.4981, 0.0078, -0.8664, -0.0346
17:25:40, 1.43, 43, 120.58, 356.06, 1.23, -0.4950, 0.0077, -0.8682, -0.0352
17:25:40, 1.47, 44, 121.00, 356.00, 1.31, -0.4918, 0.0073, -0.8700, -0.0360
17:25:40, 1.47, 44, 121.46, 355.99, 1.32, -0.4883, 0.0070, -0.8719, -0.0361
17:25:40, 1.50, 45, 121.94, 356.03, 1.32, -0.4846, 0.0067, -0.8740, -0.0359
17:25:40, 1.50, 45, 122.50, 356.00, 1.35, -0.4803, 0.0065, -0.8763, -0.0363
17:25:40, 1.50, 45, 123.02, 356.00, 1.39, -0.4763, 0.0060, -0.8785, -0.0365
17:25:40, 1.53, 46, 123.58, 355.94, 1.44, -0.4720, 0.0057, -0.8808, -0.0372
17:25:40, 1.53, 46, 124.18, 356.00, 1.53, -0.4673, 0.0046, -0.8833, -0.0371
17:25:40, 1.57, 47, 124.79, 356.02, 1.55, -0.4626, 0.0041, -0.8858, -0.0370
17:25:40, 1.57, 47, 125.51, 356.00, 1.48, -0.4570, 0.0045, -0.8887, -0.0369
17:25:40, 1.60, 48, 126.13, 355.96, 1.47, -0.4522, 0.0045, -0.8911, -0.0373
17:25:40, 1.60, 48, 126.86, 355.99, 1.48, -0.4466, 0.0041, -0.8940, -0.0370
17:25:40, 1.60, 48, 127.60, 355.97, 1.47, -0.4408, 0.0040, -0.8968, -0.0372
17:25:40, 1.63, 49, 128.33, 355.91, 1.53, -0.4350, 0.0035, -0.8996, -0.0380
17:25:40, 1.63, 49, 129.08, 355.82, 1.56, -0.4291, 0.0034, -0.9024, -0.0387
17:25:40, 1.67, 50, 129.83, 355.69, 1.53, -0.4231, 0.0039, -0.9052, -0.0397
17:25:40, 1.67, 50, 130.67, 355.58, 1.48, -0.4165, 0.0044, -0.9082, -0.0404
17:25:40, 1.67, 50, 131.42, 355.48, 1.47, -0.4105, 0.0045, -0.9109, -0.0412
17:25:40, 1.70, 51, 132.19, 355.47, 1.45, -0.4044, 0.0044, -0.9136, -0.0413
17:25:40, 1.70, 51, 132.95, 355.40, 1.41, -0.3983, 0.0048, -0.9163, -0.0417
17:25:40, 1.73, 52, 133.69, 355.41, 1.47, -0.3924, 0.0039, -0.9188, -0.0419
17:25:40, 1.73, 52, 134.41, 355.40, 1.52, -0.3866, 0.0033, -0.9213, -0.0421
17:25:40, 1.77, 53, 135.10, 355.33, 1.56, -0.3810, 0.0030, -0.9236, -0.0428
17:25:40, 1.77, 53, 135.79, 355.22, 1.55, -0.3754, 0.0032, -0.9258, -0.0437
17:25:40, 1.77, 53, 136.48, 355.11, 1.61, -0.3698, 0.0028, -0.9280, -0.0448
17:25:40, 1.80, 54, 137.17, 354.89, 1.66, -0.3641, 0.0028, -0.9302, -0.0468
17:25:40, 1.80, 54, 137.82, 354.73, 1.66, -0.3588, 0.0031, -0.9322, -0.0481
17:25:40, 1.83, 55, 138.52, 354.59, 1.69, -0.3530, 0.0030, -0.9343, -0.0494
17:25:40, 1.83, 55, 139.18, 354.40, 1.69, -0.3476, 0.0033, -0.9363, -0.0509
17:25:40, 1.83, 55, 139.83, 354.23, 1.70, -0.3422, 0.0034, -0.9382, -0.0524
17:25:40, 1.87, 56, 140.54, 354.09, 1.66, -0.3364, 0.0038, -0.9402, -0.0534
17:25:40, 1.87, 56, 141.22, 353.93, 1.58, -0.3308, 0.0046, -0.9421, -0.0545
17:25:40, 1.90, 57, 141.93, 353.78, 1.64, -0.3249, 0.0042, -0.9441, -0.0559
17:25:40, 1.90, 57, 142.58, 353.67, 1.68, -0.3195, 0.0038, -0.9459, -0.0570
17:25:40, 1.93, 58, 143.26, 353.56, 1.71, -0.3138, 0.0035, -0.9477, -0.0580
17:25:40, 1.93, 58, 143.90, 353.42, 1.78, -0.3085, 0.0030, -0.9494, -0.0593
17:25:40, 1.93, 58, 144.57, 353.30, 1.77, -0.3029, 0.0031, -0.9511, -0.0604
17:25:40, 1.97, 59, 145.22, 353.11, 1.76, -0.2974, 0.0034, -0.9527, -0.0619
17:25:40, 1.97, 59, 145.83, 353.04, 1.68, -0.2924, 0.0039, -0.9543, -0.0623
17:25:40, 2.00, 60, 146.38, 352.97, 1.61, -0.2878, 0.0043, -0.9556, -0.0627
17:25:40, 2.00, 60, 146.88, 352.92, 1.54, -0.2836, 0.0048, -0.9569, -0.0630
17:25:40, 2.03, 61, 147.34, 352.88, 1.49, -0.2798, 0.0050, -0.9580, -0.0632
17:25:40, 2.03, 61, 147.83, 352.92, 1.45, -0.2757, 0.0050, -0.9592, -0.0629
17:25:40, 2.03, 61, 148.20, 352.87, 1.51, -0.2726, 0.0044, -0.9600, -0.0634
17:25:41, 2.07, 62, 148.55, 352.89, 1.48, -0.2697, 0.0044, -0.9609, -0.0632
17:25:41, 2.07, 62, 148.88, 352.87, 1.44, -0.2670, 0.0046, -0.9616, -0.0633
17:25:41, 2.10, 63, 149.21, 352.92, 1.38, -0.2642, 0.0048, -0.9624, -0.0627
17:25:41, 2.10, 63, 149.52, 352.93, 1.27, -0.2617, 0.0055, -0.9631, -0.0624
17:25:41, 2.10, 63, 149.80, 352.86, 1.24, -0.2593, 0.0058, -0.9637, -0.0629
17:25:41, 2.13, 64, 150.13, 352.87, 1.19, -0.2566, 0.0060, -0.9645, -0.0628
17:25:41, 2.13, 64, 150.41, 352.85, 1.13, -0.2543, 0.0064, -0.9651, -0.0628
17:25:41, 2.17, 65, 150.70, 352.81, 1.13, -0.2518, 0.0063, -0.9657, -0.0632
17:25:41, 2.17, 65, 150.98, 352.70, 1.10, -0.2494, 0.0067, -0.9663, -0.0640
17:25:41, 2.17, 65, 151.30, 352.64, 1.09, -0.2467, 0.0067, -0.9669, -0.0645
17:25:41, 2.20, 66, 151.59, 352.53, 1.08, -0.2443, 0.0069, -0.9675, -0.0654
17:25:41, 2.20, 66, 151.94, 352.44, 1.09, -0.2413, 0.0068, -0.9682, -0.0662
17:25:41, 2.23, 67, 152.21, 352.30, 1.14, -0.2390, 0.0065, -0.9687, -0.0675
17:25:41, 2.23, 67, 152.48, 352.08, 1.15, -0.2366, 0.0067, -0.9691, -0.0695
17:25:41, 2.27, 68, 152.74, 351.78, 1.15, -0.2343, 0.0072, -0.9695, -0.0720
17:25:41, 2.27, 68, 153.00, 351.49, 1.08, -0.2321, 0.0082, -0.9698, -0.0744
17:25:41, 2.27, 68, 153.19, 351.21, 1.03, -0.2305, 0.0091, -0.9700, -0.0766
17:25:41, 2.30, 69, 153.42, 350.99, 0.94, -0.2285, 0.0101, -0.9703, -0.0783
17:25:41, 2.30, 69, 153.64, 350.77, 0.82, -0.2267, 0.0114, -0.9706, -0.0799
17:25:41, 2.33, 70, 153.85, 350.63, 0.67, -0.2250, 0.0128, -0.9709, -0.0809
17:25:41, 2.33, 70, 154.05, 350.52, 0.63, -0.2233, 0.0132, -0.9712, -0.0818
17:25:41, 2.33, 70, 154.21, 350.40, 0.54, -0.2220, 0.0141, -0.9714, -0.0827
17:25:41, 2.37, 71, 154.41, 350.34, 0.43, -0.2204, 0.0150, -0.9718, -0.0830
17:25:41, 2.37, 71, 154.56, 350.24, 0.28, -0.2192, 0.0163, -0.9720, -0.0835
17:25:41, 2.40, 72, 154.72, 350.19, 0.19, -0.2179, 0.0171, -0.9722, -0.0838
17:25:41, 2.40, 72, 154.86, 350.24, 0.14, -0.2167, 0.0173, -0.9725, -0.0833
17:25:41, 2.43, 73, 154.97, 350.35, 0.14, -0.2158, 0.0171, -0.9728, -0.0823
17:25:41, 2.43, 73, 155.08, 350.40, 0.16, -0.2148, 0.0167, -0.9731, -0.0820
17:25:41, 2.43, 73, 155.20, 350.36, 0.18, -0.2138, 0.0165, -0.9732, -0.0824
17:25:41, 2.47, 74, 155.31, 350.28, 0.22, -0.2129, 0.0162, -0.9734, -0.0831
17:25:41, 2.47, 74, 155.42, 350.25, 0.24, -0.2119, 0.0161, -0.9736, -0.0835
17:25:41, 2.50, 75, 155.53, 350.18, 0.24, -0.2110, 0.0161, -0.9737, -0.0841
17:25:41, 2.50, 75, 155.68, 350.07, 0.25, -0.2097, 0.0161, -0.9739, -0.0850
17:25:41, 2.50, 75, 155.81, 349.96, 0.25, -0.2085, 0.0163, -0.9741, -0.0860
17:25:41, 2.53, 76, 155.98, 349.81, 0.26, -0.2071, 0.0163, -0.9743, -0.0873
17:25:41, 2.53, 76, 156.11, 349.68, 0.29, -0.2059, 0.0162, -0.9744, -0.0885
17:25:41, 2.57, 77, 156.21, 349.57, 0.34, -0.2050, 0.0159, -0.9745, -0.0895
17:25:41, 2.57, 77, 156.33, 349.50, 0.36, -0.2039, 0.0157, -0.9747, -0.0902
17:25:41, 2.60, 78, 156.47, 349.42, 0.33, -0.2027, 0.0159, -0.9749, -0.0908
17:25:41, 2.60, 78, 156.61, 349.42, 0.32, -0.2016, 0.0160, -0.9751, -0.0908
17:25:41, 2.60, 78, 156.76, 349.43, 0.28, -0.2004, 0.0162, -0.9754, -0.0907
17:25:41, 2.63, 79, 156.88, 349.47, 0.27, -0.1993, 0.0161, -0.9756, -0.0904
17:25:41, 2.63, 79, 157.02, 349.48, 0.25, -0.1981, 0.0162, -0.9759, -0.0903
17:25:41, 2.67, 80, 157.19, 349.56, 0.17, -0.1968, 0.0166, -0.9762, -0.0894
17:25:41, 2.67, 80, 157.40, 349.66, 0.04, -0.1951, 0.0173, -0.9766, -0.0885
17:25:41, 2.67, 80, 157.63, 349.72, 359.92, -0.1933, 0.0180, -0.9770, -0.0878
17:25:41, 2.70, 81, 157.89, 349.75, 359.86, -0.1911, 0.0184, -0.9775, -0.0875
17:25:41, 2.70, 81, 158.18, 349.71, 359.78, -0.1887, 0.0189, -0.9779, -0.0876
17:25:41, 2.73, 82, 158.50, 349.66, 359.69, -0.1860, 0.0194, -0.9784, -0.0880
17:25:41, 2.73, 82, 158.86, 349.66, 359.62, -0.1830, 0.0198, -0.9790, -0.0880
17:25:41, 2.77, 83, 159.27, 349.64, 359.44, -0.1796, 0.0210, -0.9796, -0.0880
17:25:41, 2.77, 83, 159.71, 349.61, 359.30, -0.1759, 0.0219, -0.9802, -0.0880
17:25:41, 2.77, 83, 160.18, 349.59, 359.22, -0.1720, 0.0223, -0.9809, -0.0882
17:25:41, 2.80, 84, 160.66, 349.56, 359.06, -0.1680, 0.0233, -0.9815, -0.0883
17:25:41, 2.80, 84, 161.12, 349.56, 358.94, -0.1642, 0.0240, -0.9822, -0.0883
17:25:41, 2.83, 85, 161.61, 349.58, 358.89, -0.1600, 0.0240, -0.9829, -0.0881
17:25:41, 2.83, 85, 162.07, 349.55, 358.78, -0.1561, 0.0247, -0.9835, -0.0883
17:25:41, 2.83, 85, 162.51, 349.58, 358.75, -0.1524, 0.0245, -0.9841, -0.0881
17:25:41, 2.87, 86, 163.03, 349.65, 358.67, -0.1480, 0.0247, -0.9848, -0.0875
17:25:41, 2.87, 86, 163.51, 349.64, 358.53, -0.1439, 0.0256, -0.9854, -0.0875
17:25:41, 2.90, 87, 164.00, 349.58, 358.41, -0.1399, 0.0263, -0.9859, -0.0880
17:25:41, 2.90, 87, 164.48, 349.56, 358.35, -0.1357, 0.0265, -0.9865, -0.0882
17:25:41, 2.93, 88, 164.97, 349.56, 358.40, -0.1315, 0.0257, -0.9870, -0.0884
17:25:41, 2.93, 88, 165.41, 349.48, 358.38, -0.1278, 0.0256, -0.9875, -0.0892
17:25:41, 2.93, 88, 165.84, 349.47, 358.51, -0.1239, 0.0242, -0.9880, -0.0895
17:25:41, 2.97, 89, 166.30, 349.44, 358.55, -0.1199, 0.0235, -0.9884, -0.0899
17:25:41, 2.97, 89, 166.76, 349.47, 358.60, -0.1159, 0.0227, -0.9889, -0.0897
17:25:41, 3.00, 90, 167.25, 349.36, 358.66, -0.1117, 0.0219, -0.9893, -0.0908
17:25:41, 3.00, 90, 167.76, 349.31, 358.73, -0.1071, 0.0209, -0.9898, -0.0915
17:25:41, 3.03, 91, 168.30, 349.16, 358.75, -0.1025, 0.0204, -0.9902, -0.0929
17:25:41, 3.03, 91, 168.85, 349.10, 358.84, -0.0977, 0.0193, -0.9906, -0.0936
17:25:41, 3.03, 91, 169.41, 349.01, 358.83, -0.0929, 0.0189, -0.9910, -0.0944
17:25:42, 3.07, 92, 170.02, 348.96, 358.81, -0.0876, 0.0187, -0.9914, -0.0949
17:25:42, 3.07, 92, 170.62, 348.89, 358.88, -0.0823, 0.0176, -0.9919, -0.0956
17:25:42, 3.10, 93, 171.26, 348.86, 358.87, -0.0768, 0.0172, -0.9923, -0.0960
17:25:42, 3.10, 93, 171.91, 348.83, 358.94, -0.0711, 0.0160, -0.9927, -0.0964
17:25:42, 3.10, 93, 172.57, 348.80, 358.97, -0.0654, 0.0153, -0.9930, -0.0968
17:25:42, 3.13, 94, 173.20, 348.75, 359.01, -0.0599, 0.0144, -0.9933, -0.0973
17:25:42, 3.13, 94, 173.87, 348.80, 359.09, -0.0539, 0.0131, -0.9937, -0.0970
17:25:42, 3.17, 95, 174.56, 348.84, 359.12, -0.0480, 0.0122, -0.9941, -0.0968
17:25:42, 3.17, 95, 175.27, 348.82, 359.19, -0.0417, 0.0111, -0.9943, -0.0970
17:25:42, 3.20, 96, 176.01, 348.87, 359.26, -0.0353, 0.0098, -0.9946, -0.0967
17:25:42, 3.20, 96, 176.78, 348.90, 359.30, -0.0286, 0.0088, -0.9949, -0.0965
17:25:42, 3.20, 96, 177.54, 348.90, 359.37, -0.0219, 0.0076, -0.9951, -0.0966
17:25:42, 3.23, 97, 178.28, 348.99, 359.40, -0.0154, 0.0067, -0.9953, -0.0958
17:25:42, 3.23, 97, 179.15, 348.98, 359.42, -0.0079, 0.0058, -0.9953, -0.0960
17:25:42, 3.27, 98, 180.01, 348.96, 359.42, -0.0004, 0.0051, -0.9954, -0.0962
17:25:42, 3.27, 98, 180.86, 348.94, 359.45, 0.0070, 0.0041, -0.9953, -0.0964
17:25:42, 3.27, 98, 181.72, 348.98, 359.44, 0.0144, 0.0034, -0.9953, -0.0961
17:25:42, 3.30, 99, 182.57, 349.00, 359.46, 0.0219, 0.0025, -0.9951, -0.0959
17:25:42, 3.30, 99, 183.39, 349.15, 359.50, 0.0291, 0.0015, -0.9951, -0.0946
17:25:42, 3.33, 100, 184.27, 349.18, 359.54, 0.0367, 0.0004, -0.9949, -0.0944
17:25:42, 3.33, 100, 185.05, 349.17, 359.64, 0.0436, -0.0010, -0.9946, -0.0945
17:25:42, 3.37, 101, 185.84, 349.15, 359.69, 0.0505, -0.0021, -0.9942, -0.0946
17:25:42, 3.37, 101, 186.62, 349.16, 359.79, 0.0573, -0.0036, -0.9939, -0.0944
17:25:42, 3.37, 101, 187.40, 349.11, 359.78, 0.0641, -0.0042, -0.9934, -0.0948
17:25:42, 3.40, 102, 188.23, 349.07, 359.73, 0.0712, -0.0045, -0.9929, -0.0952
17:25:42, 3.40, 102, 189.09, 349.01, 359.63, 0.0786, -0.0044, -0.9923, -0.0957
17:25:42, 3.43, 103, 189.91, 348.97, 359.58, 0.0856, -0.0046, -0.9917, -0.0960
17:25:42, 3.43, 103, 190.72, 348.87, 359.56, 0.0926, -0.0052, -0.9910, -0.0970
17:25:42, 3.43, 103, 191.51, 348.76, 359.51, 0.0993, -0.0056, -0.9902, -0.0979
17:25:42, 3.47, 104, 192.33, 348.64, 359.42, 0.1063, -0.0056, -0.9894, -0.0989
17:25:42, 3.47, 104, 193.20, 348.49, 359.36, 0.1138, -0.0060, -0.9884, -0.1003
17:25:42, 3.50, 105, 194.01, 348.37, 359.33, 0.1208, -0.0066, -0.9875, -0.1013
17:25:42, 3.50, 105, 194.76, 348.26, 359.27, 0.1271, -0.0068, -0.9866, -0.1022
17:25:42, 3.50, 105, 195.58, 348.20, 359.16, 0.1340, -0.0067, -0.9856, -0.1028
17:25:42, 3.53, 106, 196.30, 348.08, 359.11, 0.1402, -0.0071, -0.9846, -0.1038
17:25:42, 3.53, 106, 196.92, 348.13, 359.06, 0.1455, -0.0071, -0.9839, -0.1035
17:25:42, 3.57, 107, 197.55, 348.08, 358.99, 0.1508, -0.0072, -0.9831, -0.1040
17:25:42, 3.57, 107, 198.19, 348.11, 358.96, 0.1563, -0.0074, -0.9822, -0.1037
17:25:42, 3.60, 108, 198.67, 348.17, 358.92, 0.1604, -0.0075, -0.9816, -0.1032
17:25:42, 3.60, 108, 199.09, 348.30, 358.94, 0.1641, -0.0078, -0.9811, -0.1020
17:25:42, 3.60, 108, 199.52, 348.34, 358.96, 0.1677, -0.0083, -0.9805, -0.1016
17:25:42, 3.63, 109, 199.90, 348.46, 358.90, 0.1710, -0.0080, -0.9801, -0.1007
17:25:42, 3.63, 109, 200.26, 348.59, 358.90, 0.1740, -0.0081, -0.9797, -0.0995
17:25:42, 3.67, 110, 200.69, 348.77, 358.84, 0.1778, -0.0077, -0.9791, -0.0980
17:25:42, 3.67, 110, 201.11, 348.83, 358.82, 0.1813, -0.0077, -0.9785, -0.0976
17:25:42, 3.70, 111, 201.50, 349.02, 358.83, 0.1847, -0.0078, -0.9781, -0.0959
17:25:42, 3.70, 111, 201.89, 349.16, 358.83, 0.1880, -0.0080, -0.9776, -0.0947
17:25:42, 3.70, 111, 202.28, 349.25, 358.75, 0.1914, -0.0074, -0.9770, -0.0940
17:25:42, 3.73, 112, 202.70, 349.31, 358.78, 0.1950, -0.0079, -0.9763, -0.0934
17:25:42, 3.73, 112, 203.11, 349.33, 358.74, 0.1985, -0.0079, -0.9756, -0.0932
17:25:42, 3.77, 113, 203.53, 349.42, 358.75, 0.2020, -0.0081, -0.9750, -0.0925
17:25:42, 3.77, 113, 203.92, 349.42, 358.75, 0.2054, -0.0085, -0.9743, -0.0924
17:25:42, 3.77, 113, 204.34, 349.44, 358.74, 0.2089, -0.0087, -0.9735, -0.0923
17:25:42, 3.80, 114, 204.80, 349.40, 358.74, 0.2128, -0.0091, -0.9727, -0.0926
17:25:42, 3.80, 114, 205.20, 349.38, 358.82, 0.2163, -0.0101, -0.9719, -0.0925
17:25:42, 3.83, 115, 205.63, 349.36, 358.89, 0.2199, -0.0112, -0.9711, -0.0926
17:25:42, 3.83, 115, 206.00, 349.31, 358.83, 0.2231, -0.0110, -0.9703, -0.0930
17:25:42, 3.87, 116, 206.37, 349.25, 358.95, 0.2263, -0.0125, -0.9695, -0.0933
17:25:42, 3.87, 116, 206.77, 349.23, 359.00, 0.2296, -0.0133, -0.9687, -0.0933
17:25:42, 3.87, 116, 207.13, 349.25, 359.07, 0.2327, -0.0141, -0.9680, -0.0930
17:25:42, 3.90, 117, 207.54, 349.20, 358.97, 0.2362, -0.0137, -0.9671, -0.0936
17:25:42, 3.90, 117, 207.92, 349.21, 358.97, 0.2394, -0.0140, -0.9663, -0.0934
17:25:42, 3.93, 118, 208.34, 349.29, 358.98, 0.2429, -0.0142, -0.9655, -0.0927
17:25:42, 3.93, 118, 208.70, 349.36, 358.99, 0.2460, -0.0144, -0.9648, -0.0920
17:25:42, 3.93, 118, 209.15, 349.41, 358.99, 0.2498, -0.0147, -0.9639, -0.0915
17:25:42, 3.97, 119, 209.59, 349.52, 358.99, 0.2535, -0.0149, -0.9630, -0.0905
17:25:42, 3.97, 119, 209.98, 349.53, 358.98, 0.2568, -0.0150, -0.9621, -0.0904
17:25:42, 4.00, 120, 210.48, 349.63, 358.93, 0.2610, -0.0148, -0.9611, -0.0897
17:25:42, 4.00, 120, 210.94, 349.66, 358.85, 0.2648, -0.0144, -0.9600, -0.0895
17:25:42, 4.03, 121, 211.45, 349.67, 358.76, 0.2690, -0.0140, -0.9589, -0.0896
17:25:42, 4.03, 121, 211.89, 349.69, 358.73, 0.2726, -0.0141, -0.9579, -0.0894
17:25:42, 4.03, 121, 212.43, 349.66, 358.66, 0.2771, -0.0140, -0.9565, -0.0898
17:25:43, 4.07, 122, 212.95, 349.69, 358.62, 0.2814, -0.0140, -0.9553, -0.0895
17:25:43, 4.07, 122, 213.47, 349.71, 358.61, 0.2857, -0.0142, -0.9540, -0.0894
17:25:43, 4.10, 123, 213.97, 349.70, 358.64, 0.2899, -0.0149, -0.9528, -0.0893
17:25:43, 4.10, 123, 214.52, 349.80, 358.57, 0.2944, -0.0145, -0.9515, -0.0886
17:25:43, 4.10, 123, 214.98, 349.76, 358.52, 0.2982, -0.0146, -0.9502, -0.0890
17:25:43, 4.13, 124, 215.48, 349.84, 358.51, 0.3023, -0.0146, -0.9490, -0.0883
17:25:43, 4.13, 124, 215.95, 349.86, 358.50, 0.3063, -0.0149, -0.9477, -0.0880
17:25:43, 4.17, 125, 216.38, 349.92, 358.52, 0.3098, -0.0152, -0.9466, -0.0875
17:25:43, 4.17, 125, 216.80, 349.91, 358.50, 0.3133, -0.0154, -0.9455, -0.0875
17:25:43, 4.20, 126, 217.16, 350.00, 358.57, 0.3164, -0.0160, -0.9445, -0.0866
17:25:43, 4.20, 126, 217.52, 350.03, 358.64, 0.3194, -0.0167, -0.9436, -0.0860
17:25:43, 4.20, 126, 217.84, 350.15, 358.68, 0.3221, -0.0170, -0.9427, -0.0849
17:25:43, 4.23, 127, 218.20, 350.22, 358.72, 0.3251, -0.0174, -0.9418, -0.0841
17:25:43, 4.23, 127, 218.52, 350.21, 358.80, 0.3278, -0.0183, -0.9408, -0.0840
17:25:43, 4.27, 128, 218.85, 350.26, 358.93, 0.3306, -0.0195, -0.9399, -0.0832
17:25:43, 4.27, 128, 219.21, 350.31, 359.01, 0.3336, -0.0202, -0.9389, -0.0825
17:25:43, 4.27, 128, 219.54, 350.33, 359.08, 0.3364, -0.0210, -0.9379, -0.0820
17:25:43, 4.30, 129, 219.91, 350.39, 359.20, 0.3395, -0.0221, -0.9368, -0.0811
17:25:43, 4.30, 129, 220.32, 350.37, 359.33, 0.3429, -0.0235, -0.9356, -0.0808
17:25:43, 4.33, 130, 220.72, 350.35, 359.44, 0.3463, -0.0247, -0.9343, -0.0805
17:25:43, 4.33, 130, 221.08, 350.29, 359.53, 0.3493, -0.0259, -0.9332, -0.0807
17:25:43, 4.37, 131, 221.54, 350.24, 359.66, 0.3531, -0.0274, -0.9317, -0.0806
17:25:43, 4.37, 131, 221.95, 350.16, 359.69, 0.3565, -0.0282, -0.9304, -0.0811
17:25:43, 4.37, 131, 222.44, 350.06, 359.76, 0.3604, -0.0294, -0.9288, -0.0815
17:25:43, 4.40, 132, 222.82, 350.05, 359.86, 0.3636, -0.0305, -0.9275, -0.0811
17:25:43, 4.40, 132, 223.30, 349.97, 359.89, 0.3674, -0.0314, -0.9259, -0.0816
17:25:43, 4.43, 133, 223.75, 349.89, 359.87, 0.3711, -0.0318, -0.9244, -0.0822
17:25:43, 4.43, 133, 224.22, 349.79, 359.85, 0.3748, -0.0322, -0.9228, -0.0830
17:25:43, 4.43, 133, 224.72, 349.77, 359.88, 0.3788, -0.0329, -0.9212, -0.0829
17:25:43, 4.47, 134, 225.16, 349.78, 359.89, 0.3823, -0.0333, -0.9197, -0.0826
17:25:43, 4.47, 134, 225.65, 349.82, 359.94, 0.3863, -0.0339, -0.9181, -0.0820
17:25:43, 4.50, 135, 226.15, 349.85, 359.93, 0.3904, -0.0341, -0.9164, -0.0816
17:25:43, 4.50, 135, 226.62, 349.99, 359.94, 0.3941, -0.0340, -0.9149, -0.0803
17:25:43, 4.50, 135, 227.09, 350.01, -0.01, 0.3979, -0.0348, -0.9133, -0.0799
17:25:43, 4.53, 136, 227.59, 350.05, 0.01, 0.4019, -0.0350, -0.9115, -0.0793
17:25:43, 4.53, 136, 228.06, 350.04, 0.02, 0.4057, -0.0355, -0.9099, -0.0792
17:25:43, 4.57, 137, 228.55, 350.04, 359.96, 0.4095, -0.0354, -0.9082, -0.0793
17:25:43, 4.57, 137, 229.04, 350.02, 359.87, 0.4134, -0.0351, -0.9064, -0.0796
17:25:43, 4.60, 138, 229.53, 349.99, 359.78, 0.4171, -0.0348, -0.9046, -0.0800
17:25:43, 4.60, 138, 230.04, 350.01, 359.65, 0.4211, -0.0341, -0.9028, -0.0802
17:25:43, 4.60, 138, 230.52, 349.97, 359.56, 0.4248, -0.0339, -0.9011, -0.0806
17:25:43, 4.63, 139, 230.96, 349.97, 359.50, 0.4282, -0.0337, -0.8994, -0.0808
17:25:43, 4.63, 139, 231.37, 349.91, 359.38, 0.4313, -0.0332, -0.8979, -0.0816
17:25:43, 4.67, 140, 231.76, 349.83, 359.31, 0.4343, -0.0333, -0.8964, -0.0823
17:25:43, 4.67, 140, 232.02, 349.76, 359.26, 0.4363, -0.0334, -0.8954, -0.0830
17:25:43, 4.70, 141, 232.30, 349.70, 359.16, 0.4383, -0.0331, -0.8943, -0.0838
17:25:43, 4.70, 141, 232.51, 349.65, 359.14, 0.4399, -0.0332, -0.8935, -0.0842
17:25:43, 4.70, 141, 232.63, 349.61, 359.12, 0.4408, -0.0333, -0.8930, -0.0846
17:25:43, 4.73, 142, 232.71, 349.56, 359.10, 0.4415, -0.0334, -0.8926, -0.0850
17:25:43, 4.73, 142, 232.77, 349.49, 359.08, 0.4419, -0.0335, -0.8924, -0.0856
17:25:43, 4.77, 143, 232.79, 349.47, 359.07, 0.4420, -0.0336, -0.8923, -0.0857
17:25:43, 4.77, 143, 232.82, 349.51, 359.06, 0.4422, -0.0334, -0.8922, -0.0855
17:25:43, 4.77, 143, 232.83, 349.55, 359.07, 0.4423, -0.0333, -0.8922, -0.0852
17:25:43, 4.80, 144, 232.87, 349.60, 359.08, 0.4427, -0.0332, -0.8920, -0.0847
17:25:43, 4.80, 144, 232.90, 349.68, 359.04, 0.4429, -0.0326, -0.8920, -0.0842
17:25:43, 4.83, 145, 232.97, 349.76, 358.98, 0.4435, -0.0318, -0.8918, -0.0838
17:25:43, 4.83, 145, 233.04, 349.83, 358.94, 0.4440, -0.0313, -0.8916, -0.0834
17:25:43, 4.87, 146, 233.09, 349.95, 358.92, 0.4444, -0.0307, -0.8915, -0.0825
17:25:43, 4.87, 146, 233.15, 350.02, 358.91, 0.4449, -0.0304, -0.8913, -0.0820
17:25:43, 4.87, 146, 233.20, 350.11, 358.90, 0.4453, -0.0300, -0.8912, -0.0813
17:25:43, 4.90, 147, 233.24, 350.21, 358.84, 0.4456, -0.0292, -0.8911, -0.0808
17:25:43, 4.90, 147, 233.25, 350.28, 358.82, 0.4457, -0.0288, -0.8911, -0.0803
17:25:43, 4.93, 148, 233.25, 350.39, 358.88, 0.4458, -0.0289, -0.8911, -0.0792
17:25:43, 4.93, 148, 233.23, 350.48, 358.93, 0.4457, -0.0288, -0.8913, -0.0784
17:25:43, 4.93, 148, 233.22, 350.51, 358.89, 0.4456, -0.0284, -0.8913, -0.0782
17:25:43, 4.97, 149, 233.19, 350.52, 358.87, 0.4454, -0.0282, -0.8915, -0.0783
17:25:43, 4.97, 149, 233.17, 350.51, 358.85, 0.4453, -0.0281, -0.8915, -0.0784
17:25:43, 5.00, 150, 233.13, 350.52, 358.85, 0.4450, -0.0280, -0.8917, -0.0784
17:25:43, 5.00, 150, 233.08, 350.48, 358.86, 0.4445, -0.0282, -0.8919, -0.0786
17:25:43, 5.03, 151, 233.02, 350.43, 358.85, 0.4441, -0.0283, -0.8921, -0.0791
17:25:43, 5.03, 151, 232.95, 350.39, 358.83, 0.4434, -0.0282, -0.8923, -0.0795
17:25:43, 5.03, 151, 232.88, 350.34, 358.83, 0.4429, -0.0284, -0.8926, -0.0799
17:25:44, 5.07, 152, 232.79, 350.29, 358.84, 0.4421, -0.0286, -0.8929, -0.0803
17:25:44, 5.07, 152, 232.68, 350.26, 358.87, 0.4413, -0.0288, -0.8933, -0.0805
17:25:44, 5.10, 153, 232.55, 350.21, 358.88, 0.4403, -0.0291, -0.8937, -0.0808
17:25:44, 5.10, 153, 232.43, 350.20, 358.91, 0.4394, -0.0292, -0.8942, -0.0808
17:25:44, 5.10, 153, 232.26, 350.15, 358.92, 0.4380, -0.0294, -0.8948, -0.0812
17:25:44, 5.13, 154, 232.08, 350.10, 358.94, 0.4367, -0.0296, -0.8954, -0.0816
17:25:44, 5.13, 154, 231.88, 350.05, 359.04, 0.4351, -0.0304, -0.8962, -0.0816
17:25:44, 5.17, 155, 231.64, 350.03, 359.13, 0.4333, -0.0311, -0.8970, -0.0815
17:25:44, 5.17, 155, 231.40, 350.01, 359.18, 0.4314, -0.0314, -0.8979, -0.0816
17:25:44, 5.17, 155, 231.16, 350.03, 359.25, 0.4296, -0.0316, -0.8988, -0.0812
17:25:44, 5.20, 156, 230.88, 350.04, 359.32, 0.4275, -0.0320, -0.8998, -0.0809
17:25:44, 5.20, 156, 230.60, 350.08, 359.38, 0.4253, -0.0321, -0.9009, -0.0805
17:25:44, 5.23, 157, 230.31, 350.14, 359.38, 0.4231, -0.0316, -0.9020, -0.0801
17:25:44, 5.23, 157, 230.01, 350.25, 359.40, 0.4208, -0.0312, -0.9032, -0.0792
17:25:44, 5.27, 158, 229.71, 350.37, 359.40, 0.4184, -0.0305, -0.9043, -0.0784
17:25:44, 5.27, 158, 229.37, 350.44, 359.43, 0.4158, -0.0303, -0.9056, -0.0778
17:25:44, 5.27, 158, 229.01, 350.51, 359.46, 0.4130, -0.0300, -0.9069, -0.0772
17:25:44, 5.30, 159, 228.65, 350.54, 359.48, 0.4102, -0.0299, -0.9083, -0.0770
17:25:44, 5.30, 159, 228.27, 350.54, 359.46, 0.4071, -0.0294, -0.9096, -0.0772
17:25:44, 5.33, 160, 227.90, 350.54, 359.44, 0.4042, -0.0291, -0.9110, -0.0774
17:25:44, 5.33, 160, 227.53, 350.54, 359.43, 0.4012, -0.0287, -0.9123, -0.0775
17:25:44, 5.33, 160, 227.12, 350.52, 359.38, 0.3979, -0.0280, -0.9137, -0.0779
17:25:44, 5.37, 161, 226.72, 350.51, 359.42, 0.3947, -0.0281, -0.9151, -0.0780
17:25:44, 5.37, 161, 226.29, 350.48, 359.45, 0.3913, -0.0282, -0.9165, -0.0782
17:25:44, 5.40, 162, 225.88, 350.47, 359.51, 0.3881, -0.0284, -0.9179, -0.0781
17:25:44, 5.40, 162, 225.38, 350.46, 359.55, 0.3841, -0.0285, -0.9195, -0.0782
17:25:44, 5.43, 163, 224.92, 350.49, 359.60, 0.3805, -0.0284, -0.9211, -0.0779
17:25:44, 5.43, 163, 224.43, 350.42, 359.67, 0.3765, -0.0289, -0.9226, -0.0784
17:25:44, 5.43, 163, 223.94, 350.43, 359.72, 0.3726, -0.0290, -0.9242, -0.0783
17:25:44, 5.47, 164, 223.41, 350.37, 359.77, 0.3684, -0.0292, -0.9259, -0.0787
17:25:44, 5.47, 164, 222.88, 350.36, 359.73, 0.3640, -0.0286, -0.9276, -0.0791
17:25:44, 5.50, 165, 222.34, 350.34, 359.77, 0.3597, -0.0286, -0.9292, -0.0793
17:25:44, 5.50, 165, 221.79, 350.34, 359.82, 0.3553, -0.0286, -0.9310, -0.0792
17:25:44, 5.50, 165, 221.16, 350.42, 359.89, 0.3502, -0.0285, -0.9329, -0.0785
17:25:44, 5.53, 166, 220.58, 350.47, 359.92, 0.3456, -0.0282, -0.9347, -0.0781
17:25:44, 5.53, 166, 220.00, 350.55, 359.95, 0.3408, -0.0278, -0.9365, -0.0776
17:25:44, 5.57, 167, 219.44, 350.61, 359.99, 0.3363, -0.0276, -0.9382, -0.0771
17:25:44, 5.57, 167, 218.84, 350.67, 359.97, 0.3314, -0.0268, -0.9400, -0.0768
17:25:44, 5.60, 168, 218.20, 350.76, 0.01, 0.3262, -0.0264, -0.9419, -0.0761
17:25:44, 5.60, 168, 217.60, 350.75, 0.01, 0.3212, -0.0260, -0.9436, -0.0763
17:25:44, 5.60, 168, 216.90, 350.86, 0.01, 0.3155, -0.0253, -0.9456, -0.0755
17:25:44, 5.63, 169, 216.19, 350.93, 0.02, 0.3097, -0.0248, -0.9476, -0.0751
17:25:44, 5.63, 169, 215.51, 351.06, 0.01, 0.3040, -0.0238, -0.9495, -0.0742
17:25:44, 5.67, 170, 214.76, 351.20, 0.04, 0.2979, -0.0233, -0.9515, -0.0731
17:25:44, 5.67, 170, 214.05, 351.26, 0.07, 0.2919, -0.0229, -0.9534, -0.0727
17:25:44, 5.67, 170, 213.23, 351.37, 0.14, 0.2852, -0.0227, -0.9555, -0.0718
17:25:44, 5.70, 171, 212.49, 351.49, 0.19, 0.2791, -0.0224, -0.9574, -0.0708
17:25:44, 5.70, 171, 211.65, 351.56, 0.23, 0.2721, -0.0220, -0.9595, -0.0703
17:25:44, 5.73, 172, 210.81, 351.62, 0.30, 0.2651, -0.0219, -0.9614, -0.0697
17:25:44, 5.73, 172, 209.94, 351.69, 0.38, 0.2578, -0.0219, -0.9635, -0.0691
17:25:44, 5.77, 173, 209.04, 351.77, 0.44, 0.2504, -0.0217, -0.9655, -0.0685
17:25:44, 5.77, 173, 208.16, 351.82, 0.47, 0.2429, -0.0213, -0.9674, -0.0682
17:25:44, 5.77, 173, 207.26, 351.95, 0.52, 0.2354, -0.0210, -0.9694, -0.0672
17:25:44, 5.80, 174, 206.35, 352.01, 0.58, 0.2277, -0.0208, -0.9712, -0.0667
17:25:44, 5.80, 174, 205.43, 352.06, 0.62, 0.2199, -0.0205, -0.9730, -0.0663
17:25:44, 5.83, 175, 204.54, 352.18, 0.70, 0.2124, -0.0204, -0.9748, -0.0653
17:25:44, 5.83, 175, 203.63, 352.26, 0.74, 0.2047, -0.0201, -0.9765, -0.0647
17:25:44, 5.83, 175, 202.71, 352.32, 0.75, 0.1969, -0.0196, -0.9781, -0.0643
17:25:44, 5.87, 176, 201.84, 352.40, 0.80, 0.1895, -0.0194, -0.9796, -0.0638
17:25:44, 5.87, 176, 200.99, 352.45, 0.79, 0.1822, -0.0187, -0.9810, -0.0635
17:25:44, 5.90, 177, 200.09, 352.52, 0.88, 0.1745, -0.0190, -0.9825, -0.0629
17:25:44, 5.90, 177, 199.28, 352.62, 0.93, 0.1676, -0.0187, -0.9837, -0.0621
17:25:44, 5.93, 178, 198.45, 352.68, 0.97, 0.1605, -0.0186, -0.9849, -0.0617
17:25:44, 5.93, 178, 197.63, 352.78, 0.99, 0.1535, -0.0182, -0.9861, -0.0609
17:25:44, 5.93, 178, 196.84, 352.88, 1.02, 0.1467, -0.0179, -0.9872, -0.0601
17:25:44, 5.97, 179, 196.04, 352.95, 1.04, 0.1398, -0.0175, -0.9882, -0.0596
17:25:44, 5.97, 179, 195.30, 353.00, 1.07, 0.1334, -0.0173, -0.9891, -0.0592
17:25:44, 6.00, 180, 194.55, 353.09, 1.11, 0.1270, -0.0172, -0.9900, -0.0586
17:25:44, 6.00, 180, 193.83, 353.13, 1.19, 0.1208, -0.0175, -0.9908, -0.0582
17:25:44, 6.00, 180, 193.12, 353.17, 1.22, 0.1147, -0.0173, -0.9916, -0.0580
17:25:44, 6.03, 181, 192.45, 353.12, 1.26, 0.1089, -0.0174, -0.9922, -0.0585
17:25:44, 6.03, 181, 191.80, 353.04, 1.29, 0.1032, -0.0174, -0.9927, -0.0592
17:25:45, 6.07, 182, 191.16, 352.98, 1.28, 0.0978, -0.0170, -0.9933, -0.0598
17:25:45, 6.07, 182, 190.59, 352.92, 1.29, 0.0928, -0.0169, -0.9937, -0.0604
17:25:45, 6.10, 183, 189.98, 352.82, 1.28, 0.0875, -0.0165, -0.9941, -0.0614
17:25:45, 6.10, 183, 189.45, 352.77, 1.23, 0.0829, -0.0159, -0.9945, -0.0619
17:25:45, 6.10, 183, 188.92, 352.77, 1.19, 0.0783, -0.0153, -0.9949, -0.0621
17:25:45, 6.13, 184, 188.47, 352.78, 1.13, 0.0743, -0.0145, -0.9952, -0.0620
17:25:45, 6.13, 184, 187.96, 352.84, 1.02, 0.0699, -0.0132, -0.9956, -0.0617
17:25:45, 6.17, 185, 187.55, 352.84, 0.93, 0.0663, -0.0122, -0.9958, -0.0618
17:25:45, 6.17, 185, 187.10, 352.95, 0.88, 0.0623, -0.0114, -0.9961, -0.0609
17:25:45, 6.17, 185, 186.65, 352.99, 0.78, 0.0583, -0.0103, -0.9964, -0.0607
17:25:45, 6.20, 186, 186.22, 353.05, 0.68, 0.0545, -0.0092, -0.9967, -0.0602
17:25:45, 6.20, 186, 185.84, 353.16, 0.60, 0.0512, -0.0082, -0.9969, -0.0593
17:25:45, 6.23, 187, 185.43, 353.21, 0.51, 0.0475, -0.0072, -0.9971, -0.0589
17:25:45, 6.23, 187, 185.02, 353.25, 0.41, 0.0439, -0.0061, -0.9973, -0.0587
17:25:45, 6.27, 188, 184.57, 353.27, 0.33, 0.0400, -0.0052, -0.9975, -0.0585
17:25:45, 6.27, 188, 184.14, 353.36, 0.26, 0.0362, -0.0044, -0.9977, -0.0578
17:25:45, 6.27, 188, 183.70, 353.47, 0.34, 0.0324, -0.0048, -0.9978, -0.0569
17:25:45, 6.30, 189, 183.24, 353.60, 0.40, 0.0284, -0.0051, -0.9980, -0.0557
17:25:45, 6.30, 189, 182.74, 353.77, 0.45, 0.0241, -0.0052, -0.9982, -0.0542
17:25:45, 6.33, 190, 182.32, 353.82, 0.50, 0.0205, -0.0055, -0.9983, -0.0538
17:25:45, 6.33, 190, 181.85, 353.82, 0.55, 0.0164, -0.0057, -0.9984, -0.0538
17:25:45, 6.33, 190, 181.39, 353.88, 0.60, 0.0124, -0.0059, -0.9985, -0.0534
17:25:45, 6.37, 191, 181.00, 353.80, 0.63, 0.0090, -0.0059, -0.9985, -0.0540
17:25:45, 6.37, 191, 180.63, 353.71, 0.54, 0.0057, -0.0050, -0.9985, -0.0548
17:25:45, 6.40, 192, 180.30, 353.74, 0.46, 0.0028, -0.0041, -0.9985, -0.0546
17:25:45, 6.40, 192, 179.97, 353.65, 0.34, -0.0001, -0.0030, -0.9985, -0.0554
17:25:45, 6.43, 193, 179.67, 353.61, 0.27, -0.0028, -0.0022, -0.9984, -0.0557
17:25:45, 6.43, 193, 179.42, 353.56, 0.15, -0.0050, -0.0010, -0.9984, -0.0562
17:25:45, 6.43, 193, 179.15, 353.57, 0.13, -0.0073, -0.0007, -0.9984, -0.0561
17:25:45, 6.47, 194, 178.93, 353.59, 0.08, -0.0093, -0.0002, -0.9984, -0.0559
17:25:45, 6.47, 194, 178.71, 353.61, 0.04, -0.0112, 0.0003, -0.9984, -0.0558
17:25:45, 6.50, 195, 178.49, 353.62, 0.04, -0.0131, 0.0003, -0.9984, -0.0557
17:25:45, 6.50, 195, 178.25, 353.64, 0.01, -0.0153, 0.0008, -0.9983, -0.0555
17:25:45, 6.50, 195, 178.01, 353.68, 0.01, -0.0173, 0.0009, -0.9983, -0.0551
17:25:45, 6.53, 196, 177.78, 353.69, 0.06, -0.0193, 0.0006, -0.9983, -0.0551
17:25:45, 6.53, 196, 177.51, 353.75, 0.11, -0.0216, 0.0002, -0.9983, -0.0545
17:25:45, 6.57, 197, 177.21, 353.78, 0.09, -0.0243, 0.0005, -0.9982, -0.0542
17:25:45, 6.57, 197, 176.86, 353.73, 0.04, -0.0273, 0.0012, -0.9981, -0.0547
17:25:45, 6.60, 198, 176.44, 353.75, 0.03, -0.0310, 0.0014, -0.9980, -0.0545
17:25:45, 6.60, 198, 176.02, 353.80, 0.05, -0.0346, 0.0014, -0.9979, -0.0540
17:25:45, 6.60, 198, 175.55, 353.90, 0.10, -0.0388, 0.0012, -0.9978, -0.0532
17:25:45, 6.63, 199, 175.07, 353.87, 0.08, -0.0429, 0.0016, -0.9976, -0.0534
17:25:45, 6.63, 199, 174.60, 353.69, 0.04, -0.0470, 0.0023, -0.9974, -0.0550
17:25:45, 6.67, 200, 174.10, 353.52, 359.97, -0.0514, 0.0032, -0.9971, -0.0565
17:25:45, 6.67, 200, 173.67, 353.46, 359.95, -0.0551, 0.0036, -0.9968, -0.0569
17:25:45, 6.70, 201, 173.20, 353.31, 359.93, -0.0593, 0.0040, -0.9965, -0.0582
17:25:45, 6.70, 201, 172.77, 353.11, 359.87, -0.0630, 0.0049, -0.9962, -0.0599
17:25:45, 6.70, 201, 172.31, 353.02, 359.87, -0.0670, 0.0052, -0.9959, -0.0607
17:25:45, 6.73, 202, 171.92, 352.96, 359.95, -0.0703, 0.0048, -0.9956, -0.0612
17:25:45, 6.73, 202, 171.46, 352.96, 359.95, -0.0743, 0.0050, -0.9953, -0.0612
17:25:45, 6.77, 203, 170.97, 353.04, 0.03, -0.0785, 0.0045, -0.9951, -0.0606
17:25:45, 6.77, 203, 170.45, 353.14, 0.16, -0.0830, 0.0036, -0.9948, -0.0597
17:25:45, 6.77, 203, 169.91, 353.24, 0.24, -0.0876, 0.0031, -0.9944, -0.0589
17:25:45, 6.80, 204, 169.34, 353.34, 0.30, -0.0926, 0.0028, -0.9940, -0.0580
17:25:45, 6.80, 204, 168.71, 353.44, 0.35, -0.0980, 0.0026, -0.9935, -0.0572
17:25:45, 6.83, 205, 168.08, 353.55, 0.38, -0.1035, 0.0025, -0.9930, -0.0563
17:25:45, 6.83, 205, 167.41, 353.72, 0.42, -0.1093, 0.0023, -0.9925, -0.0548
17:25:45, 6.83, 205, 166.71, 353.92, 0.48, -0.1153, 0.0020, -0.9919, -0.0532
17:25:45, 6.87, 206, 166.03, 354.04, 0.43, -0.1213, 0.0026, -0.9912, -0.0521
17:25:45, 6.87, 206, 165.43, 354.18, 0.37, -0.1265, 0.0033, -0.9907, -0.0508
17:25:45, 6.90, 207, 164.78, 354.32, 0.25, -0.1321, 0.0044, -0.9900, -0.0494
17:25:45, 6.90, 207, 164.20, 354.39, 0.15, -0.1372, 0.0054, -0.9893, -0.0486
17:25:45, 6.93, 208, 163.55, 354.46, 0.13, -0.1429, 0.0058, -0.9886, -0.0480
17:25:45, 6.93, 208, 162.97, 354.45, 0.02, -0.1479, 0.0070, -0.9878, -0.0479
17:25:45, 6.93, 208, 162.35, 354.35, 0.02, -0.1532, 0.0074, -0.9870, -0.0487
17:25:45, 6.97, 209, 161.81, 354.32, 359.96, -0.1579, 0.0082, -0.9862, -0.0488
17:25:45, 6.97, 209, 161.27, 354.29, 359.94, -0.1626, 0.0086, -0.9854, -0.0491
17:25:45, 7.00, 210, 160.76, 354.25, 359.80, -0.1670, 0.0101, -0.9847, -0.0491
17:25:45, 7.00, 210, 160.20, 354.19, 359.76, -0.1718, 0.0107, -0.9838, -0.0495
17:25:45, 7.03, 211, 159.70, 354.09, 359.76, -0.1761, 0.0111, -0.9830, -0.0504
17:25:45, 7.03, 211, 159.15, 354.07, 359.68, -0.1809, 0.0121, -0.9821, -0.0503
17:25:45, 7.03, 211, 158.63, 353.98, 359.59, -0.1853, 0.0132, -0.9813, -0.0510
17:25:46, 7.07, 212, 158.11, 353.65, 359.50, -0.1898, 0.0147, -0.9803, -0.0535
17:25:46, 7.07, 212, 157.59, 353.44, 359.41, -0.1943, 0.0162, -0.9793, -0.0551
17:25:46, 7.10, 213, 157.06, 353.28, 359.29, -0.1989, 0.0177, -0.9783, -0.0562
17:25:46, 7.10, 213, 156.50, 353.18, 359.22, -0.2036, 0.0187, -0.9772, -0.0569
17:25:46, 7.10, 213, 155.96, 353.23, 359.19, -0.2083, 0.0192, -0.9762, -0.0563
17:25:46, 7.13, 214, 155.33, 353.33, 359.20, -0.2136, 0.0192, -0.9752, -0.0554
17:25:46, 7.13, 214, 154.75, 353.48, 359.05, -0.2187, 0.0205, -0.9741, -0.0537
17:25:46, 7.17, 215, 154.09, 353.50, 358.93, -0.2243, 0.0218, -0.9728, -0.0531
17:25:46, 7.17, 215, 153.45, 353.52, 358.82, -0.2298, 0.0230, -0.9715, -0.0527
17:25:46, 7.17, 215, 152.75, 353.49, 358.79, -0.2358, 0.0236, -0.9701, -0.0527
17:25:46, 7.20, 216, 151.97, 353.57, 358.86, -0.2423, 0.0232, -0.9685, -0.0520
17:25:46, 7.20, 216, 151.21, 353.63, 358.89, -0.2488, 0.0232, -0.9669, -0.0514
17:25:46, 7.23, 217, 150.38, 353.61, 358.97, -0.2557, 0.0229, -0.9651, -0.0515
17:25:46, 7.23, 217, 149.57, 353.65, 358.96, -0.2625, 0.0233, -0.9633, -0.0510
17:25:46, 7.27, 218, 148.71, 353.61, 358.92, -0.2697, 0.0241, -0.9613, -0.0512
17:25:46, 7.27, 218, 147.85, 353.59, 358.88, -0.2770, 0.0249, -0.9592, -0.0510
17:25:46, 7.27, 218, 146.97, 353.54, 358.94, -0.2843, 0.0249, -0.9570, -0.0514
17:25:46, 7.30, 219, 146.03, 353.51, 359.01, -0.2921, 0.0248, -0.9547, -0.0517
17:25:46, 7.30, 219, 145.10, 353.56, 359.10, -0.2998, 0.0244, -0.9523, -0.0512
17:25:46, 7.33, 220, 144.13, 353.63, 359.19, -0.3078, 0.0238, -0.9498, -0.0507
17:25:46, 7.33, 220, 143.17, 353.68, 359.26, -0.3158, 0.0235, -0.9472, -0.0502
17:25:46, 7.33, 220, 142.16, 353.75, 359.36, -0.3240, 0.0230, -0.9445, -0.0497
17:25:46, 7.37, 221, 141.14, 353.89, 359.41, -0.3324, 0.0226, -0.9416, -0.0485
17:25:46, 7.37, 221, 140.11, 354.04, 359.39, -0.3409, 0.0227, -0.9387, -0.0471
17:25:46, 7.40, 222, 139.11, 354.18, 359.35, -0.3491, 0.0230, -0.9357, -0.0456
17:25:46, 7.40, 222, 137.97, 354.39, 359.31, -0.3585, 0.0232, -0.9322, -0.0436
17:25:46, 7.43, 223, 136.86, 354.55, 359.30, -0.3675, 0.0232, -0.9288, -0.0419
17:25:46, 7.43, 223, 135.76, 354.63, 359.33, -0.3764, 0.0231, -0.9253, -0.0412
17:25:46, 7.43, 223, 134.65, 354.63, 359.38, -0.3853, 0.0231, -0.9216, -0.0411
17:25:46, 7.47, 224, 133.55, 354.70, 359.41, -0.3941, 0.0230, -0.9179, -0.0404
17:25:46, 7.47, 224, 132.46, 354.76, 359.46, -0.4028, 0.0227, -0.9141, -0.0400
17:25:46, 7.50, 225, 131.35, 354.70, 359.52, -0.4117, 0.0229, -0.9102, -0.0404
17:25:46, 7.50, 225, 130.26, 354.75, 359.62, -0.4203, 0.0222, -0.9062, -0.0401
17:25:46, 7.53, 226, 129.17, 354.61, 359.73, -0.4288, 0.0223, -0.9022, -0.0415
17:25:46, 7.53, 226, 128.12, 354.56, 359.89, -0.4370, 0.0216, -0.8982, -0.0422
17:25:46, 7.53, 226, 127.07, 354.44, 359.99, -0.4451, 0.0217, -0.8942, -0.0434
17:25:46, 7.57, 227, 126.08, 354.31, 0.15, -0.4528, 0.0213, -0.8902, -0.0448
17:25:46, 7.57, 227, 125.12, 354.32, 0.29, -0.4602, 0.0206, -0.8864, -0.0451
17:25:46, 7.60, 228, 124.08, 354.37, 0.35, -0.4682, 0.0204, -0.8823, -0.0448
17:25:46, 7.60, 228, 123.05, 354.50, 0.40, -0.4761, 0.0198, -0.8781, -0.0439
17:25:46, 7.60, 228, 122.03, 354.69, 0.45, -0.4839, 0.0190, -0.8739, -0.0424
17:25:46, 7.63, 229, 120.96, 354.79, 0.48, -0.4920, 0.0187, -0.8694, -0.0416
17:25:46, 7.63, 229, 119.96, 354.87, 0.45, -0.4996, 0.0190, -0.8651, -0.0407
17:25:46, 7.67, 230, 118.94, 354.99, 0.41, -0.5074, 0.0191, -0.8606, -0.0395
17:25:46, 7.67, 230, 117.99, 355.04, 0.40, -0.5145, 0.0193, -0.8564, -0.0389
17:25:46, 7.67, 230, 117.05, 355.10, 0.42, -0.5215, 0.0192, -0.8522, -0.0384
17:25:46, 7.70, 231, 116.13, 355.07, 0.42, -0.5283, 0.0196, -0.8480, -0.0384
17:25:46, 7.70, 231, 115.24, 354.95, 0.47, -0.5348, 0.0202, -0.8438, -0.0394
17:25:46, 7.73, 232, 114.38, 354.89, 0.50, -0.5411, 0.0205, -0.8398, -0.0398
17:25:46, 7.73, 232, 113.61, 354.72, 0.52, -0.5467, 0.0214, -0.8360, -0.0410
17:25:46, 7.77, 233, 112.83, 354.68, 0.59, -0.5523, 0.0214, -0.8323, -0.0415
17:25:46, 7.77, 233, 112.18, 354.64, 0.50, -0.5571, 0.0224, -0.8291, -0.0412
17:25:46, 7.77, 233, 111.53, 354.60, 0.45, -0.5618, 0.0232, -0.8259, -0.0412
17:25:46, 7.80, 234, 110.97, 354.61, 0.29, -0.5659, 0.0245, -0.8231, -0.0401
17:25:46, 7.80, 234, 110.37, 354.66, 0.25, -0.5702, 0.0248, -0.8202, -0.0395
17:25:46, 7.83, 235, 109.74, 354.73, 0.20, -0.5747, 0.0250, -0.8170, -0.0386
17:25:46, 7.83, 235, 109.13, 354.77, 0.18, -0.5791, 0.0252, -0.8140, -0.0381
17:25:46, 7.87, 236, 108.51, 354.91, 0.15, -0.5835, 0.0249, -0.8109, -0.0368
17:25:46, 7.87, 236, 107.88, 355.14, 0.12, -0.5880, 0.0241, -0.8077, -0.0349
17:25:46, 7.87, 236, 107.19, 355.37, 0.05, -0.5930, 0.0236, -0.8042, -0.0327
17:25:46, 7.90, 237, 106.55, 355.55, 359.99, -0.5975, 0.0233, -0.8009, -0.0311
17:25:46, 7.90, 237, 105.88, 355.71, 359.98, -0.6022, 0.0227, -0.7974, -0.0297
17:25:46, 7.93, 238, 105.22, 355.88, 0.05, -0.6068, 0.0215, -0.7940, -0.0288
17:25:46, 7.93, 238, 104.56, 355.98, 0.04, -0.6114, 0.0212, -0.7906, -0.0280
17:25:46, 7.93, 238, 103.86, 356.04, 0.06, -0.6163, 0.0209, -0.7868, -0.0275
17:25:46, 7.97, 239, 103.17, 356.01, 0.11, -0.6209, 0.0208, -0.7831, -0.0279
17:25:46, 7.97, 239, 102.53, 355.95, 0.09, -0.6253, 0.0215, -0.7796, -0.0281
17:25:46, 8.00, 240, 101.84, 355.80, 0.03, -0.6299, 0.0229, -0.7758, -0.0286
17:25:46, 8.00, 240, 101.18, 355.62, 359.93, -0.6344, 0.0247, -0.7721, -0.0291
17:25:46, 8.03, 241, 100.46, 355.50, 359.91, -0.6392, 0.0258, -0.7680, -0.0297
17:25:46, 8.03, 241, 99.81, 355.41, 359.87, -0.6436, 0.0266, -0.7644, -0.0299
17:25:46, 8.03, 241, 99.09, 355.33, 359.84, -0.6484, 0.0275, -0.7602, -0.0301
17:25:47, 8.07, 242, 98.37, 355.26, 359.70, -0.6531, 0.0290, -0.7561, -0.0296
17:25:47, 8.07, 242, 97.61, 355.24, 359.61, -0.6581, 0.0299, -0.7517, -0.0290
17:25:47, 8.10, 243, 96.85, 355.22, 359.47, -0.6632, 0.0311, -0.7473, -0.0281
17:25:47, 8.10, 243, 96.06, 355.26, 359.29, -0.6683, 0.0322, -0.7427, -0.0266
17:25:47, 8.10, 243, 95.24, 355.30, 359.07, -0.6737, 0.0336, -0.7378, -0.0248
17:25:47, 8.13, 244, 94.42, 355.35, 358.90, -0.6790, 0.0346, -0.7330, -0.0233
17:25:47, 8.13, 244, 93.62, 355.42, 358.74, -0.6841, 0.0354, -0.7282, -0.0216
17:25:47, 8.17, 245, 92.80, 355.48, 358.57, -0.6894, 0.0362, -0.7232, -0.0200
17:25:47, 8.17, 245, 91.92, 355.54, 358.41, -0.6950, 0.0370, -0.7179, -0.0183
17:25:47, 8.17, 245, 91.10, 355.56, 358.14, -0.7001, 0.0387, -0.7128, -0.0163
17:25:47, 8.20, 246, 90.26, 355.59, 357.93, -0.7054, 0.0400, -0.7076, -0.0145
17:25:47, 8.20, 246, 89.38, 355.66, 357.70, -0.7108, 0.0410, -0.7021, -0.0123
17:25:47, 8.23, 247, 88.52, 355.85, 357.63, -0.7161, 0.0404, -0.6968, -0.0104
17:25:47, 8.23, 247, 87.66, 356.02, 357.65, -0.7213, 0.0392, -0.6915, -0.0093
17:25:47, 8.27, 248, 86.74, 356.13, 357.71, -0.7268, 0.0383, -0.6857, -0.0087
17:25:47, 8.27, 248, 85.82, 356.11, 357.70, -0.7323, 0.0385, -0.6799, -0.0084
17:25:47, 8.27, 248, 84.93, 356.07, 357.66, -0.7376, 0.0391, -0.6741, -0.0081
17:25:47, 8.30, 249, 84.02, 355.98, 357.68, -0.7429, 0.0396, -0.6682, -0.0084
17:25:47, 8.30, 249, 83.09, 355.96, 357.74, -0.7483, 0.0394, -0.6621, -0.0086
17:25:47, 8.33, 250, 82.16, 355.88, 357.88, -0.7536, 0.0392, -0.6561, -0.0096
17:25:47, 8.33, 250, 81.15, 355.82, 358.04, -0.7593, 0.0388, -0.6494, -0.0107
17:25:47, 8.33, 250, 80.09, 355.77, 358.19, -0.7653, 0.0384, -0.6424, -0.0117
17:25:47, 8.37, 251, 79.08, 355.66, 358.31, -0.7709, 0.0386, -0.6357, -0.0128
17:25:47, 8.37, 251, 77.95, 355.62, 358.39, -0.7771, 0.0385, -0.6280, -0.0131
17:25:47, 8.40, 252, 76.85, 355.69, 358.47, -0.7831, 0.0378, -0.6206, -0.0129
17:25:47, 8.40, 252, 75.68, 355.79, 358.58, -0.7894, 0.0366, -0.6126, -0.0127
17:25:47, 8.43, 253, 74.61, 355.95, 358.61, -0.7952, 0.0354, -0.6053, -0.0117
17:25:47, 8.43, 253, 73.47, 356.01, 358.61, -0.8011, 0.0352, -0.5974, -0.0111
17:25:47, 8.43, 253, 72.37, 356.05, 358.58, -0.8068, 0.0352, -0.5897, -0.0103
17:25:47, 8.47, 254, 71.21, 356.05, 358.50, -0.8128, 0.0356, -0.5814, -0.0095
17:25:47, 8.47, 254, 70.15, 356.04, 358.43, -0.8181, 0.0362, -0.5739, -0.0086
17:25:47, 8.50, 255, 69.08, 356.05, 358.37, -0.8234, 0.0365, -0.5662, -0.0078
17:25:47, 8.50, 255, 68.04, 356.09, 358.29, -0.8285, 0.0367, -0.5587, -0.0067
17:25:47, 8.53, 256, 67.05, 356.03, 358.21, -0.8333, 0.0375, -0.5515, -0.0061
17:25:47, 8.53, 256, 66.06, 356.04, 358.16, -0.8381, 0.0377, -0.5442, -0.0054
17:25:47, 8.53, 256, 65.12, 356.00, 358.14, -0.8425, 0.0382, -0.5373, -0.0051
17:25:47, 8.57, 257, 64.13, 355.89, 358.14, -0.8471, 0.0390, -0.5300, -0.0053
17:25:47, 8.57, 257, 63.18, 355.80, 358.14, -0.8515, 0.0397, -0.5229, -0.0054
17:25:47, 8.60, 258, 62.22, 355.71, 358.13, -0.8558, 0.0405, -0.5158, -0.0054
17:25:47, 8.60, 258, 61.25, 355.55, 358.21, -0.8601, 0.0413, -0.5085, -0.0064
17:25:47, 8.60, 258, 60.20, 355.49, 358.27, -0.8647, 0.0416, -0.5006, -0.0067
17:25:47, 8.63, 259, 59.19, 355.43, 358.37, -0.8690, 0.0416, -0.4929, -0.0073
17:25:47, 8.63, 259, 58.11, 355.31, 358.44, -0.8736, 0.0423, -0.4847, -0.0080
17:25:47, 8.67, 260, 56.96, 355.27, 358.48, -0.8784, 0.0426, -0.4759, -0.0080
17:25:47, 8.67, 260, 55.81, 355.21, 358.51, -0.8831, 0.0430, -0.4671, -0.0081
17:25:47, 8.67, 260, 54.64, 355.19, 358.53, -0.8878, 0.0431, -0.4581, -0.0079
17:25:47, 8.70, 261, 53.53, 355.21, 358.61, -0.8923, 0.0428, -0.4494, -0.0080
17:25:47, 8.70, 261, 52.40, 355.21, 358.62, -0.8966, 0.0428, -0.4407, -0.0077
17:25:47, 8.73, 262, 51.31, 355.35, 358.61, -0.9008, 0.0418, -0.4321, -0.0066
17:25:47, 8.73, 262, 50.24, 355.40, 358.63, -0.9048, 0.0414, -0.4237, -0.0062
17:25:47, 8.77, 263, 49.16, 355.54, 358.64, -0.9088, 0.0403, -0.4152, -0.0054
17:25:47, 8.77, 263, 48.17, 355.67, 358.67, -0.9124, 0.0392, -0.4074, -0.0049
17:25:47, 8.77, 263, 47.12, 355.82, 358.70, -0.9161, 0.0380, -0.3990, -0.0042
17:25:47, 8.80, 264, 46.17, 355.95, 358.68, -0.9195, 0.0370, -0.3914, -0.0033
17:25:47, 8.80, 264, 45.17, 356.02, 358.79, -0.9228, 0.0362, -0.3835, -0.0036
17:25:47, 8.83, 265, 44.27, 356.10, 358.81, -0.9259, 0.0354, -0.3762, -0.0032
17:25:47, 8.83, 265, 43.39, 356.18, 358.78, -0.9287, 0.0349, -0.3691, -0.0025
17:25:47, 8.83, 265, 42.55, 356.18, 358.72, -0.9314, 0.0351, -0.3622, -0.0017
17:25:47, 8.87, 266, 41.76, 356.08, 358.67, -0.9339, 0.0361, -0.3558, -0.0014
17:25:47, 8.87, 266, 41.00, 356.06, 358.63, -0.9362, 0.0364, -0.3496, -0.0009
17:25:47, 8.90, 267, 40.33, 356.04, 358.55, -0.9382, 0.0368, -0.3441, -0.0001
17:25:47, 8.90, 267, 39.67, 356.00, 358.56, -0.9402, 0.0371, -0.3387, 0.0000
17:25:47, 8.93, 268, 39.06, 355.92, 358.42, -0.9419, 0.0381, -0.3336, 0.0011
17:25:47, 8.93, 268, 38.51, 355.84, 358.38, -0.9435, 0.0389, -0.3290, 0.0014
17:25:47, 8.93, 268, 37.92, 355.89, 358.30, -0.9452, 0.0387, -0.3242, 0.0024
17:25:47, 8.97, 269, 37.36, 355.83, 358.25, -0.9468, 0.0393, -0.3195, 0.0028
17:25:47, 8.97, 269, 36.77, 355.85, 358.25, -0.9484, 0.0392, -0.3147, 0.0031
17:25:47, 9.00, 270, 36.14, 355.84, 358.20, -0.9501, 0.0394, -0.3094, 0.0037
17:25:47, 9.00, 270, 35.51, 355.99, 358.19, -0.9518, 0.0382, -0.3042, 0.0044
17:25:47, 9.03, 271, 34.83, 356.02, 358.23, -0.9536, 0.0377, -0.2986, 0.0043
17:25:47, 9.03, 271, 34.13, 356.19, 358.25, -0.9555, 0.0363, -0.2928, 0.0048
17:25:47, 9.03, 271, 33.35, 356.30, 358.36, -0.9575, 0.0350, -0.2863, 0.0044
17:25:48, 9.07, 272, 32.58, 356.48, 358.42, -0.9594, 0.0333, -0.2799, 0.0046
17:25:48, 9.07, 272, 31.79, 356.63, 358.45, -0.9614, 0.0319, -0.2733, 0.0049
17:25:48, 9.10, 273, 30.99, 356.68, 358.41, -0.9633, 0.0316, -0.2666, 0.0056
17:25:48, 9.10, 273, 30.21, 356.67, 358.44, -0.9651, 0.0316, -0.2601, 0.0056
17:25:48, 9.10, 273, 29.39, 356.57, 358.40, -0.9669, 0.0325, -0.2531, 0.0059
17:25:48, 9.13, 274, 28.60, 356.45, 358.28, -0.9686, 0.0338, -0.2464, 0.0069
17:25:48, 9.13, 274, 27.79, 356.35, 358.28, -0.9702, 0.0345, -0.2396, 0.0070
17:25:48, 9.17, 275, 27.06, 356.23, 358.17, -0.9717, 0.0357, -0.2333, 0.0078
17:25:48, 9.17, 275, 26.30, 356.15, 358.06, -0.9732, 0.0366, -0.2268, 0.0089
17:25:48, 9.17, 275, 25.54, 356.04, 357.89, -0.9747, 0.0377, -0.2202, 0.0103
17:25:48, 9.20, 276, 24.74, 356.06, 357.74, -0.9762, 0.0378, -0.2134, 0.0119
17:25:48, 9.20, 276, 23.98, 356.03, 357.62, -0.9775, 0.0382, -0.2069, 0.0131
17:25:48, 9.23, 277, 23.17, 356.10, 357.45, -0.9790, 0.0378, -0.1999, 0.0150
17:25:48, 9.23, 277, 22.34, 356.14, 357.34, -0.9804, 0.0375, -0.1928, 0.0162
17:25:48, 9.27, 278, 21.46, 356.20, 357.15, -0.9818, 0.0372, -0.1852, 0.0183
17:25:48, 9.27, 278, 20.60, 356.18, 356.98, -0.9832, 0.0375, -0.1778, 0.0200
17:25:48, 9.27, 278, 19.66, 356.09, 356.84, -0.9845, 0.0383, -0.1697, 0.0213
17:25:48, 9.30, 279, 18.73, 356.06, 356.71, -0.9858, 0.0386, -0.1615, 0.0227
17:25:48, 9.30, 279, 17.74, 356.06, 356.55, -0.9872, 0.0386, -0.1530, 0.0244
17:25:48, 9.33, 280, 16.75, 355.95, 356.46, -0.9884, 0.0394, -0.1444, 0.0254
17:25:48, 9.33, 280, 15.77, 355.94, 356.34, -0.9896, 0.0394, -0.1359, 0.0267
17:25:48, 9.33, 280, 14.76, 355.87, 356.24, -0.9907, 0.0399, -0.1271, 0.0279
17:25:48, 9.37, 281, 13.73, 355.73, 356.21, -0.9917, 0.0409, -0.1182, 0.0283
17:25:48, 9.37, 281, 12.69, 355.61, 356.24, -0.9928, 0.0417, -0.1091, 0.0284
17:25:48, 9.40, 282, 11.62, 355.54, 356.29, -0.9937, 0.0420, -0.0999, 0.0282
17:25:48, 9.40, 282, 10.52, 355.51, 356.37, -0.9946, 0.0419, -0.0903, 0.0279
17:25:48, 9.43, 283, 9.40, 355.54, 356.34, -0.9955, 0.0414, -0.0806, 0.0286
17:25:48, 9.43, 283, 8.32, 355.46, 356.38, -0.9962, 0.0418, -0.0712, 0.0286
17:25:48, 9.43, 283, 7.20, 355.47, 356.43, -0.9968, 0.0414, -0.0615, 0.0286
17:25:48, 9.47, 284, 5.99, 355.58, 356.63, -0.9975, 0.0400, -0.0511, 0.0274
17:25:48, 9.47, 284, 4.83, 355.66, 356.76, -0.9980, 0.0390, -0.0410, 0.0266
17:25:48, 9.50, 285, 3.67, 355.81, 356.86, -0.9985, 0.0374, -0.0310, 0.0262
17:25:48, 9.50, 285, 2.51, 355.96, 356.97, -0.9988, 0.0358, -0.0210, 0.0256
17:25:48, 9.50, 285, 1.30, 356.04, 357.04, -0.9990, 0.0348, -0.0104, 0.0254
17:25:48, 9.53, 286, 0.13, 356.08, 357.13, -0.9991, 0.0342, -0.0003, 0.0250
17:25:48, 9.53, 286, 358.94, 356.08, 357.11, -0.9990, 0.0340, 0.0101, 0.0255
17:25:48, 9.57, 287, 357.75, 355.99, 357.11, -0.9989, 0.0345, 0.0205, 0.0259
17:25:48, 9.57, 287, 356.59, 355.99, 357.09, -0.9986, 0.0342, 0.0306, 0.0264
17:25:48, 9.60, 288, 355.47, 355.98, 357.02, -0.9982, 0.0340, 0.0404, 0.0273
17:25:48, 9.60, 288, 354.36, 355.97, 356.96, -0.9978, 0.0338, 0.0500, 0.0282
17:25:48, 9.60, 288, 353.30, 355.89, 356.88, -0.9972, 0.0342, 0.0593, 0.0293
17:25:48, 9.63, 289, 352.25, 355.88, 356.86, -0.9966, 0.0340, 0.0685, 0.0297
17:25:48, 9.63, 289, 351.21, 355.86, 356.82, -0.9959, 0.0339, 0.0776, 0.0304
17:25:48, 9.67, 290, 350.21, 355.86, 356.77, -0.9952, 0.0336, 0.0863, 0.0311
17:25:48, 9.67, 290, 349.16, 355.81, 356.76, -0.9944, 0.0337, 0.0954, 0.0316
17:25:48, 9.70, 291, 348.17, 355.68, 356.85, -0.9935, 0.0346, 0.1040, 0.0312
17:25:48, 9.70, 291, 347.12, 355.58, 356.97, -0.9925, 0.0353, 0.1130, 0.0306
17:25:48, 9.70, 291, 346.06, 355.52, 357.03, -0.9914, 0.0356, 0.1222, 0.0305
17:25:48, 9.73, 292, 345.04, 355.39, 357.19, -0.9903, 0.0367, 0.1310, 0.0295
17:25:48, 9.73, 292, 343.94, 355.20, 357.36, -0.9889, 0.0382, 0.1405, 0.0287
17:25:48, 9.77, 293, 342.83, 355.13, 357.48, -0.9875, 0.0387, 0.1500, 0.0280
17:25:48, 9.77, 293, 341.71, 355.09, 357.59, -0.9860, 0.0390, 0.1596, 0.0276
17:25:48, 9.77, 293, 340.59, 355.03, 357.72, -0.9844, 0.0394, 0.1692, 0.0269
17:25:48, 9.80, 294, 339.43, 355.01, 357.83, -0.9827, 0.0394, 0.1791, 0.0264
17:25:48, 9.80, 294, 338.32, 354.97, 357.97, -0.9809, 0.0398, 0.1886, 0.0257
17:25:48, 9.83, 295, 337.21, 354.93, 358.07, -0.9790, 0.0400, 0.1981, 0.0252
17:25:48, 9.83, 295, 336.10, 354.86, 358.16, -0.9771, 0.0405, 0.2075, 0.0249
17:25:48, 9.87, 296, 334.95, 354.88, 358.31, -0.9750, 0.0404, 0.2173, 0.0241
17:25:48, 9.87, 296, 333.87, 354.98, 358.45, -0.9730, 0.0396, 0.2264, 0.0231
17:25:48, 9.87, 296, 332.82, 355.02, 358.51, -0.9709, 0.0391, 0.2353, 0.0228
17:25:48, 9.90, 297, 331.76, 355.12, 358.54, -0.9687, 0.0382, 0.2442, 0.0227
17:25:48, 9.90, 297, 330.78, 355.17, 358.51, -0.9666, 0.0375, 0.2525, 0.0232
17:25:48, 9.93, 298, 329.79, 355.18, 358.46, -0.9644, 0.0371, 0.2609, 0.0239
17:25:48, 9.93, 298, 328.91, 355.20, 358.43, -0.9623, 0.0366, 0.2683, 0.0244
17:25:48, 9.93, 298, 328.03, 355.31, 358.36, -0.9603, 0.0354, 0.2757, 0.0250
17:25:48, 9.97, 299, 327.21, 355.33, 358.40, -0.9583, 0.0352, 0.2826, 0.0249
17:25:48, 9.97, 299, 326.42, 355.40, 358.36, -0.9563, 0.0343, 0.2892, 0.0253
