Timestamp, VideoTime, VideoFrame, HeadYaw, HeadPitch, HeadRoll, HeadQuatW, HeadQuatX, HeadQuatY, HeadQuatZ
17:35:57, 0.00, 0, 313.16, 358.65, 6.31, -0.9164, 0.0327, 0.3962, -0.0459
17:35:57, 0.03, 1, 313.15, 358.66, 6.39, -0.9164, 0.0328, 0.3963, -0.0465
17:35:57, 0.03, 1, 313.14, 358.70, 6.44, -0.9163, 0.0327, 0.3964, -0.0470
17:35:57, 0.07, 2, 313.14, 358.75, 6.48, -0.9163, 0.0325, 0.3964, -0.0475
17:35:57, 0.07, 2, 313.13, 358.76, 6.53, -0.9162, 0.0325, 0.3965, -0.0480
17:35:57, 0.10, 3, 313.14, 358.77, 6.59, -0.9162, 0.0327, 0.3963, -0.0485
17:35:57, 0.10, 3, 313.15, 358.74, 6.62, -0.9163, 0.0330, 0.3963, -0.0486
17:35:57, 0.10, 3, 313.14, 358.71, 6.66, -0.9162, 0.0334, 0.3963, -0.0488
17:35:57, 0.13, 4, 313.14, 358.68, 6.72, -0.9162, 0.0338, 0.3963, -0.0492
17:35:57, 0.13, 4, 313.15, 358.65, 6.76, -0.9162, 0.0342, 0.3962, -0.0494
17:35:57, 0.17, 5, 313.14, 358.65, 6.80, -0.9162, 0.0344, 0.3962, -0.0497
17:35:58, 0.17, 5, 313.13, 358.62, 6.84, -0.9161, 0.0347, 0.3963, -0.0499
17:35:58, 0.17, 5, 313.13, 358.62, 6.83, -0.9161, 0.0347, 0.3963, -0.0499
17:35:58, 0.20, 6, 313.12, 358.57, 6.83, -0.9161, 0.0352, 0.3964, -0.0497
17:35:58, 0.20, 6, 313.09, 358.57, 6.85, -0.9160, 0.0352, 0.3966, -0.0498
17:35:58, 0.23, 7, 313.07, 358.53, 6.84, -0.9159, 0.0355, 0.3968, -0.0497
17:35:58, 0.23, 7, 313.04, 358.51, 6.81, -0.9158, 0.0356, 0.3970, -0.0493
17:35:58, 0.27, 8, 313.02, 358.49, 6.80, -0.9157, 0.0357, 0.3972, -0.0492
17:35:58, 0.27, 8, 313.01, 358.47, 6.78, -0.9157, 0.0358, 0.3972, -0.0490
17:35:58, 0.27, 8, 312.97, 358.48, 6.77, -0.9156, 0.0357, 0.3976, -0.0488
17:35:58, 0.30, 9, 312.94, 358.44, 6.78, -0.9155, 0.0360, 0.3977, -0.0488
17:35:58, 0.30, 9, 312.92, 358.42, 6.75, -0.9154, 0.0361, 0.3979, -0.0485
17:35:58, 0.33, 10, 312.90, 358.40, 6.74, -0.9154, 0.0363, 0.3981, -0.0483
17:35:58, 0.33, 10, 312.86, 358.41, 6.72, -0.9152, 0.0362, 0.3984, -0.0482
17:35:58, 0.33, 10, 312.84, 358.35, 6.70, -0.9152, 0.0366, 0.3985, -0.0478
17:35:58, 0.37, 11, 312.80, 358.31, 6.67, -0.9151, 0.0367, 0.3988, -0.0474
17:35:58, 0.37, 11, 312.73, 358.22, 6.62, -0.9148, 0.0373, 0.3994, -0.0467
17:35:58, 0.40, 12, 312.68, 358.18, 6.59, -0.9147, 0.0376, 0.3998, -0.0463
17:35:58, 0.40, 12, 312.63, 358.16, 6.56, -0.9145, 0.0377, 0.4002, -0.0459
17:35:58, 0.43, 13, 312.59, 358.12, 6.51, -0.9144, 0.0378, 0.4005, -0.0454
17:35:58, 0.43, 13, 312.53, 358.07, 6.47, -0.9142, 0.0381, 0.4009, -0.0449
17:35:58, 0.43, 13, 312.47, 358.06, 6.45, -0.9140, 0.0382, 0.4014, -0.0446
17:35:58, 0.47, 14, 312.41, 358.03, 6.43, -0.9138, 0.0384, 0.4019, -0.0444
17:35:58, 0.47, 14, 312.34, 357.99, 6.43, -0.9136, 0.0387, 0.4025, -0.0442
17:35:58, 0.50, 15, 312.26, 357.93, 6.41, -0.9133, 0.0391, 0.4031, -0.0438
17:35:58, 0.50, 15, 312.19, 357.88, 6.38, -0.9131, 0.0395, 0.4036, -0.0434
17:35:58, 0.53, 16, 312.12, 357.85, 6.36, -0.9128, 0.0396, 0.4041, -0.0431
17:35:58, 0.53, 16, 312.05, 357.82, 6.36, -0.9126, 0.0399, 0.4047, -0.0430
17:35:58, 0.53, 16, 311.99, 357.75, 6.32, -0.9124, 0.0403, 0.4051, -0.0423
17:35:58, 0.57, 17, 311.94, 357.64, 6.26, -0.9122, 0.0410, 0.4055, -0.0415
17:35:58, 0.57, 17, 311.88, 357.54, 6.18, -0.9120, 0.0416, 0.4060, -0.0405
17:35:58, 0.60, 18, 311.78, 357.41, 6.10, -0.9117, 0.0423, 0.4067, -0.0393
17:35:58, 0.60, 18, 311.69, 357.27, 6.03, -0.9114, 0.0432, 0.4074, -0.0382
17:35:58, 0.60, 18, 311.57, 357.13, 5.97, -0.9110, 0.0441, 0.4083, -0.0372
17:35:58, 0.63, 19, 311.46, 356.99, 5.93, -0.9106, 0.0451, 0.4091, -0.0363
17:35:58, 0.63, 19, 311.36, 356.89, 5.88, -0.9103, 0.0458, 0.4099, -0.0356
17:35:58, 0.67, 20, 311.27, 356.81, 5.82, -0.9100, 0.0463, 0.4106, -0.0347
17:35:58, 0.67, 20, 311.17, 356.69, 5.75, -0.9097, 0.0470, 0.4113, -0.0337
17:35:58, 0.67, 20, 311.07, 356.46, 5.66, -0.9093, 0.0485, 0.4120, -0.0321
17:35:58, 0.70, 21, 310.99, 356.18, 5.57, -0.9090, 0.0504, 0.4126, -0.0304
17:35:58, 0.70, 21, 310.91, 355.92, 5.52, -0.9087, 0.0523, 0.4131, -0.0290
17:35:58, 0.73, 22, 310.86, 355.71, 5.41, -0.9085, 0.0536, 0.4134, -0.0273
17:35:58, 0.73, 22, 310.83, 355.47, 5.28, -0.9084, 0.0550, 0.4136, -0.0254
17:35:58, 0.77, 23, 310.78, 355.14, 5.13, -0.9082, 0.0572, 0.4139, -0.0230
17:35:58, 0.77, 23, 310.75, 354.72, 5.07, -0.9080, 0.0602, 0.4140, -0.0210
17:35:58, 0.77, 23, 310.69, 354.29, 5.06, -0.9077, 0.0636, 0.4143, -0.0193
17:35:58, 0.80, 24, 310.62, 353.95, 5.02, -0.9074, 0.0662, 0.4146, -0.0178
17:35:58, 0.80, 24, 310.55, 353.47, 5.00, -0.9070, 0.0699, 0.4149, -0.0158
17:35:58, 0.83, 25, 310.56, 352.99, 5.02, -0.9069, 0.0737, 0.4145, -0.0142
17:35:58, 0.83, 25, 310.61, 352.47, 5.03, -0.9069, 0.0779, 0.4138, -0.0124
17:35:58, 0.83, 25, 310.64, 351.97, 5.08, -0.9068, 0.0820, 0.4133, -0.0109
17:35:58, 0.87, 26, 310.71, 351.50, 5.09, -0.9069, 0.0857, 0.4125, -0.0094
17:35:58, 0.87, 26, 310.84, 350.94, 5.03, -0.9071, 0.0900, 0.4111, -0.0069
17:35:58, 0.90, 27, 310.94, 350.44, 4.90, -0.9072, 0.0935, 0.4101, -0.0042
17:35:58, 0.90, 27, 311.13, 349.94, 4.82, -0.9077, 0.0971, 0.4083, -0.0019
17:35:58, 0.93, 28, 311.33, 349.41, 4.75, -0.9081, 0.1010, 0.4065, 0.0004
17:35:58, 0.93, 28, 311.54, 348.85, 4.63, -0.9085, 0.1050, 0.4045, 0.0031
17:35:58, 0.93, 28, 311.85, 348.15, 4.59, -0.9091, 0.1104, 0.4016, 0.0057
17:35:58, 0.97, 29, 312.13, 347.57, 4.61, -0.9097, 0.1151, 0.3990, 0.0073
17:35:58, 0.97, 29, 312.51, 346.86, 4.59, -0.9105, 0.1206, 0.3955, 0.0096
17:35:58, 1.00, 30, 312.91, 346.14, 4.57, -0.9113, 0.1263, 0.3918, 0.0119
17:35:58, 1.00, 30, 313.35, 345.54, 4.48, -0.9122, 0.1309, 0.3880, 0.0142
17:35:58, 1.00, 30, 313.78, 345.02, 4.37, -0.9132, 0.1346, 0.3843, 0.0164
17:35:58, 1.03, 31, 314.22, 344.57, 4.21, -0.9142, 0.1378, 0.3806, 0.0186
17:35:58, 1.03, 31, 314.67, 344.13, 4.11, -0.9153, 0.1410, 0.3769, 0.0204
17:35:58, 1.07, 32, 315.05, 343.75, 4.13, -0.9161, 0.1442, 0.3735, 0.0210
17:35:58, 1.07, 32, 315.41, 343.23, 4.07, -0.9167, 0.1482, 0.3703, 0.0228
17:35:58, 1.10, 33, 315.72, 342.79, 4.11, -0.9173, 0.1519, 0.3674, 0.0235
17:35:58, 1.10, 33, 316.05, 342.34, 4.11, -0.9178, 0.1556, 0.3644, 0.0245
17:35:58, 1.10, 33, 316.33, 341.99, 4.14, -0.9183, 0.1585, 0.3619, 0.0250
17:35:58, 1.13, 34, 316.62, 341.69, 4.08, -0.9189, 0.1607, 0.3594, 0.0261
17:35:58, 1.13, 34, 316.87, 341.38, 3.88, -0.9192, 0.1627, 0.3574, 0.0284
17:35:58, 1.17, 35, 317.12, 341.13, 3.74, -0.9197, 0.1643, 0.3554, 0.0299
17:35:59, 1.17, 35, 317.41, 340.87, 3.64, -0.9202, 0.1661, 0.3531, 0.0311
17:35:59, 1.20, 36, 317.63, 340.65, 3.44, -0.9206, 0.1674, 0.3514, 0.0331
17:35:59, 1.20, 36, 318.00, 340.35, 3.29, -0.9213, 0.1694, 0.3484, 0.0347
17:35:59, 1.20, 36, 318.40, 339.93, 3.13, -0.9219, 0.1724, 0.3451, 0.0367
17:35:59, 1.23, 37, 318.83, 339.36, 2.91, -0.9223, 0.1765, 0.3416, 0.0396
17:35:59, 1.23, 37, 319.30, 338.80, 2.65, -0.9228, 0.1803, 0.3377, 0.0426
17:35:59, 1.27, 38, 319.73, 338.27, 2.48, -0.9233, 0.1843, 0.3341, 0.0449
17:35:59, 1.27, 38, 320.20, 337.69, 2.38, -0.9237, 0.1889, 0.3301, 0.0467
17:35:59, 1.27, 38, 320.67, 337.15, 2.44, -0.9242, 0.1935, 0.3258, 0.0470
17:35:59, 1.30, 39, 321.09, 336.59, 2.55, -0.9246, 0.1985, 0.3218, 0.0470
17:35:59, 1.30, 39, 321.55, 336.10, 2.75, -0.9251, 0.2032, 0.3174, 0.0460
17:35:59, 1.33, 40, 322.16, 335.61, 2.86, -0.9260, 0.2077, 0.3118, 0.0454
17:35:59, 1.33, 40, 322.78, 335.18, 2.93, -0.9270, 0.2116, 0.3064, 0.0449
17:35:59, 1.37, 41, 323.40, 334.86, 2.98, -0.9281, 0.2145, 0.3010, 0.0442
17:35:59, 1.37, 41, 324.09, 334.37, 2.97, -0.9291, 0.2187, 0.2950, 0.0443
17:35:59, 1.37, 41, 324.71, 333.96, 2.97, -0.9299, 0.2223, 0.2897, 0.0442
17:35:59, 1.40, 42, 325.40, 333.50, 2.93, -0.9308, 0.2262, 0.2838, 0.0444
17:35:59, 1.40, 42, 326.03, 333.12, 2.92, -0.9316, 0.2294, 0.2784, 0.0442
17:35:59, 1.43, 43, 326.67, 332.79, 2.90, -0.9325, 0.2323, 0.2729, 0.0439
17:35:59, 1.43, 43, 327.31, 332.64, 2.81, -0.9337, 0.2336, 0.2678, 0.0437
17:35:59, 1.43, 43, 327.95, 332.41, 2.71, -0.9347, 0.2355, 0.2626, 0.0437
17:35:59, 1.47, 44, 328.54, 332.25, 2.63, -0.9357, 0.2368, 0.2579, 0.0436
17:35:59, 1.47, 44, 329.10, 332.09, 2.52, -0.9366, 0.2380, 0.2534, 0.0437
17:35:59, 1.50, 45, 329.75, 331.95, 2.29, -0.9377, 0.2389, 0.2485, 0.0445
17:35:59, 1.50, 45, 330.29, 331.69, 2.10, -0.9382, 0.2409, 0.2442, 0.0455
17:35:59, 1.53, 46, 330.85, 331.38, 1.92, -0.9387, 0.2432, 0.2398, 0.0465
17:35:59, 1.53, 46, 331.32, 330.96, 1.86, -0.9388, 0.2468, 0.2357, 0.0468
17:35:59, 1.53, 46, 331.85, 330.64, 1.76, -0.9392, 0.2494, 0.2315, 0.0472
17:35:59, 1.57, 47, 332.41, 330.46, 1.61, -0.9398, 0.2508, 0.2271, 0.0476
17:35:59, 1.57, 47, 332.93, 330.30, 1.56, -0.9405, 0.2522, 0.2228, 0.0472
17:35:59, 1.60, 48, 333.55, 330.25, 1.42, -0.9415, 0.2527, 0.2180, 0.0471
17:35:59, 1.60, 48, 334.23, 330.22, 1.26, -0.9426, 0.2529, 0.2127, 0.0470
17:35:59, 1.60, 48, 334.95, 330.28, 1.07, -0.9440, 0.2523, 0.2072, 0.0468
17:35:59, 1.63, 49, 335.73, 330.32, 0.81, -0.9454, 0.2518, 0.2015, 0.0471
17:35:59, 1.63, 49, 336.55, 330.45, 0.60, -0.9470, 0.2507, 0.1952, 0.0469
17:35:59, 1.67, 50, 337.35, 330.53, 0.38, -0.9484, 0.2500, 0.1891, 0.0468
17:35:59, 1.67, 50, 338.17, 330.59, 0.19, -0.9498, 0.2495, 0.1828, 0.0465
17:35:59, 1.67, 50, 338.98, 330.56, 0.02, -0.9510, 0.2498, 0.1763, 0.0462
17:35:59, 1.70, 51, 339.77, 330.61, 359.92, -0.9522, 0.2496, 0.1701, 0.0452
17:35:59, 1.70, 51, 340.63, 330.59, 359.78, -0.9534, 0.2499, 0.1632, 0.0446
17:35:59, 1.73, 52, 341.50, 330.59, 359.59, -0.9545, 0.2500, 0.1564, 0.0442
17:35:59, 1.73, 52, 342.36, 330.72, 359.42, -0.9559, 0.2490, 0.1496, 0.0436
17:35:59, 1.77, 53, 343.23, 330.83, 359.27, -0.9572, 0.2482, 0.1427, 0.0428
17:35:59, 1.77, 53, 344.07, 330.94, 359.19, -0.9584, 0.2475, 0.1359, 0.0416
17:35:59, 1.77, 53, 344.91, 330.96, 359.09, -0.9594, 0.2475, 0.1291, 0.0405
17:35:59, 1.80, 54, 345.83, 330.90, 358.85, -0.9602, 0.2481, 0.1219, 0.0406
17:35:59, 1.80, 54, 346.73, 330.89, 358.71, -0.9610, 0.2484, 0.1147, 0.0399
17:35:59, 1.83, 55, 347.60, 330.90, 358.62, -0.9619, 0.2485, 0.1075, 0.0387
17:35:59, 1.83, 55, 348.47, 330.92, 358.52, -0.9627, 0.2485, 0.1004, 0.0377
17:35:59, 1.83, 55, 349.28, 330.95, 358.41, -0.9634, 0.2484, 0.0938, 0.0367
17:35:59, 1.87, 56, 350.19, 330.96, 358.30, -0.9641, 0.2485, 0.0865, 0.0358
17:35:59, 1.87, 56, 351.00, 330.95, 358.25, -0.9646, 0.2489, 0.0797, 0.0344
17:35:59, 1.90, 57, 351.87, 330.95, 358.13, -0.9652, 0.2490, 0.0727, 0.0336
17:35:59, 1.90, 57, 352.71, 330.95, 357.93, -0.9656, 0.2492, 0.0660, 0.0334
17:35:59, 1.93, 58, 353.49, 330.86, 357.80, -0.9658, 0.2501, 0.0597, 0.0328
17:35:59, 1.93, 58, 354.27, 330.80, 357.69, -0.9661, 0.2507, 0.0534, 0.0321
17:35:59, 1.93, 58, 355.04, 330.71, 357.52, -0.9661, 0.2516, 0.0474, 0.0319
17:35:59, 1.97, 59, 355.80, 330.62, 357.31, -0.9662, 0.2525, 0.0414, 0.0319
17:35:59, 1.97, 59, 356.46, 330.50, 357.23, -0.9661, 0.2537, 0.0360, 0.0313
17:35:59, 2.00, 60, 357.15, 330.56, 357.12, -0.9664, 0.2534, 0.0305, 0.0306
17:35:59, 2.00, 60, 357.83, 330.63, 356.99, -0.9667, 0.2529, 0.0250, 0.0302
17:35:59, 2.00, 60, 358.40, 330.67, 356.97, -0.9669, 0.2527, 0.0202, 0.0291
17:35:59, 2.03, 61, 359.08, 330.71, 356.86, -0.9671, 0.2525, 0.0147, 0.0285
17:35:59, 2.03, 61, 359.79, 330.73, 356.82, -0.9672, 0.2525, 0.0088, 0.0273
17:35:59, 2.07, 62, 0.42, 330.76, 356.80, -0.9673, 0.2524, 0.0035, 0.0261
17:35:59, 2.07, 62, 1.10, 330.84, 356.82, -0.9675, 0.2518, -0.0023, 0.0244
17:35:59, 2.10, 63, 1.86, 331.05, 356.87, -0.9679, 0.2503, -0.0089, 0.0224
17:35:59, 2.10, 63, 2.61, 331.27, 356.93, -0.9683, 0.2485, -0.0154, 0.0203
17:35:59, 2.10, 63, 3.48, 331.49, 356.89, -0.9686, 0.2468, -0.0228, 0.0188
17:35:59, 2.13, 64, 4.36, 331.72, 356.94, -0.9689, 0.2450, -0.0304, 0.0166
17:35:59, 2.13, 64, 5.34, 332.11, 356.96, -0.9694, 0.2419, -0.0388, 0.0145
17:35:59, 2.17, 65, 6.27, 332.42, 356.98, -0.9697, 0.2394, -0.0468, 0.0126
17:36:00, 2.17, 65, 7.30, 332.82, 356.99, -0.9701, 0.2360, -0.0557, 0.0105
17:36:00, 2.17, 65, 8.36, 333.24, 356.99, -0.9704, 0.2326, -0.0648, 0.0086
17:36:00, 2.20, 66, 9.50, 333.69, 356.88, -0.9706, 0.2289, -0.0744, 0.0076
17:36:00, 2.20, 66, 10.60, 334.11, 356.78, -0.9706, 0.2255, -0.0837, 0.0066
17:36:00, 2.23, 67, 11.71, 334.55, 356.70, -0.9706, 0.2219, -0.0931, 0.0055
17:36:00, 2.23, 67, 12.85, 334.98, 356.58, -0.9704, 0.2184, -0.1028, 0.0047
17:36:00, 2.27, 68, 13.98, 335.35, 356.55, -0.9700, 0.2153, -0.1125, 0.0032
17:36:00, 2.27, 68, 15.08, 335.75, 356.46, -0.9696, 0.2121, -0.1218, 0.0024
17:36:00, 2.27, 68, 16.18, 336.08, 356.34, -0.9690, 0.2094, -0.1311, 0.0018
17:36:00, 2.30, 69, 17.39, 336.42, 356.05, -0.9681, 0.2070, -0.1409, 0.0025
17:36:00, 2.30, 69, 18.48, 336.84, 355.86, -0.9675, 0.2037, -0.1501, 0.0027
17:36:00, 2.33, 70, 19.59, 337.26, 355.72, -0.9667, 0.2004, -0.1594, 0.0026
17:36:00, 2.33, 70, 20.60, 337.74, 355.59, -0.9660, 0.1965, -0.1680, 0.0027
17:36:00, 2.37, 71, 21.63, 338.10, 355.60, -0.9650, 0.1935, -0.1769, 0.0014
17:36:00, 2.37, 71, 22.63, 338.48, 355.51, -0.9640, 0.1905, -0.1854, 0.0012
17:36:00, 2.37, 71, 23.65, 338.74, 355.42, -0.9627, 0.1885, -0.1940, 0.0007
17:36:00, 2.40, 72, 24.69, 339.08, 355.31, -0.9614, 0.1858, -0.2028, 0.0005
17:36:00, 2.40, 72, 25.69, 339.46, 355.16, -0.9602, 0.1829, -0.2112, 0.0009
17:36:00, 2.43, 73, 26.73, 340.05, 354.90, -0.9590, 0.1785, -0.2200, 0.0026
17:36:00, 2.43, 73, 27.63, 340.61, 354.81, -0.9580, 0.1741, -0.2278, 0.0032
17:36:00, 2.43, 73, 28.58, 341.16, 354.72, -0.9568, 0.1697, -0.2359, 0.0037
17:36:00, 2.47, 74, 29.46, 341.66, 354.68, -0.9556, 0.1656, -0.2436, 0.0039
17:36:00, 2.47, 74, 30.28, 342.19, 354.74, -0.9545, 0.1611, -0.2509, 0.0034
17:36:00, 2.50, 75, 31.07, 342.81, 354.77, -0.9535, 0.1559, -0.2580, 0.0034
17:36:00, 2.50, 75, 31.86, 343.46, 354.86, -0.9524, 0.1504, -0.2651, 0.0032
17:36:00, 2.53, 76, 32.54, 344.14, 355.07, -0.9515, 0.1442, -0.2716, 0.0023
17:36:00, 2.53, 76, 33.24, 344.87, 355.28, -0.9506, 0.1377, -0.2781, 0.0015
17:36:00, 2.53, 76, 33.80, 345.57, 355.56, -0.9499, 0.1313, -0.2835, 0.0003
17:36:00, 2.57, 77, 34.44, 346.33, 355.81, -0.9490, 0.1244, -0.2896, -0.0005
17:36:00, 2.57, 77, 34.95, 347.03, 356.14, -0.9483, 0.1178, -0.2946, -0.0020
17:36:00, 2.60, 78, 35.49, 347.71, 356.45, -0.9475, 0.1113, -0.2997, -0.0033
17:36:00, 2.60, 78, 35.95, 348.38, 356.77, -0.9468, 0.1049, -0.3042, -0.0046
17:36:00, 2.60, 78, 36.37, 348.92, 357.06, -0.9461, 0.0996, -0.3082, -0.0058
17:36:00, 2.63, 79, 36.79, 349.34, 357.24, -0.9452, 0.0957, -0.3120, -0.0066
17:36:00, 2.63, 79, 37.10, 349.75, 357.41, -0.9447, 0.0918, -0.3149, -0.0071
17:36:00, 2.67, 80, 37.46, 350.18, 357.51, -0.9439, 0.0880, -0.3181, -0.0069
17:36:00, 2.67, 80, 37.79, 350.48, 357.61, -0.9432, 0.0852, -0.3210, -0.0072
17:36:00, 2.70, 81, 38.10, 350.74, 357.69, -0.9425, 0.0829, -0.3238, -0.0074
17:36:00, 2.70, 81, 38.46, 351.02, 357.75, -0.9416, 0.0803, -0.3268, -0.0073
17:36:00, 2.70, 81, 38.79, 351.41, 357.71, -0.9409, 0.0772, -0.3297, -0.0061
17:36:00, 2.73, 82, 39.07, 351.76, 357.68, -0.9403, 0.0744, -0.3321, -0.0050
17:36:00, 2.73, 82, 39.41, 352.12, 357.63, -0.9395, 0.0716, -0.3350, -0.0037
17:36:00, 2.77, 83, 39.69, 352.48, 357.58, -0.9389, 0.0688, -0.3373, -0.0024
17:36:00, 2.77, 83, 39.99, 352.70, 357.52, -0.9381, 0.0672, -0.3399, -0.0014
17:36:00, 2.77, 83, 40.26, 353.00, 357.47, -0.9374, 0.0649, -0.3421, -0.0004
17:36:00, 2.80, 84, 40.60, 353.31, 357.39, -0.9365, 0.0626, -0.3450, 0.0011
17:36:00, 2.80, 84, 40.89, 353.61, 357.26, -0.9357, 0.0605, -0.3475, 0.0029
17:36:00, 2.83, 85, 41.15, 353.89, 357.20, -0.9350, 0.0585, -0.3496, 0.0041
17:36:00, 2.83, 85, 41.40, 353.93, 357.16, -0.9343, 0.0582, -0.3517, 0.0045
17:36:00, 2.87, 86, 41.64, 353.99, 357.08, -0.9336, 0.0581, -0.3536, 0.0052
17:36:00, 2.87, 86, 41.86, 354.12, 357.00, -0.9330, 0.0572, -0.3553, 0.0061
17:36:00, 2.87, 86, 42.09, 354.27, 356.93, -0.9323, 0.0562, -0.3573, 0.0070
17:36:00, 2.90, 87, 42.28, 354.46, 356.83, -0.9317, 0.0550, -0.3589, 0.0084
17:36:00, 2.90, 87, 42.47, 354.71, 356.70, -0.9312, 0.0534, -0.3604, 0.0101
17:36:00, 2.93, 88, 42.65, 354.98, 356.53, -0.9307, 0.0518, -0.3619, 0.0123
17:36:00, 2.93, 88, 42.82, 355.41, 356.40, -0.9303, 0.0487, -0.3634, 0.0146
17:36:00, 2.93, 88, 42.96, 355.80, 356.42, -0.9299, 0.0455, -0.3647, 0.0156
17:36:00, 2.97, 89, 43.10, 356.13, 356.45, -0.9295, 0.0427, -0.3659, 0.0164
17:36:00, 2.97, 89, 43.24, 356.38, 356.47, -0.9291, 0.0407, -0.3672, 0.0170
17:36:00, 3.00, 90, 43.37, 356.70, 356.47, -0.9287, 0.0381, -0.3684, 0.0180
17:36:00, 3.00, 90, 43.55, 357.11, 356.52, -0.9282, 0.0347, -0.3700, 0.0188
17:36:00, 3.00, 90, 43.70, 357.54, 356.64, -0.9278, 0.0308, -0.3713, 0.0193
17:36:00, 3.03, 91, 43.82, 358.00, 356.72, -0.9275, 0.0269, -0.3724, 0.0200
17:36:00, 3.03, 91, 43.97, 358.45, 356.78, -0.9270, 0.0230, -0.3739, 0.0210
17:36:00, 3.07, 92, 44.15, 358.83, 356.85, -0.9264, 0.0198, -0.3754, 0.0217
17:36:00, 3.07, 92, 44.33, 359.28, 356.99, -0.9258, 0.0157, -0.3769, 0.0220
17:36:00, 3.10, 93, 44.53, 359.76, 357.21, -0.9252, 0.0112, -0.3787, 0.0217
17:36:00, 3.10, 93, 44.81, 0.09, 357.40, -0.9243, 0.0079, -0.3811, 0.0212
17:36:00, 3.10, 93, 45.01, 0.34, 357.67, -0.9236, 0.0050, -0.3827, 0.0199
17:36:00, 3.13, 94, 45.26, 0.54, 357.99, -0.9228, 0.0024, -0.3848, 0.0180
17:36:00, 3.13, 94, 45.50, 0.68, 358.30, -0.9220, 0.0002, -0.3868, 0.0160
17:36:00, 3.17, 95, 45.78, 0.80, 358.61, -0.9211, -0.0018, -0.3890, 0.0139
17:36:01, 3.17, 95, 46.07, 0.91, 358.94, -0.9202, -0.0037, -0.3913, 0.0116
17:36:01, 3.20, 96, 46.37, 0.98, 359.14, -0.9192, -0.0049, -0.3937, 0.0103
17:36:01, 3.20, 96, 46.66, 1.02, 359.40, -0.9182, -0.0061, -0.3960, 0.0083
17:36:01, 3.20, 96, 47.02, 1.10, 359.55, -0.9169, -0.0072, -0.3989, 0.0074
17:36:01, 3.23, 97, 47.36, 1.12, 359.66, -0.9157, -0.0078, -0.4016, 0.0067
17:36:01, 3.23, 97, 47.72, 1.16, 359.73, -0.9145, -0.0083, -0.4045, 0.0062
17:36:01, 3.27, 98, 48.09, 1.21, 359.72, -0.9132, -0.0087, -0.4075, 0.0065
17:36:01, 3.27, 98, 48.39, 1.25, 359.68, -0.9121, -0.0088, -0.4098, 0.0070
17:36:01, 3.27, 98, 48.75, 1.26, 359.62, -0.9108, -0.0086, -0.4127, 0.0075
17:36:01, 3.30, 99, 49.12, 1.25, 359.46, -0.9094, -0.0080, -0.4157, 0.0088
17:36:01, 3.30, 99, 49.50, 1.31, 359.36, -0.9080, -0.0080, -0.4187, 0.0099
17:36:01, 3.33, 100, 49.87, 1.33, 359.30, -0.9067, -0.0080, -0.4216, 0.0105
17:36:01, 3.33, 100, 50.18, 1.39, 359.25, -0.9055, -0.0083, -0.4240, 0.0111
17:36:01, 3.37, 101, 50.47, 1.42, 359.25, -0.9045, -0.0084, -0.4263, 0.0112
17:36:01, 3.37, 101, 50.81, 1.39, 359.24, -0.9032, -0.0081, -0.4290, 0.0112
17:36:01, 3.37, 101, 51.05, 1.36, 359.23, -0.9023, -0.0078, -0.4309, 0.0112
17:36:01, 3.40, 102, 51.32, 1.34, 359.20, -0.9013, -0.0075, -0.4331, 0.0114
17:36:01, 3.40, 102, 51.56, 1.35, 359.10, -0.9003, -0.0072, -0.4349, 0.0122
17:36:01, 3.43, 103, 51.72, 1.40, 358.99, -0.8997, -0.0072, -0.4362, 0.0132
17:36:01, 3.43, 103, 51.86, 1.46, 358.86, -0.8992, -0.0071, -0.4373, 0.0145
17:36:01, 3.43, 103, 52.00, 1.55, 358.72, -0.8986, -0.0072, -0.4384, 0.0160
17:36:01, 3.47, 104, 52.10, 1.56, 358.64, -0.8982, -0.0070, -0.4392, 0.0166
17:36:01, 3.47, 104, 52.21, 1.57, 358.66, -0.8978, -0.0071, -0.4401, 0.0165
17:36:01, 3.50, 105, 52.34, 1.60, 358.74, -0.8973, -0.0077, -0.4411, 0.0160
17:36:01, 3.50, 105, 52.42, 1.63, 358.81, -0.8970, -0.0082, -0.4417, 0.0156
17:36:01, 3.53, 106, 52.52, 1.69, 358.83, -0.8966, -0.0087, -0.4425, 0.0157
17:36:01, 3.53, 106, 52.65, 1.73, 358.82, -0.8961, -0.0090, -0.4435, 0.0160
17:36:01, 3.53, 106, 52.82, 1.74, 358.76, -0.8954, -0.0088, -0.4449, 0.0164
17:36:01, 3.57, 107, 52.99, 1.82, 358.75, -0.8947, -0.0094, -0.4462, 0.0168
17:36:01, 3.57, 107, 53.15, 1.95, 358.80, -0.8941, -0.0105, -0.4475, 0.0170
17:36:01, 3.60, 108, 53.32, 2.17, 358.85, -0.8934, -0.0124, -0.4488, 0.0175
17:36:01, 3.60, 108, 53.52, 2.35, 358.90, -0.8926, -0.0140, -0.4503, 0.0178
17:36:01, 3.60, 108, 53.69, 2.49, 358.99, -0.8919, -0.0154, -0.4516, 0.0177
17:36:01, 3.63, 109, 53.88, 2.61, 359.08, -0.8911, -0.0167, -0.4531, 0.0174
17:36:01, 3.63, 109, 54.06, 2.75, 359.19, -0.8904, -0.0182, -0.4545, 0.0172
17:36:01, 3.67, 110, 54.28, 2.86, 359.29, -0.8895, -0.0194, -0.4561, 0.0169
17:36:01, 3.67, 110, 54.45, 3.01, 359.42, -0.8888, -0.0210, -0.4575, 0.0165
17:36:01, 3.70, 111, 54.66, 3.10, 359.52, -0.8880, -0.0221, -0.4591, 0.0161
17:36:01, 3.70, 111, 54.88, 3.17, 359.56, -0.8871, -0.0228, -0.4607, 0.0161
17:36:01, 3.70, 111, 55.11, 3.22, 359.56, -0.8862, -0.0231, -0.4625, 0.0164
17:36:01, 3.73, 112, 55.31, 3.28, 359.61, -0.8853, -0.0238, -0.4640, 0.0163
17:36:01, 3.73, 112, 55.50, 3.31, 359.66, -0.8846, -0.0242, -0.4655, 0.0161
17:36:01, 3.77, 113, 55.71, 3.36, 359.63, -0.8837, -0.0244, -0.4671, 0.0165
17:36:01, 3.77, 113, 55.91, 3.40, 359.55, -0.8829, -0.0243, -0.4686, 0.0174
17:36:01, 3.77, 113, 56.12, 3.44, 359.53, -0.8820, -0.0246, -0.4703, 0.0177
17:36:01, 3.80, 114, 56.37, 3.50, 359.50, -0.8809, -0.0249, -0.4722, 0.0183
17:36:01, 3.80, 114, 56.64, 3.58, 359.43, -0.8798, -0.0251, -0.4743, 0.0192
17:36:01, 3.83, 115, 57.01, 3.64, 359.29, -0.8782, -0.0249, -0.4771, 0.0206
17:36:01, 3.83, 115, 57.45, 3.67, 359.12, -0.8763, -0.0243, -0.4806, 0.0221
17:36:01, 3.87, 116, 57.95, 3.68, 359.00, -0.8742, -0.0239, -0.4844, 0.0232
17:36:01, 3.87, 116, 58.63, 3.65, 358.91, -0.8713, -0.0231, -0.4896, 0.0239
17:36:01, 3.87, 116, 59.33, 3.60, 358.81, -0.8683, -0.0222, -0.4950, 0.0245
17:36:01, 3.90, 117, 60.15, 3.54, 358.81, -0.8647, -0.0216, -0.5011, 0.0244
17:36:01, 3.90, 117, 61.11, 3.46, 358.87, -0.8606, -0.0210, -0.5083, 0.0238
17:36:01, 3.93, 118, 62.21, 3.39, 359.01, -0.8557, -0.0209, -0.5165, 0.0227
17:36:01, 3.93, 118, 63.41, 3.37, 359.14, -0.8503, -0.0211, -0.5255, 0.0218
17:36:01, 3.93, 118, 64.67, 3.21, 359.27, -0.8445, -0.0203, -0.5348, 0.0204
17:36:01, 3.97, 119, 66.02, 3.09, 359.37, -0.8382, -0.0196, -0.5447, 0.0193
17:36:01, 3.97, 119, 67.39, 2.92, 359.53, -0.8317, -0.0189, -0.5547, 0.0175
17:36:01, 4.00, 120, 68.79, 2.81, 359.66, -0.8249, -0.0186, -0.5648, 0.0163
17:36:01, 4.00, 120, 70.23, 2.79, 359.73, -0.8177, -0.0186, -0.5751, 0.0159
17:36:01, 4.03, 121, 71.65, 2.83, 359.87, -0.8106, -0.0194, -0.5851, 0.0153
17:36:01, 4.03, 121, 73.06, 2.97, 359.90, -0.8033, -0.0203, -0.5951, 0.0161
17:36:01, 4.03, 121, 74.47, 3.03, 359.93, -0.7959, -0.0207, -0.6049, 0.0164
17:36:01, 4.07, 122, 75.82, 3.16, 359.90, -0.7887, -0.0212, -0.6142, 0.0176
17:36:01, 4.07, 122, 77.14, 3.26, 359.81, -0.7815, -0.0212, -0.6232, 0.0190
17:36:01, 4.10, 123, 78.50, 3.51, 359.73, -0.7740, -0.0222, -0.6325, 0.0212
17:36:01, 4.10, 123, 79.83, 3.68, 359.67, -0.7666, -0.0228, -0.6414, 0.0228
17:36:01, 4.10, 123, 81.18, 3.77, 359.71, -0.7589, -0.0233, -0.6504, 0.0233
17:36:01, 4.13, 124, 82.70, 3.87, 359.87, -0.7502, -0.0246, -0.6603, 0.0232
17:36:01, 4.13, 124, 84.48, 4.02, 359.97, -0.7399, -0.0258, -0.6718, 0.0237
17:36:01, 4.17, 125, 86.55, 4.24, 0.11, -0.7276, -0.0276, -0.6850, 0.0247
17:36:02, 4.17, 125, 88.96, 4.39, 0.43, -0.7131, -0.0300, -0.7000, 0.0241
17:36:02, 4.20, 126, 91.62, 4.56, 0.91, -0.6967, -0.0334, -0.7162, 0.0230
17:36:02, 4.20, 126, 94.41, 4.69, 1.39, -0.6791, -0.0367, -0.7328, 0.0218
17:36:02, 4.20, 126, 97.32, 4.80, 1.79, -0.6604, -0.0394, -0.7496, 0.0211
17:36:02, 4.23, 127, 100.27, 4.76, 2.18, -0.6409, -0.0412, -0.7663, 0.0197
17:36:02, 4.23, 127, 103.49, 4.64, 2.56, -0.6192, -0.0426, -0.7838, 0.0180
17:36:02, 4.27, 128, 106.71, 4.33, 2.88, -0.5970, -0.0427, -0.8010, 0.0153
17:36:02, 4.27, 128, 109.98, 3.95, 3.23, -0.5739, -0.0428, -0.8177, 0.0121
17:36:02, 4.27, 128, 113.28, 3.63, 3.61, -0.5502, -0.0437, -0.8339, 0.0092
17:36:02, 4.30, 129, 116.71, 3.31, 3.97, -0.5249, -0.0446, -0.8499, 0.0064
17:36:02, 4.30, 129, 120.20, 3.09, 4.34, -0.4988, -0.0462, -0.8655, 0.0045
17:36:02, 4.33, 130, 123.65, 2.97, 4.65, -0.4726, -0.0479, -0.8800, 0.0037
17:36:02, 4.33, 130, 127.14, 2.90, 4.88, -0.4455, -0.0493, -0.8939, 0.0037
17:36:02, 4.37, 131, 130.58, 2.96, 5.00, -0.4185, -0.0504, -0.9068, 0.0052
17:36:02, 4.37, 131, 134.06, 3.06, 4.97, -0.3908, -0.0503, -0.9191, 0.0076
17:36:02, 4.37, 131, 137.57, 3.04, 4.85, -0.3625, -0.0490, -0.9306, 0.0094
17:36:02, 4.40, 132, 140.91, 3.10, 4.76, -0.3352, -0.0482, -0.9408, 0.0116
17:36:02, 4.40, 132, 144.30, 3.16, 4.70, -0.3073, -0.0475, -0.9503, 0.0136
17:36:02, 4.43, 133, 147.68, 3.00, 4.60, -0.2790, -0.0458, -0.9591, 0.0140
17:36:02, 4.43, 133, 151.13, 2.64, 4.38, -0.2499, -0.0427, -0.9673, 0.0128
17:36:02, 4.43, 133, 154.74, 2.11, 4.15, -0.2191, -0.0393, -0.9749, 0.0101
17:36:02, 4.47, 134, 158.52, 1.61, 3.91, -0.1867, -0.0361, -0.9817, 0.0074
17:36:02, 4.47, 134, 162.24, 1.29, 3.65, -0.1546, -0.0332, -0.9874, 0.0062
17:36:02, 4.50, 135, 165.93, 1.16, 3.39, -0.1227, -0.0306, -0.9919, 0.0064
17:36:02, 4.50, 135, 169.54, 1.15, 3.24, -0.0914, -0.0291, -0.9954, 0.0075
17:36:02, 4.53, 136, 173.14, 1.24, 3.25, -0.0601, -0.0289, -0.9977, 0.0091
17:36:02, 4.53, 136, 176.63, 1.43, 3.41, -0.0298, -0.0301, -0.9990, 0.0116
17:36:02, 4.53, 136, 179.99, 1.65, 3.55, -0.0005, -0.0309, -0.9994, 0.0144
17:36:02, 4.57, 137, 183.14, 1.94, 3.82, 0.0268, -0.0329, -0.9989, 0.0178
17:36:02, 4.57, 137, 186.26, 2.11, 4.12, 0.0539, -0.0349, -0.9977, 0.0203
17:36:02, 4.60, 138, 189.25, 2.19, 4.34, 0.0798, -0.0362, -0.9959, 0.0221
17:36:02, 4.60, 138, 192.16, 2.26, 4.64, 0.1050, -0.0381, -0.9935, 0.0239
17:36:02, 4.60, 138, 194.98, 2.20, 4.78, 0.1294, -0.0389, -0.9905, 0.0244
17:36:02, 4.63, 139, 197.66, 2.13, 4.79, 0.1526, -0.0384, -0.9872, 0.0247
17:36:02, 4.63, 139, 200.11, 1.96, 4.65, 0.1737, -0.0370, -0.9838, 0.0239
17:36:02, 4.67, 140, 202.47, 1.67, 4.50, 0.1941, -0.0356, -0.9801, 0.0219
17:36:02, 4.67, 140, 204.70, 1.43, 4.43, 0.2133, -0.0351, -0.9761, 0.0205
17:36:02, 4.67, 140, 206.87, 1.19, 4.35, 0.2318, -0.0345, -0.9720, 0.0189
17:36:02, 4.70, 141, 208.81, 1.04, 4.34, 0.2483, -0.0344, -0.9679, 0.0182
17:36:02, 4.70, 141, 210.65, 0.96, 4.29, 0.2638, -0.0339, -0.9638, 0.0180
17:36:02, 4.73, 142, 212.31, 0.89, 4.33, 0.2778, -0.0341, -0.9599, 0.0180
17:36:02, 4.73, 142, 213.95, 0.77, 4.26, 0.2915, -0.0336, -0.9558, 0.0173
17:36:02, 4.77, 143, 215.48, 0.68, 4.20, 0.3043, -0.0331, -0.9519, 0.0168
17:36:02, 4.77, 143, 216.91, 0.64, 4.06, 0.3162, -0.0318, -0.9480, 0.0165
17:36:02, 4.77, 143, 218.31, 0.65, 3.86, 0.3278, -0.0299, -0.9441, 0.0164
17:36:02, 4.80, 144, 219.60, 0.67, 3.66, 0.3384, -0.0281, -0.9404, 0.0163
17:36:02, 4.80, 144, 220.87, 0.80, 3.46, 0.3488, -0.0259, -0.9367, 0.0171
17:36:02, 4.83, 145, 222.12, 0.78, 3.19, 0.3590, -0.0236, -0.9329, 0.0164
17:36:02, 4.83, 145, 223.27, 0.80, 2.93, 0.3684, -0.0212, -0.9293, 0.0159
17:36:02, 4.87, 146, 224.48, 0.90, 2.70, 0.3782, -0.0188, -0.9254, 0.0162
17:36:02, 4.87, 146, 225.64, 1.04, 2.40, 0.3876, -0.0158, -0.9216, 0.0165
17:36:02, 4.87, 146, 226.76, 1.22, 2.07, 0.3966, -0.0123, -0.9178, 0.0169
17:36:02, 4.90, 147, 227.88, 1.32, 1.80, 0.4056, -0.0097, -0.9139, 0.0169
17:36:02, 4.90, 147, 229.00, 1.49, 1.62, 0.4145, -0.0074, -0.9099, 0.0177
17:36:02, 4.93, 148, 230.01, 1.68, 1.47, 0.4224, -0.0054, -0.9062, 0.0187
17:36:02, 4.93, 148, 230.97, 1.82, 1.35, 0.4300, -0.0038, -0.9026, 0.0194
17:36:02, 4.93, 148, 231.94, 2.04, 1.38, 0.4376, -0.0031, -0.8989, 0.0213
17:36:02, 4.97, 149, 232.84, 2.22, 1.42, 0.4446, -0.0025, -0.8954, 0.0228
17:36:02, 4.97, 149, 233.65, 2.42, 1.54, 0.4508, -0.0025, -0.8923, 0.0249
17:36:02, 5.00, 150, 234.50, 2.50, 1.69, 0.4574, -0.0031, -0.8889, 0.0261
17:36:02, 5.00, 150, 235.33, 2.61, 1.80, 0.4638, -0.0033, -0.8855, 0.0275
17:36:02, 5.00, 150, 236.13, 2.74, 1.89, 0.4699, -0.0033, -0.8822, 0.0288
17:36:02, 5.03, 151, 236.99, 2.82, 1.94, 0.4765, -0.0031, -0.8787, 0.0297
17:36:02, 5.03, 151, 237.80, 2.93, 1.95, 0.4827, -0.0025, -0.8753, 0.0306
17:36:02, 5.07, 152, 238.62, 3.03, 1.86, 0.4889, -0.0012, -0.8718, 0.0310
17:36:02, 5.07, 152, 239.49, 3.11, 1.80, 0.4956, -0.0002, -0.8680, 0.0314
17:36:02, 5.10, 153, 240.34, 3.19, 1.72, 0.5020, 0.0010, -0.8643, 0.0316
17:36:02, 5.10, 153, 241.21, 3.23, 1.64, 0.5085, 0.0020, -0.8605, 0.0315
17:36:02, 5.10, 153, 241.99, 3.33, 1.56, 0.5144, 0.0033, -0.8570, 0.0319
17:36:02, 5.13, 154, 242.79, 3.54, 1.53, 0.5203, 0.0047, -0.8533, 0.0333
17:36:02, 5.13, 154, 243.43, 3.81, 1.51, 0.5250, 0.0063, -0.8504, 0.0352
17:36:02, 5.17, 155, 244.07, 4.17, 1.38, 0.5297, 0.0091, -0.8473, 0.0372
17:36:03, 5.17, 155, 244.66, 4.65, 1.30, 0.5339, 0.0121, -0.8445, 0.0403
17:36:03, 5.20, 156, 245.18, 5.24, 1.21, 0.5376, 0.0158, -0.8419, 0.0442
17:36:03, 5.20, 156, 245.62, 6.15, 1.12, 0.5406, 0.0209, -0.8395, 0.0503
17:36:03, 5.20, 156, 245.91, 7.27, 1.15, 0.5424, 0.0261, -0.8377, 0.0586
17:36:03, 5.23, 157, 246.21, 8.56, 1.14, 0.5440, 0.0324, -0.8357, 0.0679
17:36:03, 5.23, 157, 246.38, 10.07, 1.11, 0.5445, 0.0400, -0.8341, 0.0787
17:36:03, 5.27, 158, 246.47, 11.78, 1.17, 0.5443, 0.0478, -0.8326, 0.0914
17:36:03, 5.27, 158, 246.55, 13.51, 1.20, 0.5438, 0.0558, -0.8309, 0.1040
17:36:03, 5.27, 158, 246.56, 15.31, 1.13, 0.5427, 0.0649, -0.8293, 0.1167
17:36:03, 5.30, 159, 246.46, 17.19, 0.96, 0.5408, 0.0750, -0.8277, 0.1296
17:36:03, 5.30, 159, 246.22, 19.16, 0.64, 0.5378, 0.0863, -0.8264, 0.1424
17:36:03, 5.33, 160, 245.76, 21.11, 0.17, 0.5335, 0.0982, -0.8258, 0.1546
17:36:03, 5.33, 160, 245.19, 23.06, 359.70, 0.5283, 0.1099, -0.8252, 0.1670
17:36:03, 5.37, 161, 244.56, 25.07, 359.17, 0.5227, 0.1219, -0.8244, 0.1797
17:36:03, 5.37, 161, 243.84, 27.08, 358.59, 0.5164, 0.1339, -0.8236, 0.1924
17:36:03, 5.37, 161, 243.10, 28.91, 357.96, 0.5104, 0.1453, -0.8228, 0.2037
17:36:03, 5.40, 162, 242.29, 30.53, 357.20, 0.5043, 0.1563, -0.8221, 0.2131
17:36:03, 5.40, 162, 241.44, 31.86, 356.39, 0.4985, 0.1662, -0.8218, 0.2203
17:36:03, 5.43, 163, 240.73, 32.79, 355.56, 0.4940, 0.1746, -0.8216, 0.2246
17:36:03, 5.43, 163, 240.16, 33.58, 354.77, 0.4907, 0.1824, -0.8210, 0.2278
17:36:03, 5.43, 163, 239.85, 34.14, 354.11, 0.4893, 0.1888, -0.8199, 0.2296
17:36:03, 5.47, 164, 239.68, 34.64, 353.53, 0.4888, 0.1946, -0.8184, 0.2310
17:36:03, 5.47, 164, 239.88, 35.08, 353.17, 0.4906, 0.1993, -0.8158, 0.2323
17:36:03, 5.50, 165, 240.25, 35.50, 353.09, 0.4930, 0.2024, -0.8130, 0.2344
17:36:03, 5.50, 165, 240.79, 36.00, 353.11, 0.4963, 0.2053, -0.8095, 0.2372
17:36:03, 5.53, 166, 241.55, 36.53, 353.41, 0.5005, 0.2070, -0.8054, 0.2409
17:36:03, 5.53, 166, 242.37, 37.11, 353.69, 0.5051, 0.2092, -0.8007, 0.2448
17:36:03, 5.53, 166, 243.30, 37.81, 354.08, 0.5100, 0.2114, -0.7955, 0.2498
17:36:03, 5.57, 167, 244.41, 38.55, 354.60, 0.5157, 0.2133, -0.7896, 0.2553
17:36:03, 5.57, 167, 245.61, 39.15, 355.17, 0.5219, 0.2148, -0.7836, 0.2598
17:36:03, 5.60, 168, 246.84, 39.56, 355.63, 0.5287, 0.2162, -0.7777, 0.2625
17:36:03, 5.60, 168, 248.08, 39.69, 356.10, 0.5358, 0.2164, -0.7725, 0.2632
17:36:03, 5.60, 168, 249.40, 39.60, 356.69, 0.5435, 0.2151, -0.7676, 0.2629
17:36:03, 5.63, 169, 250.68, 39.55, 357.21, 0.5508, 0.2143, -0.7627, 0.2627
17:36:03, 5.63, 169, 251.91, 39.55, 357.79, 0.5577, 0.2133, -0.7578, 0.2631
17:36:03, 5.67, 170, 253.10, 39.59, 358.19, 0.5646, 0.2136, -0.7526, 0.2631
17:36:03, 5.67, 170, 254.17, 39.66, 358.56, 0.5706, 0.2140, -0.7478, 0.2635
17:36:03, 5.67, 170, 255.25, 39.73, 358.86, 0.5768, 0.2149, -0.7428, 0.2634
17:36:03, 5.70, 171, 256.25, 39.64, 359.20, 0.5827, 0.2145, -0.7386, 0.2627
17:36:03, 5.70, 171, 257.20, 39.45, 359.50, 0.5884, 0.2137, -0.7347, 0.2612
17:36:03, 5.73, 172, 258.20, 39.21, 359.78, 0.5946, 0.2130, -0.7307, 0.2593
17:36:03, 5.73, 172, 259.29, 38.67, 0.07, 0.6019, 0.2108, -0.7267, 0.2553
17:36:03, 5.77, 173, 260.44, 38.08, 0.41, 0.6095, 0.2080, -0.7226, 0.2512
17:36:03, 5.77, 173, 261.65, 37.27, 0.69, 0.6180, 0.2046, -0.7183, 0.2455
17:36:03, 5.77, 173, 262.89, 36.42, 0.92, 0.6268, 0.2011, -0.7137, 0.2393
17:36:03, 5.80, 174, 264.07, 35.68, 1.13, 0.6351, 0.1982, -0.7090, 0.2338
17:36:03, 5.80, 174, 265.17, 34.82, 1.39, 0.6429, 0.1940, -0.7049, 0.2281
17:36:03, 5.83, 175, 266.27, 33.98, 1.66, 0.6507, 0.1896, -0.7007, 0.2227
17:36:03, 5.83, 175, 267.28, 33.24, 1.90, 0.6578, 0.1859, -0.6966, 0.2179
17:36:03, 5.83, 175, 268.14, 32.63, 1.97, 0.6640, 0.1835, -0.6928, 0.2133
17:36:03, 5.87, 176, 268.94, 32.21, 1.91, 0.6697, 0.1828, -0.6888, 0.2092
17:36:03, 5.87, 176, 269.57, 31.92, 1.64, 0.6744, 0.1839, -0.6851, 0.2048
17:36:03, 5.90, 177, 270.22, 31.70, 1.28, 0.6793, 0.1859, -0.6810, 0.2004
17:36:03, 5.90, 177, 270.81, 31.55, 1.06, 0.6835, 0.1873, -0.6774, 0.1972
17:36:03, 5.93, 178, 271.53, 31.29, 0.93, 0.6884, 0.1878, -0.6733, 0.1937
17:36:03, 5.93, 178, 272.34, 30.73, 0.94, 0.6941, 0.1856, -0.6693, 0.1892
17:36:03, 5.93, 178, 273.26, 29.96, 0.89, 0.7008, 0.1827, -0.6648, 0.1830
17:36:03, 5.97, 179, 274.23, 29.07, 0.80, 0.7081, 0.1793, -0.6600, 0.1758
17:36:03, 5.97, 179, 275.34, 28.11, 0.72, 0.7161, 0.1754, -0.6544, 0.1680
17:36:03, 6.00, 180, 276.42, 27.26, 0.56, 0.7238, 0.1726, -0.6485, 0.1606
17:36:03, 6.00, 180, 277.55, 26.31, 0.51, 0.7317, 0.1683, -0.6425, 0.1533
17:36:03, 6.00, 180, 278.74, 25.20, 0.37, 0.7402, 0.1635, -0.6360, 0.1444
17:36:03, 6.03, 181, 279.93, 23.89, 0.27, 0.7487, 0.1570, -0.6297, 0.1349
17:36:03, 6.03, 181, 281.09, 22.67, 0.03, 0.7571, 0.1516, -0.6231, 0.1251
17:36:03, 6.07, 182, 282.33, 21.37, 359.82, 0.7656, 0.1454, -0.6160, 0.1151
17:36:03, 6.07, 182, 283.56, 20.25, 359.48, 0.7739, 0.1409, -0.6084, 0.1052
17:36:03, 6.10, 183, 284.80, 19.09, 359.25, 0.7820, 0.1353, -0.6008, 0.0960
17:36:03, 6.10, 183, 285.93, 17.92, 359.04, 0.7893, 0.1293, -0.5939, 0.0872
17:36:03, 6.10, 183, 287.12, 16.76, 358.80, 0.7967, 0.1234, -0.5864, 0.0782
17:36:03, 6.13, 184, 288.29, 15.60, 358.49, 0.8040, 0.1176, -0.5788, 0.0689
17:36:03, 6.13, 184, 289.38, 14.46, 358.26, 0.8106, 0.1114, -0.5718, 0.0604
17:36:03, 6.17, 185, 290.47, 13.40, 358.03, 0.8169, 0.1056, -0.5646, 0.0525
17:36:04, 6.17, 185, 291.54, 12.22, 357.88, 0.8231, 0.0983, -0.5576, 0.0446
17:36:04, 6.20, 186, 292.63, 11.07, 357.71, 0.8291, 0.0913, -0.5503, 0.0370
17:36:04, 6.20, 186, 293.64, 9.85, 357.61, 0.8347, 0.0832, -0.5436, 0.0296
17:36:04, 6.20, 186, 294.71, 8.63, 357.45, 0.8403, 0.0753, -0.5364, 0.0219
17:36:04, 6.23, 187, 295.76, 7.51, 357.38, 0.8457, 0.0676, -0.5291, 0.0155
17:36:04, 6.23, 187, 296.82, 6.51, 357.25, 0.8509, 0.0609, -0.5217, 0.0093
17:36:04, 6.27, 188, 297.88, 5.56, 357.15, 0.8560, 0.0544, -0.5142, 0.0037
17:36:04, 6.27, 188, 298.96, 4.79, 357.16, 0.8610, 0.0485, -0.5064, -0.0001
17:36:04, 6.27, 188, 300.08, 4.01, 357.16, 0.8660, 0.0427, -0.4982, -0.0040
17:36:04, 6.30, 189, 301.23, 3.30, 357.28, 0.8711, 0.0368, -0.4898, -0.0065
17:36:04, 6.30, 189, 302.44, 2.65, 357.27, 0.8763, 0.0318, -0.4807, -0.0098
17:36:04, 6.33, 190, 303.87, 2.17, 357.19, 0.8822, 0.0283, -0.4698, -0.0127
17:36:04, 6.33, 190, 305.50, 1.72, 357.10, 0.8888, 0.0249, -0.4574, -0.0157
17:36:04, 6.37, 191, 307.26, 1.34, 357.06, 0.8957, 0.0219, -0.4437, -0.0178
17:36:04, 6.37, 191, 309.12, 1.03, 357.10, 0.9028, 0.0190, -0.4292, -0.0190
17:36:04, 6.37, 191, 311.10, 0.85, 357.18, 0.9101, 0.0169, -0.4136, -0.0194
17:36:04, 6.40, 192, 313.12, 0.69, 357.25, 0.9172, 0.0151, -0.3975, -0.0196
17:36:04, 6.40, 192, 315.20, 0.49, 357.34, 0.9243, 0.0128, -0.3809, -0.0198
17:36:04, 6.43, 193, 317.28, 0.21, 357.40, 0.9311, 0.0100, -0.3641, -0.0205
17:36:04, 6.43, 193, 319.50, 359.96, 357.47, 0.9380, 0.0073, -0.3460, -0.0208
17:36:04, 6.43, 193, 321.69, 359.62, 357.55, 0.9444, 0.0039, -0.3281, -0.0213
17:36:04, 6.47, 194, 323.88, 359.36, 357.68, 0.9505, 0.0010, -0.3101, -0.0210
17:36:04, 6.47, 194, 326.04, 359.04, 357.77, 0.9561, -0.0023, -0.2921, -0.0210
17:36:04, 6.50, 195, 328.15, 358.74, 357.83, 0.9613, -0.0054, -0.2745, -0.0212
17:36:04, 6.50, 195, 330.25, 358.40, 357.80, 0.9661, -0.0085, -0.2569, -0.0221
17:36:04, 6.53, 196, 332.38, 358.03, 357.73, 0.9707, -0.0120, -0.2389, -0.0233
17:36:04, 6.53, 196, 334.54, 357.68, 357.77, 0.9749, -0.0155, -0.2207, -0.0234
17:36:04, 6.53, 196, 336.75, 357.36, 357.82, 0.9790, -0.0187, -0.2018, -0.0232
17:36:04, 6.57, 197, 338.95, 357.18, 357.91, 0.9826, -0.0208, -0.1830, -0.0224
17:36:04, 6.57, 197, 341.17, 356.94, 358.04, 0.9860, -0.0235, -0.1639, -0.0213
17:36:04, 6.60, 198, 343.44, 356.85, 358.11, 0.9890, -0.0249, -0.1444, -0.0203
17:36:04, 6.60, 198, 345.91, 356.79, 358.26, 0.9919, -0.0259, -0.1230, -0.0185
17:36:04, 6.60, 198, 348.35, 356.84, 358.47, 0.9943, -0.0261, -0.1018, -0.0161
17:36:04, 6.63, 199, 350.82, 356.98, 358.67, 0.9964, -0.0253, -0.0803, -0.0137
17:36:04, 6.63, 199, 353.22, 357.10, 358.88, 0.9979, -0.0246, -0.0594, -0.0113
17:36:04, 6.67, 200, 355.58, 357.29, 358.98, 0.9989, -0.0233, -0.0388, -0.0098
17:36:04, 6.67, 200, 357.85, 357.37, 359.09, 0.9995, -0.0228, -0.0189, -0.0083
17:36:04, 6.70, 201, 0.11, 357.51, 359.20, 0.9997, -0.0218, 0.0008, -0.0070
17:36:04, 6.70, 201, 2.29, 357.66, 359.27, 0.9996, -0.0206, 0.0198, -0.0059
17:36:04, 6.70, 201, 4.29, 357.80, 359.37, 0.9991, -0.0193, 0.0373, -0.0048
17:36:04, 6.73, 202, 6.21, 357.88, 359.33, 0.9984, -0.0188, 0.0540, -0.0048
17:36:04, 6.73, 202, 8.00, 357.91, 359.36, 0.9974, -0.0186, 0.0696, -0.0043
17:36:04, 6.77, 203, 9.77, 357.95, 359.37, 0.9962, -0.0183, 0.0850, -0.0040
17:36:04, 6.77, 203, 11.38, 358.05, 359.38, 0.9949, -0.0175, 0.0991, -0.0037
17:36:04, 6.77, 203, 13.06, 358.16, 359.38, 0.9934, -0.0166, 0.1136, -0.0036
17:36:04, 6.80, 204, 14.80, 358.32, 359.46, 0.9916, -0.0151, 0.1287, -0.0027
17:36:04, 6.80, 204, 16.58, 358.45, 359.57, 0.9895, -0.0139, 0.1441, -0.0018
17:36:04, 6.83, 205, 18.26, 358.58, 359.66, 0.9873, -0.0127, 0.1586, -0.0010
17:36:04, 6.83, 205, 19.80, 358.66, 359.62, 0.9850, -0.0121, 0.1719, -0.0013
17:36:04, 6.87, 206, 21.24, 358.72, 359.61, 0.9828, -0.0116, 0.1843, -0.0013
17:36:04, 6.87, 206, 22.58, 358.77, 359.65, 0.9806, -0.0111, 0.1957, -0.0009
17:36:04, 6.87, 206, 23.77, 358.84, 359.66, 0.9785, -0.0105, 0.2059, -0.0009
17:36:04, 6.90, 207, 24.96, 358.95, 359.63, 0.9763, -0.0096, 0.2160, -0.0012
17:36:04, 6.90, 207, 26.05, 359.07, 359.57, 0.9742, -0.0088, 0.2253, -0.0018
17:36:04, 6.93, 208, 26.98, 359.15, 359.41, 0.9724, -0.0084, 0.2332, -0.0032
17:36:04, 6.93, 208, 27.88, 359.23, 359.25, 0.9705, -0.0081, 0.2409, -0.0048
17:36:04, 6.93, 208, 28.72, 359.35, 359.03, 0.9687, -0.0076, 0.2480, -0.0068
17:36:04, 6.97, 209, 29.54, 359.38, 358.91, 0.9669, -0.0077, 0.2548, -0.0078
17:36:04, 6.97, 209, 30.33, 359.42, 358.67, 0.9651, -0.0079, 0.2615, -0.0099
17:36:04, 7.00, 210, 31.06, 359.45, 358.48, 0.9634, -0.0082, 0.2677, -0.0115
17:36:04, 7.00, 210, 31.73, 359.40, 358.21, 0.9618, -0.0093, 0.2733, -0.0136
17:36:04, 7.00, 210, 32.42, 359.37, 357.99, 0.9601, -0.0102, 0.2791, -0.0153
17:36:04, 7.03, 211, 33.13, 359.38, 357.74, 0.9583, -0.0108, 0.2849, -0.0174
17:36:04, 7.03, 211, 33.78, 359.36, 357.50, 0.9566, -0.0117, 0.2904, -0.0193
17:36:04, 7.07, 212, 34.47, 359.41, 357.28, 0.9549, -0.0120, 0.2961, -0.0212
17:36:04, 7.07, 212, 35.18, 359.49, 357.05, 0.9530, -0.0120, 0.3020, -0.0232
17:36:04, 7.10, 213, 35.78, 359.53, 356.84, 0.9513, -0.0123, 0.3070, -0.0250
17:36:04, 7.10, 213, 36.37, 359.63, 356.68, 0.9497, -0.0121, 0.3118, -0.0265
17:36:04, 7.10, 213, 36.93, 359.76, 356.58, 0.9481, -0.0114, 0.3165, -0.0276
17:36:04, 7.13, 214, 37.48, 359.86, 356.50, 0.9466, -0.0109, 0.3211, -0.0286
17:36:04, 7.13, 214, 37.91, 359.98, 356.50, 0.9453, -0.0101, 0.3247, -0.0289
17:36:04, 7.17, 215, 38.39, 0.04, 356.48, 0.9440, -0.0098, 0.3286, -0.0291
17:36:05, 7.17, 215, 38.78, 0.20, 356.57, 0.9429, -0.0083, 0.3319, -0.0288
17:36:05, 7.17, 215, 39.18, 0.37, 356.58, 0.9417, -0.0069, 0.3352, -0.0292
17:36:05, 7.20, 216, 39.57, 0.48, 356.56, 0.9405, -0.0063, 0.3385, -0.0297
17:36:05, 7.20, 216, 39.95, 0.61, 356.55, 0.9393, -0.0052, 0.3416, -0.0301
17:36:05, 7.23, 217, 40.30, 0.70, 356.55, 0.9383, -0.0046, 0.3445, -0.0303
17:36:05, 7.23, 217, 40.64, 0.73, 356.51, 0.9372, -0.0046, 0.3473, -0.0308
17:36:05, 7.27, 218, 40.97, 0.81, 356.57, 0.9363, -0.0039, 0.3500, -0.0305
17:36:05, 7.27, 218, 41.25, 0.79, 356.58, 0.9354, -0.0040, 0.3523, -0.0303
17:36:05, 7.27, 218, 41.56, 0.86, 356.62, 0.9344, -0.0035, 0.3548, -0.0302
17:36:05, 7.30, 219, 41.81, 0.85, 356.66, 0.9337, -0.0035, 0.3568, -0.0299
17:36:05, 7.30, 219, 42.08, 0.83, 356.69, 0.9328, -0.0036, 0.3591, -0.0295
17:36:05, 7.33, 220, 42.30, 0.78, 356.73, 0.9322, -0.0040, 0.3608, -0.0290
17:36:05, 7.33, 220, 42.53, 0.68, 356.81, 0.9315, -0.0046, 0.3627, -0.0281
17:36:05, 7.37, 221, 42.75, 0.51, 356.95, 0.9308, -0.0056, 0.3645, -0.0264
17:36:05, 7.37, 221, 42.88, 0.26, 357.23, 0.9305, -0.0067, 0.3654, -0.0233
17:36:05, 7.37, 221, 42.85, 359.99, 357.58, 0.9307, -0.0078, 0.3652, -0.0196
17:36:05, 7.40, 222, 42.71, 359.72, 357.87, 0.9312, -0.0090, 0.3640, -0.0164
17:36:05, 7.40, 222, 42.47, 359.42, 357.99, 0.9320, -0.0111, 0.3621, -0.0145
17:36:05, 7.43, 223, 42.18, 359.12, 358.08, 0.9329, -0.0132, 0.3597, -0.0129
17:36:05, 7.43, 223, 41.93, 358.96, 358.11, 0.9337, -0.0144, 0.3576, -0.0121
17:36:05, 7.43, 223, 41.67, 358.85, 358.10, 0.9345, -0.0153, 0.3554, -0.0119
17:36:05, 7.47, 224, 41.39, 358.81, 358.12, 0.9354, -0.0155, 0.3531, -0.0117
17:36:05, 7.47, 224, 41.15, 358.78, 358.21, 0.9361, -0.0154, 0.3512, -0.0109
17:36:05, 7.50, 225, 40.92, 358.79, 358.36, 0.9368, -0.0149, 0.3493, -0.0097
17:36:05, 7.50, 225, 40.70, 358.77, 358.59, 0.9375, -0.0144, 0.3476, -0.0078
17:36:05, 7.53, 226, 40.52, 358.78, 358.87, 0.9381, -0.0134, 0.3462, -0.0056
17:36:05, 7.53, 226, 40.31, 358.79, 359.08, 0.9387, -0.0127, 0.3445, -0.0039
17:36:05, 7.53, 226, 40.13, 358.81, 359.34, 0.9393, -0.0117, 0.3430, -0.0019
17:36:05, 7.57, 227, 39.96, 358.80, 359.57, 0.9398, -0.0111, 0.3417, 0.0000
17:36:05, 7.57, 227, 39.82, 358.82, 359.84, 0.9402, -0.0101, 0.3405, 0.0022
17:36:05, 7.60, 228, 39.64, 358.84, 0.06, 0.9407, -0.0094, 0.3391, 0.0039
17:36:05, 7.60, 228, 39.48, 358.84, 0.28, 0.9412, -0.0087, 0.3378, 0.0057
17:36:05, 7.60, 228, 39.29, 358.86, 0.52, 0.9417, -0.0079, 0.3362, 0.0076
17:36:05, 7.63, 229, 39.11, 358.83, 0.73, 0.9422, -0.0075, 0.3347, 0.0094
17:36:05, 7.63, 229, 38.92, 358.88, 0.93, 0.9428, -0.0065, 0.3332, 0.0109
17:36:05, 7.67, 230, 38.73, 358.94, 1.11, 0.9433, -0.0055, 0.3317, 0.0122
17:36:05, 7.67, 230, 38.53, 358.95, 1.33, 0.9439, -0.0048, 0.3300, 0.0140
17:36:05, 7.67, 230, 38.36, 359.00, 1.50, 0.9443, -0.0039, 0.3286, 0.0152
17:36:05, 7.70, 231, 38.21, 359.05, 1.65, 0.9448, -0.0031, 0.3273, 0.0164
17:36:05, 7.70, 231, 38.10, 359.09, 1.76, 0.9450, -0.0025, 0.3265, 0.0171
17:36:05, 7.73, 232, 38.01, 359.16, 1.85, 0.9453, -0.0017, 0.3257, 0.0177
17:36:05, 7.73, 232, 37.92, 359.26, 1.93, 0.9455, -0.0007, 0.3250, 0.0180
17:36:05, 7.77, 233, 37.83, 359.35, 2.05, 0.9458, 0.0004, 0.3242, 0.0188
17:36:05, 7.77, 233, 37.76, 359.44, 2.17, 0.9460, 0.0015, 0.3236, 0.0195
17:36:05, 7.77, 233, 37.71, 359.51, 2.32, 0.9461, 0.0025, 0.3232, 0.0205
17:36:05, 7.80, 234, 37.65, 359.52, 2.51, 0.9462, 0.0031, 0.3227, 0.0221
17:36:05, 7.80, 234, 37.58, 359.52, 2.74, 0.9464, 0.0038, 0.3221, 0.0240
17:36:05, 7.83, 235, 37.51, 359.52, 2.91, 0.9465, 0.0042, 0.3215, 0.0254
17:36:05, 7.83, 235, 37.42, 359.53, 3.10, 0.9468, 0.0048, 0.3208, 0.0269
17:36:05, 7.87, 236, 37.36, 359.53, 3.23, 0.9469, 0.0052, 0.3203, 0.0280
17:36:05, 7.87, 236, 37.27, 359.54, 3.33, 0.9471, 0.0055, 0.3195, 0.0288
17:36:05, 7.87, 236, 37.19, 359.56, 3.41, 0.9473, 0.0059, 0.3189, 0.0294
17:36:05, 7.90, 237, 37.10, 359.55, 3.49, 0.9476, 0.0060, 0.3181, 0.0301
17:36:05, 7.90, 237, 36.97, 359.57, 3.54, 0.9479, 0.0062, 0.3170, 0.0305
17:36:05, 7.93, 238, 36.86, 359.59, 3.58, 0.9482, 0.0065, 0.3161, 0.0308
17:36:05, 7.93, 238, 36.71, 359.59, 3.63, 0.9486, 0.0066, 0.3149, 0.0312
17:36:05, 7.93, 238, 36.57, 359.60, 3.68, 0.9490, 0.0067, 0.3137, 0.0316
17:36:05, 7.97, 239, 36.44, 359.59, 3.75, 0.9493, 0.0068, 0.3126, 0.0322
17:36:05, 7.97, 239, 36.28, 359.60, 3.78, 0.9497, 0.0069, 0.3113, 0.0325
17:36:05, 8.00, 240, 36.14, 359.59, 3.84, 0.9501, 0.0070, 0.3101, 0.0330
17:36:05, 8.00, 240, 35.98, 359.60, 3.90, 0.9505, 0.0072, 0.3088, 0.0334
17:36:05, 8.03, 241, 35.84, 359.59, 3.91, 0.9509, 0.0071, 0.3077, 0.0336
17:36:05, 8.03, 241, 35.71, 359.59, 3.94, 0.9512, 0.0071, 0.3066, 0.0338
17:36:05, 8.03, 241, 35.57, 359.59, 3.96, 0.9516, 0.0072, 0.3054, 0.0340
17:36:05, 8.07, 242, 35.42, 359.56, 3.99, 0.9520, 0.0069, 0.3041, 0.0343
17:36:05, 8.07, 242, 35.20, 359.50, 4.00, 0.9525, 0.0064, 0.3023, 0.0346
17:36:05, 8.10, 243, 35.01, 359.46, 4.05, 0.9530, 0.0061, 0.3008, 0.0351
17:36:05, 8.10, 243, 34.77, 359.46, 4.12, 0.9536, 0.0062, 0.2988, 0.0357
17:36:05, 8.10, 243, 34.54, 359.50, 4.16, 0.9542, 0.0066, 0.2968, 0.0360
17:36:05, 8.13, 244, 34.26, 359.54, 4.23, 0.9549, 0.0071, 0.2945, 0.0364
17:36:05, 8.13, 244, 33.94, 359.53, 4.29, 0.9557, 0.0070, 0.2918, 0.0370
17:36:05, 8.17, 245, 33.59, 359.45, 4.40, 0.9566, 0.0065, 0.2889, 0.0382
17:36:06, 8.17, 245, 33.24, 359.45, 4.52, 0.9574, 0.0066, 0.2859, 0.0391
17:36:06, 8.17, 245, 32.84, 359.50, 4.61, 0.9584, 0.0071, 0.2826, 0.0398
17:36:06, 8.20, 246, 32.46, 359.60, 4.67, 0.9593, 0.0080, 0.2794, 0.0401
17:36:06, 8.20, 246, 32.06, 359.74, 4.69, 0.9603, 0.0091, 0.2760, 0.0399
17:36:06, 8.23, 247, 31.69, 359.87, 4.67, 0.9612, 0.0100, 0.2729, 0.0395
17:36:06, 8.23, 247, 31.28, 0.02, 4.70, 0.9622, 0.0112, 0.2693, 0.0395
17:36:06, 8.27, 248, 30.85, 0.21, 4.75, 0.9632, 0.0128, 0.2657, 0.0394
17:36:06, 8.27, 248, 30.44, 0.41, 4.77, 0.9641, 0.0144, 0.2622, 0.0392
17:36:06, 8.27, 248, 30.05, 0.55, 4.79, 0.9650, 0.0155, 0.2588, 0.0391
17:36:06, 8.30, 249, 29.61, 0.66, 4.84, 0.9660, 0.0164, 0.2551, 0.0393
17:36:06, 8.30, 249, 29.22, 0.74, 4.84, 0.9669, 0.0169, 0.2517, 0.0393
17:36:06, 8.33, 250, 28.80, 0.81, 4.81, 0.9678, 0.0173, 0.2481, 0.0389
17:36:06, 8.33, 250, 28.44, 0.81, 4.80, 0.9686, 0.0171, 0.2451, 0.0388
17:36:06, 8.37, 251, 28.06, 0.85, 4.70, 0.9694, 0.0172, 0.2419, 0.0379
17:36:06, 8.37, 251, 27.65, 0.86, 4.63, 0.9703, 0.0169, 0.2384, 0.0375
17:36:06, 8.37, 251, 27.33, 0.91, 4.54, 0.9710, 0.0171, 0.2357, 0.0367
17:36:06, 8.40, 252, 27.01, 0.90, 4.48, 0.9717, 0.0168, 0.2330, 0.0362
17:36:06, 8.40, 252, 26.64, 0.87, 4.37, 0.9724, 0.0162, 0.2299, 0.0354
17:36:06, 8.43, 253, 26.33, 0.81, 4.39, 0.9730, 0.0156, 0.2273, 0.0357
17:36:06, 8.43, 253, 26.04, 0.75, 4.41, 0.9736, 0.0151, 0.2249, 0.0360
17:36:06, 8.43, 253, 25.78, 0.68, 4.33, 0.9741, 0.0142, 0.2227, 0.0355
17:36:06, 8.47, 254, 25.56, 0.56, 4.29, 0.9746, 0.0131, 0.2209, 0.0354
17:36:06, 8.47, 254, 25.34, 0.44, 4.31, 0.9750, 0.0120, 0.2190, 0.0359
17:36:06, 8.50, 255, 25.13, 0.35, 4.29, 0.9754, 0.0112, 0.2173, 0.0359
17:36:06, 8.50, 255, 24.93, 0.26, 4.29, 0.9758, 0.0103, 0.2156, 0.0360
17:36:06, 8.50, 255, 24.75, 0.22, 4.30, 0.9761, 0.0099, 0.2141, 0.0362
17:36:06, 8.53, 256, 24.56, 0.17, 4.34, 0.9764, 0.0095, 0.2125, 0.0367
17:36:06, 8.53, 256, 24.38, 0.10, 4.38, 0.9767, 0.0090, 0.2110, 0.0372
17:36:06, 8.57, 257, 24.20, 0.02, 4.43, 0.9771, 0.0083, 0.2095, 0.0377
17:36:06, 8.57, 257, 24.00, 359.97, 4.51, 0.9774, 0.0079, 0.2078, 0.0385
17:36:06, 8.60, 258, 23.84, 359.92, 4.58, 0.9777, 0.0076, 0.2064, 0.0393
17:36:06, 8.60, 258, 23.63, 359.92, 4.65, 0.9780, 0.0076, 0.2046, 0.0398
17:36:06, 8.60, 258, 23.44, 359.95, 4.67, 0.9783, 0.0078, 0.2030, 0.0400
17:36:06, 8.63, 259, 23.30, 359.99, 4.63, 0.9786, 0.0081, 0.2018, 0.0396
17:36:06, 8.63, 259, 23.16, 0.10, 4.52, 0.9789, 0.0087, 0.2005, 0.0384
17:36:06, 8.67, 260, 23.03, 0.17, 4.42, 0.9791, 0.0091, 0.1994, 0.0375
17:36:06, 8.67, 260, 22.92, 0.26, 4.29, 0.9794, 0.0096, 0.1984, 0.0362
17:36:06, 8.67, 260, 22.81, 0.32, 4.20, 0.9796, 0.0100, 0.1975, 0.0354
17:36:06, 8.70, 261, 22.67, 0.38, 4.14, 0.9799, 0.0104, 0.1963, 0.0347
17:36:06, 8.70, 261, 22.55, 0.37, 4.05, 0.9801, 0.0101, 0.1953, 0.0341
17:36:06, 8.73, 262, 22.45, 0.31, 3.99, 0.9803, 0.0095, 0.1945, 0.0336
17:36:06, 8.73, 262, 22.36, 0.28, 3.93, 0.9805, 0.0090, 0.1937, 0.0332
17:36:06, 8.77, 263, 22.28, 0.17, 3.88, 0.9806, 0.0080, 0.1930, 0.0329
17:36:06, 8.77, 263, 22.20, 0.09, 3.84, 0.9807, 0.0072, 0.1924, 0.0327
17:36:06, 8.77, 263, 22.16, 0.02, 3.77, 0.9808, 0.0065, 0.1921, 0.0323
17:36:06, 8.80, 264, 22.15, 359.93, 3.68, 0.9809, 0.0055, 0.1920, 0.0317
17:36:06, 8.80, 264, 22.17, 359.86, 3.56, 0.9809, 0.0048, 0.1922, 0.0307
17:36:06, 8.83, 265, 22.20, 359.89, 3.48, 0.9808, 0.0049, 0.1925, 0.0300
17:36:06, 8.83, 265, 22.26, 359.97, 3.39, 0.9808, 0.0055, 0.1929, 0.0291
17:36:06, 8.87, 266, 22.36, 0.04, 3.28, 0.9806, 0.0059, 0.1938, 0.0280
17:36:06, 8.87, 266, 22.52, 0.09, 3.22, 0.9804, 0.0063, 0.1951, 0.0274
17:36:06, 8.87, 266, 22.70, 0.09, 3.15, 0.9801, 0.0062, 0.1967, 0.0268
17:36:06, 8.90, 267, 22.90, 0.08, 3.09, 0.9797, 0.0061, 0.1985, 0.0263
17:36:06, 8.90, 267, 23.11, 0.14, 3.03, 0.9794, 0.0065, 0.2002, 0.0257
17:36:06, 8.93, 268, 23.30, 0.21, 2.94, 0.9791, 0.0070, 0.2018, 0.0247
17:36:06, 8.93, 268, 23.51, 0.23, 2.91, 0.9787, 0.0072, 0.2036, 0.0245
17:36:06, 8.93, 268, 23.75, 0.21, 2.91, 0.9783, 0.0070, 0.2056, 0.0245
17:36:06, 8.97, 269, 24.00, 0.18, 2.91, 0.9778, 0.0068, 0.2078, 0.0245
17:36:06, 8.97, 269, 24.22, 0.15, 2.90, 0.9774, 0.0066, 0.2097, 0.0245
17:36:06, 9.00, 270, 24.46, 0.18, 2.88, 0.9770, 0.0068, 0.2118, 0.0242
17:36:06, 9.00, 270, 24.69, 0.31, 2.87, 0.9766, 0.0080, 0.2137, 0.0239
17:36:06, 9.03, 271, 24.90, 0.40, 2.87, 0.9762, 0.0088, 0.2155, 0.0237
17:36:06, 9.03, 271, 25.11, 0.50, 2.80, 0.9758, 0.0096, 0.2172, 0.0229
17:36:06, 9.03, 271, 25.32, 0.60, 2.76, 0.9754, 0.0104, 0.2190, 0.0223
17:36:06, 9.07, 272, 25.49, 0.73, 2.69, 0.9751, 0.0114, 0.2204, 0.0214
17:36:06, 9.07, 272, 25.66, 0.82, 2.58, 0.9748, 0.0119, 0.2219, 0.0203
17:36:06, 9.10, 273, 25.81, 0.92, 2.52, 0.9745, 0.0127, 0.2231, 0.0197
17:36:06, 9.10, 273, 25.92, 0.91, 2.51, 0.9743, 0.0127, 0.2240, 0.0195
17:36:06, 9.10, 273, 26.01, 0.89, 2.54, 0.9741, 0.0125, 0.2248, 0.0199
17:36:06, 9.13, 274, 26.03, 0.77, 2.64, 0.9741, 0.0118, 0.2250, 0.0209
17:36:06, 9.13, 274, 26.00, 0.63, 2.69, 0.9741, 0.0106, 0.2248, 0.0217
17:36:06, 9.17, 275, 25.97, 0.49, 2.71, 0.9742, 0.0095, 0.2245, 0.0221
17:36:07, 9.17, 275, 25.91, 0.39, 2.63, 0.9743, 0.0084, 0.2241, 0.0216
17:36:07, 9.20, 276, 25.85, 0.30, 2.61, 0.9744, 0.0076, 0.2236, 0.0216
17:36:07, 9.20, 276, 25.75, 0.29, 2.66, 0.9746, 0.0076, 0.2227, 0.0221
17:36:07, 9.20, 276, 25.64, 0.28, 2.78, 0.9748, 0.0078, 0.2218, 0.0231
17:36:07, 9.23, 277, 25.51, 0.34, 2.94, 0.9750, 0.0086, 0.2206, 0.0243
17:36:07, 9.23, 277, 25.33, 0.40, 3.11, 0.9753, 0.0094, 0.2190, 0.0257
17:36:07, 9.27, 278, 25.14, 0.46, 3.24, 0.9757, 0.0100, 0.2174, 0.0267
17:36:07, 9.27, 278, 24.89, 0.46, 3.34, 0.9761, 0.0102, 0.2153, 0.0276
17:36:07, 9.27, 278, 24.64, 0.46, 3.42, 0.9766, 0.0103, 0.2131, 0.0283
17:36:07, 9.30, 279, 24.32, 0.37, 3.50, 0.9771, 0.0096, 0.2105, 0.0292
17:36:07, 9.30, 279, 23.98, 0.25, 3.54, 0.9777, 0.0085, 0.2075, 0.0298
17:36:07, 9.33, 280, 23.60, 0.11, 3.53, 0.9784, 0.0073, 0.2044, 0.0300
17:36:07, 9.33, 280, 23.23, 359.99, 3.52, 0.9791, 0.0061, 0.2012, 0.0301
17:36:07, 9.37, 281, 22.81, 359.89, 3.49, 0.9798, 0.0051, 0.1976, 0.0300
17:36:07, 9.37, 281, 22.38, 359.76, 3.44, 0.9805, 0.0038, 0.1940, 0.0299
17:36:07, 9.37, 281, 21.94, 359.67, 3.39, 0.9813, 0.0028, 0.1903, 0.0296
17:36:07, 9.40, 282, 21.47, 359.54, 3.36, 0.9820, 0.0015, 0.1863, 0.0296
17:36:07, 9.40, 282, 20.99, 359.42, 3.34, 0.9828, 0.0003, 0.1822, 0.0296
17:36:07, 9.43, 283, 20.52, 359.29, 3.33, 0.9835, -0.0009, 0.1783, 0.0297
17:36:07, 9.43, 283, 20.13, 359.24, 3.34, 0.9841, -0.0014, 0.1749, 0.0298
17:36:07, 9.43, 283, 19.68, 359.22, 3.34, 0.9848, -0.0017, 0.1710, 0.0299
17:36:07, 9.47, 284, 19.32, 359.26, 3.35, 0.9853, -0.0015, 0.1679, 0.0299
17:36:07, 9.47, 284, 18.94, 359.25, 3.38, 0.9859, -0.0016, 0.1646, 0.0301
17:36:07, 9.50, 285, 18.56, 359.25, 3.39, 0.9864, -0.0017, 0.1614, 0.0302
17:36:07, 9.50, 285, 18.25, 359.26, 3.41, 0.9869, -0.0017, 0.1587, 0.0304
17:36:07, 9.53, 286, 17.95, 359.24, 3.44, 0.9873, -0.0019, 0.1561, 0.0307
17:36:07, 9.53, 286, 17.69, 359.25, 3.46, 0.9876, -0.0018, 0.1539, 0.0309
17:36:07, 9.53, 286, 17.45, 359.18, 3.49, 0.9879, -0.0025, 0.1518, 0.0312
17:36:07, 9.57, 287, 17.20, 359.05, 3.53, 0.9882, -0.0036, 0.1497, 0.0317
17:36:07, 9.57, 287, 16.95, 358.78, 3.50, 0.9885, -0.0060, 0.1476, 0.0318
17:36:07, 9.60, 288, 16.71, 358.62, 3.48, 0.9888, -0.0075, 0.1456, 0.0318
17:36:07, 9.60, 288, 16.50, 358.50, 3.41, 0.9891, -0.0086, 0.1438, 0.0314
17:36:07, 9.60, 288, 16.32, 358.46, 3.31, 0.9893, -0.0092, 0.1422, 0.0305
17:36:07, 9.63, 289, 16.16, 358.43, 3.23, 0.9895, -0.0096, 0.1409, 0.0298
17:36:07, 9.63, 289, 16.02, 358.37, 3.09, 0.9897, -0.0104, 0.1397, 0.0287
17:36:07, 9.67, 290, 15.90, 358.25, 2.91, 0.9899, -0.0116, 0.1387, 0.0273
17:36:07, 9.67, 290, 15.79, 358.13, 2.74, 0.9901, -0.0129, 0.1377, 0.0259
17:36:07, 9.67, 290, 15.69, 358.01, 2.56, 0.9902, -0.0142, 0.1368, 0.0245
17:36:07, 9.70, 291, 15.66, 357.93, 2.37, 0.9902, -0.0150, 0.1366, 0.0230
17:36:07, 9.70, 291, 15.63, 357.87, 2.17, 0.9903, -0.0158, 0.1362, 0.0213
17:36:07, 9.73, 292, 15.60, 357.88, 1.96, 0.9904, -0.0160, 0.1360, 0.0195
17:36:07, 9.73, 292, 15.56, 357.91, 1.81, 0.9905, -0.0160, 0.1356, 0.0181
17:36:07, 9.77, 293, 15.57, 357.92, 1.73, 0.9905, -0.0159, 0.1357, 0.0174
17:36:07, 9.77, 293, 15.63, 357.93, 1.61, 0.9904, -0.0160, 0.1362, 0.0164
17:36:07, 9.77, 293, 15.72, 358.00, 1.47, 0.9903, -0.0155, 0.1369, 0.0151
17:36:07, 9.80, 294, 15.84, 358.08, 1.32, 0.9902, -0.0150, 0.1380, 0.0137
17:36:07, 9.80, 294, 15.94, 358.18, 1.18, 0.9901, -0.0143, 0.1388, 0.0124
17:36:07, 9.83, 295, 16.08, 358.31, 1.02, 0.9900, -0.0133, 0.1400, 0.0109
17:36:07, 9.83, 295, 16.21, 358.41, 0.81, 0.9899, -0.0127, 0.1411, 0.0090
17:36:07, 9.83, 295, 16.40, 358.53, 0.56, 0.9897, -0.0120, 0.1427, 0.0067
17:36:07, 9.87, 296, 16.54, 358.66, 0.33, 0.9895, -0.0111, 0.1439, 0.0046
17:36:07, 9.87, 296, 16.68, 358.85, 0.08, 0.9894, -0.0098, 0.1450, 0.0021
17:36:07, 9.90, 297, 16.76, 359.04, 359.87, 0.9893, -0.0085, 0.1457, 0.0001
17:36:07, 9.90, 297, 16.84, 359.19, 359.68, 0.9892, -0.0074, 0.1464, -0.0017
17:36:07, 9.93, 298, 16.91, 359.33, 359.53, 0.9891, -0.0064, 0.1470, -0.0032
17:36:07, 9.93, 298, 16.98, 359.45, 359.35, 0.9890, -0.0055, 0.1476, -0.0049
17:36:07, 9.93, 298, 17.00, 359.61, 359.19, 0.9890, -0.0044, 0.1478, -0.0065
17:36:07, 9.97, 299, 17.02, 359.76, 359.01, 0.9889, -0.0034, 0.1480, -0.0083
17:36:07, 9.97, 299, 17.03, 359.94, 358.80, 0.9889, -0.0020, 0.1480, -0.0103
