Timestamp, VideoTime, VideoFrame, HeadYaw, HeadPitch, HeadRoll, HeadQuatW, HeadQuatX, HeadQuatY, HeadQuatZ
17:31:44, 0.00, 0, 45.90, 10.09, 355.86, 0.9155, 0.0669, 0.3911, -0.0674
17:31:45, 0.03, 1, 46.83, 10.68, 356.22, 0.9120, 0.0723, 0.3982, -0.0671
17:31:45, 0.03, 1, 47.83, 11.09, 356.49, 0.9082, 0.0759, 0.4060, -0.0670
17:31:45, 0.03, 1, 48.94, 11.54, 356.80, 0.9041, 0.0800, 0.4145, -0.0669
17:31:45, 0.07, 2, 50.07, 11.80, 357.05, 0.8998, 0.0823, 0.4232, -0.0667
17:31:45, 0.07, 2, 51.25, 11.91, 357.38, 0.8955, 0.0837, 0.4322, -0.0654
17:31:45, 0.10, 3, 52.37, 11.91, 357.65, 0.8914, 0.0841, 0.4407, -0.0641
17:31:45, 0.10, 3, 53.61, 11.97, 357.78, 0.8866, 0.0844, 0.4502, -0.0642
17:31:45, 0.10, 3, 54.88, 12.09, 358.00, 0.8816, 0.0855, 0.4598, -0.0639
17:31:45, 0.13, 4, 56.16, 12.21, 358.29, 0.8764, 0.0869, 0.4694, -0.0631
17:31:45, 0.13, 4, 57.46, 12.19, 358.59, 0.8712, 0.0872, 0.4791, -0.0617
17:31:45, 0.17, 5, 58.71, 12.29, 358.87, 0.8660, 0.0885, 0.4883, -0.0610
17:31:45, 0.17, 5, 60.01, 12.18, 359.13, 0.8607, 0.0881, 0.4979, -0.0596
17:31:45, 0.17, 5, 61.15, 12.09, 359.37, 0.8559, 0.0878, 0.5063, -0.0583
17:31:45, 0.20, 6, 62.20, 11.95, 359.54, 0.8514, 0.0871, 0.5141, -0.0572
17:31:45, 0.20, 6, 63.20, 11.76, 359.58, 0.8471, 0.0854, 0.5215, -0.0568
17:31:45, 0.23, 7, 64.11, 11.66, 359.74, 0.8430, 0.0849, 0.5282, -0.0559
17:31:45, 0.23, 7, 64.92, 11.57, 359.89, 0.8394, 0.0845, 0.5340, -0.0549
17:31:45, 0.27, 8, 65.64, 11.51, 359.96, 0.8361, 0.0841, 0.5393, -0.0546
17:31:45, 0.27, 8, 66.39, 11.51, 0.10, 0.8326, 0.0844, 0.5447, -0.0542
17:31:45, 0.27, 8, 66.95, 11.43, 0.17, 0.8301, 0.0838, 0.5487, -0.0537
17:31:45, 0.30, 9, 67.43, 11.30, 0.21, 0.8279, 0.0829, 0.5522, -0.0531
17:31:45, 0.30, 9, 67.90, 11.24, 0.22, 0.8256, 0.0823, 0.5556, -0.0531
17:31:45, 0.33, 10, 68.33, 11.11, 0.21, 0.8237, 0.0811, 0.5588, -0.0529
17:31:45, 0.33, 10, 68.74, 11.06, 0.23, 0.8217, 0.0807, 0.5618, -0.0527
17:31:45, 0.33, 10, 69.19, 10.95, 0.19, 0.8195, 0.0795, 0.5651, -0.0528
17:31:45, 0.37, 11, 69.57, 10.90, 0.22, 0.8177, 0.0791, 0.5678, -0.0527
17:31:45, 0.37, 11, 70.00, 10.90, 0.23, 0.8156, 0.0790, 0.5708, -0.0528
17:31:45, 0.40, 12, 70.40, 10.95, 0.18, 0.8135, 0.0789, 0.5737, -0.0537
17:31:45, 0.40, 12, 70.80, 10.99, 0.06, 0.8114, 0.0784, 0.5766, -0.0551
17:31:45, 0.43, 13, 71.17, 11.06, 359.99, 0.8095, 0.0783, 0.5792, -0.0561
17:31:45, 0.43, 13, 71.59, 11.12, 359.99, 0.8073, 0.0785, 0.5822, -0.0568
17:31:45, 0.43, 13, 71.98, 11.15, 359.96, 0.8053, 0.0784, 0.5849, -0.0574
17:31:45, 0.47, 14, 72.40, 11.23, 0.01, 0.8031, 0.0790, 0.5878, -0.0577
17:31:45, 0.47, 14, 72.79, 11.20, 0.04, 0.8011, 0.0788, 0.5905, -0.0576
17:31:45, 0.50, 15, 73.18, 11.01, 359.99, 0.7992, 0.0770, 0.5934, -0.0573
17:31:45, 0.50, 15, 73.51, 10.83, 0.03, 0.7976, 0.0758, 0.5957, -0.0562
17:31:45, 0.50, 15, 73.80, 10.62, 0.01, 0.7963, 0.0740, 0.5978, -0.0555
17:31:45, 0.53, 16, 74.04, 10.54, 0.01, 0.7950, 0.0733, 0.5996, -0.0552
17:31:45, 0.53, 16, 74.31, 10.45, 359.96, 0.7937, 0.0723, 0.6015, -0.0553
17:31:45, 0.57, 17, 74.51, 10.37, 359.94, 0.7927, 0.0716, 0.6029, -0.0551
17:31:45, 0.57, 17, 74.71, 10.25, 359.88, 0.7917, 0.0704, 0.6044, -0.0550
17:31:45, 0.60, 18, 74.87, 10.09, 359.81, 0.7909, 0.0688, 0.6056, -0.0548
17:31:45, 0.60, 18, 75.02, 9.94, 359.71, 0.7901, 0.0672, 0.6068, -0.0548
17:31:45, 0.60, 18, 75.16, 9.83, 359.69, 0.7894, 0.0662, 0.6078, -0.0544
17:31:45, 0.63, 19, 75.28, 9.75, 359.67, 0.7889, 0.0655, 0.6087, -0.0542
17:31:45, 0.63, 19, 75.39, 9.68, 359.68, 0.7883, 0.0651, 0.6095, -0.0538
17:31:45, 0.67, 20, 75.44, 9.68, 359.67, 0.7880, 0.0650, 0.6098, -0.0539
17:31:45, 0.67, 20, 75.49, 9.61, 359.63, 0.7878, 0.0643, 0.6102, -0.0538
17:31:45, 0.67, 20, 75.59, 9.55, 359.59, 0.7873, 0.0636, 0.6109, -0.0538
17:31:45, 0.70, 21, 75.67, 9.55, 359.56, 0.7868, 0.0634, 0.6115, -0.0540
17:31:45, 0.70, 21, 75.73, 9.48, 359.48, 0.7865, 0.0624, 0.6120, -0.0543
17:31:45, 0.73, 22, 75.86, 9.50, 359.40, 0.7858, 0.0621, 0.6130, -0.0550
17:31:45, 0.73, 22, 75.98, 9.56, 359.34, 0.7851, 0.0622, 0.6137, -0.0558
17:31:45, 0.77, 23, 76.08, 9.69, 359.25, 0.7844, 0.0625, 0.6144, -0.0572
17:31:45, 0.77, 23, 76.27, 9.73, 359.06, 0.7833, 0.0617, 0.6158, -0.0588
17:31:45, 0.77, 23, 76.37, 9.77, 359.05, 0.7827, 0.0618, 0.6165, -0.0592
17:31:45, 0.80, 24, 76.51, 9.84, 358.86, 0.7818, 0.0612, 0.6175, -0.0609
17:31:45, 0.80, 24, 76.68, 9.91, 358.72, 0.7808, 0.0608, 0.6187, -0.0623
17:31:45, 0.83, 25, 76.80, 10.08, 358.61, 0.7799, 0.0614, 0.6195, -0.0641
17:31:45, 0.83, 25, 76.99, 10.22, 358.41, 0.7787, 0.0611, 0.6208, -0.0662
17:31:45, 0.83, 25, 77.18, 10.34, 358.29, 0.7775, 0.0612, 0.6222, -0.0678
17:31:45, 0.87, 26, 77.39, 10.50, 358.10, 0.7762, 0.0611, 0.6236, -0.0701
17:31:45, 0.87, 26, 77.58, 10.71, 357.84, 0.7748, 0.0610, 0.6250, -0.0731
17:31:45, 0.90, 27, 77.78, 10.80, 357.69, 0.7735, 0.0607, 0.6264, -0.0747
17:31:45, 0.90, 27, 77.94, 10.88, 357.54, 0.7725, 0.0602, 0.6275, -0.0762
17:31:45, 0.93, 28, 78.13, 10.80, 357.42, 0.7715, 0.0589, 0.6289, -0.0767
17:31:45, 0.93, 28, 78.39, 10.80, 357.30, 0.7700, 0.0581, 0.6307, -0.0777
17:31:45, 0.93, 28, 78.58, 10.89, 357.21, 0.7687, 0.0581, 0.6320, -0.0788
17:31:45, 0.97, 29, 78.82, 10.97, 357.15, 0.7674, 0.0581, 0.6336, -0.0798
17:31:45, 0.97, 29, 79.07, 10.94, 357.08, 0.7659, 0.0573, 0.6353, -0.0803
17:31:45, 1.00, 30, 79.30, 10.98, 357.04, 0.7646, 0.0572, 0.6368, -0.0809
17:31:45, 1.00, 30, 79.55, 10.81, 357.02, 0.7633, 0.0558, 0.6386, -0.0802
17:31:45, 1.00, 30, 79.84, 10.78, 356.92, 0.7617, 0.0549, 0.6406, -0.0808
17:31:46, 1.03, 31, 80.08, 10.73, 356.85, 0.7603, 0.0539, 0.6422, -0.0811
17:31:46, 1.03, 31, 80.35, 10.64, 356.75, 0.7588, 0.0526, 0.6441, -0.0814
17:31:46, 1.07, 32, 80.61, 10.46, 356.74, 0.7575, 0.0512, 0.6458, -0.0805
17:31:46, 1.07, 32, 80.86, 10.29, 356.85, 0.7563, 0.0505, 0.6475, -0.0790
17:31:46, 1.10, 33, 81.07, 10.19, 356.94, 0.7552, 0.0502, 0.6489, -0.0779
17:31:46, 1.10, 33, 81.24, 10.09, 357.10, 0.7544, 0.0503, 0.6500, -0.0764
17:31:46, 1.10, 33, 81.38, 9.89, 357.23, 0.7538, 0.0497, 0.6510, -0.0745
17:31:46, 1.13, 34, 81.50, 9.76, 357.34, 0.7533, 0.0493, 0.6517, -0.0730
17:31:46, 1.13, 34, 81.60, 9.62, 357.45, 0.7529, 0.0490, 0.6523, -0.0715
17:31:46, 1.17, 35, 81.63, 9.49, 357.57, 0.7529, 0.0488, 0.6526, -0.0700
17:31:46, 1.17, 35, 81.69, 9.39, 357.75, 0.7527, 0.0491, 0.6529, -0.0683
17:31:46, 1.17, 35, 81.76, 9.33, 357.90, 0.7525, 0.0496, 0.6533, -0.0670
17:31:46, 1.20, 36, 81.84, 9.31, 358.07, 0.7521, 0.0503, 0.6538, -0.0658
17:31:46, 1.20, 36, 81.95, 9.30, 358.25, 0.7516, 0.0512, 0.6544, -0.0646
17:31:46, 1.23, 37, 82.09, 9.37, 358.36, 0.7508, 0.0522, 0.6553, -0.0644
17:31:46, 1.23, 37, 82.25, 9.38, 358.53, 0.7500, 0.0531, 0.6562, -0.0634
17:31:46, 1.27, 38, 82.40, 9.36, 358.62, 0.7492, 0.0535, 0.6572, -0.0627
17:31:46, 1.27, 38, 82.58, 9.29, 358.70, 0.7483, 0.0534, 0.6583, -0.0619
17:31:46, 1.27, 38, 82.74, 9.20, 358.86, 0.7475, 0.0536, 0.6593, -0.0605
17:31:46, 1.30, 39, 82.96, 9.15, 358.97, 0.7463, 0.0538, 0.6607, -0.0595
17:31:46, 1.30, 39, 83.18, 9.09, 359.09, 0.7451, 0.0540, 0.6622, -0.0585
17:31:46, 1.33, 40, 83.40, 9.06, 359.19, 0.7439, 0.0543, 0.6636, -0.0578
17:31:46, 1.33, 40, 83.67, 9.10, 359.26, 0.7424, 0.0548, 0.6652, -0.0577
17:31:46, 1.33, 40, 83.93, 9.17, 359.34, 0.7408, 0.0556, 0.6669, -0.0578
17:31:46, 1.37, 41, 84.23, 9.14, 359.38, 0.7392, 0.0554, 0.6688, -0.0574
17:31:46, 1.37, 41, 84.51, 9.05, 359.39, 0.7375, 0.0548, 0.6707, -0.0570
17:31:46, 1.40, 42, 84.84, 9.03, 359.37, 0.7356, 0.0544, 0.6728, -0.0572
17:31:46, 1.40, 42, 85.17, 9.10, 359.34, 0.7336, 0.0546, 0.6749, -0.0579
17:31:46, 1.43, 43, 85.59, 9.17, 359.28, 0.7311, 0.0544, 0.6775, -0.0589
17:31:46, 1.43, 43, 85.97, 9.33, 359.15, 0.7287, 0.0544, 0.6799, -0.0608
17:31:46, 1.43, 43, 86.39, 9.55, 359.02, 0.7260, 0.0548, 0.6826, -0.0632
17:31:46, 1.47, 44, 86.86, 9.66, 358.88, 0.7230, 0.0545, 0.6856, -0.0649
17:31:46, 1.47, 44, 87.39, 9.79, 358.73, 0.7197, 0.0540, 0.6890, -0.0669
17:31:46, 1.50, 45, 87.88, 9.87, 358.61, 0.7166, 0.0536, 0.6921, -0.0684
17:31:46, 1.50, 45, 88.47, 10.04, 358.46, 0.7129, 0.0534, 0.6957, -0.0707
17:31:46, 1.50, 45, 89.00, 10.22, 358.31, 0.7094, 0.0532, 0.6990, -0.0729
17:31:46, 1.53, 46, 89.59, 10.34, 358.20, 0.7057, 0.0529, 0.7026, -0.0746
17:31:46, 1.53, 46, 90.15, 10.51, 358.16, 0.7021, 0.0533, 0.7060, -0.0762
17:31:46, 1.57, 47, 90.80, 10.53, 358.15, 0.6981, 0.0530, 0.7100, -0.0766
17:31:46, 1.57, 47, 91.35, 10.60, 358.06, 0.6945, 0.0524, 0.7133, -0.0779
17:31:46, 1.60, 48, 91.90, 10.56, 358.01, 0.6911, 0.0516, 0.7167, -0.0782
17:31:46, 1.60, 48, 92.50, 10.57, 357.99, 0.6873, 0.0511, 0.7203, -0.0786
17:31:46, 1.60, 48, 93.12, 10.60, 357.98, 0.6834, 0.0508, 0.7240, -0.0791
17:31:46, 1.63, 49, 93.71, 10.67, 357.93, 0.6796, 0.0504, 0.7275, -0.0801
17:31:46, 1.63, 49, 94.30, 10.73, 357.87, 0.6757, 0.0501, 0.7310, -0.0811
17:31:46, 1.67, 50, 94.88, 10.82, 357.83, 0.6719, 0.0499, 0.7343, -0.0822
17:31:46, 1.67, 50, 95.49, 10.87, 357.80, 0.6679, 0.0495, 0.7379, -0.0829
17:31:46, 1.70, 51, 96.09, 10.91, 357.83, 0.6641, 0.0495, 0.7414, -0.0833
17:31:46, 1.70, 51, 96.71, 10.86, 357.85, 0.6601, 0.0489, 0.7450, -0.0831
17:31:46, 1.70, 51, 97.35, 10.85, 357.82, 0.6559, 0.0482, 0.7487, -0.0835
17:31:46, 1.73, 52, 97.89, 10.84, 357.77, 0.6524, 0.0474, 0.7518, -0.0839
17:31:46, 1.73, 52, 98.53, 10.77, 357.76, 0.6482, 0.0465, 0.7554, -0.0838
17:31:46, 1.77, 53, 99.08, 10.83, 357.71, 0.6444, 0.0461, 0.7586, -0.0847
17:31:46, 1.77, 53, 99.61, 10.90, 357.71, 0.6409, 0.0461, 0.7615, -0.0854
17:31:46, 1.77, 53, 100.18, 10.93, 357.67, 0.6370, 0.0456, 0.7647, -0.0860
17:31:46, 1.80, 54, 100.70, 10.87, 357.63, 0.6336, 0.0445, 0.7676, -0.0860
17:31:46, 1.80, 54, 101.28, 10.80, 357.62, 0.6298, 0.0436, 0.7708, -0.0859
17:31:46, 1.83, 55, 101.84, 10.79, 357.66, 0.6260, 0.0435, 0.7739, -0.0858
17:31:46, 1.83, 55, 102.41, 10.71, 357.66, 0.6222, 0.0426, 0.7770, -0.0854
17:31:46, 1.87, 56, 102.99, 10.64, 357.68, 0.6183, 0.0419, 0.7802, -0.0851
17:31:46, 1.87, 56, 103.62, 10.60, 357.62, 0.6140, 0.0408, 0.7836, -0.0854
17:31:46, 1.87, 56, 104.23, 10.60, 357.64, 0.6098, 0.0405, 0.7869, -0.0855
17:31:46, 1.90, 57, 104.90, 10.64, 357.59, 0.6051, 0.0399, 0.7904, -0.0863
17:31:46, 1.90, 57, 105.54, 10.67, 357.60, 0.6007, 0.0396, 0.7937, -0.0866
17:31:46, 1.93, 58, 106.24, 10.66, 357.55, 0.5958, 0.0387, 0.7974, -0.0870
17:31:46, 1.93, 58, 106.91, 10.65, 357.52, 0.5911, 0.0380, 0.8009, -0.0874
17:31:46, 1.93, 58, 107.57, 10.69, 357.57, 0.5866, 0.0380, 0.8043, -0.0876
17:31:46, 1.97, 59, 108.32, 10.69, 357.65, 0.5813, 0.0380, 0.8081, -0.0875
17:31:46, 1.97, 59, 109.00, 10.72, 357.69, 0.5765, 0.0379, 0.8115, -0.0877
17:31:46, 2.00, 60, 109.73, 10.70, 357.73, 0.5714, 0.0375, 0.8151, -0.0876
17:31:46, 2.00, 60, 110.51, 10.74, 357.81, 0.5658, 0.0377, 0.8190, -0.0877
17:31:46, 2.03, 61, 111.27, 10.76, 357.89, 0.5605, 0.0377, 0.8227, -0.0877
17:31:47, 2.03, 61, 112.08, 10.78, 357.94, 0.5547, 0.0376, 0.8266, -0.0879
17:31:47, 2.03, 61, 112.82, 10.85, 358.05, 0.5494, 0.0382, 0.8301, -0.0881
17:31:47, 2.07, 62, 113.58, 10.88, 358.16, 0.5439, 0.0385, 0.8336, -0.0881
17:31:47, 2.07, 62, 114.38, 10.95, 358.28, 0.5381, 0.0392, 0.8373, -0.0883
17:31:47, 2.10, 63, 115.13, 10.96, 358.38, 0.5327, 0.0393, 0.8408, -0.0882
17:31:47, 2.10, 63, 115.98, 11.01, 358.46, 0.5265, 0.0395, 0.8447, -0.0884
17:31:47, 2.10, 63, 116.77, 11.08, 358.56, 0.5207, 0.0399, 0.8482, -0.0888
17:31:47, 2.13, 64, 117.61, 11.10, 358.66, 0.5145, 0.0401, 0.8519, -0.0887
17:31:47, 2.13, 64, 118.45, 11.15, 358.71, 0.5083, 0.0401, 0.8556, -0.0892
17:31:47, 2.17, 65, 119.29, 11.23, 358.70, 0.5020, 0.0397, 0.8593, -0.0901
17:31:47, 2.17, 65, 120.17, 11.30, 358.72, 0.4953, 0.0395, 0.8631, -0.0909
17:31:47, 2.20, 66, 121.07, 11.46, 358.73, 0.4884, 0.0395, 0.8668, -0.0923
17:31:47, 2.20, 66, 121.97, 11.53, 358.80, 0.4816, 0.0396, 0.8705, -0.0929
17:31:47, 2.20, 66, 122.89, 11.54, 358.79, 0.4746, 0.0388, 0.8744, -0.0934
17:31:47, 2.23, 67, 123.85, 11.61, 358.87, 0.4673, 0.0390, 0.8782, -0.0938
17:31:47, 2.23, 67, 124.81, 11.68, 358.90, 0.4599, 0.0386, 0.8821, -0.0946
17:31:47, 2.27, 68, 125.74, 11.63, 358.98, 0.4528, 0.0383, 0.8858, -0.0942
17:31:47, 2.27, 68, 126.65, 11.64, 359.08, 0.4458, 0.0384, 0.8893, -0.0942
17:31:47, 2.27, 68, 127.57, 11.60, 359.12, 0.4387, 0.0378, 0.8929, -0.0941
17:31:47, 2.30, 69, 128.47, 11.51, 359.20, 0.4319, 0.0373, 0.8963, -0.0933
17:31:47, 2.30, 69, 129.38, 11.49, 359.32, 0.4248, 0.0374, 0.8997, -0.0930
17:31:47, 2.33, 70, 130.26, 11.51, 359.42, 0.4180, 0.0376, 0.9029, -0.0931
17:31:47, 2.33, 70, 131.15, 11.60, 359.54, 0.4110, 0.0381, 0.9060, -0.0936
17:31:47, 2.37, 71, 131.98, 11.59, 359.56, 0.4044, 0.0376, 0.9090, -0.0938
17:31:47, 2.37, 71, 132.83, 11.68, 359.65, 0.3978, 0.0379, 0.9118, -0.0945
17:31:47, 2.37, 71, 133.64, 11.83, 359.72, 0.3913, 0.0383, 0.9145, -0.0957
17:31:47, 2.40, 72, 134.40, 11.98, 359.82, 0.3853, 0.0390, 0.9169, -0.0968
17:31:47, 2.40, 72, 135.26, 12.13, 359.93, 0.3784, 0.0396, 0.9196, -0.0979
17:31:47, 2.43, 73, 136.01, 12.27, 0.22, 0.3726, 0.0418, 0.9218, -0.0984
17:31:47, 2.43, 73, 136.80, 12.38, 0.33, 0.3663, 0.0424, 0.9242, -0.0992
17:31:47, 2.43, 73, 137.52, 12.50, 0.53, 0.3606, 0.0437, 0.9264, -0.0998
17:31:47, 2.47, 74, 138.17, 12.54, 0.72, 0.3555, 0.0448, 0.9283, -0.0998
17:31:47, 2.47, 74, 138.79, 12.57, 0.92, 0.3507, 0.0460, 0.9301, -0.0996
17:31:47, 2.50, 75, 139.36, 12.53, 1.10, 0.3461, 0.0468, 0.9318, -0.0990
17:31:47, 2.50, 75, 139.95, 12.52, 1.29, 0.3415, 0.0478, 0.9335, -0.0986
17:31:47, 2.53, 76, 140.40, 12.50, 1.44, 0.3380, 0.0486, 0.9347, -0.0982
17:31:47, 2.53, 76, 140.83, 12.36, 1.60, 0.3347, 0.0492, 0.9361, -0.0967
17:31:47, 2.53, 76, 141.22, 12.24, 1.75, 0.3316, 0.0497, 0.9372, -0.0955
17:31:47, 2.57, 77, 141.53, 12.11, 1.83, 0.3291, 0.0497, 0.9382, -0.0944
17:31:47, 2.57, 77, 141.85, 11.97, 1.95, 0.3266, 0.0501, 0.9392, -0.0930
17:31:47, 2.60, 78, 142.16, 11.89, 2.08, 0.3242, 0.0507, 0.9401, -0.0921
17:31:47, 2.60, 78, 142.45, 11.71, 2.12, 0.3219, 0.0503, 0.9411, -0.0907
17:31:47, 2.60, 78, 142.71, 11.61, 2.22, 0.3198, 0.0506, 0.9419, -0.0897
17:31:47, 2.63, 79, 142.98, 11.49, 2.23, 0.3177, 0.0501, 0.9427, -0.0888
17:31:47, 2.63, 79, 143.24, 11.35, 2.22, 0.3155, 0.0495, 0.9436, -0.0877
17:31:47, 2.67, 80, 143.51, 11.19, 2.26, 0.3133, 0.0491, 0.9444, -0.0864
17:31:47, 2.67, 80, 143.81, 11.01, 2.21, 0.3108, 0.0480, 0.9454, -0.0852
17:31:47, 2.70, 81, 144.13, 10.93, 2.16, 0.3082, 0.0472, 0.9464, -0.0848
17:31:47, 2.70, 81, 144.46, 10.80, 2.09, 0.3054, 0.0460, 0.9474, -0.0840
17:31:47, 2.70, 81, 144.77, 10.67, 2.02, 0.3028, 0.0449, 0.9483, -0.0833
17:31:47, 2.73, 82, 145.13, 10.64, 1.94, 0.2998, 0.0438, 0.9493, -0.0834
17:31:47, 2.73, 82, 145.48, 10.52, 1.92, 0.2969, 0.0431, 0.9503, -0.0826
17:31:47, 2.77, 83, 145.84, 10.44, 1.90, 0.2939, 0.0425, 0.9514, -0.0821
17:31:47, 2.77, 83, 146.21, 10.40, 1.87, 0.2908, 0.0419, 0.9523, -0.0820
17:31:47, 2.77, 83, 146.50, 10.37, 1.85, 0.2883, 0.0415, 0.9531, -0.0819
17:31:47, 2.80, 84, 146.84, 10.30, 1.84, 0.2856, 0.0410, 0.9540, -0.0814
17:31:47, 2.80, 84, 147.18, 10.24, 1.95, 0.2828, 0.0414, 0.9549, -0.0808
17:31:47, 2.83, 85, 147.50, 10.21, 2.00, 0.2802, 0.0416, 0.9557, -0.0806
17:31:47, 2.83, 85, 147.80, 10.08, 2.10, 0.2778, 0.0419, 0.9564, -0.0793
17:31:47, 2.87, 86, 148.06, 10.02, 2.14, 0.2756, 0.0419, 0.9571, -0.0788
17:31:47, 2.87, 86, 148.36, 9.90, 2.14, 0.2731, 0.0414, 0.9579, -0.0779
17:31:47, 2.87, 86, 148.60, 9.85, 2.14, 0.2711, 0.0411, 0.9585, -0.0776
17:31:47, 2.90, 87, 148.86, 9.82, 2.05, 0.2689, 0.0401, 0.9592, -0.0777
17:31:47, 2.90, 87, 149.12, 9.86, 2.02, 0.2666, 0.0398, 0.9598, -0.0781
17:31:47, 2.93, 88, 149.43, 9.85, 1.93, 0.2640, 0.0388, 0.9606, -0.0784
17:31:47, 2.93, 88, 149.73, 9.88, 1.81, 0.2614, 0.0377, 0.9612, -0.0790
17:31:47, 2.93, 88, 149.98, 9.91, 1.75, 0.2593, 0.0370, 0.9618, -0.0795
17:31:47, 2.97, 89, 150.27, 9.96, 1.71, 0.2568, 0.0366, 0.9625, -0.0800
17:31:47, 2.97, 89, 150.53, 10.01, 1.73, 0.2546, 0.0367, 0.9630, -0.0806
17:31:47, 3.00, 90, 150.78, 10.04, 1.71, 0.2525, 0.0364, 0.9635, -0.0809
17:31:47, 3.00, 90, 150.98, 9.97, 1.77, 0.2509, 0.0367, 0.9640, -0.0802
17:31:47, 3.03, 91, 151.16, 9.94, 1.79, 0.2494, 0.0367, 0.9644, -0.0800
17:31:48, 3.03, 91, 151.31, 9.90, 1.82, 0.2482, 0.0367, 0.9647, -0.0796
17:31:48, 3.03, 91, 151.43, 9.82, 1.76, 0.2471, 0.0360, 0.9651, -0.0791
17:31:48, 3.07, 92, 151.56, 9.74, 1.73, 0.2459, 0.0355, 0.9654, -0.0786
17:31:48, 3.07, 92, 151.69, 9.67, 1.72, 0.2449, 0.0351, 0.9658, -0.0781
17:31:48, 3.10, 93, 151.88, 9.58, 1.73, 0.2433, 0.0349, 0.9662, -0.0774
17:31:48, 3.10, 93, 152.12, 9.52, 1.72, 0.2412, 0.0345, 0.9668, -0.0769
17:31:48, 3.10, 93, 152.36, 9.47, 1.76, 0.2392, 0.0346, 0.9673, -0.0765
17:31:48, 3.13, 94, 152.61, 9.43, 1.79, 0.2372, 0.0346, 0.9679, -0.0761
17:31:48, 3.13, 94, 152.86, 9.43, 1.81, 0.2351, 0.0346, 0.9684, -0.0762
17:31:48, 3.17, 95, 153.09, 9.45, 1.85, 0.2332, 0.0348, 0.9688, -0.0763
17:31:48, 3.17, 95, 153.36, 9.50, 1.86, 0.2309, 0.0349, 0.9693, -0.0769
17:31:48, 3.20, 96, 153.61, 9.59, 1.85, 0.2288, 0.0348, 0.9698, -0.0777
17:31:48, 3.20, 96, 153.86, 9.65, 1.84, 0.2266, 0.0346, 0.9702, -0.0783
17:31:48, 3.20, 96, 154.10, 9.69, 1.85, 0.2246, 0.0346, 0.9707, -0.0787
17:31:48, 3.23, 97, 154.38, 9.74, 1.83, 0.2222, 0.0343, 0.9712, -0.0792
17:31:48, 3.23, 97, 154.63, 9.77, 1.80, 0.2201, 0.0340, 0.9716, -0.0796
17:31:48, 3.27, 98, 154.88, 9.80, 1.74, 0.2179, 0.0333, 0.9721, -0.0801
17:31:48, 3.27, 98, 155.23, 9.91, 1.62, 0.2149, 0.0322, 0.9727, -0.0814
17:31:48, 3.27, 98, 155.59, 10.02, 1.50, 0.2117, 0.0312, 0.9733, -0.0826
17:31:48, 3.30, 99, 155.97, 10.14, 1.38, 0.2084, 0.0301, 0.9740, -0.0839
17:31:48, 3.30, 99, 156.35, 10.27, 1.31, 0.2051, 0.0295, 0.9746, -0.0853
17:31:48, 3.33, 100, 156.73, 10.34, 1.28, 0.2018, 0.0291, 0.9752, -0.0860
17:31:48, 3.33, 100, 157.08, 10.35, 1.27, 0.1988, 0.0287, 0.9758, -0.0862
17:31:48, 3.37, 101, 157.38, 10.35, 1.33, 0.1964, 0.0290, 0.9763, -0.0862
17:31:48, 3.37, 101, 157.62, 10.25, 1.38, 0.1943, 0.0291, 0.9768, -0.0853
17:31:48, 3.37, 101, 157.87, 10.17, 1.40, 0.1922, 0.0290, 0.9773, -0.0846
17:31:48, 3.40, 102, 158.17, 10.07, 1.46, 0.1897, 0.0291, 0.9778, -0.0838
17:31:48, 3.40, 102, 158.45, 9.98, 1.49, 0.1873, 0.0290, 0.9784, -0.0830
17:31:48, 3.43, 103, 158.80, 9.90, 1.57, 0.1844, 0.0293, 0.9790, -0.0823
17:31:48, 3.43, 103, 159.17, 9.77, 1.65, 0.1814, 0.0295, 0.9796, -0.0812
17:31:48, 3.43, 103, 159.48, 9.67, 1.72, 0.1787, 0.0297, 0.9802, -0.0802
17:31:48, 3.47, 104, 159.79, 9.59, 1.75, 0.1761, 0.0296, 0.9807, -0.0796
17:31:48, 3.47, 104, 160.13, 9.46, 1.77, 0.1732, 0.0294, 0.9813, -0.0786
17:31:48, 3.50, 105, 160.50, 9.41, 1.81, 0.1700, 0.0294, 0.9819, -0.0782
17:31:48, 3.50, 105, 160.97, 9.31, 1.84, 0.1661, 0.0292, 0.9826, -0.0774
17:31:48, 3.53, 106, 161.49, 9.27, 1.88, 0.1616, 0.0291, 0.9834, -0.0771
17:31:48, 3.53, 106, 161.98, 9.17, 1.92, 0.1574, 0.0290, 0.9842, -0.0763
17:31:48, 3.53, 106, 162.44, 9.13, 1.99, 0.1535, 0.0292, 0.9848, -0.0760
17:31:48, 3.57, 107, 162.89, 9.08, 2.09, 0.1497, 0.0298, 0.9854, -0.0755
17:31:48, 3.57, 107, 163.37, 9.05, 2.22, 0.1456, 0.0305, 0.9860, -0.0752
17:31:48, 3.60, 108, 163.69, 8.98, 2.32, 0.1430, 0.0311, 0.9864, -0.0746
17:31:48, 3.60, 108, 164.01, 8.97, 2.45, 0.1403, 0.0320, 0.9868, -0.0744
17:31:48, 3.60, 108, 164.25, 8.93, 2.64, 0.1383, 0.0334, 0.9871, -0.0739
17:31:48, 3.63, 109, 164.45, 8.99, 2.77, 0.1367, 0.0344, 0.9872, -0.0743
17:31:48, 3.63, 109, 164.59, 9.01, 2.83, 0.1356, 0.0350, 0.9873, -0.0745
17:31:48, 3.67, 110, 164.74, 9.08, 2.91, 0.1343, 0.0356, 0.9874, -0.0751
17:31:48, 3.67, 110, 164.90, 9.18, 2.90, 0.1330, 0.0356, 0.9876, -0.0760
17:31:48, 3.70, 111, 165.05, 9.31, 2.80, 0.1316, 0.0347, 0.9877, -0.0772
17:31:48, 3.70, 111, 165.15, 9.43, 2.69, 0.1307, 0.0338, 0.9877, -0.0784
17:31:48, 3.70, 111, 165.22, 9.58, 2.55, 0.1300, 0.0327, 0.9877, -0.0800
17:31:48, 3.73, 112, 165.31, 9.72, 2.42, 0.1291, 0.0317, 0.9878, -0.0813
17:31:48, 3.73, 112, 165.39, 9.87, 2.26, 0.1284, 0.0304, 0.9878, -0.0828
17:31:48, 3.77, 113, 165.44, 9.97, 2.14, 0.1278, 0.0295, 0.9878, -0.0839
17:31:48, 3.77, 113, 165.48, 10.08, 2.10, 0.1274, 0.0292, 0.9878, -0.0848
17:31:48, 3.77, 113, 165.51, 10.18, 2.03, 0.1272, 0.0287, 0.9877, -0.0858
17:31:48, 3.80, 114, 165.53, 10.22, 1.97, 0.1269, 0.0282, 0.9878, -0.0862
17:31:48, 3.80, 114, 165.53, 10.26, 1.92, 0.1269, 0.0278, 0.9877, -0.0866
17:31:48, 3.83, 115, 165.54, 10.33, 1.88, 0.1268, 0.0276, 0.9877, -0.0872
17:31:48, 3.83, 115, 165.52, 10.38, 1.86, 0.1269, 0.0274, 0.9877, -0.0876
17:31:48, 3.87, 116, 165.48, 10.42, 1.83, 0.1272, 0.0273, 0.9876, -0.0881
17:31:48, 3.87, 116, 165.47, 10.47, 1.85, 0.1274, 0.0275, 0.9875, -0.0885
17:31:48, 3.87, 116, 165.40, 10.50, 1.88, 0.1280, 0.0279, 0.9874, -0.0887
17:31:48, 3.90, 117, 165.32, 10.52, 1.91, 0.1287, 0.0282, 0.9873, -0.0888
17:31:48, 3.90, 117, 165.24, 10.54, 1.92, 0.1294, 0.0283, 0.9872, -0.0890
17:31:48, 3.93, 118, 165.21, 10.56, 1.91, 0.1297, 0.0283, 0.9871, -0.0891
17:31:48, 3.93, 118, 165.16, 10.60, 1.89, 0.1301, 0.0282, 0.9871, -0.0895
17:31:48, 3.93, 118, 165.13, 10.66, 1.88, 0.1303, 0.0282, 0.9870, -0.0900
17:31:48, 3.97, 119, 165.10, 10.71, 1.87, 0.1306, 0.0282, 0.9869, -0.0905
17:31:48, 3.97, 119, 165.06, 10.74, 1.90, 0.1309, 0.0285, 0.9868, -0.0906
17:31:48, 4.00, 120, 165.03, 10.80, 1.90, 0.1312, 0.0286, 0.9867, -0.0911
17:31:48, 4.00, 120, 164.97, 10.87, 1.90, 0.1318, 0.0288, 0.9866, -0.0917
17:31:48, 4.03, 121, 164.89, 10.94, 1.93, 0.1324, 0.0292, 0.9865, -0.0923
17:31:49, 4.03, 121, 164.80, 11.01, 1.97, 0.1333, 0.0296, 0.9863, -0.0928
17:31:49, 4.03, 121, 164.72, 11.06, 1.97, 0.1340, 0.0297, 0.9861, -0.0932
17:31:49, 4.07, 122, 164.66, 11.08, 1.94, 0.1345, 0.0296, 0.9861, -0.0934
17:31:49, 4.07, 122, 164.60, 11.13, 1.89, 0.1349, 0.0293, 0.9860, -0.0939
17:31:49, 4.10, 123, 164.53, 11.17, 1.88, 0.1355, 0.0293, 0.9858, -0.0943
17:31:49, 4.10, 123, 164.46, 11.20, 1.87, 0.1361, 0.0293, 0.9857, -0.0945
17:31:49, 4.10, 123, 164.44, 11.22, 1.87, 0.1363, 0.0293, 0.9857, -0.0947
17:31:49, 4.13, 124, 164.38, 11.29, 1.85, 0.1368, 0.0293, 0.9856, -0.0953
17:31:49, 4.13, 124, 164.38, 11.37, 1.83, 0.1368, 0.0292, 0.9855, -0.0959
17:31:49, 4.17, 125, 164.35, 11.49, 1.80, 0.1370, 0.0291, 0.9854, -0.0970
17:31:49, 4.17, 125, 164.33, 11.62, 1.79, 0.1372, 0.0292, 0.9852, -0.0981
17:31:49, 4.20, 126, 164.34, 11.68, 1.78, 0.1371, 0.0292, 0.9852, -0.0987
17:31:49, 4.20, 126, 164.32, 11.74, 1.78, 0.1373, 0.0293, 0.9851, -0.0992
17:31:49, 4.20, 126, 164.27, 11.82, 1.76, 0.1376, 0.0292, 0.9850, -0.0999
17:31:49, 4.23, 127, 164.24, 11.86, 1.77, 0.1380, 0.0294, 0.9849, -0.1002
17:31:49, 4.23, 127, 164.19, 11.91, 1.73, 0.1383, 0.0291, 0.9848, -0.1007
17:31:49, 4.27, 128, 164.15, 11.95, 1.68, 0.1386, 0.0288, 0.9847, -0.1011
17:31:49, 4.27, 128, 164.14, 12.01, 1.64, 0.1387, 0.0285, 0.9847, -0.1016
17:31:49, 4.30, 129, 164.14, 12.03, 1.57, 0.1386, 0.0279, 0.9847, -0.1019
17:31:49, 4.30, 129, 164.11, 12.03, 1.51, 0.1388, 0.0275, 0.9847, -0.1020
17:31:49, 4.30, 129, 164.08, 12.03, 1.45, 0.1390, 0.0270, 0.9847, -0.1020
17:31:49, 4.33, 130, 164.05, 12.04, 1.39, 0.1392, 0.0265, 0.9846, -0.1021
17:31:49, 4.33, 130, 163.99, 12.04, 1.34, 0.1397, 0.0262, 0.9846, -0.1022
17:31:49, 4.37, 131, 163.96, 12.07, 1.29, 0.1399, 0.0258, 0.9845, -0.1025
17:31:49, 4.37, 131, 163.92, 12.07, 1.23, 0.1402, 0.0252, 0.9845, -0.1026
17:31:49, 4.37, 131, 163.87, 12.04, 1.18, 0.1406, 0.0249, 0.9844, -0.1024
17:31:49, 4.40, 132, 163.81, 12.04, 1.17, 0.1411, 0.0248, 0.9844, -0.1024
17:31:49, 4.40, 132, 163.75, 12.01, 1.13, 0.1416, 0.0245, 0.9843, -0.1022
17:31:49, 4.43, 133, 163.66, 12.02, 1.05, 0.1423, 0.0239, 0.9842, -0.1023
17:31:49, 4.43, 133, 163.55, 12.06, 0.91, 0.1431, 0.0229, 0.9841, -0.1028
17:31:49, 4.43, 133, 163.45, 12.03, 0.80, 0.1439, 0.0220, 0.9840, -0.1027
17:31:49, 4.47, 134, 163.38, 11.91, 0.81, 0.1445, 0.0219, 0.9840, -0.1016
17:31:49, 4.47, 134, 163.28, 11.75, 0.77, 0.1453, 0.0215, 0.9841, -0.1003
17:31:49, 4.50, 135, 163.15, 11.60, 0.73, 0.1464, 0.0211, 0.9840, -0.0990
17:31:49, 4.50, 135, 162.98, 11.43, 0.63, 0.1478, 0.0202, 0.9840, -0.0976
17:31:49, 4.53, 136, 162.78, 11.24, 0.53, 0.1495, 0.0192, 0.9839, -0.0962
17:31:49, 4.53, 136, 162.52, 11.08, 0.45, 0.1516, 0.0185, 0.9837, -0.0948
17:31:49, 4.53, 136, 162.18, 10.91, 0.40, 0.1545, 0.0181, 0.9834, -0.0934
17:31:49, 4.57, 137, 161.75, 10.71, 0.30, 0.1581, 0.0174, 0.9830, -0.0917
17:31:49, 4.57, 137, 161.27, 10.52, 0.20, 0.1622, 0.0166, 0.9825, -0.0902
17:31:49, 4.60, 138, 160.71, 10.29, 0.08, 0.1669, 0.0157, 0.9819, -0.0883
17:31:49, 4.60, 138, 160.11, 9.96, 359.95, 0.1720, 0.0146, 0.9813, -0.0855
17:31:49, 4.60, 138, 159.45, 9.67, 359.93, 0.1776, 0.0144, 0.9805, -0.0830
17:31:49, 4.63, 139, 158.79, 9.31, 359.82, 0.1833, 0.0134, 0.9797, -0.0801
17:31:49, 4.63, 139, 158.11, 9.00, 359.71, 0.1891, 0.0124, 0.9788, -0.0775
17:31:49, 4.67, 140, 157.44, 8.78, 359.61, 0.1948, 0.0117, 0.9779, -0.0758
17:31:49, 4.67, 140, 156.82, 8.60, 359.50, 0.2000, 0.0108, 0.9769, -0.0743
17:31:49, 4.70, 141, 156.23, 8.49, 359.50, 0.2051, 0.0110, 0.9759, -0.0734
17:31:49, 4.70, 141, 155.73, 8.33, 359.47, 0.2093, 0.0108, 0.9751, -0.0720
17:31:49, 4.70, 141, 155.21, 8.13, 359.51, 0.2138, 0.0110, 0.9743, -0.0701
17:31:49, 4.73, 142, 154.66, 7.99, 359.66, 0.2186, 0.0124, 0.9733, -0.0686
17:31:49, 4.73, 142, 154.12, 7.83, 359.69, 0.2232, 0.0127, 0.9724, -0.0672
17:31:49, 4.77, 143, 153.61, 7.62, 359.70, 0.2276, 0.0126, 0.9715, -0.0653
17:31:49, 4.77, 143, 153.12, 7.50, 359.74, 0.2318, 0.0130, 0.9706, -0.0641
17:31:49, 4.77, 143, 152.66, 7.38, 359.65, 0.2357, 0.0123, 0.9697, -0.0633
17:31:49, 4.80, 144, 152.29, 7.30, 359.60, 0.2388, 0.0118, 0.9690, -0.0626
17:31:49, 4.80, 144, 151.89, 7.23, 359.57, 0.2421, 0.0116, 0.9682, -0.0621
17:31:49, 4.83, 145, 151.64, 7.13, 359.59, 0.2443, 0.0118, 0.9677, -0.0611
17:31:49, 4.83, 145, 151.37, 7.06, 359.60, 0.2466, 0.0118, 0.9672, -0.0605
17:31:49, 4.87, 146, 151.25, 7.02, 359.60, 0.2476, 0.0118, 0.9669, -0.0601
17:31:49, 4.87, 146, 151.17, 6.94, 359.61, 0.2483, 0.0118, 0.9668, -0.0595
17:31:49, 4.87, 146, 151.09, 6.90, 359.63, 0.2490, 0.0119, 0.9666, -0.0591
17:31:49, 4.90, 147, 151.13, 6.78, 359.68, 0.2487, 0.0121, 0.9668, -0.0580
17:31:49, 4.90, 147, 151.28, 6.72, 359.71, 0.2475, 0.0121, 0.9671, -0.0574
17:31:49, 4.93, 148, 151.50, 6.60, 359.74, 0.2456, 0.0120, 0.9677, -0.0563
17:31:49, 4.93, 148, 151.79, 6.51, 359.82, 0.2432, 0.0123, 0.9683, -0.0555
17:31:49, 4.93, 148, 152.18, 6.38, 359.90, 0.2400, 0.0125, 0.9692, -0.0542
17:31:49, 4.97, 149, 152.61, 6.27, 359.98, 0.2364, 0.0128, 0.9701, -0.0532
17:31:49, 4.97, 149, 153.16, 6.15, 0.13, 0.2318, 0.0135, 0.9713, -0.0519
17:31:49, 5.00, 150, 153.75, 6.06, 0.28, 0.2269, 0.0144, 0.9725, -0.0509
17:31:49, 5.00, 150, 154.33, 5.96, 0.39, 0.2220, 0.0149, 0.9737, -0.0499
17:31:49, 5.03, 151, 154.96, 5.87, 0.48, 0.2167, 0.0152, 0.9749, -0.0491
17:31:50, 5.03, 151, 155.63, 5.85, 0.55, 0.2110, 0.0154, 0.9761, -0.0489
17:31:50, 5.03, 151, 156.30, 5.80, 0.61, 0.2054, 0.0156, 0.9774, -0.0484
17:31:50, 5.07, 152, 157.02, 5.82, 0.61, 0.1992, 0.0154, 0.9786, -0.0487
17:31:50, 5.07, 152, 157.79, 5.81, 0.59, 0.1926, 0.0148, 0.9800, -0.0487
17:31:50, 5.10, 153, 158.51, 5.84, 0.56, 0.1864, 0.0143, 0.9811, -0.0491
17:31:50, 5.10, 153, 159.28, 5.91, 0.50, 0.1798, 0.0135, 0.9823, -0.0499
17:31:50, 5.10, 153, 160.03, 5.99, 0.48, 0.1734, 0.0131, 0.9835, -0.0507
17:31:50, 5.13, 154, 160.83, 6.10, 0.43, 0.1664, 0.0126, 0.9846, -0.0518
17:31:50, 5.13, 154, 161.65, 6.20, 0.41, 0.1594, 0.0121, 0.9857, -0.0528
17:31:50, 5.17, 155, 162.51, 6.29, 0.37, 0.1519, 0.0115, 0.9869, -0.0538
17:31:50, 5.17, 155, 163.37, 6.31, 0.33, 0.1445, 0.0108, 0.9880, -0.0541
17:31:50, 5.20, 156, 164.23, 6.43, 0.30, 0.1371, 0.0103, 0.9890, -0.0552
17:31:50, 5.20, 156, 165.08, 6.47, 0.25, 0.1298, 0.0095, 0.9899, -0.0557
17:31:50, 5.20, 156, 166.00, 6.53, 0.17, 0.1217, 0.0084, 0.9909, -0.0564
17:31:50, 5.23, 157, 167.02, 6.66, 0.18, 0.1129, 0.0081, 0.9919, -0.0575
17:31:50, 5.23, 157, 168.09, 6.68, 0.21, 0.1037, 0.0079, 0.9929, -0.0577
17:31:50, 5.27, 158, 169.19, 6.77, 0.27, 0.0942, 0.0079, 0.9938, -0.0586
17:31:50, 5.27, 158, 170.26, 6.91, 0.34, 0.0849, 0.0081, 0.9946, -0.0598
17:31:50, 5.27, 158, 171.49, 7.06, 0.52, 0.0744, 0.0091, 0.9953, -0.0611
17:31:50, 5.30, 159, 172.79, 7.12, 0.65, 0.0631, 0.0095, 0.9961, -0.0616
17:31:50, 5.30, 159, 174.07, 7.25, 1.18, 0.0523, 0.0136, 0.9966, -0.0626
17:31:50, 5.33, 160, 175.43, 7.41, 1.44, 0.0406, 0.0151, 0.9970, -0.0640
17:31:50, 5.33, 160, 176.78, 7.51, 1.82, 0.0291, 0.0177, 0.9973, -0.0650
17:31:50, 5.37, 161, 178.14, 7.70, 2.22, 0.0175, 0.0204, 0.9974, -0.0668
17:31:50, 5.37, 161, 179.49, 7.85, 2.50, 0.0059, 0.0220, 0.9974, -0.0683
17:31:50, 5.37, 161, 180.78, 7.95, 2.76, -0.0051, 0.0235, 0.9973, -0.0694
17:31:50, 5.40, 162, 182.12, 8.08, 2.95, -0.0166, 0.0244, 0.9970, -0.0709
17:31:50, 5.40, 162, 183.40, 8.22, 3.03, -0.0277, 0.0243, 0.9967, -0.0724
17:31:50, 5.43, 163, 184.72, 8.34, 3.17, -0.0391, 0.0245, 0.9962, -0.0738
17:31:50, 5.43, 163, 186.09, 8.54, 3.30, -0.0508, 0.0247, 0.9955, -0.0759
17:31:50, 5.43, 163, 187.50, 8.76, 3.39, -0.0630, 0.0245, 0.9947, -0.0781
17:31:50, 5.47, 164, 188.93, 8.93, 3.57, -0.0751, 0.0249, 0.9936, -0.0800
17:31:50, 5.47, 164, 190.25, 9.09, 3.63, -0.0865, 0.0244, 0.9926, -0.0817
17:31:50, 5.50, 165, 191.53, 9.28, 3.58, -0.0976, 0.0228, 0.9914, -0.0836
17:31:50, 5.50, 165, 192.67, 9.49, 3.44, -0.1074, 0.0206, 0.9903, -0.0855
17:31:50, 5.53, 166, 193.71, 9.81, 3.33, -0.1164, 0.0185, 0.9891, -0.0883
17:31:50, 5.53, 166, 194.77, 10.19, 3.15, -0.1255, 0.0158, 0.9877, -0.0915
17:31:50, 5.53, 166, 195.89, 10.60, 2.98, -0.1352, 0.0128, 0.9862, -0.0950
17:31:50, 5.57, 167, 196.89, 10.95, 2.81, -0.1438, 0.0101, 0.9847, -0.0979
17:31:50, 5.57, 167, 197.90, 11.25, 2.56, -0.1526, 0.0067, 0.9832, -0.1002
17:31:50, 5.60, 168, 198.81, 11.64, 2.27, -0.1606, 0.0028, 0.9816, -0.1033
17:31:50, 5.60, 168, 199.73, 11.92, 1.98, -0.1686, -0.0008, 0.9801, -0.1052
17:31:50, 5.60, 168, 200.63, 12.23, 1.75, -0.1764, -0.0041, 0.9784, -0.1075
17:31:50, 5.63, 169, 201.50, 12.47, 1.56, -0.1840, -0.0069, 0.9768, -0.1092
17:31:50, 5.63, 169, 202.43, 12.67, 1.40, -0.1920, -0.0096, 0.9751, -0.1106
17:31:50, 5.67, 170, 203.30, 12.84, 1.25, -0.1995, -0.0120, 0.9734, -0.1117
17:31:50, 5.67, 170, 204.20, 12.94, 1.09, -0.2073, -0.0144, 0.9717, -0.1121
17:31:50, 5.70, 171, 205.12, 13.06, 0.95, -0.2151, -0.0167, 0.9699, -0.1128
17:31:50, 5.70, 171, 206.01, 13.13, 0.81, -0.2227, -0.0189, 0.9681, -0.1130
17:31:50, 5.70, 171, 206.85, 13.20, 0.63, -0.2300, -0.0214, 0.9664, -0.1130
17:31:50, 5.73, 172, 207.81, 13.27, 0.46, -0.2382, -0.0239, 0.9643, -0.1131
17:31:50, 5.73, 172, 208.81, 13.28, 0.32, -0.2468, -0.0261, 0.9621, -0.1127
17:31:50, 5.77, 173, 209.78, 13.31, 0.16, -0.2551, -0.0285, 0.9600, -0.1123
17:31:50, 5.77, 173, 210.83, 13.28, 0.13, -0.2639, -0.0296, 0.9576, -0.1117
17:31:50, 5.77, 173, 211.80, 13.29, 0.10, -0.2720, -0.0308, 0.9553, -0.1116
17:31:50, 5.80, 174, 212.75, 13.32, 359.95, -0.2801, -0.0331, 0.9529, -0.1111
17:31:50, 5.80, 174, 213.65, 13.36, 359.85, -0.2876, -0.0349, 0.9507, -0.1109
17:31:50, 5.83, 175, 214.48, 13.32, 359.76, -0.2946, -0.0364, 0.9485, -0.1101
17:31:50, 5.83, 175, 215.30, 13.26, 359.73, -0.3014, -0.0372, 0.9465, -0.1093
17:31:50, 5.87, 176, 216.08, 13.26, 359.69, -0.3079, -0.0383, 0.9444, -0.1090
17:31:50, 5.87, 176, 216.88, 13.10, 359.60, -0.3147, -0.0394, 0.9423, -0.1071
17:31:50, 5.87, 176, 217.62, 13.05, 359.47, -0.3208, -0.0410, 0.9403, -0.1061
17:31:50, 5.90, 177, 218.39, 12.98, 359.36, -0.3273, -0.0424, 0.9381, -0.1049
17:31:50, 5.90, 177, 219.17, 12.94, 359.26, -0.3338, -0.0438, 0.9359, -0.1040
17:31:50, 5.93, 178, 219.94, 12.92, 359.21, -0.3401, -0.0449, 0.9336, -0.1034
17:31:50, 5.93, 178, 220.79, 12.86, 359.19, -0.3470, -0.0456, 0.9311, -0.1025
17:31:50, 5.93, 178, 221.58, 12.78, 359.16, -0.3535, -0.0463, 0.9288, -0.1014
17:31:50, 5.97, 179, 222.38, 12.64, 359.09, -0.3601, -0.0471, 0.9264, -0.0997
17:31:50, 5.97, 179, 223.22, 12.52, 358.97, -0.3669, -0.0484, 0.9238, -0.0981
17:31:50, 6.00, 180, 224.09, 12.35, 358.86, -0.3742, -0.0495, 0.9211, -0.0960
17:31:50, 6.00, 180, 225.12, 12.23, 358.74, -0.3825, -0.0509, 0.9177, -0.0942
17:31:50, 6.03, 181, 226.25, 12.08, 358.70, -0.3916, -0.0517, 0.9140, -0.0923
17:31:51, 6.03, 181, 227.35, 12.01, 358.73, -0.4004, -0.0521, 0.9103, -0.0913
17:31:51, 6.03, 181, 228.43, 11.93, 358.76, -0.4089, -0.0524, 0.9066, -0.0904
17:31:51, 6.07, 182, 229.43, 11.88, 358.72, -0.4169, -0.0534, 0.9030, -0.0894
17:31:51, 6.07, 182, 230.36, 11.84, 358.64, -0.4243, -0.0545, 0.8996, -0.0883
17:31:51, 6.10, 183, 231.24, 11.80, 358.61, -0.4312, -0.0553, 0.8963, -0.0875
17:31:51, 6.10, 183, 232.13, 11.82, 358.60, -0.4382, -0.0561, 0.8929, -0.0872
17:31:51, 6.10, 183, 232.95, 11.80, 358.62, -0.4445, -0.0566, 0.8898, -0.0867
17:31:51, 6.13, 184, 233.81, 11.75, 358.56, -0.4512, -0.0575, 0.8864, -0.0856
17:31:51, 6.13, 184, 234.62, 11.70, 358.51, -0.4576, -0.0583, 0.8832, -0.0846
17:31:51, 6.17, 185, 235.49, 11.71, 358.48, -0.4643, -0.0592, 0.8797, -0.0841
17:31:51, 6.17, 185, 236.32, 11.69, 358.40, -0.4707, -0.0603, 0.8763, -0.0832
17:31:51, 6.20, 186, 237.20, 11.72, 358.42, -0.4774, -0.0609, 0.8726, -0.0831
17:31:51, 6.20, 186, 238.04, 11.77, 358.38, -0.4838, -0.0620, 0.8691, -0.0828
17:31:51, 6.20, 186, 238.78, 11.75, 358.35, -0.4894, -0.0627, 0.8659, -0.0822
17:31:51, 6.23, 187, 239.54, 11.73, 358.30, -0.4951, -0.0635, 0.8627, -0.0813
17:31:51, 6.23, 187, 240.21, 11.64, 358.28, -0.5003, -0.0637, 0.8598, -0.0802
17:31:51, 6.27, 188, 240.81, 11.59, 358.19, -0.5048, -0.0646, 0.8572, -0.0791
17:31:51, 6.27, 188, 241.42, 11.52, 358.14, -0.5094, -0.0652, 0.8545, -0.0780
17:31:51, 6.27, 188, 241.90, 11.41, 358.04, -0.5131, -0.0657, 0.8524, -0.0765
17:31:51, 6.30, 189, 242.42, 11.36, 357.94, -0.5171, -0.0666, 0.8500, -0.0754
17:31:51, 6.30, 189, 242.85, 11.22, 357.87, -0.5204, -0.0668, 0.8481, -0.0738
17:31:51, 6.33, 190, 243.28, 11.09, 357.81, -0.5236, -0.0669, 0.8463, -0.0722
17:31:51, 6.33, 190, 243.73, 10.96, 357.75, -0.5270, -0.0670, 0.8443, -0.0708
17:31:51, 6.37, 191, 244.18, 10.88, 357.66, -0.5304, -0.0675, 0.8422, -0.0695
17:31:51, 6.37, 191, 244.66, 10.79, 357.60, -0.5339, -0.0678, 0.8400, -0.0683
17:31:51, 6.37, 191, 245.17, 10.65, 357.53, -0.5378, -0.0680, 0.8377, -0.0667
17:31:51, 6.40, 192, 245.67, 10.55, 357.55, -0.5414, -0.0677, 0.8354, -0.0657
17:31:51, 6.40, 192, 246.08, 10.37, 357.45, -0.5445, -0.0679, 0.8336, -0.0637
17:31:51, 6.43, 193, 246.52, 10.28, 357.42, -0.5478, -0.0678, 0.8315, -0.0626
17:31:51, 6.43, 193, 246.91, 10.18, 357.32, -0.5507, -0.0683, 0.8297, -0.0612
17:31:51, 6.43, 193, 247.25, 10.03, 357.31, -0.5532, -0.0678, 0.8281, -0.0598
17:31:51, 6.47, 194, 247.58, 9.92, 357.27, -0.5556, -0.0678, 0.8266, -0.0587
17:31:51, 6.47, 194, 247.83, 9.73, 357.16, -0.5575, -0.0678, 0.8254, -0.0566
17:31:51, 6.50, 195, 248.08, 9.57, 357.12, -0.5594, -0.0674, 0.8243, -0.0551
17:31:51, 6.50, 195, 248.26, 9.44, 357.02, -0.5607, -0.0676, 0.8235, -0.0536
17:31:51, 6.53, 196, 248.41, 9.23, 356.94, -0.5619, -0.0672, 0.8229, -0.0516
17:31:51, 6.53, 196, 248.54, 9.04, 356.83, -0.5630, -0.0671, 0.8223, -0.0495
17:31:51, 6.53, 196, 248.66, 8.94, 356.79, -0.5638, -0.0670, 0.8217, -0.0486
17:31:51, 6.57, 197, 248.76, 8.78, 356.67, -0.5646, -0.0671, 0.8213, -0.0468
17:31:51, 6.57, 197, 248.84, 8.62, 356.55, -0.5652, -0.0672, 0.8210, -0.0450
17:31:51, 6.60, 198, 248.90, 8.43, 356.42, -0.5658, -0.0673, 0.8207, -0.0430
17:31:51, 6.60, 198, 248.97, 8.33, 356.30, -0.5664, -0.0676, 0.8203, -0.0416
17:31:51, 6.60, 198, 249.03, 8.26, 356.20, -0.5668, -0.0681, 0.8200, -0.0405
17:31:51, 6.63, 199, 249.11, 8.17, 356.11, -0.5674, -0.0683, 0.8197, -0.0395
17:31:51, 6.63, 199, 249.20, 8.10, 356.08, -0.5681, -0.0682, 0.8192, -0.0387
17:31:51, 6.67, 200, 249.28, 7.96, 356.03, -0.5687, -0.0679, 0.8189, -0.0374
17:31:51, 6.67, 200, 249.36, 7.87, 355.95, -0.5693, -0.0680, 0.8185, -0.0364
17:31:51, 6.70, 201, 249.43, 7.80, 355.88, -0.5698, -0.0682, 0.8182, -0.0355
17:31:51, 6.70, 201, 249.45, 7.74, 355.79, -0.5700, -0.0685, 0.8181, -0.0345
17:31:51, 6.70, 201, 249.46, 7.66, 355.79, -0.5701, -0.0681, 0.8181, -0.0340
17:31:51, 6.73, 202, 249.43, 7.61, 355.76, -0.5699, -0.0681, 0.8182, -0.0335
17:31:51, 6.73, 202, 249.44, 7.59, 355.70, -0.5700, -0.0685, 0.8181, -0.0330
17:31:51, 6.77, 203, 249.43, 7.59, 355.61, -0.5699, -0.0691, 0.8181, -0.0326
17:31:51, 6.77, 203, 249.43, 7.63, 355.51, -0.5699, -0.0700, 0.8181, -0.0324
17:31:51, 6.77, 203, 249.43, 7.68, 355.46, -0.5699, -0.0706, 0.8180, -0.0325
17:31:51, 6.80, 204, 249.44, 7.68, 355.44, -0.5700, -0.0707, 0.8179, -0.0324
17:31:51, 6.80, 204, 249.50, 7.69, 355.47, -0.5704, -0.0706, 0.8177, -0.0326
17:31:51, 6.83, 205, 249.54, 7.71, 355.49, -0.5707, -0.0705, 0.8175, -0.0328
17:31:51, 6.83, 205, 249.59, 7.72, 355.52, -0.5711, -0.0704, 0.8172, -0.0330
17:31:51, 6.87, 206, 249.65, 7.73, 355.58, -0.5715, -0.0700, 0.8169, -0.0333
17:31:51, 6.87, 206, 249.68, 7.70, 355.65, -0.5717, -0.0694, 0.8168, -0.0334
17:31:51, 6.87, 206, 249.77, 7.62, 355.75, -0.5723, -0.0683, 0.8165, -0.0333
17:31:51, 6.90, 207, 249.81, 7.56, 355.86, -0.5726, -0.0673, 0.8164, -0.0334
17:31:51, 6.90, 207, 249.89, 7.53, 355.97, -0.5731, -0.0663, 0.8161, -0.0337
17:31:51, 6.93, 208, 249.98, 7.52, 356.10, -0.5737, -0.0654, 0.8157, -0.0342
17:31:51, 6.93, 208, 250.06, 7.51, 356.25, -0.5742, -0.0642, 0.8154, -0.0348
17:31:51, 6.93, 208, 250.12, 7.49, 356.40, -0.5746, -0.0631, 0.8152, -0.0354
17:31:51, 6.97, 209, 250.20, 7.42, 356.54, -0.5751, -0.0619, 0.8149, -0.0356
17:31:51, 6.97, 209, 250.27, 7.40, 356.63, -0.5756, -0.0611, 0.8146, -0.0359
17:31:51, 7.00, 210, 250.37, 7.37, 356.76, -0.5763, -0.0601, 0.8142, -0.0362
17:31:51, 7.00, 210, 250.51, 7.41, 356.83, -0.5772, -0.0598, 0.8135, -0.0368
17:31:51, 7.03, 211, 250.67, 7.38, 356.90, -0.5784, -0.0592, 0.8128, -0.0368
17:31:52, 7.03, 211, 250.85, 7.43, 356.98, -0.5796, -0.0590, 0.8119, -0.0375
17:31:52, 7.03, 211, 251.08, 7.47, 357.06, -0.5812, -0.0587, 0.8108, -0.0381
17:31:52, 7.07, 212, 251.33, 7.47, 357.20, -0.5829, -0.0578, 0.8096, -0.0387
17:31:52, 7.07, 212, 251.61, 7.46, 357.35, -0.5848, -0.0568, 0.8082, -0.0393
17:31:52, 7.10, 213, 251.93, 7.43, 357.44, -0.5871, -0.0561, 0.8066, -0.0393
17:31:52, 7.10, 213, 252.28, 7.44, 357.51, -0.5895, -0.0558, 0.8048, -0.0396
17:31:52, 7.10, 213, 252.69, 7.48, 357.57, -0.5924, -0.0557, 0.8028, -0.0400
17:31:52, 7.13, 214, 253.17, 7.57, 357.56, -0.5957, -0.0564, 0.8002, -0.0404
17:31:52, 7.13, 214, 253.64, 7.64, 357.70, -0.5989, -0.0559, 0.7978, -0.0413
17:31:52, 7.17, 215, 254.12, 7.66, 357.74, -0.6023, -0.0559, 0.7953, -0.0415
17:31:52, 7.17, 215, 254.63, 7.65, 357.88, -0.6057, -0.0551, 0.7927, -0.0419
17:31:52, 7.20, 216, 255.19, 7.61, 357.97, -0.6096, -0.0545, 0.7898, -0.0418
17:31:52, 7.20, 216, 255.65, 7.66, 358.01, -0.6127, -0.0547, 0.7873, -0.0421
17:31:52, 7.20, 216, 256.17, 7.63, 358.09, -0.6162, -0.0541, 0.7846, -0.0421
17:31:52, 7.23, 217, 256.67, 7.55, 358.19, -0.6197, -0.0532, 0.7820, -0.0418
17:31:52, 7.23, 217, 257.14, 7.49, 358.17, -0.6229, -0.0532, 0.7794, -0.0411
17:31:52, 7.27, 218, 257.62, 7.50, 358.22, -0.6261, -0.0531, 0.7768, -0.0413
17:31:52, 7.27, 218, 258.10, 7.46, 358.34, -0.6294, -0.0523, 0.7743, -0.0414
17:31:52, 7.27, 218, 258.50, 7.47, 358.35, -0.6321, -0.0523, 0.7721, -0.0413
17:31:52, 7.30, 219, 258.98, 7.47, 358.40, -0.6352, -0.0522, 0.7695, -0.0414
17:31:52, 7.30, 219, 259.40, 7.55, 358.40, -0.6381, -0.0528, 0.7670, -0.0417
17:31:52, 7.33, 220, 259.84, 7.52, 358.45, -0.6409, -0.0524, 0.7647, -0.0416
17:31:52, 7.33, 220, 260.29, 7.51, 358.44, -0.6440, -0.0526, 0.7621, -0.0413
17:31:52, 7.37, 221, 260.72, 7.52, 358.47, -0.6468, -0.0526, 0.7597, -0.0413
17:31:52, 7.37, 221, 261.22, 7.45, 358.49, -0.6501, -0.0523, 0.7569, -0.0408
17:31:52, 7.37, 221, 261.65, 7.43, 358.51, -0.6530, -0.0522, 0.7545, -0.0406
17:31:52, 7.40, 222, 262.12, 7.42, 358.53, -0.6561, -0.0522, 0.7518, -0.0404
17:31:52, 7.40, 222, 262.62, 7.46, 358.55, -0.6593, -0.0525, 0.7489, -0.0405
17:31:52, 7.43, 223, 263.10, 7.42, 358.62, -0.6624, -0.0519, 0.7462, -0.0405
17:31:52, 7.43, 223, 263.67, 7.42, 358.73, -0.6661, -0.0514, 0.7430, -0.0408
17:31:52, 7.43, 223, 264.14, 7.33, 358.80, -0.6691, -0.0506, 0.7403, -0.0404
17:31:52, 7.47, 224, 264.71, 7.30, 358.84, -0.6728, -0.0503, 0.7370, -0.0403
17:31:52, 7.47, 224, 265.27, 7.30, 358.88, -0.6764, -0.0503, 0.7337, -0.0402
17:31:52, 7.50, 225, 265.82, 7.30, 358.97, -0.6799, -0.0499, 0.7305, -0.0405
17:31:52, 7.50, 225, 266.34, 7.28, 359.11, -0.6831, -0.0491, 0.7275, -0.0410
17:31:52, 7.53, 226, 266.85, 7.25, 359.22, -0.6863, -0.0484, 0.7245, -0.0412
17:31:52, 7.53, 226, 267.30, 7.17, 359.34, -0.6892, -0.0473, 0.7219, -0.0413
17:31:52, 7.53, 226, 267.79, 7.03, 359.42, -0.6923, -0.0462, 0.7190, -0.0407
17:31:52, 7.57, 227, 268.33, 6.97, 359.48, -0.6957, -0.0457, 0.7158, -0.0405
17:31:52, 7.57, 227, 268.85, 6.89, 359.49, -0.6989, -0.0453, 0.7127, -0.0398
17:31:52, 7.60, 228, 269.38, 6.88, 359.52, -0.7022, -0.0452, 0.7094, -0.0397
17:31:52, 7.60, 228, 269.86, 6.81, 359.50, -0.7052, -0.0450, 0.7065, -0.0389
17:31:52, 7.60, 228, 270.37, 6.80, 359.52, -0.7083, -0.0450, 0.7034, -0.0389
17:31:52, 7.63, 229, 270.94, 6.79, 359.51, -0.7118, -0.0452, 0.6999, -0.0385
17:31:52, 7.63, 229, 271.43, 6.75, 359.51, -0.7148, -0.0452, 0.6968, -0.0381
17:31:52, 7.67, 230, 271.99, 6.72, 359.57, -0.7182, -0.0448, 0.6934, -0.0380
17:31:52, 7.67, 230, 272.50, 6.75, 359.52, -0.7212, -0.0454, 0.6902, -0.0377
17:31:52, 7.70, 231, 272.91, 6.75, 359.52, -0.7237, -0.0456, 0.6876, -0.0375
17:31:52, 7.70, 231, 273.38, 6.80, 359.50, -0.7266, -0.0462, 0.6845, -0.0375
17:31:52, 7.70, 231, 273.89, 6.81, 359.44, -0.7296, -0.0467, 0.6812, -0.0370
17:31:52, 7.73, 232, 274.36, 6.89, 359.42, -0.7324, -0.0475, 0.6782, -0.0371
17:31:52, 7.73, 232, 274.85, 6.98, 359.37, -0.7352, -0.0485, 0.6750, -0.0371
17:31:52, 7.77, 233, 275.32, 7.02, 359.25, -0.7380, -0.0497, 0.6719, -0.0364
17:31:52, 7.77, 233, 275.78, 7.06, 359.23, -0.7407, -0.0502, 0.6690, -0.0363
17:31:52, 7.77, 233, 276.27, 7.09, 359.17, -0.7436, -0.0508, 0.6658, -0.0359
17:31:52, 7.80, 234, 276.82, 7.09, 359.10, -0.7468, -0.0514, 0.6621, -0.0351
17:31:52, 7.80, 234, 277.30, 7.06, 359.11, -0.7495, -0.0514, 0.6590, -0.0349
17:31:52, 7.83, 235, 277.77, 7.10, 359.01, -0.7523, -0.0523, 0.6559, -0.0342
17:31:52, 7.83, 235, 278.35, 7.10, 359.03, -0.7556, -0.0524, 0.6521, -0.0341
17:31:52, 7.87, 236, 278.91, 7.10, 358.95, -0.7588, -0.0530, 0.6483, -0.0333
17:31:52, 7.87, 236, 279.48, 7.08, 358.95, -0.7620, -0.0530, 0.6446, -0.0329
17:31:52, 7.87, 236, 280.16, 7.01, 358.98, -0.7658, -0.0526, 0.6401, -0.0324
17:31:52, 7.90, 237, 280.75, 7.01, 358.94, -0.7691, -0.0530, 0.6361, -0.0319
17:31:52, 7.90, 237, 281.32, 6.98, 358.90, -0.7723, -0.0531, 0.6323, -0.0311
17:31:52, 7.93, 238, 281.94, 7.03, 358.85, -0.7757, -0.0539, 0.6280, -0.0308
17:31:52, 7.93, 238, 282.60, 7.04, 358.79, -0.7793, -0.0545, 0.6235, -0.0302
17:31:52, 7.93, 238, 283.20, 7.01, 358.79, -0.7826, -0.0545, 0.6194, -0.0297
17:31:52, 7.97, 239, 283.88, 6.93, 358.79, -0.7863, -0.0541, 0.6148, -0.0289
17:31:52, 7.97, 239, 284.61, 6.92, 358.77, -0.7902, -0.0543, 0.6098, -0.0284
17:31:52, 8.00, 240, 285.26, 6.89, 358.79, -0.7937, -0.0541, 0.6053, -0.0281
17:31:52, 8.00, 240, 285.89, 6.91, 358.80, -0.7970, -0.0544, 0.6009, -0.0280
17:31:52, 8.03, 241, 286.49, 6.95, 358.79, -0.8001, -0.0549, 0.5967, -0.0278
17:31:53, 8.03, 241, 287.11, 7.00, 358.73, -0.8033, -0.0556, 0.5924, -0.0274
17:31:53, 8.03, 241, 287.67, 7.01, 358.76, -0.8061, -0.0557, 0.5885, -0.0273
17:31:53, 8.07, 242, 288.18, 7.16, 358.71, -0.8087, -0.0571, 0.5847, -0.0275
17:31:53, 8.07, 242, 288.74, 7.21, 358.65, -0.8115, -0.0579, 0.5808, -0.0271
17:31:53, 8.10, 243, 289.27, 7.28, 358.66, -0.8142, -0.0586, 0.5770, -0.0272
17:31:53, 8.10, 243, 289.85, 7.27, 358.62, -0.8171, -0.0588, 0.5728, -0.0266
17:31:53, 8.10, 243, 290.29, 7.27, 358.60, -0.8193, -0.0590, 0.5697, -0.0262
17:31:53, 8.13, 244, 290.82, 7.20, 358.58, -0.8220, -0.0587, 0.5659, -0.0255
17:31:53, 8.13, 244, 291.22, 7.25, 358.54, -0.8239, -0.0593, 0.5630, -0.0252
17:31:53, 8.17, 245, 291.64, 7.26, 358.55, -0.8260, -0.0595, 0.5599, -0.0251
17:31:53, 8.17, 245, 292.01, 7.25, 358.60, -0.8278, -0.0592, 0.5573, -0.0252
17:31:53, 8.20, 246, 292.39, 7.23, 358.66, -0.8297, -0.0589, 0.5546, -0.0254
17:31:53, 8.20, 246, 292.77, 7.25, 358.69, -0.8315, -0.0590, 0.5519, -0.0255
17:31:53, 8.20, 246, 293.13, 7.28, 358.64, -0.8332, -0.0595, 0.5492, -0.0251
17:31:53, 8.23, 247, 293.53, 7.30, 358.61, -0.8351, -0.0599, 0.5463, -0.0248
17:31:53, 8.23, 247, 293.87, 7.34, 358.57, -0.8367, -0.0604, 0.5438, -0.0245
17:31:53, 8.27, 248, 294.20, 7.37, 358.48, -0.8383, -0.0611, 0.5413, -0.0238
17:31:53, 8.27, 248, 294.55, 7.34, 358.41, -0.8399, -0.0613, 0.5387, -0.0230
17:31:53, 8.30, 249, 294.93, 7.39, 358.38, -0.8417, -0.0619, 0.5359, -0.0227
17:31:53, 8.30, 249, 295.25, 7.31, 358.27, -0.8433, -0.0619, 0.5335, -0.0215
17:31:53, 8.30, 249, 295.62, 7.31, 358.26, -0.8450, -0.0620, 0.5308, -0.0211
17:31:53, 8.33, 250, 295.95, 7.33, 358.16, -0.8465, -0.0627, 0.5283, -0.0203
17:31:53, 8.33, 250, 296.26, 7.34, 358.09, -0.8479, -0.0632, 0.5259, -0.0196
17:31:53, 8.37, 251, 296.58, 7.34, 358.01, -0.8494, -0.0635, 0.5235, -0.0189
17:31:53, 8.37, 251, 296.91, 7.34, 357.87, -0.8509, -0.0643, 0.5210, -0.0177
17:31:53, 8.37, 251, 297.22, 7.37, 357.77, -0.8524, -0.0650, 0.5186, -0.0169
17:31:53, 8.40, 252, 297.56, 7.39, 357.63, -0.8539, -0.0658, 0.5160, -0.0157
17:31:53, 8.40, 252, 297.92, 7.39, 357.51, -0.8555, -0.0664, 0.5133, -0.0146
17:31:53, 8.43, 253, 298.27, 7.44, 357.36, -0.8571, -0.0675, 0.5106, -0.0135
17:31:53, 8.43, 253, 298.65, 7.48, 357.24, -0.8588, -0.0683, 0.5076, -0.0126
17:31:53, 8.43, 253, 298.98, 7.51, 357.21, -0.8602, -0.0687, 0.5051, -0.0123
17:31:53, 8.47, 254, 299.29, 7.55, 357.11, -0.8616, -0.0695, 0.5026, -0.0116
17:31:53, 8.47, 254, 299.63, 7.58, 357.01, -0.8631, -0.0702, 0.5000, -0.0107
17:31:53, 8.50, 255, 299.92, 7.57, 356.94, -0.8643, -0.0705, 0.4978, -0.0100
17:31:53, 8.50, 255, 300.19, 7.64, 356.90, -0.8655, -0.0712, 0.4957, -0.0098
17:31:53, 8.53, 256, 300.47, 7.62, 356.85, -0.8667, -0.0713, 0.4936, -0.0091
17:31:53, 8.53, 256, 300.72, 7.61, 356.81, -0.8678, -0.0714, 0.4917, -0.0087
17:31:53, 8.53, 256, 300.99, 7.57, 356.75, -0.8690, -0.0713, 0.4896, -0.0079
17:31:53, 8.57, 257, 301.19, 7.56, 356.67, -0.8699, -0.0716, 0.4880, -0.0070
17:31:53, 8.57, 257, 301.44, 7.51, 356.61, -0.8709, -0.0716, 0.4861, -0.0063
17:31:53, 8.60, 258, 301.67, 7.54, 356.53, -0.8719, -0.0721, 0.4843, -0.0056
17:31:53, 8.60, 258, 301.87, 7.55, 356.48, -0.8728, -0.0724, 0.4827, -0.0052
17:31:53, 8.60, 258, 302.09, 7.54, 356.43, -0.8737, -0.0726, 0.4810, -0.0046
17:31:53, 8.63, 259, 302.29, 7.55, 356.39, -0.8745, -0.0728, 0.4795, -0.0042
17:31:53, 8.63, 259, 302.47, 7.52, 356.32, -0.8753, -0.0729, 0.4781, -0.0035
17:31:53, 8.67, 260, 302.66, 7.54, 356.25, -0.8761, -0.0733, 0.4766, -0.0029
17:31:53, 8.67, 260, 302.84, 7.57, 356.19, -0.8768, -0.0738, 0.4752, -0.0025
17:31:53, 8.70, 261, 302.99, 7.59, 356.17, -0.8774, -0.0740, 0.4740, -0.0022
17:31:53, 8.70, 261, 303.12, 7.59, 356.14, -0.8780, -0.0742, 0.4730, -0.0020
17:31:53, 8.70, 261, 303.24, 7.58, 356.11, -0.8784, -0.0742, 0.4720, -0.0016
17:31:53, 8.73, 262, 303.32, 7.53, 356.14, -0.8788, -0.0737, 0.4714, -0.0016
17:31:53, 8.73, 262, 303.42, 7.46, 356.15, -0.8792, -0.0732, 0.4707, -0.0013
17:31:53, 8.77, 263, 303.50, 7.44, 356.18, -0.8796, -0.0729, 0.4702, -0.0014
17:31:53, 8.77, 263, 303.55, 7.41, 356.21, -0.8798, -0.0726, 0.4698, -0.0015
17:31:53, 8.77, 263, 303.61, 7.40, 356.19, -0.8800, -0.0725, 0.4694, -0.0012
17:31:53, 8.80, 264, 303.66, 7.39, 356.22, -0.8803, -0.0723, 0.4690, -0.0014
17:31:53, 8.80, 264, 303.69, 7.36, 356.26, -0.8804, -0.0719, 0.4688, -0.0016
17:31:53, 8.83, 265, 303.71, 7.33, 356.33, -0.8805, -0.0714, 0.4687, -0.0019
17:31:53, 8.83, 265, 303.74, 7.30, 356.36, -0.8806, -0.0710, 0.4685, -0.0020
17:31:53, 8.87, 266, 303.75, 7.23, 356.41, -0.8807, -0.0703, 0.4685, -0.0022
17:31:53, 8.87, 266, 303.77, 7.19, 356.48, -0.8807, -0.0697, 0.4684, -0.0025
17:31:53, 8.87, 266, 303.79, 7.15, 356.50, -0.8809, -0.0694, 0.4682, -0.0025
17:31:53, 8.90, 267, 303.78, 7.15, 356.52, -0.8808, -0.0692, 0.4684, -0.0026
17:31:53, 8.90, 267, 303.78, 7.13, 356.53, -0.8808, -0.0690, 0.4684, -0.0026
17:31:53, 8.93, 268, 303.74, 7.12, 356.55, -0.8807, -0.0689, 0.4687, -0.0028
17:31:53, 8.93, 268, 303.72, 7.10, 356.55, -0.8806, -0.0688, 0.4689, -0.0027
17:31:53, 8.93, 268, 303.67, 7.14, 356.56, -0.8804, -0.0690, 0.4692, -0.0029
17:31:53, 8.97, 269, 303.60, 7.15, 356.56, -0.8801, -0.0691, 0.4697, -0.0030
17:31:53, 8.97, 269, 303.53, 7.18, 356.53, -0.8798, -0.0694, 0.4703, -0.0030
17:31:53, 9.00, 270, 303.42, 7.21, 356.50, -0.8793, -0.0698, 0.4711, -0.0030
17:31:53, 9.00, 270, 303.31, 7.26, 356.45, -0.8789, -0.0704, 0.4718, -0.0028
17:31:53, 9.03, 271, 303.20, 7.32, 356.40, -0.8784, -0.0710, 0.4726, -0.0027
17:31:54, 9.03, 271, 303.08, 7.37, 356.33, -0.8779, -0.0717, 0.4735, -0.0025
17:31:54, 9.03, 271, 302.96, 7.42, 356.25, -0.8773, -0.0724, 0.4744, -0.0022
17:31:54, 9.07, 272, 302.79, 7.47, 356.18, -0.8766, -0.0731, 0.4756, -0.0020
17:31:54, 9.07, 272, 302.60, 7.52, 356.08, -0.8758, -0.0738, 0.4769, -0.0015
17:31:54, 9.10, 273, 302.42, 7.57, 356.01, -0.8750, -0.0746, 0.4783, -0.0013
17:31:54, 9.10, 273, 302.22, 7.60, 355.94, -0.8742, -0.0750, 0.4797, -0.0011
17:31:54, 9.10, 273, 302.03, 7.67, 355.90, -0.8734, -0.0758, 0.4811, -0.0012
17:31:54, 9.13, 274, 301.85, 7.71, 355.87, -0.8726, -0.0762, 0.4824, -0.0012
17:31:54, 9.13, 274, 301.70, 7.75, 355.83, -0.8720, -0.0767, 0.4835, -0.0012
17:31:54, 9.17, 275, 301.55, 7.81, 355.83, -0.8713, -0.0771, 0.4846, -0.0015
17:31:54, 9.17, 275, 301.41, 7.87, 355.82, -0.8707, -0.0776, 0.4857, -0.0018
17:31:54, 9.20, 276, 301.28, 7.91, 355.84, -0.8701, -0.0778, 0.4867, -0.0022
17:31:54, 9.20, 276, 301.16, 7.96, 355.86, -0.8696, -0.0781, 0.4875, -0.0027
17:31:54, 9.20, 276, 301.04, 8.00, 355.89, -0.8691, -0.0783, 0.4884, -0.0032
17:31:54, 9.23, 277, 300.93, 8.09, 355.93, -0.8686, -0.0788, 0.4892, -0.0039
17:31:54, 9.23, 277, 300.81, 8.19, 355.95, -0.8680, -0.0794, 0.4901, -0.0046
17:31:54, 9.27, 278, 300.66, 8.28, 355.98, -0.8673, -0.0800, 0.4912, -0.0053
17:31:54, 9.27, 278, 300.46, 8.40, 356.03, -0.8665, -0.0807, 0.4927, -0.0064
17:31:54, 9.27, 278, 300.30, 8.49, 356.10, -0.8657, -0.0810, 0.4939, -0.0074
17:31:54, 9.30, 279, 300.12, 8.56, 356.16, -0.8649, -0.0813, 0.4953, -0.0083
17:31:54, 9.30, 279, 299.92, 8.64, 356.21, -0.8640, -0.0817, 0.4967, -0.0092
17:31:54, 9.33, 280, 299.76, 8.70, 356.27, -0.8633, -0.0819, 0.4979, -0.0100
17:31:54, 9.33, 280, 299.52, 8.80, 356.30, -0.8622, -0.0824, 0.4997, -0.0108
17:31:54, 9.37, 281, 299.30, 8.86, 356.35, -0.8612, -0.0827, 0.5014, -0.0116
17:31:54, 9.37, 281, 299.03, 8.92, 356.37, -0.8600, -0.0830, 0.5034, -0.0122
17:31:54, 9.37, 281, 298.75, 8.96, 356.40, -0.8587, -0.0832, 0.5055, -0.0128
17:31:54, 9.40, 282, 298.49, 9.03, 356.47, -0.8575, -0.0833, 0.5075, -0.0138
17:31:54, 9.40, 282, 298.21, 9.04, 356.52, -0.8563, -0.0832, 0.5096, -0.0145
17:31:54, 9.43, 283, 297.89, 9.09, 356.62, -0.8548, -0.0830, 0.5120, -0.0157
17:31:54, 9.43, 283, 297.58, 9.11, 356.71, -0.8534, -0.0828, 0.5144, -0.0166
17:31:54, 9.43, 283, 297.23, 9.14, 356.79, -0.8518, -0.0825, 0.5170, -0.0176
17:31:54, 9.47, 284, 296.89, 9.14, 356.88, -0.8503, -0.0821, 0.5196, -0.0185
17:31:54, 9.47, 284, 296.50, 9.16, 356.98, -0.8485, -0.0817, 0.5225, -0.0197
17:31:54, 9.50, 285, 296.21, 9.18, 357.09, -0.8471, -0.0813, 0.5248, -0.0208
17:31:54, 9.50, 285, 295.83, 9.17, 357.14, -0.8453, -0.0809, 0.5277, -0.0213
17:31:54, 9.53, 286, 295.48, 9.16, 357.28, -0.8437, -0.0801, 0.5303, -0.0226
17:31:54, 9.53, 286, 295.11, 9.13, 357.33, -0.8420, -0.0796, 0.5331, -0.0231
17:31:54, 9.53, 286, 294.78, 9.12, 357.42, -0.8405, -0.0791, 0.5355, -0.0239
17:31:54, 9.57, 287, 294.45, 9.09, 357.53, -0.8389, -0.0782, 0.5381, -0.0249
17:31:54, 9.57, 287, 294.12, 9.08, 357.63, -0.8373, -0.0776, 0.5406, -0.0258
17:31:54, 9.60, 288, 293.84, 9.07, 357.73, -0.8360, -0.0770, 0.5427, -0.0267
17:31:54, 9.60, 288, 293.54, 9.04, 357.84, -0.8345, -0.0762, 0.5450, -0.0275
17:31:54, 9.60, 288, 293.24, 8.99, 357.94, -0.8331, -0.0753, 0.5472, -0.0282
17:31:54, 9.63, 289, 292.98, 8.98, 358.07, -0.8318, -0.0746, 0.5492, -0.0292
17:31:54, 9.63, 289, 292.69, 8.99, 358.17, -0.8304, -0.0740, 0.5514, -0.0301
17:31:54, 9.67, 290, 292.37, 8.95, 358.27, -0.8288, -0.0732, 0.5538, -0.0310
17:31:54, 9.67, 290, 292.05, 8.95, 358.38, -0.8273, -0.0726, 0.5562, -0.0319
17:31:54, 9.70, 291, 291.72, 8.92, 358.48, -0.8257, -0.0718, 0.5586, -0.0327
17:31:54, 9.70, 291, 291.39, 8.92, 358.52, -0.8240, -0.0714, 0.5610, -0.0332
17:31:54, 9.70, 291, 291.04, 8.89, 358.58, -0.8223, -0.0709, 0.5636, -0.0337
17:31:54, 9.73, 292, 290.69, 8.92, 358.62, -0.8206, -0.0708, 0.5661, -0.0343
17:31:54, 9.73, 292, 290.32, 8.92, 358.65, -0.8187, -0.0706, 0.5687, -0.0348
17:31:54, 9.77, 293, 289.92, 8.90, 358.61, -0.8168, -0.0705, 0.5716, -0.0346
17:31:54, 9.77, 293, 289.56, 8.92, 358.54, -0.8150, -0.0708, 0.5741, -0.0345
17:31:54, 9.80, 294, 289.16, 8.96, 358.41, -0.8130, -0.0716, 0.5769, -0.0340
17:31:54, 9.80, 294, 288.85, 8.92, 358.28, -0.8115, -0.0719, 0.5790, -0.0330
17:31:54, 9.80, 294, 288.64, 8.92, 358.21, -0.8105, -0.0723, 0.5804, -0.0327
17:31:54, 9.83, 295, 288.56, 8.89, 358.19, -0.8100, -0.0721, 0.5810, -0.0324
17:31:54, 9.83, 295, 288.63, 8.91, 358.20, -0.8104, -0.0722, 0.5805, -0.0326
17:31:54, 9.87, 296, 288.79, 8.96, 358.15, -0.8112, -0.0729, 0.5793, -0.0324
17:31:54, 9.87, 296, 288.93, 9.06, 358.09, -0.8119, -0.0739, 0.5782, -0.0324
17:31:54, 9.87, 296, 289.11, 9.15, 358.01, -0.8128, -0.0751, 0.5768, -0.0321
17:31:54, 9.90, 297, 289.32, 9.21, 357.89, -0.8138, -0.0761, 0.5752, -0.0314
17:31:54, 9.90, 297, 289.59, 9.29, 357.72, -0.8152, -0.0776, 0.5732, -0.0305
17:31:54, 9.93, 298, 289.95, 9.36, 357.59, -0.8170, -0.0789, 0.5705, -0.0296
17:31:54, 9.93, 298, 290.40, 9.48, 357.46, -0.8192, -0.0804, 0.5671, -0.0290
17:31:54, 9.93, 298, 290.97, 9.56, 357.33, -0.8220, -0.0818, 0.5629, -0.0281
17:31:54, 9.97, 299, 291.63, 9.72, 357.24, -0.8252, -0.0836, 0.5580, -0.0277
17:31:54, 9.97, 299, 292.34, 9.80, 357.14, -0.8286, -0.0847, 0.5527, -0.0269
