Timestamp, VideoTime, VideoFrame, HeadYaw, HeadPitch, HeadRoll, HeadQuatW, HeadQuatX, HeadQuatY, HeadQuatZ
17:33:49, 0.00, 0, 355.07, 0.62, 0.45, -0.9991, -0.0053, 0.0430, -0.0041
17:33:49, 0.03, 1, 355.28, 0.69, 0.23, -0.9991, -0.0059, 0.0412, -0.0022
17:33:49, 0.03, 1, 355.49, 0.71, 0.02, -0.9992, -0.0062, 0.0394, -0.0005
17:33:50, 0.03, 1, 355.64, 0.78, 359.84, -0.9993, -0.0068, 0.0380, 0.0011
17:33:50, 0.07, 2, 355.80, 0.79, 359.67, -0.9993, -0.0070, 0.0366, 0.0026
17:33:50, 0.07, 2, 355.94, 0.83, 359.46, -0.9993, -0.0074, 0.0354, 0.0045
17:33:50, 0.10, 3, 356.06, 0.81, 359.25, -0.9994, -0.0073, 0.0343, 0.0063
17:33:50, 0.10, 3, 356.20, 0.80, 359.10, -0.9994, -0.0072, 0.0331, 0.0077
17:33:50, 0.10, 3, 356.30, 0.74, 358.93, -0.9994, -0.0067, 0.0322, 0.0091
17:33:50, 0.13, 4, 356.41, 0.68, 358.79, -0.9994, -0.0063, 0.0313, 0.0104
17:33:50, 0.13, 4, 356.51, 0.57, 358.65, -0.9995, -0.0053, 0.0304, 0.0117
17:33:50, 0.17, 5, 356.61, 0.50, 358.53, -0.9995, -0.0047, 0.0296, 0.0127
17:33:50, 0.17, 5, 356.70, 0.44, 358.40, -0.9995, -0.0042, 0.0287, 0.0139
17:33:50, 0.17, 5, 356.80, 0.39, 358.28, -0.9995, -0.0038, 0.0278, 0.0149
17:33:50, 0.20, 6, 356.87, 0.33, 358.18, -0.9995, -0.0033, 0.0272, 0.0158
17:33:50, 0.20, 6, 356.99, 0.29, 358.09, -0.9995, -0.0030, 0.0262, 0.0166
17:33:50, 0.23, 7, 357.05, 0.26, 358.01, -0.9995, -0.0027, 0.0257, 0.0173
17:33:50, 0.23, 7, 357.12, 0.24, 357.95, -0.9995, -0.0025, 0.0251, 0.0179
17:33:50, 0.27, 8, 357.16, 0.20, 357.93, -0.9995, -0.0022, 0.0247, 0.0180
17:33:50, 0.27, 8, 357.22, 0.19, 357.91, -0.9995, -0.0021, 0.0242, 0.0182
17:33:50, 0.27, 8, 357.24, 0.19, 357.86, -0.9995, -0.0021, 0.0241, 0.0186
17:33:50, 0.30, 9, 357.28, 0.19, 357.83, -0.9995, -0.0021, 0.0237, 0.0189
17:33:50, 0.30, 9, 357.32, 0.23, 357.79, -0.9995, -0.0025, 0.0233, 0.0192
17:33:50, 0.33, 10, 357.35, 0.31, 357.78, -0.9995, -0.0032, 0.0230, 0.0193
17:33:50, 0.33, 10, 357.36, 0.38, 357.78, -0.9995, -0.0038, 0.0229, 0.0193
17:33:50, 0.33, 10, 357.35, 0.42, 357.77, -0.9995, -0.0041, 0.0231, 0.0194
17:33:50, 0.37, 11, 357.32, 0.43, 357.74, -0.9995, -0.0042, 0.0233, 0.0196
17:33:50, 0.37, 11, 357.26, 0.45, 357.73, -0.9995, -0.0044, 0.0238, 0.0197
17:33:50, 0.40, 12, 357.22, 0.45, 357.72, -0.9995, -0.0044, 0.0242, 0.0198
17:33:50, 0.40, 12, 357.19, 0.47, 357.73, -0.9995, -0.0046, 0.0245, 0.0197
17:33:50, 0.43, 13, 357.14, 0.50, 357.74, -0.9995, -0.0048, 0.0249, 0.0196
17:33:50, 0.43, 13, 357.13, 0.52, 357.73, -0.9995, -0.0051, 0.0250, 0.0197
17:33:50, 0.43, 13, 357.10, 0.56, 357.75, -0.9995, -0.0054, 0.0252, 0.0195
17:33:50, 0.47, 14, 357.09, 0.57, 357.72, -0.9995, -0.0055, 0.0253, 0.0198
17:33:50, 0.47, 14, 357.09, 0.59, 357.72, -0.9995, -0.0057, 0.0253, 0.0198
17:33:50, 0.50, 15, 357.14, 0.62, 357.74, -0.9995, -0.0059, 0.0248, 0.0196
17:33:50, 0.50, 15, 357.20, 0.62, 357.76, -0.9995, -0.0059, 0.0243, 0.0194
17:33:50, 0.50, 15, 357.24, 0.63, 357.77, -0.9995, -0.0059, 0.0239, 0.0194
17:33:50, 0.53, 16, 357.31, 0.63, 357.73, -0.9995, -0.0060, 0.0234, 0.0196
17:33:50, 0.53, 16, 357.35, 0.62, 357.75, -0.9995, -0.0059, 0.0230, 0.0195
17:33:50, 0.57, 17, 357.40, 0.62, 357.74, -0.9995, -0.0058, 0.0226, 0.0196
17:33:50, 0.57, 17, 357.46, 0.65, 357.74, -0.9995, -0.0061, 0.0221, 0.0195
17:33:50, 0.60, 18, 357.48, 0.63, 357.76, -0.9996, -0.0059, 0.0219, 0.0195
17:33:50, 0.60, 18, 357.54, 0.61, 357.78, -0.9996, -0.0057, 0.0214, 0.0192
17:33:50, 0.60, 18, 357.60, 0.60, 357.78, -0.9996, -0.0057, 0.0209, 0.0192
17:33:50, 0.63, 19, 357.64, 0.60, 357.79, -0.9996, -0.0056, 0.0205, 0.0192
17:33:50, 0.63, 19, 357.71, 0.58, 357.79, -0.9996, -0.0054, 0.0199, 0.0192
17:33:50, 0.67, 20, 357.76, 0.57, 357.80, -0.9996, -0.0053, 0.0194, 0.0191
17:33:50, 0.67, 20, 357.79, 0.55, 357.80, -0.9996, -0.0052, 0.0192, 0.0191
17:33:50, 0.67, 20, 357.79, 0.53, 357.83, -0.9996, -0.0050, 0.0192, 0.0189
17:33:50, 0.70, 21, 357.82, 0.51, 357.84, -0.9996, -0.0048, 0.0189, 0.0187
17:33:50, 0.70, 21, 357.84, 0.50, 357.87, -0.9996, -0.0047, 0.0188, 0.0185
17:33:50, 0.73, 22, 357.88, 0.48, 357.90, -0.9997, -0.0046, 0.0184, 0.0183
17:33:50, 0.73, 22, 357.95, 0.46, 357.89, -0.9997, -0.0044, 0.0178, 0.0183
17:33:50, 0.77, 23, 358.00, 0.48, 357.90, -0.9997, -0.0045, 0.0174, 0.0183
17:33:50, 0.77, 23, 358.09, 0.46, 357.92, -0.9997, -0.0043, 0.0166, 0.0181
17:33:50, 0.77, 23, 358.17, 0.43, 357.92, -0.9997, -0.0041, 0.0159, 0.0181
17:33:50, 0.80, 24, 358.26, 0.40, 357.92, -0.9997, -0.0037, 0.0151, 0.0181
17:33:50, 0.80, 24, 358.35, 0.37, 357.91, -0.9997, -0.0035, 0.0143, 0.0182
17:33:50, 0.83, 25, 358.44, 0.34, 357.92, -0.9997, -0.0032, 0.0135, 0.0181
17:33:50, 0.83, 25, 358.54, 0.30, 357.90, -0.9997, -0.0029, 0.0127, 0.0183
17:33:50, 0.83, 25, 358.63, 0.25, 357.89, -0.9998, -0.0024, 0.0119, 0.0184
17:33:50, 0.87, 26, 358.67, 0.19, 357.88, -0.9998, -0.0019, 0.0115, 0.0185
17:33:50, 0.87, 26, 358.69, 0.13, 357.89, -0.9998, -0.0013, 0.0114, 0.0184
17:33:50, 0.90, 27, 358.70, 0.09, 357.84, -0.9998, -0.0010, 0.0113, 0.0188
17:33:50, 0.90, 27, 358.73, 0.04, 357.83, -0.9998, -0.0006, 0.0111, 0.0189
17:33:50, 0.93, 28, 358.75, 359.96, 357.85, -0.9998, 0.0001, 0.0110, 0.0188
17:33:50, 0.93, 28, 358.79, 359.90, 357.84, -0.9998, 0.0007, 0.0106, 0.0189
17:33:50, 0.93, 28, 358.83, 359.85, 357.81, -0.9998, 0.0011, 0.0102, 0.0191
17:33:50, 0.97, 29, 358.88, 359.82, 357.83, -0.9998, 0.0014, 0.0098, 0.0190
17:33:50, 0.97, 29, 358.93, 359.76, 357.83, -0.9998, 0.0020, 0.0094, 0.0189
17:33:50, 1.00, 30, 358.99, 359.70, 357.85, -0.9998, 0.0025, 0.0088, 0.0188
17:33:50, 1.00, 30, 359.07, 359.65, 357.85, -0.9998, 0.0029, 0.0082, 0.0187
17:33:50, 1.00, 30, 359.16, 359.66, 357.84, -0.9998, 0.0028, 0.0074, 0.0188
17:33:50, 1.03, 31, 359.30, 359.66, 357.84, -0.9998, 0.0029, 0.0062, 0.0188
17:33:50, 1.03, 31, 359.46, 359.63, 357.84, -0.9998, 0.0032, 0.0048, 0.0189
17:33:51, 1.07, 32, 359.69, 359.63, 357.82, -0.9998, 0.0032, 0.0028, 0.0190
17:33:51, 1.07, 32, 359.96, 359.64, 357.79, -0.9998, 0.0031, 0.0004, 0.0193
17:33:51, 1.10, 33, 0.25, 359.65, 357.74, -0.9998, 0.0031, -0.0021, 0.0197
17:33:51, 1.10, 33, 0.63, 359.67, 357.69, -0.9998, 0.0030, -0.0055, 0.0202
17:33:51, 1.10, 33, 1.18, 359.66, 357.68, -0.9997, 0.0032, -0.0102, 0.0202
17:33:51, 1.13, 34, 1.91, 359.59, 357.69, -0.9997, 0.0039, -0.0166, 0.0201
17:33:51, 1.13, 34, 2.75, 359.55, 357.74, -0.9995, 0.0044, -0.0239, 0.0196
17:33:51, 1.17, 35, 3.62, 359.49, 357.75, -0.9993, 0.0051, -0.0315, 0.0195
17:33:51, 1.17, 35, 4.61, 359.45, 357.74, -0.9990, 0.0056, -0.0401, 0.0195
17:33:51, 1.17, 35, 5.71, 359.46, 357.75, -0.9986, 0.0057, -0.0497, 0.0194
17:33:51, 1.20, 36, 7.07, 359.46, 357.80, -0.9979, 0.0059, -0.0615, 0.0189
17:33:51, 1.20, 36, 8.58, 359.42, 357.87, -0.9970, 0.0064, -0.0747, 0.0182
17:33:51, 1.23, 37, 10.19, 359.36, 357.91, -0.9959, 0.0072, -0.0887, 0.0177
17:33:51, 1.23, 37, 11.73, 359.34, 357.99, -0.9946, 0.0076, -0.1021, 0.0169
17:33:51, 1.27, 38, 13.19, 359.38, 358.05, -0.9932, 0.0073, -0.1147, 0.0163
17:33:51, 1.27, 38, 14.64, 359.30, 358.13, -0.9917, 0.0081, -0.1273, 0.0154
17:33:51, 1.27, 38, 16.03, 359.52, 358.43, -0.9901, 0.0061, -0.1393, 0.0130
17:33:51, 1.30, 39, 17.28, 359.86, 358.66, -0.9886, 0.0030, -0.1502, 0.0114
17:33:51, 1.30, 39, 18.52, 359.95, 358.62, -0.9869, 0.0024, -0.1609, 0.0118
17:33:51, 1.33, 40, 19.69, 0.19, 358.89, -0.9852, 0.0001, -0.1710, 0.0098
17:33:51, 1.33, 40, 20.81, 0.50, 359.07, -0.9835, -0.0028, -0.1807, 0.0087
17:33:51, 1.33, 40, 21.96, 0.85, 359.20, -0.9816, -0.0060, -0.1905, 0.0083
17:33:51, 1.37, 41, 23.02, 1.34, 359.43, -0.9798, -0.0104, -0.1996, 0.0072
17:33:51, 1.37, 41, 24.04, 1.80, 359.58, -0.9779, -0.0146, -0.2083, 0.0069
17:33:51, 1.40, 42, 25.03, 2.35, 359.73, -0.9760, -0.0195, -0.2167, 0.0068
17:33:51, 1.40, 42, 26.06, 2.89, 359.88, -0.9739, -0.0244, -0.2255, 0.0068
17:33:51, 1.43, 43, 27.17, 3.35, 359.90, -0.9716, -0.0282, -0.2348, 0.0077
17:33:51, 1.43, 43, 28.24, 3.92, 359.96, -0.9692, -0.0331, -0.2438, 0.0087
17:33:51, 1.43, 43, 29.47, 4.44, 359.95, -0.9664, -0.0373, -0.2542, 0.0103
17:33:51, 1.47, 44, 30.81, 5.00, 359.97, -0.9631, -0.0420, -0.2654, 0.0119
17:33:51, 1.47, 44, 32.30, 5.44, 359.97, -0.9594, -0.0455, -0.2779, 0.0134
17:33:51, 1.50, 45, 33.82, 5.82, 359.97, -0.9555, -0.0485, -0.2905, 0.0150
17:33:51, 1.50, 45, 35.39, 6.31, 0.06, -0.9513, -0.0526, -0.3034, 0.0162
17:33:51, 1.50, 45, 36.89, 6.71, 0.28, -0.9470, -0.0563, -0.3157, 0.0162
17:33:51, 1.53, 46, 38.52, 6.98, 0.57, -0.9424, -0.0591, -0.3290, 0.0154
17:33:51, 1.53, 46, 40.18, 7.08, 0.90, -0.9375, -0.0607, -0.3424, 0.0139
17:33:51, 1.57, 47, 41.72, 7.17, 1.09, -0.9328, -0.0618, -0.3548, 0.0134
17:33:51, 1.57, 47, 43.29, 7.14, 1.24, -0.9279, -0.0619, -0.3675, 0.0129
17:33:51, 1.60, 48, 44.88, 7.05, 1.25, -0.9227, -0.0610, -0.3803, 0.0134
17:33:51, 1.60, 48, 46.46, 6.92, 1.22, -0.9175, -0.0597, -0.3931, 0.0140
17:33:51, 1.60, 48, 48.04, 6.70, 1.24, -0.9121, -0.0578, -0.4057, 0.0139
17:33:51, 1.63, 49, 49.55, 6.45, 1.27, -0.9067, -0.0557, -0.4178, 0.0135
17:33:51, 1.63, 49, 51.11, 6.07, 1.22, -0.9011, -0.0523, -0.4302, 0.0132
17:33:51, 1.67, 50, 52.65, 5.61, 1.20, -0.8954, -0.0485, -0.4424, 0.0123
17:33:51, 1.67, 50, 54.24, 5.13, 1.23, -0.8893, -0.0447, -0.4549, 0.0108
17:33:51, 1.67, 50, 55.83, 4.68, 1.27, -0.8831, -0.0413, -0.4674, 0.0094
17:33:51, 1.70, 51, 57.38, 4.16, 1.31, -0.8768, -0.0373, -0.4794, 0.0074
17:33:51, 1.70, 51, 58.89, 3.68, 1.37, -0.8705, -0.0338, -0.4909, 0.0053
17:33:51, 1.73, 52, 60.20, 3.31, 1.52, -0.8649, -0.0316, -0.5009, 0.0030
17:33:51, 1.73, 52, 61.57, 3.03, 1.48, -0.8589, -0.0293, -0.5113, 0.0024
17:33:51, 1.77, 53, 62.82, 2.75, 1.39, -0.8533, -0.0268, -0.5207, 0.0022
17:33:51, 1.77, 53, 63.99, 2.49, 1.29, -0.8480, -0.0243, -0.5294, 0.0020
17:33:51, 1.77, 53, 65.09, 2.27, 1.21, -0.8429, -0.0224, -0.5377, 0.0017
17:33:51, 1.80, 54, 66.13, 2.09, 1.08, -0.8380, -0.0204, -0.5453, 0.0020
17:33:51, 1.80, 54, 67.07, 2.01, 1.01, -0.8335, -0.0195, -0.5522, 0.0023
17:33:51, 1.83, 55, 67.78, 2.05, 1.00, -0.8300, -0.0197, -0.5574, 0.0027
17:33:51, 1.83, 55, 68.44, 2.14, 0.99, -0.8268, -0.0203, -0.5621, 0.0034
17:33:51, 1.87, 56, 69.01, 2.21, 0.96, -0.8240, -0.0206, -0.5662, 0.0040
17:33:51, 1.87, 56, 69.50, 2.23, 0.84, -0.8215, -0.0202, -0.5698, 0.0051
17:33:51, 1.87, 56, 70.03, 2.25, 0.70, -0.8189, -0.0196, -0.5736, 0.0063
17:33:51, 1.90, 57, 70.50, 2.38, 0.59, -0.8165, -0.0200, -0.5769, 0.0078
17:33:51, 1.90, 57, 70.97, 2.43, 0.57, -0.8141, -0.0201, -0.5803, 0.0082
17:33:51, 1.93, 58, 71.44, 2.52, 0.63, -0.8117, -0.0211, -0.5836, 0.0084
17:33:51, 1.93, 58, 71.81, 2.56, 0.60, -0.8099, -0.0211, -0.5862, 0.0089
17:33:51, 1.93, 58, 72.18, 2.55, 0.54, -0.8079, -0.0207, -0.5888, 0.0093
17:33:51, 1.97, 59, 72.52, 2.49, 0.48, -0.8062, -0.0200, -0.5912, 0.0095
17:33:51, 1.97, 59, 72.83, 2.41, 0.46, -0.8046, -0.0193, -0.5935, 0.0093
17:33:51, 2.00, 60, 73.19, 2.33, 0.39, -0.8027, -0.0184, -0.5960, 0.0094
17:33:51, 2.00, 60, 73.52, 2.13, 0.36, -0.8010, -0.0168, -0.5983, 0.0086
17:33:51, 2.00, 60, 73.94, 1.95, 0.18, -0.7988, -0.0145, -0.6013, 0.0089
17:33:51, 2.03, 61, 74.39, 1.65, 0.09, -0.7965, -0.0120, -0.6045, 0.0081
17:33:51, 2.03, 61, 74.89, 1.42, 0.01, -0.7939, -0.0099, -0.6079, 0.0074
17:33:52, 2.07, 62, 75.55, 1.11, 359.93, -0.7904, -0.0073, -0.6125, 0.0064
17:33:52, 2.07, 62, 76.28, 0.87, 359.79, -0.7865, -0.0048, -0.6176, 0.0061
17:33:52, 2.10, 63, 77.20, 0.69, 359.60, -0.7815, -0.0026, -0.6239, 0.0065
17:33:52, 2.10, 63, 78.30, 0.47, 359.40, -0.7754, 0.0001, -0.6314, 0.0067
17:33:52, 2.10, 63, 79.41, 0.23, 359.35, -0.7693, 0.0021, -0.6388, 0.0056
17:33:52, 2.13, 64, 80.55, 359.89, 359.31, -0.7629, 0.0046, -0.6464, 0.0040
17:33:52, 2.13, 64, 81.71, 359.46, 359.28, -0.7564, 0.0076, -0.6541, 0.0017
17:33:52, 2.17, 65, 82.80, 358.95, 359.28, -0.7501, 0.0111, -0.6612, -0.0013
17:33:52, 2.17, 65, 83.82, 358.44, 359.32, -0.7442, 0.0141, -0.6678, -0.0047
17:33:52, 2.20, 66, 84.75, 357.94, 359.40, -0.7387, 0.0168, -0.6738, -0.0083
17:33:52, 2.20, 66, 85.62, 357.52, 359.37, -0.7335, 0.0197, -0.6793, -0.0107
17:33:52, 2.20, 66, 86.55, 357.06, 359.31, -0.7279, 0.0228, -0.6851, -0.0132
17:33:52, 2.23, 67, 87.37, 356.62, 359.26, -0.7229, 0.0258, -0.6903, -0.0157
17:33:52, 2.23, 67, 88.15, 356.22, 359.13, -0.7182, 0.0290, -0.6950, -0.0175
17:33:52, 2.27, 68, 88.99, 355.90, 359.05, -0.7130, 0.0313, -0.7002, -0.0192
17:33:52, 2.27, 68, 89.84, 355.58, 358.85, -0.7078, 0.0344, -0.7053, -0.0201
17:33:52, 2.27, 68, 90.59, 355.36, 358.70, -0.7031, 0.0365, -0.7098, -0.0208
17:33:52, 2.30, 69, 91.37, 355.12, 358.52, -0.6983, 0.0389, -0.7144, -0.0214
17:33:52, 2.30, 69, 92.20, 354.98, 358.33, -0.6931, 0.0409, -0.7193, -0.0215
17:33:52, 2.33, 70, 92.84, 354.69, 358.13, -0.6891, 0.0437, -0.7230, -0.0223
17:33:52, 2.33, 70, 93.57, 354.54, 357.98, -0.6844, 0.0454, -0.7273, -0.0227
17:33:52, 2.37, 71, 94.15, 354.30, 357.84, -0.6807, 0.0476, -0.7306, -0.0236
17:33:52, 2.37, 71, 94.72, 354.15, 357.67, -0.6771, 0.0495, -0.7338, -0.0238
17:33:52, 2.37, 71, 95.25, 354.02, 357.52, -0.6738, 0.0511, -0.7368, -0.0239
17:33:52, 2.40, 72, 95.72, 353.92, 357.27, -0.6708, 0.0532, -0.7394, -0.0234
17:33:52, 2.40, 72, 96.27, 353.82, 357.06, -0.6672, 0.0551, -0.7425, -0.0231
17:33:52, 2.43, 73, 96.79, 353.74, 357.01, -0.6639, 0.0557, -0.7454, -0.0235
17:33:52, 2.43, 73, 97.31, 353.60, 356.91, -0.6605, 0.0571, -0.7483, -0.0241
17:33:52, 2.43, 73, 97.78, 353.47, 356.84, -0.6574, 0.0582, -0.7509, -0.0248
17:33:52, 2.47, 74, 98.25, 353.44, 356.79, -0.6543, 0.0586, -0.7535, -0.0249
17:33:52, 2.47, 74, 98.62, 353.45, 356.76, -0.6519, 0.0586, -0.7556, -0.0249
17:33:52, 2.50, 75, 99.03, 353.46, 356.72, -0.6491, 0.0588, -0.7580, -0.0248
17:33:52, 2.50, 75, 99.45, 353.48, 356.72, -0.6464, 0.0586, -0.7603, -0.0249
17:33:52, 2.53, 76, 99.79, 353.49, 356.72, -0.6441, 0.0584, -0.7623, -0.0250
17:33:52, 2.53, 76, 100.19, 353.46, 356.65, -0.6414, 0.0590, -0.7645, -0.0250
17:33:52, 2.53, 76, 100.59, 353.43, 356.58, -0.6388, 0.0595, -0.7667, -0.0250
17:33:52, 2.57, 77, 101.05, 353.40, 356.54, -0.6357, 0.0599, -0.7692, -0.0252
17:33:52, 2.57, 77, 101.57, 353.43, 356.48, -0.6322, 0.0599, -0.7720, -0.0250
17:33:52, 2.60, 78, 102.11, 353.46, 356.47, -0.6287, 0.0597, -0.7750, -0.0250
17:33:52, 2.60, 78, 102.76, 353.43, 356.51, -0.6242, 0.0595, -0.7786, -0.0258
17:33:52, 2.60, 78, 103.39, 353.42, 356.51, -0.6199, 0.0594, -0.7820, -0.0262
17:33:52, 2.63, 79, 104.06, 353.33, 356.59, -0.6153, 0.0592, -0.7856, -0.0276
17:33:52, 2.63, 79, 104.75, 353.25, 356.65, -0.6105, 0.0590, -0.7893, -0.0288
17:33:52, 2.67, 80, 105.44, 353.10, 356.77, -0.6057, 0.0588, -0.7929, -0.0308
17:33:52, 2.67, 80, 106.08, 353.00, 356.84, -0.6012, 0.0586, -0.7963, -0.0322
17:33:52, 2.67, 80, 106.81, 352.76, 356.86, -0.5961, 0.0596, -0.7999, -0.0344
17:33:52, 2.70, 81, 107.61, 352.58, 356.76, -0.5905, 0.0610, -0.8039, -0.0356
17:33:52, 2.70, 81, 108.46, 352.41, 356.70, -0.5846, 0.0620, -0.8081, -0.0369
17:33:52, 2.73, 82, 109.31, 352.29, 356.74, -0.5785, 0.0620, -0.8124, -0.0384
17:33:52, 2.73, 82, 110.19, 352.09, 356.69, -0.5722, 0.0631, -0.8167, -0.0401
17:33:52, 2.77, 83, 111.10, 351.85, 356.67, -0.5657, 0.0641, -0.8210, -0.0422
17:33:52, 2.77, 83, 111.93, 351.60, 356.61, -0.5598, 0.0654, -0.8249, -0.0441
17:33:52, 2.77, 83, 112.88, 351.33, 356.49, -0.5529, 0.0673, -0.8292, -0.0461
17:33:52, 2.80, 84, 113.75, 351.02, 356.44, -0.5465, 0.0687, -0.8332, -0.0486
17:33:52, 2.80, 84, 114.69, 350.70, 356.32, -0.5397, 0.0707, -0.8373, -0.0509
17:33:52, 2.83, 85, 115.56, 350.36, 356.29, -0.5333, 0.0721, -0.8411, -0.0538
17:33:52, 2.83, 85, 116.37, 349.89, 356.22, -0.5273, 0.0744, -0.8445, -0.0576
17:33:52, 2.83, 85, 117.08, 349.30, 356.24, -0.5219, 0.0765, -0.8472, -0.0624
17:33:52, 2.87, 86, 117.79, 348.71, 356.26, -0.5166, 0.0786, -0.8499, -0.0674
17:33:52, 2.87, 86, 118.40, 347.75, 356.26, -0.5118, 0.0825, -0.8518, -0.0750
17:33:52, 2.90, 87, 119.01, 346.89, 356.07, -0.5072, 0.0872, -0.8535, -0.0810
17:33:52, 2.90, 87, 119.58, 345.92, 355.86, -0.5029, 0.0927, -0.8549, -0.0878
17:33:52, 2.93, 88, 120.08, 345.08, 355.56, -0.4992, 0.0981, -0.8559, -0.0932
17:33:52, 2.93, 88, 120.75, 344.44, 355.20, -0.4943, 0.1029, -0.8577, -0.0971
17:33:52, 2.93, 88, 121.40, 343.91, 354.70, -0.4897, 0.1084, -0.8594, -0.0995
17:33:52, 2.97, 89, 122.10, 343.47, 354.19, -0.4848, 0.1134, -0.8613, -0.1013
17:33:52, 2.97, 89, 122.80, 343.07, 353.73, -0.4798, 0.1178, -0.8633, -0.1032
17:33:52, 3.00, 90, 123.55, 342.65, 353.26, -0.4745, 0.1224, -0.8653, -0.1052
17:33:52, 3.00, 90, 124.32, 342.21, 352.76, -0.4691, 0.1272, -0.8673, -0.1073
17:33:52, 3.03, 91, 125.14, 341.84, 352.35, -0.4632, 0.1310, -0.8697, -0.1094
17:33:52, 3.03, 91, 126.06, 341.55, 351.96, -0.4566, 0.1342, -0.8724, -0.1111
17:33:52, 3.03, 91, 126.90, 341.33, 351.63, -0.4505, 0.1367, -0.8751, -0.1125
17:33:53, 3.07, 92, 127.79, 341.21, 351.30, -0.4440, 0.1388, -0.8780, -0.1133
17:33:53, 3.07, 92, 128.64, 341.11, 350.96, -0.4378, 0.1409, -0.8806, -0.1138
17:33:53, 3.10, 93, 129.40, 341.08, 350.63, -0.4323, 0.1428, -0.8831, -0.1137
17:33:53, 3.10, 93, 130.11, 341.08, 350.31, -0.4271, 0.1446, -0.8853, -0.1133
17:33:53, 3.10, 93, 130.73, 341.11, 350.03, -0.4226, 0.1460, -0.8873, -0.1129
17:33:53, 3.13, 94, 131.24, 341.18, 349.72, -0.4190, 0.1477, -0.8889, -0.1118
17:33:53, 3.13, 94, 131.63, 341.32, 349.55, -0.4161, 0.1482, -0.8903, -0.1107
17:33:53, 3.17, 95, 131.95, 341.47, 349.34, -0.4138, 0.1490, -0.8914, -0.1091
17:33:53, 3.17, 95, 132.33, 341.63, 349.13, -0.4109, 0.1498, -0.8928, -0.1076
17:33:53, 3.17, 95, 132.57, 341.88, 349.10, -0.4090, 0.1489, -0.8941, -0.1058
17:33:53, 3.20, 96, 132.81, 342.05, 348.97, -0.4072, 0.1491, -0.8950, -0.1043
17:33:53, 3.20, 96, 133.05, 342.23, 348.96, -0.4053, 0.1484, -0.8961, -0.1031
17:33:53, 3.23, 97, 133.25, 342.36, 349.03, -0.4037, 0.1473, -0.8971, -0.1026
17:33:53, 3.23, 97, 133.41, 342.48, 349.09, -0.4024, 0.1463, -0.8979, -0.1021
17:33:53, 3.27, 98, 133.49, 342.61, 349.19, -0.4016, 0.1450, -0.8985, -0.1015
17:33:53, 3.27, 98, 133.52, 342.76, 349.31, -0.4013, 0.1435, -0.8990, -0.1008
17:33:53, 3.27, 98, 133.37, 342.95, 349.49, -0.4022, 0.1416, -0.8990, -0.0997
17:33:53, 3.30, 99, 133.12, 343.17, 349.71, -0.4040, 0.1394, -0.8987, -0.0984
17:33:53, 3.30, 99, 132.69, 343.56, 349.94, -0.4070, 0.1367, -0.8981, -0.0956
17:33:53, 3.33, 100, 132.03, 343.91, 350.18, -0.4120, 0.1341, -0.8965, -0.0930
17:33:53, 3.33, 100, 131.14, 344.31, 350.51, -0.4186, 0.1308, -0.8942, -0.0900
17:33:53, 3.37, 101, 130.15, 344.66, 350.87, -0.4260, 0.1276, -0.8914, -0.0874
17:33:53, 3.37, 101, 129.06, 345.10, 351.15, -0.4341, 0.1246, -0.8882, -0.0838
17:33:53, 3.37, 101, 127.97, 345.57, 351.51, -0.4423, 0.1209, -0.8851, -0.0804
17:33:53, 3.40, 102, 126.79, 346.17, 351.82, -0.4511, 0.1171, -0.8815, -0.0757
17:33:53, 3.40, 102, 125.55, 346.66, 352.09, -0.4604, 0.1139, -0.8774, -0.0717
17:33:53, 3.43, 103, 124.28, 347.08, 352.30, -0.4700, 0.1114, -0.8730, -0.0681
17:33:53, 3.43, 103, 122.83, 347.42, 352.67, -0.4808, 0.1081, -0.8677, -0.0656
17:33:53, 3.43, 103, 121.47, 347.74, 353.03, -0.4908, 0.1048, -0.8626, -0.0634
17:33:53, 3.47, 104, 120.06, 347.95, 353.34, -0.5012, 0.1024, -0.8570, -0.0619
17:33:53, 3.47, 104, 118.54, 348.16, 353.61, -0.5124, 0.1003, -0.8508, -0.0602
17:33:53, 3.50, 105, 117.07, 348.40, 353.76, -0.5232, 0.0988, -0.8445, -0.0578
17:33:53, 3.50, 105, 115.58, 348.62, 353.80, -0.5342, 0.0983, -0.8378, -0.0551
17:33:53, 3.53, 106, 114.15, 348.79, 353.74, -0.5446, 0.0987, -0.8312, -0.0523
17:33:53, 3.53, 106, 112.82, 348.91, 353.72, -0.5542, 0.0988, -0.8250, -0.0502
17:33:53, 3.53, 106, 111.61, 348.89, 353.67, -0.5630, 0.0997, -0.8190, -0.0491
17:33:53, 3.57, 107, 110.41, 348.89, 353.68, -0.5715, 0.1002, -0.8130, -0.0481
17:33:53, 3.57, 107, 109.25, 348.89, 353.67, -0.5797, 0.1008, -0.8072, -0.0470
17:33:53, 3.60, 108, 108.12, 348.69, 353.73, -0.5875, 0.1018, -0.8014, -0.0477
17:33:53, 3.60, 108, 106.99, 348.63, 353.87, -0.5953, 0.1016, -0.7956, -0.0479
17:33:53, 3.60, 108, 105.91, 348.66, 354.05, -0.6027, 0.1006, -0.7901, -0.0477
17:33:53, 3.63, 109, 104.90, 348.84, 354.26, -0.6097, 0.0987, -0.7851, -0.0466
17:33:53, 3.63, 109, 103.99, 349.05, 354.50, -0.6158, 0.0963, -0.7807, -0.0457
17:33:53, 3.67, 110, 103.19, 349.29, 354.80, -0.6212, 0.0933, -0.7768, -0.0450
17:33:53, 3.67, 110, 102.38, 349.59, 355.07, -0.6266, 0.0902, -0.7728, -0.0438
17:33:53, 3.67, 110, 101.66, 349.89, 355.24, -0.6314, 0.0877, -0.7693, -0.0421
17:33:53, 3.70, 111, 100.99, 350.33, 355.42, -0.6359, 0.0843, -0.7661, -0.0397
17:33:53, 3.70, 111, 100.53, 350.79, 355.59, -0.6391, 0.0808, -0.7640, -0.0372
17:33:53, 3.73, 112, 100.18, 351.30, 355.81, -0.6414, 0.0766, -0.7625, -0.0348
17:33:53, 3.73, 112, 99.86, 351.74, 356.00, -0.6436, 0.0730, -0.7612, -0.0327
17:33:53, 3.77, 113, 99.53, 352.23, 356.20, -0.6458, 0.0690, -0.7598, -0.0303
17:33:53, 3.77, 113, 99.23, 352.54, 356.42, -0.6478, 0.0659, -0.7584, -0.0293
17:33:53, 3.77, 113, 98.95, 352.85, 356.62, -0.6496, 0.0629, -0.7571, -0.0282
17:33:53, 3.80, 114, 98.77, 353.10, 356.83, -0.6508, 0.0601, -0.7563, -0.0277
17:33:53, 3.80, 114, 98.58, 353.32, 357.31, -0.6520, 0.0557, -0.7556, -0.0288
17:33:53, 3.83, 115, 98.51, 353.48, 357.58, -0.6524, 0.0531, -0.7554, -0.0293
17:33:53, 3.83, 115, 98.45, 353.45, 357.71, -0.6528, 0.0524, -0.7551, -0.0302
17:33:53, 3.87, 116, 98.34, 353.37, 357.98, -0.6534, 0.0512, -0.7546, -0.0322
17:33:53, 3.87, 116, 98.24, 353.29, 358.19, -0.6540, 0.0502, -0.7541, -0.0339
17:33:53, 3.87, 116, 98.05, 353.37, 358.39, -0.6552, 0.0485, -0.7531, -0.0345
17:33:53, 3.90, 117, 97.79, 353.40, 358.60, -0.6569, 0.0470, -0.7517, -0.0353
17:33:53, 3.90, 117, 97.39, 353.41, 358.77, -0.6594, 0.0460, -0.7495, -0.0361
17:33:53, 3.93, 118, 97.04, 353.44, 358.93, -0.6617, 0.0449, -0.7475, -0.0367
17:33:53, 3.93, 118, 96.68, 353.42, 359.07, -0.6640, 0.0442, -0.7455, -0.0375
17:33:53, 3.93, 118, 96.28, 353.49, 359.15, -0.6666, 0.0434, -0.7433, -0.0374
17:33:53, 3.97, 119, 95.85, 353.55, 359.26, -0.6693, 0.0424, -0.7408, -0.0374
17:33:53, 3.97, 119, 95.30, 353.65, 359.34, -0.6729, 0.0416, -0.7377, -0.0370
17:33:53, 4.00, 120, 94.75, 353.72, 359.39, -0.6764, 0.0410, -0.7345, -0.0367
17:33:53, 4.00, 120, 94.19, 353.79, 359.49, -0.6799, 0.0402, -0.7313, -0.0366
17:33:53, 4.03, 121, 93.56, 353.81, 359.60, -0.6839, 0.0395, -0.7275, -0.0370
17:33:53, 4.03, 121, 92.95, 353.86, 359.70, -0.6878, 0.0388, -0.7239, -0.0371
17:33:53, 4.03, 121, 92.29, 353.89, 359.89, -0.6919, 0.0376, -0.7201, -0.0377
17:33:54, 4.07, 122, 91.67, 354.02, 359.99, -0.6958, 0.0364, -0.7164, -0.0374
17:33:54, 4.07, 122, 90.96, 354.15, 0.09, -0.7002, 0.0352, -0.7121, -0.0369
17:33:54, 4.10, 123, 90.28, 354.29, 0.14, -0.7045, 0.0342, -0.7080, -0.0362
17:33:54, 4.10, 123, 89.53, 354.51, 0.22, -0.7091, 0.0326, -0.7035, -0.0351
17:33:54, 4.10, 123, 88.82, 354.63, 0.20, -0.7135, 0.0323, -0.6991, -0.0340
17:33:54, 4.13, 124, 88.12, 354.89, 0.27, -0.7178, 0.0304, -0.6948, -0.0327
17:33:54, 4.13, 124, 87.38, 355.13, 0.37, -0.7223, 0.0285, -0.6902, -0.0316
17:33:54, 4.17, 125, 86.68, 355.39, 0.47, -0.7266, 0.0265, -0.6859, -0.0306
17:33:54, 4.17, 125, 85.99, 355.68, 0.60, -0.7307, 0.0240, -0.6816, -0.0295
17:33:54, 4.20, 126, 85.24, 355.93, 0.68, -0.7352, 0.0221, -0.6769, -0.0284
17:33:54, 4.20, 126, 84.50, 356.17, 0.71, -0.7397, 0.0206, -0.6721, -0.0270
17:33:54, 4.20, 126, 83.74, 356.42, 0.79, -0.7441, 0.0187, -0.6673, -0.0259
17:33:54, 4.23, 127, 83.00, 356.58, 0.89, -0.7485, 0.0172, -0.6625, -0.0256
17:33:54, 4.23, 127, 82.32, 356.83, 1.09, -0.7524, 0.0146, -0.6581, -0.0254
17:33:54, 4.27, 128, 81.64, 356.96, 1.20, -0.7563, 0.0132, -0.6536, -0.0253
17:33:54, 4.27, 128, 81.04, 357.10, 1.26, -0.7597, 0.0120, -0.6497, -0.0248
17:33:54, 4.27, 128, 80.37, 357.22, 1.20, -0.7635, 0.0118, -0.6453, -0.0236
17:33:54, 4.30, 129, 79.68, 357.36, 1.20, -0.7674, 0.0110, -0.6407, -0.0228
17:33:54, 4.30, 129, 79.03, 357.46, 1.23, -0.7711, 0.0103, -0.6362, -0.0224
17:33:54, 4.33, 130, 78.27, 357.69, 1.25, -0.7753, 0.0088, -0.6312, -0.0212
17:33:54, 4.33, 130, 77.60, 357.80, 1.21, -0.7790, 0.0083, -0.6266, -0.0203
17:33:54, 4.33, 130, 76.87, 357.94, 1.26, -0.7830, 0.0072, -0.6216, -0.0198
17:33:54, 4.37, 131, 76.15, 358.07, 1.32, -0.7869, 0.0062, -0.6167, -0.0195
17:33:54, 4.37, 131, 75.42, 358.09, 1.23, -0.7909, 0.0066, -0.6117, -0.0187
17:33:54, 4.40, 132, 74.69, 358.18, 1.22, -0.7947, 0.0062, -0.6067, -0.0181
17:33:54, 4.40, 132, 73.97, 358.20, 1.26, -0.7986, 0.0059, -0.6016, -0.0182
17:33:54, 4.43, 133, 73.28, 358.30, 1.29, -0.8022, 0.0052, -0.5968, -0.0179
17:33:54, 4.43, 133, 72.57, 358.31, 1.29, -0.8058, 0.0053, -0.5919, -0.0178
17:33:54, 4.43, 133, 71.82, 358.31, 1.38, -0.8097, 0.0049, -0.5866, -0.0184
17:33:54, 4.47, 134, 70.98, 358.32, 1.46, -0.8140, 0.0046, -0.5806, -0.0189
17:33:54, 4.47, 134, 70.13, 358.32, 1.48, -0.8183, 0.0046, -0.5745, -0.0190
17:33:54, 4.50, 135, 69.24, 358.43, 1.61, -0.8227, 0.0033, -0.5682, -0.0193
17:33:54, 4.50, 135, 68.11, 358.47, 1.96, -0.8282, 0.0014, -0.5601, -0.0217
17:33:54, 4.50, 135, 66.78, 358.66, 2.48, -0.8346, -0.0022, -0.5504, -0.0245
17:33:54, 4.53, 136, 65.09, 358.82, 2.92, -0.8425, -0.0050, -0.5380, -0.0270
17:33:54, 4.53, 136, 63.31, 359.00, 3.24, -0.8507, -0.0074, -0.5248, -0.0286
17:33:54, 4.57, 137, 61.42, 359.25, 3.50, -0.8593, -0.0100, -0.5106, -0.0296
17:33:54, 4.57, 137, 59.57, 359.69, 3.66, -0.8674, -0.0135, -0.4966, -0.0291
17:33:54, 4.60, 138, 57.75, 0.09, 3.69, -0.8752, -0.0162, -0.4826, -0.0278
17:33:54, 4.60, 138, 55.90, 0.59, 3.55, -0.8830, -0.0190, -0.4683, -0.0250
17:33:54, 4.60, 138, 54.18, 0.93, 3.45, -0.8900, -0.0210, -0.4549, -0.0231
17:33:54, 4.63, 139, 52.46, 1.27, 3.33, -0.8967, -0.0228, -0.4415, -0.0212
17:33:54, 4.63, 139, 50.87, 1.50, 3.39, -0.9028, -0.0246, -0.4289, -0.0211
17:33:54, 4.67, 140, 49.33, 1.66, 3.44, -0.9084, -0.0257, -0.4167, -0.0212
17:33:54, 4.67, 140, 47.88, 1.87, 3.49, -0.9136, -0.0272, -0.4050, -0.0212
17:33:54, 4.67, 140, 46.54, 1.99, 3.55, -0.9183, -0.0282, -0.3944, -0.0216
17:33:54, 4.70, 141, 45.31, 2.09, 3.63, -0.9224, -0.0290, -0.3844, -0.0222
17:33:54, 4.70, 141, 44.24, 2.14, 3.82, -0.9260, -0.0299, -0.3757, -0.0238
17:33:54, 4.73, 142, 43.31, 2.17, 3.97, -0.9289, -0.0304, -0.3681, -0.0252
17:33:54, 4.73, 142, 42.43, 2.15, 4.11, -0.9317, -0.0305, -0.3609, -0.0267
17:33:54, 4.77, 143, 41.63, 2.18, 4.25, -0.9342, -0.0309, -0.3544, -0.0279
17:33:54, 4.77, 143, 40.86, 2.16, 4.38, -0.9365, -0.0310, -0.3481, -0.0293
17:33:54, 4.77, 143, 40.15, 2.13, 4.48, -0.9386, -0.0309, -0.3422, -0.0303
17:33:54, 4.80, 144, 39.43, 2.06, 4.56, -0.9407, -0.0303, -0.3363, -0.0314
17:33:54, 4.80, 144, 38.78, 1.93, 4.70, -0.9426, -0.0295, -0.3310, -0.0330
17:33:54, 4.83, 145, 38.06, 1.82, 4.83, -0.9446, -0.0287, -0.3251, -0.0347
17:33:54, 4.83, 145, 37.43, 1.68, 4.94, -0.9463, -0.0277, -0.3199, -0.0361
17:33:54, 4.83, 145, 36.65, 1.46, 5.06, -0.9485, -0.0260, -0.3136, -0.0379
17:33:54, 4.87, 146, 35.91, 1.24, 5.13, -0.9504, -0.0240, -0.3075, -0.0392
17:33:54, 4.87, 146, 35.03, 0.95, 5.16, -0.9527, -0.0214, -0.3003, -0.0404
17:33:54, 4.90, 147, 34.09, 0.65, 5.14, -0.9552, -0.0185, -0.2926, -0.0413
17:33:54, 4.90, 147, 33.19, 0.32, 5.13, -0.9574, -0.0154, -0.2852, -0.0421
17:33:54, 4.93, 148, 32.28, 359.88, 5.03, -0.9596, -0.0112, -0.2778, -0.0424
17:33:54, 4.93, 148, 31.40, 359.45, 4.99, -0.9617, -0.0072, -0.2706, -0.0432
17:33:54, 4.93, 148, 30.44, 358.89, 4.85, -0.9639, -0.0018, -0.2627, -0.0433
17:33:54, 4.97, 149, 29.56, 358.37, 4.68, -0.9659, 0.0033, -0.2555, -0.0431
17:33:54, 4.97, 149, 28.73, 357.85, 4.53, -0.9676, 0.0083, -0.2486, -0.0430
17:33:54, 5.00, 150, 27.85, 357.41, 4.31, -0.9695, 0.0129, -0.2413, -0.0419
17:33:54, 5.00, 150, 27.02, 357.03, 4.03, -0.9712, 0.0170, -0.2343, -0.0402
17:33:54, 5.00, 150, 26.22, 356.74, 3.83, -0.9728, 0.0201, -0.2275, -0.0390
17:33:54, 5.03, 151, 25.38, 356.54, 3.52, -0.9745, 0.0227, -0.2204, -0.0366
17:33:54, 5.03, 151, 24.66, 356.41, 3.21, -0.9759, 0.0246, -0.2142, -0.0341
17:33:55, 5.07, 152, 23.87, 356.33, 2.94, -0.9774, 0.0261, -0.2074, -0.0317
17:33:55, 5.07, 152, 23.12, 356.25, 2.58, -0.9788, 0.0275, -0.2009, -0.0286
17:33:55, 5.10, 153, 22.31, 356.34, 2.22, -0.9803, 0.0276, -0.1939, -0.0252
17:33:55, 5.10, 153, 21.48, 356.37, 1.88, -0.9818, 0.0281, -0.1867, -0.0221
17:33:55, 5.10, 153, 20.58, 356.54, 1.53, -0.9833, 0.0274, -0.1789, -0.0185
17:33:55, 5.13, 154, 19.61, 356.65, 1.25, -0.9849, 0.0270, -0.1705, -0.0157
17:33:55, 5.13, 154, 18.54, 356.81, 0.93, -0.9865, 0.0261, -0.1612, -0.0125
17:33:55, 5.17, 155, 17.35, 357.01, 0.69, -0.9882, 0.0249, -0.1509, -0.0099
17:33:55, 5.17, 155, 16.13, 357.07, 0.37, -0.9898, 0.0249, -0.1404, -0.0068
17:33:55, 5.17, 155, 14.90, 357.25, 359.98, -0.9913, 0.0238, -0.1296, -0.0029
17:33:55, 5.20, 156, 13.72, 357.36, 359.60, -0.9926, 0.0233, -0.1193, 0.0007
17:33:55, 5.20, 156, 12.56, 357.40, 359.31, -0.9937, 0.0232, -0.1092, 0.0035
17:33:55, 5.23, 157, 11.39, 357.44, 359.05, -0.9948, 0.0230, -0.0990, 0.0061
17:33:55, 5.23, 157, 10.20, 357.44, 358.80, -0.9958, 0.0232, -0.0887, 0.0084
17:33:55, 5.27, 158, 9.10, 357.49, 358.57, -0.9966, 0.0228, -0.0790, 0.0107
17:33:55, 5.27, 158, 7.96, 357.64, 358.32, -0.9973, 0.0216, -0.0691, 0.0132
17:33:55, 5.27, 158, 6.95, 357.78, 358.14, -0.9979, 0.0203, -0.0603, 0.0151
17:33:55, 5.30, 159, 5.99, 357.81, 357.98, -0.9983, 0.0200, -0.0519, 0.0166
17:33:55, 5.30, 159, 5.12, 357.80, 357.88, -0.9987, 0.0200, -0.0443, 0.0176
17:33:55, 5.33, 160, 4.30, 357.80, 357.84, -0.9989, 0.0199, -0.0372, 0.0181
17:33:55, 5.33, 160, 3.52, 357.83, 357.79, -0.9992, 0.0195, -0.0304, 0.0187
17:33:55, 5.33, 160, 2.80, 357.74, 357.82, -0.9993, 0.0201, -0.0240, 0.0185
17:33:55, 5.37, 161, 2.11, 357.77, 357.85, -0.9995, 0.0198, -0.0181, 0.0184
17:33:55, 5.37, 161, 1.56, 357.79, 357.97, -0.9996, 0.0195, -0.0132, 0.0174
17:33:55, 5.40, 162, 1.09, 357.78, 358.05, -0.9996, 0.0195, -0.0092, 0.0168
17:33:55, 5.40, 162, 0.71, 357.84, 358.17, -0.9997, 0.0189, -0.0059, 0.0159
17:33:55, 5.43, 163, 0.39, 357.92, 358.22, -0.9997, 0.0182, -0.0031, 0.0154
17:33:55, 5.43, 163, 0.12, 357.89, 358.23, -0.9997, 0.0184, -0.0008, 0.0155
17:33:55, 5.43, 163, 359.83, 358.00, 358.34, -0.9997, 0.0174, 0.0017, 0.0145
17:33:55, 5.47, 164, 359.59, 358.02, 358.40, -0.9997, 0.0172, 0.0038, 0.0140
17:33:55, 5.47, 164, 359.41, 358.08, 358.50, -0.9998, 0.0167, 0.0054, 0.0132
17:33:55, 5.50, 165, 359.26, 358.02, 358.59, -0.9998, 0.0172, 0.0067, 0.0124
17:33:55, 5.50, 165, 359.09, 358.07, 358.69, -0.9998, 0.0168, 0.0082, 0.0116
17:33:55, 5.50, 165, 358.91, 358.07, 358.79, -0.9998, 0.0167, 0.0097, 0.0107
17:33:55, 5.53, 166, 358.71, 358.06, 358.85, -0.9997, 0.0168, 0.0114, 0.0102
17:33:55, 5.53, 166, 358.46, 358.06, 358.93, -0.9997, 0.0168, 0.0136, 0.0096
17:33:55, 5.57, 167, 358.15, 358.08, 359.01, -0.9997, 0.0166, 0.0163, 0.0089
17:33:55, 5.57, 167, 357.78, 358.07, 359.10, -0.9996, 0.0167, 0.0195, 0.0081
17:33:55, 5.60, 168, 357.32, 358.09, 359.10, -0.9996, 0.0164, 0.0235, 0.0082
17:33:55, 5.60, 168, 356.91, 358.13, 359.13, -0.9995, 0.0161, 0.0270, 0.0080
17:33:55, 5.60, 168, 356.48, 358.13, 359.11, -0.9994, 0.0161, 0.0308, 0.0083
17:33:55, 5.63, 169, 356.05, 358.17, 359.08, -0.9992, 0.0157, 0.0346, 0.0086
17:33:55, 5.63, 169, 355.62, 358.16, 359.06, -0.9991, 0.0158, 0.0383, 0.0088
17:33:55, 5.67, 170, 355.23, 358.14, 359.08, -0.9990, 0.0159, 0.0417, 0.0087
17:33:55, 5.67, 170, 354.88, 358.18, 359.12, -0.9988, 0.0155, 0.0448, 0.0084
17:33:55, 5.67, 170, 354.51, 358.10, 359.08, -0.9987, 0.0162, 0.0480, 0.0088
17:33:55, 5.70, 171, 354.21, 358.16, 359.07, -0.9986, 0.0156, 0.0506, 0.0089
17:33:55, 5.70, 171, 353.93, 358.15, 359.07, -0.9984, 0.0157, 0.0530, 0.0089
17:33:55, 5.73, 172, 353.67, 358.14, 359.00, -0.9983, 0.0157, 0.0553, 0.0096
17:33:55, 5.73, 172, 353.38, 358.14, 358.94, -0.9981, 0.0157, 0.0579, 0.0102
17:33:55, 5.77, 173, 353.04, 358.13, 358.93, -0.9980, 0.0157, 0.0608, 0.0103
17:33:55, 5.77, 173, 352.72, 358.12, 358.88, -0.9978, 0.0158, 0.0637, 0.0108
17:33:55, 5.77, 173, 352.37, 358.08, 358.81, -0.9976, 0.0160, 0.0667, 0.0115
17:33:55, 5.80, 174, 352.04, 358.03, 358.76, -0.9974, 0.0164, 0.0696, 0.0120
17:33:55, 5.80, 174, 351.70, 357.97, 358.67, -0.9971, 0.0169, 0.0726, 0.0128
17:33:55, 5.83, 175, 351.34, 357.94, 358.62, -0.9969, 0.0170, 0.0757, 0.0133
17:33:55, 5.83, 175, 350.91, 357.86, 358.53, -0.9966, 0.0176, 0.0794, 0.0143
17:33:55, 5.83, 175, 350.54, 357.82, 358.43, -0.9963, 0.0178, 0.0827, 0.0152
17:33:55, 5.87, 176, 350.10, 357.75, 358.39, -0.9960, 0.0184, 0.0865, 0.0157
17:33:55, 5.87, 176, 349.64, 357.71, 358.32, -0.9956, 0.0186, 0.0906, 0.0164
17:33:55, 5.90, 177, 349.18, 357.62, 358.36, -0.9952, 0.0193, 0.0946, 0.0162
17:33:55, 5.93, 178, 348.09, 357.52, 358.41, -0.9942, 0.0201, 0.1040, 0.0161
17:33:55, 5.93, 178, 347.47, 357.38, 358.45, -0.9936, 0.0212, 0.1094, 0.0160
17:33:55, 5.93, 178, 346.79, 357.32, 358.54, -0.9930, 0.0217, 0.1153, 0.0153
17:33:55, 5.97, 179, 345.99, 357.27, 358.60, -0.9921, 0.0221, 0.1222, 0.0150
17:33:55, 5.97, 179, 345.22, 357.23, 358.66, -0.9913, 0.0225, 0.1288, 0.0147
17:33:55, 6.00, 180, 344.45, 357.20, 358.78, -0.9904, 0.0228, 0.1355, 0.0139
17:33:55, 6.00, 180, 343.54, 357.14, 358.87, -0.9893, 0.0233, 0.1433, 0.0133
17:33:55, 6.00, 180, 342.60, 357.12, 358.95, -0.9881, 0.0234, 0.1515, 0.0128
17:33:55, 6.03, 181, 341.54, 357.12, 358.96, -0.9867, 0.0234, 0.1606, 0.0130
17:33:55, 6.03, 181, 340.47, 357.17, 358.97, -0.9851, 0.0228, 0.1698, 0.0130
17:33:56, 6.07, 182, 339.39, 357.26, 359.06, -0.9835, 0.0220, 0.1790, 0.0123
17:33:56, 6.07, 182, 338.15, 357.43, 359.17, -0.9816, 0.0207, 0.1896, 0.0114
17:33:56, 6.10, 183, 336.93, 357.61, 359.24, -0.9795, 0.0191, 0.2001, 0.0107
17:33:56, 6.10, 183, 335.55, 357.84, 359.24, -0.9771, 0.0170, 0.2119, 0.0105
17:33:56, 6.10, 183, 334.07, 358.13, 359.26, -0.9743, 0.0144, 0.2244, 0.0100
17:33:56, 6.13, 184, 332.52, 358.50, 359.26, -0.9713, 0.0112, 0.2376, 0.0094
17:33:56, 6.13, 184, 330.82, 358.89, 359.24, -0.9677, 0.0077, 0.2520, 0.0089
17:33:56, 6.17, 185, 328.94, 359.25, 359.13, -0.9634, 0.0043, 0.2677, 0.0090
17:33:56, 6.17, 185, 326.96, 359.73, 359.13, -0.9587, 0.0001, 0.2843, 0.0080
17:33:56, 6.17, 185, 324.76, 0.31, 359.02, -0.9531, -0.0052, 0.3027, 0.0073
17:33:56, 6.20, 186, 322.45, 0.87, 358.73, -0.9467, -0.0108, 0.3218, 0.0081
17:33:56, 6.20, 186, 319.96, 1.33, 358.62, -0.9395, -0.0150, 0.3422, 0.0073
17:33:56, 6.23, 187, 317.40, 1.79, 358.42, -0.9316, -0.0195, 0.3630, 0.0072
17:33:56, 6.23, 187, 314.82, 2.25, 358.22, -0.9231, -0.0241, 0.3837, 0.0068
17:33:56, 6.27, 188, 312.23, 2.64, 358.02, -0.9142, -0.0281, 0.4043, 0.0065
17:33:56, 6.27, 188, 309.37, 3.01, 357.86, -0.9037, -0.0317, 0.4270, 0.0057
17:33:56, 6.27, 188, 306.56, 3.32, 357.44, -0.8929, -0.0360, 0.4488, 0.0069
17:33:56, 6.30, 189, 303.85, 3.70, 357.14, -0.8820, -0.0403, 0.4696, 0.0068
17:33:56, 6.30, 189, 301.18, 4.15, 356.85, -0.8707, -0.0450, 0.4897, 0.0061
17:33:56, 6.33, 190, 298.56, 4.51, 356.78, -0.8592, -0.0481, 0.5093, 0.0041
17:33:56, 6.33, 190, 295.99, 4.75, 356.67, -0.8476, -0.0505, 0.5283, 0.0026
17:33:56, 6.33, 190, 293.53, 4.93, 356.62, -0.8360, -0.0521, 0.5463, 0.0011
17:33:56, 6.37, 191, 291.23, 4.98, 356.58, -0.8249, -0.0526, 0.5629, 0.0001
17:33:56, 6.37, 191, 289.12, 4.93, 356.43, -0.8143, -0.0531, 0.5779, 0.0005
17:33:56, 6.40, 192, 287.24, 4.79, 356.43, -0.8048, -0.0521, 0.5913, 0.0003
17:33:56, 6.40, 192, 285.60, 4.60, 356.41, -0.7962, -0.0509, 0.6028, 0.0006
17:33:56, 6.43, 193, 284.19, 4.46, 356.48, -0.7888, -0.0495, 0.6127, 0.0003
17:33:56, 6.43, 193, 282.87, 4.30, 356.57, -0.7817, -0.0480, 0.6218, 0.0000
17:33:56, 6.43, 193, 281.74, 4.30, 356.72, -0.7755, -0.0471, 0.6295, -0.0015
17:33:56, 6.47, 194, 280.96, 4.24, 356.96, -0.7713, -0.0454, 0.6349, -0.0031
17:33:56, 6.47, 194, 280.47, 4.26, 357.18, -0.7685, -0.0443, 0.6383, -0.0049
17:33:56, 6.50, 195, 280.24, 4.18, 357.29, -0.7672, -0.0431, 0.6399, -0.0052
17:33:56, 6.50, 195, 280.36, 4.21, 357.40, -0.7679, -0.0427, 0.6392, -0.0061
17:33:56, 6.50, 195, 280.42, 4.20, 357.49, -0.7682, -0.0422, 0.6388, -0.0066
17:33:56, 6.53, 196, 280.41, 4.19, 357.73, -0.7681, -0.0407, 0.6389, -0.0082
17:33:56, 6.53, 196, 280.41, 4.10, 357.85, -0.7681, -0.0395, 0.6390, -0.0085
17:33:56, 6.57, 197, 280.43, 3.97, 357.97, -0.7683, -0.0379, 0.6389, -0.0086
17:33:56, 6.57, 197, 280.43, 3.82, 358.08, -0.7683, -0.0364, 0.6390, -0.0085
17:33:56, 6.60, 198, 280.44, 3.66, 358.22, -0.7683, -0.0345, 0.6391, -0.0085
17:33:56, 6.60, 198, 280.35, 3.51, 358.34, -0.7678, -0.0328, 0.6398, -0.0085
17:33:56, 6.60, 198, 280.22, 3.36, 358.37, -0.7671, -0.0316, 0.6407, -0.0079
17:33:56, 6.63, 199, 280.08, 3.19, 358.36, -0.7664, -0.0305, 0.6416, -0.0069
17:33:56, 6.63, 199, 279.98, 3.05, 358.34, -0.7658, -0.0297, 0.6423, -0.0060
17:33:56, 6.67, 200, 279.89, 2.92, 358.28, -0.7654, -0.0292, 0.6429, -0.0049
17:33:56, 6.67, 200, 279.72, 2.73, 358.24, -0.7644, -0.0281, 0.6441, -0.0036
17:33:56, 6.67, 200, 279.48, 2.47, 358.21, -0.7630, -0.0266, 0.6458, -0.0020
17:33:56, 6.70, 201, 279.10, 2.19, 358.23, -0.7610, -0.0246, 0.6483, -0.0006
17:33:56, 6.70, 201, 278.60, 1.86, 358.22, -0.7581, -0.0224, 0.6517, 0.0012
17:33:56, 6.73, 202, 278.08, 1.49, 358.17, -0.7552, -0.0203, 0.6552, 0.0035
17:33:56, 6.73, 202, 277.45, 1.12, 358.13, -0.7515, -0.0181, 0.6594, 0.0058
17:33:56, 6.77, 203, 276.80, 0.66, 358.13, -0.7477, -0.0151, 0.6638, 0.0084
17:33:56, 6.77, 203, 276.19, 0.19, 358.15, -0.7442, -0.0120, 0.6678, 0.0109
17:33:56, 6.77, 203, 275.56, 359.80, 358.18, -0.7405, -0.0094, 0.6719, 0.0129
17:33:56, 6.80, 204, 274.89, 359.40, 358.11, -0.7365, -0.0073, 0.6762, 0.0157
17:33:56, 6.80, 204, 274.28, 359.03, 358.07, -0.7328, -0.0053, 0.6802, 0.0181
17:33:56, 6.83, 205, 273.67, 358.77, 358.01, -0.7291, -0.0041, 0.6841, 0.0200
17:33:56, 6.83, 205, 273.12, 358.48, 357.98, -0.7258, -0.0025, 0.6876, 0.0219
17:33:56, 6.83, 205, 272.56, 358.18, 357.98, -0.7223, -0.0007, 0.6911, 0.0237
17:33:56, 6.87, 206, 272.04, 357.93, 357.94, -0.7191, 0.0006, 0.6944, 0.0255
17:33:56, 6.87, 206, 271.53, 357.73, 358.08, -0.7160, 0.0025, 0.6976, 0.0258
17:33:56, 6.90, 207, 271.07, 357.57, 358.13, -0.7132, 0.0037, 0.7005, 0.0265
17:33:56, 6.90, 207, 270.59, 357.45, 358.13, -0.7102, 0.0044, 0.7035, 0.0272
17:33:56, 6.93, 208, 270.09, 357.33, 358.18, -0.7071, 0.0053, 0.7065, 0.0277
17:33:56, 6.93, 208, 269.59, 357.27, 358.16, -0.7040, 0.0054, 0.7096, 0.0282
17:33:56, 6.93, 208, 269.15, 357.18, 358.16, -0.7012, 0.0058, 0.7123, 0.0288
17:33:56, 6.97, 209, 268.70, 357.11, 358.11, -0.6984, 0.0059, 0.7151, 0.0295
17:33:56, 6.97, 209, 268.18, 357.06, 358.09, -0.6952, 0.0059, 0.7182, 0.0300
17:33:56, 7.00, 210, 267.65, 357.13, 357.99, -0.6918, 0.0047, 0.7215, 0.0302
17:33:56, 7.00, 210, 267.10, 357.16, 357.98, -0.6883, 0.0043, 0.7248, 0.0301
17:33:56, 7.00, 210, 266.65, 357.24, 357.91, -0.6855, 0.0032, 0.7274, 0.0300
17:33:56, 7.03, 211, 266.25, 357.25, 357.78, -0.6830, 0.0023, 0.7298, 0.0307
17:33:56, 7.03, 211, 265.83, 357.27, 357.70, -0.6802, 0.0015, 0.7324, 0.0311
17:33:57, 7.07, 212, 265.45, 357.21, 357.65, -0.6778, 0.0015, 0.7346, 0.0318
17:33:57, 7.07, 212, 265.08, 357.22, 357.56, -0.6754, 0.0007, 0.7368, 0.0322
17:33:57, 7.10, 213, 264.67, 357.23, 357.53, -0.6727, 0.0003, 0.7392, 0.0324
17:33:57, 7.10, 213, 264.34, 357.21, 357.42, -0.6706, -0.0003, 0.7411, 0.0331
17:33:57, 7.10, 213, 263.97, 357.21, 357.31, -0.6682, -0.0012, 0.7433, 0.0337
17:33:57, 7.13, 214, 263.68, 357.19, 357.25, -0.6662, -0.0015, 0.7450, 0.0343
17:33:57, 7.13, 214, 263.37, 357.28, 357.16, -0.6642, -0.0027, 0.7468, 0.0342
17:33:57, 7.17, 215, 263.02, 357.22, 357.08, -0.6619, -0.0030, 0.7488, 0.0351
17:33:57, 7.17, 215, 262.67, 357.28, 356.98, -0.6596, -0.0041, 0.7508, 0.0352
17:33:57, 7.17, 215, 262.29, 357.32, 356.91, -0.6571, -0.0049, 0.7530, 0.0354
17:33:57, 7.20, 216, 261.87, 357.34, 356.80, -0.6543, -0.0059, 0.7554, 0.0358
17:33:57, 7.20, 216, 261.45, 357.41, 356.73, -0.6515, -0.0069, 0.7578, 0.0358
17:33:57, 7.23, 217, 260.99, 357.43, 356.66, -0.6484, -0.0076, 0.7604, 0.0360
17:33:57, 7.23, 217, 260.50, 357.50, 356.62, -0.6452, -0.0084, 0.7631, 0.0357
17:33:57, 7.27, 218, 259.99, 357.53, 356.58, -0.6418, -0.0090, 0.7660, 0.0357
17:33:57, 7.27, 218, 259.46, 357.61, 356.55, -0.6383, -0.0098, 0.7690, 0.0353
17:33:57, 7.27, 218, 258.86, 357.70, 356.51, -0.6342, -0.0107, 0.7723, 0.0348
17:33:57, 7.30, 219, 258.17, 357.76, 356.51, -0.6296, -0.0113, 0.7761, 0.0344
17:33:57, 7.30, 219, 257.49, 357.85, 356.49, -0.6250, -0.0121, 0.7798, 0.0338
17:33:57, 7.33, 220, 256.77, 357.93, 356.47, -0.6201, -0.0130, 0.7837, 0.0333
17:33:57, 7.33, 220, 256.00, 357.99, 356.56, -0.6149, -0.0129, 0.7878, 0.0323
17:33:57, 7.33, 220, 255.12, 358.09, 356.65, -0.6089, -0.0130, 0.7926, 0.0311
17:33:57, 7.37, 221, 254.10, 358.22, 356.66, -0.6018, -0.0139, 0.7979, 0.0300
17:33:57, 7.37, 221, 253.09, 358.36, 356.62, -0.5948, -0.0151, 0.8032, 0.0291
17:33:57, 7.40, 222, 252.11, 358.57, 356.60, -0.5879, -0.0166, 0.8083, 0.0276
17:33:57, 7.40, 222, 251.23, 358.78, 356.59, -0.5818, -0.0180, 0.8127, 0.0260
17:33:57, 7.43, 223, 250.39, 359.01, 356.54, -0.5759, -0.0197, 0.8169, 0.0245
17:33:57, 7.43, 223, 249.60, 359.18, 356.49, -0.5702, -0.0211, 0.8209, 0.0234
17:33:57, 7.43, 223, 248.82, 359.40, 356.22, -0.5646, -0.0242, 0.8247, 0.0229
17:33:57, 7.47, 224, 248.16, 359.50, 356.48, -0.5600, -0.0230, 0.8279, 0.0208
17:33:57, 7.47, 224, 247.49, 359.62, 356.48, -0.5551, -0.0237, 0.8312, 0.0198
17:33:57, 7.50, 225, 246.83, 359.71, 356.54, -0.5504, -0.0238, 0.8343, 0.0187
17:33:57, 7.50, 225, 246.28, 359.65, 356.52, -0.5463, -0.0237, 0.8370, 0.0192
17:33:57, 7.50, 225, 245.74, 359.64, 356.51, -0.5424, -0.0238, 0.8396, 0.0192
17:33:57, 7.53, 226, 245.25, 359.57, 356.53, -0.5388, -0.0235, 0.8419, 0.0195
17:33:57, 7.53, 226, 244.86, 359.50, 356.53, -0.5359, -0.0232, 0.8437, 0.0200
17:33:57, 7.57, 227, 244.48, 359.44, 356.49, -0.5331, -0.0233, 0.8455, 0.0204
17:33:57, 7.57, 227, 244.14, 359.47, 356.44, -0.5306, -0.0238, 0.8471, 0.0204
17:33:57, 7.60, 228, 243.84, 359.48, 356.41, -0.5284, -0.0242, 0.8484, 0.0204
17:33:57, 7.60, 228, 243.53, 359.55, 356.40, -0.5260, -0.0246, 0.8499, 0.0199
17:33:57, 7.60, 228, 243.23, 359.69, 356.39, -0.5239, -0.0254, 0.8512, 0.0188
17:33:57, 7.63, 229, 242.94, 359.70, 356.39, -0.5217, -0.0255, 0.8525, 0.0187
17:33:57, 7.63, 229, 242.67, 359.73, 356.46, -0.5198, -0.0252, 0.8537, 0.0181
17:33:57, 7.67, 230, 242.45, 359.73, 356.60, -0.5181, -0.0241, 0.8548, 0.0174
17:33:57, 7.67, 230, 242.19, 359.74, 356.69, -0.5162, -0.0236, 0.8560, 0.0169
17:33:57, 7.67, 230, 241.92, 359.70, 356.77, -0.5142, -0.0228, 0.8572, 0.0167
17:33:57, 7.70, 231, 241.74, 359.66, 356.88, -0.5128, -0.0218, 0.8581, 0.0165
17:33:57, 7.70, 231, 241.56, 359.63, 356.97, -0.5115, -0.0211, 0.8589, 0.0163
17:33:57, 7.73, 232, 241.38, 359.60, 357.06, -0.5101, -0.0203, 0.8597, 0.0161
17:33:57, 7.73, 232, 241.24, 359.57, 357.16, -0.5091, -0.0194, 0.8603, 0.0159
17:33:57, 7.77, 233, 241.16, 359.52, 357.24, -0.5085, -0.0186, 0.8607, 0.0159
17:33:57, 7.77, 233, 241.14, 359.46, 357.35, -0.5083, -0.0175, 0.8608, 0.0158
17:33:57, 7.77, 233, 241.15, 359.40, 357.44, -0.5085, -0.0166, 0.8608, 0.0158
17:33:57, 7.80, 234, 241.18, 359.34, 357.53, -0.5086, -0.0156, 0.8607, 0.0159
17:33:57, 7.80, 234, 241.21, 359.26, 357.61, -0.5088, -0.0147, 0.8606, 0.0162
17:33:57, 7.83, 235, 241.21, 359.16, 357.69, -0.5089, -0.0136, 0.8606, 0.0166
17:33:57, 7.83, 235, 241.24, 358.93, 357.74, -0.5090, -0.0123, 0.8605, 0.0181
17:33:57, 7.87, 236, 241.32, 358.54, 357.75, -0.5096, -0.0104, 0.8601, 0.0210
17:33:57, 7.87, 236, 241.39, 358.07, 357.76, -0.5100, -0.0082, 0.8598, 0.0245
17:33:57, 7.87, 236, 241.49, 357.43, 357.73, -0.5106, -0.0055, 0.8593, 0.0294
17:33:57, 7.90, 237, 241.61, 356.62, 357.59, -0.5112, -0.0029, 0.8587, 0.0361
17:33:57, 7.90, 237, 241.60, 355.50, 357.42, -0.5108, 0.0007, 0.8585, 0.0452
17:33:57, 7.93, 238, 241.54, 354.17, 357.19, -0.5097, 0.0050, 0.8585, 0.0562
17:33:57, 7.93, 238, 241.52, 352.72, 357.06, -0.5089, 0.0104, 0.8581, 0.0676
17:33:57, 7.93, 238, 241.51, 351.10, 356.83, -0.5078, 0.0160, 0.8575, 0.0807
17:33:57, 7.97, 239, 241.36, 349.59, 356.60, -0.5056, 0.0209, 0.8575, 0.0930
17:33:57, 7.97, 239, 241.13, 348.09, 356.18, -0.5025, 0.0242, 0.8577, 0.1062
17:33:57, 8.00, 240, 240.80, 346.78, 355.79, -0.4987, 0.0268, 0.8583, 0.1177
17:33:57, 8.00, 240, 240.47, 345.56, 355.52, -0.4949, 0.0298, 0.8589, 0.1280
17:33:57, 8.00, 240, 240.08, 344.52, 355.37, -0.4909, 0.0327, 0.8598, 0.1365
17:33:57, 8.03, 241, 239.50, 343.58, 355.40, -0.4858, 0.0363, 0.8614, 0.1435
17:33:57, 8.03, 241, 238.80, 342.86, 355.47, -0.4799, 0.0390, 0.8637, 0.1489
17:33:58, 8.07, 242, 238.06, 342.15, 355.55, -0.4737, 0.0416, 0.8661, 0.1541
17:33:58, 8.07, 242, 237.29, 341.69, 355.61, -0.4676, 0.0431, 0.8687, 0.1577
17:33:58, 8.10, 243, 236.47, 341.34, 355.94, -0.4615, 0.0458, 0.8715, 0.1592
17:33:58, 8.10, 243, 235.55, 340.96, 356.27, -0.4546, 0.0486, 0.8746, 0.1613
17:33:58, 8.10, 243, 234.62, 340.62, 356.45, -0.4474, 0.0501, 0.8778, 0.1635
17:33:58, 8.13, 244, 233.62, 340.28, 356.80, -0.4399, 0.0526, 0.8811, 0.1652
17:33:58, 8.13, 244, 232.45, 340.07, 357.48, -0.4317, 0.0570, 0.8850, 0.1648
17:33:58, 8.17, 245, 231.16, 339.71, 358.34, -0.4227, 0.0632, 0.8889, 0.1650
17:33:58, 8.17, 245, 229.83, 339.29, 359.09, -0.4131, 0.0687, 0.8928, 0.1663
17:33:58, 8.17, 245, 228.77, 338.86, 359.63, -0.4053, 0.0728, 0.8956, 0.1684
17:33:58, 8.20, 246, 228.04, 338.35, 0.04, -0.3998, 0.0767, 0.8971, 0.1714
17:33:58, 8.20, 246, 227.48, 337.89, 0.29, -0.3956, 0.0795, 0.8982, 0.1745
17:33:58, 8.23, 247, 227.03, 337.36, 0.57, -0.3922, 0.0828, 0.8987, 0.1781
17:33:58, 8.23, 247, 226.72, 336.81, 0.78, -0.3897, 0.0858, 0.8987, 0.1819
17:33:58, 8.27, 248, 226.52, 336.26, 1.02, -0.3881, 0.0892, 0.8983, 0.1855
17:33:58, 8.27, 248, 226.49, 335.72, 1.24, -0.3879, 0.0927, 0.8973, 0.1890
17:33:58, 8.27, 248, 226.48, 335.26, 1.52, -0.3880, 0.0965, 0.8963, 0.1917
17:33:58, 8.30, 249, 226.53, 334.89, 1.82, -0.3887, 0.1001, 0.8952, 0.1935
17:33:58, 8.30, 249, 226.55, 334.60, 2.21, -0.3893, 0.1041, 0.8943, 0.1945
17:33:58, 8.33, 250, 226.68, 334.27, 2.41, -0.3905, 0.1070, 0.8931, 0.1962
17:33:58, 8.33, 250, 226.76, 334.00, 2.65, -0.3913, 0.1099, 0.8921, 0.1975
17:33:58, 8.33, 250, 226.87, 333.64, 2.85, -0.3923, 0.1129, 0.8908, 0.1995
17:33:58, 8.37, 251, 227.05, 333.24, 2.98, -0.3937, 0.1155, 0.8893, 0.2020
17:33:58, 8.37, 251, 227.29, 332.76, 3.06, -0.3954, 0.1182, 0.8875, 0.2053
17:33:58, 8.40, 252, 227.52, 332.27, 3.09, -0.3969, 0.1205, 0.8856, 0.2087
17:33:58, 8.40, 252, 227.66, 331.77, 3.26, -0.3980, 0.1237, 0.8840, 0.2119
17:33:58, 8.43, 253, 227.89, 331.11, 3.33, -0.3995, 0.1269, 0.8818, 0.2164
17:33:58, 8.43, 253, 227.91, 330.63, 3.46, -0.3996, 0.1296, 0.8805, 0.2197
17:33:58, 8.43, 253, 228.00, 330.01, 3.56, -0.4000, 0.1326, 0.8788, 0.2240
17:33:58, 8.47, 254, 228.09, 329.41, 3.65, -0.4005, 0.1355, 0.8770, 0.2283
17:33:58, 8.47, 254, 228.17, 328.84, 3.77, -0.4009, 0.1385, 0.8753, 0.2322
17:33:58, 8.50, 255, 228.30, 328.12, 3.90, -0.4017, 0.1421, 0.8731, 0.2370
17:33:58, 8.50, 255, 228.41, 327.56, 3.98, -0.4023, 0.1448, 0.8713, 0.2410
17:33:58, 8.50, 255, 228.55, 326.82, 4.08, -0.4030, 0.1484, 0.8689, 0.2461
17:33:58, 8.53, 256, 228.80, 326.25, 4.03, -0.4044, 0.1505, 0.8667, 0.2503
17:33:58, 8.53, 256, 229.07, 325.59, 3.98, -0.4058, 0.1529, 0.8642, 0.2551
17:33:58, 8.57, 257, 229.42, 325.01, 4.01, -0.4080, 0.1559, 0.8615, 0.2590
17:33:58, 8.57, 257, 229.68, 324.40, 4.10, -0.4096, 0.1592, 0.8589, 0.2630
17:33:58, 8.60, 258, 230.02, 323.92, 4.06, -0.4117, 0.1614, 0.8565, 0.2663
17:33:58, 8.60, 258, 230.34, 323.41, 4.09, -0.4137, 0.1641, 0.8540, 0.2695
17:33:58, 8.60, 258, 230.59, 323.06, 4.06, -0.4151, 0.1656, 0.8522, 0.2719
17:33:58, 8.63, 259, 230.84, 322.71, 4.03, -0.4166, 0.1673, 0.8504, 0.2743
17:33:58, 8.63, 259, 230.95, 322.46, 4.02, -0.4171, 0.1683, 0.8494, 0.2761
17:33:58, 8.67, 260, 231.13, 322.09, 3.97, -0.4180, 0.1696, 0.8478, 0.2787
17:33:58, 8.67, 260, 231.36, 321.80, 3.89, -0.4193, 0.1706, 0.8463, 0.2808
17:33:58, 8.67, 260, 231.53, 321.50, 3.81, -0.4200, 0.1715, 0.8450, 0.2831
17:33:58, 8.70, 261, 231.69, 321.28, 3.82, -0.4210, 0.1728, 0.8438, 0.2845
17:33:58, 8.70, 261, 231.83, 321.05, 3.80, -0.4217, 0.1737, 0.8427, 0.2860
17:33:58, 8.73, 262, 231.91, 320.88, 3.83, -0.4222, 0.1747, 0.8419, 0.2871
17:33:58, 8.73, 262, 231.93, 320.68, 3.92, -0.4224, 0.1762, 0.8411, 0.2882
17:33:58, 8.77, 263, 232.01, 320.45, 3.92, -0.4227, 0.1772, 0.8402, 0.2898
17:33:58, 8.77, 263, 232.10, 320.22, 3.93, -0.4232, 0.1782, 0.8392, 0.2913
17:33:58, 8.77, 263, 232.22, 319.99, 4.05, -0.4241, 0.1802, 0.8380, 0.2924
17:33:58, 8.80, 264, 232.37, 319.77, 4.22, -0.4254, 0.1827, 0.8365, 0.2931
17:33:58, 8.80, 264, 232.62, 319.69, 4.22, -0.4272, 0.1836, 0.8353, 0.2933
17:33:58, 8.83, 265, 232.94, 319.53, 4.04, -0.4289, 0.1836, 0.8340, 0.2947
17:33:58, 8.83, 265, 233.30, 319.34, 3.94, -0.4310, 0.1845, 0.8322, 0.2958
17:33:58, 8.83, 265, 233.66, 319.20, 3.81, -0.4331, 0.1850, 0.8307, 0.2968
17:33:58, 8.87, 266, 234.02, 319.07, 3.67, -0.4352, 0.1854, 0.8292, 0.2977
17:33:58, 8.87, 266, 234.43, 318.97, 3.39, -0.4374, 0.1849, 0.8278, 0.2989
17:33:58, 8.90, 267, 234.77, 318.81, 3.20, -0.4391, 0.1849, 0.8264, 0.3002
17:33:58, 8.90, 267, 235.09, 318.62, 3.13, -0.4410, 0.1860, 0.8247, 0.3013
17:33:58, 8.93, 268, 235.35, 318.38, 3.07, -0.4424, 0.1871, 0.8231, 0.3029
17:33:58, 8.93, 268, 235.62, 318.09, 3.08, -0.4440, 0.1890, 0.8212, 0.3045
17:33:58, 8.93, 268, 235.95, 317.84, 3.06, -0.4460, 0.1907, 0.8192, 0.3059
17:33:58, 8.97, 269, 236.31, 317.50, 3.09, -0.4482, 0.1931, 0.8168, 0.3076
17:33:58, 8.97, 269, 236.73, 316.98, 3.21, -0.4508, 0.1971, 0.8134, 0.3102
17:33:58, 9.00, 270, 237.14, 316.47, 3.35, -0.4535, 0.2011, 0.8101, 0.3125
17:33:58, 9.00, 270, 237.56, 316.19, 3.45, -0.4563, 0.2040, 0.8074, 0.3134
17:33:58, 9.00, 270, 238.05, 315.87, 3.47, -0.4594, 0.2067, 0.8045, 0.3147
17:33:58, 9.03, 271, 238.61, 315.74, 3.30, -0.4627, 0.2076, 0.8021, 0.3153
17:33:58, 9.03, 271, 239.34, 315.65, 3.00, -0.4668, 0.2078, 0.7995, 0.3158
17:33:59, 9.07, 272, 240.06, 315.61, 2.65, -0.4708, 0.2075, 0.7970, 0.3162
17:33:59, 9.07, 272, 240.97, 315.19, 2.16, -0.4751, 0.2084, 0.7929, 0.3195
17:33:59, 9.10, 273, 241.93, 314.91, 1.72, -0.4801, 0.2091, 0.7889, 0.3216
17:33:59, 9.10, 273, 243.08, 314.60, 1.15, -0.4858, 0.2097, 0.7842, 0.3240
17:33:59, 9.10, 273, 244.47, 314.26, 0.39, -0.4926, 0.2099, 0.7787, 0.3271
17:33:59, 9.13, 274, 246.17, 313.80, 359.37, -0.5003, 0.2099, 0.7719, 0.3315
17:33:59, 9.13, 274, 248.25, 313.31, 358.02, -0.5093, 0.2091, 0.7638, 0.3369
17:33:59, 9.17, 275, 250.65, 312.72, 356.44, -0.5193, 0.2085, 0.7543, 0.3434
17:33:59, 9.17, 275, 253.74, 312.17, 354.46, -0.5322, 0.2076, 0.7422, 0.3504
17:33:59, 9.17, 275, 257.24, 311.54, 352.15, -0.5459, 0.2068, 0.7284, 0.3588
17:33:59, 9.20, 276, 261.06, 310.92, 349.61, -0.5601, 0.2062, 0.7130, 0.3679
17:33:59, 9.20, 276, 265.36, 310.54, 346.92, -0.5767, 0.2057, 0.6957, 0.3757
17:33:59, 9.23, 277, 269.70, 310.36, 344.17, -0.5931, 0.2046, 0.6781, 0.3829
17:33:59, 9.23, 277, 274.08, 310.56, 341.36, -0.6098, 0.2018, 0.6604, 0.3889
17:33:59, 9.27, 278, 278.07, 311.08, 338.81, -0.6257, 0.1976, 0.6441, 0.3932
17:33:59, 9.27, 278, 281.46, 311.90, 336.70, -0.6403, 0.1923, 0.6298, 0.3954
17:33:59, 9.27, 278, 284.41, 312.73, 335.15, -0.6541, 0.1886, 0.6164, 0.3957
17:33:59, 9.30, 279, 286.84, 313.28, 333.78, -0.6644, 0.1860, 0.6051, 0.3974
17:33:59, 9.30, 279, 288.72, 314.51, 333.27, -0.6771, 0.1815, 0.5954, 0.3924
17:33:59, 9.33, 280, 290.77, 315.53, 332.41, -0.6886, 0.1771, 0.5849, 0.3904
17:33:59, 9.33, 280, 292.81, 316.53, 331.53, -0.6996, 0.1726, 0.5740, 0.3889
17:33:59, 9.33, 280, 294.80, 317.69, 330.72, -0.7110, 0.1671, 0.5630, 0.3867
17:33:59, 9.37, 281, 296.91, 318.87, 329.93, -0.7229, 0.1620, 0.5507, 0.3845
17:33:59, 9.37, 281, 299.19, 320.20, 329.09, -0.7357, 0.1561, 0.5369, 0.3821
17:33:59, 9.40, 282, 301.63, 321.32, 328.35, -0.7485, 0.1527, 0.5215, 0.3800
17:33:59, 9.40, 282, 303.91, 322.44, 328.13, -0.7619, 0.1510, 0.5060, 0.3750
17:33:59, 9.43, 283, 305.95, 323.35, 328.20, -0.7741, 0.1512, 0.4916, 0.3691
17:33:59, 9.43, 283, 307.85, 324.10, 328.45, -0.7855, 0.1527, 0.4776, 0.3627
17:33:59, 9.43, 283, 309.78, 324.80, 328.88, -0.7971, 0.1553, 0.4631, 0.3552
17:33:59, 9.47, 284, 311.80, 325.41, 329.35, -0.8085, 0.1587, 0.4477, 0.3475
17:33:59, 9.47, 284, 313.73, 325.96, 329.89, -0.8192, 0.1624, 0.4327, 0.3395
17:33:59, 9.50, 285, 315.77, 326.43, 330.30, -0.8295, 0.1662, 0.4169, 0.3324
17:33:59, 9.50, 285, 317.85, 326.71, 330.76, -0.8390, 0.1717, 0.4009, 0.3253
17:33:59, 9.50, 285, 320.06, 327.08, 331.26, -0.8492, 0.1767, 0.3833, 0.3174
17:33:59, 9.53, 286, 322.07, 327.39, 332.05, -0.8588, 0.1824, 0.3668, 0.3077
17:33:59, 9.53, 286, 323.90, 327.50, 332.92, -0.8672, 0.1890, 0.3515, 0.2980
17:33:59, 9.57, 287, 325.91, 327.62, 333.67, -0.8754, 0.1955, 0.3348, 0.2887
17:33:59, 9.57, 287, 327.89, 327.69, 334.65, -0.8837, 0.2026, 0.3178, 0.2776
17:33:59, 9.60, 288, 329.91, 327.80, 335.59, -0.8917, 0.2090, 0.3004, 0.2665
17:33:59, 9.60, 288, 331.73, 327.49, 336.49, -0.8975, 0.2180, 0.2849, 0.2566
17:33:59, 9.60, 288, 333.50, 327.51, 337.31, -0.9036, 0.2237, 0.2693, 0.2467
17:33:59, 9.63, 289, 335.19, 327.21, 338.36, -0.9089, 0.2321, 0.2541, 0.2354
17:33:59, 9.63, 289, 336.66, 327.02, 339.51, -0.9139, 0.2391, 0.2403, 0.2235
17:33:59, 9.67, 290, 338.08, 326.64, 340.63, -0.9179, 0.2471, 0.2269, 0.2120
17:33:59, 9.67, 290, 339.57, 326.15, 341.31, -0.9207, 0.2551, 0.2139, 0.2038
17:33:59, 9.70, 291, 341.04, 325.59, 342.02, -0.9230, 0.2636, 0.2010, 0.1954
17:33:59, 9.70, 291, 342.40, 325.02, 342.86, -0.9252, 0.2719, 0.1885, 0.1859
17:33:59, 9.70, 291, 343.60, 324.49, 343.71, -0.9270, 0.2795, 0.1772, 0.1766
17:33:59, 9.73, 292, 344.81, 324.07, 344.46, -0.9287, 0.2859, 0.1659, 0.1679
17:33:59, 9.73, 292, 345.95, 323.83, 345.30, -0.9309, 0.2907, 0.1547, 0.1583
17:33:59, 9.77, 293, 347.18, 323.55, 345.95, -0.9325, 0.2955, 0.1433, 0.1501
17:33:59, 9.77, 293, 348.17, 323.24, 346.59, -0.9337, 0.3001, 0.1337, 0.1425
17:33:59, 9.77, 293, 349.09, 322.82, 347.16, -0.9342, 0.3053, 0.1251, 0.1356
17:33:59, 9.80, 294, 349.97, 322.31, 347.66, -0.9343, 0.3111, 0.1168, 0.1294
17:33:59, 9.80, 294, 350.86, 321.80, 348.11, -0.9342, 0.3166, 0.1087, 0.1235
17:33:59, 9.83, 295, 351.70, 321.14, 348.45, -0.9334, 0.3232, 0.1013, 0.1186
17:33:59, 9.83, 295, 352.48, 320.47, 348.84, -0.9325, 0.3298, 0.0942, 0.1134
17:33:59, 9.83, 295, 353.14, 319.86, 349.07, -0.9314, 0.3357, 0.0886, 0.1097
17:33:59, 9.87, 296, 353.69, 319.29, 349.20, -0.9302, 0.3409, 0.0841, 0.1072
17:33:59, 9.87, 296, 354.18, 318.76, 349.22, -0.9289, 0.3457, 0.0803, 0.1056
17:33:59, 9.90, 297, 354.51, 318.15, 349.40, -0.9274, 0.3511, 0.0775, 0.1033
17:33:59, 9.90, 297, 354.77, 317.72, 349.56, -0.9264, 0.3549, 0.0752, 0.1011
17:33:59, 9.93, 298, 354.83, 317.42, 349.78, -0.9256, 0.3575, 0.0742, 0.0992
17:33:59, 9.93, 298, 354.95, 317.33, 349.92, -0.9256, 0.3584, 0.0728, 0.0977
17:33:59, 9.93, 298, 355.11, 317.32, 350.07, -0.9258, 0.3588, 0.0711, 0.0960
17:33:59, 9.97, 299, 355.39, 317.53, 350.17, -0.9267, 0.3574, 0.0683, 0.0943
17:33:59, 9.97, 299, 355.86, 317.70, 350.11, -0.9274, 0.3563, 0.0646, 0.0933
