Timestamp, VideoTime, VideoFrame, HeadYaw, HeadPitch, HeadRoll, HeadQuatW, HeadQuatX, HeadQuatY, HeadQuatZ
17:41:41, 0.00, 0, 323.22, 359.94, 357.59, 0.9487, 0.0062, -0.3154, -0.0201
17:41:41, 0.03, 1, 324.40, 0.11, 357.60, 0.9519, 0.0073, -0.3056, -0.0197
17:41:41, 0.03, 1, 325.62, 0.36, 357.63, 0.9551, 0.0091, -0.2954, -0.0189
17:41:42, 0.03, 1, 326.75, 0.48, 357.64, 0.9580, 0.0099, -0.2860, -0.0186
17:41:42, 0.07, 2, 327.86, 0.60, 357.65, 0.9607, 0.0107, -0.2766, -0.0182
17:41:42, 0.07, 2, 328.93, 0.71, 357.61, 0.9633, 0.0116, -0.2676, -0.0185
17:41:42, 0.10, 3, 329.91, 0.85, 357.60, 0.9655, 0.0126, -0.2594, -0.0183
17:41:42, 0.10, 3, 330.84, 0.99, 357.59, 0.9676, 0.0137, -0.2515, -0.0181
17:41:42, 0.10, 3, 331.75, 1.17, 357.54, 0.9695, 0.0151, -0.2438, -0.0183
17:41:42, 0.13, 4, 332.58, 1.25, 357.53, 0.9713, 0.0157, -0.2367, -0.0183
17:41:42, 0.13, 4, 333.31, 1.44, 357.53, 0.9728, 0.0172, -0.2304, -0.0180
17:41:42, 0.17, 5, 333.95, 1.61, 357.54, 0.9740, 0.0186, -0.2250, -0.0178
17:41:42, 0.17, 5, 334.48, 1.82, 357.65, 0.9750, 0.0200, -0.2205, -0.0165
17:41:42, 0.17, 5, 334.93, 1.89, 357.72, 0.9759, 0.0204, -0.2167, -0.0159
17:41:42, 0.20, 6, 335.32, 1.96, 357.76, 0.9766, 0.0209, -0.2133, -0.0154
17:41:42, 0.20, 6, 335.52, 2.05, 357.85, 0.9770, 0.0215, -0.2116, -0.0145
17:41:42, 0.23, 7, 335.66, 2.13, 357.83, 0.9773, 0.0222, -0.2104, -0.0145
17:41:42, 0.23, 7, 335.65, 2.24, 357.87, 0.9772, 0.0230, -0.2104, -0.0140
17:41:42, 0.27, 8, 335.63, 2.38, 357.83, 0.9772, 0.0243, -0.2106, -0.0141
17:41:42, 0.27, 8, 335.55, 2.50, 357.86, 0.9770, 0.0253, -0.2113, -0.0136
17:41:42, 0.30, 9, 335.36, 2.68, 357.84, 0.9766, 0.0269, -0.2128, -0.0134
17:41:42, 0.30, 9, 335.21, 2.75, 357.81, 0.9763, 0.0275, -0.2141, -0.0135
17:41:42, 0.33, 10, 335.14, 2.77, 357.76, 0.9762, 0.0278, -0.2147, -0.0139
17:41:42, 0.33, 10, 335.06, 2.79, 357.73, 0.9760, 0.0280, -0.2154, -0.0140
17:41:42, 0.33, 10, 335.03, 2.87, 357.74, 0.9760, 0.0287, -0.2156, -0.0138
17:41:42, 0.37, 11, 335.01, 3.00, 357.75, 0.9759, 0.0298, -0.2158, -0.0135
17:41:42, 0.37, 11, 334.99, 3.15, 357.76, 0.9758, 0.0310, -0.2159, -0.0131
17:41:42, 0.40, 12, 335.03, 3.33, 357.80, 0.9759, 0.0325, -0.2155, -0.0125
17:41:42, 0.40, 12, 335.08, 3.52, 357.84, 0.9759, 0.0340, -0.2151, -0.0118
17:41:42, 0.43, 13, 335.15, 3.78, 357.87, 0.9760, 0.0362, -0.2144, -0.0111
17:41:42, 0.43, 13, 335.24, 4.02, 357.82, 0.9761, 0.0383, -0.2136, -0.0110
17:41:42, 0.43, 13, 335.38, 4.32, 357.77, 0.9763, 0.0410, -0.2123, -0.0110
17:41:42, 0.47, 14, 335.54, 4.69, 357.73, 0.9765, 0.0442, -0.2108, -0.0107
17:41:42, 0.47, 14, 335.79, 5.18, 357.69, 0.9767, 0.0484, -0.2086, -0.0102
17:41:42, 0.50, 15, 336.09, 5.66, 357.68, 0.9771, 0.0524, -0.2059, -0.0096
17:41:42, 0.50, 15, 336.49, 6.18, 357.72, 0.9776, 0.0568, -0.2024, -0.0084
17:41:42, 0.50, 15, 337.00, 6.58, 357.78, 0.9783, 0.0601, -0.1979, -0.0075
17:41:42, 0.53, 16, 337.58, 7.02, 357.82, 0.9791, 0.0637, -0.1928, -0.0067
17:41:42, 0.53, 16, 338.16, 7.40, 357.81, 0.9799, 0.0670, -0.1878, -0.0065
17:41:42, 0.57, 17, 338.82, 7.74, 357.78, 0.9808, 0.0699, -0.1820, -0.0066
17:41:42, 0.57, 17, 339.47, 8.16, 357.79, 0.9816, 0.0734, -0.1764, -0.0062
17:41:42, 0.60, 18, 340.15, 8.59, 357.86, 0.9823, 0.0769, -0.1705, -0.0055
17:41:42, 0.60, 18, 340.83, 9.02, 357.93, 0.9831, 0.0805, -0.1645, -0.0047
17:41:42, 0.60, 18, 341.53, 9.54, 358.00, 0.9837, 0.0849, -0.1585, -0.0038
17:41:42, 0.63, 19, 342.25, 10.04, 358.05, 0.9843, 0.0891, -0.1522, -0.0033
17:41:42, 0.63, 19, 343.05, 10.68, 358.13, 0.9849, 0.0945, -0.1452, -0.0024
17:41:42, 0.67, 20, 343.81, 11.22, 358.18, 0.9854, 0.0990, -0.1386, -0.0019
17:41:42, 0.67, 20, 344.53, 11.73, 358.20, 0.9858, 0.1034, -0.1323, -0.0017
17:41:42, 0.70, 21, 345.21, 12.21, 358.32, 0.9862, 0.1074, -0.1264, -0.0008
17:41:42, 0.70, 21, 345.89, 12.68, 358.45, 0.9865, 0.1112, -0.1205, 0.0002
17:41:42, 0.70, 21, 346.57, 13.10, 358.62, 0.9867, 0.1147, -0.1148, 0.0014
17:41:42, 0.73, 22, 347.23, 13.59, 358.77, 0.9869, 0.1187, -0.1091, 0.0026
17:41:42, 0.73, 22, 347.86, 13.88, 358.78, 0.9872, 0.1213, -0.1037, 0.0023
17:41:42, 0.77, 23, 348.44, 14.24, 358.87, 0.9873, 0.1243, -0.0987, 0.0027
17:41:42, 0.77, 23, 348.96, 14.53, 358.90, 0.9874, 0.1268, -0.0942, 0.0027
17:41:42, 0.77, 23, 349.35, 14.80, 358.94, 0.9875, 0.1291, -0.0909, 0.0028
17:41:42, 0.80, 24, 349.78, 15.07, 359.03, 0.9875, 0.1313, -0.0872, 0.0033
17:41:42, 0.80, 24, 350.11, 15.26, 359.19, 0.9875, 0.1329, -0.0845, 0.0045
17:41:42, 0.83, 25, 350.38, 15.57, 359.26, 0.9873, 0.1355, -0.0822, 0.0049
17:41:42, 0.83, 25, 350.63, 15.74, 359.25, 0.9873, 0.1370, -0.0800, 0.0047
17:41:42, 0.83, 25, 350.83, 15.92, 359.24, 0.9873, 0.1385, -0.0782, 0.0045
17:41:42, 0.87, 26, 351.01, 16.08, 359.23, 0.9872, 0.1399, -0.0767, 0.0044
17:41:42, 0.87, 26, 351.16, 16.18, 359.30, 0.9872, 0.1408, -0.0755, 0.0048
17:41:42, 0.90, 27, 351.28, 16.21, 359.45, 0.9872, 0.1409, -0.0746, 0.0059
17:41:42, 0.90, 27, 351.35, 16.19, 359.60, 0.9872, 0.1407, -0.0742, 0.0071
17:41:42, 0.93, 28, 351.41, 16.11, 359.74, 0.9874, 0.1399, -0.0738, 0.0082
17:41:42, 0.93, 28, 351.42, 16.04, 359.85, 0.9875, 0.1393, -0.0739, 0.0091
17:41:42, 0.93, 28, 351.42, 16.01, 359.89, 0.9875, 0.1389, -0.0739, 0.0095
17:41:42, 0.97, 29, 351.44, 16.02, 359.93, 0.9875, 0.1390, -0.0738, 0.0098
17:41:42, 0.97, 29, 351.45, 16.09, 359.92, 0.9874, 0.1396, -0.0737, 0.0097
17:41:42, 1.00, 30, 351.45, 16.22, 359.85, 0.9873, 0.1407, -0.0736, 0.0092
17:41:42, 1.00, 30, 351.46, 16.41, 359.74, 0.9870, 0.1425, -0.0734, 0.0084
17:41:42, 1.00, 30, 351.43, 16.63, 359.65, 0.9868, 0.1444, -0.0735, 0.0078
17:41:42, 1.03, 31, 351.43, 16.84, 359.58, 0.9865, 0.1463, -0.0734, 0.0073
17:41:42, 1.03, 31, 351.42, 17.11, 359.48, 0.9861, 0.1486, -0.0733, 0.0067
17:41:43, 1.07, 32, 351.43, 17.31, 359.37, 0.9859, 0.1505, -0.0731, 0.0058
17:41:43, 1.07, 32, 351.42, 17.46, 359.26, 0.9857, 0.1518, -0.0730, 0.0049
17:41:43, 1.10, 33, 351.42, 17.57, 359.19, 0.9856, 0.1528, -0.0729, 0.0045
17:41:43, 1.10, 33, 351.44, 17.68, 359.15, 0.9854, 0.1538, -0.0726, 0.0042
17:41:43, 1.10, 33, 351.43, 17.72, 359.17, 0.9854, 0.1541, -0.0727, 0.0043
17:41:43, 1.13, 34, 351.41, 17.76, 359.19, 0.9853, 0.1544, -0.0729, 0.0046
17:41:43, 1.13, 34, 351.41, 17.77, 359.18, 0.9853, 0.1545, -0.0729, 0.0045
17:41:43, 1.17, 35, 351.41, 17.79, 359.18, 0.9853, 0.1547, -0.0729, 0.0045
17:41:43, 1.17, 35, 351.41, 17.77, 359.14, 0.9853, 0.1545, -0.0728, 0.0042
17:41:43, 1.17, 35, 351.43, 17.80, 359.12, 0.9853, 0.1548, -0.0726, 0.0040
17:41:43, 1.20, 36, 351.44, 17.83, 359.12, 0.9852, 0.1551, -0.0725, 0.0040
17:41:43, 1.20, 36, 351.39, 17.85, 359.08, 0.9852, 0.1553, -0.0729, 0.0037
17:41:43, 1.23, 37, 351.37, 17.83, 359.02, 0.9852, 0.1552, -0.0730, 0.0032
17:41:43, 1.23, 37, 351.32, 17.79, 358.97, 0.9852, 0.1549, -0.0734, 0.0029
17:41:43, 1.27, 38, 351.25, 17.75, 358.94, 0.9852, 0.1545, -0.0739, 0.0026
17:41:43, 1.27, 38, 351.17, 17.71, 358.90, 0.9852, 0.1542, -0.0746, 0.0024
17:41:43, 1.27, 38, 351.13, 17.70, 358.85, 0.9852, 0.1542, -0.0749, 0.0020
17:41:43, 1.30, 39, 351.07, 17.63, 358.77, 0.9853, 0.1536, -0.0753, 0.0013
17:41:43, 1.30, 39, 351.02, 17.54, 358.73, 0.9854, 0.1528, -0.0757, 0.0010
17:41:43, 1.33, 40, 350.94, 17.46, 358.70, 0.9854, 0.1522, -0.0764, 0.0008
17:41:43, 1.33, 40, 350.85, 17.37, 358.67, 0.9855, 0.1515, -0.0771, 0.0006
17:41:43, 1.37, 41, 350.78, 17.32, 358.69, 0.9855, 0.1510, -0.0777, 0.0008
17:41:43, 1.37, 41, 350.73, 17.26, 358.71, 0.9855, 0.1505, -0.0782, 0.0010
17:41:43, 1.37, 41, 350.65, 17.21, 358.68, 0.9855, 0.1501, -0.0788, 0.0008
17:41:43, 1.40, 42, 350.60, 17.14, 358.65, 0.9856, 0.1495, -0.0792, 0.0006
17:41:43, 1.40, 42, 350.56, 17.03, 358.66, 0.9857, 0.1485, -0.0797, 0.0007
17:41:43, 1.43, 43, 350.52, 16.89, 358.66, 0.9858, 0.1473, -0.0800, 0.0006
17:41:43, 1.43, 43, 350.49, 16.76, 358.64, 0.9860, 0.1462, -0.0803, 0.0004
17:41:43, 1.43, 43, 350.45, 16.67, 358.61, 0.9861, 0.1454, -0.0806, 0.0001
17:41:43, 1.47, 44, 350.42, 16.54, 358.62, 0.9862, 0.1443, -0.0809, 0.0001
17:41:43, 1.47, 44, 350.38, 16.41, 358.61, 0.9864, 0.1432, -0.0813, 0.0000
17:41:43, 1.50, 45, 350.34, 16.32, 358.60, 0.9864, 0.1425, -0.0816, -0.0001
17:41:43, 1.50, 45, 350.33, 16.26, 358.57, 0.9865, 0.1419, -0.0816, -0.0004
17:41:43, 1.53, 46, 350.33, 16.20, 358.55, 0.9866, 0.1414, -0.0816, -0.0006
17:41:43, 1.53, 46, 350.35, 16.16, 358.57, 0.9866, 0.1411, -0.0815, -0.0005
17:41:43, 1.53, 46, 350.36, 16.16, 358.61, 0.9866, 0.1410, -0.0815, -0.0002
17:41:43, 1.57, 47, 350.34, 16.16, 358.68, 0.9866, 0.1410, -0.0817, 0.0004
17:41:43, 1.57, 47, 350.34, 16.15, 358.73, 0.9866, 0.1408, -0.0818, 0.0009
17:41:43, 1.60, 48, 350.32, 16.14, 358.76, 0.9866, 0.1408, -0.0820, 0.0012
17:41:43, 1.60, 48, 350.31, 16.13, 358.79, 0.9866, 0.1407, -0.0821, 0.0014
17:41:43, 1.60, 48, 350.30, 16.18, 358.81, 0.9866, 0.1411, -0.0823, 0.0017
17:41:43, 1.63, 49, 350.29, 16.21, 358.85, 0.9865, 0.1413, -0.0823, 0.0020
17:41:43, 1.63, 49, 350.30, 16.27, 358.86, 0.9865, 0.1418, -0.0823, 0.0022
17:41:43, 1.67, 50, 350.31, 16.33, 358.86, 0.9864, 0.1423, -0.0822, 0.0022
17:41:43, 1.67, 50, 350.35, 16.35, 358.89, 0.9864, 0.1425, -0.0819, 0.0024
17:41:43, 1.70, 51, 350.37, 16.35, 358.91, 0.9864, 0.1425, -0.0817, 0.0026
17:41:43, 1.70, 51, 350.38, 16.33, 358.94, 0.9864, 0.1423, -0.0817, 0.0027
17:41:43, 1.70, 51, 350.41, 16.34, 358.96, 0.9865, 0.1423, -0.0815, 0.0029
17:41:43, 1.73, 52, 350.41, 16.34, 358.96, 0.9865, 0.1424, -0.0815, 0.0029
17:41:43, 1.73, 52, 350.41, 16.34, 358.97, 0.9865, 0.1423, -0.0815, 0.0030
17:41:43, 1.77, 53, 350.40, 16.32, 358.96, 0.9865, 0.1422, -0.0816, 0.0029
17:41:43, 1.77, 53, 350.38, 16.27, 358.95, 0.9865, 0.1418, -0.0817, 0.0029
17:41:43, 1.77, 53, 350.32, 16.20, 358.94, 0.9866, 0.1411, -0.0823, 0.0027
17:41:43, 1.80, 54, 350.27, 16.13, 358.93, 0.9866, 0.1406, -0.0827, 0.0027
17:41:43, 1.80, 54, 350.24, 16.12, 358.92, 0.9866, 0.1405, -0.0829, 0.0026
17:41:43, 1.83, 55, 350.20, 16.13, 358.89, 0.9866, 0.1406, -0.0832, 0.0024
17:41:43, 1.83, 55, 350.19, 16.13, 358.90, 0.9866, 0.1406, -0.0833, 0.0025
17:41:43, 1.87, 56, 350.17, 16.08, 358.91, 0.9866, 0.1402, -0.0835, 0.0026
17:41:43, 1.87, 56, 350.13, 16.03, 358.90, 0.9866, 0.1397, -0.0838, 0.0025
17:41:43, 1.87, 56, 350.10, 15.97, 358.91, 0.9867, 0.1392, -0.0842, 0.0026
17:41:43, 1.90, 57, 350.08, 15.93, 358.90, 0.9867, 0.1389, -0.0843, 0.0025
17:41:43, 1.90, 57, 350.04, 15.92, 358.87, 0.9867, 0.1388, -0.0846, 0.0023
17:41:43, 1.93, 58, 350.02, 15.88, 358.87, 0.9867, 0.1384, -0.0848, 0.0023
17:41:43, 1.93, 58, 349.99, 15.82, 358.86, 0.9868, 0.1379, -0.0851, 0.0022
17:41:43, 1.93, 58, 349.94, 15.78, 358.84, 0.9868, 0.1377, -0.0855, 0.0021
17:41:43, 1.97, 59, 349.91, 15.70, 358.84, 0.9869, 0.1369, -0.0857, 0.0021
17:41:43, 1.97, 59, 349.88, 15.69, 358.84, 0.9869, 0.1368, -0.0860, 0.0020
17:41:43, 2.00, 60, 349.85, 15.67, 358.81, 0.9869, 0.1367, -0.0862, 0.0018
17:41:43, 2.00, 60, 349.83, 15.66, 358.80, 0.9869, 0.1366, -0.0864, 0.0017
17:41:43, 2.03, 61, 349.84, 15.66, 358.78, 0.9869, 0.1367, -0.0863, 0.0016
17:41:43, 2.03, 61, 349.82, 15.66, 358.76, 0.9868, 0.1367, -0.0864, 0.0014
17:41:43, 2.03, 61, 349.81, 15.65, 358.76, 0.9868, 0.1366, -0.0865, 0.0014
17:41:44, 2.07, 62, 349.78, 15.67, 358.72, 0.9868, 0.1368, -0.0867, 0.0011
17:41:44, 2.07, 62, 349.75, 15.65, 358.71, 0.9868, 0.1366, -0.0869, 0.0011
17:41:44, 2.10, 63, 349.73, 15.63, 358.66, 0.9868, 0.1364, -0.0871, 0.0006
17:41:44, 2.10, 63, 349.71, 15.58, 358.61, 0.9869, 0.1360, -0.0872, 0.0002
17:41:44, 2.10, 63, 349.68, 15.54, 358.55, 0.9869, 0.1357, -0.0874, -0.0003
17:41:44, 2.13, 64, 349.62, 15.51, 358.50, 0.9869, 0.1356, -0.0878, -0.0007
17:41:44, 2.13, 64, 349.60, 15.54, 358.46, 0.9868, 0.1358, -0.0880, -0.0010
17:41:44, 2.17, 65, 349.58, 15.58, 358.43, 0.9867, 0.1362, -0.0881, -0.0012
17:41:44, 2.17, 65, 349.53, 15.63, 358.42, 0.9867, 0.1367, -0.0885, -0.0012
17:41:44, 2.17, 65, 349.46, 15.66, 358.38, 0.9866, 0.1370, -0.0890, -0.0015
17:41:44, 2.20, 66, 349.40, 15.64, 358.39, 0.9865, 0.1368, -0.0896, -0.0013
17:41:44, 2.20, 66, 349.26, 15.60, 358.40, 0.9865, 0.1364, -0.0908, -0.0011
17:41:44, 2.23, 67, 349.14, 15.45, 358.42, 0.9866, 0.1351, -0.0919, -0.0008
17:41:44, 2.23, 67, 348.98, 15.32, 358.38, 0.9866, 0.1340, -0.0933, -0.0012
17:41:44, 2.27, 68, 348.79, 15.11, 358.35, 0.9867, 0.1323, -0.0949, -0.0013
17:41:44, 2.27, 68, 348.60, 14.87, 358.32, 0.9868, 0.1302, -0.0966, -0.0016
17:41:44, 2.27, 68, 348.42, 14.61, 358.30, 0.9869, 0.1280, -0.0981, -0.0018
17:41:44, 2.30, 69, 348.19, 14.27, 358.30, 0.9871, 0.1251, -0.1003, -0.0018
17:41:44, 2.30, 69, 347.92, 13.88, 358.26, 0.9873, 0.1217, -0.1026, -0.0023
17:41:44, 2.33, 70, 347.58, 13.41, 358.25, 0.9874, 0.1177, -0.1057, -0.0025
17:41:44, 2.33, 70, 347.19, 12.86, 358.15, 0.9876, 0.1131, -0.1091, -0.0034
17:41:44, 2.33, 70, 346.77, 12.34, 358.10, 0.9877, 0.1086, -0.1127, -0.0040
17:41:44, 2.37, 71, 346.25, 11.67, 358.05, 0.9877, 0.1029, -0.1173, -0.0047
17:41:44, 2.37, 71, 345.71, 10.91, 358.05, 0.9878, 0.0964, -0.1222, -0.0050
17:41:44, 2.40, 72, 345.14, 10.12, 357.98, 0.9878, 0.0897, -0.1273, -0.0060
17:41:44, 2.40, 72, 344.53, 9.42, 357.99, 0.9876, 0.0837, -0.1327, -0.0063
17:41:44, 2.43, 73, 343.94, 8.68, 357.97, 0.9874, 0.0774, -0.1379, -0.0069
17:41:44, 2.43, 73, 343.33, 7.93, 357.93, 0.9871, 0.0710, -0.1434, -0.0078
17:41:44, 2.43, 73, 342.73, 7.22, 357.86, 0.9867, 0.0650, -0.1486, -0.0090
17:41:44, 2.47, 74, 342.14, 6.60, 357.83, 0.9862, 0.0598, -0.1539, -0.0097
17:41:44, 2.47, 74, 341.50, 5.98, 357.77, 0.9856, 0.0546, -0.1595, -0.0108
17:41:44, 2.50, 75, 340.88, 5.50, 357.64, 0.9849, 0.0508, -0.1649, -0.0123
17:41:44, 2.50, 75, 340.24, 4.96, 357.50, 0.9842, 0.0464, -0.1705, -0.0140
17:41:44, 2.53, 76, 339.60, 4.50, 357.40, 0.9833, 0.0427, -0.1760, -0.0153
17:41:44, 2.53, 76, 338.97, 3.99, 357.27, 0.9825, 0.0386, -0.1815, -0.0171
17:41:44, 2.53, 76, 338.28, 3.64, 357.15, 0.9814, 0.0358, -0.1874, -0.0184
17:41:44, 2.57, 77, 337.61, 3.30, 356.96, 0.9804, 0.0334, -0.1932, -0.0204
17:41:44, 2.57, 77, 336.89, 2.96, 356.95, 0.9792, 0.0306, -0.1995, -0.0209
17:41:44, 2.60, 78, 336.09, 2.60, 356.76, 0.9778, 0.0280, -0.2064, -0.0230
17:41:44, 2.60, 78, 335.33, 2.37, 356.68, 0.9764, 0.0264, -0.2129, -0.0239
17:41:44, 2.60, 78, 334.57, 2.11, 356.52, 0.9750, 0.0247, -0.2194, -0.0256
17:41:44, 2.63, 79, 333.87, 1.79, 356.36, 0.9736, 0.0224, -0.2255, -0.0274
17:41:44, 2.63, 79, 333.15, 1.51, 356.28, 0.9722, 0.0203, -0.2316, -0.0285
17:41:44, 2.67, 80, 332.50, 1.19, 356.15, 0.9708, 0.0180, -0.2372, -0.0301
17:41:44, 2.67, 80, 331.88, 0.78, 355.95, 0.9695, 0.0152, -0.2426, -0.0327
17:41:44, 2.70, 81, 331.27, 0.49, 355.72, 0.9681, 0.0134, -0.2478, -0.0352
17:41:44, 2.70, 81, 330.71, 0.10, 355.65, 0.9668, 0.0104, -0.2526, -0.0365
17:41:44, 2.70, 81, 330.18, 359.65, 355.54, 0.9656, 0.0071, -0.2572, -0.0383
17:41:44, 2.73, 82, 329.62, 359.14, 355.37, 0.9642, 0.0033, -0.2621, -0.0410
17:41:44, 2.73, 82, 329.02, 358.62, 355.06, 0.9626, -0.0001, -0.2673, -0.0448
17:41:44, 2.77, 83, 328.50, 358.04, 354.72, 0.9611, -0.0040, -0.2719, -0.0490
17:41:44, 2.77, 83, 327.95, 357.69, 354.43, 0.9595, -0.0060, -0.2766, -0.0522
17:41:44, 2.77, 83, 327.52, 357.33, 354.17, 0.9583, -0.0081, -0.2804, -0.0553
17:41:44, 2.80, 84, 327.11, 356.90, 353.92, 0.9570, -0.0109, -0.2839, -0.0585
17:41:44, 2.80, 84, 326.76, 356.51, 353.79, 0.9559, -0.0137, -0.2870, -0.0606
17:41:44, 2.83, 85, 326.31, 356.09, 353.73, 0.9546, -0.0168, -0.2909, -0.0622
17:41:44, 2.83, 85, 325.83, 355.68, 353.73, 0.9532, -0.0199, -0.2951, -0.0633
17:41:44, 2.87, 86, 325.33, 355.26, 353.78, 0.9517, -0.0233, -0.2994, -0.0640
17:41:44, 2.87, 86, 324.80, 354.97, 353.88, 0.9502, -0.0256, -0.3039, -0.0641
17:41:44, 2.87, 86, 324.34, 354.58, 353.97, 0.9488, -0.0289, -0.3078, -0.0645
17:41:44, 2.90, 87, 323.87, 354.29, 354.16, 0.9475, -0.0315, -0.3117, -0.0638
17:41:44, 2.93, 88, 322.59, 353.34, 354.72, 0.9437, -0.0402, -0.3223, -0.0622
17:41:44, 2.93, 88, 322.24, 353.03, 354.86, 0.9426, -0.0430, -0.3253, -0.0620
17:41:44, 2.97, 89, 322.03, 352.76, 355.01, 0.9419, -0.0455, -0.3270, -0.0616
17:41:44, 2.97, 89, 321.85, 352.55, 355.08, 0.9413, -0.0473, -0.3285, -0.0617
17:41:44, 3.00, 90, 321.72, 352.31, 355.07, 0.9408, -0.0492, -0.3296, -0.0625
17:41:44, 3.00, 90, 321.61, 352.15, 355.13, 0.9404, -0.0507, -0.3305, -0.0625
17:41:44, 3.03, 91, 321.42, 351.98, 355.20, 0.9398, -0.0522, -0.3320, -0.0625
17:41:44, 3.03, 91, 321.24, 351.77, 355.24, 0.9391, -0.0539, -0.3335, -0.0629
17:41:44, 3.03, 91, 321.04, 351.63, 355.32, 0.9385, -0.0552, -0.3351, -0.0627
17:41:45, 3.07, 92, 320.79, 351.54, 355.37, 0.9377, -0.0559, -0.3371, -0.0627
17:41:45, 3.07, 92, 320.55, 351.47, 355.36, 0.9369, -0.0563, -0.3391, -0.0631
17:41:45, 3.10, 93, 320.28, 351.39, 355.36, 0.9361, -0.0568, -0.3414, -0.0635
17:41:45, 3.10, 93, 319.93, 351.27, 355.33, 0.9349, -0.0575, -0.3442, -0.0642
17:41:45, 3.10, 93, 319.57, 351.13, 355.32, 0.9337, -0.0584, -0.3472, -0.0649
17:41:45, 3.13, 94, 319.17, 350.90, 355.34, 0.9323, -0.0602, -0.3505, -0.0656
17:41:45, 3.13, 94, 318.81, 350.73, 355.27, 0.9311, -0.0611, -0.3534, -0.0669
17:41:45, 3.17, 95, 318.45, 350.54, 355.25, 0.9298, -0.0624, -0.3564, -0.0679
17:41:45, 3.17, 95, 318.05, 350.29, 355.27, 0.9284, -0.0642, -0.3596, -0.0687
17:41:45, 3.20, 96, 317.69, 350.19, 355.25, 0.9271, -0.0648, -0.3626, -0.0693
17:41:45, 3.20, 96, 317.25, 350.08, 355.30, 0.9257, -0.0656, -0.3661, -0.0695
17:41:45, 3.20, 96, 316.79, 349.94, 355.36, 0.9241, -0.0666, -0.3698, -0.0698
17:41:45, 3.23, 97, 316.29, 349.81, 355.44, 0.9224, -0.0676, -0.3738, -0.0698
17:41:45, 3.23, 97, 315.76, 349.61, 355.60, 0.9206, -0.0695, -0.3780, -0.0695
17:41:45, 3.27, 98, 315.21, 349.46, 355.82, 0.9188, -0.0710, -0.3822, -0.0686
17:41:45, 3.27, 98, 314.67, 349.17, 355.97, 0.9168, -0.0736, -0.3864, -0.0686
17:41:45, 3.27, 98, 314.13, 348.93, 356.18, 0.9149, -0.0759, -0.3906, -0.0681
17:41:45, 3.30, 99, 313.53, 348.64, 356.37, 0.9127, -0.0784, -0.3953, -0.0680
17:41:45, 3.30, 99, 312.78, 348.33, 356.56, 0.9099, -0.0811, -0.4011, -0.0680
17:41:45, 3.33, 100, 311.89, 348.01, 356.73, 0.9066, -0.0838, -0.4080, -0.0685
17:41:45, 3.33, 100, 310.86, 347.64, 356.91, 0.9026, -0.0868, -0.4159, -0.0691
17:41:45, 3.37, 101, 309.58, 347.32, 357.02, 0.8977, -0.0889, -0.4258, -0.0704
17:41:45, 3.37, 101, 308.40, 346.97, 357.14, 0.8930, -0.0913, -0.4348, -0.0717
17:41:45, 3.37, 101, 307.09, 346.69, 357.39, 0.8878, -0.0936, -0.4448, -0.0718
17:41:45, 3.40, 102, 305.80, 346.46, 357.60, 0.8827, -0.0955, -0.4544, -0.0722
17:41:45, 3.40, 102, 304.54, 346.29, 357.70, 0.8775, -0.0964, -0.4640, -0.0732
17:41:45, 3.43, 103, 303.16, 346.03, 357.83, 0.8717, -0.0980, -0.4743, -0.0744
17:41:45, 3.43, 103, 301.93, 345.79, 357.97, 0.8664, -0.0996, -0.4835, -0.0754
17:41:45, 3.43, 103, 300.67, 345.61, 358.14, 0.8610, -0.1008, -0.4927, -0.0759
17:41:45, 3.47, 104, 299.49, 345.45, 358.23, 0.8557, -0.1016, -0.5014, -0.0770
17:41:45, 3.47, 104, 298.38, 345.40, 358.39, 0.8509, -0.1020, -0.5095, -0.0771
17:41:45, 3.50, 105, 297.40, 345.30, 358.47, 0.8465, -0.1024, -0.5167, -0.0778
17:41:45, 3.50, 105, 296.43, 345.38, 358.45, 0.8421, -0.1011, -0.5239, -0.0784
17:41:45, 3.53, 106, 295.55, 345.43, 358.48, 0.8381, -0.1003, -0.5303, -0.0787
17:41:45, 3.53, 106, 294.70, 345.47, 358.51, 0.8343, -0.0995, -0.5365, -0.0791
17:41:45, 3.53, 106, 293.85, 345.66, 358.51, 0.8304, -0.0975, -0.5428, -0.0790
17:41:45, 3.57, 107, 293.07, 345.75, 358.55, 0.8269, -0.0966, -0.5484, -0.0788
17:41:45, 3.57, 107, 292.26, 345.81, 358.72, 0.8231, -0.0964, -0.5541, -0.0780
17:41:45, 3.60, 108, 291.48, 345.89, 358.88, 0.8195, -0.0961, -0.5596, -0.0771
17:41:45, 3.60, 108, 290.67, 345.92, 359.02, 0.8157, -0.0960, -0.5653, -0.0767
17:41:45, 3.60, 108, 289.82, 345.93, 359.21, 0.8116, -0.0962, -0.5712, -0.0760
17:41:45, 3.63, 109, 289.03, 345.93, 359.34, 0.8077, -0.0964, -0.5767, -0.0757
17:41:45, 3.63, 109, 288.23, 345.95, 359.49, 0.8038, -0.0965, -0.5822, -0.0752
17:41:45, 3.67, 110, 287.51, 345.98, 359.57, 0.8002, -0.0962, -0.5872, -0.0751
17:41:45, 3.67, 110, 286.70, 346.01, 359.67, 0.7961, -0.0960, -0.5928, -0.0750
17:41:45, 3.70, 111, 286.03, 346.04, 359.77, 0.7927, -0.0959, -0.5974, -0.0747
17:41:45, 3.70, 111, 285.37, 346.07, 359.77, 0.7893, -0.0953, -0.6019, -0.0751
17:41:45, 3.70, 111, 284.73, 346.04, 359.79, 0.7859, -0.0951, -0.6063, -0.0756
17:41:45, 3.73, 112, 284.16, 346.01, 359.85, 0.7829, -0.0953, -0.6101, -0.0759
17:41:45, 3.73, 112, 283.56, 345.97, 359.95, 0.7797, -0.0957, -0.6141, -0.0759
17:41:45, 3.77, 113, 283.01, 346.06, 359.97, 0.7769, -0.0948, -0.6178, -0.0758
17:41:45, 3.77, 113, 282.46, 346.01, 0.02, 0.7739, -0.0950, -0.6216, -0.0761
17:41:45, 3.77, 113, 281.82, 346.11, 0.13, 0.7706, -0.0946, -0.6258, -0.0754
17:41:45, 3.80, 114, 281.14, 346.12, 0.29, 0.7669, -0.0949, -0.6302, -0.0748
17:41:45, 3.80, 114, 280.49, 346.30, 0.42, 0.7636, -0.0940, -0.6346, -0.0735
17:41:45, 3.83, 115, 279.75, 346.38, 0.49, 0.7596, -0.0934, -0.6395, -0.0732
17:41:45, 3.83, 115, 279.03, 346.31, 0.64, 0.7556, -0.0942, -0.6441, -0.0731
17:41:45, 3.87, 116, 278.31, 346.44, 0.74, 0.7517, -0.0935, -0.6488, -0.0724
17:41:45, 3.87, 116, 277.69, 346.56, 0.87, 0.7483, -0.0931, -0.6529, -0.0713
17:41:45, 3.87, 116, 277.00, 346.68, 0.97, 0.7445, -0.0924, -0.6574, -0.0706
17:41:45, 3.90, 117, 276.40, 346.85, 1.02, 0.7412, -0.0912, -0.6614, -0.0697
17:41:45, 3.90, 117, 275.79, 347.00, 1.03, 0.7378, -0.0900, -0.6654, -0.0693
17:41:45, 3.93, 118, 275.27, 347.13, 1.00, 0.7349, -0.0886, -0.6688, -0.0691
17:41:45, 3.93, 118, 274.74, 347.24, 0.92, 0.7318, -0.0872, -0.6724, -0.0694
17:41:45, 3.93, 118, 274.34, 347.36, 0.74, 0.7294, -0.0851, -0.6752, -0.0702
17:41:45, 3.97, 119, 273.94, 347.48, 0.57, 0.7270, -0.0831, -0.6779, -0.0708
17:41:45, 3.97, 119, 273.55, 347.76, 0.39, 0.7248, -0.0800, -0.6807, -0.0706
17:41:45, 4.00, 120, 273.27, 347.95, 0.26, 0.7231, -0.0779, -0.6827, -0.0705
17:41:45, 4.00, 120, 272.89, 348.18, 0.11, 0.7209, -0.0753, -0.6853, -0.0703
17:41:45, 4.03, 121, 272.58, 348.44, 0.01, 0.7192, -0.0729, -0.6875, -0.0696
17:41:45, 4.03, 121, 272.31, 348.78, 359.90, 0.7177, -0.0699, -0.6895, -0.0683
17:41:45, 4.03, 121, 272.03, 348.97, 359.72, 0.7160, -0.0674, -0.6914, -0.0685
17:41:46, 4.07, 122, 271.86, 349.12, 359.57, 0.7150, -0.0655, -0.6926, -0.0686
17:41:46, 4.07, 122, 271.66, 349.16, 359.46, 0.7137, -0.0645, -0.6940, -0.0691
17:41:46, 4.10, 123, 271.47, 349.24, 359.42, 0.7126, -0.0636, -0.6953, -0.0691
17:41:46, 4.10, 123, 271.27, 349.32, 359.35, 0.7114, -0.0626, -0.6965, -0.0692
17:41:46, 4.10, 123, 271.09, 349.41, 359.29, 0.7103, -0.0616, -0.6978, -0.0690
17:41:46, 4.13, 124, 270.91, 349.48, 359.19, 0.7092, -0.0604, -0.6990, -0.0693
17:41:46, 4.13, 124, 270.75, 349.45, 359.08, 0.7082, -0.0599, -0.7000, -0.0703
17:41:46, 4.17, 125, 270.57, 349.46, 358.96, 0.7070, -0.0589, -0.7012, -0.0710
17:41:46, 4.17, 125, 270.35, 349.50, 358.84, 0.7056, -0.0578, -0.7026, -0.0716
17:41:46, 4.20, 126, 270.07, 349.57, 358.74, 0.7039, -0.0566, -0.7044, -0.0720
17:41:46, 4.20, 126, 269.74, 349.61, 358.60, 0.7018, -0.0552, -0.7065, -0.0728
17:41:46, 4.20, 126, 269.35, 349.63, 358.50, 0.6993, -0.0543, -0.7090, -0.0734
17:41:46, 4.23, 127, 268.89, 349.70, 358.39, 0.6964, -0.0528, -0.7119, -0.0738
17:41:46, 4.23, 127, 268.36, 349.72, 358.35, 0.6931, -0.0521, -0.7151, -0.0742
17:41:46, 4.27, 128, 267.81, 349.69, 358.30, 0.6896, -0.0516, -0.7184, -0.0749
17:41:46, 4.27, 128, 267.20, 349.74, 358.37, 0.6859, -0.0514, -0.7221, -0.0745
17:41:46, 4.27, 128, 266.57, 349.78, 358.33, 0.6819, -0.0505, -0.7258, -0.0748
17:41:46, 4.30, 129, 265.96, 349.69, 358.34, 0.6780, -0.0506, -0.7294, -0.0756
17:41:46, 4.30, 129, 265.28, 349.63, 358.33, 0.6735, -0.0505, -0.7335, -0.0763
17:41:46, 4.33, 130, 264.64, 349.59, 358.32, 0.6694, -0.0503, -0.7372, -0.0769
17:41:46, 4.33, 130, 263.94, 349.41, 358.36, 0.6648, -0.0511, -0.7411, -0.0781
17:41:46, 4.37, 131, 263.20, 349.28, 358.32, 0.6600, -0.0511, -0.7453, -0.0795
17:41:46, 4.37, 131, 262.46, 349.10, 358.29, 0.6550, -0.0514, -0.7495, -0.0812
17:41:46, 4.37, 131, 261.68, 348.93, 358.27, 0.6497, -0.0517, -0.7539, -0.0827
17:41:46, 4.40, 132, 260.86, 348.79, 358.25, 0.6442, -0.0518, -0.7585, -0.0842
17:41:46, 4.40, 132, 260.02, 348.68, 358.23, 0.6385, -0.0516, -0.7631, -0.0854
17:41:46, 4.43, 133, 259.13, 348.69, 358.20, 0.6326, -0.0507, -0.7680, -0.0859
17:41:46, 4.43, 133, 258.37, 348.73, 358.24, 0.6276, -0.0502, -0.7722, -0.0857
17:41:46, 4.43, 133, 257.50, 348.78, 358.27, 0.6217, -0.0494, -0.7770, -0.0856
17:41:46, 4.47, 134, 256.67, 348.87, 358.33, 0.6161, -0.0488, -0.7815, -0.0851
17:41:46, 4.47, 134, 255.81, 348.91, 358.37, 0.6103, -0.0481, -0.7861, -0.0850
17:41:46, 4.50, 135, 254.97, 348.95, 358.41, 0.6046, -0.0477, -0.7906, -0.0848
17:41:46, 4.50, 135, 254.07, 349.02, 358.45, 0.5985, -0.0469, -0.7953, -0.0845
17:41:46, 4.53, 136, 253.19, 349.21, 358.45, 0.5925, -0.0453, -0.8000, -0.0835
17:41:46, 4.53, 136, 252.30, 349.31, 358.46, 0.5863, -0.0441, -0.8046, -0.0832
17:41:46, 4.53, 136, 251.47, 349.38, 358.37, 0.5804, -0.0426, -0.8089, -0.0834
17:41:46, 4.57, 137, 250.62, 349.36, 358.36, 0.5743, -0.0419, -0.8132, -0.0839
17:41:46, 4.57, 137, 249.79, 349.27, 358.22, 0.5683, -0.0408, -0.8173, -0.0856
17:41:46, 4.60, 138, 248.97, 349.24, 358.09, 0.5623, -0.0394, -0.8214, -0.0866
17:41:46, 4.60, 138, 248.20, 349.27, 357.91, 0.5567, -0.0374, -0.8252, -0.0876
17:41:46, 4.60, 138, 247.34, 349.35, 357.84, 0.5505, -0.0358, -0.8295, -0.0876
17:41:46, 4.63, 139, 246.47, 349.46, 357.81, 0.5442, -0.0344, -0.8337, -0.0872
17:41:46, 4.63, 139, 245.62, 349.54, 357.90, 0.5381, -0.0340, -0.8377, -0.0865
17:41:46, 4.67, 140, 244.85, 349.74, 357.94, 0.5326, -0.0328, -0.8415, -0.0850
17:41:46, 4.67, 140, 244.02, 349.89, 358.06, 0.5266, -0.0324, -0.8453, -0.0837
17:41:46, 4.70, 141, 243.21, 350.04, 358.17, 0.5208, -0.0319, -0.8491, -0.0823
17:41:46, 4.70, 141, 242.40, 350.15, 358.36, 0.5150, -0.0323, -0.8527, -0.0808
17:41:46, 4.70, 141, 241.66, 350.35, 358.50, 0.5097, -0.0319, -0.8561, -0.0789
17:41:46, 4.73, 142, 240.91, 350.52, 358.68, 0.5043, -0.0319, -0.8595, -0.0770
17:41:46, 4.73, 142, 240.18, 350.79, 358.90, 0.4991, -0.0320, -0.8628, -0.0742
17:41:46, 4.77, 143, 239.51, 350.97, 359.12, 0.4942, -0.0325, -0.8657, -0.0721
17:41:46, 4.77, 143, 238.85, 351.13, 359.34, 0.4894, -0.0330, -0.8686, -0.0702
17:41:46, 4.77, 143, 238.15, 351.20, 359.60, 0.4843, -0.0343, -0.8715, -0.0687
17:41:46, 4.80, 144, 237.53, 351.26, 359.84, 0.4797, -0.0355, -0.8741, -0.0674
17:41:46, 4.80, 144, 236.86, 351.28, 0.11, 0.4748, -0.0371, -0.8768, -0.0664
17:41:46, 4.83, 145, 236.26, 351.34, 0.31, 0.4703, -0.0380, -0.8793, -0.0653
17:41:46, 4.83, 145, 235.71, 351.27, 0.44, 0.4662, -0.0390, -0.8814, -0.0655
17:41:46, 4.87, 146, 235.30, 351.22, 0.52, 0.4631, -0.0395, -0.8830, -0.0657
17:41:46, 4.87, 146, 234.90, 351.17, 0.64, 0.4600, -0.0404, -0.8846, -0.0657
17:41:46, 4.87, 146, 234.63, 351.12, 0.75, 0.4580, -0.0413, -0.8856, -0.0658
17:41:46, 4.90, 147, 234.40, 351.16, 0.83, 0.4562, -0.0416, -0.8865, -0.0653
17:41:46, 4.90, 147, 234.20, 351.16, 0.91, 0.4548, -0.0422, -0.8872, -0.0650
17:41:46, 4.93, 148, 233.98, 351.12, 0.97, 0.4530, -0.0427, -0.8881, -0.0652
17:41:46, 4.93, 148, 233.84, 351.08, 1.00, 0.4519, -0.0430, -0.8886, -0.0654
17:41:46, 4.93, 148, 233.69, 351.06, 0.98, 0.4508, -0.0428, -0.8892, -0.0657
17:41:46, 4.97, 149, 233.59, 351.01, 0.99, 0.4500, -0.0430, -0.8895, -0.0661
17:41:46, 4.97, 149, 233.41, 351.00, 1.00, 0.4486, -0.0430, -0.8903, -0.0662
17:41:46, 5.00, 150, 233.20, 351.03, 1.03, 0.4470, -0.0430, -0.8911, -0.0659
17:41:46, 5.00, 150, 232.95, 351.04, 1.04, 0.4451, -0.0430, -0.8920, -0.0659
17:41:46, 5.03, 151, 232.71, 351.03, 1.04, 0.4432, -0.0428, -0.8930, -0.0660
17:41:46, 5.03, 151, 232.47, 351.02, 0.98, 0.4413, -0.0423, -0.8939, -0.0665
17:41:46, 5.03, 151, 232.24, 350.94, 0.97, 0.4394, -0.0423, -0.8948, -0.0672
17:41:47, 5.07, 152, 232.01, 350.90, 0.86, 0.4376, -0.0415, -0.8956, -0.0680
17:41:47, 5.07, 152, 231.80, 350.85, 0.74, 0.4358, -0.0407, -0.8965, -0.0689
17:41:47, 5.10, 153, 231.58, 350.83, 0.60, 0.4341, -0.0395, -0.8973, -0.0697
17:41:47, 5.10, 153, 231.37, 350.82, 0.48, 0.4323, -0.0384, -0.8981, -0.0703
17:41:47, 5.10, 153, 231.14, 350.88, 0.31, 0.4305, -0.0367, -0.8991, -0.0705
17:41:47, 5.13, 154, 230.94, 350.85, 0.14, 0.4287, -0.0354, -0.8999, -0.0715
17:41:47, 5.13, 154, 230.75, 350.84, 359.98, 0.4272, -0.0340, -0.9006, -0.0722
17:41:47, 5.17, 155, 230.57, 350.80, 359.82, 0.4256, -0.0329, -0.9013, -0.0732
17:41:47, 5.17, 155, 230.42, 350.75, 359.66, 0.4244, -0.0317, -0.9019, -0.0742
17:41:47, 5.20, 156, 230.25, 350.71, 359.55, 0.4229, -0.0308, -0.9025, -0.0750
17:41:47, 5.20, 156, 230.15, 350.60, 359.42, 0.4220, -0.0301, -0.9029, -0.0763
17:41:47, 5.20, 156, 230.04, 350.48, 359.30, 0.4210, -0.0296, -0.9032, -0.0778
17:41:47, 5.23, 157, 229.94, 350.35, 359.16, 0.4201, -0.0289, -0.9035, -0.0793
17:41:47, 5.23, 157, 229.89, 350.20, 359.06, 0.4195, -0.0286, -0.9037, -0.0809
17:41:47, 5.27, 158, 229.82, 350.07, 359.02, 0.4190, -0.0287, -0.9038, -0.0821
17:41:47, 5.27, 158, 229.74, 349.98, 359.02, 0.4182, -0.0290, -0.9041, -0.0828
17:41:47, 5.27, 158, 229.64, 349.91, 359.03, 0.4174, -0.0293, -0.9044, -0.0833
17:41:47, 5.30, 159, 229.56, 349.86, 359.06, 0.4168, -0.0296, -0.9046, -0.0837
17:41:47, 5.30, 159, 229.50, 349.84, 359.13, 0.4164, -0.0302, -0.9048, -0.0835
17:41:47, 5.33, 160, 229.45, 349.83, 359.19, 0.4160, -0.0307, -0.9050, -0.0835
17:41:47, 5.33, 160, 229.39, 349.89, 359.31, 0.4157, -0.0313, -0.9052, -0.0826
17:41:47, 5.37, 161, 229.32, 349.90, 359.42, 0.4152, -0.0321, -0.9054, -0.0821
17:41:47, 5.37, 161, 229.21, 349.89, 359.51, 0.4144, -0.0328, -0.9058, -0.0819
17:41:47, 5.37, 161, 229.06, 349.89, 359.64, 0.4133, -0.0337, -0.9063, -0.0815
17:41:47, 5.40, 162, 228.87, 349.88, 359.75, 0.4119, -0.0345, -0.9070, -0.0812
17:41:47, 5.40, 162, 228.63, 349.86, 359.78, 0.4100, -0.0347, -0.9078, -0.0813
17:41:47, 5.43, 163, 228.39, 349.92, 359.83, 0.4081, -0.0346, -0.9087, -0.0807
17:41:47, 5.43, 163, 228.08, 349.90, 359.92, 0.4057, -0.0352, -0.9098, -0.0807
17:41:47, 5.43, 163, 227.72, 349.93, 359.98, 0.4029, -0.0353, -0.9110, -0.0803
17:41:47, 5.47, 164, 227.27, 349.94, 0.04, 0.3994, -0.0355, -0.9126, -0.0801
17:41:47, 5.47, 164, 226.74, 349.86, 0.03, 0.3951, -0.0353, -0.9144, -0.0810
17:41:47, 5.50, 165, 226.19, 349.87, 359.94, 0.3907, -0.0341, -0.9163, -0.0814
17:41:47, 5.50, 165, 225.54, 349.81, 359.88, 0.3854, -0.0334, -0.9185, -0.0823
17:41:47, 5.53, 166, 224.86, 349.91, 359.79, 0.3800, -0.0319, -0.9208, -0.0820
17:41:47, 5.53, 166, 224.04, 350.04, 359.87, 0.3734, -0.0315, -0.9236, -0.0809
17:41:47, 5.53, 166, 223.15, 350.17, 359.79, 0.3662, -0.0298, -0.9266, -0.0803
17:41:47, 5.57, 167, 222.33, 350.37, 359.75, 0.3596, -0.0283, -0.9293, -0.0790
17:41:47, 5.57, 167, 221.37, 350.59, 359.74, 0.3518, -0.0269, -0.9325, -0.0776
17:41:47, 5.60, 168, 220.44, 351.00, 359.78, 0.3444, -0.0253, -0.9355, -0.0743
17:41:47, 5.60, 168, 219.57, 351.43, 359.76, 0.3374, -0.0233, -0.9384, -0.0711
17:41:47, 5.60, 168, 218.66, 351.75, 359.72, 0.3300, -0.0215, -0.9412, -0.0686
17:41:47, 5.63, 169, 217.72, 351.89, 359.71, 0.3222, -0.0205, -0.9440, -0.0678
17:41:47, 5.63, 169, 216.82, 352.18, 359.72, 0.3149, -0.0192, -0.9467, -0.0655
17:41:47, 5.67, 170, 215.84, 352.37, 359.81, 0.3069, -0.0189, -0.9494, -0.0638
17:41:47, 5.67, 170, 214.87, 352.52, 359.84, 0.2989, -0.0182, -0.9521, -0.0626
17:41:47, 5.70, 171, 213.84, 352.71, 359.90, 0.2904, -0.0176, -0.9548, -0.0610
17:41:47, 5.70, 171, 212.91, 352.84, 359.92, 0.2827, -0.0170, -0.9572, -0.0601
17:41:47, 5.70, 171, 211.95, 352.94, 0.00, 0.2747, -0.0170, -0.9596, -0.0592
17:41:47, 5.73, 172, 211.01, 353.10, 359.98, 0.2668, -0.0159, -0.9619, -0.0580
17:41:47, 5.73, 172, 210.08, 353.29, 359.99, 0.2590, -0.0151, -0.9641, -0.0565
17:41:47, 5.77, 173, 209.26, 353.50, 0.01, 0.2522, -0.0144, -0.9660, -0.0548
17:41:47, 5.77, 173, 208.48, 353.71, 0.02, 0.2456, -0.0137, -0.9678, -0.0531
17:41:47, 5.77, 173, 207.66, 354.01, 359.99, 0.2387, -0.0124, -0.9697, -0.0508
17:41:47, 5.80, 174, 206.97, 354.12, 0.01, 0.2329, -0.0120, -0.9712, -0.0499
17:41:47, 5.80, 174, 206.29, 354.22, 359.99, 0.2271, -0.0114, -0.9726, -0.0491
17:41:47, 5.83, 175, 205.66, 354.45, 359.99, 0.2218, -0.0106, -0.9739, -0.0472
17:41:47, 5.83, 175, 205.09, 354.65, 0.02, 0.2170, -0.0103, -0.9751, -0.0455
17:41:47, 5.87, 176, 204.55, 354.90, 0.09, 0.2124, -0.0103, -0.9762, -0.0433
17:41:47, 5.87, 176, 204.04, 355.05, 0.20, 0.2082, -0.0107, -0.9771, -0.0419
17:41:47, 5.87, 176, 203.61, 355.23, 0.31, 0.2045, -0.0112, -0.9780, -0.0402
17:41:47, 5.90, 177, 203.17, 355.31, 0.38, 0.2008, -0.0115, -0.9788, -0.0394
17:41:47, 5.90, 177, 202.77, 355.41, 0.47, 0.1974, -0.0119, -0.9795, -0.0384
17:41:47, 5.93, 178, 202.36, 355.45, 0.47, 0.1939, -0.0117, -0.9802, -0.0382
17:41:47, 5.93, 178, 201.96, 355.48, 0.57, 0.1905, -0.0124, -0.9809, -0.0377
17:41:47, 5.93, 178, 201.48, 355.47, 0.61, 0.1864, -0.0125, -0.9817, -0.0378
17:41:47, 5.97, 179, 201.11, 355.38, 0.64, 0.1832, -0.0128, -0.9822, -0.0386
17:41:47, 5.97, 179, 200.65, 355.34, 0.61, 0.1793, -0.0125, -0.9829, -0.0390
17:41:47, 6.00, 180, 200.23, 355.25, 0.60, 0.1757, -0.0124, -0.9836, -0.0399
17:41:47, 6.00, 180, 199.84, 355.19, 0.57, 0.1723, -0.0121, -0.9841, -0.0405
17:41:47, 6.03, 181, 199.47, 355.18, 0.54, 0.1691, -0.0117, -0.9847, -0.0406
17:41:47, 6.03, 181, 199.09, 355.13, 0.53, 0.1659, -0.0116, -0.9852, -0.0411
17:41:47, 6.03, 181, 198.82, 355.10, 0.48, 0.1636, -0.0112, -0.9856, -0.0415
17:41:48, 6.07, 182, 198.55, 355.15, 0.46, 0.1612, -0.0108, -0.9860, -0.0411
17:41:48, 6.07, 182, 198.38, 355.13, 0.41, 0.1597, -0.0104, -0.9862, -0.0414
17:41:48, 6.10, 183, 198.24, 355.16, 0.29, 0.1585, -0.0092, -0.9865, -0.0413
17:41:48, 6.10, 183, 198.08, 355.31, 0.14, 0.1571, -0.0076, -0.9867, -0.0402
17:41:48, 6.10, 183, 197.91, 355.44, 0.08, 0.1556, -0.0069, -0.9870, -0.0392
17:41:48, 6.13, 184, 197.76, 355.44, 0.04, 0.1543, -0.0065, -0.9872, -0.0393
17:41:48, 6.13, 184, 197.64, 355.35, 359.99, 0.1532, -0.0061, -0.9874, -0.0401
17:41:48, 6.17, 185, 197.57, 355.30, 359.96, 0.1526, -0.0059, -0.9874, -0.0406
17:41:48, 6.17, 185, 197.58, 355.32, 359.94, 0.1526, -0.0057, -0.9874, -0.0405
17:41:48, 6.20, 186, 197.65, 355.29, 359.97, 0.1533, -0.0060, -0.9873, -0.0406
17:41:48, 6.20, 186, 197.78, 355.33, 359.99, 0.1544, -0.0062, -0.9872, -0.0403
17:41:48, 6.20, 186, 198.06, 355.33, 0.00, 0.1568, -0.0064, -0.9868, -0.0402
17:41:48, 6.23, 187, 198.48, 355.32, 359.93, 0.1604, -0.0060, -0.9862, -0.0404
17:41:48, 6.23, 187, 199.01, 355.31, 359.78, 0.1649, -0.0049, -0.9855, -0.0407
17:41:48, 6.27, 188, 199.63, 355.29, 359.60, 0.1702, -0.0036, -0.9845, -0.0411
17:41:48, 6.27, 188, 200.35, 355.24, 359.38, 0.1763, -0.0020, -0.9835, -0.0418
17:41:48, 6.30, 189, 201.08, 355.22, 359.18, 0.1825, -0.0006, -0.9823, -0.0423
17:41:48, 6.30, 189, 201.77, 355.26, 358.98, 0.1883, 0.0009, -0.9812, -0.0423
17:41:48, 6.30, 189, 202.48, 355.34, 358.89, 0.1944, 0.0016, -0.9800, -0.0418
17:41:48, 6.33, 190, 203.22, 355.48, 358.69, 0.2006, 0.0032, -0.9788, -0.0409
17:41:48, 6.33, 190, 203.89, 355.63, 358.42, 0.2063, 0.0056, -0.9777, -0.0401
17:41:48, 6.37, 191, 204.68, 355.85, 358.19, 0.2130, 0.0077, -0.9763, -0.0387
17:41:48, 6.37, 191, 205.42, 356.02, 358.05, 0.2193, 0.0090, -0.9749, -0.0376
17:41:48, 6.37, 191, 206.24, 356.17, 357.95, 0.2262, 0.0098, -0.9733, -0.0366
17:41:48, 6.40, 192, 207.17, 356.39, 357.88, 0.2342, 0.0106, -0.9715, -0.0349
17:41:48, 6.40, 192, 208.12, 356.65, 357.74, 0.2422, 0.0120, -0.9696, -0.0332
17:41:48, 6.43, 193, 209.15, 356.84, 357.62, 0.2510, 0.0131, -0.9674, -0.0319
17:41:48, 6.43, 193, 210.34, 357.06, 357.47, 0.2610, 0.0146, -0.9647, -0.0305
17:41:48, 6.43, 193, 211.52, 357.24, 357.39, 0.2709, 0.0154, -0.9620, -0.0293
17:41:48, 6.47, 194, 212.81, 357.36, 357.28, 0.2817, 0.0163, -0.9589, -0.0288
17:41:48, 6.47, 194, 214.16, 357.56, 357.16, 0.2931, 0.0174, -0.9555, -0.0277
17:41:48, 6.50, 195, 215.61, 357.65, 357.04, 0.3051, 0.0183, -0.9517, -0.0274
17:41:48, 6.50, 195, 217.18, 357.69, 356.90, 0.3181, 0.0192, -0.9475, -0.0277
17:41:48, 6.53, 196, 218.74, 357.78, 356.80, 0.3309, 0.0199, -0.9430, -0.0276
17:41:48, 6.53, 196, 220.31, 357.83, 356.76, 0.3439, 0.0200, -0.9384, -0.0275
17:41:48, 6.53, 196, 221.82, 357.81, 356.70, 0.3562, 0.0201, -0.9338, -0.0281
17:41:48, 6.57, 197, 223.29, 357.81, 356.66, 0.3681, 0.0201, -0.9291, -0.0285
17:41:48, 6.57, 197, 224.60, 357.82, 356.62, 0.3787, 0.0201, -0.9249, -0.0288
17:41:48, 6.60, 198, 225.87, 357.81, 356.45, 0.3889, 0.0211, -0.9206, -0.0296
17:41:48, 6.60, 198, 227.11, 357.80, 356.23, 0.3988, 0.0225, -0.9163, -0.0307
17:41:48, 6.60, 198, 228.36, 357.76, 356.08, 0.4087, 0.0232, -0.9118, -0.0318
17:41:48, 6.63, 199, 229.56, 357.82, 355.87, 0.4182, 0.0247, -0.9074, -0.0324
17:41:48, 6.63, 199, 230.77, 357.95, 355.62, 0.4277, 0.0268, -0.9030, -0.0326
17:41:48, 6.67, 200, 231.91, 358.11, 355.41, 0.4367, 0.0288, -0.8986, -0.0323
17:41:48, 6.67, 200, 233.01, 358.23, 355.25, 0.4453, 0.0302, -0.8943, -0.0323
17:41:48, 6.70, 201, 234.12, 358.48, 355.18, 0.4540, 0.0314, -0.8899, -0.0309
17:41:48, 6.70, 201, 235.09, 358.69, 355.02, 0.4615, 0.0333, -0.8860, -0.0302
17:41:48, 6.70, 201, 236.00, 358.89, 354.90, 0.4686, 0.0348, -0.8822, -0.0294
17:41:48, 6.73, 202, 236.89, 359.07, 354.77, 0.4755, 0.0363, -0.8785, -0.0289
17:41:48, 6.73, 202, 237.75, 359.25, 354.70, 0.4821, 0.0373, -0.8749, -0.0280
17:41:48, 6.77, 203, 238.57, 359.39, 354.55, 0.4884, 0.0388, -0.8713, -0.0279
17:41:48, 6.77, 203, 239.27, 359.45, 354.47, 0.4937, 0.0395, -0.8683, -0.0280
17:41:48, 6.77, 203, 239.99, 359.49, 354.38, 0.4991, 0.0403, -0.8651, -0.0284
17:41:48, 6.80, 204, 240.59, 359.53, 354.33, 0.5036, 0.0406, -0.8625, -0.0285
17:41:48, 6.80, 204, 241.17, 359.55, 354.33, 0.5080, 0.0406, -0.8599, -0.0285
17:41:48, 6.83, 205, 241.71, 359.57, 354.27, 0.5120, 0.0410, -0.8575, -0.0289
17:41:48, 6.83, 205, 242.22, 359.56, 354.26, 0.5159, 0.0409, -0.8552, -0.0291
17:41:48, 6.87, 206, 242.66, 359.53, 354.26, 0.5192, 0.0406, -0.8532, -0.0295
17:41:48, 6.87, 206, 243.04, 359.52, 354.35, 0.5220, 0.0398, -0.8515, -0.0293
17:41:48, 6.87, 206, 243.48, 359.47, 354.37, 0.5252, 0.0393, -0.8495, -0.0298
17:41:48, 6.90, 207, 243.83, 359.47, 354.43, 0.5278, 0.0388, -0.8480, -0.0296
17:41:48, 6.90, 207, 244.19, 359.50, 354.48, 0.5305, 0.0385, -0.8463, -0.0293
17:41:48, 6.93, 208, 244.56, 359.43, 354.52, 0.5332, 0.0378, -0.8446, -0.0298
17:41:48, 6.93, 208, 244.91, 359.39, 354.54, 0.5358, 0.0374, -0.8430, -0.0300
17:41:48, 6.93, 208, 245.29, 359.30, 354.58, 0.5386, 0.0365, -0.8412, -0.0306
17:41:48, 6.97, 209, 245.59, 359.29, 354.61, 0.5408, 0.0362, -0.8398, -0.0307
17:41:48, 6.97, 209, 245.91, 359.22, 354.66, 0.5431, 0.0354, -0.8383, -0.0310
17:41:48, 7.00, 210, 246.20, 359.15, 354.73, 0.5452, 0.0345, -0.8370, -0.0313
17:41:48, 7.00, 210, 246.52, 359.15, 354.90, 0.5476, 0.0332, -0.8355, -0.0306
17:41:48, 7.03, 211, 246.81, 359.08, 354.99, 0.5497, 0.0320, -0.8342, -0.0307
17:41:48, 7.03, 211, 247.14, 359.05, 355.12, 0.5522, 0.0309, -0.8326, -0.0305
17:41:48, 7.03, 211, 247.43, 358.89, 355.28, 0.5543, 0.0289, -0.8313, -0.0309
17:41:49, 7.07, 212, 247.76, 358.79, 355.39, 0.5566, 0.0275, -0.8297, -0.0311
17:41:49, 7.07, 212, 248.22, 358.55, 355.50, 0.5599, 0.0254, -0.8275, -0.0325
17:41:49, 7.10, 213, 248.72, 358.26, 355.66, 0.5634, 0.0227, -0.8251, -0.0338
17:41:49, 7.10, 213, 249.18, 357.99, 355.84, 0.5667, 0.0199, -0.8229, -0.0350
17:41:49, 7.10, 213, 249.67, 357.81, 356.09, 0.5702, 0.0171, -0.8206, -0.0351
17:41:49, 7.13, 214, 250.21, 357.69, 356.32, 0.5741, 0.0147, -0.8179, -0.0349
17:41:49, 7.13, 214, 250.80, 357.32, 356.70, 0.5783, 0.0100, -0.8150, -0.0357
17:41:49, 7.17, 215, 251.48, 356.94, 357.09, 0.5831, 0.0050, -0.8115, -0.0365
17:41:49, 7.17, 215, 252.20, 356.55, 357.71, 0.5883, -0.0016, -0.8078, -0.0361
17:41:49, 7.20, 216, 252.95, 356.26, 358.34, 0.5937, -0.0077, -0.8039, -0.0348
17:41:49, 7.20, 216, 253.80, 356.02, 359.00, 0.5998, -0.0139, -0.7994, -0.0330
17:41:49, 7.20, 216, 254.68, 355.89, 359.65, 0.6061, -0.0193, -0.7946, -0.0303
17:41:49, 7.23, 217, 255.58, 355.77, 0.28, 0.6124, -0.0246, -0.7896, -0.0276
17:41:49, 7.23, 217, 256.45, 355.62, 0.78, 0.6185, -0.0290, -0.7849, -0.0258
17:41:49, 7.27, 218, 257.27, 355.55, 1.24, 0.6242, -0.0327, -0.7802, -0.0236
17:41:49, 7.27, 218, 258.10, 355.49, 1.58, 0.6299, -0.0355, -0.7756, -0.0218
17:41:49, 7.27, 218, 258.90, 355.37, 1.83, 0.6353, -0.0380, -0.7710, -0.0210
17:41:49, 7.30, 219, 259.63, 355.31, 1.99, 0.6403, -0.0395, -0.7669, -0.0203
17:41:49, 7.30, 219, 260.33, 355.23, 2.09, 0.6449, -0.0408, -0.7629, -0.0201
17:41:49, 7.33, 220, 261.02, 355.21, 2.20, 0.6495, -0.0417, -0.7590, -0.0193
17:41:49, 7.33, 220, 261.77, 355.20, 2.28, 0.6545, -0.0424, -0.7547, -0.0186
17:41:49, 7.37, 221, 262.43, 355.21, 2.38, 0.6588, -0.0431, -0.7509, -0.0178
17:41:49, 7.37, 221, 263.13, 355.33, 2.47, 0.6634, -0.0431, -0.7468, -0.0162
17:41:49, 7.37, 221, 263.80, 355.33, 2.63, 0.6678, -0.0443, -0.7429, -0.0150
17:41:49, 7.40, 222, 264.48, 355.38, 2.81, 0.6722, -0.0452, -0.7388, -0.0134
17:41:49, 7.40, 222, 265.21, 355.36, 2.93, 0.6769, -0.0462, -0.7345, -0.0124
17:41:49, 7.43, 223, 265.98, 355.40, 3.07, 0.6818, -0.0470, -0.7299, -0.0111
17:41:49, 7.43, 223, 266.82, 355.45, 3.23, 0.6872, -0.0477, -0.7248, -0.0095
17:41:49, 7.43, 223, 267.75, 355.57, 3.35, 0.6931, -0.0478, -0.7192, -0.0076
17:41:49, 7.47, 224, 268.68, 355.66, 3.44, 0.6989, -0.0479, -0.7136, -0.0061
17:41:49, 7.47, 224, 269.60, 355.84, 3.56, 0.7046, -0.0475, -0.7080, -0.0039
17:41:49, 7.50, 225, 270.63, 356.05, 3.63, 0.7110, -0.0467, -0.7016, -0.0018
17:41:49, 7.50, 225, 271.67, 356.21, 3.72, 0.7173, -0.0463, -0.6952, 0.0003
17:41:49, 7.53, 226, 272.76, 356.41, 3.71, 0.7239, -0.0450, -0.6884, 0.0018
17:41:49, 7.53, 226, 274.01, 356.53, 3.78, 0.7314, -0.0446, -0.6805, 0.0035
17:41:49, 7.53, 226, 275.21, 356.61, 3.73, 0.7384, -0.0438, -0.6729, 0.0041
17:41:49, 7.57, 227, 276.43, 356.69, 3.69, 0.7456, -0.0430, -0.6650, 0.0048
17:41:49, 7.57, 227, 277.66, 356.73, 3.57, 0.7526, -0.0419, -0.6571, 0.0047
17:41:49, 7.60, 228, 278.86, 356.73, 3.41, 0.7595, -0.0410, -0.6492, 0.0040
17:41:49, 7.60, 228, 280.09, 356.74, 3.34, 0.7665, -0.0405, -0.6410, 0.0040
17:41:49, 7.60, 228, 281.32, 356.78, 3.26, 0.7733, -0.0397, -0.6328, 0.0042
17:41:49, 7.63, 229, 282.50, 356.75, 3.09, 0.7798, -0.0390, -0.6248, 0.0032
17:41:49, 7.63, 229, 283.66, 356.79, 2.95, 0.7861, -0.0379, -0.6170, 0.0029
17:41:49, 7.67, 230, 284.76, 356.80, 2.80, 0.7920, -0.0370, -0.6094, 0.0023
17:41:49, 7.67, 230, 285.84, 356.85, 2.59, 0.7977, -0.0356, -0.6021, 0.0015
17:41:49, 7.70, 231, 286.84, 356.98, 2.43, 0.8029, -0.0338, -0.5951, 0.0013
17:41:49, 7.70, 231, 287.75, 357.13, 2.24, 0.8076, -0.0318, -0.5888, 0.0010
17:41:49, 7.70, 231, 288.63, 357.30, 1.98, 0.8121, -0.0292, -0.5827, 0.0003
17:41:49, 7.73, 232, 289.50, 357.51, 1.76, 0.8166, -0.0266, -0.5766, 0.0000
17:41:49, 7.73, 232, 290.38, 357.79, 1.60, 0.8210, -0.0238, -0.5704, 0.0004
17:41:49, 7.77, 233, 291.29, 358.00, 1.47, 0.8255, -0.0216, -0.5640, 0.0008
17:41:49, 7.77, 233, 292.20, 358.25, 1.39, 0.8300, -0.0194, -0.5575, 0.0015
17:41:49, 7.77, 233, 293.17, 358.52, 1.43, 0.8347, -0.0177, -0.5505, 0.0033
17:41:49, 7.80, 234, 294.22, 358.71, 1.47, 0.8397, -0.0164, -0.5428, 0.0046
17:41:49, 7.80, 234, 295.22, 358.82, 1.50, 0.8444, -0.0157, -0.5355, 0.0055
17:41:49, 7.83, 235, 296.28, 359.01, 1.53, 0.8493, -0.0144, -0.5277, 0.0068
17:41:49, 7.83, 235, 297.29, 359.18, 1.57, 0.8539, -0.0133, -0.5202, 0.0080
17:41:49, 7.87, 236, 298.23, 359.30, 1.59, 0.8581, -0.0123, -0.5132, 0.0088
17:41:49, 7.87, 236, 299.25, 359.56, 1.62, 0.8627, -0.0105, -0.5055, 0.0102
17:41:49, 7.87, 236, 300.20, 359.76, 1.53, 0.8668, -0.0085, -0.4984, 0.0106
17:41:49, 7.90, 237, 301.11, 359.98, 1.48, 0.8708, -0.0065, -0.4916, 0.0111
17:41:49, 7.90, 237, 302.00, 0.22, 1.46, 0.8745, -0.0045, -0.4848, 0.0120
17:41:49, 7.93, 238, 302.96, 0.39, 1.35, 0.8786, -0.0026, -0.4774, 0.0120
17:41:49, 7.93, 238, 303.86, 0.63, 1.27, 0.8823, -0.0004, -0.4705, 0.0124
17:41:49, 7.97, 239, 304.81, 0.74, 1.21, 0.8861, 0.0008, -0.4633, 0.0123
17:41:49, 7.97, 239, 305.70, 0.86, 1.15, 0.8897, 0.0021, -0.4564, 0.0124
17:41:49, 7.97, 239, 306.63, 0.93, 1.16, 0.8934, 0.0027, -0.4492, 0.0127
17:41:49, 8.00, 240, 307.47, 1.05, 1.17, 0.8966, 0.0037, -0.4425, 0.0132
17:41:49, 8.00, 240, 308.31, 1.22, 1.25, 0.8998, 0.0048, -0.4360, 0.0145
17:41:49, 8.03, 241, 309.20, 1.45, 1.27, 0.9031, 0.0066, -0.4290, 0.0155
17:41:49, 8.03, 241, 310.04, 1.62, 1.20, 0.9062, 0.0084, -0.4224, 0.0154
17:41:49, 8.03, 241, 310.84, 1.81, 1.05, 0.9092, 0.0105, -0.4161, 0.0149
17:41:50, 8.07, 242, 311.72, 1.87, 0.99, 0.9123, 0.0114, -0.4090, 0.0146
17:41:50, 8.07, 242, 312.54, 1.87, 0.99, 0.9152, 0.0114, -0.4025, 0.0144
17:41:50, 8.10, 243, 313.44, 1.88, 0.96, 0.9184, 0.0118, -0.3953, 0.0142
17:41:50, 8.10, 243, 314.31, 1.87, 0.89, 0.9214, 0.0121, -0.3883, 0.0135
17:41:50, 8.10, 243, 315.21, 1.87, 0.80, 0.9244, 0.0124, -0.3810, 0.0127
17:41:50, 8.13, 244, 316.07, 1.86, 0.73, 0.9272, 0.0127, -0.3741, 0.0119
17:41:50, 8.13, 244, 316.97, 1.86, 0.62, 0.9302, 0.0131, -0.3667, 0.0110
17:41:50, 8.17, 245, 317.87, 1.83, 0.50, 0.9330, 0.0133, -0.3595, 0.0099
17:41:50, 8.17, 245, 318.78, 1.77, 0.44, 0.9359, 0.0131, -0.3520, 0.0090
17:41:50, 8.20, 246, 319.69, 1.75, 0.38, 0.9386, 0.0132, -0.3446, 0.0084
17:41:50, 8.20, 246, 320.58, 1.72, 0.31, 0.9413, 0.0132, -0.3372, 0.0076
17:41:50, 8.20, 246, 321.48, 1.76, 0.19, 0.9439, 0.0140, -0.3298, 0.0067
17:41:50, 8.23, 247, 322.42, 1.75, 0.05, 0.9466, 0.0143, -0.3220, 0.0053
17:41:50, 8.23, 247, 323.32, 1.78, 359.97, 0.9491, 0.0149, -0.3146, 0.0046
17:41:50, 8.27, 248, 324.21, 1.80, 359.85, 0.9515, 0.0154, -0.3072, 0.0036
17:41:50, 8.27, 248, 325.13, 1.83, 359.77, 0.9539, 0.0158, -0.2996, 0.0029
17:41:50, 8.27, 248, 326.00, 1.82, 359.67, 0.9562, 0.0161, -0.2923, 0.0019
17:41:50, 8.30, 249, 326.80, 1.72, 359.58, 0.9582, 0.0154, -0.2856, 0.0007
17:41:50, 8.30, 249, 327.65, 1.75, 359.46, 0.9603, 0.0159, -0.2785, -0.0003
17:41:50, 8.33, 250, 328.46, 1.65, 359.40, 0.9623, 0.0153, -0.2717, -0.0011
17:41:50, 8.33, 250, 329.24, 1.57, 359.36, 0.9641, 0.0147, -0.2651, -0.0018
17:41:50, 8.37, 251, 330.03, 1.51, 359.30, 0.9659, 0.0143, -0.2585, -0.0025
17:41:50, 8.37, 251, 330.79, 1.40, 359.16, 0.9676, 0.0137, -0.2520, -0.0041
17:41:50, 8.37, 251, 331.65, 1.25, 359.05, 0.9695, 0.0126, -0.2447, -0.0054
17:41:50, 8.40, 252, 332.29, 1.16, 358.97, 0.9708, 0.0120, -0.2394, -0.0063
17:41:50, 8.40, 252, 333.04, 1.09, 358.88, 0.9724, 0.0115, -0.2330, -0.0073
17:41:50, 8.43, 253, 333.78, 0.95, 358.77, 0.9739, 0.0106, -0.2267, -0.0086
17:41:50, 8.43, 253, 334.53, 0.82, 358.67, 0.9753, 0.0096, -0.2204, -0.0097
17:41:50, 8.43, 253, 335.25, 0.88, 358.58, 0.9767, 0.0101, -0.2142, -0.0105
17:41:50, 8.47, 254, 335.98, 0.91, 358.46, 0.9780, 0.0105, -0.2080, -0.0115
17:41:50, 8.47, 254, 336.68, 0.97, 358.38, 0.9792, 0.0112, -0.2020, -0.0121
17:41:50, 8.50, 255, 337.32, 1.06, 358.25, 0.9804, 0.0121, -0.1964, -0.0131
17:41:50, 8.50, 255, 337.98, 1.09, 358.20, 0.9815, 0.0124, -0.1908, -0.0136
17:41:50, 8.53, 256, 338.60, 1.14, 358.16, 0.9825, 0.0128, -0.1855, -0.0139
17:41:50, 8.53, 256, 339.19, 1.17, 358.09, 0.9834, 0.0130, -0.1804, -0.0145
17:41:50, 8.53, 256, 339.82, 1.21, 358.10, 0.9844, 0.0133, -0.1750, -0.0145
17:41:50, 8.57, 257, 340.40, 1.26, 358.10, 0.9852, 0.0136, -0.1700, -0.0144
17:41:50, 8.57, 257, 341.04, 1.30, 358.13, 0.9862, 0.0139, -0.1645, -0.0142
17:41:50, 8.60, 258, 341.60, 1.35, 358.16, 0.9870, 0.0142, -0.1597, -0.0140
17:41:50, 8.60, 258, 342.25, 1.42, 358.12, 0.9879, 0.0148, -0.1540, -0.0143
17:41:50, 8.60, 258, 342.91, 1.48, 358.08, 0.9887, 0.0153, -0.1483, -0.0147
17:41:50, 8.63, 259, 343.54, 1.49, 358.05, 0.9895, 0.0153, -0.1429, -0.0150
17:41:50, 8.63, 259, 344.16, 1.55, 358.04, 0.9903, 0.0157, -0.1376, -0.0150
17:41:50, 8.67, 260, 344.82, 1.66, 358.05, 0.9910, 0.0166, -0.1318, -0.0149
17:41:50, 8.67, 260, 345.44, 1.68, 357.97, 0.9917, 0.0167, -0.1264, -0.0157
17:41:50, 8.70, 261, 346.00, 1.73, 358.01, 0.9923, 0.0171, -0.1216, -0.0154
17:41:50, 8.70, 261, 346.58, 1.81, 358.00, 0.9929, 0.0177, -0.1165, -0.0155
17:41:50, 8.70, 261, 347.16, 1.90, 357.95, 0.9935, 0.0185, -0.1114, -0.0159
17:41:50, 8.73, 262, 347.64, 1.96, 357.88, 0.9939, 0.0190, -0.1073, -0.0166
17:41:50, 8.73, 262, 348.15, 2.03, 357.85, 0.9944, 0.0195, -0.1028, -0.0168
17:41:50, 8.77, 263, 348.67, 2.14, 357.85, 0.9948, 0.0204, -0.0983, -0.0168
17:41:50, 8.77, 263, 349.21, 2.06, 357.79, 0.9953, 0.0197, -0.0937, -0.0175
17:41:50, 8.77, 263, 349.75, 2.11, 357.78, 0.9957, 0.0200, -0.0889, -0.0176
17:41:50, 8.80, 264, 350.25, 2.13, 357.81, 0.9961, 0.0201, -0.0846, -0.0175
17:41:50, 8.80, 264, 350.72, 2.12, 357.75, 0.9964, 0.0201, -0.0805, -0.0180
17:41:50, 8.83, 265, 351.23, 2.11, 357.71, 0.9967, 0.0199, -0.0761, -0.0185
17:41:50, 8.83, 265, 351.71, 2.06, 357.66, 0.9970, 0.0194, -0.0719, -0.0191
17:41:50, 8.87, 266, 352.19, 2.12, 357.63, 0.9973, 0.0198, -0.0677, -0.0194
17:41:50, 8.87, 266, 352.67, 2.10, 357.60, 0.9976, 0.0196, -0.0635, -0.0197
17:41:50, 8.87, 266, 353.19, 2.16, 357.59, 0.9979, 0.0201, -0.0590, -0.0199
17:41:50, 8.90, 267, 353.67, 2.19, 357.55, 0.9981, 0.0202, -0.0548, -0.0203
17:41:50, 8.90, 267, 354.19, 2.18, 357.57, 0.9983, 0.0201, -0.0503, -0.0202
17:41:50, 8.93, 268, 354.73, 2.21, 357.57, 0.9985, 0.0202, -0.0456, -0.0203
17:41:50, 8.93, 268, 355.20, 2.24, 357.58, 0.9987, 0.0204, -0.0415, -0.0203
17:41:50, 8.93, 268, 355.69, 2.31, 357.51, 0.9989, 0.0209, -0.0371, -0.0209
17:41:50, 8.97, 269, 356.22, 2.29, 357.41, 0.9990, 0.0207, -0.0325, -0.0219
17:41:50, 8.97, 269, 356.75, 2.30, 357.47, 0.9992, 0.0207, -0.0279, -0.0215
17:41:50, 9.00, 270, 357.34, 2.34, 357.49, 0.9993, 0.0209, -0.0228, -0.0214
17:41:50, 9.00, 270, 357.93, 2.38, 357.49, 0.9994, 0.0211, -0.0176, -0.0215
17:41:50, 9.03, 271, 358.62, 2.45, 357.53, 0.9995, 0.0216, -0.0115, -0.0213
17:41:50, 9.03, 271, 359.38, 2.49, 357.55, 0.9995, 0.0219, -0.0050, -0.0213
17:41:50, 9.03, 271, 0.24, 2.58, 357.60, 0.9995, 0.0225, 0.0026, -0.0210
17:41:51, 9.07, 272, 1.36, 2.60, 357.64, 0.9995, 0.0224, 0.0124, -0.0209
17:41:51, 9.07, 272, 2.72, 2.59, 357.78, 0.9993, 0.0221, 0.0242, -0.0199
17:41:51, 9.10, 273, 4.11, 2.53, 358.16, 0.9990, 0.0215, 0.0362, -0.0168
17:41:51, 9.10, 273, 5.47, 2.69, 358.76, 0.9985, 0.0230, 0.0480, -0.0119
17:41:51, 9.10, 273, 6.81, 2.77, 359.62, 0.9979, 0.0239, 0.0594, -0.0047
17:41:51, 9.13, 274, 8.19, 2.76, 0.47, 0.9972, 0.0243, 0.0713, 0.0023
17:41:51, 9.13, 274, 9.66, 2.80, 1.37, 0.9961, 0.0254, 0.0838, 0.0099
17:41:51, 9.17, 275, 11.16, 2.82, 2.20, 0.9948, 0.0263, 0.0967, 0.0167
17:41:51, 9.17, 275, 12.73, 2.89, 2.95, 0.9933, 0.0279, 0.1101, 0.0228
17:41:51, 9.20, 276, 14.17, 3.04, 3.65, 0.9916, 0.0302, 0.1224, 0.0283
17:41:51, 9.20, 276, 15.62, 3.28, 4.33, 0.9898, 0.0334, 0.1347, 0.0335
17:41:51, 9.20, 276, 16.97, 3.58, 5.05, 0.9878, 0.0374, 0.1459, 0.0390
17:41:51, 9.23, 277, 18.28, 3.93, 5.82, 0.9857, 0.0419, 0.1568, 0.0447
17:41:51, 9.23, 277, 19.53, 4.31, 6.61, 0.9835, 0.0468, 0.1671, 0.0504
17:41:51, 9.27, 278, 20.74, 4.64, 7.34, 0.9813, 0.0513, 0.1770, 0.0557
17:41:51, 9.27, 278, 21.96, 4.96, 8.00, 0.9790, 0.0556, 0.1868, 0.0602
17:41:51, 9.30, 279, 22.99, 5.27, 8.59, 0.9768, 0.0598, 0.1951, 0.0642
17:41:51, 9.30, 279, 24.06, 5.47, 9.16, 0.9746, 0.0631, 0.2038, 0.0681
17:41:51, 9.30, 279, 24.96, 5.59, 9.59, 0.9727, 0.0655, 0.2111, 0.0710
17:41:51, 9.33, 280, 25.67, 5.73, 9.84, 0.9712, 0.0676, 0.2169, 0.0725
17:41:51, 9.33, 280, 26.23, 5.83, 10.01, 0.9700, 0.0691, 0.2214, 0.0733
17:41:51, 9.37, 281, 26.58, 5.91, 10.26, 0.9691, 0.0705, 0.2241, 0.0751
17:41:51, 9.37, 281, 26.87, 6.08, 10.55, 0.9683, 0.0727, 0.2263, 0.0770
17:41:51, 9.37, 281, 27.05, 6.13, 10.72, 0.9678, 0.0736, 0.2276, 0.0782
17:41:51, 9.40, 282, 27.11, 6.17, 10.93, 0.9675, 0.0744, 0.2280, 0.0799
17:41:51, 9.40, 282, 27.01, 6.28, 10.97, 0.9677, 0.0753, 0.2270, 0.0801
17:41:51, 9.43, 283, 26.88, 6.34, 10.96, 0.9679, 0.0757, 0.2258, 0.0799
17:41:51, 9.43, 283, 26.77, 6.43, 10.82, 0.9682, 0.0761, 0.2250, 0.0786
17:41:51, 9.43, 283, 26.62, 6.51, 10.61, 0.9686, 0.0763, 0.2237, 0.0768
17:41:51, 9.47, 284, 26.46, 6.59, 10.37, 0.9691, 0.0763, 0.2225, 0.0747
17:41:51, 9.47, 284, 26.27, 6.57, 10.06, 0.9696, 0.0754, 0.2211, 0.0722
17:41:51, 9.50, 285, 26.10, 6.57, 9.81, 0.9701, 0.0749, 0.2198, 0.0702
17:41:51, 9.50, 285, 25.87, 6.60, 9.58, 0.9707, 0.0746, 0.2181, 0.0684
17:41:51, 9.53, 286, 25.63, 6.71, 9.28, 0.9713, 0.0748, 0.2161, 0.0658
17:41:51, 9.53, 286, 25.38, 6.78, 8.96, 0.9719, 0.0747, 0.2141, 0.0631
17:41:51, 9.53, 286, 25.10, 6.78, 8.61, 0.9726, 0.0738, 0.2119, 0.0603
17:41:51, 9.57, 287, 24.76, 6.70, 8.27, 0.9734, 0.0724, 0.2094, 0.0578
17:41:51, 9.57, 287, 24.39, 6.62, 7.93, 0.9743, 0.0709, 0.2065, 0.0554
17:41:51, 9.60, 288, 23.95, 6.49, 7.57, 0.9753, 0.0689, 0.2030, 0.0527
17:41:51, 9.60, 288, 23.48, 6.40, 7.20, 0.9763, 0.0673, 0.1994, 0.0500
17:41:51, 9.60, 288, 22.94, 6.26, 6.81, 0.9775, 0.0652, 0.1950, 0.0473
17:41:51, 9.63, 289, 22.33, 6.10, 6.34, 0.9787, 0.0628, 0.1902, 0.0439
17:41:51, 9.63, 289, 21.64, 5.84, 5.77, 0.9802, 0.0594, 0.1847, 0.0398
17:41:51, 9.67, 290, 21.07, 5.48, 5.38, 0.9813, 0.0555, 0.1802, 0.0373
17:41:51, 9.67, 290, 20.31, 5.11, 4.90, 0.9828, 0.0514, 0.1741, 0.0342
17:41:51, 9.70, 291, 19.57, 4.72, 4.46, 0.9841, 0.0472, 0.1681, 0.0313
17:41:51, 9.70, 291, 18.84, 4.30, 4.05, 0.9854, 0.0428, 0.1622, 0.0287
17:41:51, 9.70, 291, 18.11, 3.89, 3.59, 0.9867, 0.0384, 0.1561, 0.0256
17:41:51, 9.73, 292, 17.31, 3.38, 3.11, 0.9879, 0.0332, 0.1495, 0.0224
17:41:51, 9.73, 292, 16.53, 3.00, 2.71, 0.9891, 0.0293, 0.1430, 0.0196
17:41:51, 9.77, 293, 15.73, 2.54, 2.32, 0.9902, 0.0247, 0.1363, 0.0171
17:41:51, 9.77, 293, 14.89, 2.12, 1.82, 0.9913, 0.0204, 0.1292, 0.0133
17:41:51, 9.77, 293, 13.96, 1.73, 1.24, 0.9924, 0.0163, 0.1214, 0.0089
17:41:51, 9.80, 294, 13.00, 1.37, 0.70, 0.9935, 0.0125, 0.1132, 0.0047
17:41:51, 9.80, 294, 12.05, 0.89, 0.30, 0.9944, 0.0080, 0.1049, 0.0018
17:41:51, 9.83, 295, 11.05, 0.63, 359.85, 0.9953, 0.0053, 0.0963, -0.0018
17:41:51, 9.83, 295, 10.04, 0.35, 359.51, 0.9962, 0.0026, 0.0875, -0.0045
17:41:51, 9.87, 296, 8.94, 0.23, 359.13, 0.9969, 0.0014, 0.0780, -0.0078
17:41:51, 9.87, 296, 7.93, 0.13, 358.80, 0.9975, 0.0004, 0.0692, -0.0105
17:41:51, 9.87, 296, 6.93, 0.01, 358.48, 0.9981, -0.0007, 0.0604, -0.0133
17:41:51, 9.90, 297, 5.93, 359.99, 358.10, 0.9985, -0.0009, 0.0517, -0.0166
17:41:51, 9.90, 297, 5.04, 359.90, 357.66, 0.9988, -0.0018, 0.0439, -0.0203
17:41:51, 9.93, 298, 4.08, 359.87, 357.38, 0.9991, -0.0020, 0.0355, -0.0228
17:41:51, 9.93, 298, 3.23, 359.78, 357.14, 0.9993, -0.0026, 0.0281, -0.0249
17:41:51, 9.97, 299, 2.37, 359.73, 356.97, 0.9994, -0.0029, 0.0206, -0.0264
17:41:51, 9.97, 299, 1.52, 359.75, 356.77, 0.9995, -0.0025, 0.0132, -0.0282
17:41:51, 9.97, 299, 0.65, 359.67, 356.57, 0.9995, -0.0031, 0.0055, -0.0299
