Timestamp, VideoTime, VideoFrame, HeadYaw, HeadPitch, HeadRoll, HeadQuatW, HeadQuatX, HeadQuatY, HeadQuatZ
17:41:13, 0.00, 0, 18.77, 357.02, 4.36, 0.9854, -0.0195, 0.1639, 0.0418
17:41:13, 0.03, 1, 19.10, 356.85, 4.55, 0.9848, -0.0205, 0.1668, 0.0437
17:41:13, 0.03, 1, 19.40, 356.79, 4.64, 0.9843, -0.0208, 0.1694, 0.0446
17:41:13, 0.03, 1, 19.56, 356.50, 4.65, 0.9840, -0.0232, 0.1709, 0.0452
17:41:13, 0.07, 2, 19.76, 356.37, 4.72, 0.9836, -0.0242, 0.1726, 0.0460
17:41:13, 0.07, 2, 19.95, 356.26, 4.79, 0.9833, -0.0249, 0.1744, 0.0468
17:41:13, 0.10, 3, 20.10, 356.17, 4.79, 0.9830, -0.0256, 0.1756, 0.0470
17:41:13, 0.10, 3, 20.27, 356.11, 4.72, 0.9828, -0.0262, 0.1771, 0.0465
17:41:13, 0.10, 3, 20.45, 356.02, 4.69, 0.9825, -0.0269, 0.1786, 0.0464
17:41:13, 0.13, 4, 20.63, 355.97, 4.64, 0.9822, -0.0273, 0.1802, 0.0461
17:41:13, 0.13, 4, 20.82, 355.89, 4.59, 0.9819, -0.0280, 0.1818, 0.0458
17:41:14, 0.17, 5, 20.98, 355.82, 4.55, 0.9816, -0.0286, 0.1832, 0.0456
17:41:14, 0.17, 5, 21.16, 355.69, 4.53, 0.9813, -0.0297, 0.1848, 0.0458
17:41:14, 0.20, 6, 21.30, 355.50, 4.45, 0.9810, -0.0314, 0.1860, 0.0454
17:41:14, 0.20, 6, 21.44, 355.40, 4.40, 0.9808, -0.0323, 0.1872, 0.0451
17:41:14, 0.20, 6, 21.56, 355.35, 4.29, 0.9806, -0.0328, 0.1882, 0.0443
17:41:14, 0.23, 7, 21.63, 355.41, 4.25, 0.9805, -0.0324, 0.1888, 0.0439
17:41:14, 0.23, 7, 21.75, 355.44, 4.25, 0.9803, -0.0320, 0.1898, 0.0439
17:41:14, 0.27, 8, 21.93, 355.49, 4.18, 0.9801, -0.0316, 0.1913, 0.0432
17:41:14, 0.27, 8, 21.98, 355.48, 4.09, 0.9800, -0.0319, 0.1918, 0.0425
17:41:14, 0.27, 8, 21.96, 355.39, 3.89, 0.9801, -0.0330, 0.1915, 0.0409
17:41:14, 0.30, 9, 21.80, 355.29, 3.65, 0.9804, -0.0343, 0.1901, 0.0390
17:41:14, 0.30, 9, 21.59, 355.17, 3.42, 0.9808, -0.0358, 0.1883, 0.0372
17:41:14, 0.33, 10, 21.39, 355.05, 3.22, 0.9811, -0.0372, 0.1865, 0.0356
17:41:14, 0.33, 10, 21.14, 355.02, 3.12, 0.9815, -0.0377, 0.1844, 0.0347
17:41:14, 0.37, 11, 20.90, 355.00, 3.05, 0.9819, -0.0381, 0.1823, 0.0340
17:41:14, 0.37, 11, 20.62, 355.05, 2.94, 0.9824, -0.0379, 0.1798, 0.0329
17:41:14, 0.37, 11, 20.29, 355.11, 2.79, 0.9830, -0.0377, 0.1769, 0.0314
17:41:14, 0.40, 12, 19.90, 355.24, 2.63, 0.9837, -0.0369, 0.1736, 0.0297
17:41:14, 0.40, 12, 19.58, 355.38, 2.47, 0.9843, -0.0361, 0.1707, 0.0280
17:41:14, 0.43, 13, 19.27, 355.64, 2.24, 0.9849, -0.0342, 0.1679, 0.0256
17:41:14, 0.43, 13, 18.95, 355.92, 1.98, 0.9855, -0.0322, 0.1651, 0.0229
17:41:14, 0.43, 13, 18.53, 356.23, 1.66, 0.9862, -0.0302, 0.1614, 0.0196
17:41:14, 0.47, 14, 18.09, 356.56, 1.28, 0.9870, -0.0279, 0.1575, 0.0158
17:41:14, 0.50, 15, 17.10, 356.90, 1.25, 0.9884, -0.0251, 0.1489, 0.0148
17:41:14, 0.50, 15, 16.57, 357.04, 1.33, 0.9891, -0.0239, 0.1443, 0.0152
17:41:14, 0.53, 16, 15.98, 357.21, 1.26, 0.9899, -0.0226, 0.1392, 0.0143
17:41:14, 0.53, 16, 15.39, 357.36, 1.09, 0.9907, -0.0215, 0.1341, 0.0126
17:41:14, 0.53, 16, 14.77, 357.46, 0.82, 0.9914, -0.0211, 0.1286, 0.0099
17:41:14, 0.57, 17, 14.14, 357.50, 0.58, 0.9921, -0.0210, 0.1232, 0.0077
17:41:14, 0.57, 17, 13.46, 357.40, 0.46, 0.9928, -0.0220, 0.1173, 0.0067
17:41:14, 0.60, 18, 12.75, 357.32, 0.34, 0.9935, -0.0229, 0.1110, 0.0055
17:41:14, 0.60, 18, 11.99, 357.31, 0.24, 0.9942, -0.0231, 0.1045, 0.0045
17:41:14, 0.60, 18, 11.22, 357.27, 0.15, 0.9949, -0.0235, 0.0977, 0.0036
17:41:14, 0.63, 19, 10.44, 357.29, 0.09, 0.9956, -0.0235, 0.0910, 0.0029
17:41:14, 0.63, 19, 9.69, 357.19, 359.98, 0.9961, -0.0244, 0.0844, 0.0019
17:41:14, 0.67, 20, 8.94, 357.07, 359.88, 0.9966, -0.0256, 0.0779, 0.0010
17:41:14, 0.67, 20, 8.11, 357.04, 359.83, 0.9972, -0.0259, 0.0707, 0.0003
17:41:14, 0.70, 21, 7.38, 356.97, 359.82, 0.9976, -0.0265, 0.0643, 0.0001
17:41:14, 0.70, 21, 6.49, 356.94, 359.82, 0.9980, -0.0267, 0.0565, 0.0000
17:41:14, 0.70, 21, 5.61, 357.01, 359.81, 0.9985, -0.0262, 0.0489, -0.0004
17:41:14, 0.73, 22, 4.73, 357.07, 359.75, 0.9988, -0.0257, 0.0412, -0.0011
17:41:14, 0.73, 22, 3.73, 357.13, 359.76, 0.9992, -0.0251, 0.0325, -0.0013
17:41:14, 0.77, 23, 2.82, 357.20, 359.66, 0.9994, -0.0245, 0.0246, -0.0023
17:41:14, 0.77, 23, 1.90, 357.23, 359.72, 0.9996, -0.0242, 0.0165, -0.0021
17:41:14, 0.77, 23, 1.02, 357.26, 359.74, 0.9997, -0.0239, 0.0088, -0.0021
17:41:14, 0.80, 24, 0.07, 357.25, 359.60, 0.9997, -0.0240, 0.0005, -0.0034
17:41:14, 0.80, 24, 359.09, 357.22, 359.57, 0.9997, -0.0242, -0.0080, -0.0040
17:41:14, 0.83, 25, 358.15, 357.19, 359.51, 0.9996, -0.0245, -0.0162, -0.0047
17:41:14, 0.83, 25, 357.25, 357.18, 359.52, 0.9994, -0.0245, -0.0241, -0.0047
17:41:14, 0.87, 26, 356.25, 357.17, 359.58, 0.9992, -0.0245, -0.0328, -0.0045
17:41:14, 0.87, 26, 355.26, 357.11, 359.70, 0.9988, -0.0251, -0.0414, -0.0037
17:41:14, 0.87, 26, 354.22, 357.20, 359.75, 0.9984, -0.0243, -0.0505, -0.0034
17:41:14, 0.90, 27, 353.17, 357.14, 359.74, 0.9979, -0.0247, -0.0596, -0.0038
17:41:14, 0.90, 27, 352.12, 357.19, 359.74, 0.9973, -0.0243, -0.0687, -0.0039
17:41:14, 0.93, 28, 350.94, 357.25, 359.71, 0.9966, -0.0237, -0.0790, -0.0044
17:41:14, 0.93, 28, 349.77, 357.24, 359.65, 0.9957, -0.0237, -0.0892, -0.0052
17:41:14, 0.93, 28, 348.55, 357.16, 359.65, 0.9947, -0.0243, -0.0998, -0.0056
17:41:14, 0.97, 29, 347.39, 357.07, 359.63, 0.9936, -0.0251, -0.1099, -0.0060
17:41:14, 0.97, 29, 346.16, 357.10, 359.66, 0.9924, -0.0247, -0.1206, -0.0060
17:41:14, 1.00, 30, 345.03, 357.04, 359.62, 0.9911, -0.0251, -0.1303, -0.0067
17:41:14, 1.00, 30, 343.91, 357.08, 359.58, 0.9898, -0.0247, -0.1400, -0.0072
17:41:14, 1.00, 30, 342.80, 357.05, 359.46, 0.9884, -0.0248, -0.1496, -0.0085
17:41:14, 1.03, 31, 341.69, 357.06, 359.42, 0.9869, -0.0245, -0.1592, -0.0091
17:41:14, 1.03, 31, 340.66, 357.07, 359.36, 0.9854, -0.0242, -0.1681, -0.0098
17:41:14, 1.07, 32, 339.61, 357.23, 359.27, 0.9839, -0.0227, -0.1771, -0.0105
17:41:14, 1.07, 32, 338.65, 357.35, 359.14, 0.9824, -0.0214, -0.1853, -0.0116
17:41:14, 1.10, 33, 337.67, 357.65, 359.03, 0.9808, -0.0185, -0.1938, -0.0123
17:41:14, 1.10, 33, 336.71, 357.77, 358.92, 0.9791, -0.0172, -0.2020, -0.0132
17:41:14, 1.10, 33, 335.90, 358.01, 358.78, 0.9777, -0.0147, -0.2089, -0.0140
17:41:14, 1.13, 34, 335.04, 358.26, 358.67, 0.9762, -0.0123, -0.2162, -0.0146
17:41:14, 1.13, 34, 334.34, 358.42, 358.46, 0.9748, -0.0104, -0.2222, -0.0161
17:41:15, 1.17, 35, 333.62, 358.70, 358.31, 0.9734, -0.0076, -0.2283, -0.0169
17:41:15, 1.17, 35, 333.04, 358.83, 358.04, 0.9722, -0.0060, -0.2332, -0.0190
17:41:15, 1.20, 36, 332.46, 358.98, 357.77, 0.9710, -0.0040, -0.2382, -0.0211
17:41:15, 1.20, 36, 331.93, 359.05, 357.42, 0.9698, -0.0026, -0.2426, -0.0239
17:41:15, 1.20, 36, 331.33, 359.09, 357.22, 0.9685, -0.0017, -0.2477, -0.0254
17:41:15, 1.23, 37, 330.69, 359.11, 356.99, 0.9671, -0.0009, -0.2531, -0.0274
17:41:15, 1.23, 37, 330.02, 359.06, 356.81, 0.9655, -0.0007, -0.2588, -0.0290
17:41:15, 1.27, 38, 329.34, 358.92, 356.73, 0.9639, -0.0015, -0.2646, -0.0300
17:41:15, 1.27, 38, 328.58, 358.82, 356.76, 0.9621, -0.0022, -0.2710, -0.0300
17:41:15, 1.27, 38, 327.81, 358.64, 356.84, 0.9603, -0.0037, -0.2775, -0.0298
17:41:15, 1.30, 39, 327.04, 358.48, 357.04, 0.9584, -0.0054, -0.2839, -0.0285
17:41:15, 1.30, 39, 326.27, 358.24, 357.21, 0.9565, -0.0076, -0.2903, -0.0278
17:41:15, 1.33, 40, 325.56, 357.96, 357.41, 0.9547, -0.0103, -0.2963, -0.0269
17:41:15, 1.33, 40, 324.80, 357.80, 357.62, 0.9527, -0.0120, -0.3026, -0.0256
17:41:15, 1.37, 41, 323.99, 357.44, 357.79, 0.9505, -0.0153, -0.3093, -0.0253
17:41:15, 1.37, 41, 323.26, 357.08, 358.05, 0.9485, -0.0188, -0.3154, -0.0242
17:41:15, 1.37, 41, 322.46, 356.71, 358.20, 0.9462, -0.0221, -0.3220, -0.0241
17:41:15, 1.40, 42, 321.66, 356.31, 358.40, 0.9438, -0.0258, -0.3286, -0.0237
17:41:15, 1.40, 42, 320.84, 355.99, 358.61, 0.9414, -0.0289, -0.3353, -0.0231
17:41:15, 1.43, 43, 319.86, 355.75, 358.80, 0.9385, -0.0312, -0.3432, -0.0225
17:41:15, 1.43, 43, 318.93, 355.56, 359.06, 0.9356, -0.0334, -0.3508, -0.0213
17:41:15, 1.43, 43, 317.96, 355.40, 359.15, 0.9326, -0.0348, -0.3587, -0.0213
17:41:15, 1.47, 44, 316.95, 355.36, 359.31, 0.9294, -0.0354, -0.3668, -0.0205
17:41:15, 1.47, 44, 315.92, 355.34, 359.40, 0.9261, -0.0357, -0.3751, -0.0201
17:41:15, 1.50, 45, 314.95, 355.35, 359.47, 0.9229, -0.0357, -0.3829, -0.0198
17:41:15, 1.50, 45, 313.94, 355.48, 359.50, 0.9195, -0.0346, -0.3911, -0.0194
17:41:15, 1.53, 46, 312.92, 355.65, 359.49, 0.9160, -0.0330, -0.3993, -0.0192
17:41:15, 1.53, 46, 311.91, 355.84, 359.54, 0.9125, -0.0315, -0.4074, -0.0184
17:41:15, 1.53, 46, 310.91, 355.98, 359.61, 0.9090, -0.0304, -0.4152, -0.0177
17:41:15, 1.57, 47, 309.86, 356.17, 359.63, 0.9052, -0.0289, -0.4236, -0.0171
17:41:15, 1.57, 47, 308.88, 356.35, 359.71, 0.9016, -0.0276, -0.4313, -0.0160
17:41:15, 1.60, 48, 307.80, 356.43, 359.70, 0.8975, -0.0269, -0.4398, -0.0161
17:41:15, 1.60, 48, 306.75, 356.49, 359.73, 0.8935, -0.0263, -0.4480, -0.0158
17:41:15, 1.60, 48, 305.69, 356.40, 359.76, 0.8893, -0.0270, -0.4562, -0.0162
17:41:15, 1.63, 49, 304.60, 356.41, 359.76, 0.8849, -0.0267, -0.4647, -0.0164
17:41:15, 1.63, 49, 303.53, 356.38, 359.75, 0.8805, -0.0268, -0.4729, -0.0168
17:41:15, 1.67, 50, 302.46, 356.35, 359.78, 0.8761, -0.0270, -0.4811, -0.0170
17:41:15, 1.67, 50, 301.35, 356.35, 359.78, 0.8714, -0.0268, -0.4896, -0.0172
17:41:15, 1.70, 51, 300.19, 356.25, 359.83, 0.8664, -0.0276, -0.4983, -0.0176
17:41:15, 1.70, 51, 299.01, 356.27, 359.93, 0.8612, -0.0278, -0.5072, -0.0170
17:41:15, 1.70, 51, 297.80, 356.23, 0.08, 0.8558, -0.0285, -0.5162, -0.0164
17:41:15, 1.73, 52, 296.43, 356.13, 0.20, 0.8496, -0.0296, -0.5264, -0.0163
17:41:15, 1.73, 52, 295.13, 356.14, 0.37, 0.8436, -0.0302, -0.5360, -0.0153
17:41:15, 1.77, 53, 293.71, 356.06, 0.64, 0.8369, -0.0318, -0.5463, -0.0141
17:41:15, 1.77, 53, 292.30, 355.97, 0.90, 0.8301, -0.0335, -0.5564, -0.0131
17:41:15, 1.77, 53, 290.80, 355.95, 1.14, 0.8228, -0.0348, -0.5672, -0.0119
17:41:15, 1.80, 54, 289.23, 355.90, 1.48, 0.8149, -0.0366, -0.5783, -0.0102
17:41:15, 1.80, 54, 287.63, 355.77, 1.69, 0.8068, -0.0384, -0.5895, -0.0099
17:41:15, 1.83, 55, 286.00, 355.75, 1.97, 0.7984, -0.0400, -0.6008, -0.0086
17:41:15, 1.83, 55, 284.53, 355.74, 2.17, 0.7906, -0.0410, -0.6109, -0.0078
17:41:15, 1.87, 56, 283.03, 355.76, 2.50, 0.7826, -0.0425, -0.6211, -0.0060
17:41:15, 1.87, 56, 281.63, 355.84, 2.73, 0.7749, -0.0432, -0.6305, -0.0045
17:41:15, 1.87, 56, 280.25, 355.85, 3.15, 0.7673, -0.0454, -0.6397, -0.0022
17:41:15, 1.90, 57, 278.91, 355.93, 3.40, 0.7598, -0.0462, -0.6486, -0.0006
17:41:15, 1.90, 57, 277.52, 355.97, 3.63, 0.7518, -0.0473, -0.6577, 0.0006
17:41:15, 1.93, 58, 276.23, 355.94, 3.94, 0.7444, -0.0493, -0.6659, 0.0020
17:41:15, 1.93, 58, 274.91, 355.86, 4.17, 0.7367, -0.0511, -0.6743, 0.0024
17:41:15, 1.93, 58, 273.60, 355.90, 4.39, 0.7289, -0.0523, -0.6826, 0.0034
17:41:15, 1.97, 59, 272.35, 355.87, 4.57, 0.7214, -0.0536, -0.6904, 0.0038
17:41:15, 1.97, 59, 271.19, 355.90, 4.74, 0.7144, -0.0544, -0.6976, 0.0045
17:41:15, 2.00, 60, 270.04, 356.02, 4.81, 0.7073, -0.0542, -0.7048, 0.0051
17:41:15, 2.00, 60, 269.00, 356.01, 4.83, 0.7009, -0.0544, -0.7111, 0.0048
17:41:15, 2.03, 61, 267.98, 356.14, 4.70, 0.6945, -0.0528, -0.7175, 0.0042
17:41:15, 2.03, 61, 267.10, 356.28, 4.46, 0.6890, -0.0506, -0.7230, 0.0033
17:41:15, 2.03, 61, 266.28, 356.30, 4.13, 0.6838, -0.0484, -0.7280, 0.0011
17:41:15, 2.07, 62, 265.57, 356.34, 3.76, 0.6793, -0.0458, -0.7324, -0.0012
17:41:15, 2.07, 62, 264.93, 356.38, 3.36, 0.6752, -0.0429, -0.7364, -0.0036
17:41:15, 2.10, 63, 264.24, 356.40, 2.95, 0.6707, -0.0401, -0.7406, -0.0061
17:41:15, 2.10, 63, 263.64, 356.45, 2.53, 0.6668, -0.0371, -0.7442, -0.0084
17:41:15, 2.10, 63, 262.99, 356.50, 2.15, 0.6626, -0.0343, -0.7481, -0.0104
17:41:15, 2.13, 64, 262.36, 356.53, 1.73, 0.6584, -0.0313, -0.7519, -0.0129
17:41:15, 2.13, 64, 261.70, 356.49, 1.36, 0.6540, -0.0290, -0.7558, -0.0154
17:41:16, 2.17, 65, 261.05, 356.47, 1.06, 0.6497, -0.0270, -0.7595, -0.0174
17:41:16, 2.17, 65, 260.40, 356.46, 0.85, 0.6453, -0.0256, -0.7633, -0.0188
17:41:16, 2.20, 66, 259.76, 356.49, 0.68, 0.6410, -0.0242, -0.7669, -0.0197
17:41:16, 2.20, 66, 259.14, 356.44, 0.57, 0.6368, -0.0236, -0.7704, -0.0208
17:41:16, 2.20, 66, 258.60, 356.39, 0.54, 0.6332, -0.0236, -0.7733, -0.0214
17:41:16, 2.23, 67, 258.08, 356.35, 0.54, 0.6296, -0.0237, -0.7762, -0.0218
17:41:16, 2.23, 67, 257.57, 356.29, 0.64, 0.6262, -0.0247, -0.7790, -0.0218
17:41:16, 2.27, 68, 257.14, 356.27, 0.79, 0.6233, -0.0257, -0.7813, -0.0211
17:41:16, 2.27, 68, 256.74, 356.25, 0.97, 0.6206, -0.0270, -0.7834, -0.0204
17:41:16, 2.27, 68, 256.43, 356.29, 1.16, 0.6185, -0.0280, -0.7850, -0.0191
17:41:16, 2.30, 69, 256.05, 356.38, 1.42, 0.6160, -0.0292, -0.7870, -0.0173
17:41:16, 2.30, 69, 255.73, 356.41, 1.70, 0.6138, -0.0310, -0.7887, -0.0156
17:41:16, 2.33, 70, 255.28, 356.41, 1.97, 0.6107, -0.0327, -0.7911, -0.0143
17:41:16, 2.33, 70, 254.93, 356.39, 2.24, 0.6083, -0.0347, -0.7928, -0.0131
17:41:16, 2.37, 71, 254.47, 356.40, 2.54, 0.6052, -0.0366, -0.7952, -0.0116
17:41:16, 2.37, 71, 254.04, 356.32, 2.80, 0.6023, -0.0388, -0.7973, -0.0109
17:41:16, 2.37, 71, 253.59, 356.30, 3.00, 0.5991, -0.0403, -0.7996, -0.0102
17:41:16, 2.40, 72, 253.12, 356.22, 3.13, 0.5958, -0.0415, -0.8020, -0.0102
17:41:16, 2.40, 72, 252.66, 356.23, 3.27, 0.5927, -0.0424, -0.8043, -0.0096
17:41:16, 2.43, 73, 252.12, 356.22, 3.37, 0.5888, -0.0431, -0.8071, -0.0093
17:41:16, 2.43, 73, 251.60, 356.24, 3.44, 0.5852, -0.0435, -0.8097, -0.0091
17:41:16, 2.43, 73, 251.07, 356.31, 3.56, 0.5815, -0.0439, -0.8123, -0.0081
17:41:16, 2.47, 74, 250.53, 356.28, 3.53, 0.5776, -0.0439, -0.8151, -0.0087
17:41:16, 2.47, 74, 249.96, 356.33, 3.66, 0.5736, -0.0445, -0.8179, -0.0079
17:41:16, 2.50, 75, 249.43, 356.35, 3.76, 0.5697, -0.0451, -0.8206, -0.0075
17:41:16, 2.50, 75, 248.85, 356.31, 3.77, 0.5656, -0.0453, -0.8234, -0.0080
17:41:16, 2.53, 76, 248.35, 356.34, 3.80, 0.5620, -0.0454, -0.8258, -0.0078
17:41:16, 2.53, 76, 247.83, 356.33, 3.82, 0.5583, -0.0455, -0.8284, -0.0080
17:41:16, 2.53, 76, 247.36, 356.29, 3.82, 0.5549, -0.0457, -0.8306, -0.0084
17:41:16, 2.57, 77, 246.89, 356.32, 3.72, 0.5514, -0.0448, -0.8330, -0.0089
17:41:16, 2.57, 77, 246.46, 356.39, 3.67, 0.5483, -0.0440, -0.8351, -0.0088
17:41:16, 2.60, 78, 246.05, 356.48, 3.54, 0.5453, -0.0426, -0.8371, -0.0089
17:41:16, 2.60, 78, 245.70, 356.57, 3.40, 0.5427, -0.0412, -0.8389, -0.0090
17:41:16, 2.60, 78, 245.27, 356.54, 3.26, 0.5395, -0.0402, -0.8409, -0.0101
17:41:16, 2.63, 79, 244.92, 356.63, 3.09, 0.5370, -0.0385, -0.8427, -0.0103
17:41:16, 2.63, 79, 244.54, 356.68, 2.93, 0.5341, -0.0370, -0.8445, -0.0108
17:41:16, 2.67, 80, 244.21, 356.77, 2.72, 0.5317, -0.0351, -0.8461, -0.0113
17:41:16, 2.67, 80, 243.84, 356.79, 2.51, 0.5289, -0.0334, -0.8479, -0.0122
17:41:16, 2.70, 81, 243.51, 356.86, 2.23, 0.5264, -0.0310, -0.8496, -0.0131
17:41:16, 2.70, 81, 243.19, 356.91, 2.01, 0.5240, -0.0291, -0.8511, -0.0138
17:41:16, 2.70, 81, 242.81, 356.90, 1.83, 0.5212, -0.0277, -0.8529, -0.0148
17:41:16, 2.73, 82, 242.42, 356.92, 1.68, 0.5182, -0.0264, -0.8547, -0.0154
17:41:16, 2.73, 82, 242.05, 356.93, 1.49, 0.5155, -0.0250, -0.8564, -0.0163
17:41:16, 2.77, 83, 241.65, 356.98, 1.39, 0.5125, -0.0239, -0.8582, -0.0164
17:41:16, 2.77, 83, 241.24, 356.91, 1.17, 0.5093, -0.0225, -0.8601, -0.0180
17:41:16, 2.77, 83, 240.79, 356.87, 0.98, 0.5059, -0.0212, -0.8621, -0.0192
17:41:16, 2.80, 84, 240.32, 356.87, 0.90, 0.5024, -0.0205, -0.8642, -0.0197
17:41:16, 2.80, 84, 239.83, 356.89, 0.75, 0.4987, -0.0192, -0.8663, -0.0203
17:41:16, 2.83, 85, 239.34, 356.89, 0.66, 0.4949, -0.0184, -0.8685, -0.0207
17:41:16, 2.83, 85, 238.84, 356.95, 0.57, 0.4912, -0.0174, -0.8706, -0.0207
17:41:16, 2.87, 86, 238.30, 356.90, 0.51, 0.4870, -0.0170, -0.8730, -0.0215
17:41:16, 2.87, 86, 237.74, 357.00, 0.43, 0.4827, -0.0159, -0.8754, -0.0211
17:41:16, 2.87, 86, 237.20, 357.02, 0.41, 0.4786, -0.0156, -0.8776, -0.0211
17:41:16, 2.90, 87, 236.65, 357.10, 0.35, 0.4744, -0.0147, -0.8800, -0.0208
17:41:16, 2.90, 87, 236.07, 357.16, 0.38, 0.4699, -0.0145, -0.8824, -0.0203
17:41:16, 2.93, 88, 235.50, 357.22, 0.30, 0.4655, -0.0136, -0.8847, -0.0202
17:41:16, 2.93, 88, 234.92, 357.23, 0.27, 0.4610, -0.0132, -0.8870, -0.0204
17:41:16, 2.93, 88, 234.31, 357.20, 0.27, 0.4563, -0.0132, -0.8895, -0.0207
17:41:16, 2.97, 89, 233.71, 357.22, 0.26, 0.4516, -0.0130, -0.8919, -0.0206
17:41:16, 2.97, 89, 233.10, 357.14, 0.28, 0.4469, -0.0134, -0.8943, -0.0212
17:41:16, 3.00, 90, 232.46, 357.17, 0.24, 0.4419, -0.0128, -0.8967, -0.0212
17:41:16, 3.00, 90, 231.84, 357.17, 0.33, 0.4371, -0.0134, -0.8991, -0.0210
17:41:16, 3.03, 91, 231.25, 357.16, 0.37, 0.4324, -0.0136, -0.9013, -0.0209
17:41:16, 3.03, 91, 230.62, 357.13, 0.39, 0.4275, -0.0138, -0.9037, -0.0211
17:41:16, 3.03, 91, 229.96, 357.14, 0.45, 0.4222, -0.0141, -0.9061, -0.0209
17:41:16, 3.07, 92, 229.36, 357.20, 0.54, 0.4175, -0.0145, -0.9083, -0.0202
17:41:16, 3.07, 92, 228.76, 357.21, 0.62, 0.4128, -0.0150, -0.9105, -0.0200
17:41:16, 3.10, 93, 228.11, 357.25, 0.68, 0.4076, -0.0152, -0.9128, -0.0195
17:41:16, 3.10, 93, 227.52, 357.29, 0.78, 0.4030, -0.0158, -0.9149, -0.0189
17:41:16, 3.10, 93, 226.89, 357.37, 0.87, 0.3979, -0.0161, -0.9171, -0.0181
17:41:16, 3.13, 94, 226.33, 357.42, 0.88, 0.3934, -0.0159, -0.9190, -0.0176
17:41:16, 3.13, 94, 225.71, 357.34, 0.85, 0.3885, -0.0158, -0.9211, -0.0185
17:41:17, 3.17, 95, 225.21, 357.35, 0.91, 0.3844, -0.0163, -0.9228, -0.0183
17:41:17, 3.17, 95, 224.70, 357.27, 0.94, 0.3803, -0.0167, -0.9245, -0.0189
17:41:17, 3.20, 96, 224.16, 357.35, 0.99, 0.3760, -0.0167, -0.9263, -0.0182
17:41:17, 3.20, 96, 223.63, 357.35, 0.99, 0.3716, -0.0166, -0.9280, -0.0183
17:41:17, 3.20, 96, 223.12, 357.40, 1.02, 0.3676, -0.0166, -0.9297, -0.0179
17:41:17, 3.23, 97, 222.55, 357.35, 1.06, 0.3629, -0.0170, -0.9315, -0.0182
17:41:17, 3.23, 97, 222.06, 357.41, 1.09, 0.3589, -0.0169, -0.9330, -0.0177
17:41:17, 3.27, 98, 221.47, 357.52, 1.10, 0.3541, -0.0167, -0.9349, -0.0168
17:41:17, 3.27, 98, 220.95, 357.62, 1.10, 0.3499, -0.0162, -0.9365, -0.0161
17:41:17, 3.27, 98, 220.40, 357.70, 1.06, 0.3454, -0.0156, -0.9382, -0.0157
17:41:17, 3.30, 99, 219.88, 357.81, 1.02, 0.3411, -0.0149, -0.9398, -0.0150
17:41:17, 3.30, 99, 219.32, 357.89, 0.96, 0.3365, -0.0141, -0.9415, -0.0145
17:41:17, 3.33, 100, 218.82, 357.98, 0.95, 0.3324, -0.0137, -0.9429, -0.0139
17:41:17, 3.33, 100, 218.25, 358.07, 0.94, 0.3277, -0.0132, -0.9446, -0.0132
17:41:17, 3.37, 101, 217.70, 358.21, 0.95, 0.3232, -0.0129, -0.9462, -0.0121
17:41:17, 3.37, 101, 217.16, 358.27, 0.89, 0.3187, -0.0122, -0.9477, -0.0118
17:41:17, 3.37, 101, 216.64, 358.32, 0.91, 0.3144, -0.0121, -0.9491, -0.0114
17:41:17, 3.40, 102, 216.10, 358.44, 0.87, 0.3099, -0.0114, -0.9506, -0.0106
17:41:17, 3.40, 102, 215.66, 358.51, 0.87, 0.3063, -0.0112, -0.9518, -0.0100
17:41:17, 3.43, 103, 215.15, 358.59, 0.84, 0.3020, -0.0107, -0.9532, -0.0095
17:41:17, 3.43, 103, 214.65, 358.69, 0.85, 0.2978, -0.0105, -0.9545, -0.0087
17:41:17, 3.43, 103, 214.21, 358.75, 0.80, 0.2942, -0.0099, -0.9557, -0.0084
17:41:17, 3.47, 104, 213.79, 358.79, 0.72, 0.2907, -0.0091, -0.9567, -0.0083
17:41:17, 3.47, 104, 213.44, 358.86, 0.66, 0.2877, -0.0084, -0.9576, -0.0079
17:41:17, 3.50, 105, 213.13, 358.87, 0.59, 0.2851, -0.0077, -0.9584, -0.0080
17:41:17, 3.50, 105, 212.89, 358.91, 0.58, 0.2831, -0.0076, -0.9590, -0.0077
17:41:17, 3.53, 106, 212.62, 358.97, 0.56, 0.2809, -0.0072, -0.9597, -0.0073
17:41:17, 3.53, 106, 212.41, 359.01, 0.51, 0.2791, -0.0067, -0.9602, -0.0071
17:41:17, 3.53, 106, 212.18, 359.04, 0.52, 0.2772, -0.0066, -0.9608, -0.0068
17:41:17, 3.57, 107, 211.99, 359.10, 0.50, 0.2756, -0.0064, -0.9612, -0.0064
17:41:17, 3.57, 107, 211.78, 359.15, 0.51, 0.2738, -0.0063, -0.9617, -0.0059
17:41:17, 3.60, 108, 211.59, 359.13, 0.51, 0.2722, -0.0063, -0.9622, -0.0061
17:41:17, 3.60, 108, 211.37, 359.17, 0.50, 0.2704, -0.0062, -0.9627, -0.0058
17:41:17, 3.60, 108, 211.11, 359.18, 0.48, 0.2682, -0.0060, -0.9633, -0.0057
17:41:17, 3.63, 109, 210.85, 359.22, 0.53, 0.2660, -0.0063, -0.9639, -0.0053
17:41:17, 3.63, 109, 210.59, 359.27, 0.57, 0.2638, -0.0065, -0.9645, -0.0049
17:41:17, 3.67, 110, 210.28, 359.30, 0.63, 0.2612, -0.0069, -0.9652, -0.0045
17:41:17, 3.67, 110, 209.93, 359.40, 0.65, 0.2582, -0.0069, -0.9661, -0.0036
17:41:17, 3.70, 111, 209.58, 359.48, 0.71, 0.2553, -0.0071, -0.9668, -0.0028
17:41:17, 3.70, 111, 209.20, 359.57, 0.71, 0.2521, -0.0070, -0.9677, -0.0021
17:41:17, 3.70, 111, 208.82, 359.61, 0.74, 0.2489, -0.0071, -0.9685, -0.0017
17:41:17, 3.73, 112, 208.43, 359.66, 0.75, 0.2456, -0.0070, -0.9693, -0.0013
17:41:17, 3.73, 112, 208.05, 359.70, 0.73, 0.2424, -0.0068, -0.9702, -0.0010
17:41:17, 3.77, 113, 207.68, 359.77, 0.71, 0.2392, -0.0065, -0.9709, -0.0005
17:41:17, 3.77, 113, 207.29, 359.84, 0.68, 0.2359, -0.0061, -0.9718, 0.0000
17:41:17, 3.77, 113, 206.83, 359.91, 0.64, 0.2320, -0.0056, -0.9727, 0.0005
17:41:17, 3.80, 114, 206.42, 359.97, 0.60, 0.2285, -0.0052, -0.9735, 0.0010
17:41:17, 3.80, 114, 206.01, 0.08, 0.52, 0.2251, -0.0043, -0.9743, 0.0017
17:41:17, 3.83, 115, 205.64, 0.19, 0.43, 0.2219, -0.0033, -0.9751, 0.0025
17:41:17, 3.83, 115, 205.33, 0.23, 0.36, 0.2192, -0.0026, -0.9757, 0.0027
17:41:17, 3.87, 116, 205.04, 0.34, 0.24, 0.2168, -0.0014, -0.9762, 0.0033
17:41:17, 3.87, 116, 204.81, 0.40, 0.14, 0.2148, -0.0005, -0.9767, 0.0037
17:41:17, 3.87, 116, 204.66, 0.46, 0.06, 0.2135, 0.0004, -0.9769, 0.0040
17:41:17, 3.90, 117, 204.55, 0.51, 359.96, 0.2126, 0.0013, -0.9771, 0.0043
17:41:17, 3.90, 117, 204.52, 0.55, 359.85, 0.2123, 0.0023, -0.9772, 0.0044
17:41:17, 3.93, 118, 204.56, 0.52, 359.79, 0.2127, 0.0027, -0.9771, 0.0040
17:41:17, 3.93, 118, 204.72, 0.51, 359.70, 0.2141, 0.0035, -0.9768, 0.0038
17:41:17, 3.93, 118, 204.97, 0.41, 359.63, 0.2162, 0.0039, -0.9763, 0.0028
17:41:17, 3.97, 119, 205.36, 0.36, 359.59, 0.2195, 0.0042, -0.9756, 0.0023
17:41:17, 3.97, 119, 205.80, 0.26, 359.58, 0.2233, 0.0041, -0.9747, 0.0014
17:41:17, 4.00, 120, 206.33, 0.18, 359.59, 0.2277, 0.0039, -0.9737, 0.0007
17:41:17, 4.00, 120, 206.84, 0.08, 359.62, 0.2321, 0.0034, -0.9727, -0.0001
17:41:17, 4.03, 121, 207.40, 0.02, 359.64, 0.2368, 0.0031, -0.9715, -0.0005
17:41:17, 4.03, 121, 207.96, 359.92, 359.61, 0.2416, 0.0031, -0.9704, -0.0015
17:41:17, 4.03, 121, 208.57, 359.85, 359.60, 0.2467, 0.0031, -0.9691, -0.0021
17:41:17, 4.07, 122, 209.15, 359.74, 359.54, 0.2517, 0.0033, -0.9678, -0.0032
17:41:17, 4.07, 122, 209.80, 359.63, 359.47, 0.2571, 0.0037, -0.9664, -0.0043
17:41:17, 4.10, 123, 210.44, 359.53, 359.43, 0.2625, 0.0038, -0.9649, -0.0053
17:41:17, 4.10, 123, 211.17, 359.48, 359.35, 0.2686, 0.0043, -0.9632, -0.0059
17:41:17, 4.10, 123, 211.88, 359.40, 359.27, 0.2746, 0.0047, -0.9615, -0.0067
17:41:17, 4.13, 124, 212.68, 359.33, 359.27, 0.2813, 0.0045, -0.9596, -0.0074
17:41:17, 4.13, 124, 213.48, 359.27, 359.19, 0.2880, 0.0050, -0.9576, -0.0081
17:41:18, 4.17, 125, 214.41, 359.18, 359.15, 0.2957, 0.0049, -0.9552, -0.0091
17:41:18, 4.17, 125, 215.30, 359.10, 359.11, 0.3031, 0.0050, -0.9529, -0.0099
17:41:18, 4.20, 126, 216.22, 359.00, 359.07, 0.3108, 0.0050, -0.9504, -0.0108
17:41:18, 4.20, 126, 217.14, 358.90, 359.01, 0.3184, 0.0051, -0.9479, -0.0119
17:41:18, 4.20, 126, 218.07, 358.84, 358.98, 0.3260, 0.0051, -0.9453, -0.0125
17:41:18, 4.23, 127, 219.02, 358.67, 358.89, 0.3339, 0.0052, -0.9425, -0.0141
17:41:18, 4.23, 127, 219.97, 358.62, 358.89, 0.3416, 0.0050, -0.9397, -0.0146
17:41:18, 4.27, 128, 220.93, 358.54, 358.82, 0.3495, 0.0052, -0.9368, -0.0155
17:41:18, 4.27, 128, 221.77, 358.50, 358.75, 0.3563, 0.0055, -0.9342, -0.0161
17:41:18, 4.27, 128, 222.62, 358.44, 358.63, 0.3632, 0.0061, -0.9315, -0.0170
17:41:18, 4.30, 129, 223.44, 358.40, 358.59, 0.3699, 0.0062, -0.9289, -0.0175
17:41:18, 4.30, 129, 224.30, 358.39, 358.52, 0.3768, 0.0067, -0.9261, -0.0179
17:41:18, 4.33, 130, 225.19, 358.39, 358.49, 0.3840, 0.0068, -0.9232, -0.0180
17:41:18, 4.33, 130, 226.02, 358.34, 358.40, 0.3906, 0.0071, -0.9203, -0.0188
17:41:18, 4.37, 131, 226.90, 358.30, 358.29, 0.3976, 0.0078, -0.9173, -0.0195
17:41:18, 4.37, 131, 227.80, 358.33, 358.26, 0.4048, 0.0080, -0.9142, -0.0195
17:41:18, 4.37, 131, 228.69, 358.34, 358.22, 0.4119, 0.0082, -0.9110, -0.0196
17:41:18, 4.40, 132, 229.54, 358.47, 358.13, 0.4187, 0.0092, -0.9079, -0.0190
17:41:18, 4.40, 132, 230.35, 358.55, 358.02, 0.4251, 0.0102, -0.9049, -0.0188
17:41:18, 4.43, 133, 231.13, 358.66, 357.96, 0.4313, 0.0110, -0.9020, -0.0183
17:41:18, 4.43, 133, 231.92, 358.73, 357.89, 0.4375, 0.0117, -0.8990, -0.0180
17:41:18, 4.43, 133, 232.67, 358.89, 357.73, 0.4433, 0.0135, -0.8961, -0.0174
17:41:18, 4.47, 134, 233.35, 358.97, 357.65, 0.4487, 0.0143, -0.8934, -0.0172
17:41:18, 4.47, 134, 233.98, 359.12, 357.57, 0.4535, 0.0154, -0.8909, -0.0165
17:41:18, 4.50, 135, 234.56, 359.22, 357.50, 0.4581, 0.0163, -0.8886, -0.0161
17:41:18, 4.50, 135, 235.10, 359.36, 357.39, 0.4623, 0.0176, -0.8864, -0.0155
17:41:18, 4.53, 136, 235.65, 359.44, 357.29, 0.4666, 0.0187, -0.8842, -0.0154
17:41:18, 4.53, 136, 236.12, 359.47, 357.23, 0.4701, 0.0191, -0.8823, -0.0154
17:41:18, 4.53, 136, 236.68, 359.51, 357.16, 0.4745, 0.0197, -0.8799, -0.0155
17:41:18, 4.57, 137, 237.17, 359.50, 357.07, 0.4782, 0.0203, -0.8779, -0.0161
17:41:18, 4.57, 137, 237.62, 359.55, 357.00, 0.4816, 0.0210, -0.8760, -0.0161
17:41:18, 4.60, 138, 238.10, 359.51, 356.99, 0.4853, 0.0208, -0.8739, -0.0165
17:41:18, 4.60, 138, 238.62, 359.53, 356.97, 0.4893, 0.0210, -0.8717, -0.0165
17:41:18, 4.60, 138, 239.12, 359.51, 357.00, 0.4930, 0.0207, -0.8696, -0.0166
17:41:18, 4.63, 139, 239.66, 359.51, 357.02, 0.4971, 0.0204, -0.8673, -0.0167
17:41:18, 4.63, 139, 240.21, 359.47, 356.98, 0.5013, 0.0205, -0.8648, -0.0172
17:41:18, 4.67, 140, 240.81, 359.44, 357.00, 0.5058, 0.0201, -0.8622, -0.0174
17:41:18, 4.67, 140, 241.42, 359.47, 357.03, 0.5104, 0.0199, -0.8595, -0.0172
17:41:18, 4.70, 141, 242.00, 359.41, 357.04, 0.5147, 0.0194, -0.8570, -0.0177
17:41:18, 4.70, 141, 242.62, 359.37, 357.10, 0.5194, 0.0187, -0.8542, -0.0178
17:41:18, 4.70, 141, 243.24, 359.39, 357.10, 0.5240, 0.0188, -0.8513, -0.0178
17:41:18, 4.73, 142, 243.86, 359.33, 357.16, 0.5286, 0.0179, -0.8485, -0.0181
17:41:18, 4.73, 142, 244.49, 359.35, 357.22, 0.5333, 0.0175, -0.8456, -0.0177
17:41:18, 4.77, 143, 245.11, 359.29, 357.28, 0.5378, 0.0167, -0.8427, -0.0180
17:41:18, 4.77, 143, 245.78, 359.30, 357.28, 0.5427, 0.0166, -0.8396, -0.0180
17:41:18, 4.77, 143, 246.45, 359.33, 357.31, 0.5476, 0.0164, -0.8364, -0.0178
17:41:18, 4.80, 144, 247.12, 359.26, 357.40, 0.5525, 0.0153, -0.8331, -0.0180
17:41:18, 4.80, 144, 247.86, 359.32, 357.46, 0.5579, 0.0151, -0.8296, -0.0173
17:41:18, 4.83, 145, 248.58, 359.25, 357.46, 0.5631, 0.0147, -0.8260, -0.0179
17:41:18, 4.83, 145, 249.32, 359.19, 357.54, 0.5685, 0.0136, -0.8224, -0.0180
17:41:18, 4.87, 146, 250.06, 359.28, 357.60, 0.5737, 0.0135, -0.8187, -0.0172
17:41:18, 4.87, 146, 250.81, 359.18, 357.66, 0.5791, 0.0125, -0.8150, -0.0177
17:41:18, 4.87, 146, 251.61, 359.18, 357.65, 0.5848, 0.0124, -0.8109, -0.0178
17:41:18, 4.90, 147, 252.36, 359.15, 357.64, 0.5901, 0.0122, -0.8071, -0.0181
17:41:18, 4.90, 147, 253.14, 359.09, 357.68, 0.5955, 0.0115, -0.8030, -0.0185
17:41:18, 4.93, 148, 253.96, 359.05, 357.67, 0.6013, 0.0113, -0.7988, -0.0189
17:41:18, 4.93, 148, 254.78, 359.04, 357.70, 0.6069, 0.0108, -0.7945, -0.0188
17:41:18, 4.93, 148, 255.52, 358.98, 357.72, 0.6121, 0.0103, -0.7905, -0.0192
17:41:18, 4.97, 149, 256.34, 358.94, 357.78, 0.6177, 0.0096, -0.7861, -0.0192
17:41:18, 4.97, 149, 257.15, 358.93, 357.78, 0.6233, 0.0093, -0.7817, -0.0194
17:41:18, 5.00, 150, 257.94, 358.89, 357.85, 0.6286, 0.0085, -0.7774, -0.0194
17:41:18, 5.00, 150, 258.77, 358.88, 357.84, 0.6343, 0.0084, -0.7728, -0.0195
17:41:18, 5.03, 151, 259.64, 358.83, 357.87, 0.6401, 0.0078, -0.7680, -0.0197
17:41:18, 5.03, 151, 260.52, 358.77, 357.93, 0.6460, 0.0069, -0.7631, -0.0198
17:41:18, 5.03, 151, 261.42, 358.71, 357.97, 0.6519, 0.0061, -0.7580, -0.0201
17:41:18, 5.07, 152, 262.32, 358.71, 358.03, 0.6579, 0.0055, -0.7528, -0.0198
17:41:18, 5.07, 152, 263.27, 358.63, 358.09, 0.6641, 0.0045, -0.7473, -0.0200
17:41:18, 5.10, 153, 264.20, 358.64, 358.17, 0.6701, 0.0039, -0.7420, -0.0195
17:41:18, 5.10, 153, 265.06, 358.59, 358.20, 0.6757, 0.0032, -0.7369, -0.0197
17:41:18, 5.10, 153, 266.06, 358.52, 358.28, 0.6821, 0.0022, -0.7310, -0.0197
17:41:18, 5.13, 154, 267.06, 358.48, 358.28, 0.6884, 0.0017, -0.7250, -0.0200
17:41:18, 5.13, 154, 268.10, 358.43, 358.28, 0.6950, 0.0013, -0.7187, -0.0203
17:41:19, 5.17, 155, 269.15, 358.31, 358.33, 0.7016, 0.0000, -0.7123, -0.0207
17:41:19, 5.17, 155, 270.22, 358.33, 358.42, 0.7082, -0.0006, -0.7057, -0.0200
17:41:19, 5.20, 156, 271.26, 358.32, 358.55, 0.7146, -0.0016, -0.6993, -0.0193
17:41:19, 5.20, 156, 272.36, 358.28, 358.65, 0.7213, -0.0026, -0.6924, -0.0189
17:41:19, 5.20, 156, 273.45, 358.27, 358.82, 0.7278, -0.0039, -0.6855, -0.0179
17:41:19, 5.23, 157, 274.55, 358.25, 358.94, 0.7344, -0.0049, -0.6785, -0.0171
17:41:19, 5.23, 157, 275.62, 358.21, 359.07, 0.7407, -0.0062, -0.6716, -0.0165
17:41:19, 5.27, 158, 276.75, 358.20, 359.20, 0.7474, -0.0071, -0.6642, -0.0157
17:41:19, 5.27, 158, 277.80, 358.18, 359.36, 0.7534, -0.0083, -0.6573, -0.0147
17:41:19, 5.27, 158, 278.79, 358.14, 359.59, 0.7591, -0.0100, -0.6508, -0.0133
17:41:19, 5.30, 159, 279.82, 358.17, 359.86, 0.7649, -0.0114, -0.6439, -0.0112
17:41:19, 5.30, 159, 280.69, 358.26, 0.09, 0.7698, -0.0122, -0.6381, -0.0091
17:41:19, 5.33, 160, 281.50, 358.28, 0.11, 0.7743, -0.0122, -0.6326, -0.0087
17:41:19, 5.33, 160, 282.28, 358.42, 0.37, 0.7786, -0.0127, -0.6273, -0.0062
17:41:19, 5.37, 161, 282.86, 358.61, 0.58, 0.7818, -0.0126, -0.6234, -0.0036
17:41:19, 5.37, 161, 283.55, 358.81, 0.43, 0.7856, -0.0105, -0.6187, -0.0035
17:41:19, 5.37, 161, 284.01, 359.12, 0.32, 0.7881, -0.0078, -0.6156, -0.0026
17:41:19, 5.40, 162, 284.58, 359.43, 0.13, 0.7911, -0.0046, -0.6117, -0.0022
17:41:19, 5.40, 162, 285.14, 359.76, 359.89, 0.7941, -0.0011, -0.6078, -0.0020
17:41:19, 5.43, 163, 285.72, 0.14, 359.68, 0.7971, 0.0027, -0.6038, -0.0015
17:41:19, 5.43, 163, 286.40, 0.56, 359.44, 0.8007, 0.0068, -0.5990, -0.0010
17:41:19, 5.43, 163, 287.07, 0.91, 359.30, 0.8042, 0.0101, -0.5942, -0.0002
17:41:19, 5.47, 164, 287.86, 1.33, 359.09, 0.8083, 0.0141, -0.5887, 0.0004
17:41:19, 5.47, 164, 288.72, 1.65, 358.97, 0.8127, 0.0169, -0.5825, 0.0011
17:41:19, 5.50, 165, 289.64, 1.96, 358.79, 0.8173, 0.0201, -0.5759, 0.0012
17:41:19, 5.50, 165, 290.68, 2.13, 358.66, 0.8225, 0.0219, -0.5684, 0.0010
17:41:19, 5.53, 166, 291.70, 2.38, 358.54, 0.8275, 0.0243, -0.5610, 0.0011
17:41:19, 5.53, 166, 292.74, 2.55, 358.39, 0.8325, 0.0263, -0.5533, 0.0007
17:41:19, 5.53, 166, 293.77, 2.75, 358.33, 0.8375, 0.0280, -0.5458, 0.0009
17:41:19, 5.57, 167, 294.80, 2.91, 358.12, 0.8423, 0.0302, -0.5382, -0.0002
17:41:19, 5.57, 167, 295.84, 2.89, 357.87, 0.8471, 0.0312, -0.5305, -0.0024
17:41:19, 5.60, 168, 296.92, 2.92, 357.74, 0.8521, 0.0320, -0.5224, -0.0035
17:41:19, 5.60, 168, 298.05, 3.01, 357.57, 0.8572, 0.0334, -0.5139, -0.0047
17:41:19, 5.60, 168, 299.15, 2.96, 357.47, 0.8621, 0.0334, -0.5056, -0.0059
17:41:19, 5.63, 169, 300.26, 3.01, 357.38, 0.8669, 0.0342, -0.4972, -0.0068
17:41:19, 5.63, 169, 301.64, 3.01, 357.27, 0.8729, 0.0345, -0.4867, -0.0080
17:41:19, 5.67, 170, 303.16, 2.94, 357.25, 0.8792, 0.0339, -0.4751, -0.0089
17:41:19, 5.67, 170, 304.60, 2.88, 357.20, 0.8851, 0.0336, -0.4640, -0.0099
17:41:19, 5.70, 171, 306.12, 2.94, 357.21, 0.8912, 0.0339, -0.4522, -0.0100
17:41:19, 5.70, 171, 307.58, 2.99, 357.21, 0.8969, 0.0341, -0.4408, -0.0103
17:41:19, 5.70, 171, 308.97, 3.04, 357.20, 0.9022, 0.0344, -0.4299, -0.0107
17:41:19, 5.73, 172, 310.41, 3.02, 357.21, 0.9075, 0.0341, -0.4185, -0.0111
17:41:19, 5.73, 172, 311.65, 3.07, 357.18, 0.9120, 0.0346, -0.4086, -0.0115
17:41:19, 5.77, 173, 312.82, 3.13, 357.19, 0.9161, 0.0348, -0.3993, -0.0115
17:41:19, 5.77, 173, 314.03, 3.14, 357.23, 0.9202, 0.0347, -0.3897, -0.0116
17:41:19, 5.77, 173, 315.20, 3.16, 357.30, 0.9242, 0.0345, -0.3802, -0.0113
17:41:19, 5.80, 174, 316.38, 3.25, 357.42, 0.9281, 0.0347, -0.3707, -0.0103
17:41:19, 5.80, 174, 317.51, 3.35, 357.52, 0.9317, 0.0351, -0.3615, -0.0096
17:41:19, 5.83, 175, 318.67, 3.43, 357.61, 0.9353, 0.0353, -0.3521, -0.0090
17:41:19, 5.83, 175, 319.76, 3.40, 357.62, 0.9386, 0.0350, -0.3432, -0.0093
17:41:19, 5.87, 176, 320.85, 3.36, 357.79, 0.9418, 0.0341, -0.3343, -0.0083
17:41:19, 5.87, 176, 321.95, 3.32, 357.88, 0.9450, 0.0334, -0.3253, -0.0080
17:41:19, 5.87, 176, 322.86, 3.25, 357.88, 0.9476, 0.0328, -0.3178, -0.0085
17:41:19, 5.90, 177, 323.76, 3.25, 357.86, 0.9500, 0.0328, -0.3104, -0.0089
17:41:19, 5.90, 177, 324.62, 3.22, 357.80, 0.9523, 0.0326, -0.3032, -0.0098
17:41:19, 5.93, 178, 325.49, 3.17, 357.77, 0.9546, 0.0322, -0.2960, -0.0104
17:41:19, 5.93, 178, 326.35, 3.24, 357.82, 0.9568, 0.0326, -0.2888, -0.0100
17:41:19, 5.93, 178, 327.13, 3.33, 357.92, 0.9587, 0.0330, -0.2823, -0.0092
17:41:19, 5.97, 179, 327.97, 3.45, 357.96, 0.9608, 0.0338, -0.2752, -0.0088
17:41:19, 5.97, 179, 328.74, 3.61, 358.05, 0.9625, 0.0349, -0.2688, -0.0079
17:41:19, 6.00, 180, 329.49, 3.73, 358.04, 0.9643, 0.0359, -0.2624, -0.0080
17:41:19, 6.00, 180, 330.25, 3.97, 358.11, 0.9659, 0.0377, -0.2560, -0.0071
17:41:19, 6.03, 181, 331.03, 4.13, 358.19, 0.9676, 0.0388, -0.2494, -0.0063
17:41:19, 6.03, 181, 331.79, 4.35, 358.26, 0.9692, 0.0405, -0.2429, -0.0055
17:41:19, 6.03, 181, 332.54, 4.62, 358.31, 0.9707, 0.0426, -0.2365, -0.0048
17:41:19, 6.07, 182, 333.30, 4.83, 358.34, 0.9721, 0.0443, -0.2301, -0.0043
17:41:19, 6.07, 182, 334.05, 5.06, 358.29, 0.9736, 0.0464, -0.2237, -0.0047
17:41:19, 6.10, 183, 334.82, 5.31, 358.23, 0.9749, 0.0485, -0.2170, -0.0050
17:41:19, 6.10, 183, 335.55, 5.47, 358.16, 0.9763, 0.0501, -0.2107, -0.0056
17:41:19, 6.10, 183, 336.34, 5.53, 357.98, 0.9776, 0.0509, -0.2039, -0.0074
17:41:19, 6.13, 184, 337.08, 5.58, 357.72, 0.9789, 0.0516, -0.1974, -0.0098
17:41:19, 6.13, 184, 337.67, 5.44, 357.50, 0.9799, 0.0507, -0.1923, -0.0122
17:41:20, 6.17, 185, 338.28, 5.40, 357.42, 0.9810, 0.0505, -0.1871, -0.0133
17:41:20, 6.17, 185, 338.85, 5.45, 357.44, 0.9819, 0.0508, -0.1822, -0.0132
17:41:20, 6.20, 186, 339.43, 5.51, 357.43, 0.9827, 0.0513, -0.1772, -0.0135
17:41:20, 6.20, 186, 339.98, 5.65, 357.41, 0.9835, 0.0525, -0.1724, -0.0137
17:41:20, 6.20, 186, 340.55, 5.77, 357.32, 0.9843, 0.0535, -0.1675, -0.0145
17:41:20, 6.23, 187, 341.06, 5.88, 357.28, 0.9850, 0.0545, -0.1631, -0.0149
17:41:20, 6.23, 187, 341.63, 6.00, 357.29, 0.9857, 0.0555, -0.1581, -0.0150
17:41:20, 6.27, 188, 342.16, 6.06, 357.22, 0.9864, 0.0560, -0.1535, -0.0157
17:41:20, 6.27, 188, 342.73, 6.16, 357.27, 0.9872, 0.0566, -0.1486, -0.0155
17:41:20, 6.27, 188, 343.34, 6.28, 357.25, 0.9879, 0.0576, -0.1433, -0.0158
17:41:20, 6.30, 189, 343.87, 6.35, 357.21, 0.9885, 0.0582, -0.1387, -0.0163
17:41:20, 6.30, 189, 344.46, 6.45, 357.19, 0.9891, 0.0590, -0.1336, -0.0166
17:41:20, 6.33, 190, 345.01, 6.57, 357.21, 0.9897, 0.0600, -0.1288, -0.0167
17:41:20, 6.33, 190, 345.57, 6.63, 357.18, 0.9903, 0.0604, -0.1239, -0.0171
17:41:20, 6.37, 191, 346.16, 6.68, 357.21, 0.9909, 0.0607, -0.1188, -0.0171
17:41:20, 6.37, 191, 346.76, 6.74, 357.25, 0.9915, 0.0611, -0.1137, -0.0170
17:41:20, 6.37, 191, 347.36, 6.83, 357.32, 0.9920, 0.0618, -0.1085, -0.0166
17:41:20, 6.40, 192, 347.98, 6.87, 357.44, 0.9926, 0.0619, -0.1032, -0.0159
17:41:20, 6.40, 192, 348.57, 6.98, 357.45, 0.9931, 0.0628, -0.0980, -0.0161
17:41:20, 6.43, 193, 349.20, 7.02, 357.48, 0.9936, 0.0630, -0.0925, -0.0161
17:41:20, 6.43, 193, 349.80, 7.07, 357.50, 0.9940, 0.0633, -0.0874, -0.0162
17:41:20, 6.43, 193, 350.37, 7.20, 357.52, 0.9944, 0.0643, -0.0824, -0.0163
17:41:20, 6.47, 194, 350.96, 7.32, 357.53, 0.9947, 0.0653, -0.0773, -0.0164
17:41:20, 6.47, 194, 351.58, 7.47, 357.52, 0.9951, 0.0665, -0.0718, -0.0168
17:41:20, 6.50, 195, 352.20, 7.58, 357.51, 0.9954, 0.0674, -0.0664, -0.0171
17:41:20, 6.50, 195, 352.85, 7.68, 357.58, 0.9957, 0.0681, -0.0608, -0.0169
17:41:20, 6.53, 196, 353.56, 7.76, 357.67, 0.9960, 0.0687, -0.0547, -0.0165
17:41:20, 6.53, 196, 354.26, 7.92, 357.79, 0.9962, 0.0699, -0.0486, -0.0157
17:41:20, 6.53, 196, 355.00, 8.05, 357.96, 0.9965, 0.0709, -0.0423, -0.0147
17:41:20, 6.57, 197, 355.79, 8.20, 358.11, 0.9967, 0.0721, -0.0355, -0.0138
17:41:20, 6.57, 197, 356.68, 8.31, 358.30, 0.9969, 0.0729, -0.0278, -0.0127
17:41:20, 6.60, 198, 357.65, 8.51, 358.50, 0.9970, 0.0744, -0.0195, -0.0115
17:41:20, 6.60, 198, 358.66, 8.66, 358.73, 0.9970, 0.0756, -0.0108, -0.0101
17:41:20, 6.60, 198, 359.73, 8.81, 359.06, 0.9970, 0.0768, -0.0017, -0.0080
17:41:20, 6.63, 199, 0.89, 9.08, 359.39, 0.9968, 0.0791, 0.0081, -0.0059
17:41:20, 6.63, 199, 2.16, 9.28, 359.76, 0.9965, 0.0808, 0.0189, -0.0036
17:41:20, 6.67, 200, 3.49, 9.58, 0.20, 0.9960, 0.0835, 0.0302, -0.0008
17:41:20, 6.67, 200, 4.80, 9.83, 0.68, 0.9954, 0.0859, 0.0412, 0.0023
17:41:20, 6.70, 201, 6.25, 10.09, 1.15, 0.9946, 0.0884, 0.0535, 0.0052
17:41:20, 6.70, 201, 7.78, 10.29, 1.62, 0.9937, 0.0904, 0.0663, 0.0080
17:41:20, 6.70, 201, 9.33, 10.48, 2.03, 0.9925, 0.0924, 0.0794, 0.0101
17:41:20, 6.73, 202, 11.02, 10.75, 2.34, 0.9910, 0.0951, 0.0937, 0.0113
17:41:20, 6.73, 202, 12.84, 10.97, 2.66, 0.9892, 0.0976, 0.1091, 0.0123
17:41:20, 6.77, 203, 14.62, 11.20, 3.11, 0.9871, 0.1002, 0.1239, 0.0144
17:41:20, 6.77, 203, 16.41, 11.47, 3.55, 0.9848, 0.1033, 0.1388, 0.0163
17:41:20, 6.77, 203, 18.18, 11.75, 3.87, 0.9822, 0.1063, 0.1537, 0.0170
17:41:20, 6.80, 204, 19.93, 11.92, 3.99, 0.9796, 0.1082, 0.1684, 0.0161
17:41:20, 6.80, 204, 21.73, 11.96, 4.08, 0.9768, 0.1089, 0.1837, 0.0151
17:41:20, 6.83, 205, 23.58, 12.00, 4.13, 0.9737, 0.1095, 0.1994, 0.0138
17:41:20, 6.83, 205, 25.34, 12.27, 4.31, 0.9703, 0.1124, 0.2140, 0.0131
17:41:20, 6.87, 206, 26.83, 12.53, 4.53, 0.9672, 0.1152, 0.2262, 0.0129
17:41:20, 6.87, 206, 28.16, 13.10, 4.60, 0.9640, 0.1203, 0.2370, 0.0110
17:41:20, 6.87, 206, 29.40, 13.60, 4.66, 0.9609, 0.1247, 0.2471, 0.0090
17:41:20, 6.90, 207, 30.53, 14.14, 4.76, 0.9579, 0.1295, 0.2561, 0.0074
17:41:20, 6.90, 207, 31.63, 14.67, 4.90, 0.9549, 0.1343, 0.2648, 0.0060
17:41:20, 6.93, 208, 32.53, 15.22, 4.93, 0.9522, 0.1390, 0.2719, 0.0039
17:41:20, 6.93, 208, 33.34, 15.77, 4.87, 0.9497, 0.1433, 0.2783, 0.0010
17:41:20, 6.93, 208, 34.11, 16.05, 4.84, 0.9476, 0.1456, 0.2845, -0.0009
17:41:20, 6.97, 209, 34.91, 16.42, 4.78, 0.9452, 0.1485, 0.2909, -0.0034
17:41:20, 6.97, 209, 35.65, 16.60, 4.73, 0.9430, 0.1498, 0.2970, -0.0053
17:41:20, 7.00, 210, 36.35, 16.95, 4.60, 0.9408, 0.1523, 0.3026, -0.0082
17:41:20, 7.00, 210, 37.07, 17.25, 4.55, 0.9386, 0.1545, 0.3084, -0.0104
17:41:20, 7.03, 211, 37.95, 17.55, 4.62, 0.9358, 0.1571, 0.3153, -0.0119
17:41:20, 7.03, 211, 38.80, 17.83, 4.82, 0.9332, 0.1598, 0.3217, -0.0123
17:41:20, 7.03, 211, 39.58, 18.08, 5.32, 0.9307, 0.1632, 0.3272, -0.0100
17:41:20, 7.07, 212, 40.27, 18.32, 6.05, 0.9285, 0.1672, 0.3314, -0.0058
17:41:20, 7.07, 212, 40.80, 18.55, 6.75, 0.9267, 0.1711, 0.3345, -0.0016
17:41:20, 7.10, 213, 41.38, 18.62, 7.24, 0.9249, 0.1730, 0.3384, 0.0012
17:41:20, 7.10, 213, 41.94, 18.61, 7.52, 0.9233, 0.1738, 0.3425, 0.0026
17:41:20, 7.10, 213, 42.66, 18.69, 7.60, 0.9210, 0.1747, 0.3481, 0.0020
17:41:20, 7.13, 214, 43.51, 18.66, 7.56, 0.9184, 0.1744, 0.3550, 0.0004
17:41:20, 7.13, 214, 44.36, 18.87, 7.72, 0.9156, 0.1765, 0.3613, -0.0002
17:41:21, 7.17, 215, 45.17, 19.19, 8.16, 0.9126, 0.1805, 0.3668, 0.0009
17:41:21, 7.17, 215, 45.96, 19.53, 8.43, 0.9097, 0.1840, 0.3722, 0.0006
17:41:21, 7.20, 216, 46.60, 19.87, 8.54, 0.9072, 0.1870, 0.3768, -0.0007
17:41:21, 7.20, 216, 47.18, 20.09, 8.62, 0.9051, 0.1890, 0.3809, -0.0018
17:41:21, 7.20, 216, 47.80, 20.27, 8.79, 0.9028, 0.1910, 0.3853, -0.0021
17:41:21, 7.23, 217, 48.26, 20.47, 8.85, 0.9010, 0.1927, 0.3886, -0.0031
17:41:21, 7.23, 217, 48.82, 20.67, 8.91, 0.8989, 0.1944, 0.3926, -0.0043
17:41:21, 7.27, 218, 49.31, 20.96, 8.94, 0.8969, 0.1968, 0.3960, -0.0060
17:41:21, 7.27, 218, 49.81, 21.23, 8.86, 0.8948, 0.1986, 0.3998, -0.0085
17:41:21, 7.27, 218, 50.39, 21.54, 8.85, 0.8924, 0.2008, 0.4039, -0.0107
17:41:21, 7.30, 219, 51.04, 21.87, 8.90, 0.8897, 0.2035, 0.4085, -0.0127
17:41:21, 7.30, 219, 51.60, 22.21, 8.92, 0.8873, 0.2061, 0.4123, -0.0149
17:41:21, 7.33, 220, 52.26, 22.70, 8.97, 0.8843, 0.2099, 0.4167, -0.0176
17:41:21, 7.33, 220, 52.68, 23.10, 9.13, 0.8823, 0.2135, 0.4190, -0.0186
17:41:21, 7.37, 221, 53.13, 23.47, 9.37, 0.8802, 0.2171, 0.4215, -0.0191
17:41:21, 7.37, 221, 53.46, 23.98, 9.61, 0.8784, 0.2218, 0.4229, -0.0199
17:41:21, 7.37, 221, 53.66, 24.45, 9.80, 0.8771, 0.2259, 0.4234, -0.0207
17:41:21, 7.40, 222, 53.82, 24.96, 9.85, 0.8758, 0.2299, 0.4237, -0.0227
17:41:21, 7.40, 222, 54.04, 25.33, 9.72, 0.8745, 0.2322, 0.4251, -0.0256
17:41:21, 7.43, 223, 54.21, 25.62, 9.34, 0.8734, 0.2329, 0.4267, -0.0300
17:41:21, 7.43, 223, 54.52, 25.95, 9.17, 0.8717, 0.2346, 0.4290, -0.0333
17:41:21, 7.43, 223, 54.77, 26.24, 9.03, 0.8703, 0.2362, 0.4307, -0.0360
17:41:21, 7.47, 224, 54.98, 26.45, 8.87, 0.8691, 0.2371, 0.4324, -0.0386
17:41:21, 7.47, 224, 55.23, 26.57, 8.65, 0.8679, 0.2370, 0.4345, -0.0412
17:41:21, 7.50, 225, 55.50, 26.59, 8.36, 0.8668, 0.2360, 0.4371, -0.0440
17:41:21, 7.50, 225, 55.81, 26.56, 8.11, 0.8656, 0.2347, 0.4400, -0.0464
17:41:21, 7.53, 226, 56.18, 26.44, 7.86, 0.8642, 0.2327, 0.4435, -0.0486
17:41:21, 7.53, 226, 56.58, 26.40, 7.72, 0.8626, 0.2317, 0.4468, -0.0503
17:41:21, 7.53, 226, 56.97, 26.38, 7.59, 0.8611, 0.2308, 0.4501, -0.0520
17:41:21, 7.57, 227, 57.25, 26.39, 7.58, 0.8599, 0.2307, 0.4522, -0.0526
17:41:21, 7.57, 227, 57.60, 26.35, 7.53, 0.8586, 0.2301, 0.4550, -0.0536
17:41:21, 7.60, 228, 57.97, 26.26, 7.48, 0.8572, 0.2291, 0.4579, -0.0543
17:41:21, 7.60, 228, 58.28, 26.16, 7.57, 0.8562, 0.2285, 0.4603, -0.0538
17:41:21, 7.60, 228, 58.53, 26.07, 7.73, 0.8554, 0.2284, 0.4619, -0.0527
17:41:21, 7.63, 229, 58.73, 25.96, 7.96, 0.8549, 0.2285, 0.4631, -0.0509
17:41:21, 7.63, 229, 58.81, 25.82, 8.11, 0.8548, 0.2280, 0.4636, -0.0494
17:41:21, 7.67, 230, 58.87, 25.63, 8.34, 0.8549, 0.2275, 0.4638, -0.0469
17:41:21, 7.67, 230, 58.82, 25.39, 8.66, 0.8555, 0.2271, 0.4633, -0.0435
17:41:21, 7.70, 231, 58.77, 25.01, 8.84, 0.8563, 0.2250, 0.4631, -0.0403
17:41:21, 7.70, 231, 58.70, 24.46, 8.73, 0.8573, 0.2205, 0.4636, -0.0387
17:41:21, 7.70, 231, 58.56, 23.82, 8.33, 0.8585, 0.2143, 0.4642, -0.0387
17:41:21, 7.73, 232, 58.39, 23.09, 7.86, 0.8600, 0.2070, 0.4648, -0.0388
17:41:21, 7.73, 232, 58.19, 22.41, 7.44, 0.8615, 0.2004, 0.4650, -0.0387
17:41:21, 7.77, 233, 58.06, 21.62, 7.22, 0.8629, 0.1937, 0.4654, -0.0367
17:41:21, 7.77, 233, 57.96, 20.69, 7.05, 0.8643, 0.1861, 0.4661, -0.0339
17:41:21, 7.77, 233, 57.89, 19.65, 6.93, 0.8657, 0.1779, 0.4670, -0.0303
17:41:21, 7.80, 234, 57.77, 18.40, 6.85, 0.8674, 0.1682, 0.4676, -0.0254
17:41:21, 7.80, 234, 57.66, 17.05, 6.76, 0.8691, 0.1577, 0.4684, -0.0202
17:41:21, 7.83, 235, 57.49, 15.44, 6.80, 0.8711, 0.1458, 0.4687, -0.0130
17:41:21, 7.83, 235, 57.44, 13.92, 6.83, 0.8724, 0.1345, 0.4698, -0.0063
17:41:21, 7.87, 236, 57.38, 12.27, 6.85, 0.8737, 0.1221, 0.4709, 0.0009
17:41:21, 7.87, 236, 57.37, 10.65, 6.79, 0.8746, 0.1096, 0.4722, 0.0073
17:41:21, 7.87, 236, 57.40, 9.07, 6.79, 0.8751, 0.0976, 0.4738, 0.0139
17:41:21, 7.90, 237, 57.63, 7.43, 6.80, 0.8747, 0.0852, 0.4767, 0.0207
17:41:21, 7.90, 237, 58.10, 5.93, 7.06, 0.8729, 0.0750, 0.4812, 0.0287
17:41:21, 7.93, 238, 58.49, 4.49, 7.31, 0.8713, 0.0652, 0.4850, 0.0365
17:41:21, 7.93, 238, 58.87, 3.29, 7.58, 0.8696, 0.0574, 0.4885, 0.0434
17:41:21, 7.93, 238, 59.27, 2.03, 7.71, 0.8677, 0.0486, 0.4922, 0.0497
17:41:21, 7.97, 239, 59.56, 0.93, 7.72, 0.8662, 0.0405, 0.4951, 0.0544
17:41:21, 7.97, 239, 60.25, 359.75, 7.70, 0.8629, 0.0318, 0.5009, 0.0591
17:41:21, 8.00, 240, 60.74, 358.71, 7.85, 0.8603, 0.0249, 0.5050, 0.0648
17:41:21, 8.00, 240, 61.37, 357.66, 7.92, 0.8570, 0.0177, 0.5102, 0.0698
17:41:21, 8.03, 241, 61.98, 356.67, 7.92, 0.8538, 0.0107, 0.5152, 0.0741
17:41:21, 8.03, 241, 62.75, 355.74, 7.84, 0.8499, 0.0039, 0.5212, 0.0777
17:41:21, 8.03, 241, 63.60, 354.80, 7.72, 0.8455, -0.0031, 0.5278, 0.0810
17:41:21, 8.07, 242, 64.57, 353.91, 7.59, 0.8405, -0.0096, 0.5352, 0.0842
17:41:21, 8.07, 242, 65.55, 353.16, 7.49, 0.8354, -0.0147, 0.5425, 0.0870
17:41:21, 8.10, 243, 66.55, 352.60, 7.37, 0.8303, -0.0187, 0.5498, 0.0889
17:41:21, 8.10, 243, 67.57, 352.10, 7.20, 0.8251, -0.0223, 0.5573, 0.0903
17:41:21, 8.10, 243, 68.54, 351.71, 6.97, 0.8202, -0.0255, 0.5642, 0.0908
17:41:21, 8.13, 244, 69.50, 351.42, 6.72, 0.8154, -0.0281, 0.5710, 0.0906
17:41:21, 8.13, 244, 70.40, 351.18, 6.35, 0.8110, -0.0309, 0.5773, 0.0894
17:41:22, 8.17, 245, 71.29, 350.99, 6.00, 0.8066, -0.0334, 0.5835, 0.0881
17:41:22, 8.17, 245, 72.18, 350.80, 5.63, 0.8022, -0.0360, 0.5897, 0.0867
17:41:22, 8.20, 246, 73.08, 350.66, 5.23, 0.7977, -0.0383, 0.5958, 0.0849
17:41:22, 8.20, 246, 74.06, 350.54, 4.81, 0.7928, -0.0406, 0.6024, 0.0830
17:41:22, 8.20, 246, 75.05, 350.38, 4.40, 0.7878, -0.0432, 0.6091, 0.0813
17:41:22, 8.23, 247, 76.03, 350.33, 4.05, 0.7827, -0.0447, 0.6157, 0.0796
17:41:22, 8.23, 247, 77.01, 350.29, 3.61, 0.7777, -0.0467, 0.6222, 0.0772
17:41:22, 8.27, 248, 78.01, 350.23, 3.19, 0.7725, -0.0487, 0.6287, 0.0751
17:41:22, 8.27, 248, 78.99, 350.15, 2.75, 0.7673, -0.0510, 0.6350, 0.0730
17:41:22, 8.27, 248, 79.94, 350.10, 2.34, 0.7622, -0.0530, 0.6412, 0.0710
17:41:22, 8.30, 249, 80.89, 349.98, 1.87, 0.7571, -0.0559, 0.6472, 0.0690
17:41:22, 8.30, 249, 81.86, 349.94, 1.41, 0.7518, -0.0582, 0.6534, 0.0667
17:41:22, 8.33, 250, 82.77, 349.85, 0.93, 0.7469, -0.0610, 0.6590, 0.0645
17:41:22, 8.33, 250, 83.71, 349.73, 0.44, 0.7416, -0.0641, 0.6648, 0.0626
17:41:22, 8.37, 251, 84.70, 349.64, 0.02, 0.7360, -0.0666, 0.6709, 0.0609
17:41:22, 8.37, 251, 85.70, 349.60, 359.55, 0.7304, -0.0691, 0.6770, 0.0588
17:41:22, 8.37, 251, 86.69, 349.60, 359.16, 0.7247, -0.0709, 0.6831, 0.0568
17:41:22, 8.40, 252, 87.64, 349.67, 358.80, 0.7192, -0.0722, 0.6889, 0.0548
17:41:22, 8.40, 252, 88.50, 349.76, 358.52, 0.7142, -0.0729, 0.6941, 0.0530
17:41:22, 8.43, 253, 89.32, 349.95, 358.29, 0.7094, -0.0728, 0.6992, 0.0510
17:41:22, 8.43, 253, 90.10, 350.02, 358.06, 0.7048, -0.0734, 0.7039, 0.0497
17:41:22, 8.43, 253, 90.86, 350.07, 357.80, 0.7002, -0.0743, 0.7084, 0.0482
17:41:22, 8.47, 254, 91.65, 350.05, 357.60, 0.6954, -0.0754, 0.7131, 0.0477
17:41:22, 8.47, 254, 92.45, 349.96, 357.50, 0.6904, -0.0762, 0.7178, 0.0481
17:41:22, 8.50, 255, 93.33, 349.69, 357.44, 0.6848, -0.0778, 0.7228, 0.0500
17:41:22, 8.50, 255, 94.29, 349.35, 357.36, 0.6786, -0.0799, 0.7283, 0.0524
17:41:22, 8.53, 256, 95.40, 348.97, 357.16, 0.6714, -0.0829, 0.7344, 0.0545
17:41:22, 8.53, 256, 96.62, 348.67, 357.03, 0.6636, -0.0849, 0.7411, 0.0566
17:41:22, 8.53, 256, 97.79, 348.47, 356.97, 0.6559, -0.0858, 0.7477, 0.0584
17:41:22, 8.57, 257, 98.96, 348.43, 356.85, 0.6482, -0.0863, 0.7542, 0.0588
17:41:22, 8.57, 257, 100.08, 348.34, 356.74, 0.6409, -0.0869, 0.7604, 0.0596
17:41:22, 8.60, 258, 101.13, 348.35, 356.66, 0.6339, -0.0869, 0.7662, 0.0599
17:41:22, 8.60, 258, 102.10, 348.39, 356.53, 0.6275, -0.0870, 0.7714, 0.0597
17:41:22, 8.60, 258, 102.93, 348.43, 356.36, 0.6220, -0.0875, 0.7759, 0.0591
17:41:22, 8.63, 259, 103.78, 348.42, 356.10, 0.6163, -0.0889, 0.7803, 0.0585
17:41:22, 8.63, 259, 104.67, 348.46, 355.79, 0.6104, -0.0903, 0.7848, 0.0572
17:41:22, 8.67, 260, 105.53, 348.50, 355.42, 0.6047, -0.0922, 0.7891, 0.0556
17:41:22, 8.67, 260, 106.46, 348.54, 355.11, 0.5985, -0.0937, 0.7938, 0.0545
17:41:22, 8.70, 261, 107.24, 348.52, 354.78, 0.5932, -0.0957, 0.7975, 0.0536
17:41:22, 8.70, 261, 107.98, 348.59, 354.53, 0.5882, -0.0968, 0.8012, 0.0524
17:41:22, 8.70, 261, 108.75, 348.53, 354.15, 0.5830, -0.0994, 0.8047, 0.0515
17:41:22, 8.73, 262, 109.58, 348.58, 353.74, 0.5773, -0.1017, 0.8086, 0.0498
17:41:22, 8.73, 262, 110.49, 348.52, 353.33, 0.5710, -0.1045, 0.8128, 0.0490
17:41:22, 8.77, 263, 111.30, 348.47, 352.93, 0.5654, -0.1072, 0.8164, 0.0481
17:41:22, 8.77, 263, 112.19, 348.39, 352.64, 0.5592, -0.1093, 0.8204, 0.0481
17:41:22, 8.77, 263, 113.03, 348.32, 352.19, 0.5533, -0.1125, 0.8240, 0.0473
17:41:22, 8.80, 264, 113.87, 348.23, 351.75, 0.5475, -0.1158, 0.8275, 0.0467
17:41:22, 8.80, 264, 114.78, 348.14, 351.23, 0.5411, -0.1196, 0.8311, 0.0458
17:41:22, 8.83, 265, 115.64, 348.09, 350.70, 0.5351, -0.1233, 0.8346, 0.0445
17:41:22, 8.83, 265, 116.57, 348.05, 350.12, 0.5285, -0.1274, 0.8382, 0.0432
17:41:22, 8.87, 266, 117.56, 348.01, 349.59, 0.5215, -0.1310, 0.8421, 0.0422
17:41:22, 8.90, 267, 121.62, 348.47, 347.51, 0.4919, -0.1432, 0.8581, 0.0344
17:41:22, 8.93, 268, 122.58, 348.76, 346.96, 0.4847, -0.1459, 0.8619, 0.0311
17:41:22, 8.93, 268, 123.43, 348.94, 346.53, 0.4784, -0.1481, 0.8651, 0.0290
17:41:22, 8.93, 268, 124.26, 349.13, 346.11, 0.4721, -0.1504, 0.8682, 0.0269
17:41:22, 8.97, 269, 125.03, 349.39, 345.61, 0.4662, -0.1530, 0.8710, 0.0238
17:41:22, 8.97, 269, 125.82, 349.62, 344.97, 0.4601, -0.1568, 0.8736, 0.0206
17:41:22, 9.00, 270, 126.50, 349.90, 344.44, 0.4549, -0.1597, 0.8760, 0.0172
17:41:22, 9.00, 270, 127.14, 350.06, 343.86, 0.4499, -0.1634, 0.8779, 0.0146
17:41:22, 9.03, 271, 127.73, 350.15, 343.35, 0.4454, -0.1669, 0.8795, 0.0127
17:41:22, 9.03, 271, 128.26, 350.24, 342.78, 0.4413, -0.1710, 0.8809, 0.0106
17:41:22, 9.03, 271, 128.77, 350.29, 342.17, 0.4374, -0.1754, 0.8820, 0.0087
17:41:22, 9.07, 272, 129.31, 350.50, 341.75, 0.4331, -0.1778, 0.8836, 0.0062
17:41:22, 9.07, 272, 129.71, 350.80, 341.49, 0.4297, -0.1788, 0.8851, 0.0036
17:41:22, 9.10, 273, 130.01, 351.04, 341.28, 0.4271, -0.1795, 0.8862, 0.0014
17:41:22, 9.10, 273, 130.29, 351.33, 340.99, 0.4247, -0.1808, 0.8871, -0.0016
17:41:22, 9.10, 273, 130.55, 351.61, 340.70, 0.4224, -0.1820, 0.8879, -0.0045
17:41:22, 9.13, 274, 130.85, 351.90, 340.47, 0.4198, -0.1828, 0.8890, -0.0070
17:41:22, 9.13, 274, 131.13, 352.25, 340.30, 0.4172, -0.1830, 0.8902, -0.0100
17:41:23, 9.17, 275, 131.31, 352.52, 340.07, 0.4154, -0.1838, 0.8908, -0.0127
17:41:23, 9.17, 275, 131.53, 352.82, 339.82, 0.4133, -0.1847, 0.8915, -0.0155
17:41:23, 9.20, 276, 131.68, 353.04, 339.65, 0.4119, -0.1854, 0.8920, -0.0176
17:41:23, 9.20, 276, 131.85, 353.27, 339.47, 0.4102, -0.1860, 0.8926, -0.0199
17:41:23, 9.20, 276, 132.01, 353.50, 339.34, 0.4087, -0.1863, 0.8932, -0.0218
17:41:23, 9.23, 277, 132.12, 353.73, 339.19, 0.4075, -0.1866, 0.8936, -0.0240
17:41:23, 9.23, 277, 132.36, 353.98, 338.99, 0.4053, -0.1874, 0.8944, -0.0263
17:41:23, 9.27, 278, 132.56, 354.25, 338.89, 0.4034, -0.1873, 0.8952, -0.0285
17:41:23, 9.27, 278, 132.76, 354.54, 338.76, 0.4014, -0.1874, 0.8960, -0.0309
17:41:23, 9.27, 278, 132.98, 354.82, 338.56, 0.3993, -0.1881, 0.8967, -0.0334
17:41:23, 9.30, 279, 133.29, 355.06, 338.28, 0.3964, -0.1896, 0.8976, -0.0358
17:41:23, 9.30, 279, 133.62, 355.26, 337.97, 0.3935, -0.1915, 0.8984, -0.0378
17:41:23, 9.33, 280, 134.00, 355.39, 337.76, 0.3902, -0.1928, 0.8995, -0.0390
17:41:23, 9.33, 280, 134.41, 355.39, 337.66, 0.3870, -0.1937, 0.9007, -0.0386
17:41:23, 9.37, 281, 134.91, 355.33, 337.56, 0.3831, -0.1949, 0.9021, -0.0377
17:41:23, 9.37, 281, 135.39, 355.35, 337.46, 0.3793, -0.1958, 0.9036, -0.0373
17:41:23, 9.37, 281, 135.83, 355.45, 337.39, 0.3756, -0.1961, 0.9050, -0.0376
17:41:23, 9.40, 282, 136.27, 355.53, 337.43, 0.3720, -0.1957, 0.9066, -0.0374
17:41:23, 9.40, 282, 136.61, 355.62, 337.40, 0.3692, -0.1958, 0.9077, -0.0376
17:41:23, 9.43, 283, 136.87, 355.81, 337.31, 0.3668, -0.1960, 0.9086, -0.0390
17:41:23, 9.43, 283, 137.09, 355.91, 337.14, 0.3649, -0.1972, 0.9091, -0.0399
17:41:23, 9.43, 283, 137.22, 356.02, 337.00, 0.3636, -0.1979, 0.9094, -0.0410
17:41:23, 9.47, 284, 137.33, 356.06, 336.90, 0.3626, -0.1987, 0.9096, -0.0415
17:41:23, 9.47, 284, 137.33, 355.98, 336.85, 0.3627, -0.1993, 0.9094, -0.0409
17:41:23, 9.50, 285, 137.29, 355.79, 336.75, 0.3633, -0.2006, 0.9089, -0.0398
17:41:23, 9.50, 285, 137.24, 355.57, 336.63, 0.3640, -0.2023, 0.9084, -0.0386
17:41:23, 9.53, 286, 137.18, 355.47, 336.51, 0.3646, -0.2035, 0.9078, -0.0382
17:41:23, 9.53, 286, 137.13, 355.36, 336.50, 0.3651, -0.2039, 0.9076, -0.0375
17:41:23, 9.53, 286, 136.96, 355.43, 336.53, 0.3664, -0.2034, 0.9071, -0.0383
17:41:23, 9.57, 287, 136.87, 355.43, 336.49, 0.3671, -0.2036, 0.9068, -0.0385
17:41:23, 9.57, 287, 136.78, 355.44, 336.31, 0.3678, -0.2050, 0.9062, -0.0393
17:41:23, 9.60, 288, 136.71, 355.61, 336.25, 0.3680, -0.2049, 0.9060, -0.0410
17:41:23, 9.60, 288, 136.70, 355.65, 336.33, 0.3681, -0.2042, 0.9062, -0.0410
17:41:23, 9.60, 288, 136.70, 355.74, 336.41, 0.3680, -0.2033, 0.9064, -0.0416
17:41:23, 9.63, 289, 136.72, 355.77, 336.39, 0.3677, -0.2034, 0.9065, -0.0418
17:41:23, 9.63, 289, 136.79, 355.86, 336.40, 0.3671, -0.2030, 0.9068, -0.0424
17:41:23, 9.67, 290, 136.88, 355.92, 336.46, 0.3663, -0.2024, 0.9072, -0.0425
17:41:23, 9.67, 290, 137.00, 356.03, 336.47, 0.3652, -0.2020, 0.9077, -0.0431
17:41:23, 9.70, 291, 137.10, 356.12, 336.46, 0.3642, -0.2019, 0.9081, -0.0437
17:41:23, 9.70, 291, 137.21, 356.21, 336.46, 0.3632, -0.2017, 0.9086, -0.0442
17:41:23, 9.70, 291, 137.31, 356.28, 336.45, 0.3623, -0.2016, 0.9089, -0.0447
17:41:23, 9.73, 292, 137.36, 356.33, 336.43, 0.3618, -0.2016, 0.9091, -0.0450
17:41:23, 9.73, 292, 137.43, 356.38, 336.40, 0.3612, -0.2016, 0.9093, -0.0454
17:41:23, 9.77, 293, 137.47, 356.45, 336.34, 0.3608, -0.2019, 0.9094, -0.0461
17:41:23, 9.77, 293, 137.49, 356.53, 336.31, 0.3604, -0.2020, 0.9095, -0.0468
17:41:23, 9.77, 293, 137.52, 356.59, 336.24, 0.3600, -0.2023, 0.9095, -0.0474
17:41:23, 9.80, 294, 137.59, 356.66, 336.20, 0.3594, -0.2025, 0.9097, -0.0480
17:41:23, 9.80, 294, 137.67, 356.77, 336.11, 0.3586, -0.2029, 0.9099, -0.0490
17:41:23, 9.83, 295, 137.81, 356.84, 336.17, 0.3573, -0.2023, 0.9105, -0.0491
17:41:23, 9.83, 295, 137.98, 357.00, 336.15, 0.3557, -0.2020, 0.9111, -0.0502
17:41:23, 9.87, 296, 138.26, 357.13, 336.20, 0.3533, -0.2014, 0.9122, -0.0505
17:41:23, 9.87, 296, 138.57, 357.27, 336.14, 0.3506, -0.2015, 0.9131, -0.0513
17:41:23, 9.87, 296, 138.89, 357.47, 336.21, 0.3477, -0.2005, 0.9144, -0.0521
17:41:23, 9.90, 297, 139.27, 357.60, 336.27, 0.3445, -0.1998, 0.9158, -0.0523
17:41:23, 9.90, 297, 139.67, 357.76, 336.40, 0.3411, -0.1985, 0.9173, -0.0526
17:41:23, 9.93, 298, 140.05, 357.93, 336.65, 0.3380, -0.1962, 0.9190, -0.0525
17:41:23, 9.93, 298, 140.34, 358.10, 336.96, 0.3355, -0.1934, 0.9205, -0.0525
17:41:23, 9.93, 298, 140.67, 358.24, 337.30, 0.3327, -0.1904, 0.9221, -0.0520
17:41:23, 9.97, 299, 140.99, 358.45, 337.62, 0.3300, -0.1873, 0.9237, -0.0523
17:41:23, 9.97, 299, 141.26, 358.59, 337.93, 0.3277, -0.1846, 0.9251, -0.0521
