Timestamp, VideoTime, VideoFrame, HeadYaw, HeadPitch, HeadRoll, HeadQuatW, HeadQuatX, HeadQuatY, HeadQuatZ
17:39:07, 0.00, 0, 313.72, 9.80, 359.57, 0.9163, 0.0800, -0.3912, 0.0301
17:39:07, 0.03, 1, 314.11, 9.56, 359.65, 0.9178, 0.0779, -0.3882, 0.0297
17:39:07, 0.03, 1, 314.52, 9.30, 359.76, 0.9193, 0.0756, -0.3851, 0.0294
17:39:07, 0.03, 1, 315.02, 9.09, 359.81, 0.9211, 0.0738, -0.3812, 0.0288
17:39:07, 0.07, 2, 315.62, 8.86, 359.78, 0.9232, 0.0722, -0.3765, 0.0274
17:39:07, 0.07, 2, 316.22, 8.73, 359.79, 0.9253, 0.0713, -0.3716, 0.0267
17:39:07, 0.10, 3, 316.92, 8.63, 359.74, 0.9276, 0.0708, -0.3660, 0.0256
17:39:07, 0.10, 3, 317.77, 8.57, 359.68, 0.9303, 0.0707, -0.3591, 0.0243
17:39:07, 0.10, 3, 318.62, 8.49, 359.66, 0.9330, 0.0703, -0.3521, 0.0234
17:39:07, 0.13, 4, 319.65, 8.44, 359.72, 0.9362, 0.0699, -0.3438, 0.0231
17:39:07, 0.13, 4, 320.80, 8.38, 359.75, 0.9396, 0.0696, -0.3344, 0.0224
17:39:07, 0.17, 5, 322.04, 8.48, 359.68, 0.9431, 0.0709, -0.3242, 0.0214
17:39:07, 0.17, 5, 323.22, 8.56, 359.73, 0.9464, 0.0715, -0.3144, 0.0213
17:39:07, 0.20, 6, 324.39, 8.64, 359.85, 0.9494, 0.0721, -0.3048, 0.0218
17:39:07, 0.20, 6, 325.54, 8.77, 0.01, 0.9523, 0.0730, -0.2954, 0.0227
17:39:07, 0.20, 6, 326.72, 8.93, 0.08, 0.9552, 0.0744, -0.2855, 0.0229
17:39:07, 0.23, 7, 327.87, 9.11, 0.17, 0.9579, 0.0759, -0.2760, 0.0234
17:39:07, 0.23, 7, 328.99, 9.18, 0.26, 0.9605, 0.0765, -0.2667, 0.0236
17:39:08, 0.27, 8, 330.03, 9.27, 0.47, 0.9627, 0.0770, -0.2580, 0.0248
17:39:08, 0.27, 8, 331.01, 9.49, 0.63, 0.9647, 0.0787, -0.2498, 0.0260
17:39:08, 0.27, 8, 331.90, 9.67, 0.82, 0.9665, 0.0801, -0.2425, 0.0274
17:39:08, 0.30, 9, 333.80, 10.04, 1.04, 0.9700, 0.0832, -0.2265, 0.0286
17:39:08, 0.33, 10, 334.72, 10.20, 1.07, 0.9717, 0.0847, -0.2188, 0.0285
17:39:08, 0.33, 10, 335.51, 10.45, 1.13, 0.9729, 0.0869, -0.2121, 0.0289
17:39:08, 0.33, 10, 336.13, 10.67, 0.95, 0.9740, 0.0893, -0.2066, 0.0273
17:39:08, 0.37, 11, 336.63, 10.96, 0.75, 0.9746, 0.0922, -0.2022, 0.0257
17:39:08, 0.37, 11, 337.08, 11.14, 0.57, 0.9753, 0.0942, -0.1982, 0.0241
17:39:08, 0.40, 12, 337.44, 11.29, 0.36, 0.9759, 0.0959, -0.1949, 0.0224
17:39:08, 0.40, 12, 337.81, 11.38, 0.26, 0.9764, 0.0969, -0.1917, 0.0213
17:39:08, 0.40, 12, 338.08, 11.56, 0.17, 0.9767, 0.0986, -0.1893, 0.0206
17:39:08, 0.43, 13, 338.29, 11.63, 0.10, 0.9770, 0.0993, -0.1875, 0.0199
17:39:08, 0.43, 13, 338.41, 11.71, 0.02, 0.9772, 0.1002, -0.1863, 0.0192
17:39:08, 0.47, 14, 338.49, 11.83, 359.85, 0.9772, 0.1015, -0.1855, 0.0180
17:39:08, 0.47, 14, 338.58, 11.87, 359.82, 0.9773, 0.1019, -0.1847, 0.0176
17:39:08, 0.50, 15, 338.63, 11.76, 359.67, 0.9776, 0.1012, -0.1841, 0.0161
17:39:08, 0.50, 15, 338.66, 11.61, 359.62, 0.9777, 0.1000, -0.1839, 0.0155
17:39:08, 0.50, 15, 338.66, 11.44, 359.60, 0.9779, 0.0986, -0.1839, 0.0150
17:39:08, 0.53, 16, 338.62, 11.24, 359.64, 0.9780, 0.0968, -0.1843, 0.0151
17:39:08, 0.53, 16, 338.53, 11.05, 359.65, 0.9780, 0.0952, -0.1851, 0.0150
17:39:08, 0.57, 17, 338.46, 10.86, 359.62, 0.9780, 0.0936, -0.1857, 0.0144
17:39:08, 0.57, 17, 338.41, 10.68, 359.56, 0.9781, 0.0921, -0.1861, 0.0137
17:39:08, 0.60, 18, 338.41, 10.40, 359.53, 0.9783, 0.0898, -0.1861, 0.0129
17:39:08, 0.60, 18, 338.44, 10.15, 359.57, 0.9786, 0.0876, -0.1860, 0.0129
17:39:08, 0.60, 18, 338.49, 9.90, 359.64, 0.9788, 0.0853, -0.1857, 0.0130
17:39:08, 0.63, 19, 338.58, 9.61, 359.66, 0.9792, 0.0829, -0.1849, 0.0127
17:39:08, 0.63, 19, 338.82, 9.39, 359.63, 0.9797, 0.0811, -0.1829, 0.0119
17:39:08, 0.67, 20, 339.15, 9.16, 359.72, 0.9804, 0.0790, -0.1801, 0.0120
17:39:08, 0.67, 20, 339.55, 8.90, 359.87, 0.9812, 0.0765, -0.1769, 0.0127
17:39:08, 0.67, 20, 339.97, 8.66, 0.06, 0.9819, 0.0743, -0.1734, 0.0137
17:39:08, 0.70, 21, 340.61, 8.33, 0.10, 0.9831, 0.0715, -0.1680, 0.0131
17:39:08, 0.70, 21, 341.22, 8.09, 0.40, 0.9841, 0.0690, -0.1630, 0.0149
17:39:08, 0.73, 22, 341.78, 7.88, 0.62, 0.9850, 0.0670, -0.1583, 0.0162
17:39:08, 0.73, 22, 342.50, 7.66, 0.76, 0.9861, 0.0650, -0.1523, 0.0167
17:39:08, 0.77, 23, 343.19, 7.48, 0.82, 0.9871, 0.0635, -0.1463, 0.0166
17:39:08, 0.77, 23, 343.85, 7.26, 0.90, 0.9880, 0.0616, -0.1407, 0.0167
17:39:08, 0.77, 23, 344.49, 7.05, 0.97, 0.9889, 0.0598, -0.1352, 0.0167
17:39:08, 0.80, 24, 345.08, 6.85, 1.04, 0.9896, 0.0581, -0.1301, 0.0167
17:39:08, 0.80, 24, 345.62, 6.67, 0.98, 0.9904, 0.0566, -0.1254, 0.0157
17:39:08, 0.83, 25, 346.14, 6.70, 0.91, 0.9909, 0.0571, -0.1209, 0.0149
17:39:08, 0.83, 25, 346.67, 6.56, 0.89, 0.9915, 0.0559, -0.1163, 0.0143
17:39:08, 0.83, 25, 347.14, 6.54, 0.91, 0.9920, 0.0558, -0.1123, 0.0143
17:39:08, 0.87, 26, 347.62, 6.58, 0.93, 0.9924, 0.0562, -0.1081, 0.0142
17:39:08, 0.87, 26, 348.15, 6.64, 0.91, 0.9929, 0.0568, -0.1035, 0.0139
17:39:08, 0.90, 27, 348.64, 6.68, 0.91, 0.9933, 0.0572, -0.0993, 0.0137
17:39:08, 0.90, 27, 349.23, 6.76, 0.93, 0.9938, 0.0580, -0.0942, 0.0136
17:39:08, 0.93, 28, 349.88, 6.85, 0.87, 0.9943, 0.0589, -0.0885, 0.0128
17:39:08, 0.93, 28, 350.56, 6.89, 0.85, 0.9947, 0.0593, -0.0826, 0.0123
17:39:08, 0.93, 28, 351.22, 6.83, 0.96, 0.9952, 0.0588, -0.0769, 0.0129
17:39:08, 0.97, 29, 351.90, 6.85, 1.12, 0.9956, 0.0589, -0.0711, 0.0139
17:39:08, 0.97, 29, 352.58, 6.83, 1.24, 0.9960, 0.0588, -0.0652, 0.0146
17:39:08, 1.00, 30, 353.32, 6.79, 1.35, 0.9964, 0.0584, -0.0588, 0.0152
17:39:08, 1.00, 30, 354.00, 6.74, 1.52, 0.9968, 0.0580, -0.0530, 0.0163
17:39:08, 1.00, 30, 354.80, 6.65, 1.64, 0.9972, 0.0573, -0.0461, 0.0169
17:39:08, 1.03, 31, 355.79, 6.67, 1.87, 0.9975, 0.0575, -0.0376, 0.0184
17:39:08, 1.03, 31, 356.85, 6.69, 2.12, 0.9977, 0.0578, -0.0285, 0.0201
17:39:08, 1.07, 32, 357.99, 6.74, 2.37, 0.9979, 0.0584, -0.0187, 0.0217
17:39:08, 1.07, 32, 359.19, 6.80, 2.65, 0.9979, 0.0591, -0.0084, 0.0235
17:39:08, 1.10, 33, 0.38, 6.85, 2.89, 0.9979, 0.0598, 0.0018, 0.0250
17:39:08, 1.10, 33, 1.72, 6.85, 3.07, 0.9978, 0.0602, 0.0134, 0.0258
17:39:08, 1.10, 33, 3.17, 6.90, 3.28, 0.9974, 0.0610, 0.0259, 0.0269
17:39:08, 1.13, 34, 4.70, 6.95, 3.53, 0.9969, 0.0618, 0.0391, 0.0283
17:39:08, 1.13, 34, 6.26, 7.15, 3.93, 0.9961, 0.0641, 0.0523, 0.0308
17:39:08, 1.17, 35, 7.82, 7.27, 4.28, 0.9951, 0.0657, 0.0656, 0.0328
17:39:08, 1.17, 35, 9.45, 7.42, 4.69, 0.9939, 0.0678, 0.0795, 0.0353
17:39:08, 1.20, 36, 11.04, 7.71, 5.09, 0.9924, 0.0711, 0.0929, 0.0376
17:39:08, 1.20, 36, 12.62, 8.01, 5.34, 0.9908, 0.0745, 0.1063, 0.0385
17:39:08, 1.20, 36, 14.22, 8.25, 5.45, 0.9891, 0.0772, 0.1199, 0.0382
17:39:08, 1.23, 37, 15.82, 8.58, 5.67, 0.9870, 0.0808, 0.1334, 0.0386
17:39:08, 1.23, 37, 17.50, 8.87, 5.85, 0.9847, 0.0841, 0.1476, 0.0385
17:39:09, 1.27, 38, 19.15, 9.25, 5.95, 0.9822, 0.0880, 0.1615, 0.0377
17:39:09, 1.27, 38, 20.75, 9.72, 6.05, 0.9796, 0.0927, 0.1748, 0.0365
17:39:09, 1.27, 38, 22.45, 10.39, 5.89, 0.9765, 0.0987, 0.1890, 0.0326
17:39:09, 1.30, 39, 24.31, 11.06, 5.46, 0.9729, 0.1041, 0.2048, 0.0261
17:39:09, 1.30, 39, 26.28, 11.82, 4.83, 0.9688, 0.1097, 0.2217, 0.0175
17:39:09, 1.33, 40, 28.22, 12.63, 4.39, 0.9643, 0.1159, 0.2381, 0.0101
17:39:09, 1.33, 40, 30.03, 13.46, 3.98, 0.9597, 0.1221, 0.2532, 0.0030
17:39:09, 1.37, 41, 31.83, 14.03, 3.75, 0.9551, 0.1263, 0.2682, -0.0022
17:39:09, 1.37, 41, 33.50, 14.32, 3.54, 0.9508, 0.1281, 0.2821, -0.0066
17:39:09, 1.37, 41, 35.09, 14.55, 3.58, 0.9465, 0.1300, 0.2951, -0.0086
17:39:09, 1.40, 42, 36.51, 14.61, 3.75, 0.9428, 0.1308, 0.3066, -0.0089
17:39:09, 1.40, 42, 37.86, 14.46, 3.82, 0.9392, 0.1297, 0.3177, -0.0096
17:39:09, 1.43, 43, 39.10, 14.27, 3.59, 0.9359, 0.1274, 0.3282, -0.0122
17:39:09, 1.43, 43, 40.43, 14.12, 3.43, 0.9322, 0.1256, 0.3393, -0.0146
17:39:09, 1.43, 43, 41.83, 13.90, 3.28, 0.9281, 0.1231, 0.3510, -0.0166
17:39:09, 1.47, 44, 43.34, 13.60, 3.16, 0.9236, 0.1201, 0.3635, -0.0182
17:39:09, 1.47, 44, 45.02, 13.23, 3.00, 0.9185, 0.1163, 0.3774, -0.0200
17:39:09, 1.50, 45, 46.85, 12.87, 2.82, 0.9126, 0.1125, 0.3924, -0.0221
17:39:09, 1.50, 45, 48.81, 12.49, 2.56, 0.9060, 0.1082, 0.4084, -0.0247
17:39:09, 1.53, 46, 50.88, 12.09, 2.35, 0.8988, 0.1038, 0.4251, -0.0268
17:39:09, 1.53, 46, 53.11, 11.78, 2.17, 0.8905, 0.1002, 0.4429, -0.0290
17:39:09, 1.53, 46, 55.31, 11.49, 2.07, 0.8820, 0.0970, 0.4601, -0.0305
17:39:09, 1.57, 47, 57.43, 11.20, 1.87, 0.8735, 0.0934, 0.4767, -0.0326
17:39:09, 1.57, 47, 59.53, 10.86, 1.67, 0.8648, 0.0893, 0.4930, -0.0344
17:39:09, 1.60, 48, 61.64, 10.60, 1.45, 0.8556, 0.0858, 0.5091, -0.0365
17:39:09, 1.60, 48, 63.65, 10.29, 1.26, 0.8467, 0.0819, 0.5243, -0.0380
17:39:09, 1.60, 48, 65.60, 10.16, 1.09, 0.8377, 0.0796, 0.5389, -0.0400
17:39:09, 1.63, 49, 67.45, 9.99, 0.92, 0.8289, 0.0768, 0.5525, -0.0417
17:39:09, 1.63, 49, 69.20, 9.92, 0.71, 0.8204, 0.0746, 0.5652, -0.0440
17:39:09, 1.67, 50, 70.94, 9.91, 0.53, 0.8116, 0.0730, 0.5778, -0.0464
17:39:09, 1.67, 50, 72.59, 9.99, 0.34, 0.8031, 0.0719, 0.5895, -0.0492
17:39:09, 1.70, 51, 74.07, 9.93, 0.07, 0.7953, 0.0695, 0.6000, -0.0516
17:39:09, 1.70, 51, 75.57, 9.95, 359.80, 0.7872, 0.0675, 0.6105, -0.0545
17:39:09, 1.70, 51, 77.00, 9.91, 359.44, 0.7794, 0.0646, 0.6205, -0.0576
17:39:09, 1.73, 52, 78.44, 9.92, 359.15, 0.7714, 0.0623, 0.6304, -0.0604
17:39:09, 1.73, 52, 79.77, 9.92, 358.91, 0.7639, 0.0603, 0.6394, -0.0628
17:39:09, 1.77, 53, 80.98, 9.98, 358.62, 0.7569, 0.0584, 0.6476, -0.0656
17:39:09, 1.77, 53, 82.12, 10.09, 358.28, 0.7501, 0.0565, 0.6552, -0.0690
17:39:09, 1.77, 53, 83.27, 10.15, 357.95, 0.7433, 0.0543, 0.6628, -0.0721
17:39:09, 1.80, 54, 84.33, 10.35, 357.63, 0.7368, 0.0530, 0.6697, -0.0758
17:39:09, 1.80, 54, 85.27, 10.45, 357.36, 0.7310, 0.0514, 0.6759, -0.0785
17:39:09, 1.83, 55, 86.03, 10.66, 357.11, 0.7262, 0.0508, 0.6807, -0.0817
17:39:09, 1.83, 55, 86.73, 10.89, 356.88, 0.7217, 0.0504, 0.6852, -0.0848
17:39:09, 1.87, 56, 87.31, 11.03, 356.73, 0.7180, 0.0499, 0.6888, -0.0869
17:39:09, 1.87, 56, 87.74, 11.20, 356.68, 0.7152, 0.0503, 0.6914, -0.0884
17:39:09, 1.87, 56, 88.06, 11.31, 356.63, 0.7131, 0.0505, 0.6934, -0.0895
17:39:09, 1.90, 57, 88.30, 11.41, 356.55, 0.7115, 0.0504, 0.6949, -0.0907
17:39:09, 1.90, 57, 88.47, 11.44, 356.37, 0.7104, 0.0494, 0.6960, -0.0921
17:39:09, 1.93, 58, 88.59, 11.48, 356.13, 0.7094, 0.0481, 0.6969, -0.0939
17:39:09, 1.93, 58, 88.69, 11.53, 355.96, 0.7086, 0.0473, 0.6976, -0.0952
17:39:09, 1.93, 58, 88.80, 11.53, 355.81, 0.7078, 0.0462, 0.6983, -0.0962
17:39:09, 1.97, 59, 88.94, 11.56, 355.66, 0.7068, 0.0455, 0.6992, -0.0974
17:39:09, 1.97, 59, 89.06, 11.56, 355.53, 0.7060, 0.0445, 0.7000, -0.0982
17:39:09, 2.00, 60, 89.21, 11.56, 355.43, 0.7050, 0.0438, 0.7009, -0.0989
17:39:09, 2.00, 60, 89.37, 11.50, 355.28, 0.7039, 0.0424, 0.7020, -0.0995
17:39:09, 2.03, 61, 89.63, 11.45, 355.13, 0.7022, 0.0409, 0.7037, -0.1002
17:39:09, 2.03, 61, 89.91, 11.33, 355.00, 0.7005, 0.0391, 0.7055, -0.1004
17:39:09, 2.03, 61, 90.23, 11.23, 354.88, 0.6985, 0.0374, 0.7075, -0.1006
17:39:09, 2.07, 62, 90.55, 11.11, 354.82, 0.6966, 0.0361, 0.7095, -0.1003
17:39:09, 2.07, 62, 90.87, 10.96, 354.77, 0.6947, 0.0346, 0.7115, -0.0999
17:39:09, 2.10, 63, 91.17, 10.85, 354.73, 0.6929, 0.0334, 0.7134, -0.0995
17:39:09, 2.10, 63, 91.39, 10.67, 354.62, 0.6915, 0.0314, 0.7148, -0.0991
17:39:09, 2.10, 63, 91.66, 10.48, 354.47, 0.6899, 0.0291, 0.7165, -0.0989
17:39:09, 2.13, 64, 91.88, 10.24, 354.34, 0.6886, 0.0267, 0.7180, -0.0983
17:39:09, 2.13, 64, 92.13, 10.05, 354.19, 0.6871, 0.0243, 0.7195, -0.0980
17:39:09, 2.17, 65, 92.44, 9.73, 354.09, 0.6853, 0.0215, 0.7215, -0.0967
17:39:09, 2.17, 65, 92.72, 9.32, 353.96, 0.6838, 0.0180, 0.7232, -0.0950
17:39:09, 2.20, 66, 93.02, 8.82, 353.74, 0.6821, 0.0134, 0.7252, -0.0932
17:39:09, 2.20, 66, 93.35, 8.20, 353.50, 0.6803, 0.0078, 0.7272, -0.0907
17:39:09, 2.20, 66, 93.67, 7.44, 353.31, 0.6787, 0.0018, 0.7292, -0.0871
17:39:09, 2.23, 67, 94.04, 6.62, 353.15, 0.6769, -0.0043, 0.7314, -0.0828
17:39:09, 2.23, 67, 94.40, 5.71, 353.03, 0.6751, -0.0108, 0.7335, -0.0777
17:39:10, 2.27, 68, 94.81, 4.73, 352.95, 0.6731, -0.0174, 0.7358, -0.0719
17:39:10, 2.27, 68, 95.19, 3.74, 352.92, 0.6713, -0.0236, 0.7379, -0.0656
17:39:10, 2.27, 68, 95.49, 2.80, 352.76, 0.6698, -0.0303, 0.7395, -0.0605
17:39:10, 2.30, 69, 95.76, 1.81, 352.72, 0.6685, -0.0365, 0.7408, -0.0543
17:39:10, 2.30, 69, 96.01, 0.93, 352.68, 0.6673, -0.0421, 0.7420, -0.0487
17:39:10, 2.33, 70, 96.23, 0.08, 352.69, 0.6663, -0.0470, 0.7430, -0.0431
17:39:10, 2.33, 70, 96.43, 359.35, 352.75, 0.6653, -0.0509, 0.7439, -0.0379
17:39:10, 2.37, 71, 96.61, 358.60, 352.77, 0.6644, -0.0552, 0.7447, -0.0328
17:39:10, 2.37, 71, 96.84, 357.83, 352.79, 0.6631, -0.0596, 0.7456, -0.0276
17:39:10, 2.37, 71, 97.00, 357.13, 352.71, 0.6622, -0.0641, 0.7462, -0.0234
17:39:10, 2.40, 72, 97.20, 356.45, 352.67, 0.6611, -0.0684, 0.7469, -0.0190
17:39:10, 2.40, 72, 97.42, 355.88, 352.65, 0.6598, -0.0718, 0.7479, -0.0153
17:39:10, 2.43, 73, 97.71, 355.31, 352.61, 0.6581, -0.0753, 0.7491, -0.0116
17:39:10, 2.43, 73, 97.96, 354.84, 352.59, 0.6565, -0.0782, 0.7502, -0.0085
17:39:10, 2.43, 73, 98.26, 354.45, 352.47, 0.6546, -0.0812, 0.7516, -0.0064
17:39:10, 2.47, 74, 98.61, 354.07, 352.28, 0.6524, -0.0846, 0.7532, -0.0047
17:39:10, 2.47, 74, 99.05, 353.73, 352.03, 0.6494, -0.0882, 0.7553, -0.0035
17:39:10, 2.50, 75, 99.56, 353.41, 351.76, 0.6461, -0.0918, 0.7577, -0.0025
17:39:10, 2.50, 75, 100.07, 353.16, 351.69, 0.6428, -0.0937, 0.7603, -0.0009
17:39:10, 2.53, 76, 100.54, 352.85, 351.62, 0.6397, -0.0958, 0.7626, 0.0012
17:39:10, 2.53, 76, 100.85, 352.65, 351.50, 0.6377, -0.0977, 0.7641, 0.0022
17:39:10, 2.53, 76, 101.18, 352.45, 351.42, 0.6355, -0.0993, 0.7657, 0.0034
17:39:10, 2.57, 77, 101.41, 352.25, 351.34, 0.6340, -0.1010, 0.7667, 0.0044
17:39:10, 2.57, 77, 101.65, 352.12, 351.24, 0.6324, -0.1023, 0.7678, 0.0050
17:39:10, 2.60, 78, 101.82, 352.07, 351.19, 0.6313, -0.1029, 0.7686, 0.0052
17:39:10, 2.60, 78, 101.96, 351.98, 351.14, 0.6304, -0.1038, 0.7693, 0.0057
17:39:10, 2.60, 78, 102.11, 351.97, 351.04, 0.6294, -0.1045, 0.7700, 0.0053
17:39:10, 2.63, 79, 102.23, 351.99, 350.91, 0.6285, -0.1052, 0.7706, 0.0046
17:39:10, 2.63, 79, 102.36, 352.05, 350.85, 0.6277, -0.1054, 0.7713, 0.0040
17:39:10, 2.67, 80, 102.50, 352.11, 350.77, 0.6267, -0.1055, 0.7721, 0.0032
17:39:10, 2.67, 80, 102.63, 352.20, 350.67, 0.6258, -0.1057, 0.7728, 0.0022
17:39:10, 2.70, 81, 102.76, 352.25, 350.51, 0.6249, -0.1065, 0.7734, 0.0011
17:39:10, 2.70, 81, 102.93, 352.31, 350.33, 0.6238, -0.1074, 0.7742, -0.0001
17:39:10, 2.70, 81, 103.07, 352.36, 350.11, 0.6228, -0.1086, 0.7748, -0.0015
17:39:10, 2.73, 82, 103.25, 352.40, 349.98, 0.6216, -0.1093, 0.7757, -0.0023
17:39:10, 2.73, 82, 103.37, 352.44, 349.87, 0.6208, -0.1099, 0.7763, -0.0031
17:39:10, 2.77, 83, 103.48, 352.48, 349.79, 0.6200, -0.1102, 0.7768, -0.0037
17:39:10, 2.77, 83, 103.56, 352.53, 349.70, 0.6194, -0.1105, 0.7772, -0.0045
17:39:10, 2.77, 83, 103.68, 352.58, 349.56, 0.6186, -0.1112, 0.7777, -0.0054
17:39:10, 2.80, 84, 103.79, 352.60, 349.42, 0.6179, -0.1120, 0.7782, -0.0062
17:39:10, 2.80, 84, 103.90, 352.69, 349.29, 0.6171, -0.1125, 0.7788, -0.0074
17:39:10, 2.83, 85, 103.95, 352.75, 349.19, 0.6167, -0.1129, 0.7790, -0.0083
17:39:10, 2.83, 85, 104.00, 352.82, 349.06, 0.6163, -0.1133, 0.7792, -0.0095
17:39:10, 2.87, 86, 104.04, 352.87, 348.89, 0.6160, -0.1142, 0.7793, -0.0106
17:39:10, 2.87, 86, 104.08, 352.92, 348.74, 0.6157, -0.1150, 0.7794, -0.0118
17:39:10, 2.87, 86, 104.12, 352.96, 348.57, 0.6154, -0.1159, 0.7795, -0.0129
17:39:10, 2.90, 87, 104.13, 353.02, 348.43, 0.6154, -0.1166, 0.7794, -0.0141
17:39:10, 2.90, 87, 104.11, 353.08, 348.30, 0.6154, -0.1171, 0.7793, -0.0152
17:39:10, 2.93, 88, 104.06, 353.14, 348.19, 0.6157, -0.1175, 0.7790, -0.0163
17:39:10, 2.93, 88, 103.97, 353.24, 348.11, 0.6163, -0.1176, 0.7785, -0.0175
17:39:10, 2.93, 88, 103.88, 353.31, 348.10, 0.6169, -0.1173, 0.7780, -0.0181
17:39:10, 2.97, 89, 103.74, 353.33, 348.12, 0.6178, -0.1170, 0.7774, -0.0183
17:39:10, 2.97, 89, 103.51, 353.32, 348.22, 0.6194, -0.1163, 0.7762, -0.0179
17:39:10, 3.00, 90, 103.23, 353.21, 348.32, 0.6214, -0.1162, 0.7747, -0.0169
17:39:10, 3.00, 90, 102.92, 353.06, 348.40, 0.6235, -0.1164, 0.7729, -0.0157
17:39:10, 3.03, 91, 102.54, 352.87, 348.49, 0.6262, -0.1168, 0.7708, -0.0143
17:39:10, 3.03, 91, 102.10, 352.72, 348.60, 0.6292, -0.1168, 0.7683, -0.0132
17:39:10, 3.03, 91, 101.69, 352.61, 348.80, 0.6320, -0.1160, 0.7662, -0.0118
17:39:10, 3.07, 92, 101.27, 352.48, 348.97, 0.6349, -0.1155, 0.7639, -0.0103
17:39:10, 3.07, 92, 100.91, 352.40, 349.14, 0.6373, -0.1148, 0.7620, -0.0093
17:39:10, 3.10, 93, 100.50, 352.33, 349.36, 0.6401, -0.1137, 0.7598, -0.0079
17:39:10, 3.10, 93, 100.13, 352.26, 349.50, 0.6425, -0.1132, 0.7579, -0.0070
17:39:10, 3.10, 93, 99.67, 352.24, 349.67, 0.6456, -0.1121, 0.7554, -0.0064
17:39:10, 3.13, 94, 99.33, 352.16, 349.81, 0.6478, -0.1116, 0.7535, -0.0054
17:39:10, 3.13, 94, 98.86, 352.14, 349.97, 0.6509, -0.1107, 0.7510, -0.0049
17:39:10, 3.17, 95, 98.33, 352.08, 350.10, 0.6544, -0.1101, 0.7481, -0.0042
17:39:10, 3.17, 95, 97.75, 352.05, 350.29, 0.6582, -0.1090, 0.7449, -0.0035
17:39:10, 3.20, 96, 97.13, 352.02, 350.49, 0.6622, -0.1079, 0.7415, -0.0027
17:39:10, 3.20, 96, 96.33, 352.05, 350.76, 0.6674, -0.1060, 0.7371, -0.0021
17:39:10, 3.20, 96, 95.50, 352.02, 350.98, 0.6727, -0.1047, 0.7325, -0.0014
17:39:10, 3.23, 97, 94.55, 351.99, 351.19, 0.6787, -0.1035, 0.7270, -0.0008
17:39:10, 3.23, 97, 93.61, 351.91, 351.34, 0.6847, -0.1031, 0.7215, -0.0003
17:39:11, 3.27, 98, 92.66, 351.81, 351.57, 0.6907, -0.1022, 0.7159, 0.0009
17:39:11, 3.27, 98, 91.78, 351.82, 351.73, 0.6962, -0.1011, 0.7107, 0.0010
17:39:11, 3.27, 98, 90.76, 351.81, 351.90, 0.7024, -0.1002, 0.7047, 0.0012
17:39:11, 3.30, 99, 89.63, 351.81, 352.13, 0.7094, -0.0988, 0.6979, 0.0017
17:39:11, 3.30, 99, 88.48, 351.75, 352.26, 0.7163, -0.0984, 0.6908, 0.0018
17:39:11, 3.33, 100, 87.32, 351.66, 352.42, 0.7233, -0.0980, 0.6836, 0.0024
17:39:11, 3.33, 100, 86.03, 351.69, 352.69, 0.7309, -0.0963, 0.6756, 0.0028
17:39:11, 3.37, 101, 84.77, 351.64, 353.02, 0.7383, -0.0946, 0.6678, 0.0042
17:39:11, 3.37, 101, 83.43, 351.50, 353.37, 0.7460, -0.0936, 0.6593, 0.0062
17:39:11, 3.37, 101, 81.83, 351.35, 353.55, 0.7551, -0.0936, 0.6489, 0.0070
17:39:11, 3.40, 102, 80.24, 351.11, 353.92, 0.7640, -0.0932, 0.6384, 0.0094
17:39:11, 3.40, 102, 78.57, 351.13, 354.41, 0.7731, -0.0905, 0.6276, 0.0113
17:39:11, 3.43, 103, 76.82, 351.20, 355.01, 0.7826, -0.0870, 0.6163, 0.0136
17:39:11, 3.43, 103, 75.06, 351.31, 355.65, 0.7920, -0.0831, 0.6047, 0.0161
17:39:11, 3.43, 103, 73.28, 351.53, 356.21, 0.8012, -0.0789, 0.5929, 0.0176
17:39:11, 3.47, 104, 71.55, 351.72, 356.73, 0.8101, -0.0752, 0.5812, 0.0191
17:39:11, 3.47, 104, 69.90, 352.00, 357.29, 0.8184, -0.0707, 0.5699, 0.0206
17:39:11, 3.50, 105, 68.26, 352.45, 357.78, 0.8266, -0.0653, 0.5587, 0.0209
17:39:11, 3.50, 105, 66.48, 352.88, 358.20, 0.8352, -0.0605, 0.5462, 0.0209
17:39:11, 3.53, 106, 64.59, 353.44, 358.44, 0.8443, -0.0556, 0.5327, 0.0190
17:39:11, 3.53, 106, 62.58, 353.94, 358.65, 0.8536, -0.0513, 0.5181, 0.0174
17:39:11, 3.53, 106, 60.48, 354.45, 358.86, 0.8631, -0.0468, 0.5026, 0.0158
17:39:11, 3.57, 107, 58.24, 355.06, 358.99, 0.8730, -0.0419, 0.4858, 0.0133
17:39:11, 3.57, 107, 55.92, 355.50, 359.06, 0.8827, -0.0385, 0.4682, 0.0112
17:39:11, 3.60, 108, 53.50, 356.04, 358.98, 0.8926, -0.0348, 0.4495, 0.0076
17:39:11, 3.60, 108, 50.91, 356.55, 358.84, 0.9026, -0.0315, 0.4293, 0.0038
17:39:11, 3.60, 108, 48.23, 357.00, 358.72, 0.9125, -0.0284, 0.4082, 0.0005
17:39:11, 3.63, 109, 45.42, 357.65, 358.57, 0.9223, -0.0237, 0.3857, -0.0036
17:39:11, 3.63, 109, 42.47, 358.38, 358.37, 0.9320, -0.0184, 0.3619, -0.0081
17:39:11, 3.67, 110, 39.42, 359.14, 358.12, 0.9413, -0.0126, 0.3371, -0.0130
17:39:11, 3.67, 110, 36.11, 359.93, 357.92, 0.9506, -0.0062, 0.3099, -0.0170
17:39:11, 3.70, 111, 32.63, 0.68, 357.75, 0.9595, 0.0002, 0.2810, -0.0205
17:39:11, 3.70, 111, 29.05, 1.14, 357.28, 0.9677, 0.0037, 0.2509, -0.0255
17:39:11, 3.70, 111, 25.27, 1.64, 356.71, 0.9752, 0.0077, 0.2190, -0.0311
17:39:11, 3.73, 112, 21.70, 1.95, 356.47, 0.9814, 0.0109, 0.1886, -0.0335
17:39:11, 3.73, 112, 18.20, 2.21, 356.44, 0.9867, 0.0141, 0.1586, -0.0337
17:39:11, 3.77, 113, 14.87, 2.28, 356.49, 0.9909, 0.0158, 0.1299, -0.0329
17:39:11, 3.77, 113, 11.71, 2.40, 356.39, 0.9940, 0.0176, 0.1026, -0.0334
17:39:11, 3.77, 113, 8.64, 2.42, 356.31, 0.9964, 0.0186, 0.0759, -0.0337
17:39:11, 3.80, 114, 5.69, 2.54, 356.17, 0.9979, 0.0205, 0.0503, -0.0345
17:39:11, 3.80, 114, 2.86, 2.73, 356.08, 0.9988, 0.0230, 0.0257, -0.0347
17:39:11, 3.83, 115, 0.24, 2.95, 356.00, 0.9991, 0.0256, 0.0030, -0.0349
17:39:11, 3.83, 115, 357.88, 3.18, 355.96, 0.9988, 0.0283, -0.0175, -0.0347
17:39:11, 3.87, 116, 355.61, 3.31, 355.93, 0.9983, 0.0302, -0.0372, -0.0344
17:39:11, 3.87, 116, 353.52, 3.36, 355.87, 0.9974, 0.0313, -0.0554, -0.0343
17:39:11, 3.87, 116, 351.45, 3.47, 355.68, 0.9961, 0.0330, -0.0734, -0.0354
17:39:11, 3.90, 117, 349.52, 3.58, 355.48, 0.9947, 0.0347, -0.0900, -0.0364
17:39:11, 3.90, 117, 347.71, 3.58, 355.52, 0.9931, 0.0352, -0.1057, -0.0355
17:39:11, 3.93, 118, 346.13, 3.52, 355.65, 0.9916, 0.0351, -0.1195, -0.0339
17:39:11, 3.93, 118, 344.57, 3.53, 355.70, 0.9899, 0.0355, -0.1329, -0.0331
17:39:11, 3.93, 118, 343.28, 3.44, 355.75, 0.9884, 0.0351, -0.1442, -0.0323
17:39:11, 3.97, 119, 342.00, 3.34, 355.75, 0.9868, 0.0346, -0.1552, -0.0320
17:39:11, 3.97, 119, 340.78, 3.26, 355.70, 0.9850, 0.0343, -0.1657, -0.0323
17:39:11, 4.00, 120, 339.59, 3.18, 355.73, 0.9833, 0.0339, -0.1760, -0.0318
17:39:11, 4.00, 120, 338.56, 3.15, 355.74, 0.9817, 0.0339, -0.1848, -0.0314
17:39:11, 4.03, 121, 337.64, 3.10, 355.85, 0.9802, 0.0336, -0.1927, -0.0303
17:39:11, 4.03, 121, 336.81, 2.93, 355.89, 0.9788, 0.0322, -0.1999, -0.0300
17:39:11, 4.03, 121, 335.99, 2.81, 355.95, 0.9774, 0.0313, -0.2070, -0.0295
17:39:11, 4.07, 122, 335.02, 2.62, 355.86, 0.9756, 0.0301, -0.2152, -0.0303
17:39:11, 4.07, 122, 334.07, 2.62, 355.76, 0.9738, 0.0306, -0.2234, -0.0309
17:39:11, 4.10, 123, 333.18, 2.74, 355.78, 0.9720, 0.0317, -0.2308, -0.0302
17:39:11, 4.10, 123, 332.33, 2.97, 355.76, 0.9702, 0.0340, -0.2380, -0.0297
17:39:11, 4.10, 123, 331.52, 3.07, 355.69, 0.9685, 0.0352, -0.2447, -0.0299
17:39:11, 4.13, 124, 330.68, 3.11, 355.60, 0.9666, 0.0359, -0.2518, -0.0303
17:39:11, 4.13, 124, 329.83, 3.16, 355.41, 0.9647, 0.0370, -0.2589, -0.0315
17:39:11, 4.17, 125, 329.03, 3.42, 355.25, 0.9628, 0.0398, -0.2655, -0.0320
17:39:11, 4.17, 125, 328.25, 3.79, 355.11, 0.9608, 0.0434, -0.2718, -0.0320
17:39:11, 4.20, 126, 327.65, 4.05, 355.04, 0.9593, 0.0459, -0.2767, -0.0317
17:39:11, 4.20, 126, 327.06, 4.35, 354.90, 0.9578, 0.0490, -0.2814, -0.0319
17:39:11, 4.20, 126, 326.51, 4.51, 354.83, 0.9564, 0.0506, -0.2859, -0.0319
17:39:11, 4.23, 127, 325.91, 4.53, 354.77, 0.9549, 0.0511, -0.2908, -0.0320
17:39:11, 4.23, 127, 325.34, 4.39, 354.74, 0.9534, 0.0502, -0.2957, -0.0324
17:39:12, 4.27, 128, 324.72, 4.28, 354.65, 0.9518, 0.0497, -0.3008, -0.0331
17:39:12, 4.27, 128, 324.14, 4.18, 354.58, 0.9503, 0.0492, -0.3057, -0.0337
17:39:12, 4.27, 128, 323.57, 4.14, 354.53, 0.9487, 0.0492, -0.3104, -0.0340
17:39:12, 4.30, 129, 323.06, 4.00, 354.52, 0.9474, 0.0482, -0.3146, -0.0343
17:39:12, 4.30, 129, 322.55, 3.86, 354.45, 0.9459, 0.0474, -0.3189, -0.0350
17:39:12, 4.33, 130, 322.02, 3.77, 354.39, 0.9445, 0.0469, -0.3233, -0.0356
17:39:12, 4.33, 130, 321.44, 3.55, 354.29, 0.9428, 0.0456, -0.3282, -0.0368
17:39:12, 4.37, 131, 320.87, 3.39, 354.21, 0.9412, 0.0448, -0.3329, -0.0377
17:39:12, 4.37, 131, 320.24, 3.19, 354.15, 0.9393, 0.0435, -0.3382, -0.0385
17:39:12, 4.37, 131, 319.70, 3.06, 354.17, 0.9377, 0.0425, -0.3427, -0.0385
17:39:12, 4.40, 132, 319.13, 2.93, 354.10, 0.9360, 0.0419, -0.3474, -0.0393
17:39:12, 4.40, 132, 318.55, 2.82, 354.13, 0.9342, 0.0411, -0.3522, -0.0392
17:39:12, 4.43, 133, 317.99, 2.70, 354.12, 0.9325, 0.0404, -0.3568, -0.0394
17:39:12, 4.43, 133, 317.38, 2.62, 354.09, 0.9306, 0.0400, -0.3617, -0.0397
17:39:12, 4.43, 133, 316.84, 2.56, 354.11, 0.9289, 0.0396, -0.3662, -0.0395
17:39:12, 4.47, 134, 316.28, 2.55, 354.12, 0.9271, 0.0397, -0.3707, -0.0393
17:39:12, 4.47, 134, 315.69, 2.56, 354.11, 0.9252, 0.0401, -0.3754, -0.0392
17:39:12, 4.50, 135, 315.18, 2.60, 354.09, 0.9234, 0.0406, -0.3796, -0.0390
17:39:12, 4.50, 135, 314.49, 2.55, 354.06, 0.9212, 0.0405, -0.3851, -0.0392
17:39:12, 4.53, 136, 313.93, 2.53, 354.05, 0.9192, 0.0406, -0.3896, -0.0391
17:39:12, 4.53, 136, 313.27, 2.49, 353.91, 0.9170, 0.0410, -0.3948, -0.0402
17:39:12, 4.53, 136, 312.57, 2.53, 353.81, 0.9145, 0.0419, -0.4004, -0.0406
17:39:12, 4.57, 137, 311.91, 2.48, 353.81, 0.9122, 0.0417, -0.4057, -0.0405
17:39:12, 4.57, 137, 311.24, 2.42, 353.83, 0.9098, 0.0415, -0.4111, -0.0403
17:39:12, 4.60, 138, 310.65, 2.33, 353.84, 0.9076, 0.0409, -0.4158, -0.0403
17:39:12, 4.60, 138, 310.09, 2.24, 353.86, 0.9056, 0.0403, -0.4202, -0.0403
17:39:12, 4.60, 138, 309.62, 2.14, 353.89, 0.9039, 0.0395, -0.4240, -0.0403
17:39:12, 4.63, 139, 309.21, 2.09, 353.88, 0.9024, 0.0393, -0.4273, -0.0404
17:39:12, 4.63, 139, 308.81, 2.03, 353.96, 0.9009, 0.0387, -0.4305, -0.0399
17:39:12, 4.67, 140, 308.56, 1.80, 354.09, 0.9000, 0.0365, -0.4326, -0.0396
17:39:12, 4.67, 140, 308.37, 1.61, 354.27, 0.8993, 0.0344, -0.4342, -0.0389
17:39:12, 4.70, 141, 308.11, 1.31, 354.38, 0.8983, 0.0317, -0.4365, -0.0391
17:39:12, 4.70, 141, 307.85, 0.95, 354.48, 0.8973, 0.0286, -0.4386, -0.0396
17:39:12, 4.70, 141, 307.60, 0.69, 354.56, 0.8963, 0.0263, -0.4408, -0.0400
17:39:12, 4.73, 142, 307.44, 0.34, 354.60, 0.8957, 0.0235, -0.4421, -0.0409
17:39:12, 4.73, 142, 307.28, 359.98, 354.62, 0.8950, 0.0207, -0.4435, -0.0421
17:39:12, 4.77, 143, 307.14, 359.64, 354.61, 0.8944, 0.0181, -0.4447, -0.0435
17:39:12, 4.77, 143, 307.05, 359.33, 354.59, 0.8940, 0.0158, -0.4455, -0.0449
17:39:12, 4.77, 143, 306.93, 359.09, 354.54, 0.8935, 0.0142, -0.4466, -0.0462
17:39:12, 4.80, 144, 306.83, 358.89, 354.55, 0.8930, 0.0126, -0.4474, -0.0469
17:39:12, 4.80, 144, 306.63, 358.65, 354.58, 0.8922, 0.0107, -0.4491, -0.0476
17:39:12, 4.83, 145, 306.47, 358.41, 354.62, 0.8915, 0.0088, -0.4504, -0.0481
17:39:12, 4.83, 145, 306.22, 358.16, 354.63, 0.8904, 0.0069, -0.4524, -0.0490
17:39:12, 4.87, 146, 305.88, 357.95, 354.69, 0.8891, 0.0052, -0.4551, -0.0494
17:39:12, 4.87, 146, 305.35, 357.88, 354.75, 0.8869, 0.0046, -0.4592, -0.0492
17:39:12, 4.87, 146, 304.67, 357.79, 354.75, 0.8842, 0.0042, -0.4645, -0.0496
17:39:12, 4.90, 147, 303.93, 357.64, 354.69, 0.8811, 0.0036, -0.4702, -0.0505
17:39:12, 4.90, 147, 303.15, 357.55, 354.62, 0.8778, 0.0036, -0.4763, -0.0514
17:39:12, 4.93, 148, 302.28, 357.51, 354.58, 0.8741, 0.0038, -0.4829, -0.0519
17:39:12, 4.93, 148, 301.38, 357.51, 354.44, 0.8702, 0.0048, -0.4898, -0.0529
17:39:12, 4.93, 148, 300.53, 357.54, 354.28, 0.8665, 0.0061, -0.4962, -0.0540
17:39:12, 4.97, 149, 299.63, 357.55, 354.11, 0.8625, 0.0073, -0.5030, -0.0551
17:39:12, 4.97, 149, 298.70, 357.46, 353.97, 0.8583, 0.0078, -0.5099, -0.0565
17:39:12, 5.00, 150, 297.85, 357.27, 353.78, 0.8543, 0.0076, -0.5163, -0.0588
17:39:12, 5.00, 150, 296.92, 356.94, 353.55, 0.8498, 0.0067, -0.5234, -0.0619
17:39:12, 5.03, 151, 295.83, 356.46, 353.36, 0.8445, 0.0046, -0.5316, -0.0654
17:39:12, 5.03, 151, 294.59, 355.98, 353.13, 0.8383, 0.0029, -0.5408, -0.0693
17:39:12, 5.03, 151, 293.32, 355.63, 352.85, 0.8319, 0.0025, -0.5501, -0.0729
17:39:12, 5.07, 152, 292.03, 355.28, 352.64, 0.8253, 0.0018, -0.5595, -0.0762
17:39:12, 5.07, 152, 290.63, 355.03, 352.40, 0.8181, 0.0021, -0.5697, -0.0791
17:39:12, 5.10, 153, 289.11, 354.87, 352.31, 0.8103, 0.0024, -0.5805, -0.0805
17:39:12, 5.10, 153, 287.49, 354.77, 352.12, 0.8018, 0.0039, -0.5919, -0.0823
17:39:12, 5.10, 153, 285.92, 354.66, 351.91, 0.7934, 0.0053, -0.6028, -0.0842
17:39:12, 5.13, 154, 284.30, 354.60, 351.71, 0.7846, 0.0072, -0.6140, -0.0859
17:39:12, 5.13, 154, 282.62, 354.48, 351.59, 0.7753, 0.0083, -0.6254, -0.0872
17:39:12, 5.17, 155, 280.85, 354.37, 351.53, 0.7655, 0.0092, -0.6374, -0.0881
17:39:12, 5.17, 155, 279.02, 354.26, 351.47, 0.7550, 0.0103, -0.6496, -0.0889
17:39:12, 5.20, 156, 277.17, 354.09, 351.39, 0.7443, 0.0110, -0.6617, -0.0903
17:39:12, 5.20, 156, 275.25, 353.89, 351.21, 0.7328, 0.0123, -0.6740, -0.0923
17:39:12, 5.20, 156, 273.40, 353.76, 351.21, 0.7217, 0.0130, -0.6858, -0.0929
17:39:12, 5.23, 157, 271.55, 353.57, 351.26, 0.7104, 0.0130, -0.6974, -0.0935
17:39:12, 5.23, 157, 269.75, 353.42, 351.30, 0.6993, 0.0132, -0.7085, -0.0940
17:39:13, 5.27, 158, 268.04, 353.23, 351.37, 0.6885, 0.0131, -0.7189, -0.0945
17:39:13, 5.27, 158, 266.32, 353.11, 351.36, 0.6775, 0.0139, -0.7292, -0.0952
17:39:13, 5.27, 158, 264.75, 352.95, 351.48, 0.6675, 0.0134, -0.7384, -0.0952
17:39:13, 5.30, 159, 263.24, 352.83, 351.60, 0.6577, 0.0132, -0.7471, -0.0952
17:39:13, 5.30, 159, 261.86, 352.90, 351.67, 0.6487, 0.0143, -0.7550, -0.0941
17:39:13, 5.33, 160, 260.55, 352.99, 351.76, 0.6402, 0.0152, -0.7624, -0.0929
17:39:13, 5.33, 160, 259.37, 353.09, 351.94, 0.6326, 0.0156, -0.7690, -0.0910
17:39:13, 5.37, 161, 258.26, 353.27, 352.12, 0.6253, 0.0163, -0.7751, -0.0887
17:39:13, 5.37, 161, 257.28, 353.48, 352.23, 0.6190, 0.0174, -0.7804, -0.0866
17:39:13, 5.37, 161, 256.40, 353.59, 352.39, 0.6132, 0.0176, -0.7852, -0.0848
17:39:13, 5.40, 162, 255.50, 353.68, 352.46, 0.6071, 0.0182, -0.7900, -0.0837
17:39:13, 5.40, 162, 254.72, 353.66, 352.56, 0.6018, 0.0180, -0.7941, -0.0832
17:39:13, 5.43, 163, 254.04, 353.72, 352.68, 0.5972, 0.0180, -0.7977, -0.0820
17:39:13, 5.43, 163, 253.23, 353.86, 352.98, 0.5918, 0.0172, -0.8020, -0.0794
17:39:13, 5.43, 163, 252.45, 354.09, 353.24, 0.5867, 0.0171, -0.8060, -0.0763
17:39:13, 5.47, 164, 251.80, 354.17, 353.34, 0.5823, 0.0172, -0.8093, -0.0751
17:39:13, 5.47, 164, 251.29, 354.17, 353.41, 0.5787, 0.0171, -0.8120, -0.0747
17:39:13, 5.50, 165, 250.73, 354.21, 353.52, 0.5748, 0.0169, -0.8148, -0.0738
17:39:13, 5.50, 165, 250.18, 354.20, 353.72, 0.5710, 0.0157, -0.8176, -0.0728
17:39:13, 5.53, 166, 249.46, 355.14, 354.07, 0.5666, 0.0184, -0.8213, -0.0643
17:39:13, 5.53, 166, 248.98, 354.70, 354.27, 0.5631, 0.0150, -0.8236, -0.0664
17:39:13, 5.53, 166, 248.59, 355.06, 354.53, 0.5606, 0.0151, -0.8256, -0.0624
17:39:13, 5.57, 167, 248.19, 354.83, 354.72, 0.5577, 0.0128, -0.8276, -0.0631
17:39:13, 5.57, 167, 247.73, 354.61, 354.85, 0.5543, 0.0111, -0.8298, -0.0641
17:39:13, 5.60, 168, 247.15, 354.74, 355.05, 0.5503, 0.0106, -0.8326, -0.0621
17:39:13, 5.60, 168, 246.70, 354.64, 355.33, 0.5471, 0.0084, -0.8348, -0.0614
17:39:13, 5.60, 168, 246.20, 354.59, 355.49, 0.5435, 0.0072, -0.8372, -0.0610
17:39:13, 5.63, 169, 245.68, 354.57, 355.66, 0.5398, 0.0061, -0.8396, -0.0603
17:39:13, 5.63, 169, 245.04, 354.52, 355.81, 0.5351, 0.0051, -0.8426, -0.0599
17:39:13, 5.67, 170, 244.33, 354.54, 356.03, 0.5301, 0.0039, -0.8459, -0.0587
17:39:13, 5.67, 170, 243.65, 354.67, 356.28, 0.5252, 0.0031, -0.8491, -0.0566
17:39:13, 5.70, 171, 242.94, 354.69, 356.45, 0.5200, 0.0022, -0.8524, -0.0556
17:39:13, 5.70, 171, 242.28, 354.78, 356.60, 0.5152, 0.0018, -0.8554, -0.0543
17:39:13, 5.70, 171, 241.67, 354.76, 356.67, 0.5107, 0.0015, -0.8581, -0.0541
17:39:13, 5.73, 172, 241.09, 354.82, 356.78, 0.5064, 0.0012, -0.8606, -0.0532
17:39:13, 5.73, 172, 240.53, 354.88, 356.82, 0.5022, 0.0015, -0.8631, -0.0525
17:39:13, 5.77, 173, 240.02, 354.92, 356.90, 0.4984, 0.0012, -0.8654, -0.0518
17:39:13, 5.77, 173, 239.49, 355.07, 356.99, 0.4945, 0.0014, -0.8677, -0.0503
17:39:13, 5.77, 173, 238.99, 355.21, 357.16, 0.4909, 0.0010, -0.8699, -0.0486
17:39:13, 5.80, 174, 238.52, 355.23, 357.29, 0.4874, 0.0003, -0.8719, -0.0478
17:39:13, 5.80, 174, 238.06, 355.32, 357.40, 0.4839, 0.0000, -0.8739, -0.0467
17:39:13, 5.83, 175, 237.64, 355.44, 357.44, 0.4808, 0.0004, -0.8757, -0.0456
17:39:13, 5.83, 175, 237.24, 355.56, 357.53, 0.4778, 0.0003, -0.8774, -0.0443
17:39:13, 5.87, 176, 236.86, 355.67, 357.59, 0.4749, 0.0005, -0.8790, -0.0432
17:39:13, 5.87, 176, 236.50, 355.69, 357.62, 0.4722, 0.0005, -0.8804, -0.0430
17:39:13, 5.87, 176, 236.05, 355.80, 357.72, 0.4688, 0.0004, -0.8823, -0.0417
17:39:13, 5.90, 177, 235.67, 355.88, 357.67, 0.4659, 0.0012, -0.8839, -0.0413
17:39:13, 5.90, 177, 235.27, 355.91, 357.64, 0.4628, 0.0017, -0.8855, -0.0412
17:39:13, 5.93, 178, 234.82, 356.03, 357.64, 0.4594, 0.0023, -0.8873, -0.0402
17:39:13, 5.93, 178, 234.40, 356.08, 357.55, 0.4561, 0.0033, -0.8890, -0.0402
17:39:13, 5.93, 178, 234.02, 356.18, 357.53, 0.4532, 0.0041, -0.8905, -0.0395
17:39:13, 5.97, 179, 233.58, 356.24, 357.48, 0.4497, 0.0049, -0.8923, -0.0392
17:39:13, 5.97, 179, 233.15, 356.34, 357.47, 0.4464, 0.0054, -0.8940, -0.0385
17:39:13, 6.00, 180, 232.68, 356.36, 357.41, 0.4427, 0.0061, -0.8958, -0.0384
17:39:13, 6.00, 180, 232.15, 356.44, 357.34, 0.4386, 0.0072, -0.8978, -0.0381
17:39:13, 6.03, 181, 231.62, 356.47, 357.28, 0.4344, 0.0080, -0.8999, -0.0380
17:39:13, 6.03, 181, 231.07, 356.58, 357.23, 0.4301, 0.0089, -0.9020, -0.0373
17:39:13, 6.03, 181, 230.44, 356.60, 357.23, 0.4252, 0.0093, -0.9043, -0.0371
17:39:13, 6.07, 182, 229.77, 356.69, 357.28, 0.4199, 0.0094, -0.9068, -0.0362
17:39:13, 6.07, 182, 229.11, 356.69, 357.26, 0.4146, 0.0097, -0.9092, -0.0362
17:39:13, 6.10, 183, 228.36, 356.69, 357.21, 0.4087, 0.0104, -0.9119, -0.0363
17:39:13, 6.10, 183, 227.74, 356.72, 357.21, 0.4037, 0.0107, -0.9141, -0.0360
17:39:13, 6.10, 183, 227.14, 356.79, 357.22, 0.3989, 0.0110, -0.9162, -0.0354
17:39:13, 6.13, 184, 226.51, 356.89, 357.23, 0.3940, 0.0115, -0.9184, -0.0345
17:39:13, 6.13, 184, 225.93, 357.00, 357.28, 0.3894, 0.0116, -0.9204, -0.0334
17:39:13, 6.17, 185, 225.34, 357.16, 357.38, 0.3847, 0.0116, -0.9224, -0.0317
17:39:13, 6.17, 185, 224.76, 357.31, 357.37, 0.3801, 0.0123, -0.9244, -0.0304
17:39:13, 6.20, 186, 224.23, 357.41, 357.41, 0.3758, 0.0124, -0.9261, -0.0294
17:39:13, 6.20, 186, 223.73, 357.49, 357.40, 0.3718, 0.0129, -0.9278, -0.0287
17:39:13, 6.20, 186, 223.29, 357.47, 357.29, 0.3682, 0.0138, -0.9292, -0.0292
17:39:13, 6.23, 187, 222.72, 357.39, 357.24, 0.3635, 0.0142, -0.9310, -0.0300
17:39:13, 6.23, 187, 222.16, 357.30, 357.25, 0.3590, 0.0139, -0.9327, -0.0306
17:39:14, 6.27, 188, 221.57, 357.27, 357.24, 0.3541, 0.0141, -0.9346, -0.0308
17:39:14, 6.27, 188, 220.93, 357.27, 357.22, 0.3489, 0.0144, -0.9365, -0.0308
17:39:14, 6.27, 188, 220.35, 357.28, 357.24, 0.3441, 0.0144, -0.9383, -0.0306
17:39:14, 6.30, 189, 219.77, 357.25, 357.28, 0.3394, 0.0141, -0.9400, -0.0306
17:39:14, 6.30, 189, 219.10, 357.25, 357.30, 0.3339, 0.0142, -0.9420, -0.0305
17:39:14, 6.33, 190, 218.42, 357.16, 357.33, 0.3283, 0.0138, -0.9440, -0.0311
17:39:14, 6.33, 190, 217.79, 357.16, 357.38, 0.3231, 0.0136, -0.9457, -0.0309
17:39:14, 6.37, 191, 217.15, 357.20, 357.43, 0.3179, 0.0134, -0.9476, -0.0303
17:39:14, 6.37, 191, 216.50, 357.23, 357.54, 0.3125, 0.0128, -0.9494, -0.0297
17:39:14, 6.37, 191, 215.82, 357.27, 357.58, 0.3069, 0.0128, -0.9512, -0.0291
17:39:14, 6.40, 192, 215.12, 357.29, 357.74, 0.3011, 0.0117, -0.9531, -0.0285
17:39:14, 6.40, 192, 214.43, 357.30, 357.79, 0.2954, 0.0114, -0.9549, -0.0282
17:39:14, 6.43, 193, 213.72, 357.33, 357.93, 0.2895, 0.0105, -0.9567, -0.0275
17:39:14, 6.43, 193, 213.06, 357.42, 358.06, 0.2840, 0.0098, -0.9584, -0.0264
17:39:14, 6.43, 193, 212.42, 357.55, 358.17, 0.2787, 0.0094, -0.9600, -0.0249
17:39:14, 6.47, 194, 211.74, 357.62, 358.25, 0.2731, 0.0090, -0.9617, -0.0242
17:39:14, 6.47, 194, 211.12, 357.65, 358.37, 0.2679, 0.0082, -0.9631, -0.0235
17:39:14, 6.50, 195, 210.44, 357.66, 358.48, 0.2622, 0.0074, -0.9647, -0.0231
17:39:14, 6.50, 195, 209.81, 357.73, 358.54, 0.2569, 0.0072, -0.9662, -0.0225
17:39:14, 6.53, 196, 209.25, 357.82, 358.54, 0.2522, 0.0075, -0.9674, -0.0216
17:39:14, 6.53, 196, 208.74, 357.93, 358.58, 0.2479, 0.0075, -0.9685, -0.0206
17:39:14, 6.53, 196, 208.21, 358.04, 358.59, 0.2435, 0.0078, -0.9697, -0.0196
17:39:14, 6.57, 197, 207.76, 358.10, 358.56, 0.2396, 0.0082, -0.9706, -0.0191
17:39:14, 6.57, 197, 207.37, 358.14, 358.46, 0.2363, 0.0092, -0.9715, -0.0189
17:39:14, 6.60, 198, 206.93, 358.21, 358.37, 0.2326, 0.0102, -0.9724, -0.0185
17:39:14, 6.60, 198, 206.57, 358.21, 358.29, 0.2295, 0.0109, -0.9731, -0.0186
17:39:14, 6.60, 198, 206.22, 358.29, 358.13, 0.2266, 0.0125, -0.9737, -0.0182
17:39:14, 6.63, 199, 205.83, 358.36, 358.03, 0.2232, 0.0136, -0.9745, -0.0178
17:39:14, 6.63, 199, 205.55, 358.40, 357.86, 0.2208, 0.0151, -0.9750, -0.0178
17:39:14, 6.67, 200, 205.24, 358.47, 357.71, 0.2182, 0.0165, -0.9756, -0.0174
17:39:14, 6.67, 200, 204.90, 358.46, 357.60, 0.2152, 0.0176, -0.9762, -0.0177
17:39:14, 6.70, 201, 204.56, 358.55, 357.48, 0.2123, 0.0188, -0.9769, -0.0171
17:39:14, 6.70, 201, 204.21, 358.58, 357.40, 0.2093, 0.0196, -0.9775, -0.0169
17:39:14, 6.70, 201, 203.82, 358.55, 357.27, 0.2060, 0.0207, -0.9782, -0.0173
17:39:14, 6.73, 202, 203.48, 358.55, 357.23, 0.2031, 0.0211, -0.9788, -0.0173
17:39:14, 6.73, 202, 203.10, 358.47, 357.15, 0.1998, 0.0217, -0.9794, -0.0180
17:39:14, 6.77, 203, 202.67, 358.48, 357.14, 0.1962, 0.0219, -0.9802, -0.0179
17:39:14, 6.77, 203, 202.30, 358.42, 357.10, 0.1930, 0.0222, -0.9808, -0.0184
17:39:14, 6.77, 203, 201.87, 358.38, 357.08, 0.1893, 0.0224, -0.9815, -0.0187
17:39:14, 6.80, 204, 201.46, 358.37, 357.07, 0.1857, 0.0224, -0.9822, -0.0188
17:39:14, 6.80, 204, 200.97, 358.31, 357.04, 0.1816, 0.0227, -0.9829, -0.0192
17:39:14, 6.83, 205, 200.45, 358.33, 357.06, 0.1771, 0.0227, -0.9838, -0.0189
17:39:14, 6.83, 205, 199.97, 358.35, 357.04, 0.1730, 0.0230, -0.9845, -0.0186
17:39:14, 6.87, 206, 199.38, 358.41, 357.11, 0.1679, 0.0225, -0.9854, -0.0180
17:39:14, 6.87, 206, 198.80, 358.38, 357.21, 0.1629, 0.0217, -0.9862, -0.0179
17:39:14, 6.87, 206, 198.16, 358.41, 357.36, 0.1575, 0.0206, -0.9872, -0.0173
17:39:14, 6.90, 207, 197.52, 358.54, 357.43, 0.1519, 0.0202, -0.9881, -0.0160
17:39:14, 6.90, 207, 196.88, 358.61, 357.49, 0.1465, 0.0198, -0.9889, -0.0152
17:39:14, 6.93, 208, 196.24, 358.75, 357.61, 0.1410, 0.0191, -0.9897, -0.0138
17:39:14, 6.93, 208, 195.52, 358.91, 357.75, 0.1348, 0.0182, -0.9906, -0.0121
17:39:14, 6.93, 208, 194.87, 359.07, 357.76, 0.1292, 0.0183, -0.9914, -0.0106
17:39:14, 6.97, 209, 194.23, 359.23, 357.84, 0.1237, 0.0179, -0.9921, -0.0090
17:39:14, 6.97, 209, 193.61, 359.38, 357.94, 0.1183, 0.0172, -0.9928, -0.0075
17:39:14, 7.00, 210, 192.98, 359.47, 357.97, 0.1129, 0.0171, -0.9934, -0.0066
17:39:14, 7.00, 210, 192.37, 359.62, 358.04, 0.1077, 0.0167, -0.9940, -0.0051
17:39:14, 7.03, 211, 191.80, 359.74, 358.08, 0.1028, 0.0164, -0.9946, -0.0040
17:39:14, 7.03, 211, 191.20, 359.84, 358.09, 0.0975, 0.0164, -0.9951, -0.0030
17:39:14, 7.03, 211, 190.60, 359.94, 358.10, 0.0923, 0.0164, -0.9956, -0.0020
17:39:14, 7.07, 212, 190.12, 359.98, 358.14, 0.0882, 0.0162, -0.9960, -0.0016
17:39:14, 7.07, 212, 189.59, 0.08, 358.13, 0.0836, 0.0164, -0.9964, -0.0007
17:39:14, 7.10, 213, 189.11, 0.16, 358.20, 0.0794, 0.0158, -0.9967, 0.0002
17:39:14, 7.10, 213, 188.71, 0.21, 358.23, 0.0760, 0.0155, -0.9970, 0.0006
17:39:14, 7.10, 213, 188.30, 0.23, 358.20, 0.0724, 0.0158, -0.9972, 0.0009
17:39:14, 7.13, 214, 187.86, 0.30, 358.23, 0.0686, 0.0156, -0.9975, 0.0015
17:39:14, 7.13, 214, 187.48, 0.29, 358.21, 0.0653, 0.0158, -0.9977, 0.0015
17:39:14, 7.17, 215, 187.08, 0.29, 358.20, 0.0618, 0.0158, -0.9980, 0.0016
17:39:14, 7.17, 215, 186.76, 0.31, 358.22, 0.0590, 0.0157, -0.9981, 0.0018
17:39:14, 7.20, 216, 186.45, 0.31, 358.23, 0.0563, 0.0155, -0.9983, 0.0018
17:39:14, 7.20, 216, 186.11, 0.24, 358.24, 0.0533, 0.0155, -0.9985, 0.0012
17:39:14, 7.20, 216, 185.72, 0.23, 358.29, 0.0499, 0.0150, -0.9986, 0.0013
17:39:14, 7.23, 217, 185.43, 0.19, 358.25, 0.0474, 0.0153, -0.9988, 0.0009
17:39:14, 7.23, 217, 185.09, 0.15, 358.31, 0.0444, 0.0148, -0.9989, 0.0006
17:39:15, 7.27, 218, 184.78, 0.09, 358.32, 0.0417, 0.0146, -0.9990, 0.0001
17:39:15, 7.27, 218, 184.46, 0.09, 358.32, 0.0389, 0.0147, -0.9991, 0.0002
17:39:15, 7.27, 218, 184.10, 0.06, 358.33, 0.0358, 0.0145, -0.9993, 0.0000
17:39:15, 7.30, 219, 183.78, 0.01, 358.35, 0.0330, 0.0144, -0.9994, -0.0004
17:39:15, 7.30, 219, 183.46, 359.90, 358.35, 0.0302, 0.0143, -0.9994, -0.0013
17:39:15, 7.33, 220, 183.17, 359.82, 358.37, 0.0276, 0.0142, -0.9995, -0.0020
17:39:15, 7.33, 220, 182.89, 359.78, 358.35, 0.0251, 0.0143, -0.9996, -0.0023
17:39:15, 7.37, 221, 182.59, 359.79, 358.40, 0.0226, 0.0139, -0.9996, -0.0021
17:39:15, 7.37, 221, 182.28, 359.81, 358.43, 0.0199, 0.0137, -0.9997, -0.0020
17:39:15, 7.37, 221, 182.00, 359.79, 358.42, 0.0175, 0.0138, -0.9998, -0.0020
17:39:15, 7.40, 222, 181.74, 359.83, 358.40, 0.0152, 0.0139, -0.9998, -0.0017
17:39:15, 7.40, 222, 181.41, 359.85, 358.35, 0.0123, 0.0143, -0.9998, -0.0015
17:39:15, 7.43, 223, 181.15, 359.91, 358.30, 0.0100, 0.0148, -0.9998, -0.0010
17:39:15, 7.43, 223, 180.87, 0.00, 358.25, 0.0076, 0.0152, -0.9999, -0.0001
17:39:15, 7.43, 223, 180.61, 0.05, 358.20, 0.0053, 0.0157, -0.9999, 0.0004
17:39:15, 7.47, 224, 180.36, 0.15, 358.16, 0.0032, 0.0161, -0.9999, 0.0013
17:39:15, 7.47, 224, 180.11, 0.21, 358.10, 0.0010, 0.0166, -0.9999, 0.0018
17:39:15, 7.50, 225, 179.85, 0.29, 358.06, -0.0013, 0.0170, -0.9999, 0.0025
17:39:15, 7.50, 225, 179.65, 0.35, 357.97, -0.0030, 0.0177, -0.9998, 0.0031
17:39:15, 7.53, 226, 179.45, 0.41, 357.89, -0.0047, 0.0184, -0.9998, 0.0037
17:39:15, 7.53, 226, 179.29, 0.57, 357.85, -0.0061, 0.0188, -0.9998, 0.0050
17:39:15, 7.53, 226, 179.17, 0.71, 357.72, -0.0071, 0.0198, -0.9998, 0.0063
17:39:15, 7.57, 227, 179.09, 0.86, 357.58, -0.0078, 0.0210, -0.9997, 0.0077
17:39:15, 7.57, 227, 179.05, 1.05, 357.49, -0.0081, 0.0218, -0.9997, 0.0094
17:39:15, 7.60, 228, 179.06, 1.23, 357.43, -0.0080, 0.0223, -0.9997, 0.0110
17:39:15, 7.60, 228, 179.10, 1.38, 357.37, -0.0076, 0.0229, -0.9996, 0.0122
17:39:15, 7.60, 228, 179.18, 1.51, 357.23, -0.0068, 0.0240, -0.9996, 0.0133
17:39:15, 7.63, 229, 179.41, 1.76, 356.99, -0.0048, 0.0262, -0.9995, 0.0155
17:39:15, 7.63, 229, 179.70, 1.98, 356.89, -0.0021, 0.0271, -0.9995, 0.0174
17:39:15, 7.67, 230, 179.98, 2.08, 356.99, 0.0003, 0.0262, -0.9995, 0.0181
17:39:15, 7.67, 230, 180.19, 1.96, 357.04, 0.0021, 0.0259, -0.9995, 0.0171
17:39:15, 7.70, 231, 180.47, 1.69, 356.89, 0.0045, 0.0272, -0.9995, 0.0147
17:39:15, 7.70, 231, 180.86, 1.48, 356.70, 0.0078, 0.0289, -0.9995, 0.0127
17:39:15, 7.70, 231, 181.31, 1.39, 356.50, 0.0118, 0.0307, -0.9994, 0.0117
17:39:15, 7.73, 232, 181.80, 1.40, 356.34, 0.0161, 0.0321, -0.9993, 0.0117
17:39:15, 7.73, 232, 182.16, 1.53, 356.21, 0.0193, 0.0334, -0.9992, 0.0127
17:39:15, 7.77, 233, 182.42, 1.65, 356.11, 0.0215, 0.0342, -0.9991, 0.0137
17:39:15, 7.77, 233, 182.62, 1.80, 355.90, 0.0234, 0.0362, -0.9990, 0.0149
17:39:15, 7.77, 233, 182.83, 1.88, 355.69, 0.0253, 0.0380, -0.9988, 0.0154
17:39:15, 7.80, 234, 182.97, 1.94, 355.56, 0.0265, 0.0392, -0.9988, 0.0159
17:39:15, 7.80, 234, 183.05, 1.96, 355.41, 0.0273, 0.0405, -0.9987, 0.0160
17:39:15, 7.83, 235, 183.15, 1.98, 355.28, 0.0282, 0.0416, -0.9986, 0.0161
17:39:15, 7.83, 235, 183.26, 1.94, 355.10, 0.0291, 0.0432, -0.9985, 0.0157
17:39:15, 7.87, 236, 183.38, 1.84, 354.89, 0.0301, 0.0450, -0.9984, 0.0147
17:39:15, 7.87, 236, 183.46, 1.74, 354.81, 0.0308, 0.0457, -0.9984, 0.0138
17:39:15, 7.87, 236, 183.49, 1.61, 354.68, 0.0310, 0.0468, -0.9983, 0.0126
17:39:15, 7.90, 237, 183.52, 1.44, 354.54, 0.0313, 0.0480, -0.9983, 0.0110
17:39:15, 7.90, 237, 183.58, 1.57, 354.41, 0.0319, 0.0492, -0.9982, 0.0122
17:39:15, 7.93, 238, 183.71, 1.74, 354.24, 0.0331, 0.0507, -0.9981, 0.0135
17:39:15, 7.93, 238, 183.88, 1.72, 354.04, 0.0346, 0.0525, -0.9979, 0.0132
17:39:15, 7.93, 238, 184.07, 1.62, 353.81, 0.0362, 0.0545, -0.9978, 0.0122
17:39:15, 7.97, 239, 184.21, 1.53, 353.66, 0.0374, 0.0558, -0.9977, 0.0113
17:39:15, 7.97, 239, 184.34, 1.54, 353.56, 0.0385, 0.0566, -0.9976, 0.0112
17:39:15, 8.00, 240, 184.43, 1.65, 353.51, 0.0394, 0.0572, -0.9975, 0.0122
17:39:15, 8.00, 240, 184.57, 1.78, 353.43, 0.0407, 0.0579, -0.9974, 0.0132
17:39:15, 8.03, 241, 184.72, 1.84, 353.40, 0.0420, 0.0582, -0.9973, 0.0137
17:39:15, 8.03, 241, 184.87, 1.91, 353.42, 0.0433, 0.0580, -0.9973, 0.0142
17:39:15, 8.03, 241, 185.09, 1.73, 353.50, 0.0451, 0.0573, -0.9973, 0.0125
17:39:15, 8.07, 242, 185.31, 1.36, 353.51, 0.0469, 0.0571, -0.9972, 0.0092
17:39:15, 8.07, 242, 185.53, 1.08, 353.53, 0.0487, 0.0568, -0.9972, 0.0067
17:39:15, 8.10, 243, 185.75, 0.96, 353.57, 0.0506, 0.0564, -0.9971, 0.0055
17:39:15, 8.10, 243, 186.09, 0.82, 353.54, 0.0534, 0.0567, -0.9970, 0.0041
17:39:15, 8.10, 243, 186.50, 0.43, 353.40, 0.0569, 0.0576, -0.9967, 0.0005
17:39:15, 8.13, 244, 186.99, 0.00, 353.36, 0.0609, 0.0578, -0.9965, -0.0035
17:39:15, 8.13, 244, 187.50, 359.53, 353.21, 0.0651, 0.0588, -0.9961, -0.0080
17:39:15, 8.17, 245, 188.00, 359.18, 353.03, 0.0692, 0.0601, -0.9957, -0.0114
17:39:15, 8.17, 245, 188.52, 358.91, 352.85, 0.0735, 0.0614, -0.9953, -0.0141
17:39:15, 8.20, 246, 188.97, 358.82, 352.62, 0.0773, 0.0634, -0.9949, -0.0153
17:39:15, 8.20, 246, 189.40, 358.87, 352.41, 0.0811, 0.0651, -0.9945, -0.0152
17:39:15, 8.20, 246, 189.73, 358.98, 352.23, 0.0840, 0.0668, -0.9941, -0.0146
17:39:15, 8.23, 247, 190.06, 359.01, 352.17, 0.0869, 0.0673, -0.9938, -0.0146
17:39:15, 8.23, 247, 190.27, 359.03, 352.08, 0.0887, 0.0680, -0.9936, -0.0146
17:39:16, 8.27, 248, 190.40, 359.04, 352.08, 0.0899, 0.0680, -0.9935, -0.0146
17:39:16, 8.27, 248, 190.49, 358.99, 352.21, 0.0906, 0.0668, -0.9935, -0.0150
17:39:16, 8.27, 248, 190.55, 359.00, 352.30, 0.0911, 0.0660, -0.9935, -0.0148
17:39:16, 8.30, 249, 190.51, 358.93, 352.37, 0.0907, 0.0654, -0.9936, -0.0153
17:39:16, 8.30, 249, 190.45, 358.91, 352.41, 0.0902, 0.0650, -0.9937, -0.0155
17:39:16, 8.33, 250, 190.40, 358.88, 352.38, 0.0898, 0.0653, -0.9937, -0.0157
17:39:16, 8.33, 250, 190.38, 358.83, 352.31, 0.0896, 0.0658, -0.9937, -0.0162
17:39:16, 8.37, 251, 190.38, 358.75, 352.17, 0.0895, 0.0670, -0.9936, -0.0170
17:39:16, 8.37, 251, 190.42, 358.67, 351.98, 0.0897, 0.0686, -0.9934, -0.0179
17:39:16, 8.37, 251, 190.51, 358.58, 351.80, 0.0905, 0.0700, -0.9933, -0.0188
17:39:16, 8.40, 252, 190.71, 358.54, 351.65, 0.0922, 0.0713, -0.9930, -0.0194
17:39:16, 8.40, 252, 191.01, 358.36, 351.56, 0.0946, 0.0719, -0.9927, -0.0213
17:39:16, 8.43, 253, 191.41, 358.15, 351.46, 0.0980, 0.0725, -0.9923, -0.0234
17:39:16, 8.43, 253, 191.79, 358.01, 351.36, 0.1011, 0.0732, -0.9919, -0.0249
17:39:16, 8.43, 253, 192.19, 357.92, 351.33, 0.1045, 0.0732, -0.9915, -0.0260
17:39:16, 8.47, 254, 192.55, 357.97, 351.25, 0.1076, 0.0739, -0.9911, -0.0259
17:39:16, 8.47, 254, 192.91, 358.05, 351.24, 0.1108, 0.0740, -0.9908, -0.0254
17:39:16, 8.50, 255, 193.22, 358.14, 351.28, 0.1136, 0.0737, -0.9905, -0.0248
17:39:16, 8.50, 255, 193.48, 358.18, 351.30, 0.1158, 0.0734, -0.9902, -0.0246
17:39:16, 8.53, 256, 193.66, 358.25, 351.38, 0.1174, 0.0728, -0.9901, -0.0241
17:39:16, 8.53, 256, 193.85, 358.37, 351.42, 0.1191, 0.0725, -0.9900, -0.0231
17:39:16, 8.53, 256, 194.06, 358.46, 351.49, 0.1210, 0.0720, -0.9898, -0.0224
17:39:16, 8.57, 257, 194.26, 358.45, 351.52, 0.1228, 0.0716, -0.9896, -0.0226
17:39:16, 8.57, 257, 194.46, 358.45, 351.56, 0.1245, 0.0713, -0.9894, -0.0226
17:39:16, 8.60, 258, 194.60, 358.42, 351.57, 0.1257, 0.0712, -0.9893, -0.0229
17:39:16, 8.60, 258, 194.79, 358.36, 351.56, 0.1273, 0.0711, -0.9890, -0.0236
17:39:16, 8.60, 258, 194.97, 358.25, 351.60, 0.1288, 0.0706, -0.9888, -0.0246
17:39:16, 8.63, 259, 195.12, 358.34, 351.71, 0.1302, 0.0697, -0.9887, -0.0238
17:39:16, 8.63, 259, 195.22, 358.46, 351.86, 0.1311, 0.0686, -0.9887, -0.0227
17:39:16, 8.67, 260, 195.24, 358.63, 352.10, 0.1315, 0.0667, -0.9888, -0.0209
17:39:16, 8.67, 260, 195.24, 358.76, 352.28, 0.1316, 0.0653, -0.9890, -0.0196
17:39:16, 8.70, 261, 195.29, 358.77, 352.42, 0.1321, 0.0641, -0.9890, -0.0194
17:39:16, 8.70, 261, 195.39, 358.75, 352.45, 0.1329, 0.0638, -0.9889, -0.0196
17:39:16, 8.70, 261, 195.51, 358.80, 352.43, 0.1339, 0.0640, -0.9887, -0.0193
17:39:16, 8.73, 262, 195.60, 358.90, 352.39, 0.1348, 0.0644, -0.9886, -0.0185
17:39:16, 8.73, 262, 195.66, 359.06, 352.38, 0.1354, 0.0647, -0.9885, -0.0171
17:39:16, 8.77, 263, 195.67, 359.22, 352.42, 0.1356, 0.0646, -0.9885, -0.0157
17:39:16, 8.77, 263, 195.69, 359.37, 352.44, 0.1358, 0.0645, -0.9885, -0.0145
17:39:16, 8.77, 263, 195.73, 359.44, 352.45, 0.1362, 0.0646, -0.9885, -0.0139
17:39:16, 8.80, 264, 195.79, 359.46, 352.47, 0.1368, 0.0644, -0.9884, -0.0137
17:39:16, 8.80, 264, 195.89, 359.49, 352.46, 0.1377, 0.0645, -0.9883, -0.0135
17:39:16, 8.83, 265, 196.02, 359.49, 352.41, 0.1387, 0.0649, -0.9881, -0.0136
17:39:16, 8.83, 265, 196.14, 359.46, 352.37, 0.1398, 0.0652, -0.9879, -0.0140
17:39:16, 8.87, 266, 196.21, 359.40, 352.38, 0.1404, 0.0650, -0.9879, -0.0146
17:39:16, 8.87, 266, 196.26, 359.36, 352.36, 0.1407, 0.0652, -0.9878, -0.0149
17:39:16, 8.87, 266, 196.30, 359.37, 352.34, 0.1411, 0.0654, -0.9877, -0.0149
17:39:16, 8.90, 267, 196.32, 359.37, 352.34, 0.1412, 0.0653, -0.9877, -0.0149
17:39:16, 8.90, 267, 196.33, 359.38, 352.36, 0.1414, 0.0652, -0.9877, -0.0148
17:39:16, 8.93, 268, 196.35, 359.39, 352.37, 0.1415, 0.0651, -0.9877, -0.0147
17:39:16, 8.93, 268, 196.40, 359.34, 352.42, 0.1419, 0.0646, -0.9877, -0.0151
17:39:16, 8.93, 268, 196.52, 359.23, 352.47, 0.1429, 0.0640, -0.9875, -0.0161
17:39:16, 8.97, 269, 196.66, 359.04, 352.63, 0.1440, 0.0624, -0.9875, -0.0176
17:39:16, 8.97, 269, 196.79, 358.85, 352.80, 0.1451, 0.0607, -0.9874, -0.0191
17:39:16, 9.00, 270, 196.91, 358.66, 353.02, 0.1461, 0.0585, -0.9873, -0.0205
17:39:16, 9.00, 270, 197.01, 358.51, 353.17, 0.1469, 0.0570, -0.9873, -0.0216
17:39:16, 9.03, 271, 197.17, 358.41, 353.25, 0.1482, 0.0562, -0.9871, -0.0225
17:39:16, 9.03, 271, 197.32, 358.32, 353.30, 0.1494, 0.0556, -0.9869, -0.0232
17:39:16, 9.03, 271, 197.49, 358.31, 353.38, 0.1509, 0.0548, -0.9868, -0.0234
17:39:16, 9.07, 272, 197.65, 358.26, 353.42, 0.1523, 0.0544, -0.9866, -0.0238
17:39:16, 9.07, 272, 197.78, 358.25, 353.45, 0.1534, 0.0540, -0.9864, -0.0238
17:39:16, 9.10, 273, 197.90, 358.24, 353.49, 0.1544, 0.0537, -0.9863, -0.0240
17:39:16, 9.10, 273, 198.02, 358.20, 353.53, 0.1555, 0.0532, -0.9861, -0.0243
17:39:16, 9.10, 273, 198.22, 358.17, 353.57, 0.1572, 0.0529, -0.9858, -0.0246
17:39:16, 9.13, 274, 198.50, 358.13, 353.50, 0.1596, 0.0534, -0.9854, -0.0252
17:39:16, 9.13, 274, 198.80, 358.15, 353.44, 0.1621, 0.0538, -0.9850, -0.0252
17:39:16, 9.17, 275, 199.15, 358.16, 353.40, 0.1651, 0.0541, -0.9845, -0.0254
17:39:16, 9.17, 275, 199.54, 358.19, 353.42, 0.1685, 0.0539, -0.9839, -0.0253
17:39:16, 9.20, 276, 200.03, 358.20, 353.41, 0.1727, 0.0539, -0.9832, -0.0254
17:39:16, 9.20, 276, 200.50, 358.35, 353.38, 0.1768, 0.0542, -0.9824, -0.0245
17:39:16, 9.20, 276, 201.09, 358.53, 353.41, 0.1819, 0.0542, -0.9815, -0.0231
17:39:16, 9.23, 277, 201.68, 358.79, 353.44, 0.1872, 0.0542, -0.9806, -0.0211
17:39:16, 9.23, 277, 202.32, 359.12, 353.59, 0.1928, 0.0534, -0.9796, -0.0183
17:39:17, 9.27, 278, 203.12, 359.53, 353.67, 0.1999, 0.0532, -0.9783, -0.0151
17:39:17, 9.27, 278, 203.90, 359.88, 353.86, 0.2067, 0.0522, -0.9769, -0.0121
17:39:17, 9.27, 278, 204.81, 0.29, 354.02, 0.2147, 0.0515, -0.9753, -0.0087
17:39:17, 9.30, 279, 205.86, 0.73, 354.14, 0.2238, 0.0512, -0.9733, -0.0053
17:39:17, 9.30, 279, 207.10, 1.13, 354.25, 0.2344, 0.0511, -0.9708, -0.0022
17:39:17, 9.33, 280, 208.50, 1.47, 354.28, 0.2464, 0.0515, -0.9678, 0.0001
17:39:17, 9.33, 280, 209.97, 1.91, 354.25, 0.2590, 0.0528, -0.9644, 0.0031
17:39:17, 9.37, 281, 211.42, 2.44, 354.22, 0.2714, 0.0543, -0.9609, 0.0068
17:39:17, 9.37, 281, 212.98, 3.12, 354.11, 0.2847, 0.0570, -0.9569, 0.0115
17:39:17, 9.37, 281, 214.73, 3.82, 353.99, 0.2995, 0.0600, -0.9521, 0.0161
17:39:17, 9.40, 282, 216.61, 4.49, 353.93, 0.3154, 0.0625, -0.9467, 0.0205
17:39:17, 9.40, 282, 218.62, 5.11, 353.92, 0.3321, 0.0647, -0.9407, 0.0245
17:39:17, 9.43, 283, 220.85, 5.66, 353.90, 0.3505, 0.0670, -0.9338, 0.0277
17:39:17, 9.43, 283, 223.14, 5.99, 353.99, 0.3692, 0.0679, -0.9264, 0.0292
17:39:17, 9.43, 283, 225.51, 6.29, 354.24, 0.3883, 0.0675, -0.9185, 0.0311
17:39:17, 9.47, 284, 227.98, 6.57, 354.45, 0.4080, 0.0674, -0.9099, 0.0326
17:39:17, 9.47, 284, 230.32, 6.86, 354.58, 0.4265, 0.0681, -0.9013, 0.0340
17:39:17, 9.50, 285, 232.77, 7.06, 354.66, 0.4457, 0.0690, -0.8919, 0.0344
17:39:17, 9.50, 285, 235.18, 7.28, 354.62, 0.4643, 0.0709, -0.8821, 0.0345
17:39:17, 9.53, 286, 237.71, 7.42, 354.68, 0.4837, 0.0717, -0.8716, 0.0342
17:39:17, 9.53, 286, 240.43, 7.53, 354.77, 0.5042, 0.0723, -0.8599, 0.0338
17:39:17, 9.53, 286, 243.18, 7.71, 354.89, 0.5247, 0.0731, -0.8475, 0.0339
17:39:17, 9.57, 287, 245.90, 7.92, 355.07, 0.5446, 0.0735, -0.8347, 0.0346
17:39:17, 9.57, 287, 248.60, 8.01, 355.13, 0.5641, 0.0743, -0.8217, 0.0338
17:39:17, 9.60, 288, 251.18, 8.20, 355.12, 0.5825, 0.0761, -0.8086, 0.0334
17:39:17, 9.60, 288, 253.64, 8.33, 355.06, 0.5997, 0.0779, -0.7958, 0.0323
17:39:17, 9.63, 289, 256.03, 8.32, 355.07, 0.6161, 0.0784, -0.7832, 0.0307
17:39:17, 9.63, 289, 258.36, 8.32, 355.21, 0.6319, 0.0780, -0.7706, 0.0298
17:39:17, 9.63, 289, 260.41, 8.22, 355.33, 0.6456, 0.0773, -0.7593, 0.0285
17:39:17, 9.67, 290, 262.35, 8.03, 355.35, 0.6584, 0.0765, -0.7484, 0.0260
17:39:17, 9.67, 290, 263.98, 7.86, 355.25, 0.6690, 0.0766, -0.7390, 0.0232
17:39:17, 9.70, 291, 265.38, 7.72, 355.03, 0.6780, 0.0774, -0.7307, 0.0201
17:39:17, 9.70, 291, 266.65, 7.66, 354.83, 0.6861, 0.0785, -0.7231, 0.0177
17:39:17, 9.70, 291, 267.72, 7.58, 354.60, 0.6928, 0.0796, -0.7165, 0.0150
17:39:17, 9.73, 292, 268.68, 7.56, 354.29, 0.6989, 0.0816, -0.7104, 0.0123
17:39:17, 9.73, 292, 269.46, 7.56, 354.03, 0.7037, 0.0833, -0.7055, 0.0102
17:39:17, 9.77, 293, 270.16, 7.51, 353.72, 0.7081, 0.0849, -0.7010, 0.0075
17:39:17, 9.77, 293, 270.58, 7.39, 353.40, 0.7107, 0.0861, -0.6982, 0.0044
17:39:17, 9.77, 293, 270.97, 7.29, 353.12, 0.7130, 0.0873, -0.6957, 0.0018
17:39:17, 9.80, 294, 271.21, 7.17, 352.79, 0.7145, 0.0885, -0.6940, -0.0012
17:39:17, 9.80, 294, 271.37, 7.11, 352.51, 0.7154, 0.0898, -0.6929, -0.0034
17:39:17, 9.83, 295, 271.43, 7.09, 352.31, 0.7158, 0.0909, -0.6924, -0.0048
17:39:17, 9.83, 295, 271.39, 6.96, 352.04, 0.7155, 0.0917, -0.6925, -0.0073
17:39:17, 9.87, 296, 271.34, 6.75, 351.86, 0.7152, 0.0915, -0.6929, -0.0096
17:39:17, 9.87, 296, 271.24, 6.59, 351.63, 0.7146, 0.0919, -0.6934, -0.0120
17:39:17, 9.87, 296, 271.14, 6.39, 351.40, 0.7139, 0.0921, -0.6940, -0.0146
17:39:17, 9.90, 297, 271.09, 6.16, 351.19, 0.7136, 0.0920, -0.6943, -0.0172
17:39:17, 9.90, 297, 271.02, 5.88, 351.02, 0.7130, 0.0913, -0.6949, -0.0199
17:39:17, 9.93, 298, 271.07, 5.56, 350.83, 0.7133, 0.0905, -0.6946, -0.0231
17:39:17, 9.93, 298, 271.13, 5.16, 350.70, 0.7135, 0.0887, -0.6945, -0.0264
17:39:17, 9.93, 298, 271.24, 4.74, 350.63, 0.7141, 0.0866, -0.6941, -0.0295
17:39:17, 9.97, 299, 271.37, 4.37, 350.53, 0.7147, 0.0849, -0.6935, -0.0325
17:39:17, 9.97, 299, 271.51, 4.00, 350.49, 0.7155, 0.0827, -0.6928, -0.0351
