Timestamp, VideoTime, VideoFrame, HeadYaw, HeadPitch, HeadRoll, HeadQuatW, HeadQuatX, HeadQuatY, HeadQuatZ
19:21:00, 0.00, 0, 84.48, 349.02, 346.65, -0.7394, 0.1482, -0.6564, 0.0218
19:21:00, 0.03, 1, 84.48, 349.11, 346.71, -0.7394, 0.1472, -0.6566, 0.0219
19:21:00, 0.03, 1, 84.46, 349.21, 346.77, -0.7396, 0.1463, -0.6566, 0.0221
19:21:00, 0.03, 1, 84.43, 349.32, 346.83, -0.7397, 0.1452, -0.6567, 0.0225
19:21:00, 0.07, 2, 84.39, 349.41, 346.88, -0.7400, 0.1443, -0.6566, 0.0227
19:21:00, 0.07, 2, 84.37, 349.50, 346.90, -0.7400, 0.1436, -0.6566, 0.0231
19:21:00, 0.10, 3, 84.38, 349.58, 346.89, -0.7400, 0.1432, -0.6568, 0.0237
19:21:00, 0.10, 3, 84.40, 349.67, 346.86, -0.7399, 0.1428, -0.6570, 0.0243
19:21:00, 0.10, 3, 84.38, 349.73, 346.89, -0.7400, 0.1422, -0.6570, 0.0246
19:21:00, 0.13, 4, 84.36, 349.79, 346.89, -0.7401, 0.1418, -0.6569, 0.0249
19:21:00, 0.13, 4, 84.29, 349.85, 346.95, -0.7405, 0.1411, -0.6566, 0.0249
19:21:00, 0.17, 5, 84.24, 349.89, 346.98, -0.7408, 0.1407, -0.6563, 0.0250
19:21:00, 0.17, 5, 84.16, 349.91, 347.03, -0.7413, 0.1402, -0.6559, 0.0249
19:21:00, 0.20, 6, 83.99, 349.85, 347.15, -0.7423, 0.1399, -0.6549, 0.0240
19:21:00, 0.20, 6, 83.87, 349.79, 347.22, -0.7430, 0.1399, -0.6541, 0.0234
19:21:00, 0.23, 7, 83.71, 349.73, 347.29, -0.7439, 0.1398, -0.6531, 0.0228
19:21:00, 0.23, 7, 83.55, 349.71, 347.37, -0.7448, 0.1395, -0.6521, 0.0223
19:21:00, 0.23, 7, 83.37, 349.73, 347.46, -0.7459, 0.1387, -0.6511, 0.0221
19:21:00, 0.27, 8, 83.19, 349.76, 347.58, -0.7469, 0.1379, -0.6501, 0.0217
19:21:00, 0.27, 8, 82.99, 349.84, 347.75, -0.7481, 0.1363, -0.6491, 0.0212
19:21:00, 0.30, 9, 82.75, 349.90, 347.98, -0.7495, 0.1346, -0.6479, 0.0204
19:21:00, 0.30, 9, 82.52, 350.02, 348.15, -0.7508, 0.1329, -0.6467, 0.0202
19:21:00, 0.33, 10, 82.29, 350.10, 348.36, -0.7521, 0.1311, -0.6455, 0.0196
19:21:00, 0.33, 10, 82.07, 350.24, 348.49, -0.7534, 0.1294, -0.6444, 0.0198
19:21:00, 0.33, 10, 81.86, 350.46, 348.61, -0.7546, 0.1273, -0.6434, 0.0205
19:21:00, 0.37, 11, 81.67, 350.71, 348.75, -0.7557, 0.1249, -0.6426, 0.0212
19:21:00, 0.37, 11, 81.47, 351.00, 348.92, -0.7568, 0.1220, -0.6418, 0.0220
19:21:00, 0.40, 12, 81.27, 351.23, 349.06, -0.7579, 0.1196, -0.6409, 0.0225
19:21:00, 0.40, 12, 81.15, 351.46, 349.14, -0.7587, 0.1176, -0.6404, 0.0235
19:21:00, 0.43, 13, 81.06, 351.78, 349.20, -0.7591, 0.1152, -0.6402, 0.0249
19:21:00, 0.43, 13, 81.00, 352.13, 349.25, -0.7594, 0.1126, -0.6402, 0.0267
19:21:00, 0.43, 13, 80.91, 352.66, 349.33, -0.7599, 0.1087, -0.6402, 0.0292
19:21:00, 0.47, 14, 80.89, 353.11, 349.35, -0.7600, 0.1056, -0.6405, 0.0317
19:21:00, 0.47, 14, 80.94, 353.67, 349.37, -0.7596, 0.1019, -0.6414, 0.0347
19:21:00, 0.50, 15, 80.96, 354.17, 349.33, -0.7594, 0.0988, -0.6419, 0.0378
19:21:00, 0.50, 15, 81.04, 354.65, 349.29, -0.7589, 0.0959, -0.6429, 0.0407
19:21:00, 0.50, 15, 81.14, 355.09, 349.14, -0.7581, 0.0939, -0.6438, 0.0441
19:21:00, 0.53, 16, 81.29, 355.58, 349.10, -0.7571, 0.0909, -0.6452, 0.0470
19:21:00, 0.53, 16, 81.44, 356.12, 349.03, -0.7561, 0.0879, -0.6465, 0.0504
19:21:00, 0.57, 17, 81.55, 356.59, 349.08, -0.7553, 0.0845, -0.6477, 0.0527
19:21:00, 0.57, 17, 81.68, 356.78, 349.11, -0.7546, 0.0832, -0.6487, 0.0535
19:21:00, 0.60, 18, 81.72, 357.03, 349.12, -0.7542, 0.0815, -0.6492, 0.0548
19:21:00, 0.60, 18, 81.80, 357.14, 349.09, -0.7538, 0.0810, -0.6498, 0.0556
19:21:00, 0.60, 18, 81.81, 357.21, 349.11, -0.7537, 0.0804, -0.6499, 0.0558
19:21:00, 0.63, 19, 81.81, 357.32, 349.19, -0.7537, 0.0793, -0.6500, 0.0559
19:21:00, 0.63, 19, 81.85, 357.46, 349.23, -0.7534, 0.0782, -0.6504, 0.0565
19:21:00, 0.67, 20, 81.89, 357.63, 349.20, -0.7531, 0.0772, -0.6508, 0.0575
19:21:00, 0.67, 20, 81.91, 357.83, 349.22, -0.7529, 0.0758, -0.6511, 0.0586
19:21:00, 0.67, 20, 81.93, 357.98, 349.29, -0.7528, 0.0744, -0.6514, 0.0590
19:21:01, 0.70, 21, 81.91, 358.07, 349.35, -0.7529, 0.0735, -0.6514, 0.0591
19:21:01, 0.70, 21, 81.90, 358.20, 349.37, -0.7529, 0.0725, -0.6514, 0.0597
19:21:01, 0.73, 22, 81.88, 358.36, 349.32, -0.7529, 0.0717, -0.6514, 0.0610
19:21:01, 0.73, 22, 81.89, 358.57, 349.28, -0.7528, 0.0706, -0.6515, 0.0625
19:21:01, 0.77, 23, 81.86, 358.80, 349.22, -0.7528, 0.0695, -0.6515, 0.0641
19:21:01, 0.77, 23, 81.86, 358.91, 349.17, -0.7527, 0.0689, -0.6515, 0.0651
19:21:01, 0.77, 23, 81.85, 358.94, 349.10, -0.7527, 0.0691, -0.6514, 0.0657
19:21:01, 0.80, 24, 81.84, 358.97, 349.04, -0.7527, 0.0693, -0.6513, 0.0663
19:21:01, 0.80, 24, 81.83, 359.01, 348.90, -0.7527, 0.0698, -0.6512, 0.0675
19:21:01, 0.83, 25, 81.81, 359.13, 348.70, -0.7526, 0.0702, -0.6511, 0.0694
19:21:01, 0.83, 25, 81.82, 359.25, 348.46, -0.7523, 0.0707, -0.6511, 0.0717
19:21:01, 0.83, 25, 81.82, 359.41, 348.28, -0.7521, 0.0708, -0.6511, 0.0738
19:21:01, 0.87, 26, 81.75, 359.59, 348.13, -0.7523, 0.0703, -0.6506, 0.0758
19:21:01, 0.87, 26, 81.63, 359.73, 348.06, -0.7529, 0.0698, -0.6499, 0.0772
19:21:01, 0.90, 27, 81.51, 359.90, 347.95, -0.7534, 0.0692, -0.6492, 0.0789
19:21:01, 0.90, 27, 81.42, 0.13, 347.84, -0.7537, 0.0682, -0.6487, 0.0810
19:21:01, 0.93, 28, 81.36, 0.41, 347.80, -0.7538, 0.0666, -0.6484, 0.0829
19:21:01, 0.93, 28, 81.30, 0.67, 347.79, -0.7540, 0.0649, -0.6482, 0.0845
19:21:01, 0.93, 28, 81.22, 0.96, 347.84, -0.7543, 0.0626, -0.6479, 0.0859
19:21:01, 0.97, 29, 81.11, 1.32, 347.95, -0.7548, 0.0595, -0.6474, 0.0872
19:21:01, 0.97, 29, 80.99, 1.74, 348.09, -0.7552, 0.0559, -0.6470, 0.0887
19:21:01, 1.00, 30, 80.85, 2.22, 348.39, -0.7559, 0.0509, -0.6465, 0.0895
19:21:01, 1.00, 30, 80.68, 2.68, 348.64, -0.7568, 0.0463, -0.6457, 0.0905
19:21:01, 1.00, 30, 80.59, 3.06, 348.99, -0.7573, 0.0417, -0.6454, 0.0903
19:21:01, 1.03, 31, 80.47, 3.36, 349.26, -0.7580, 0.0381, -0.6449, 0.0903
19:21:01, 1.03, 31, 80.30, 3.72, 349.49, -0.7589, 0.0343, -0.6440, 0.0908
19:21:01, 1.07, 32, 80.18, 4.07, 349.72, -0.7594, 0.0306, -0.6434, 0.0913
19:21:01, 1.07, 32, 79.95, 4.46, 350.03, -0.7607, 0.0261, -0.6421, 0.0915
19:21:01, 1.10, 33, 79.77, 4.78, 350.38, -0.7617, 0.0218, -0.6411, 0.0909
19:21:01, 1.10, 33, 79.55, 5.04, 350.72, -0.7630, 0.0180, -0.6398, 0.0902
19:21:01, 1.10, 33, 79.35, 5.26, 350.90, -0.7641, 0.0154, -0.6386, 0.0902
19:21:01, 1.13, 34, 79.14, 5.45, 351.08, -0.7653, 0.0129, -0.6372, 0.0900
19:21:01, 1.13, 34, 78.92, 5.69, 351.35, -0.7665, 0.0096, -0.6358, 0.0896
19:21:01, 1.17, 35, 78.67, 5.97, 351.53, -0.7679, 0.0066, -0.6342, 0.0900
19:21:01, 1.17, 35, 78.46, 6.18, 351.82, -0.7691, 0.0034, -0.6329, 0.0892
19:21:01, 1.20, 36, 78.22, 6.34, 352.05, -0.7705, 0.0009, -0.6313, 0.0885
19:21:01, 1.20, 36, 78.00, 6.51, 352.11, -0.7716, -0.0008, -0.6299, 0.0890
19:21:01, 1.20, 36, 77.88, 6.63, 352.23, -0.7723, -0.0023, -0.6290, 0.0889
19:21:01, 1.23, 37, 77.67, 6.81, 352.36, -0.7734, -0.0045, -0.6276, 0.0890
19:21:01, 1.23, 37, 77.50, 7.00, 352.53, -0.7743, -0.0068, -0.6265, 0.0888
19:21:01, 1.27, 38, 77.28, 7.14, 352.69, -0.7755, -0.0088, -0.6251, 0.0885
19:21:01, 1.27, 38, 77.08, 7.30, 352.81, -0.7766, -0.0108, -0.6237, 0.0885
19:21:01, 1.27, 38, 76.91, 7.34, 352.94, -0.7775, -0.0118, -0.6226, 0.0878
19:21:01, 1.30, 39, 76.74, 7.34, 353.04, -0.7786, -0.0125, -0.6214, 0.0872
19:21:01, 1.30, 39, 76.62, 7.33, 353.22, -0.7794, -0.0135, -0.6205, 0.0858
19:21:01, 1.33, 40, 76.50, 7.33, 353.37, -0.7801, -0.0144, -0.6197, 0.0848
19:21:01, 1.33, 40, 76.35, 7.38, 353.52, -0.7810, -0.0157, -0.6186, 0.0841
19:21:01, 1.37, 41, 76.22, 7.47, 353.64, -0.7817, -0.0170, -0.6177, 0.0837
19:21:01, 1.37, 41, 76.12, 7.60, 353.71, -0.7822, -0.0184, -0.6170, 0.0839
19:21:01, 1.37, 41, 76.03, 7.76, 353.82, -0.7826, -0.0201, -0.6165, 0.0840
19:21:01, 1.40, 42, 75.94, 7.94, 353.95, -0.7831, -0.0221, -0.6158, 0.0840
19:21:01, 1.40, 42, 75.77, 8.10, 354.13, -0.7840, -0.0243, -0.6146, 0.0837
19:21:01, 1.43, 43, 75.52, 8.26, 354.28, -0.7853, -0.0264, -0.6129, 0.0834
19:21:01, 1.43, 43, 75.28, 8.39, 354.39, -0.7866, -0.0280, -0.6112, 0.0832
19:21:01, 1.43, 43, 75.08, 8.51, 354.53, -0.7877, -0.0298, -0.6098, 0.0829
19:21:01, 1.47, 44, 74.86, 8.66, 354.71, -0.7888, -0.0319, -0.6082, 0.0824
19:21:01, 1.47, 44, 74.65, 8.90, 354.93, -0.7899, -0.0349, -0.6067, 0.0821
19:21:01, 1.50, 45, 74.40, 9.16, 355.22, -0.7913, -0.0384, -0.6048, 0.0814
19:21:01, 1.50, 45, 74.08, 9.40, 355.52, -0.7930, -0.0419, -0.6024, 0.0804
19:21:01, 1.50, 45, 73.69, 9.64, 355.94, -0.7951, -0.0460, -0.5995, 0.0786
19:21:01, 1.53, 46, 73.25, 9.86, 356.21, -0.7974, -0.0492, -0.5963, 0.0777
19:21:01, 1.53, 46, 72.95, 10.05, 356.37, -0.7990, -0.0516, -0.5941, 0.0774
19:21:01, 1.57, 47, 72.64, 10.20, 356.41, -0.8005, -0.0531, -0.5919, 0.0778
19:21:01, 1.57, 47, 72.42, 10.33, 356.47, -0.8015, -0.0544, -0.5903, 0.0779
19:21:01, 1.60, 48, 72.30, 10.37, 356.54, -0.8022, -0.0552, -0.5894, 0.0775
19:21:01, 1.60, 48, 72.17, 10.45, 356.64, -0.8029, -0.0564, -0.5885, 0.0772
19:21:01, 1.60, 48, 72.05, 10.53, 356.76, -0.8035, -0.0576, -0.5875, 0.0767
19:21:01, 1.63, 49, 72.01, 10.57, 356.89, -0.8038, -0.0586, -0.5871, 0.0760
19:21:01, 1.63, 49, 72.02, 10.59, 356.98, -0.8037, -0.0592, -0.5872, 0.0755
19:21:01, 1.67, 50, 72.08, 10.61, 357.08, -0.8035, -0.0598, -0.5875, 0.0749
19:21:01, 1.67, 50, 72.12, 10.64, 357.19, -0.8033, -0.0606, -0.5878, 0.0743
19:21:01, 1.70, 51, 72.15, 10.70, 357.34, -0.8032, -0.0617, -0.5879, 0.0736
19:21:02, 1.70, 51, 72.17, 10.77, 357.48, -0.8032, -0.0629, -0.5879, 0.0729
19:21:02, 1.70, 51, 72.17, 10.77, 357.53, -0.8032, -0.0632, -0.5879, 0.0727
19:21:02, 1.73, 52, 72.15, 10.80, 357.52, -0.8033, -0.0633, -0.5877, 0.0728
19:21:02, 1.73, 52, 72.14, 10.84, 357.48, -0.8032, -0.0634, -0.5877, 0.0733
19:21:02, 1.77, 53, 72.13, 10.83, 357.45, -0.8033, -0.0632, -0.5876, 0.0735
19:21:02, 1.77, 53, 72.11, 10.85, 357.43, -0.8034, -0.0633, -0.5875, 0.0737
19:21:02, 1.77, 53, 72.07, 10.83, 357.42, -0.8036, -0.0631, -0.5872, 0.0737
19:21:02, 1.80, 54, 72.02, 10.83, 357.40, -0.8038, -0.0630, -0.5869, 0.0737
19:21:02, 1.80, 54, 71.99, 10.81, 357.34, -0.8040, -0.0626, -0.5867, 0.0740
19:21:02, 1.83, 55, 71.94, 10.78, 357.29, -0.8042, -0.0621, -0.5864, 0.0742
19:21:02, 1.83, 55, 71.93, 10.74, 357.27, -0.8043, -0.0618, -0.5863, 0.0741
19:21:02, 1.87, 56, 71.89, 10.67, 357.25, -0.8045, -0.0612, -0.5861, 0.0739
19:21:02, 1.87, 56, 71.82, 10.57, 357.26, -0.8050, -0.0606, -0.5856, 0.0733
19:21:02, 1.87, 56, 71.71, 10.46, 357.28, -0.8056, -0.0600, -0.5849, 0.0726
19:21:02, 1.90, 57, 71.58, 10.38, 357.27, -0.8063, -0.0595, -0.5840, 0.0721
19:21:02, 1.90, 57, 71.46, 10.34, 357.24, -0.8070, -0.0591, -0.5832, 0.0721
19:21:02, 1.93, 58, 71.36, 10.27, 357.18, -0.8075, -0.0584, -0.5825, 0.0721
19:21:02, 1.93, 58, 71.31, 10.13, 357.12, -0.8078, -0.0572, -0.5823, 0.0718
19:21:02, 1.93, 58, 71.32, 10.02, 357.07, -0.8078, -0.0561, -0.5824, 0.0716
19:21:02, 1.97, 59, 71.32, 9.88, 357.06, -0.8079, -0.0551, -0.5824, 0.0710
19:21:02, 1.97, 59, 71.31, 9.77, 357.03, -0.8080, -0.0541, -0.5824, 0.0706
19:21:02, 2.00, 60, 71.30, 9.68, 356.99, -0.8081, -0.0533, -0.5824, 0.0704
19:21:02, 2.00, 60, 71.30, 9.61, 356.95, -0.8082, -0.0526, -0.5824, 0.0703
19:21:02, 2.03, 61, 71.30, 9.52, 356.87, -0.8082, -0.0516, -0.5825, 0.0705
19:21:02, 2.03, 61, 71.33, 9.43, 356.80, -0.8081, -0.0505, -0.5827, 0.0705
19:21:02, 2.03, 61, 71.35, 9.37, 356.77, -0.8080, -0.0500, -0.5829, 0.0704
19:21:02, 2.07, 62, 71.37, 9.28, 356.74, -0.8079, -0.0491, -0.5830, 0.0702
19:21:02, 2.07, 62, 71.39, 9.25, 356.70, -0.8078, -0.0487, -0.5832, 0.0703
19:21:02, 2.10, 63, 71.41, 9.18, 356.67, -0.8077, -0.0480, -0.5834, 0.0703
19:21:02, 2.10, 63, 71.44, 9.16, 356.61, -0.8076, -0.0476, -0.5836, 0.0705
19:21:02, 2.10, 63, 71.45, 9.11, 356.54, -0.8075, -0.0469, -0.5837, 0.0707
19:21:02, 2.13, 64, 71.49, 9.10, 356.45, -0.8072, -0.0463, -0.5841, 0.0714
19:21:02, 2.13, 64, 71.48, 9.10, 356.37, -0.8072, -0.0459, -0.5840, 0.0719
19:21:02, 2.17, 65, 71.49, 9.06, 356.34, -0.8072, -0.0455, -0.5841, 0.0720
19:21:02, 2.17, 65, 71.44, 9.00, 356.35, -0.8075, -0.0451, -0.5838, 0.0716
19:21:02, 2.20, 66, 71.40, 8.89, 356.34, -0.8078, -0.0444, -0.5835, 0.0710
19:21:02, 2.20, 66, 71.39, 8.81, 356.30, -0.8079, -0.0436, -0.5835, 0.0709
19:21:02, 2.20, 66, 71.40, 8.75, 356.27, -0.8078, -0.0429, -0.5836, 0.0708
19:21:02, 2.23, 67, 71.42, 8.71, 356.26, -0.8078, -0.0426, -0.5837, 0.0707
19:21:02, 2.23, 67, 71.45, 8.63, 356.25, -0.8077, -0.0420, -0.5839, 0.0704
19:21:02, 2.27, 68, 71.47, 8.54, 356.14, -0.8075, -0.0408, -0.5841, 0.0707
19:21:02, 2.27, 68, 71.51, 8.44, 356.07, -0.8074, -0.0397, -0.5844, 0.0707
19:21:02, 2.27, 68, 71.56, 8.39, 356.02, -0.8071, -0.0390, -0.5848, 0.0708
19:21:02, 2.30, 69, 71.61, 8.34, 355.95, -0.8068, -0.0383, -0.5852, 0.0710
19:21:02, 2.30, 69, 71.68, 8.27, 355.92, -0.8065, -0.0376, -0.5857, 0.0710
19:21:02, 2.33, 70, 71.73, 8.20, 355.88, -0.8063, -0.0369, -0.5861, 0.0709
19:21:02, 2.33, 70, 71.80, 8.13, 355.82, -0.8059, -0.0361, -0.5866, 0.0710
19:21:02, 2.37, 71, 71.90, 8.09, 355.75, -0.8054, -0.0353, -0.5873, 0.0713
19:21:02, 2.37, 71, 71.98, 8.08, 355.67, -0.8049, -0.0348, -0.5880, 0.0719
19:21:02, 2.37, 71, 72.07, 8.05, 355.60, -0.8045, -0.0342, -0.5886, 0.0722
19:21:02, 2.40, 72, 72.17, 8.00, 355.54, -0.8040, -0.0335, -0.5893, 0.0724
19:21:02, 2.40, 72, 72.23, 7.95, 355.49, -0.8037, -0.0328, -0.5897, 0.0725
19:21:02, 2.43, 73, 72.32, 7.94, 355.41, -0.8031, -0.0323, -0.5904, 0.0730
19:21:02, 2.43, 73, 72.40, 7.93, 355.35, -0.8027, -0.0318, -0.5910, 0.0735
19:21:02, 2.43, 73, 72.49, 7.92, 355.29, -0.8022, -0.0314, -0.5916, 0.0739
19:21:02, 2.47, 74, 72.59, 7.88, 355.25, -0.8017, -0.0308, -0.5923, 0.0739
19:21:02, 2.47, 74, 72.66, 7.87, 355.22, -0.8013, -0.0306, -0.5928, 0.0741
19:21:02, 2.50, 75, 72.71, 7.87, 355.21, -0.8010, -0.0305, -0.5932, 0.0742
19:21:02, 2.50, 75, 72.79, 7.88, 355.17, -0.8006, -0.0303, -0.5937, 0.0746
19:21:02, 2.53, 76, 72.88, 7.89, 355.15, -0.8001, -0.0302, -0.5944, 0.0748
19:21:02, 2.53, 76, 72.96, 7.94, 355.11, -0.7997, -0.0303, -0.5949, 0.0754
19:21:02, 2.53, 76, 73.06, 7.95, 355.11, -0.7991, -0.0303, -0.5956, 0.0754
19:21:02, 2.57, 77, 73.14, 8.01, 355.14, -0.7987, -0.0309, -0.5962, 0.0755
19:21:02, 2.57, 77, 73.19, 8.03, 355.14, -0.7984, -0.0310, -0.5966, 0.0756
19:21:02, 2.60, 78, 73.23, 8.08, 355.17, -0.7982, -0.0314, -0.5968, 0.0757
19:21:02, 2.60, 78, 73.29, 8.12, 355.21, -0.7978, -0.0319, -0.5972, 0.0757
19:21:02, 2.60, 78, 73.36, 8.18, 355.19, -0.7975, -0.0321, -0.5977, 0.0761
19:21:02, 2.63, 79, 73.42, 8.24, 355.19, -0.7971, -0.0326, -0.5981, 0.0765
19:21:02, 2.63, 79, 73.43, 8.31, 355.21, -0.7970, -0.0331, -0.5982, 0.0767
19:21:02, 2.67, 80, 73.49, 8.30, 355.25, -0.7967, -0.0332, -0.5986, 0.0764
19:21:02, 2.67, 80, 73.48, 8.34, 355.25, -0.7968, -0.0335, -0.5985, 0.0766
19:21:02, 2.70, 81, 73.49, 8.38, 355.22, -0.7967, -0.0336, -0.5986, 0.0770
19:21:03, 2.70, 81, 73.52, 8.43, 355.18, -0.7964, -0.0337, -0.5988, 0.0775
19:21:03, 2.70, 81, 73.54, 8.49, 355.13, -0.7963, -0.0339, -0.5989, 0.0782
19:21:03, 2.73, 82, 73.57, 8.56, 355.12, -0.7960, -0.0343, -0.5992, 0.0787
19:21:03, 2.73, 82, 73.59, 8.60, 355.15, -0.7959, -0.0347, -0.5993, 0.0787
19:21:03, 2.77, 83, 73.57, 8.60, 355.17, -0.7960, -0.0348, -0.5991, 0.0785
19:21:03, 2.77, 83, 73.54, 8.58, 355.18, -0.7962, -0.0348, -0.5989, 0.0783
19:21:03, 2.77, 83, 73.53, 8.56, 355.15, -0.7963, -0.0345, -0.5988, 0.0784
19:21:03, 2.80, 84, 73.53, 8.59, 355.13, -0.7962, -0.0345, -0.5989, 0.0787
19:21:03, 2.80, 84, 73.54, 8.56, 355.05, -0.7961, -0.0339, -0.5990, 0.0791
19:21:03, 2.83, 85, 73.54, 8.57, 355.01, -0.7961, -0.0338, -0.5990, 0.0795
19:21:03, 2.83, 85, 73.56, 8.59, 354.97, -0.7960, -0.0337, -0.5991, 0.0798
19:21:03, 2.87, 86, 73.58, 8.59, 354.97, -0.7959, -0.0337, -0.5992, 0.0799
19:21:03, 2.87, 86, 73.59, 8.60, 354.96, -0.7958, -0.0337, -0.5993, 0.0800
19:21:03, 2.87, 86, 73.61, 8.60, 354.95, -0.7957, -0.0337, -0.5995, 0.0800
19:21:03, 2.90, 87, 73.63, 8.61, 354.94, -0.7956, -0.0337, -0.5996, 0.0802
19:21:03, 2.90, 87, 73.63, 8.62, 354.95, -0.7955, -0.0338, -0.5996, 0.0801
19:21:03, 2.93, 88, 73.65, 8.60, 354.91, -0.7954, -0.0334, -0.5997, 0.0804
19:21:03, 2.93, 88, 73.66, 8.60, 354.86, -0.7953, -0.0331, -0.5999, 0.0807
19:21:03, 2.93, 88, 73.67, 8.62, 354.86, -0.7953, -0.0333, -0.5999, 0.0808
19:21:03, 2.97, 89, 73.70, 8.64, 354.89, -0.7951, -0.0335, -0.6001, 0.0807
19:21:03, 2.97, 89, 73.69, 8.64, 354.90, -0.7952, -0.0336, -0.6001, 0.0806
19:21:03, 3.00, 90, 73.68, 8.63, 354.91, -0.7953, -0.0336, -0.5999, 0.0805
19:21:03, 3.00, 90, 73.67, 8.62, 354.91, -0.7953, -0.0335, -0.5999, 0.0805
19:21:03, 3.03, 91, 73.67, 8.62, 354.90, -0.7953, -0.0335, -0.5999, 0.0805
19:21:03, 3.03, 91, 73.67, 8.63, 354.88, -0.7953, -0.0334, -0.5999, 0.0807
19:21:03, 3.03, 91, 73.67, 8.63, 354.86, -0.7953, -0.0333, -0.5999, 0.0809
19:21:03, 3.07, 92, 73.68, 8.64, 354.85, -0.7952, -0.0334, -0.6000, 0.0810
19:21:03, 3.07, 92, 73.68, 8.64, 354.85, -0.7952, -0.0334, -0.6000, 0.0810
19:21:03, 3.10, 93, 73.68, 8.64, 354.84, -0.7952, -0.0333, -0.6000, 0.0811
19:21:03, 3.10, 93, 73.67, 8.64, 354.82, -0.7952, -0.0332, -0.5999, 0.0812
19:21:03, 3.10, 93, 73.68, 8.63, 354.80, -0.7952, -0.0331, -0.6000, 0.0813
19:21:03, 3.13, 94, 73.68, 8.64, 354.79, -0.7952, -0.0330, -0.6000, 0.0814
19:21:03, 3.13, 94, 73.67, 8.64, 354.78, -0.7952, -0.0330, -0.6000, 0.0815
19:21:03, 3.17, 95, 73.68, 8.61, 354.78, -0.7952, -0.0328, -0.6000, 0.0813
19:21:03, 3.17, 95, 73.67, 8.59, 354.78, -0.7952, -0.0327, -0.5999, 0.0812
19:21:03, 3.20, 96, 73.68, 8.57, 354.77, -0.7952, -0.0324, -0.6000, 0.0812
19:21:03, 3.20, 96, 73.68, 8.53, 354.75, -0.7952, -0.0321, -0.6001, 0.0811
19:21:03, 3.20, 96, 73.68, 8.53, 354.76, -0.7952, -0.0321, -0.6000, 0.0810
19:21:03, 3.23, 97, 73.70, 8.50, 354.75, -0.7951, -0.0319, -0.6001, 0.0810
19:21:03, 3.23, 97, 73.69, 8.49, 354.76, -0.7952, -0.0319, -0.6001, 0.0808
19:21:03, 3.27, 98, 73.71, 8.47, 354.73, -0.7951, -0.0315, -0.6002, 0.0809
19:21:03, 3.27, 98, 73.71, 8.47, 354.74, -0.7951, -0.0316, -0.6002, 0.0809
19:21:03, 3.27, 98, 73.69, 8.44, 354.78, -0.7952, -0.0316, -0.6001, 0.0804
19:21:03, 3.30, 99, 73.69, 8.42, 354.78, -0.7953, -0.0315, -0.6001, 0.0803
19:21:03, 3.30, 99, 73.69, 8.40, 354.73, -0.7953, -0.0311, -0.6001, 0.0806
19:21:03, 3.33, 100, 73.67, 8.40, 354.69, -0.7953, -0.0309, -0.6000, 0.0808
19:21:03, 3.33, 100, 73.68, 8.39, 354.67, -0.7953, -0.0307, -0.6000, 0.0809
19:21:03, 3.37, 101, 73.68, 8.42, 354.65, -0.7952, -0.0308, -0.6000, 0.0812
19:21:03, 3.37, 101, 73.66, 8.43, 354.66, -0.7953, -0.0309, -0.5999, 0.0812
19:21:03, 3.37, 101, 73.64, 8.46, 354.69, -0.7954, -0.0313, -0.5998, 0.0811
19:21:03, 3.40, 102, 73.61, 8.45, 354.73, -0.7956, -0.0315, -0.5996, 0.0808
19:21:03, 3.40, 102, 73.60, 8.46, 354.70, -0.7957, -0.0313, -0.5995, 0.0811
19:21:03, 3.43, 103, 73.56, 8.45, 354.70, -0.7959, -0.0314, -0.5992, 0.0810
19:21:03, 3.43, 103, 73.57, 8.45, 354.68, -0.7958, -0.0313, -0.5993, 0.0811
19:21:03, 3.43, 103, 73.56, 8.45, 354.67, -0.7958, -0.0311, -0.5992, 0.0812
19:21:03, 3.47, 104, 73.55, 8.41, 354.63, -0.7959, -0.0307, -0.5992, 0.0813
19:21:03, 3.47, 104, 73.53, 8.41, 354.63, -0.7960, -0.0307, -0.5990, 0.0813
19:21:03, 3.50, 105, 73.54, 8.36, 354.63, -0.7960, -0.0304, -0.5991, 0.0810
19:21:03, 3.50, 105, 73.55, 8.35, 354.59, -0.7959, -0.0300, -0.5991, 0.0812
19:21:03, 3.53, 106, 73.56, 8.33, 354.57, -0.7959, -0.0298, -0.5993, 0.0812
19:21:03, 3.53, 106, 73.61, 8.29, 354.56, -0.7956, -0.0295, -0.5996, 0.0812
19:21:03, 3.53, 106, 73.63, 8.25, 354.54, -0.7955, -0.0290, -0.5998, 0.0811
19:21:03, 3.57, 107, 73.70, 8.17, 354.53, -0.7952, -0.0284, -0.6002, 0.0808
19:21:03, 3.57, 107, 73.81, 8.09, 354.47, -0.7947, -0.0275, -0.6010, 0.0808
19:21:03, 3.60, 108, 73.88, 8.05, 354.46, -0.7943, -0.0271, -0.6015, 0.0807
19:21:03, 3.60, 108, 74.00, 7.98, 354.48, -0.7938, -0.0266, -0.6023, 0.0802
19:21:03, 3.60, 108, 74.09, 7.96, 354.52, -0.7933, -0.0266, -0.6029, 0.0799
19:21:03, 3.63, 109, 74.19, 7.89, 354.55, -0.7929, -0.0262, -0.6036, 0.0792
19:21:03, 3.63, 109, 74.30, 7.80, 354.59, -0.7924, -0.0257, -0.6044, 0.0786
19:21:03, 3.67, 110, 74.40, 7.74, 354.57, -0.7919, -0.0251, -0.6051, 0.0784
19:21:03, 3.67, 110, 74.54, 7.65, 354.56, -0.7912, -0.0243, -0.6061, 0.0781
19:21:03, 3.70, 111, 74.65, 7.55, 354.54, -0.7907, -0.0234, -0.6068, 0.0777
19:21:04, 3.70, 111, 74.72, 7.47, 354.52, -0.7904, -0.0228, -0.6073, 0.0774
19:21:04, 3.70, 111, 74.80, 7.34, 354.48, -0.7900, -0.0216, -0.6079, 0.0770
19:21:04, 3.73, 112, 74.85, 7.18, 354.44, -0.7898, -0.0203, -0.6082, 0.0765
19:21:04, 3.73, 112, 74.91, 7.05, 354.41, -0.7895, -0.0191, -0.6087, 0.0760
19:21:04, 3.77, 113, 74.96, 6.84, 354.37, -0.7894, -0.0175, -0.6090, 0.0752
19:21:04, 3.77, 113, 74.96, 6.68, 354.32, -0.7895, -0.0161, -0.6090, 0.0746
19:21:04, 3.77, 113, 74.95, 6.52, 354.27, -0.7896, -0.0147, -0.6089, 0.0742
19:21:04, 3.80, 114, 74.94, 6.44, 354.22, -0.7897, -0.0139, -0.6088, 0.0741
19:21:04, 3.80, 114, 74.89, 6.25, 354.15, -0.7901, -0.0123, -0.6085, 0.0735
19:21:04, 3.83, 115, 74.79, 6.04, 354.15, -0.7907, -0.0109, -0.6078, 0.0725
19:21:04, 3.83, 115, 74.73, 5.91, 354.08, -0.7910, -0.0096, -0.6074, 0.0722
19:21:04, 3.87, 116, 74.64, 5.80, 354.01, -0.7916, -0.0085, -0.6067, 0.0722
19:21:04, 3.87, 116, 74.53, 5.75, 353.99, -0.7922, -0.0081, -0.6060, 0.0720
19:21:04, 3.87, 116, 74.42, 5.76, 353.93, -0.7927, -0.0080, -0.6053, 0.0724
19:21:04, 3.90, 117, 74.31, 5.76, 353.85, -0.7932, -0.0077, -0.6045, 0.0730
19:21:04, 3.90, 117, 74.18, 5.78, 353.79, -0.7939, -0.0075, -0.6036, 0.0735
19:21:04, 3.93, 118, 74.06, 5.82, 353.72, -0.7944, -0.0075, -0.6028, 0.0742
19:21:04, 3.93, 118, 73.97, 5.85, 353.63, -0.7948, -0.0073, -0.6022, 0.0750
19:21:04, 3.93, 118, 73.86, 5.80, 353.56, -0.7954, -0.0066, -0.6014, 0.0752
19:21:04, 3.97, 119, 73.80, 5.73, 353.48, -0.7957, -0.0058, -0.6009, 0.0754
19:21:04, 3.97, 119, 73.75, 5.68, 353.38, -0.7959, -0.0050, -0.6006, 0.0758
19:21:04, 4.00, 120, 73.72, 5.62, 353.32, -0.7961, -0.0042, -0.6004, 0.0759
19:21:04, 4.00, 120, 73.71, 5.56, 353.29, -0.7961, -0.0037, -0.6003, 0.0758
19:21:04, 4.03, 121, 73.73, 5.46, 353.28, -0.7961, -0.0029, -0.6005, 0.0754
19:21:04, 4.03, 121, 73.74, 5.35, 353.24, -0.7961, -0.0020, -0.6005, 0.0751
19:21:04, 4.03, 121, 73.77, 5.23, 353.20, -0.7960, -0.0009, -0.6007, 0.0748
19:21:04, 4.07, 122, 73.83, 5.13, 353.18, -0.7957, 0.0000, -0.6011, 0.0743
19:21:04, 4.07, 122, 73.88, 5.04, 353.18, -0.7955, 0.0007, -0.6014, 0.0739
19:21:04, 4.10, 123, 73.93, 4.91, 353.19, -0.7954, 0.0015, -0.6017, 0.0731
19:21:04, 4.10, 123, 74.03, 4.77, 353.19, -0.7949, 0.0025, -0.6024, 0.0724
19:21:04, 4.10, 123, 74.08, 4.59, 353.19, -0.7948, 0.0038, -0.6027, 0.0714
19:21:04, 4.13, 124, 74.10, 4.46, 353.24, -0.7947, 0.0045, -0.6029, 0.0705
19:21:04, 4.13, 124, 74.15, 4.36, 353.27, -0.7946, 0.0050, -0.6031, 0.0697
19:21:04, 4.17, 125, 74.09, 4.33, 353.27, -0.7949, 0.0052, -0.6027, 0.0695
19:21:04, 4.17, 125, 74.00, 4.27, 353.34, -0.7954, 0.0052, -0.6021, 0.0687
19:21:04, 4.20, 126, 73.86, 4.20, 353.35, -0.7962, 0.0056, -0.6011, 0.0683
19:21:04, 4.20, 126, 73.69, 4.12, 353.38, -0.7972, 0.0059, -0.5999, 0.0677
19:21:04, 4.20, 126, 73.52, 3.99, 353.47, -0.7982, 0.0062, -0.5987, 0.0664
19:21:04, 4.23, 127, 73.24, 3.95, 353.50, -0.7997, 0.0062, -0.5968, 0.0660
19:21:04, 4.23, 127, 72.90, 4.04, 353.54, -0.8014, 0.0051, -0.5944, 0.0663
19:21:04, 4.27, 128, 72.50, 4.08, 353.63, -0.8035, 0.0042, -0.5916, 0.0658
19:21:04, 4.27, 128, 72.05, 4.11, 353.70, -0.8058, 0.0033, -0.5885, 0.0655
19:21:04, 4.27, 128, 71.68, 4.15, 353.70, -0.8077, 0.0028, -0.5859, 0.0657
19:21:04, 4.30, 129, 71.28, 4.09, 353.76, -0.8099, 0.0028, -0.5830, 0.0650
19:21:04, 4.30, 129, 70.92, 4.15, 353.77, -0.8117, 0.0020, -0.5805, 0.0652
19:21:04, 4.33, 130, 70.48, 4.27, 353.74, -0.8138, 0.0011, -0.5774, 0.0660
19:21:04, 4.33, 130, 70.11, 4.38, 353.80, -0.8156, -0.0002, -0.5748, 0.0662
19:21:04, 4.37, 131, 69.69, 4.53, 353.82, -0.8177, -0.0016, -0.5718, 0.0667
19:21:04, 4.37, 131, 69.28, 4.54, 353.82, -0.8197, -0.0019, -0.5689, 0.0668
19:21:04, 4.37, 131, 69.00, 4.61, 353.77, -0.8210, -0.0024, -0.5669, 0.0675
19:21:04, 4.40, 132, 68.67, 4.66, 353.76, -0.8226, -0.0029, -0.5645, 0.0678
19:21:04, 4.40, 132, 68.40, 4.69, 353.77, -0.8239, -0.0033, -0.5626, 0.0679
19:21:04, 4.43, 133, 68.11, 4.71, 353.80, -0.8253, -0.0038, -0.5605, 0.0677
19:21:04, 4.43, 133, 67.86, 4.76, 353.89, -0.8266, -0.0047, -0.5587, 0.0673
19:21:04, 4.43, 133, 67.59, 4.73, 353.91, -0.8280, -0.0047, -0.5568, 0.0670
19:21:04, 4.47, 134, 67.40, 4.76, 353.93, -0.8289, -0.0052, -0.5554, 0.0670
19:21:04, 4.47, 134, 67.30, 4.78, 353.97, -0.8293, -0.0056, -0.5547, 0.0668
19:21:04, 4.50, 135, 67.22, 4.84, 353.96, -0.8297, -0.0060, -0.5541, 0.0672
19:21:04, 4.50, 135, 67.18, 4.87, 354.02, -0.8299, -0.0065, -0.5538, 0.0669
19:21:04, 4.53, 136, 67.15, 4.96, 354.09, -0.8300, -0.0075, -0.5536, 0.0668
19:21:04, 4.53, 136, 67.12, 4.95, 354.19, -0.8303, -0.0080, -0.5534, 0.0660
19:21:04, 4.53, 136, 67.14, 4.94, 354.25, -0.8302, -0.0081, -0.5536, 0.0656
19:21:04, 4.57, 137, 67.21, 4.84, 354.29, -0.8299, -0.0076, -0.5540, 0.0648
19:21:04, 4.57, 137, 67.30, 4.88, 354.30, -0.8295, -0.0079, -0.5547, 0.0649
19:21:04, 4.60, 138, 67.40, 4.93, 354.31, -0.8290, -0.0082, -0.5554, 0.0651
19:21:04, 4.60, 138, 67.53, 4.97, 354.36, -0.8284, -0.0087, -0.5564, 0.0649
19:21:04, 4.60, 138, 67.65, 4.96, 354.43, -0.8278, -0.0089, -0.5572, 0.0644
19:21:04, 4.63, 139, 67.79, 4.93, 354.52, -0.8272, -0.0090, -0.5582, 0.0636
19:21:04, 4.63, 139, 68.01, 4.90, 354.59, -0.8262, -0.0090, -0.5598, 0.0629
19:21:04, 4.67, 140, 68.34, 4.80, 354.63, -0.8247, -0.0083, -0.5621, 0.0622
19:21:04, 4.67, 140, 68.70, 4.78, 354.62, -0.8229, -0.0079, -0.5648, 0.0623
19:21:04, 4.70, 141, 69.03, 4.88, 354.69, -0.8212, -0.0088, -0.5671, 0.0623
19:21:05, 4.70, 141, 69.39, 4.81, 354.75, -0.8195, -0.0084, -0.5697, 0.0615
19:21:05, 4.70, 141, 69.81, 4.71, 354.82, -0.8175, -0.0079, -0.5727, 0.0605
19:21:05, 4.73, 142, 70.20, 4.67, 354.86, -0.8156, -0.0075, -0.5755, 0.0600
19:21:05, 4.73, 142, 70.58, 4.56, 354.96, -0.8138, -0.0071, -0.5781, 0.0588
19:21:05, 4.77, 143, 70.93, 4.48, 355.02, -0.8121, -0.0066, -0.5806, 0.0580
19:21:05, 4.77, 143, 71.25, 4.47, 355.11, -0.8105, -0.0068, -0.5828, 0.0574
19:21:05, 4.77, 143, 71.49, 4.45, 355.13, -0.8093, -0.0067, -0.5845, 0.0571
19:21:05, 4.80, 144, 71.76, 4.38, 355.13, -0.8080, -0.0060, -0.5865, 0.0567
19:21:05, 4.80, 144, 71.99, 4.24, 355.17, -0.8069, -0.0052, -0.5881, 0.0558
19:21:05, 4.83, 145, 72.21, 4.24, 355.18, -0.8057, -0.0051, -0.5896, 0.0557
19:21:05, 4.83, 145, 72.45, 4.25, 355.17, -0.8045, -0.0050, -0.5913, 0.0559
19:21:05, 4.87, 146, 72.58, 4.32, 355.15, -0.8038, -0.0053, -0.5922, 0.0563
19:21:05, 4.87, 146, 72.69, 4.38, 355.10, -0.8032, -0.0055, -0.5930, 0.0570
19:21:05, 4.87, 146, 72.74, 4.44, 355.06, -0.8028, -0.0056, -0.5934, 0.0576
19:21:05, 4.90, 147, 72.82, 4.44, 355.04, -0.8024, -0.0054, -0.5939, 0.0578
19:21:05, 4.90, 147, 72.91, 4.43, 355.00, -0.8020, -0.0051, -0.5945, 0.0580
19:21:05, 4.93, 148, 72.99, 4.40, 354.95, -0.8015, -0.0046, -0.5951, 0.0582
19:21:05, 4.93, 148, 73.04, 4.41, 354.87, -0.8013, -0.0043, -0.5954, 0.0588
19:21:05, 4.93, 148, 73.10, 4.43, 354.83, -0.8009, -0.0042, -0.5959, 0.0592
19:21:05, 4.97, 149, 73.14, 4.45, 354.75, -0.8006, -0.0039, -0.5961, 0.0599
19:21:05, 4.97, 149, 73.18, 4.46, 354.69, -0.8004, -0.0036, -0.5964, 0.0603
19:21:05, 5.00, 150, 73.23, 4.47, 354.64, -0.8001, -0.0034, -0.5968, 0.0607
19:21:05, 5.00, 150, 73.26, 4.48, 354.58, -0.7999, -0.0032, -0.5970, 0.0612
19:21:05, 5.00, 150, 73.32, 4.51, 354.53, -0.7996, -0.0030, -0.5974, 0.0617
19:21:05, 5.03, 151, 73.34, 4.47, 354.50, -0.7994, -0.0027, -0.5976, 0.0617
19:21:05, 5.03, 151, 73.39, 4.44, 354.44, -0.7991, -0.0021, -0.5979, 0.0619
19:21:05, 5.07, 152, 73.45, 4.41, 354.42, -0.7989, -0.0018, -0.5983, 0.0619
19:21:05, 5.07, 152, 73.50, 4.40, 354.40, -0.7986, -0.0015, -0.5987, 0.0621
19:21:05, 5.10, 153, 73.54, 4.38, 354.39, -0.7984, -0.0013, -0.5989, 0.0620
19:21:05, 5.10, 153, 73.56, 4.39, 354.38, -0.7983, -0.0013, -0.5991, 0.0621
19:21:05, 5.10, 153, 73.59, 4.34, 354.36, -0.7981, -0.0009, -0.5993, 0.0621
19:21:05, 5.13, 154, 73.60, 4.37, 354.33, -0.7980, -0.0009, -0.5994, 0.0624
19:21:05, 5.13, 154, 73.65, 4.34, 354.36, -0.7978, -0.0008, -0.5997, 0.0620
19:21:05, 5.17, 155, 73.69, 4.31, 354.38, -0.7976, -0.0007, -0.6000, 0.0617
19:21:05, 5.17, 155, 73.72, 4.30, 354.39, -0.7975, -0.0007, -0.6002, 0.0617
19:21:05, 5.20, 156, 73.77, 4.29, 354.38, -0.7972, -0.0005, -0.6005, 0.0617
19:21:05, 5.20, 156, 73.82, 4.31, 354.35, -0.7969, -0.0004, -0.6009, 0.0620
19:21:05, 5.20, 156, 73.86, 4.31, 354.32, -0.7967, -0.0003, -0.6012, 0.0621
19:21:05, 5.23, 157, 73.86, 4.30, 354.29, -0.7967, 0.0000, -0.6012, 0.0623
19:21:05, 5.23, 157, 73.85, 4.30, 354.29, -0.7968, 0.0000, -0.6011, 0.0623
19:21:05, 5.27, 158, 73.83, 4.30, 354.29, -0.7969, 0.0000, -0.6009, 0.0623
19:21:05, 5.27, 158, 73.82, 4.31, 354.26, -0.7969, 0.0000, -0.6009, 0.0625
19:21:05, 5.27, 158, 73.78, 4.34, 354.22, -0.7970, 0.0000, -0.6006, 0.0630
19:21:05, 5.30, 159, 73.78, 4.38, 354.19, -0.7970, -0.0002, -0.6006, 0.0634
19:21:05, 5.30, 159, 73.75, 4.36, 354.14, -0.7972, 0.0003, -0.6004, 0.0637
19:21:05, 5.33, 160, 73.74, 4.36, 354.11, -0.7972, 0.0004, -0.6003, 0.0638
19:21:05, 5.33, 160, 73.71, 4.37, 354.10, -0.7974, 0.0004, -0.6001, 0.0639
19:21:05, 5.37, 161, 73.66, 4.35, 354.09, -0.7976, 0.0006, -0.5998, 0.0640
19:21:05, 5.37, 161, 73.62, 4.35, 354.08, -0.7978, 0.0006, -0.5995, 0.0640
19:21:05, 5.37, 161, 73.60, 4.34, 354.08, -0.7979, 0.0006, -0.5994, 0.0640
19:21:05, 5.40, 162, 73.59, 4.30, 354.09, -0.7980, 0.0009, -0.5993, 0.0637
19:21:05, 5.40, 162, 73.60, 4.25, 354.09, -0.7980, 0.0012, -0.5994, 0.0635
19:21:05, 5.43, 163, 73.62, 4.21, 354.05, -0.7979, 0.0017, -0.5995, 0.0635
19:21:05, 5.43, 163, 73.65, 4.18, 354.05, -0.7977, 0.0019, -0.5997, 0.0633
19:21:05, 5.43, 163, 73.66, 4.19, 354.09, -0.7977, 0.0017, -0.5998, 0.0631
19:21:05, 5.47, 164, 73.67, 4.13, 354.10, -0.7977, 0.0020, -0.5998, 0.0627
19:21:05, 5.47, 164, 73.66, 4.11, 354.11, -0.7977, 0.0021, -0.5998, 0.0626
19:21:05, 5.50, 165, 73.68, 4.06, 354.12, -0.7977, 0.0024, -0.5999, 0.0622
19:21:05, 5.50, 165, 73.68, 4.02, 354.12, -0.7977, 0.0027, -0.5999, 0.0620
19:21:05, 5.53, 166, 73.71, 4.00, 354.13, -0.7975, 0.0028, -0.6001, 0.0618
19:21:05, 5.53, 166, 73.74, 3.99, 354.13, -0.7974, 0.0029, -0.6003, 0.0617
19:21:05, 5.53, 166, 73.76, 3.99, 354.13, -0.7973, 0.0030, -0.6004, 0.0618
19:21:05, 5.57, 167, 73.81, 3.96, 354.11, -0.7970, 0.0033, -0.6007, 0.0618
19:21:05, 5.57, 167, 73.87, 3.94, 354.08, -0.7967, 0.0036, -0.6012, 0.0619
19:21:05, 5.60, 168, 73.94, 3.97, 354.06, -0.7963, 0.0035, -0.6017, 0.0621
19:21:05, 5.60, 168, 74.03, 3.99, 354.09, -0.7958, 0.0033, -0.6023, 0.0621
19:21:05, 5.60, 168, 74.10, 4.01, 354.10, -0.7955, 0.0030, -0.6028, 0.0621
19:21:05, 5.63, 169, 74.19, 4.01, 354.17, -0.7950, 0.0028, -0.6034, 0.0616
19:21:05, 5.63, 169, 74.27, 3.98, 354.21, -0.7946, 0.0028, -0.6040, 0.0612
19:21:05, 5.67, 170, 74.38, 3.96, 354.26, -0.7941, 0.0028, -0.6047, 0.0608
19:21:05, 5.67, 170, 74.48, 3.91, 354.32, -0.7936, 0.0029, -0.6054, 0.0600
19:21:05, 5.70, 171, 74.60, 3.88, 354.36, -0.7930, 0.0029, -0.6063, 0.0596
19:21:06, 5.70, 171, 74.71, 3.84, 354.38, -0.7925, 0.0031, -0.6070, 0.0592
19:21:06, 5.70, 171, 74.78, 3.79, 354.41, -0.7922, 0.0033, -0.6074, 0.0588
19:21:06, 5.73, 172, 74.85, 3.77, 354.44, -0.7918, 0.0034, -0.6080, 0.0585
19:21:06, 5.73, 172, 74.91, 3.78, 354.47, -0.7915, 0.0032, -0.6084, 0.0583
19:21:06, 5.77, 173, 74.94, 3.79, 354.43, -0.7913, 0.0033, -0.6086, 0.0586
19:21:06, 5.77, 173, 74.92, 3.80, 354.43, -0.7914, 0.0032, -0.6084, 0.0587
19:21:06, 5.77, 173, 74.86, 3.80, 354.43, -0.7917, 0.0032, -0.6080, 0.0587
19:21:06, 5.80, 174, 74.83, 3.80, 354.43, -0.7919, 0.0032, -0.6078, 0.0587
19:21:06, 5.80, 174, 74.78, 3.81, 354.40, -0.7921, 0.0033, -0.6075, 0.0590
19:21:06, 5.83, 175, 74.72, 3.84, 354.32, -0.7924, 0.0035, -0.6071, 0.0597
19:21:06, 5.83, 175, 74.69, 3.84, 354.28, -0.7926, 0.0037, -0.6068, 0.0599
19:21:06, 5.87, 176, 74.69, 3.87, 354.29, -0.7925, 0.0034, -0.6068, 0.0600
19:21:06, 5.87, 176, 74.68, 3.89, 354.33, -0.7926, 0.0030, -0.6068, 0.0599
19:21:06, 5.87, 176, 74.67, 3.92, 354.41, -0.7927, 0.0024, -0.6068, 0.0595
19:21:06, 5.90, 177, 74.69, 3.91, 354.46, -0.7926, 0.0022, -0.6068, 0.0591
19:21:06, 5.90, 177, 74.70, 3.89, 354.50, -0.7926, 0.0021, -0.6069, 0.0587
19:21:06, 5.93, 178, 74.72, 3.88, 354.55, -0.7925, 0.0020, -0.6071, 0.0583
19:21:06, 5.93, 178, 74.75, 3.89, 354.57, -0.7923, 0.0018, -0.6073, 0.0582
19:21:06, 5.93, 178, 74.77, 3.87, 354.59, -0.7923, 0.0018, -0.6074, 0.0579
19:21:06, 5.97, 179, 74.79, 3.85, 354.60, -0.7922, 0.0019, -0.6075, 0.0578
19:21:06, 5.97, 179, 74.78, 3.87, 354.59, -0.7922, 0.0018, -0.6075, 0.0579
19:21:06, 6.00, 180, 74.75, 3.88, 354.59, -0.7923, 0.0017, -0.6073, 0.0580
19:21:06, 6.00, 180, 74.72, 3.91, 354.59, -0.7925, 0.0016, -0.6071, 0.0581
19:21:06, 6.03, 181, 74.64, 3.96, 354.58, -0.7929, 0.0012, -0.6065, 0.0585
19:21:06, 6.03, 181, 74.59, 3.98, 354.59, -0.7931, 0.0010, -0.6062, 0.0586
19:21:06, 6.03, 181, 74.56, 3.98, 354.56, -0.7933, 0.0012, -0.6060, 0.0587
19:21:06, 6.07, 182, 74.57, 4.02, 354.53, -0.7932, 0.0010, -0.6060, 0.0592
19:21:06, 6.07, 182, 74.58, 4.05, 354.51, -0.7931, 0.0009, -0.6061, 0.0594
19:21:06, 6.10, 183, 74.58, 4.05, 354.53, -0.7931, 0.0008, -0.6061, 0.0593
19:21:06, 6.10, 183, 74.57, 4.03, 354.55, -0.7932, 0.0008, -0.6061, 0.0591
19:21:06, 6.10, 183, 74.56, 4.04, 354.55, -0.7933, 0.0008, -0.6060, 0.0591
19:21:06, 6.13, 184, 74.55, 4.01, 354.56, -0.7933, 0.0009, -0.6059, 0.0589
19:21:06, 6.13, 184, 74.53, 3.99, 354.57, -0.7935, 0.0010, -0.6058, 0.0587
19:21:06, 6.17, 185, 74.52, 3.98, 354.57, -0.7935, 0.0010, -0.6057, 0.0587
19:21:06, 6.17, 185, 74.49, 3.98, 354.58, -0.7937, 0.0010, -0.6055, 0.0586
19:21:06, 6.20, 186, 74.49, 3.99, 354.58, -0.7937, 0.0009, -0.6055, 0.0587
19:21:06, 6.20, 186, 74.47, 3.99, 354.56, -0.7938, 0.0010, -0.6053, 0.0588
19:21:06, 6.20, 186, 74.45, 3.99, 354.58, -0.7939, 0.0009, -0.6052, 0.0587
19:21:06, 6.23, 187, 74.42, 3.99, 354.58, -0.7941, 0.0009, -0.6050, 0.0586
19:21:06, 6.23, 187, 74.39, 4.01, 354.60, -0.7942, 0.0006, -0.6048, 0.0586
19:21:06, 6.27, 188, 74.36, 4.01, 354.65, -0.7944, 0.0003, -0.6046, 0.0583
19:21:06, 6.27, 188, 74.32, 4.00, 354.70, -0.7946, 0.0001, -0.6043, 0.0579
19:21:06, 6.27, 188, 74.30, 4.00, 354.71, -0.7947, 0.0001, -0.6042, 0.0578
19:21:06, 6.30, 189, 74.27, 3.98, 354.73, -0.7949, 0.0001, -0.6040, 0.0576
19:21:06, 6.30, 189, 74.24, 3.97, 354.77, -0.7951, -0.0001, -0.6038, 0.0572
19:21:06, 6.33, 190, 74.20, 3.93, 354.80, -0.7954, 0.0001, -0.6034, 0.0568
19:21:06, 6.33, 190, 74.13, 3.90, 354.84, -0.7958, 0.0000, -0.6030, 0.0564
19:21:06, 6.37, 191, 74.07, 3.89, 354.87, -0.7961, -0.0001, -0.6026, 0.0561
19:21:06, 6.37, 191, 74.01, 3.85, 354.87, -0.7964, 0.0001, -0.6022, 0.0559
19:21:06, 6.37, 191, 73.94, 3.85, 354.89, -0.7968, 0.0000, -0.6016, 0.0558
19:21:06, 6.40, 192, 73.87, 3.84, 354.91, -0.7972, -0.0001, -0.6011, 0.0556
19:21:06, 6.40, 192, 73.80, 3.83, 354.92, -0.7976, -0.0001, -0.6007, 0.0554
19:21:06, 6.43, 193, 73.73, 3.80, 354.97, -0.7980, -0.0002, -0.6002, 0.0550
19:21:06, 6.43, 193, 73.65, 3.74, 354.97, -0.7984, 0.0002, -0.5996, 0.0547
19:21:06, 6.43, 193, 73.58, 3.71, 354.97, -0.7988, 0.0003, -0.5992, 0.0545
19:21:06, 6.47, 194, 73.53, 3.72, 354.95, -0.7990, 0.0004, -0.5988, 0.0547
19:21:06, 6.47, 194, 73.49, 3.70, 354.94, -0.7992, 0.0006, -0.5985, 0.0547
19:21:06, 6.50, 195, 73.45, 3.72, 354.93, -0.7994, 0.0005, -0.5982, 0.0549
19:21:06, 6.50, 195, 73.40, 3.70, 354.95, -0.7997, 0.0004, -0.5979, 0.0546
19:21:06, 6.53, 196, 73.33, 3.70, 354.96, -0.8001, 0.0004, -0.5974, 0.0545
19:21:06, 6.53, 196, 73.27, 3.67, 354.99, -0.8004, 0.0004, -0.5970, 0.0541
19:21:06, 6.53, 196, 73.23, 3.63, 355.00, -0.8007, 0.0006, -0.5967, 0.0538
19:21:06, 6.57, 197, 73.20, 3.58, 354.98, -0.8008, 0.0010, -0.5965, 0.0537
19:21:06, 6.57, 197, 73.18, 3.55, 354.98, -0.8010, 0.0012, -0.5963, 0.0535
19:21:06, 6.60, 198, 73.16, 3.51, 354.97, -0.8011, 0.0016, -0.5962, 0.0535
19:21:06, 6.60, 198, 73.13, 3.46, 354.95, -0.8012, 0.0020, -0.5960, 0.0533
19:21:06, 6.60, 198, 73.15, 3.45, 354.96, -0.8012, 0.0020, -0.5961, 0.0532
19:21:06, 6.63, 199, 73.16, 3.41, 354.98, -0.8011, 0.0022, -0.5962, 0.0529
19:21:06, 6.63, 199, 73.15, 3.40, 355.00, -0.8012, 0.0022, -0.5961, 0.0527
19:21:06, 6.67, 200, 73.16, 3.38, 355.00, -0.8011, 0.0023, -0.5962, 0.0526
19:21:06, 6.67, 200, 73.15, 3.37, 355.02, -0.8012, 0.0023, -0.5961, 0.0524
19:21:06, 6.70, 201, 73.17, 3.35, 354.99, -0.8011, 0.0026, -0.5962, 0.0525
19:21:07, 6.70, 201, 73.16, 3.33, 354.96, -0.8012, 0.0029, -0.5961, 0.0526
19:21:07, 6.70, 201, 73.15, 3.27, 354.98, -0.8012, 0.0032, -0.5960, 0.0522
19:21:07, 6.73, 202, 73.16, 3.23, 354.98, -0.8012, 0.0035, -0.5961, 0.0520
19:21:07, 6.73, 202, 73.14, 3.14, 354.99, -0.8013, 0.0040, -0.5960, 0.0514
19:21:07, 6.77, 203, 73.14, 3.11, 355.01, -0.8014, 0.0042, -0.5960, 0.0511
19:21:07, 6.77, 203, 73.16, 3.06, 354.97, -0.8013, 0.0047, -0.5961, 0.0511
19:21:07, 6.77, 203, 73.19, 3.04, 354.94, -0.8011, 0.0051, -0.5963, 0.0512
19:21:07, 6.80, 204, 73.21, 3.00, 354.89, -0.8010, 0.0056, -0.5964, 0.0514
19:21:07, 6.80, 204, 73.25, 2.99, 354.85, -0.8008, 0.0059, -0.5967, 0.0516
19:21:07, 6.83, 205, 73.27, 2.97, 354.82, -0.8007, 0.0062, -0.5969, 0.0517
19:21:07, 6.83, 205, 73.30, 2.95, 354.77, -0.8005, 0.0066, -0.5971, 0.0519
19:21:07, 6.87, 206, 73.31, 2.93, 354.75, -0.8004, 0.0068, -0.5971, 0.0520
19:21:07, 6.87, 206, 73.35, 2.89, 354.69, -0.8002, 0.0074, -0.5974, 0.0522
19:21:07, 6.87, 206, 73.37, 2.84, 354.69, -0.8002, 0.0078, -0.5975, 0.0520
19:21:07, 6.90, 207, 73.40, 2.79, 354.64, -0.8000, 0.0084, -0.5977, 0.0520
19:21:07, 6.90, 207, 73.42, 2.77, 354.61, -0.7999, 0.0088, -0.5978, 0.0521
19:21:07, 6.93, 208, 73.46, 2.74, 354.56, -0.7996, 0.0092, -0.5981, 0.0523
19:21:07, 6.93, 208, 73.53, 2.70, 354.53, -0.7993, 0.0097, -0.5986, 0.0522
19:21:07, 6.93, 208, 73.59, 2.67, 354.50, -0.7990, 0.0101, -0.5990, 0.0523
19:21:07, 6.97, 209, 73.64, 2.64, 354.49, -0.7987, 0.0104, -0.5993, 0.0523
19:21:07, 6.97, 209, 73.71, 2.61, 354.47, -0.7984, 0.0107, -0.5998, 0.0522
19:21:07, 7.00, 210, 73.80, 2.57, 354.44, -0.7979, 0.0111, -0.6004, 0.0522
19:21:07, 7.00, 210, 73.91, 2.55, 354.40, -0.7973, 0.0116, -0.6012, 0.0524
19:21:07, 7.03, 211, 74.03, 2.54, 354.45, -0.7967, 0.0115, -0.6020, 0.0520
19:21:07, 7.03, 211, 74.28, 2.40, 354.54, -0.7955, 0.0121, -0.6037, 0.0506
19:21:07, 7.03, 211, 74.60, 2.30, 354.65, -0.7939, 0.0124, -0.6060, 0.0493
19:21:07, 7.07, 212, 75.02, 2.14, 354.82, -0.7918, 0.0127, -0.6088, 0.0472
19:21:07, 7.07, 212, 75.57, 1.95, 354.94, -0.7890, 0.0136, -0.6126, 0.0453
19:21:07, 7.10, 213, 76.19, 1.72, 355.07, -0.7858, 0.0147, -0.6168, 0.0431
19:21:07, 7.10, 213, 76.92, 1.51, 355.19, -0.7820, 0.0158, -0.6218, 0.0410
19:21:07, 7.10, 213, 77.64, 1.42, 355.35, -0.7781, 0.0158, -0.6267, 0.0393
19:21:07, 7.13, 214, 78.37, 1.26, 355.46, -0.7742, 0.0165, -0.6316, 0.0376
19:21:07, 7.13, 214, 79.08, 1.23, 355.61, -0.7703, 0.0161, -0.6364, 0.0364
19:21:07, 7.17, 215, 79.79, 1.13, 355.67, -0.7664, 0.0167, -0.6412, 0.0354
19:21:07, 7.17, 215, 80.58, 0.98, 355.73, -0.7620, 0.0176, -0.6464, 0.0339
19:21:07, 7.20, 216, 81.30, 0.81, 355.82, -0.7580, 0.0184, -0.6512, 0.0323
19:21:07, 7.20, 216, 81.98, 0.72, 355.87, -0.7542, 0.0189, -0.6557, 0.0313
19:21:07, 7.20, 216, 82.63, 0.73, 355.84, -0.7504, 0.0192, -0.6599, 0.0314
19:21:07, 7.23, 217, 83.28, 0.70, 355.80, -0.7467, 0.0197, -0.6641, 0.0314
19:21:07, 7.23, 217, 83.95, 0.68, 355.80, -0.7428, 0.0201, -0.6685, 0.0312
19:21:07, 7.27, 218, 84.50, 0.68, 355.74, -0.7396, 0.0207, -0.6720, 0.0315
19:21:07, 7.27, 218, 85.00, 0.69, 355.73, -0.7366, 0.0207, -0.6753, 0.0315
19:21:07, 7.27, 218, 85.46, 0.78, 355.73, -0.7338, 0.0203, -0.6783, 0.0320
19:21:07, 7.30, 219, 85.85, 0.86, 355.66, -0.7315, 0.0203, -0.6808, 0.0328
19:21:07, 7.30, 219, 86.21, 0.88, 355.61, -0.7293, 0.0206, -0.6830, 0.0332
19:21:07, 7.33, 220, 86.53, 0.94, 355.52, -0.7274, 0.0208, -0.6851, 0.0341
19:21:07, 7.33, 220, 86.85, 0.95, 355.38, -0.7254, 0.0217, -0.6871, 0.0350
19:21:07, 7.37, 221, 87.13, 0.96, 355.26, -0.7237, 0.0225, -0.6888, 0.0357
19:21:07, 7.37, 221, 87.48, 0.93, 355.03, -0.7215, 0.0241, -0.6910, 0.0370
19:21:07, 7.37, 221, 87.85, 0.85, 354.86, -0.7193, 0.0258, -0.6932, 0.0374
19:21:07, 7.40, 222, 88.27, 0.85, 354.70, -0.7167, 0.0269, -0.6958, 0.0384
19:21:07, 7.40, 222, 88.75, 0.77, 354.48, -0.7137, 0.0289, -0.6987, 0.0391
19:21:07, 7.43, 223, 89.35, 0.71, 354.19, -0.7100, 0.0312, -0.7024, 0.0404
19:21:07, 7.43, 223, 90.29, 0.56, 353.75, -0.7041, 0.0352, -0.7080, 0.0419
19:21:07, 7.43, 223, 91.35, 0.32, 353.45, -0.6975, 0.0389, -0.7143, 0.0419
19:21:07, 7.47, 224, 92.58, 0.14, 352.99, -0.6897, 0.0433, -0.7215, 0.0432
19:21:07, 7.47, 224, 94.06, 0.07, 352.42, -0.6801, 0.0480, -0.7302, 0.0455
19:21:07, 7.50, 225, 96.03, 359.96, 351.81, -0.6673, 0.0534, -0.7414, 0.0475
19:21:07, 7.50, 225, 98.09, 359.86, 351.53, -0.6538, 0.0565, -0.7531, 0.0475
19:21:07, 7.53, 226, 99.88, 359.76, 351.49, -0.6420, 0.0581, -0.7631, 0.0462
19:21:07, 7.53, 226, 101.57, 359.67, 351.64, -0.6307, 0.0583, -0.7726, 0.0439
19:21:07, 7.53, 226, 103.07, 359.68, 351.75, -0.6206, 0.0580, -0.7808, 0.0425
19:21:07, 7.57, 227, 104.52, 359.71, 351.86, -0.6107, 0.0577, -0.7887, 0.0414
19:21:07, 7.57, 227, 105.70, 359.79, 351.87, -0.6025, 0.0576, -0.7950, 0.0413
19:21:07, 7.60, 228, 106.74, 359.88, 351.93, -0.5952, 0.0571, -0.8005, 0.0412
19:21:07, 7.60, 228, 107.60, 0.00, 351.84, -0.5891, 0.0574, -0.8049, 0.0420
19:21:07, 7.60, 228, 108.25, 0.02, 351.51, -0.5844, 0.0599, -0.8081, 0.0435
19:21:07, 7.63, 229, 108.78, 0.02, 351.22, -0.5806, 0.0621, -0.8106, 0.0447
19:21:07, 7.63, 229, 109.16, 359.95, 351.03, -0.5778, 0.0639, -0.8124, 0.0450
19:21:07, 7.67, 230, 109.54, 359.90, 350.75, -0.5750, 0.0664, -0.8142, 0.0458
19:21:07, 7.67, 230, 109.79, 359.87, 350.42, -0.5731, 0.0690, -0.8152, 0.0471
19:21:07, 7.70, 231, 110.19, 359.85, 350.22, -0.5702, 0.0707, -0.8170, 0.0477
19:21:08, 7.70, 231, 110.49, 359.89, 350.05, -0.5680, 0.0718, -0.8184, 0.0487
19:21:08, 7.70, 231, 110.69, 359.96, 349.93, -0.5665, 0.0724, -0.8194, 0.0496
19:21:08, 7.73, 232, 110.88, 0.06, 349.83, -0.5650, 0.0727, -0.8203, 0.0507
19:21:08, 7.73, 232, 111.12, 0.06, 349.69, -0.5632, 0.0738, -0.8214, 0.0513
19:21:08, 7.77, 233, 111.51, 0.12, 349.49, -0.5603, 0.0751, -0.8232, 0.0524
19:21:08, 7.77, 233, 111.94, 0.07, 349.41, -0.5572, 0.0761, -0.8253, 0.0521
19:21:08, 7.77, 233, 112.30, 359.91, 349.32, -0.5547, 0.0777, -0.8268, 0.0512
19:21:08, 7.80, 234, 112.67, 359.78, 349.18, -0.5521, 0.0795, -0.8285, 0.0507
19:21:08, 7.80, 234, 113.12, 359.54, 348.94, -0.5488, 0.0826, -0.8304, 0.0498
19:21:08, 7.83, 235, 113.65, 359.34, 348.72, -0.5450, 0.0854, -0.8326, 0.0489
19:21:08, 7.83, 235, 114.17, 359.20, 348.58, -0.5412, 0.0873, -0.8349, 0.0482
19:21:08, 7.87, 236, 114.61, 359.00, 348.45, -0.5381, 0.0894, -0.8368, 0.0471
19:21:08, 7.87, 236, 115.06, 358.87, 348.37, -0.5349, 0.0907, -0.8388, 0.0461
19:21:08, 7.87, 236, 115.51, 358.75, 348.23, -0.5317, 0.0925, -0.8407, 0.0455
19:21:08, 7.90, 237, 115.91, 358.68, 348.02, -0.5286, 0.0945, -0.8423, 0.0456
19:21:08, 7.90, 237, 116.34, 358.57, 347.86, -0.5256, 0.0963, -0.8441, 0.0452
19:21:08, 7.93, 238, 116.67, 358.48, 347.64, -0.5231, 0.0985, -0.8453, 0.0452
19:21:08, 7.93, 238, 116.99, 358.49, 347.43, -0.5206, 0.1002, -0.8466, 0.0461
19:21:08, 7.93, 238, 117.38, 358.33, 347.24, -0.5178, 0.1025, -0.8482, 0.0454
19:21:08, 7.97, 239, 117.77, 358.12, 347.12, -0.5150, 0.1044, -0.8497, 0.0439
19:21:08, 7.97, 239, 118.14, 357.90, 347.01, -0.5124, 0.1063, -0.8511, 0.0425
19:21:08, 8.00, 240, 118.62, 357.58, 347.13, -0.5091, 0.1071, -0.8531, 0.0392
19:21:08, 8.00, 240, 119.17, 357.23, 347.44, -0.5054, 0.1065, -0.8556, 0.0347
19:21:08, 8.03, 241, 119.94, 356.97, 347.84, -0.4999, 0.1048, -0.8592, 0.0302
19:21:08, 8.03, 241, 120.81, 356.67, 348.20, -0.4936, 0.1036, -0.8631, 0.0256
19:21:08, 8.03, 241, 121.60, 356.54, 348.57, -0.4878, 0.1015, -0.8667, 0.0223
19:21:08, 8.07, 242, 122.42, 356.54, 348.78, -0.4816, 0.1001, -0.8704, 0.0207
19:21:08, 8.07, 242, 123.07, 356.62, 348.86, -0.4767, 0.0993, -0.8732, 0.0205
19:21:08, 8.10, 243, 123.61, 356.70, 348.87, -0.4725, 0.0990, -0.8755, 0.0206
19:21:08, 8.10, 243, 124.03, 356.75, 348.76, -0.4692, 0.0997, -0.8772, 0.0210
19:21:08, 8.10, 243, 124.35, 356.84, 348.62, -0.4667, 0.1004, -0.8784, 0.0220
19:21:08, 8.13, 244, 124.48, 356.92, 348.45, -0.4657, 0.1015, -0.8788, 0.0232
19:21:08, 8.13, 244, 124.59, 357.02, 348.32, -0.4647, 0.1021, -0.8792, 0.0244
19:21:08, 8.17, 245, 124.60, 357.19, 348.11, -0.4644, 0.1030, -0.8792, 0.0265
19:21:08, 8.17, 245, 124.62, 357.29, 347.87, -0.4642, 0.1045, -0.8791, 0.0283
19:21:08, 8.17, 245, 124.61, 357.44, 347.62, -0.4640, 0.1058, -0.8789, 0.0304
19:21:08, 8.20, 246, 124.60, 357.51, 347.47, -0.4640, 0.1067, -0.8788, 0.0316
19:21:08, 8.20, 246, 124.63, 357.48, 347.32, -0.4638, 0.1079, -0.8787, 0.0320
19:21:08, 8.23, 247, 124.72, 357.43, 347.17, -0.4631, 0.1093, -0.8790, 0.0321
19:21:08, 8.23, 247, 124.87, 357.35, 347.11, -0.4620, 0.1102, -0.8795, 0.0315
19:21:08, 8.27, 248, 124.97, 357.31, 347.07, -0.4612, 0.1106, -0.8798, 0.0313
19:21:08, 8.27, 248, 125.08, 357.37, 347.03, -0.4604, 0.1107, -0.8802, 0.0318
19:21:08, 8.27, 248, 125.14, 357.49, 347.00, -0.4598, 0.1105, -0.8805, 0.0328
19:21:08, 8.30, 249, 125.19, 357.58, 346.91, -0.4593, 0.1108, -0.8807, 0.0338
19:21:08, 8.30, 249, 125.24, 357.62, 346.86, -0.4589, 0.1110, -0.8809, 0.0343
19:21:08, 8.33, 250, 125.21, 357.55, 346.87, -0.4592, 0.1113, -0.8807, 0.0337
19:21:08, 8.33, 250, 125.17, 357.49, 346.83, -0.4595, 0.1118, -0.8805, 0.0335
19:21:08, 8.37, 251, 125.08, 357.46, 346.82, -0.4602, 0.1119, -0.8801, 0.0334
19:21:08, 8.37, 251, 125.02, 357.47, 346.83, -0.4607, 0.1119, -0.8798, 0.0335
19:21:08, 8.37, 251, 124.97, 357.46, 346.86, -0.4611, 0.1116, -0.8797, 0.0333
19:21:08, 8.40, 252, 124.94, 357.47, 346.87, -0.4613, 0.1115, -0.8796, 0.0334
19:21:08, 8.40, 252, 124.86, 357.59, 346.93, -0.4618, 0.1106, -0.8794, 0.0342
19:21:08, 8.43, 253, 124.73, 357.72, 347.00, -0.4627, 0.1094, -0.8790, 0.0350
19:21:08, 8.43, 253, 124.66, 357.85, 346.96, -0.4631, 0.1092, -0.8788, 0.0362
19:21:08, 8.43, 253, 124.67, 357.88, 346.91, -0.4630, 0.1095, -0.8788, 0.0367
19:21:08, 8.47, 254, 124.63, 357.90, 346.84, -0.4633, 0.1099, -0.8786, 0.0371
19:21:08, 8.47, 254, 124.57, 357.90, 346.86, -0.4638, 0.1098, -0.8783, 0.0371
19:21:08, 8.50, 255, 124.48, 357.95, 346.91, -0.4645, 0.1091, -0.8780, 0.0374
19:21:08, 8.50, 255, 124.38, 358.07, 346.96, -0.4651, 0.1082, -0.8778, 0.0381
19:21:08, 8.53, 256, 124.34, 358.19, 346.99, -0.4654, 0.1075, -0.8777, 0.0390
19:21:08, 8.53, 256, 124.30, 358.30, 346.96, -0.4655, 0.1073, -0.8776, 0.0400
19:21:08, 8.53, 256, 124.27, 358.29, 346.98, -0.4658, 0.1071, -0.8775, 0.0399
19:21:08, 8.57, 257, 124.24, 358.26, 346.97, -0.4661, 0.1074, -0.8773, 0.0397
19:21:08, 8.57, 257, 124.18, 358.20, 346.98, -0.4666, 0.1075, -0.8770, 0.0393
19:21:08, 8.60, 258, 124.08, 358.21, 346.99, -0.4673, 0.1074, -0.8766, 0.0394
19:21:08, 8.60, 258, 123.94, 358.23, 346.98, -0.4684, 0.1073, -0.8761, 0.0398
19:21:08, 8.60, 258, 123.82, 358.26, 346.98, -0.4693, 0.1071, -0.8756, 0.0401
19:21:08, 8.63, 259, 123.69, 358.21, 346.96, -0.4703, 0.1074, -0.8750, 0.0399
19:21:08, 8.63, 259, 123.60, 358.12, 346.96, -0.4711, 0.1077, -0.8746, 0.0393
19:21:08, 8.67, 260, 123.50, 358.04, 346.97, -0.4719, 0.1080, -0.8741, 0.0387
19:21:08, 8.67, 260, 123.36, 358.01, 347.06, -0.4730, 0.1074, -0.8737, 0.0382
19:21:08, 8.70, 261, 123.20, 357.96, 347.09, -0.4743, 0.1073, -0.8730, 0.0379
19:21:09, 8.70, 261, 123.00, 357.91, 347.18, -0.4759, 0.1067, -0.8722, 0.0374
19:21:09, 8.70, 261, 122.84, 357.89, 347.18, -0.4771, 0.1068, -0.8715, 0.0373
19:21:09, 8.73, 262, 122.67, 357.83, 347.19, -0.4785, 0.1069, -0.8708, 0.0370
19:21:09, 8.73, 262, 122.48, 357.83, 347.20, -0.4799, 0.1068, -0.8700, 0.0371
19:21:09, 8.77, 263, 122.21, 357.83, 347.20, -0.4819, 0.1066, -0.8689, 0.0374
19:21:09, 8.77, 263, 121.88, 357.92, 347.20, -0.4844, 0.1062, -0.8675, 0.0384
19:21:09, 8.77, 263, 121.47, 358.06, 347.23, -0.4874, 0.1052, -0.8659, 0.0397
19:21:09, 8.80, 264, 120.87, 358.21, 347.28, -0.4918, 0.1040, -0.8635, 0.0412
19:21:09, 8.80, 264, 120.23, 358.36, 347.41, -0.4966, 0.1022, -0.8609, 0.0423
19:21:09, 8.83, 265, 119.53, 358.36, 347.45, -0.5018, 0.1016, -0.8579, 0.0428
19:21:09, 8.83, 265, 118.86, 358.35, 347.41, -0.5068, 0.1017, -0.8549, 0.0435
19:21:09, 8.87, 266, 118.17, 358.19, 347.41, -0.5121, 0.1021, -0.8518, 0.0428
19:21:09, 8.87, 266, 117.57, 358.17, 347.42, -0.5166, 0.1019, -0.8491, 0.0432
19:21:09, 8.87, 266, 116.94, 358.23, 347.49, -0.5212, 0.1009, -0.8463, 0.0438
19:21:09, 8.90, 267, 116.25, 358.37, 347.71, -0.5263, 0.0984, -0.8434, 0.0445
19:21:09, 8.90, 267, 115.38, 358.64, 348.09, -0.5326, 0.0940, -0.8399, 0.0455
19:21:09, 8.93, 268, 114.41, 358.69, 348.36, -0.5398, 0.0914, -0.8356, 0.0454
19:21:09, 8.93, 268, 113.35, 358.71, 348.55, -0.5476, 0.0895, -0.8307, 0.0455
19:21:09, 8.93, 268, 112.26, 358.63, 348.69, -0.5556, 0.0885, -0.8255, 0.0450
19:21:09, 8.97, 269, 111.02, 358.53, 348.75, -0.5645, 0.0880, -0.8195, 0.0450
19:21:09, 8.97, 269, 109.77, 358.49, 348.79, -0.5734, 0.0874, -0.8133, 0.0454
19:21:09, 9.00, 270, 108.43, 358.55, 348.88, -0.5829, 0.0860, -0.8066, 0.0464
19:21:09, 9.00, 270, 107.06, 358.50, 348.98, -0.5926, 0.0850, -0.7996, 0.0466
19:21:09, 9.03, 271, 105.74, 358.40, 348.97, -0.6018, 0.0850, -0.7927, 0.0470
19:21:09, 9.03, 271, 104.52, 358.29, 348.83, -0.6103, 0.0860, -0.7861, 0.0479
19:21:09, 9.03, 271, 103.41, 357.97, 348.72, -0.6180, 0.0880, -0.7798, 0.0470
19:21:09, 9.07, 272, 102.31, 357.56, 348.76, -0.6257, 0.0895, -0.7736, 0.0449
19:21:09, 9.07, 272, 101.24, 357.30, 348.90, -0.6331, 0.0896, -0.7677, 0.0432
19:21:09, 9.10, 273, 100.09, 357.15, 349.12, -0.6409, 0.0885, -0.7613, 0.0419
19:21:09, 9.10, 273, 99.05, 357.33, 349.37, -0.6478, 0.0855, -0.7558, 0.0425
19:21:09, 9.10, 273, 98.13, 357.66, 349.51, -0.6537, 0.0824, -0.7509, 0.0445
19:21:09, 9.13, 274, 97.35, 357.99, 349.55, -0.6587, 0.0800, -0.7467, 0.0470
19:21:09, 9.13, 274, 96.75, 358.22, 349.47, -0.6624, 0.0789, -0.7433, 0.0494
19:21:09, 9.17, 275, 96.14, 358.27, 349.49, -0.6663, 0.0782, -0.7398, 0.0500
19:21:09, 9.17, 275, 95.56, 358.25, 349.57, -0.6701, 0.0775, -0.7365, 0.0498
19:21:09, 9.20, 276, 94.86, 358.35, 349.69, -0.6746, 0.0758, -0.7325, 0.0502
19:21:09, 9.20, 276, 94.33, 358.34, 349.82, -0.6781, 0.0749, -0.7295, 0.0498
19:21:09, 9.20, 276, 93.73, 358.41, 349.98, -0.6819, 0.0732, -0.7261, 0.0496
19:21:09, 9.23, 277, 93.37, 358.46, 350.07, -0.6842, 0.0722, -0.7240, 0.0496
19:21:09, 9.23, 277, 92.93, 358.41, 350.22, -0.6871, 0.0713, -0.7214, 0.0487
19:21:09, 9.27, 278, 92.52, 358.35, 350.37, -0.6897, 0.0706, -0.7190, 0.0477
19:21:09, 9.27, 278, 92.13, 358.34, 350.52, -0.6923, 0.0695, -0.7167, 0.0469
19:21:09, 9.27, 278, 91.66, 358.31, 350.62, -0.6953, 0.0689, -0.7139, 0.0464
19:21:09, 9.30, 279, 91.16, 358.33, 350.74, -0.6984, 0.0678, -0.7110, 0.0461
19:21:09, 9.30, 279, 90.62, 358.43, 350.89, -0.7018, 0.0661, -0.7078, 0.0462
19:21:09, 9.33, 280, 89.92, 358.44, 351.01, -0.7061, 0.0650, -0.7036, 0.0459
19:21:09, 9.33, 280, 89.17, 358.42, 351.05, -0.7107, 0.0646, -0.6990, 0.0459
19:21:09, 9.37, 281, 88.38, 358.43, 351.07, -0.7155, 0.0641, -0.6941, 0.0463
19:21:09, 9.37, 281, 87.65, 358.35, 350.98, -0.7199, 0.0648, -0.6894, 0.0468
19:21:09, 9.37, 281, 86.84, 358.21, 351.03, -0.7248, 0.0650, -0.6843, 0.0461
19:21:09, 9.40, 282, 86.08, 358.10, 350.96, -0.7294, 0.0658, -0.6793, 0.0463
19:21:09, 9.40, 282, 85.30, 357.96, 350.95, -0.7340, 0.0665, -0.6743, 0.0460
19:21:09, 9.43, 283, 84.56, 357.81, 350.94, -0.7384, 0.0673, -0.6694, 0.0456
19:21:09, 9.43, 283, 83.91, 357.72, 351.00, -0.7422, 0.0672, -0.6652, 0.0451
19:21:09, 9.43, 283, 83.20, 357.63, 351.02, -0.7464, 0.0673, -0.6605, 0.0448
19:21:09, 9.47, 284, 82.64, 357.52, 351.14, -0.7497, 0.0672, -0.6569, 0.0438
19:21:09, 9.47, 284, 82.12, 357.40, 351.24, -0.7527, 0.0672, -0.6535, 0.0427
19:21:09, 9.50, 285, 81.63, 357.33, 351.37, -0.7556, 0.0667, -0.6503, 0.0418
19:21:09, 9.50, 285, 81.18, 357.34, 351.53, -0.7582, 0.0656, -0.6474, 0.0410
19:21:09, 9.53, 286, 80.72, 357.30, 351.60, -0.7608, 0.0653, -0.6444, 0.0406
19:21:09, 9.53, 286, 80.32, 357.24, 351.73, -0.7632, 0.0649, -0.6417, 0.0396
19:21:09, 9.53, 286, 79.96, 357.20, 351.77, -0.7652, 0.0648, -0.6393, 0.0394
19:21:09, 9.57, 287, 79.60, 357.08, 351.84, -0.7672, 0.0651, -0.6369, 0.0383
19:21:09, 9.57, 287, 79.23, 357.08, 351.91, -0.7693, 0.0645, -0.6345, 0.0381
19:21:09, 9.60, 288, 78.92, 357.02, 352.02, -0.7711, 0.0643, -0.6324, 0.0372
19:21:09, 9.60, 288, 78.51, 357.03, 352.14, -0.7734, 0.0634, -0.6297, 0.0367
19:21:09, 9.60, 288, 78.22, 357.03, 352.22, -0.7750, 0.0629, -0.6278, 0.0363
19:21:09, 9.63, 289, 77.95, 357.03, 352.25, -0.7765, 0.0626, -0.6260, 0.0363
19:21:09, 9.63, 289, 77.72, 357.08, 352.28, -0.7778, 0.0620, -0.6244, 0.0365
19:21:09, 9.67, 290, 77.45, 357.09, 352.35, -0.7792, 0.0615, -0.6227, 0.0362
19:21:09, 9.67, 290, 77.23, 357.03, 352.41, -0.7804, 0.0615, -0.6212, 0.0356
19:21:09, 9.70, 291, 76.98, 356.94, 352.49, -0.7819, 0.0616, -0.6195, 0.0346
19:21:10, 9.70, 291, 76.73, 356.92, 352.58, -0.7832, 0.0612, -0.6178, 0.0340
19:21:10, 9.70, 291, 76.48, 356.91, 352.63, -0.7846, 0.0609, -0.6161, 0.0338
19:21:10, 9.73, 292, 76.23, 356.91, 352.68, -0.7859, 0.0606, -0.6144, 0.0336
19:21:10, 9.73, 292, 76.01, 356.96, 352.72, -0.7871, 0.0600, -0.6129, 0.0337
19:21:10, 9.77, 293, 75.77, 356.95, 352.80, -0.7884, 0.0595, -0.6114, 0.0333
19:21:10, 9.77, 293, 75.48, 356.92, 352.88, -0.7900, 0.0592, -0.6094, 0.0327
19:21:10, 9.77, 293, 75.25, 356.85, 352.95, -0.7913, 0.0592, -0.6078, 0.0319
19:21:10, 9.80, 294, 74.97, 356.83, 352.99, -0.7927, 0.0591, -0.6059, 0.0316
19:21:10, 9.80, 294, 74.68, 356.85, 353.05, -0.7943, 0.0586, -0.6039, 0.0315
19:21:10, 9.83, 295, 74.38, 356.89, 353.16, -0.7959, 0.0576, -0.6019, 0.0311
19:21:10, 9.83, 295, 73.96, 356.97, 353.23, -0.7981, 0.0566, -0.5991, 0.0312
19:21:10, 9.87, 296, 73.58, 356.99, 353.28, -0.8001, 0.0561, -0.5964, 0.0312
19:21:10, 9.87, 296, 73.11, 357.01, 353.35, -0.8026, 0.0554, -0.5932, 0.0311
19:21:10, 9.87, 296, 72.68, 357.06, 353.38, -0.8048, 0.0548, -0.5902, 0.0313
19:21:10, 9.90, 297, 72.24, 357.10, 353.40, -0.8070, 0.0543, -0.5872, 0.0316
19:21:10, 9.90, 297, 71.82, 357.16, 353.42, -0.8092, 0.0537, -0.5842, 0.0319
19:21:10, 9.93, 298, 71.36, 357.22, 353.43, -0.8115, 0.0531, -0.5810, 0.0324
19:21:10, 9.93, 298, 70.83, 357.37, 353.45, -0.8142, 0.0517, -0.5773, 0.0332
19:21:10, 9.93, 298, 70.28, 357.49, 353.47, -0.8170, 0.0507, -0.5735, 0.0340
19:21:10, 9.97, 299, 69.70, 357.57, 353.47, -0.8198, 0.0500, -0.5694, 0.0346
19:21:10, 9.97, 299, 69.16, 357.66, 353.49, -0.8225, 0.0490, -0.5655, 0.0352
