Timestamp, VideoTime, VideoFrame, HeadYaw, HeadPitch, HeadRoll, HeadQuatW, HeadQuatX, HeadQuatY, HeadQuatZ
19:23:05, 0.00, 0, 311.34, 355.02, 353.05, -0.9076, 0.0146, 0.4132, 0.0730
19:23:05, 0.03, 1, 310.91, 354.90, 353.04, -0.9059, 0.0152, 0.4167, 0.0736
19:23:05, 0.03, 1, 310.46, 354.83, 353.06, -0.9043, 0.0155, 0.4203, 0.0737
19:23:05, 0.03, 1, 310.04, 354.71, 353.06, -0.9026, 0.0162, 0.4236, 0.0743
19:23:05, 0.07, 2, 309.64, 354.70, 353.11, -0.9012, 0.0162, 0.4267, 0.0740
19:23:05, 0.07, 2, 309.15, 354.64, 353.14, -0.8993, 0.0165, 0.4306, 0.0740
19:23:05, 0.10, 3, 308.74, 354.63, 353.18, -0.8978, 0.0165, 0.4338, 0.0738
19:23:05, 0.10, 3, 308.38, 354.53, 353.13, -0.8964, 0.0168, 0.4367, 0.0746
19:23:05, 0.10, 3, 307.93, 354.53, 353.10, -0.8946, 0.0164, 0.4402, 0.0749
19:23:05, 0.13, 4, 307.54, 354.49, 353.10, -0.8931, 0.0165, 0.4433, 0.0751
19:23:05, 0.13, 4, 307.18, 354.40, 353.09, -0.8917, 0.0169, 0.4461, 0.0756
19:23:05, 0.17, 5, 306.77, 354.34, 353.05, -0.8900, 0.0170, 0.4493, 0.0762
19:23:05, 0.17, 5, 306.35, 354.31, 353.04, -0.8883, 0.0168, 0.4526, 0.0764
19:23:05, 0.17, 5, 305.95, 354.25, 353.03, -0.8867, 0.0170, 0.4557, 0.0768
19:23:05, 0.20, 6, 305.62, 354.23, 353.02, -0.8853, 0.0169, 0.4582, 0.0770
19:23:05, 0.20, 6, 305.29, 354.29, 352.99, -0.8840, 0.0161, 0.4608, 0.0771
19:23:05, 0.23, 7, 304.95, 354.28, 352.95, -0.8826, 0.0158, 0.4634, 0.0775
19:23:05, 0.23, 7, 304.67, 354.25, 352.85, -0.8814, 0.0154, 0.4656, 0.0784
19:23:05, 0.23, 7, 304.39, 354.21, 352.71, -0.8801, 0.0150, 0.4678, 0.0797
19:23:05, 0.27, 8, 304.11, 354.18, 352.57, -0.8789, 0.0144, 0.4699, 0.0809
19:23:05, 0.27, 8, 303.89, 354.14, 352.44, -0.8778, 0.0141, 0.4717, 0.0821
19:23:05, 0.30, 9, 303.68, 354.15, 352.36, -0.8769, 0.0135, 0.4732, 0.0827
19:23:05, 0.30, 9, 303.52, 354.13, 352.18, -0.8761, 0.0128, 0.4745, 0.0842
19:23:05, 0.33, 10, 303.43, 354.09, 352.08, -0.8756, 0.0127, 0.4753, 0.0851
19:23:05, 0.33, 10, 303.33, 354.04, 351.91, -0.8751, 0.0123, 0.4761, 0.0866
19:23:05, 0.33, 10, 303.26, 353.98, 351.72, -0.8746, 0.0118, 0.4766, 0.0883
19:23:05, 0.37, 11, 303.20, 353.93, 351.56, -0.8742, 0.0115, 0.4771, 0.0898
19:23:05, 0.37, 11, 303.17, 353.92, 351.40, -0.8739, 0.0109, 0.4774, 0.0911
19:23:05, 0.40, 12, 303.12, 353.93, 351.22, -0.8736, 0.0100, 0.4777, 0.0924
19:23:05, 0.40, 12, 303.09, 354.01, 351.06, -0.8734, 0.0087, 0.4780, 0.0932
19:23:05, 0.43, 13, 303.06, 354.03, 350.86, -0.8731, 0.0077, 0.4782, 0.0947
19:23:05, 0.43, 13, 303.06, 354.08, 350.68, -0.8730, 0.0066, 0.4782, 0.0959
19:23:05, 0.43, 13, 303.07, 354.12, 350.51, -0.8729, 0.0056, 0.4781, 0.0970
19:23:05, 0.47, 14, 303.07, 354.18, 350.37, -0.8728, 0.0045, 0.4781, 0.0978
19:23:05, 0.47, 14, 303.10, 354.24, 350.27, -0.8729, 0.0037, 0.4778, 0.0983
19:23:05, 0.50, 15, 303.14, 354.27, 350.20, -0.8731, 0.0032, 0.4775, 0.0987
19:23:05, 0.50, 15, 303.21, 354.32, 350.10, -0.8733, 0.0025, 0.4769, 0.0993
19:23:05, 0.50, 15, 303.33, 354.33, 350.03, -0.8738, 0.0021, 0.4760, 0.0998
19:23:05, 0.53, 16, 303.45, 354.40, 349.97, -0.8742, 0.0015, 0.4751, 0.1000
19:23:05, 0.53, 16, 303.58, 354.43, 349.90, -0.8747, 0.0011, 0.4741, 0.1003
19:23:05, 0.57, 17, 303.73, 354.49, 349.78, -0.8753, 0.0002, 0.4729, 0.1010
19:23:05, 0.57, 17, 303.89, 354.54, 349.62, -0.8758, -0.0006, 0.4717, 0.1021
19:23:05, 0.60, 18, 304.06, 354.55, 349.41, -0.8764, -0.0014, 0.4703, 0.1036
19:23:05, 0.60, 18, 304.30, 354.54, 349.21, -0.8771, -0.0019, 0.4686, 0.1052
19:23:05, 0.60, 18, 304.46, 354.55, 349.04, -0.8777, -0.0026, 0.4673, 0.1065
19:23:05, 0.63, 19, 304.65, 354.56, 348.91, -0.8783, -0.0030, 0.4659, 0.1074
19:23:05, 0.63, 19, 304.77, 354.61, 348.79, -0.8787, -0.0038, 0.4649, 0.1081
19:23:05, 0.67, 20, 304.91, 354.65, 348.65, -0.8792, -0.0045, 0.4638, 0.1090
19:23:06, 0.67, 20, 305.05, 354.71, 348.52, -0.8797, -0.0054, 0.4626, 0.1098
19:23:06, 0.67, 20, 305.19, 354.79, 348.41, -0.8802, -0.0063, 0.4615, 0.1104
19:23:06, 0.70, 21, 305.30, 354.84, 348.31, -0.8806, -0.0070, 0.4606, 0.1109
19:23:06, 0.70, 21, 305.39, 354.91, 348.22, -0.8809, -0.0078, 0.4599, 0.1113
19:23:06, 0.73, 22, 305.45, 354.98, 348.17, -0.8812, -0.0085, 0.4594, 0.1114
19:23:06, 0.73, 22, 305.43, 355.05, 348.12, -0.8811, -0.0092, 0.4595, 0.1116
19:23:06, 0.77, 23, 305.42, 355.12, 348.05, -0.8810, -0.0100, 0.4595, 0.1119
19:23:06, 0.77, 23, 305.38, 355.18, 347.98, -0.8809, -0.0108, 0.4598, 0.1121
19:23:06, 0.77, 23, 305.31, 355.20, 347.98, -0.8806, -0.0110, 0.4604, 0.1120
19:23:06, 0.80, 24, 305.18, 355.20, 348.02, -0.8801, -0.0110, 0.4613, 0.1117
19:23:06, 0.80, 24, 305.08, 355.18, 347.97, -0.8796, -0.0112, 0.4621, 0.1122
19:23:06, 0.83, 25, 304.97, 355.18, 347.94, -0.8792, -0.0114, 0.4630, 0.1124
19:23:06, 0.83, 25, 304.87, 355.20, 347.93, -0.8788, -0.0117, 0.4637, 0.1124
19:23:06, 0.83, 25, 304.70, 355.18, 347.98, -0.8781, -0.0115, 0.4650, 0.1121
19:23:06, 0.87, 26, 304.50, 355.12, 348.03, -0.8773, -0.0111, 0.4666, 0.1119
19:23:06, 0.87, 26, 304.23, 355.06, 348.08, -0.8762, -0.0106, 0.4687, 0.1117
19:23:06, 0.90, 27, 303.96, 355.01, 348.11, -0.8751, -0.0104, 0.4708, 0.1117
19:23:06, 0.90, 27, 303.70, 354.98, 348.14, -0.8740, -0.0102, 0.4728, 0.1115
19:23:06, 0.93, 28, 303.44, 354.92, 348.18, -0.8729, -0.0100, 0.4748, 0.1115
19:23:06, 0.93, 28, 303.17, 354.85, 348.21, -0.8718, -0.0095, 0.4769, 0.1115
19:23:06, 0.93, 28, 302.92, 354.82, 348.27, -0.8708, -0.0093, 0.4788, 0.1112
19:23:06, 0.97, 29, 302.64, 354.80, 348.31, -0.8696, -0.0092, 0.4810, 0.1109
19:23:06, 0.97, 29, 302.39, 354.75, 348.38, -0.8686, -0.0088, 0.4829, 0.1106
19:23:06, 1.00, 30, 302.16, 354.76, 348.40, -0.8677, -0.0090, 0.4847, 0.1104
19:23:06, 1.00, 30, 301.96, 354.72, 348.39, -0.8668, -0.0090, 0.4862, 0.1106
19:23:06, 1.03, 31, 301.75, 354.69, 348.44, -0.8659, -0.0087, 0.4878, 0.1103
19:23:06, 1.03, 31, 301.50, 354.68, 348.45, -0.8648, -0.0089, 0.4897, 0.1103
19:23:06, 1.03, 31, 301.27, 354.69, 348.48, -0.8639, -0.0090, 0.4914, 0.1100
19:23:06, 1.07, 32, 301.05, 354.70, 348.53, -0.8630, -0.0091, 0.4930, 0.1095
19:23:06, 1.07, 32, 300.82, 354.69, 348.57, -0.8620, -0.0090, 0.4948, 0.1093
19:23:06, 1.10, 33, 300.59, 354.68, 348.59, -0.8611, -0.0091, 0.4965, 0.1091
19:23:06, 1.10, 33, 300.37, 354.70, 348.63, -0.8602, -0.0093, 0.4982, 0.1087
19:23:06, 1.10, 33, 300.16, 354.74, 348.71, -0.8593, -0.0095, 0.4998, 0.1079
19:23:06, 1.13, 34, 299.94, 354.79, 348.79, -0.8585, -0.0096, 0.5014, 0.1071
19:23:06, 1.13, 34, 299.74, 354.83, 348.88, -0.8577, -0.0098, 0.5029, 0.1063
19:23:06, 1.17, 35, 299.51, 354.83, 348.92, -0.8568, -0.0098, 0.5046, 0.1059
19:23:06, 1.17, 35, 299.33, 354.83, 348.93, -0.8560, -0.0099, 0.5060, 0.1058
19:23:06, 1.17, 35, 299.14, 354.82, 348.97, -0.8552, -0.0098, 0.5074, 0.1056
19:23:06, 1.20, 36, 298.99, 354.82, 349.05, -0.8546, -0.0096, 0.5085, 0.1050
19:23:06, 1.20, 36, 298.81, 354.84, 349.15, -0.8539, -0.0095, 0.5098, 0.1041
19:23:06, 1.23, 37, 298.67, 354.86, 349.21, -0.8533, -0.0095, 0.5109, 0.1036
19:23:06, 1.23, 37, 298.52, 354.87, 349.28, -0.8528, -0.0094, 0.5120, 0.1030
19:23:06, 1.27, 38, 298.45, 354.86, 349.30, -0.8524, -0.0093, 0.5125, 0.1029
19:23:06, 1.27, 38, 298.36, 354.83, 349.34, -0.8520, -0.0090, 0.5132, 0.1027
19:23:06, 1.27, 38, 298.31, 354.78, 349.39, -0.8518, -0.0084, 0.5136, 0.1026
19:23:06, 1.30, 39, 298.27, 354.75, 349.42, -0.8517, -0.0081, 0.5139, 0.1024
19:23:06, 1.30, 39, 298.24, 354.70, 349.46, -0.8515, -0.0076, 0.5141, 0.1024
19:23:06, 1.33, 40, 298.23, 354.65, 349.49, -0.8515, -0.0071, 0.5143, 0.1023
19:23:06, 1.33, 40, 298.26, 354.61, 349.47, -0.8516, -0.0068, 0.5141, 0.1027
19:23:06, 1.33, 40, 298.26, 354.59, 349.45, -0.8515, -0.0068, 0.5141, 0.1030
19:23:06, 1.37, 41, 298.24, 354.59, 349.48, -0.8515, -0.0067, 0.5142, 0.1027
19:23:06, 1.37, 41, 298.24, 354.61, 349.49, -0.8515, -0.0067, 0.5142, 0.1025
19:23:06, 1.40, 42, 298.25, 354.60, 349.46, -0.8515, -0.0068, 0.5141, 0.1028
19:23:06, 1.40, 42, 298.32, 354.61, 349.36, -0.8517, -0.0072, 0.5136, 0.1035
19:23:06, 1.43, 43, 298.35, 354.59, 349.34, -0.8518, -0.0072, 0.5134, 0.1037
19:23:06, 1.43, 43, 298.44, 354.59, 349.34, -0.8522, -0.0071, 0.5127, 0.1037
19:23:06, 1.43, 43, 298.53, 354.59, 349.34, -0.8526, -0.0070, 0.5121, 0.1038
19:23:06, 1.47, 44, 298.60, 354.57, 349.31, -0.8529, -0.0070, 0.5116, 0.1041
19:23:06, 1.47, 44, 298.63, 354.61, 349.30, -0.8531, -0.0072, 0.5113, 0.1040
19:23:06, 1.50, 45, 298.71, 354.61, 349.28, -0.8534, -0.0073, 0.5107, 0.1042
19:23:06, 1.50, 45, 298.77, 354.61, 349.25, -0.8537, -0.0073, 0.5102, 0.1044
19:23:06, 1.53, 46, 298.84, 354.61, 349.25, -0.8539, -0.0073, 0.5097, 0.1044
19:23:06, 1.53, 46, 298.89, 354.60, 349.21, -0.8541, -0.0073, 0.5094, 0.1047
19:23:06, 1.53, 46, 298.93, 354.63, 349.21, -0.8543, -0.0076, 0.5090, 0.1046
19:23:06, 1.57, 47, 298.94, 354.64, 349.19, -0.8544, -0.0077, 0.5090, 0.1047
19:23:06, 1.57, 47, 298.97, 354.66, 349.17, -0.8545, -0.0079, 0.5088, 0.1047
19:23:06, 1.60, 48, 298.99, 354.66, 349.18, -0.8546, -0.0079, 0.5086, 0.1047
19:23:06, 1.60, 48, 298.98, 354.69, 349.17, -0.8546, -0.0081, 0.5086, 0.1046
19:23:06, 1.60, 48, 298.98, 354.70, 349.16, -0.8545, -0.0082, 0.5087, 0.1047
19:23:06, 1.63, 49, 298.96, 354.71, 349.17, -0.8545, -0.0083, 0.5088, 0.1046
19:23:06, 1.63, 49, 298.94, 354.70, 349.19, -0.8544, -0.0081, 0.5089, 0.1045
19:23:07, 1.67, 50, 298.92, 354.68, 349.20, -0.8543, -0.0080, 0.5091, 0.1045
19:23:07, 1.67, 50, 298.91, 354.65, 349.20, -0.8542, -0.0078, 0.5092, 0.1046
19:23:07, 1.70, 51, 298.89, 354.64, 349.19, -0.8541, -0.0077, 0.5094, 0.1047
19:23:07, 1.70, 51, 298.89, 354.63, 349.20, -0.8541, -0.0077, 0.5094, 0.1047
19:23:07, 1.70, 51, 298.89, 354.65, 349.20, -0.8541, -0.0078, 0.5094, 0.1046
19:23:07, 1.73, 52, 298.90, 354.67, 349.20, -0.8542, -0.0079, 0.5093, 0.1045
19:23:07, 1.73, 52, 298.90, 354.67, 349.20, -0.8542, -0.0079, 0.5093, 0.1045
19:23:07, 1.77, 53, 298.90, 354.67, 349.22, -0.8542, -0.0079, 0.5093, 0.1044
19:23:07, 1.77, 53, 298.88, 354.67, 349.25, -0.8542, -0.0077, 0.5094, 0.1041
19:23:07, 1.77, 53, 298.88, 354.66, 349.26, -0.8542, -0.0076, 0.5094, 0.1040
19:23:07, 1.80, 54, 298.88, 354.66, 349.24, -0.8542, -0.0076, 0.5094, 0.1042
19:23:07, 1.80, 54, 298.91, 354.65, 349.12, -0.8542, -0.0081, 0.5092, 0.1051
19:23:07, 1.83, 55, 298.95, 354.67, 349.05, -0.8543, -0.0086, 0.5089, 0.1056
19:23:07, 1.83, 55, 299.00, 354.69, 349.11, -0.8546, -0.0084, 0.5085, 0.1051
19:23:07, 1.87, 56, 299.02, 354.72, 349.15, -0.8547, -0.0084, 0.5083, 0.1047
19:23:07, 1.87, 56, 299.04, 354.74, 349.17, -0.8549, -0.0085, 0.5082, 0.1044
19:23:07, 1.87, 56, 299.03, 354.77, 349.17, -0.8549, -0.0087, 0.5082, 0.1042
19:23:07, 1.90, 57, 299.06, 354.78, 349.17, -0.8550, -0.0087, 0.5080, 0.1043
19:23:07, 1.90, 57, 299.07, 354.77, 349.14, -0.8550, -0.0088, 0.5079, 0.1045
19:23:07, 1.93, 58, 299.08, 354.77, 349.14, -0.8550, -0.0088, 0.5079, 0.1045
19:23:07, 1.93, 58, 299.06, 354.75, 349.14, -0.8549, -0.0087, 0.5080, 0.1046
19:23:07, 1.93, 58, 299.04, 354.73, 349.17, -0.8548, -0.0084, 0.5082, 0.1045
19:23:07, 1.97, 59, 299.01, 354.72, 349.20, -0.8548, -0.0082, 0.5084, 0.1043
19:23:07, 1.97, 59, 298.98, 354.71, 349.21, -0.8546, -0.0081, 0.5086, 0.1042
19:23:07, 2.00, 60, 298.99, 354.72, 349.20, -0.8546, -0.0082, 0.5086, 0.1043
19:23:07, 2.00, 60, 298.97, 354.71, 349.21, -0.8546, -0.0081, 0.5087, 0.1043
19:23:07, 2.03, 61, 298.96, 354.72, 349.26, -0.8546, -0.0080, 0.5088, 0.1038
19:23:07, 2.03, 61, 298.95, 354.74, 349.28, -0.8545, -0.0081, 0.5089, 0.1036
19:23:07, 2.03, 61, 298.93, 354.72, 349.26, -0.8544, -0.0080, 0.5090, 0.1038
19:23:07, 2.07, 62, 298.91, 354.72, 349.25, -0.8544, -0.0080, 0.5091, 0.1039
19:23:07, 2.07, 62, 298.89, 354.71, 349.28, -0.8543, -0.0079, 0.5093, 0.1037
19:23:07, 2.10, 63, 298.88, 354.71, 349.30, -0.8543, -0.0078, 0.5094, 0.1035
19:23:07, 2.10, 63, 298.87, 354.71, 349.33, -0.8542, -0.0076, 0.5095, 0.1033
19:23:07, 2.10, 63, 298.84, 354.70, 349.34, -0.8541, -0.0076, 0.5097, 0.1033
19:23:07, 2.13, 64, 298.83, 354.69, 349.33, -0.8540, -0.0076, 0.5098, 0.1034
19:23:07, 2.13, 64, 298.83, 354.70, 349.33, -0.8541, -0.0076, 0.5097, 0.1034
19:23:07, 2.17, 65, 298.81, 354.70, 349.33, -0.8540, -0.0077, 0.5099, 0.1034
19:23:07, 2.17, 65, 298.81, 354.71, 349.34, -0.8540, -0.0077, 0.5099, 0.1033
19:23:07, 2.20, 66, 298.81, 354.71, 349.33, -0.8540, -0.0077, 0.5099, 0.1033
19:23:07, 2.20, 66, 298.81, 354.71, 349.32, -0.8539, -0.0078, 0.5099, 0.1034
19:23:07, 2.20, 66, 298.80, 354.71, 349.32, -0.8539, -0.0078, 0.5100, 0.1034
19:23:07, 2.23, 67, 298.81, 354.71, 349.32, -0.8540, -0.0078, 0.5099, 0.1034
19:23:07, 2.23, 67, 298.82, 354.71, 349.32, -0.8540, -0.0078, 0.5099, 0.1034
19:23:07, 2.27, 68, 298.82, 354.72, 349.33, -0.8540, -0.0078, 0.5098, 0.1033
19:23:07, 2.27, 68, 298.83, 354.72, 349.34, -0.8541, -0.0077, 0.5098, 0.1032
19:23:07, 2.27, 68, 298.82, 354.71, 349.36, -0.8540, -0.0076, 0.5099, 0.1031
19:23:07, 2.30, 69, 298.81, 354.71, 349.38, -0.8540, -0.0075, 0.5099, 0.1030
19:23:07, 2.30, 69, 298.81, 354.69, 349.40, -0.8540, -0.0073, 0.5100, 0.1029
19:23:07, 2.33, 70, 298.80, 354.70, 349.41, -0.8540, -0.0073, 0.5100, 0.1028
19:23:07, 2.33, 70, 298.80, 354.70, 349.40, -0.8540, -0.0073, 0.5100, 0.1028
19:23:07, 2.37, 71, 298.78, 354.70, 349.41, -0.8539, -0.0073, 0.5101, 0.1028
19:23:07, 2.37, 71, 298.78, 354.71, 349.40, -0.8539, -0.0074, 0.5102, 0.1028
19:23:07, 2.37, 71, 298.77, 354.71, 349.41, -0.8539, -0.0074, 0.5102, 0.1027
19:23:07, 2.40, 72, 298.78, 354.71, 349.41, -0.8539, -0.0074, 0.5101, 0.1027
19:23:07, 2.40, 72, 298.78, 354.71, 349.42, -0.8539, -0.0074, 0.5101, 0.1026
19:23:07, 2.43, 73, 298.79, 354.69, 349.42, -0.8539, -0.0072, 0.5101, 0.1027
19:23:07, 2.43, 73, 298.79, 354.71, 349.44, -0.8540, -0.0073, 0.5101, 0.1025
19:23:07, 2.43, 73, 298.79, 354.71, 349.43, -0.8540, -0.0073, 0.5101, 0.1026
19:23:07, 2.47, 74, 298.79, 354.73, 349.44, -0.8540, -0.0074, 0.5101, 0.1024
19:23:07, 2.47, 74, 298.79, 354.73, 349.44, -0.8540, -0.0074, 0.5101, 0.1024
19:23:07, 2.50, 75, 298.78, 354.72, 349.44, -0.8540, -0.0074, 0.5101, 0.1025
19:23:07, 2.50, 75, 298.79, 354.72, 349.44, -0.8540, -0.0073, 0.5100, 0.1024
19:23:07, 2.53, 76, 298.80, 354.72, 349.46, -0.8540, -0.0072, 0.5100, 0.1023
19:23:07, 2.53, 76, 298.79, 354.71, 349.46, -0.8540, -0.0071, 0.5100, 0.1023
19:23:07, 2.53, 76, 298.80, 354.70, 349.47, -0.8540, -0.0070, 0.5100, 0.1023
19:23:07, 2.57, 77, 298.80, 354.71, 349.48, -0.8541, -0.0071, 0.5100, 0.1022
19:23:07, 2.57, 77, 298.81, 354.72, 349.47, -0.8541, -0.0071, 0.5099, 0.1023
19:23:07, 2.60, 78, 298.80, 354.72, 349.47, -0.8540, -0.0072, 0.5100, 0.1023
19:23:07, 2.60, 78, 298.79, 354.72, 349.47, -0.8540, -0.0072, 0.5100, 0.1023
19:23:07, 2.60, 78, 298.79, 354.71, 349.47, -0.8540, -0.0071, 0.5101, 0.1022
19:23:07, 2.63, 79, 298.76, 354.72, 349.49, -0.8539, -0.0071, 0.5103, 0.1021
19:23:07, 2.63, 79, 298.75, 354.71, 349.49, -0.8539, -0.0071, 0.5103, 0.1022
19:23:08, 2.67, 80, 298.74, 354.71, 349.49, -0.8538, -0.0071, 0.5105, 0.1021
19:23:08, 2.67, 80, 298.71, 354.71, 349.50, -0.8537, -0.0070, 0.5107, 0.1021
19:23:08, 2.70, 81, 298.69, 354.71, 349.51, -0.8536, -0.0071, 0.5108, 0.1020
19:23:08, 2.70, 81, 298.65, 354.72, 349.50, -0.8534, -0.0072, 0.5111, 0.1020
19:23:08, 2.70, 81, 298.67, 354.71, 349.51, -0.8535, -0.0071, 0.5110, 0.1020
19:23:08, 2.73, 82, 298.68, 354.72, 349.52, -0.8536, -0.0070, 0.5109, 0.1019
19:23:08, 2.73, 82, 298.69, 354.72, 349.51, -0.8536, -0.0071, 0.5108, 0.1019
19:23:08, 2.77, 83, 298.70, 354.72, 349.52, -0.8536, -0.0071, 0.5107, 0.1019
19:23:08, 2.77, 83, 298.69, 354.72, 349.52, -0.8536, -0.0071, 0.5108, 0.1019
19:23:08, 2.77, 83, 298.70, 354.73, 349.51, -0.8536, -0.0071, 0.5107, 0.1019
19:23:08, 2.80, 84, 298.69, 354.71, 349.52, -0.8536, -0.0070, 0.5108, 0.1019
19:23:08, 2.80, 84, 298.67, 354.71, 349.56, -0.8536, -0.0068, 0.5109, 0.1016
19:23:08, 2.83, 85, 298.63, 354.68, 349.63, -0.8534, -0.0063, 0.5113, 0.1012
19:23:08, 2.83, 85, 298.60, 354.67, 349.60, -0.8532, -0.0064, 0.5115, 0.1015
19:23:08, 2.87, 86, 298.59, 354.65, 349.52, -0.8531, -0.0066, 0.5116, 0.1022
19:23:08, 2.87, 86, 298.59, 354.66, 349.45, -0.8531, -0.0070, 0.5116, 0.1026
19:23:08, 2.87, 86, 298.59, 354.68, 349.46, -0.8531, -0.0072, 0.5115, 0.1025
19:23:08, 2.90, 87, 298.58, 354.68, 349.48, -0.8531, -0.0070, 0.5116, 0.1023
19:23:08, 2.90, 87, 298.56, 354.69, 349.50, -0.8530, -0.0070, 0.5118, 0.1021
19:23:08, 2.93, 88, 298.54, 354.71, 349.51, -0.8529, -0.0072, 0.5120, 0.1020
19:23:08, 2.93, 88, 298.54, 354.73, 349.51, -0.8529, -0.0073, 0.5119, 0.1019
19:23:08, 2.93, 88, 298.56, 354.72, 349.50, -0.8530, -0.0073, 0.5118, 0.1020
19:23:08, 2.97, 89, 298.58, 354.70, 349.48, -0.8530, -0.0072, 0.5117, 0.1023
19:23:08, 2.97, 89, 298.57, 354.68, 349.48, -0.8530, -0.0070, 0.5117, 0.1023
19:23:08, 3.00, 90, 298.57, 354.68, 349.48, -0.8530, -0.0070, 0.5118, 0.1024
19:23:08, 3.00, 90, 298.55, 354.67, 349.50, -0.8529, -0.0069, 0.5119, 0.1022
19:23:08, 3.03, 91, 298.54, 354.66, 349.51, -0.8529, -0.0068, 0.5119, 0.1022
19:23:08, 3.03, 91, 298.53, 354.67, 349.50, -0.8528, -0.0069, 0.5120, 0.1022
19:23:08, 3.03, 91, 298.53, 354.68, 349.48, -0.8528, -0.0071, 0.5120, 0.1024
19:23:08, 3.07, 92, 298.55, 354.70, 349.44, -0.8529, -0.0074, 0.5119, 0.1025
19:23:08, 3.07, 92, 298.55, 354.72, 349.47, -0.8529, -0.0074, 0.5119, 0.1022
19:23:08, 3.10, 93, 298.53, 354.74, 349.52, -0.8529, -0.0073, 0.5120, 0.1018
19:23:08, 3.10, 93, 298.52, 354.74, 349.51, -0.8529, -0.0074, 0.5121, 0.1018
19:23:08, 3.10, 93, 298.50, 354.71, 349.49, -0.8527, -0.0073, 0.5122, 0.1021
19:23:08, 3.13, 94, 298.50, 354.71, 349.47, -0.8527, -0.0073, 0.5122, 0.1023
19:23:08, 3.13, 94, 298.50, 354.70, 349.48, -0.8527, -0.0073, 0.5122, 0.1023
19:23:08, 3.17, 95, 298.49, 354.69, 349.48, -0.8527, -0.0072, 0.5123, 0.1023
19:23:08, 3.17, 95, 298.48, 354.70, 349.47, -0.8526, -0.0074, 0.5124, 0.1023
19:23:08, 3.20, 96, 298.48, 354.72, 349.45, -0.8526, -0.0075, 0.5123, 0.1024
19:23:08, 3.20, 96, 298.50, 354.73, 349.43, -0.8527, -0.0077, 0.5122, 0.1025
19:23:08, 3.20, 96, 298.51, 354.74, 349.41, -0.8527, -0.0079, 0.5121, 0.1026
19:23:08, 3.23, 97, 298.51, 354.77, 349.39, -0.8527, -0.0081, 0.5121, 0.1026
19:23:08, 3.23, 97, 298.53, 354.77, 349.36, -0.8528, -0.0083, 0.5120, 0.1028
19:23:08, 3.27, 98, 298.53, 354.78, 349.36, -0.8528, -0.0084, 0.5120, 0.1028
19:23:08, 3.27, 98, 298.55, 354.78, 349.35, -0.8529, -0.0084, 0.5118, 0.1028
19:23:08, 3.27, 98, 298.57, 354.78, 349.34, -0.8530, -0.0084, 0.5117, 0.1030
19:23:08, 3.30, 99, 298.56, 354.80, 349.31, -0.8529, -0.0087, 0.5117, 0.1031
19:23:08, 3.30, 99, 298.58, 354.80, 349.32, -0.8530, -0.0086, 0.5116, 0.1030
19:23:08, 3.33, 100, 298.58, 354.82, 349.31, -0.8530, -0.0088, 0.5115, 0.1030
19:23:08, 3.33, 100, 298.59, 354.84, 349.31, -0.8531, -0.0090, 0.5115, 0.1029
19:23:08, 3.37, 101, 298.60, 354.84, 349.31, -0.8531, -0.0090, 0.5114, 0.1029
19:23:08, 3.37, 101, 298.60, 354.84, 349.32, -0.8531, -0.0089, 0.5114, 0.1028
19:23:08, 3.37, 101, 298.59, 354.84, 349.32, -0.8531, -0.0089, 0.5115, 0.1028
19:23:08, 3.40, 102, 298.59, 354.83, 349.33, -0.8531, -0.0088, 0.5115, 0.1028
19:23:08, 3.40, 102, 298.58, 354.84, 349.33, -0.8530, -0.0089, 0.5116, 0.1028
19:23:08, 3.43, 103, 298.57, 354.84, 349.32, -0.8530, -0.0090, 0.5116, 0.1028
19:23:08, 3.43, 103, 298.55, 354.84, 349.31, -0.8529, -0.0090, 0.5118, 0.1029
19:23:08, 3.43, 103, 298.54, 354.85, 349.31, -0.8528, -0.0091, 0.5119, 0.1029
19:23:08, 3.47, 104, 298.53, 354.85, 349.31, -0.8528, -0.0092, 0.5119, 0.1029
19:23:08, 3.47, 104, 298.52, 354.87, 349.29, -0.8528, -0.0093, 0.5120, 0.1029
19:23:08, 3.50, 105, 298.51, 354.88, 349.30, -0.8527, -0.0094, 0.5121, 0.1028
19:23:08, 3.50, 105, 298.52, 354.90, 349.30, -0.8528, -0.0095, 0.5120, 0.1027
19:23:08, 3.53, 106, 298.52, 354.92, 349.31, -0.8528, -0.0096, 0.5119, 0.1025
19:23:08, 3.53, 106, 298.52, 354.91, 349.32, -0.8528, -0.0095, 0.5119, 0.1025
19:23:08, 3.53, 106, 298.52, 354.90, 349.34, -0.8528, -0.0093, 0.5120, 0.1024
19:23:08, 3.57, 107, 298.52, 354.90, 349.36, -0.8529, -0.0092, 0.5119, 0.1022
19:23:08, 3.57, 107, 298.52, 354.91, 349.37, -0.8529, -0.0093, 0.5120, 0.1021
19:23:08, 3.60, 108, 298.52, 354.93, 349.37, -0.8529, -0.0095, 0.5120, 0.1020
19:23:08, 3.60, 108, 298.52, 354.96, 349.38, -0.8529, -0.0096, 0.5120, 0.1019
19:23:08, 3.60, 108, 298.52, 354.97, 349.38, -0.8529, -0.0097, 0.5120, 0.1019
19:23:08, 3.63, 109, 298.51, 355.00, 349.38, -0.8529, -0.0099, 0.5120, 0.1017
19:23:08, 3.63, 109, 298.50, 355.01, 349.39, -0.8528, -0.0100, 0.5121, 0.1016
19:23:09, 3.67, 110, 298.50, 355.03, 349.40, -0.8529, -0.0101, 0.5121, 0.1013
19:23:09, 3.67, 110, 298.50, 355.05, 349.40, -0.8529, -0.0102, 0.5121, 0.1013
19:23:09, 3.70, 111, 298.49, 355.04, 349.42, -0.8528, -0.0100, 0.5122, 0.1012
19:23:09, 3.70, 111, 298.47, 355.05, 349.48, -0.8528, -0.0099, 0.5123, 0.1007
19:23:09, 3.70, 111, 298.45, 355.04, 349.49, -0.8527, -0.0098, 0.5125, 0.1006
19:23:09, 3.73, 112, 298.44, 355.04, 349.47, -0.8527, -0.0099, 0.5125, 0.1008
19:23:09, 3.73, 112, 298.45, 355.04, 349.44, -0.8527, -0.0100, 0.5124, 0.1011
19:23:09, 3.77, 113, 298.49, 355.04, 349.38, -0.8528, -0.0102, 0.5121, 0.1015
19:23:09, 3.77, 113, 298.55, 355.07, 349.34, -0.8531, -0.0106, 0.5117, 0.1016
19:23:09, 3.77, 113, 298.59, 355.11, 349.36, -0.8533, -0.0107, 0.5114, 0.1013
19:23:09, 3.80, 114, 298.61, 355.15, 349.39, -0.8534, -0.0109, 0.5112, 0.1009
19:23:09, 3.80, 114, 298.62, 355.17, 349.40, -0.8535, -0.0111, 0.5111, 0.1008
19:23:09, 3.83, 115, 298.64, 355.19, 349.39, -0.8536, -0.0112, 0.5110, 0.1008
19:23:09, 3.83, 115, 298.66, 355.20, 349.38, -0.8537, -0.0113, 0.5108, 0.1008
19:23:09, 3.87, 116, 298.66, 355.20, 349.37, -0.8537, -0.0113, 0.5108, 0.1009
19:23:09, 3.87, 116, 298.66, 355.19, 349.36, -0.8537, -0.0114, 0.5108, 0.1010
19:23:09, 3.87, 116, 298.68, 355.20, 349.35, -0.8538, -0.0114, 0.5106, 0.1010
19:23:09, 3.90, 117, 298.70, 355.21, 349.36, -0.8539, -0.0115, 0.5105, 0.1009
19:23:09, 3.90, 117, 298.71, 355.22, 349.38, -0.8539, -0.0114, 0.5104, 0.1007
19:23:09, 3.93, 118, 298.74, 355.23, 349.42, -0.8541, -0.0113, 0.5102, 0.1004
19:23:09, 3.93, 118, 298.73, 355.23, 349.45, -0.8541, -0.0112, 0.5103, 0.1002
19:23:09, 3.93, 118, 298.74, 355.22, 349.50, -0.8542, -0.0108, 0.5102, 0.0998
19:23:09, 3.97, 119, 298.73, 355.22, 349.58, -0.8542, -0.0105, 0.5103, 0.0992
19:23:09, 3.97, 119, 298.75, 355.21, 349.64, -0.8543, -0.0102, 0.5102, 0.0988
19:23:09, 4.00, 120, 298.75, 355.20, 349.61, -0.8543, -0.0102, 0.5101, 0.0991
19:23:09, 4.00, 120, 298.79, 355.18, 349.59, -0.8544, -0.0101, 0.5099, 0.0993
19:23:09, 4.03, 121, 298.83, 355.15, 349.57, -0.8546, -0.0100, 0.5096, 0.0996
19:23:09, 4.03, 121, 298.86, 355.13, 349.59, -0.8547, -0.0097, 0.5094, 0.0996
19:23:09, 4.03, 121, 298.88, 355.11, 349.58, -0.8548, -0.0096, 0.5092, 0.0997
19:23:09, 4.07, 122, 298.89, 355.08, 349.60, -0.8548, -0.0092, 0.5091, 0.0997
19:23:09, 4.07, 122, 298.90, 355.06, 349.60, -0.8549, -0.0090, 0.5091, 0.0998
19:23:09, 4.10, 123, 298.90, 355.04, 349.59, -0.8549, -0.0089, 0.5091, 0.1000
19:23:09, 4.10, 123, 298.92, 355.02, 349.57, -0.8549, -0.0089, 0.5090, 0.1001
19:23:09, 4.10, 123, 298.94, 355.02, 349.55, -0.8550, -0.0090, 0.5088, 0.1004
19:23:09, 4.13, 124, 298.95, 355.01, 349.54, -0.8550, -0.0089, 0.5087, 0.1005
19:23:09, 4.13, 124, 298.98, 355.02, 349.55, -0.8551, -0.0089, 0.5085, 0.1003
19:23:09, 4.17, 125, 298.97, 355.01, 349.55, -0.8551, -0.0088, 0.5086, 0.1004
19:23:09, 4.17, 125, 299.00, 355.01, 349.56, -0.8552, -0.0088, 0.5084, 0.1003
19:23:09, 4.20, 126, 299.01, 355.04, 349.57, -0.8553, -0.0090, 0.5083, 0.1001
19:23:09, 4.20, 126, 299.02, 355.05, 349.56, -0.8553, -0.0091, 0.5082, 0.1001
19:23:09, 4.20, 126, 299.03, 355.05, 349.58, -0.8554, -0.0089, 0.5081, 0.1000
19:23:09, 4.23, 127, 299.03, 355.05, 349.58, -0.8554, -0.0089, 0.5081, 0.1000
19:23:09, 4.23, 127, 299.03, 355.03, 349.58, -0.8554, -0.0088, 0.5081, 0.1000
19:23:09, 4.27, 128, 299.05, 355.01, 349.58, -0.8555, -0.0087, 0.5080, 0.1002
19:23:09, 4.27, 128, 299.10, 355.00, 349.58, -0.8557, -0.0085, 0.5076, 0.1002
19:23:09, 4.27, 128, 299.15, 355.00, 349.56, -0.8559, -0.0086, 0.5072, 0.1004
19:23:09, 4.30, 129, 299.21, 355.04, 349.55, -0.8562, -0.0089, 0.5068, 0.1003
19:23:09, 4.30, 129, 299.28, 355.06, 349.54, -0.8565, -0.0090, 0.5063, 0.1002
19:23:09, 4.33, 130, 299.32, 355.08, 349.51, -0.8566, -0.0092, 0.5060, 0.1004
19:23:09, 4.33, 130, 299.40, 355.10, 349.50, -0.8570, -0.0094, 0.5053, 0.1004
19:23:09, 4.37, 131, 299.46, 355.12, 349.48, -0.8573, -0.0095, 0.5048, 0.1005
19:23:09, 4.37, 131, 299.53, 355.15, 349.44, -0.8576, -0.0098, 0.5043, 0.1006
19:23:09, 4.37, 131, 299.59, 355.16, 349.41, -0.8578, -0.0101, 0.5039, 0.1009
19:23:09, 4.40, 132, 299.66, 355.17, 349.38, -0.8581, -0.0102, 0.5033, 0.1010
19:23:09, 4.40, 132, 299.71, 355.17, 349.36, -0.8583, -0.0102, 0.5030, 0.1012
19:23:09, 4.43, 133, 299.80, 355.16, 349.34, -0.8587, -0.0102, 0.5023, 0.1013
19:23:09, 4.43, 133, 299.89, 355.17, 349.31, -0.8590, -0.0103, 0.5016, 0.1016
19:23:09, 4.43, 133, 299.98, 355.19, 349.28, -0.8594, -0.0105, 0.5009, 0.1017
19:23:09, 4.47, 134, 300.05, 355.21, 349.25, -0.8597, -0.0107, 0.5004, 0.1018
19:23:09, 4.47, 134, 300.11, 355.23, 349.22, -0.8600, -0.0109, 0.4999, 0.1020
19:23:09, 4.50, 135, 300.19, 355.24, 349.20, -0.8603, -0.0110, 0.4993, 0.1021
19:23:09, 4.50, 135, 300.27, 355.25, 349.16, -0.8606, -0.0112, 0.4987, 0.1024
19:23:09, 4.53, 136, 300.33, 355.27, 349.18, -0.8609, -0.0112, 0.4982, 0.1022
19:23:09, 4.53, 136, 300.39, 355.27, 349.20, -0.8612, -0.0111, 0.4978, 0.1020
19:23:09, 4.53, 136, 300.46, 355.27, 349.23, -0.8615, -0.0109, 0.4973, 0.1018
19:23:09, 4.57, 137, 300.50, 355.26, 349.20, -0.8617, -0.0110, 0.4970, 0.1021
19:23:09, 4.57, 137, 300.59, 355.24, 349.11, -0.8620, -0.0111, 0.4963, 0.1028
19:23:09, 4.60, 138, 300.68, 355.25, 349.04, -0.8623, -0.0114, 0.4956, 0.1033
19:23:09, 4.60, 138, 300.78, 355.26, 349.02, -0.8627, -0.0115, 0.4949, 0.1034
19:23:09, 4.60, 138, 300.88, 355.30, 349.04, -0.8632, -0.0116, 0.4941, 0.1032
19:23:09, 4.63, 139, 300.97, 355.28, 349.05, -0.8636, -0.0113, 0.4934, 0.1031
19:23:09, 4.63, 139, 301.05, 355.31, 349.07, -0.8640, -0.0114, 0.4928, 0.1029
19:23:10, 4.67, 140, 301.16, 355.31, 349.06, -0.8644, -0.0113, 0.4920, 0.1030
19:23:10, 4.67, 140, 301.26, 355.33, 349.06, -0.8649, -0.0113, 0.4912, 0.1029
19:23:10, 4.70, 141, 301.38, 355.33, 349.04, -0.8654, -0.0113, 0.4903, 0.1030
19:23:10, 4.70, 141, 301.48, 355.33, 349.01, -0.8658, -0.0114, 0.4895, 0.1033
19:23:10, 4.70, 141, 301.58, 355.31, 349.02, -0.8662, -0.0111, 0.4888, 0.1033
19:23:10, 4.73, 142, 301.71, 355.33, 349.01, -0.8668, -0.0112, 0.4878, 0.1034
19:23:10, 4.73, 142, 301.82, 355.31, 349.02, -0.8672, -0.0109, 0.4870, 0.1033
19:23:10, 4.77, 143, 301.93, 355.33, 349.00, -0.8677, -0.0110, 0.4861, 0.1034
19:23:10, 4.77, 143, 302.06, 355.35, 348.95, -0.8682, -0.0113, 0.4851, 0.1037
19:23:10, 4.77, 143, 302.23, 355.38, 348.91, -0.8689, -0.0115, 0.4838, 0.1039
19:23:10, 4.80, 144, 302.35, 355.41, 348.92, -0.8695, -0.0116, 0.4829, 0.1037
19:23:10, 4.80, 144, 302.46, 355.44, 348.94, -0.8699, -0.0116, 0.4820, 0.1035
19:23:10, 4.83, 145, 302.61, 355.44, 348.89, -0.8705, -0.0117, 0.4809, 0.1039
19:23:10, 4.83, 145, 302.77, 355.41, 348.83, -0.8711, -0.0116, 0.4797, 0.1044
19:23:10, 4.87, 146, 302.95, 355.42, 348.81, -0.8719, -0.0116, 0.4783, 0.1046
19:23:10, 4.87, 146, 303.15, 355.41, 348.81, -0.8727, -0.0113, 0.4768, 0.1046
19:23:10, 4.87, 146, 303.32, 355.42, 348.78, -0.8734, -0.0113, 0.4755, 0.1048
19:23:10, 4.90, 147, 303.52, 355.42, 348.76, -0.8742, -0.0112, 0.4740, 0.1050
19:23:10, 4.90, 147, 303.68, 355.43, 348.74, -0.8748, -0.0113, 0.4727, 0.1051
19:23:10, 4.93, 148, 303.84, 355.44, 348.71, -0.8755, -0.0113, 0.4715, 0.1054
19:23:10, 4.93, 148, 304.03, 355.45, 348.66, -0.8762, -0.0114, 0.4701, 0.1057
19:23:10, 4.93, 148, 304.16, 355.46, 348.65, -0.8768, -0.0114, 0.4690, 0.1058
19:23:10, 4.97, 149, 304.30, 355.47, 348.63, -0.8773, -0.0114, 0.4679, 0.1059
19:23:10, 4.97, 149, 304.45, 355.47, 348.60, -0.8779, -0.0114, 0.4668, 0.1062
19:23:10, 5.00, 150, 304.61, 355.49, 348.58, -0.8785, -0.0116, 0.4656, 0.1062
19:23:10, 5.00, 150, 304.76, 355.48, 348.54, -0.8791, -0.0115, 0.4644, 0.1066
19:23:10, 5.03, 151, 304.96, 355.49, 348.52, -0.8799, -0.0115, 0.4629, 0.1067
19:23:10, 5.03, 151, 305.17, 355.50, 348.49, -0.8807, -0.0115, 0.4612, 0.1070
19:23:10, 5.03, 151, 305.37, 355.52, 348.45, -0.8815, -0.0116, 0.4597, 0.1072
19:23:10, 5.07, 152, 305.60, 355.53, 348.42, -0.8824, -0.0116, 0.4579, 0.1074
19:23:10, 5.07, 152, 305.83, 355.54, 348.41, -0.8833, -0.0115, 0.4561, 0.1075
19:23:10, 5.10, 153, 306.04, 355.55, 348.37, -0.8841, -0.0115, 0.4545, 0.1077
19:23:10, 5.10, 153, 306.27, 355.54, 348.34, -0.8850, -0.0113, 0.4527, 0.1080
19:23:10, 5.10, 153, 306.55, 355.56, 348.30, -0.8861, -0.0114, 0.4505, 0.1083
19:23:10, 5.13, 154, 306.82, 355.57, 348.29, -0.8871, -0.0112, 0.4485, 0.1084
19:23:10, 5.13, 154, 307.09, 355.59, 348.28, -0.8882, -0.0112, 0.4464, 0.1084
19:23:10, 5.17, 155, 307.38, 355.63, 348.25, -0.8893, -0.0113, 0.4441, 0.1085
19:23:10, 5.17, 155, 307.63, 355.61, 348.21, -0.8902, -0.0111, 0.4422, 0.1089
19:23:10, 5.20, 156, 307.89, 355.64, 348.17, -0.8912, -0.0112, 0.4401, 0.1091
19:23:10, 5.20, 156, 308.16, 355.64, 348.11, -0.8922, -0.0112, 0.4380, 0.1096
19:23:10, 5.20, 156, 308.43, 355.67, 348.07, -0.8932, -0.0113, 0.4359, 0.1098
19:23:10, 5.23, 157, 308.70, 355.69, 348.04, -0.8942, -0.0113, 0.4338, 0.1100
19:23:10, 5.23, 157, 308.98, 355.70, 348.00, -0.8953, -0.0113, 0.4315, 0.1103
19:23:10, 5.27, 158, 309.25, 355.72, 347.93, -0.8962, -0.0115, 0.4294, 0.1108
19:23:10, 5.27, 158, 309.50, 355.73, 347.88, -0.8971, -0.0115, 0.4274, 0.1112
19:23:10, 5.27, 158, 309.78, 355.75, 347.84, -0.8981, -0.0115, 0.4252, 0.1115
19:23:10, 5.30, 159, 310.07, 355.78, 347.79, -0.8992, -0.0116, 0.4229, 0.1118
19:23:10, 5.30, 159, 310.37, 355.79, 347.77, -0.9003, -0.0115, 0.4206, 0.1120
19:23:10, 5.33, 160, 310.64, 355.84, 347.68, -0.9012, -0.0120, 0.4184, 0.1126
19:23:10, 5.33, 160, 310.93, 355.87, 347.63, -0.9022, -0.0121, 0.4161, 0.1129
19:23:10, 5.37, 161, 311.23, 355.90, 347.62, -0.9033, -0.0121, 0.4137, 0.1128
19:23:10, 5.37, 161, 311.52, 355.88, 347.60, -0.9043, -0.0117, 0.4114, 0.1131
19:23:10, 5.37, 161, 311.83, 355.94, 347.56, -0.9054, -0.0120, 0.4090, 0.1133
19:23:10, 5.40, 162, 312.08, 355.95, 347.46, -0.9062, -0.0123, 0.4069, 0.1140
19:23:10, 5.40, 162, 312.41, 355.97, 347.36, -0.9073, -0.0124, 0.4043, 0.1148
19:23:10, 5.43, 163, 312.72, 356.00, 347.27, -0.9083, -0.0127, 0.4018, 0.1154
19:23:10, 5.43, 163, 313.02, 356.06, 347.21, -0.9094, -0.0130, 0.3994, 0.1157
19:23:10, 5.43, 163, 313.35, 356.14, 347.19, -0.9105, -0.0134, 0.3967, 0.1156
19:23:10, 5.47, 164, 313.65, 356.18, 347.16, -0.9116, -0.0135, 0.3943, 0.1157
19:23:10, 5.47, 164, 313.94, 356.27, 347.09, -0.9126, -0.0142, 0.3919, 0.1161
19:23:10, 5.50, 165, 314.26, 356.28, 347.04, -0.9136, -0.0141, 0.3894, 0.1165
19:23:10, 5.50, 165, 314.62, 356.33, 346.96, -0.9148, -0.0144, 0.3864, 0.1170
19:23:10, 5.53, 166, 314.90, 356.35, 346.92, -0.9157, -0.0144, 0.3842, 0.1173
19:23:10, 5.53, 166, 315.23, 356.36, 346.87, -0.9167, -0.0143, 0.3815, 0.1177
19:23:10, 5.53, 166, 315.53, 356.40, 346.81, -0.9177, -0.0146, 0.3791, 0.1181
19:23:10, 5.57, 167, 315.80, 356.42, 346.79, -0.9186, -0.0145, 0.3769, 0.1182
19:23:10, 5.57, 167, 316.08, 356.44, 346.78, -0.9195, -0.0144, 0.3746, 0.1182
19:23:10, 5.60, 168, 316.38, 356.45, 346.75, -0.9204, -0.0143, 0.3722, 0.1185
19:23:10, 5.60, 168, 316.64, 356.47, 346.68, -0.9212, -0.0144, 0.3701, 0.1190
19:23:10, 5.60, 168, 316.91, 356.51, 346.68, -0.9221, -0.0145, 0.3678, 0.1189
19:23:10, 5.63, 169, 317.14, 356.50, 346.67, -0.9229, -0.0141, 0.3660, 0.1190
19:23:10, 5.63, 169, 317.36, 356.51, 346.66, -0.9235, -0.0140, 0.3643, 0.1192
19:23:11, 5.67, 170, 317.61, 356.46, 346.60, -0.9242, -0.0136, 0.3623, 0.1198
19:23:11, 5.67, 170, 317.83, 356.47, 346.58, -0.9249, -0.0135, 0.3605, 0.1200
19:23:11, 5.70, 171, 318.03, 356.45, 346.59, -0.9256, -0.0130, 0.3588, 0.1200
19:23:11, 5.70, 171, 318.25, 356.45, 346.61, -0.9263, -0.0128, 0.3571, 0.1198
19:23:11, 5.70, 171, 318.43, 356.45, 346.62, -0.9268, -0.0126, 0.3556, 0.1197
19:23:11, 5.73, 172, 318.60, 356.45, 346.64, -0.9274, -0.0123, 0.3543, 0.1196
19:23:11, 5.73, 172, 318.79, 356.45, 346.65, -0.9280, -0.0121, 0.3528, 0.1196
19:23:11, 5.77, 173, 318.95, 356.45, 346.67, -0.9285, -0.0119, 0.3514, 0.1194
19:23:11, 5.77, 173, 319.10, 356.45, 346.65, -0.9289, -0.0118, 0.3502, 0.1196
19:23:11, 5.77, 173, 319.25, 356.46, 346.69, -0.9294, -0.0115, 0.3490, 0.1193
19:23:11, 5.80, 174, 319.37, 356.48, 346.72, -0.9298, -0.0115, 0.3480, 0.1190
19:23:11, 5.80, 174, 319.50, 356.50, 346.75, -0.9303, -0.0114, 0.3469, 0.1187
19:23:11, 5.83, 175, 319.64, 356.50, 346.78, -0.9307, -0.0113, 0.3458, 0.1185
19:23:11, 5.83, 175, 319.79, 356.55, 346.81, -0.9312, -0.0114, 0.3446, 0.1181
19:23:11, 5.87, 176, 319.91, 356.56, 346.82, -0.9316, -0.0113, 0.3436, 0.1180
19:23:11, 5.87, 176, 320.05, 356.58, 346.85, -0.9321, -0.0113, 0.3424, 0.1177
19:23:11, 5.87, 176, 320.16, 356.63, 346.87, -0.9324, -0.0114, 0.3415, 0.1174
19:23:11, 5.90, 177, 320.27, 356.66, 346.91, -0.9328, -0.0115, 0.3405, 0.1170
19:23:11, 5.90, 177, 320.38, 356.65, 346.95, -0.9332, -0.0112, 0.3397, 0.1167
19:23:11, 5.93, 178, 320.51, 356.68, 346.96, -0.9336, -0.0112, 0.3386, 0.1165
19:23:11, 5.93, 178, 320.62, 356.66, 346.98, -0.9339, -0.0109, 0.3377, 0.1165
19:23:11, 5.93, 178, 320.74, 356.66, 346.98, -0.9343, -0.0108, 0.3367, 0.1165
19:23:11, 5.97, 179, 320.87, 356.66, 347.00, -0.9347, -0.0106, 0.3357, 0.1163
19:23:11, 5.97, 179, 320.97, 356.66, 347.00, -0.9350, -0.0105, 0.3349, 0.1163
19:23:11, 6.00, 180, 321.10, 356.65, 347.00, -0.9354, -0.0103, 0.3338, 0.1164
19:23:11, 6.00, 180, 321.24, 356.66, 346.99, -0.9358, -0.0103, 0.3327, 0.1164
19:23:11, 6.03, 181, 321.39, 356.62, 346.99, -0.9362, -0.0098, 0.3314, 0.1165
19:23:11, 6.03, 181, 321.55, 356.65, 346.99, -0.9367, -0.0099, 0.3302, 0.1165
19:23:11, 6.03, 181, 321.71, 356.65, 346.97, -0.9371, -0.0098, 0.3289, 0.1167
19:23:11, 6.07, 182, 321.89, 356.62, 346.93, -0.9376, -0.0094, 0.3274, 0.1171
19:23:11, 6.07, 182, 322.04, 356.64, 346.93, -0.9380, -0.0095, 0.3261, 0.1170
19:23:11, 6.10, 183, 322.20, 356.62, 346.96, -0.9385, -0.0090, 0.3248, 0.1169
19:23:11, 6.10, 183, 322.35, 356.62, 346.92, -0.9389, -0.0090, 0.3236, 0.1172
19:23:11, 6.10, 183, 322.53, 356.63, 346.85, -0.9393, -0.0091, 0.3221, 0.1178
19:23:11, 6.13, 184, 322.70, 356.62, 346.78, -0.9397, -0.0090, 0.3207, 0.1184
19:23:11, 6.13, 184, 322.92, 356.64, 346.71, -0.9402, -0.0091, 0.3189, 0.1189
19:23:11, 6.17, 185, 323.14, 356.65, 346.65, -0.9408, -0.0092, 0.3171, 0.1194
19:23:11, 6.17, 185, 323.33, 356.68, 346.64, -0.9413, -0.0093, 0.3155, 0.1194
19:23:11, 6.20, 186, 323.54, 356.74, 346.63, -0.9419, -0.0095, 0.3137, 0.1194
19:23:11, 6.20, 186, 323.79, 356.75, 346.59, -0.9426, -0.0095, 0.3117, 0.1197
19:23:11, 6.20, 186, 324.03, 356.75, 346.54, -0.9432, -0.0094, 0.3097, 0.1201
19:23:11, 6.23, 187, 324.32, 356.78, 346.52, -0.9439, -0.0094, 0.3073, 0.1202
19:23:11, 6.23, 187, 324.62, 356.79, 346.48, -0.9447, -0.0093, 0.3048, 0.1205
19:23:11, 6.27, 188, 324.95, 356.78, 346.48, -0.9456, -0.0088, 0.3021, 0.1206
19:23:11, 6.27, 188, 325.33, 356.81, 346.41, -0.9465, -0.0088, 0.2989, 0.1211
19:23:11, 6.27, 188, 325.69, 356.81, 346.39, -0.9474, -0.0086, 0.2959, 0.1213
19:23:11, 6.30, 189, 326.09, 356.79, 346.36, -0.9484, -0.0080, 0.2926, 0.1216
19:23:11, 6.30, 189, 326.54, 356.82, 346.32, -0.9495, -0.0078, 0.2888, 0.1219
19:23:11, 6.33, 190, 327.17, 356.81, 346.27, -0.9511, -0.0072, 0.2836, 0.1224
19:23:11, 6.33, 190, 327.82, 356.83, 346.19, -0.9526, -0.0069, 0.2782, 0.1231
19:23:11, 6.37, 191, 328.49, 356.80, 346.17, -0.9541, -0.0060, 0.2727, 0.1233
19:23:11, 6.37, 191, 329.26, 356.84, 346.14, -0.9559, -0.0056, 0.2662, 0.1236
19:23:11, 6.37, 191, 330.08, 356.87, 346.07, -0.9578, -0.0051, 0.2594, 0.1241
19:23:11, 6.40, 192, 330.83, 356.92, 345.99, -0.9594, -0.0048, 0.2530, 0.1247
19:23:11, 6.40, 192, 331.66, 356.90, 345.99, -0.9612, -0.0038, 0.2461, 0.1248
19:23:11, 6.43, 193, 332.51, 356.90, 345.95, -0.9629, -0.0030, 0.2389, 0.1251
19:23:11, 6.43, 193, 333.35, 357.00, 345.93, -0.9647, -0.0030, 0.2318, 0.1251
19:23:11, 6.43, 193, 334.23, 356.94, 345.85, -0.9663, -0.0017, 0.2245, 0.1260
19:23:11, 6.47, 194, 335.00, 357.02, 345.78, -0.9678, -0.0016, 0.2178, 0.1264
19:23:11, 6.47, 194, 335.79, 357.03, 345.69, -0.9691, -0.0010, 0.2112, 0.1271
19:23:11, 6.50, 195, 336.58, 357.12, 345.57, -0.9705, -0.0011, 0.2044, 0.1280
19:23:11, 6.50, 195, 337.29, 357.12, 345.50, -0.9717, -0.0004, 0.1983, 0.1286
19:23:11, 6.53, 196, 338.06, 357.19, 345.43, -0.9729, -0.0003, 0.1917, 0.1290
19:23:11, 6.53, 196, 338.73, 357.26, 345.35, -0.9740, -0.0003, 0.1860, 0.1297
19:23:11, 6.53, 196, 339.44, 357.35, 345.27, -0.9750, -0.0003, 0.1799, 0.1302
19:23:11, 6.57, 197, 340.09, 357.41, 345.17, -0.9760, -0.0003, 0.1743, 0.1309
19:23:11, 6.57, 197, 340.64, 357.52, 345.08, -0.9767, -0.0006, 0.1694, 0.1316
19:23:11, 6.60, 198, 341.21, 357.61, 344.95, -0.9774, -0.0010, 0.1645, 0.1325
19:23:11, 6.60, 198, 341.77, 357.69, 344.89, -0.9782, -0.0011, 0.1596, 0.1330
19:23:11, 6.60, 198, 342.20, 357.85, 344.88, -0.9788, -0.0020, 0.1557, 0.1328
19:23:11, 6.63, 199, 342.64, 358.00, 344.89, -0.9795, -0.0027, 0.1519, 0.1325
19:23:11, 6.63, 199, 343.03, 358.11, 344.77, -0.9799, -0.0034, 0.1484, 0.1334
19:23:12, 6.67, 200, 343.49, 358.15, 344.77, -0.9805, -0.0031, 0.1444, 0.1334
19:23:12, 6.67, 200, 343.91, 358.21, 344.67, -0.9809, -0.0033, 0.1407, 0.1342
19:23:12, 6.70, 201, 344.33, 358.23, 344.60, -0.9813, -0.0031, 0.1371, 0.1348
19:23:12, 6.70, 201, 344.73, 358.25, 344.58, -0.9818, -0.0029, 0.1337, 0.1350
19:23:12, 6.70, 201, 345.13, 358.23, 344.53, -0.9822, -0.0023, 0.1303, 0.1355
19:23:12, 6.73, 202, 345.53, 358.25, 344.49, -0.9826, -0.0020, 0.1268, 0.1357
19:23:12, 6.73, 202, 345.88, 358.28, 344.48, -0.9830, -0.0018, 0.1237, 0.1359
19:23:12, 6.77, 203, 346.24, 358.28, 344.42, -0.9833, -0.0015, 0.1207, 0.1364
19:23:12, 6.77, 203, 346.65, 358.25, 344.35, -0.9836, -0.0008, 0.1172, 0.1369
19:23:12, 6.77, 203, 347.05, 358.26, 344.33, -0.9840, -0.0004, 0.1138, 0.1371
19:23:12, 6.80, 204, 347.47, 358.26, 344.34, -0.9844, 0.0001, 0.1102, 0.1371
19:23:12, 6.80, 204, 347.88, 358.21, 344.41, -0.9849, 0.0011, 0.1067, 0.1365
19:23:12, 6.83, 205, 348.23, 358.17, 344.34, -0.9851, 0.0018, 0.1037, 0.1371
19:23:12, 6.83, 205, 348.64, 358.11, 344.30, -0.9854, 0.0027, 0.1002, 0.1375
19:23:12, 6.87, 206, 349.05, 358.12, 344.27, -0.9857, 0.0032, 0.0967, 0.1378
19:23:12, 6.87, 206, 349.41, 358.05, 344.17, -0.9859, 0.0041, 0.0937, 0.1386
19:23:12, 6.87, 206, 349.83, 358.01, 344.16, -0.9862, 0.0049, 0.0902, 0.1388
19:23:12, 6.90, 207, 350.21, 357.98, 344.18, -0.9865, 0.0057, 0.0870, 0.1386
19:23:12, 6.90, 207, 350.62, 357.99, 344.20, -0.9868, 0.0061, 0.0834, 0.1384
19:23:12, 6.93, 208, 350.97, 357.91, 344.19, -0.9871, 0.0072, 0.0805, 0.1385
19:23:12, 6.93, 208, 351.40, 357.96, 344.18, -0.9874, 0.0073, 0.0767, 0.1385
19:23:12, 6.93, 208, 351.77, 357.93, 344.19, -0.9876, 0.0079, 0.0736, 0.1384
19:23:12, 6.97, 209, 352.22, 357.90, 344.19, -0.9879, 0.0088, 0.0697, 0.1384
19:23:12, 6.97, 209, 352.57, 357.86, 344.19, -0.9881, 0.0096, 0.0668, 0.1385
19:23:12, 7.00, 210, 352.90, 357.81, 344.15, -0.9882, 0.0103, 0.0639, 0.1388
19:23:12, 7.00, 210, 353.26, 357.83, 344.15, -0.9884, 0.0106, 0.0609, 0.1387
19:23:12, 7.03, 211, 353.68, 357.84, 344.12, -0.9886, 0.0110, 0.0572, 0.1389
19:23:12, 7.03, 211, 354.08, 357.85, 344.08, -0.9887, 0.0114, 0.0537, 0.1392
19:23:12, 7.03, 211, 354.45, 357.85, 344.04, -0.9889, 0.0118, 0.0505, 0.1395
19:23:12, 7.07, 212, 354.87, 357.86, 344.09, -0.9891, 0.0122, 0.0469, 0.1390
19:23:12, 7.07, 212, 355.25, 357.94, 344.09, -0.9893, 0.0121, 0.0435, 0.1390
19:23:12, 7.10, 213, 355.66, 357.96, 344.18, -0.9895, 0.0124, 0.0400, 0.1381
19:23:12, 7.10, 213, 356.13, 357.98, 344.12, -0.9896, 0.0128, 0.0359, 0.1387
19:23:12, 7.10, 213, 356.54, 358.04, 344.08, -0.9897, 0.0128, 0.0322, 0.1389
19:23:12, 7.13, 214, 356.95, 358.06, 344.11, -0.9898, 0.0131, 0.0287, 0.1386
19:23:12, 7.13, 214, 357.34, 358.16, 344.19, -0.9901, 0.0127, 0.0252, 0.1379
19:23:12, 7.17, 215, 357.79, 358.16, 344.17, -0.9901, 0.0133, 0.0213, 0.1380
19:23:12, 7.17, 215, 358.21, 358.17, 344.17, -0.9902, 0.0137, 0.0177, 0.1379
19:23:12, 7.20, 216, 358.63, 358.25, 344.19, -0.9903, 0.0135, 0.0139, 0.1377
19:23:12, 7.20, 216, 359.05, 358.31, 344.20, -0.9904, 0.0135, 0.0102, 0.1375
19:23:12, 7.20, 216, 359.47, 358.30, 344.24, -0.9904, 0.0141, 0.0066, 0.1372
19:23:12, 7.23, 217, 359.88, 358.35, 344.21, -0.9904, 0.0141, 0.0030, 0.1374
19:23:12, 7.23, 217, 0.28, 358.39, 344.21, -0.9904, 0.0143, -0.0005, 0.1373
19:23:12, 7.27, 218, 0.70, 358.37, 344.17, -0.9904, 0.0149, -0.0041, 0.1376
19:23:12, 7.27, 218, 1.12, 358.44, 344.17, -0.9904, 0.0148, -0.0078, 0.1376
19:23:12, 7.27, 218, 1.54, 358.47, 344.18, -0.9903, 0.0151, -0.0114, 0.1374
19:23:12, 7.30, 219, 1.93, 358.48, 344.19, -0.9903, 0.0155, -0.0148, 0.1372
19:23:12, 7.30, 219, 2.35, 358.54, 344.18, -0.9902, 0.0155, -0.0186, 0.1373
19:23:12, 7.33, 220, 2.78, 358.54, 344.20, -0.9902, 0.0160, -0.0223, 0.1371
19:23:12, 7.33, 220, 3.13, 358.54, 344.21, -0.9901, 0.0164, -0.0253, 0.1369
19:23:12, 7.37, 221, 3.52, 358.58, 344.19, -0.9900, 0.0165, -0.0288, 0.1371
19:23:12, 7.37, 221, 3.89, 358.57, 344.20, -0.9899, 0.0171, -0.0319, 0.1369
19:23:12, 7.37, 221, 4.31, 358.61, 344.21, -0.9898, 0.0171, -0.0356, 0.1368
19:23:12, 7.40, 222, 4.71, 358.62, 344.22, -0.9897, 0.0175, -0.0391, 0.1367
19:23:12, 7.40, 222, 5.10, 358.66, 344.23, -0.9896, 0.0177, -0.0424, 0.1366
19:23:12, 7.43, 223, 5.47, 358.67, 344.20, -0.9894, 0.0181, -0.0457, 0.1368
19:23:12, 7.43, 223, 5.93, 358.66, 344.18, -0.9892, 0.0187, -0.0496, 0.1369
19:23:12, 7.43, 223, 6.29, 358.67, 344.23, -0.9891, 0.0190, -0.0527, 0.1363
19:23:12, 7.47, 224, 6.67, 358.66, 344.21, -0.9889, 0.0195, -0.0560, 0.1364
19:23:12, 7.47, 224, 7.08, 358.70, 344.19, -0.9886, 0.0197, -0.0596, 0.1366
19:23:12, 7.50, 225, 7.51, 358.71, 344.15, -0.9884, 0.0202, -0.0633, 0.1369
19:23:12, 7.50, 225, 7.88, 358.71, 344.12, -0.9881, 0.0206, -0.0665, 0.1370
19:23:12, 7.53, 226, 8.29, 358.72, 344.15, -0.9879, 0.0210, -0.0700, 0.1367
19:23:12, 7.53, 226, 8.70, 358.69, 344.17, -0.9877, 0.0217, -0.0736, 0.1364
19:23:12, 7.53, 226, 9.09, 358.68, 344.15, -0.9874, 0.0223, -0.0769, 0.1365
19:23:12, 7.57, 227, 9.49, 358.70, 344.17, -0.9871, 0.0226, -0.0804, 0.1363
19:23:12, 7.57, 227, 9.90, 358.77, 344.17, -0.9868, 0.0225, -0.0840, 0.1363
19:23:12, 7.60, 228, 10.32, 358.84, 344.13, -0.9865, 0.0224, -0.0877, 0.1366
19:23:12, 7.60, 228, 10.70, 358.95, 344.13, -0.9862, 0.0219, -0.0911, 0.1366
19:23:12, 7.60, 228, 11.12, 359.11, 344.15, -0.9859, 0.0210, -0.0949, 0.1365
19:23:12, 7.63, 229, 11.45, 359.29, 344.28, -0.9857, 0.0198, -0.0979, 0.1355
19:23:12, 7.63, 229, 11.79, 359.46, 344.32, -0.9855, 0.0186, -0.1011, 0.1352
19:23:13, 7.67, 230, 12.14, 359.63, 344.39, -0.9852, 0.0175, -0.1043, 0.1347
19:23:13, 7.67, 230, 12.51, 359.81, 344.43, -0.9849, 0.0164, -0.1077, 0.1345
19:23:13, 7.70, 231, 12.86, 359.87, 344.44, -0.9846, 0.0163, -0.1108, 0.1344
19:23:13, 7.70, 231, 13.23, 0.02, 344.42, -0.9842, 0.0155, -0.1142, 0.1346
19:23:13, 7.70, 231, 13.57, 0.09, 344.45, -0.9839, 0.0152, -0.1172, 0.1344
19:23:13, 7.73, 232, 13.88, 0.22, 344.49, -0.9836, 0.0144, -0.1200, 0.1341
19:23:13, 7.73, 232, 14.20, 0.33, 344.55, -0.9833, 0.0138, -0.1229, 0.1337
19:23:13, 7.77, 233, 14.43, 0.50, 344.70, -0.9832, 0.0124, -0.1250, 0.1326
19:23:13, 7.77, 233, 14.68, 0.59, 344.81, -0.9830, 0.0118, -0.1273, 0.1318
19:23:13, 7.77, 233, 14.88, 0.73, 344.94, -0.9829, 0.0107, -0.1292, 0.1308
19:23:13, 7.80, 234, 15.09, 0.83, 345.09, -0.9828, 0.0099, -0.1311, 0.1296
19:23:13, 7.80, 234, 15.25, 0.90, 345.21, -0.9827, 0.0093, -0.1326, 0.1286
19:23:13, 7.83, 235, 15.43, 1.00, 345.30, -0.9826, 0.0086, -0.1343, 0.1279
19:23:13, 7.83, 235, 15.60, 1.07, 345.35, -0.9825, 0.0081, -0.1358, 0.1275
19:23:13, 7.87, 236, 15.73, 1.14, 345.46, -0.9824, 0.0075, -0.1370, 0.1267
19:23:13, 7.87, 236, 15.87, 1.16, 345.57, -0.9824, 0.0074, -0.1382, 0.1257
19:23:13, 7.87, 236, 16.00, 1.14, 345.69, -0.9823, 0.0075, -0.1393, 0.1247
19:23:13, 7.90, 237, 16.07, 1.11, 345.81, -0.9824, 0.0078, -0.1399, 0.1237
19:23:13, 7.90, 237, 16.13, 1.05, 345.93, -0.9825, 0.0082, -0.1403, 0.1225
19:23:13, 7.93, 238, 16.14, 0.96, 346.02, -0.9826, 0.0089, -0.1403, 0.1217
19:23:13, 7.93, 238, 16.11, 0.87, 346.07, -0.9827, 0.0096, -0.1400, 0.1211
19:23:13, 7.93, 238, 16.11, 0.80, 346.11, -0.9827, 0.0100, -0.1399, 0.1207
19:23:13, 7.97, 239, 16.12, 0.76, 346.16, -0.9828, 0.0104, -0.1399, 0.1202
19:23:13, 7.97, 239, 16.15, 0.76, 346.23, -0.9828, 0.0104, -0.1402, 0.1196
19:23:13, 8.00, 240, 16.22, 0.79, 346.30, -0.9828, 0.0101, -0.1409, 0.1190
19:23:13, 8.00, 240, 16.31, 0.83, 346.37, -0.9827, 0.0097, -0.1417, 0.1185
19:23:13, 8.03, 241, 16.42, 0.86, 346.49, -0.9827, 0.0094, -0.1427, 0.1175
19:23:13, 8.03, 241, 16.52, 0.86, 346.61, -0.9827, 0.0094, -0.1436, 0.1165
19:23:13, 8.03, 241, 16.69, 0.81, 346.72, -0.9826, 0.0098, -0.1449, 0.1154
19:23:13, 8.07, 242, 16.88, 0.78, 346.86, -0.9825, 0.0101, -0.1466, 0.1142
19:23:13, 8.07, 242, 17.08, 0.74, 347.02, -0.9824, 0.0105, -0.1483, 0.1127
19:23:13, 8.10, 243, 17.28, 0.68, 347.14, -0.9823, 0.0110, -0.1499, 0.1116
19:23:13, 8.10, 243, 17.52, 0.65, 347.29, -0.9822, 0.0113, -0.1520, 0.1102
19:23:13, 8.10, 243, 17.81, 0.61, 347.41, -0.9819, 0.0117, -0.1544, 0.1092
19:23:13, 8.13, 244, 18.16, 0.58, 347.53, -0.9815, 0.0122, -0.1574, 0.1080
19:23:13, 8.13, 244, 18.55, 0.57, 347.67, -0.9811, 0.0124, -0.1608, 0.1068
19:23:13, 8.17, 245, 18.96, 0.61, 347.77, -0.9806, 0.0124, -0.1643, 0.1060
19:23:13, 8.17, 245, 19.39, 0.58, 347.92, -0.9801, 0.0128, -0.1680, 0.1046
19:23:13, 8.20, 246, 19.78, 0.63, 348.10, -0.9797, 0.0124, -0.1714, 0.1031
19:23:13, 8.20, 246, 20.17, 0.65, 348.25, -0.9793, 0.0124, -0.1747, 0.1018
19:23:13, 8.20, 246, 20.60, 0.70, 348.37, -0.9787, 0.0121, -0.1785, 0.1008
19:23:13, 8.23, 247, 20.96, 0.72, 348.46, -0.9782, 0.0121, -0.1816, 0.1000
19:23:13, 8.23, 247, 21.38, 0.78, 348.57, -0.9776, 0.0118, -0.1852, 0.0991
19:23:13, 8.27, 248, 21.70, 0.87, 348.64, -0.9771, 0.0113, -0.1881, 0.0987
19:23:13, 8.27, 248, 22.04, 1.03, 348.77, -0.9766, 0.0099, -0.1911, 0.0977
19:23:13, 8.27, 248, 22.34, 1.17, 348.88, -0.9762, 0.0088, -0.1938, 0.0970
19:23:13, 8.30, 249, 22.56, 1.30, 348.99, -0.9759, 0.0077, -0.1958, 0.0963
19:23:13, 8.30, 249, 22.79, 1.48, 349.12, -0.9756, 0.0061, -0.1978, 0.0955
19:23:13, 8.33, 250, 22.93, 1.67, 349.19, -0.9753, 0.0045, -0.1992, 0.0952
19:23:13, 8.33, 250, 23.08, 1.78, 349.29, -0.9751, 0.0035, -0.2005, 0.0945
19:23:13, 8.37, 251, 23.23, 1.96, 349.37, -0.9749, 0.0020, -0.2020, 0.0941
19:23:13, 8.37, 251, 23.39, 2.02, 349.46, -0.9746, 0.0015, -0.2034, 0.0935
19:23:13, 8.37, 251, 23.56, 2.06, 349.50, -0.9743, 0.0011, -0.2048, 0.0932
19:23:13, 8.40, 252, 23.72, 2.05, 349.57, -0.9741, 0.0012, -0.2062, 0.0926
19:23:13, 8.40, 252, 23.86, 2.04, 349.64, -0.9739, 0.0013, -0.2074, 0.0920
19:23:13, 8.43, 253, 23.98, 2.01, 349.67, -0.9737, 0.0016, -0.2084, 0.0917
19:23:13, 8.43, 253, 24.08, 2.01, 349.73, -0.9736, 0.0016, -0.2092, 0.0912
19:23:13, 8.43, 253, 24.14, 2.02, 349.82, -0.9736, 0.0014, -0.2098, 0.0904
19:23:13, 8.47, 254, 24.19, 2.00, 349.90, -0.9735, 0.0014, -0.2102, 0.0897
19:23:13, 8.47, 254, 24.19, 1.99, 349.93, -0.9736, 0.0014, -0.2102, 0.0894
19:23:13, 8.50, 255, 24.19, 1.95, 349.97, -0.9736, 0.0017, -0.2102, 0.0890
19:23:13, 8.50, 255, 24.17, 1.93, 350.01, -0.9737, 0.0018, -0.2099, 0.0886
19:23:13, 8.53, 256, 24.11, 1.92, 350.05, -0.9738, 0.0017, -0.2095, 0.0883
19:23:13, 8.53, 256, 24.03, 1.91, 350.10, -0.9740, 0.0018, -0.2088, 0.0879
19:23:13, 8.53, 256, 23.98, 1.86, 350.12, -0.9741, 0.0021, -0.2083, 0.0876
19:23:13, 8.57, 257, 23.90, 1.82, 350.18, -0.9743, 0.0023, -0.2076, 0.0870
19:23:13, 8.57, 257, 23.82, 1.76, 350.16, -0.9745, 0.0028, -0.2069, 0.0871
19:23:13, 8.60, 258, 23.75, 1.73, 350.12, -0.9746, 0.0030, -0.2063, 0.0874
19:23:13, 8.60, 258, 23.71, 1.72, 350.10, -0.9746, 0.0031, -0.2059, 0.0875
19:23:13, 8.60, 258, 23.65, 1.71, 350.10, -0.9747, 0.0031, -0.2054, 0.0875
19:23:13, 8.63, 259, 23.59, 1.72, 350.09, -0.9748, 0.0030, -0.2049, 0.0876
19:23:13, 8.63, 259, 23.56, 1.72, 350.06, -0.9749, 0.0031, -0.2046, 0.0879
19:23:14, 8.67, 260, 23.56, 1.73, 350.00, -0.9748, 0.0030, -0.2047, 0.0884
19:23:14, 8.67, 260, 23.54, 1.75, 349.94, -0.9748, 0.0030, -0.2045, 0.0889
19:23:14, 8.70, 261, 23.57, 1.74, 349.88, -0.9747, 0.0032, -0.2047, 0.0894
19:23:14, 8.70, 261, 23.62, 1.77, 349.82, -0.9746, 0.0031, -0.2051, 0.0900
19:23:14, 8.70, 261, 23.65, 1.76, 349.79, -0.9745, 0.0032, -0.2054, 0.0903
19:23:14, 8.73, 262, 23.70, 1.76, 349.74, -0.9744, 0.0034, -0.2059, 0.0906
19:23:14, 8.73, 262, 23.75, 1.72, 349.72, -0.9743, 0.0038, -0.2062, 0.0907
19:23:14, 8.77, 263, 23.84, 1.72, 349.65, -0.9741, 0.0040, -0.2070, 0.0913
19:23:14, 8.77, 263, 23.93, 1.72, 349.61, -0.9739, 0.0041, -0.2078, 0.0917
19:23:14, 8.77, 263, 24.05, 1.69, 349.57, -0.9736, 0.0045, -0.2088, 0.0920
19:23:14, 8.80, 264, 24.23, 1.73, 349.49, -0.9732, 0.0046, -0.2103, 0.0927
19:23:14, 8.80, 264, 24.42, 1.72, 349.44, -0.9728, 0.0048, -0.2119, 0.0931
19:23:14, 8.83, 265, 24.64, 1.70, 349.37, -0.9724, 0.0054, -0.2138, 0.0937
19:23:14, 8.83, 265, 24.85, 1.68, 349.36, -0.9720, 0.0057, -0.2156, 0.0937
19:23:14, 8.87, 266, 25.09, 1.69, 349.35, -0.9715, 0.0058, -0.2175, 0.0938
19:23:14, 8.87, 266, 25.32, 1.70, 349.31, -0.9710, 0.0060, -0.2196, 0.0941
19:23:14, 8.87, 266, 25.59, 1.69, 349.21, -0.9704, 0.0065, -0.2218, 0.0949
19:23:14, 8.90, 267, 25.87, 1.70, 349.13, -0.9698, 0.0068, -0.2242, 0.0956
19:23:14, 8.90, 267, 26.13, 1.69, 349.03, -0.9692, 0.0073, -0.2264, 0.0964
19:23:14, 8.93, 268, 26.45, 1.68, 349.00, -0.9686, 0.0077, -0.2291, 0.0966
19:23:14, 8.93, 268, 26.73, 1.66, 348.96, -0.9680, 0.0082, -0.2314, 0.0969
19:23:14, 8.93, 268, 27.04, 1.63, 348.96, -0.9674, 0.0087, -0.2340, 0.0968
19:23:14, 8.97, 269, 27.31, 1.67, 348.95, -0.9668, 0.0086, -0.2364, 0.0970
19:23:14, 8.97, 269, 27.61, 1.69, 348.95, -0.9662, 0.0087, -0.2388, 0.0969
19:23:14, 9.00, 270, 27.90, 1.61, 348.93, -0.9656, 0.0097, -0.2412, 0.0970
19:23:14, 9.00, 270, 28.16, 1.53, 348.92, -0.9650, 0.0105, -0.2434, 0.0968
19:23:14, 9.03, 271, 28.39, 1.48, 348.88, -0.9645, 0.0113, -0.2452, 0.0971
19:23:14, 9.03, 271, 28.63, 1.43, 348.86, -0.9640, 0.0120, -0.2472, 0.0971
19:23:14, 9.03, 271, 28.84, 1.34, 348.81, -0.9635, 0.0130, -0.2490, 0.0973
19:23:14, 9.07, 272, 29.07, 1.27, 348.76, -0.9630, 0.0139, -0.2508, 0.0976
19:23:14, 9.07, 272, 29.34, 1.15, 348.69, -0.9624, 0.0153, -0.2529, 0.0979
19:23:14, 9.10, 273, 29.68, 1.05, 348.66, -0.9616, 0.0165, -0.2558, 0.0979
19:23:14, 9.10, 273, 30.03, 0.94, 348.64, -0.9609, 0.0178, -0.2586, 0.0977
19:23:14, 9.10, 273, 30.39, 0.89, 348.67, -0.9601, 0.0184, -0.2616, 0.0973
19:23:14, 9.13, 274, 30.76, 0.77, 348.66, -0.9593, 0.0197, -0.2645, 0.0970
19:23:14, 9.13, 274, 31.20, 0.64, 348.64, -0.9583, 0.0213, -0.2682, 0.0968
19:23:14, 9.17, 275, 31.55, 0.59, 348.62, -0.9575, 0.0220, -0.2710, 0.0968
19:23:14, 9.17, 275, 31.99, 0.50, 348.66, -0.9565, 0.0230, -0.2746, 0.0962
19:23:14, 9.20, 276, 32.37, 0.37, 348.70, -0.9556, 0.0243, -0.2777, 0.0955
19:23:14, 9.20, 276, 32.74, 0.32, 348.72, -0.9547, 0.0251, -0.2807, 0.0951
19:23:14, 9.20, 276, 33.11, 0.21, 348.75, -0.9539, 0.0262, -0.2837, 0.0945
19:23:14, 9.23, 277, 33.47, 0.12, 348.77, -0.9530, 0.0272, -0.2866, 0.0940
19:23:14, 9.23, 277, 33.83, 0.02, 348.78, -0.9521, 0.0283, -0.2896, 0.0936
19:23:14, 9.27, 278, 34.23, 359.91, 348.77, -0.9512, 0.0296, -0.2928, 0.0933
19:23:14, 9.27, 278, 34.56, 359.80, 348.78, -0.9503, 0.0307, -0.2955, 0.0928
19:23:14, 9.27, 278, 34.87, 359.70, 348.76, -0.9495, 0.0318, -0.2980, 0.0926
19:23:14, 9.30, 279, 35.25, 359.59, 348.78, -0.9486, 0.0330, -0.3010, 0.0921
19:23:14, 9.30, 279, 35.61, 359.47, 348.81, -0.9477, 0.0342, -0.3039, 0.0915
19:23:14, 9.33, 280, 35.93, 359.34, 348.79, -0.9468, 0.0356, -0.3065, 0.0911
19:23:14, 9.33, 280, 36.28, 359.31, 348.81, -0.9459, 0.0360, -0.3093, 0.0908
19:23:14, 9.37, 281, 36.64, 359.26, 348.79, -0.9449, 0.0368, -0.3122, 0.0907
19:23:14, 9.37, 281, 37.01, 359.16, 348.82, -0.9440, 0.0378, -0.3152, 0.0901
19:23:14, 9.37, 281, 37.39, 359.06, 348.79, -0.9429, 0.0390, -0.3182, 0.0899
19:23:14, 9.40, 282, 37.79, 358.99, 348.83, -0.9419, 0.0398, -0.3215, 0.0892
19:23:14, 9.40, 282, 38.14, 358.93, 348.80, -0.9409, 0.0407, -0.3243, 0.0892
19:23:14, 9.43, 283, 38.49, 358.89, 348.85, -0.9399, 0.0411, -0.3271, 0.0886
19:23:14, 9.43, 283, 38.87, 358.85, 348.82, -0.9388, 0.0418, -0.3302, 0.0885
19:23:14, 9.43, 283, 39.22, 358.79, 348.83, -0.9378, 0.0426, -0.3330, 0.0881
19:23:14, 9.47, 284, 39.59, 358.71, 348.90, -0.9368, 0.0433, -0.3360, 0.0871
19:23:14, 9.47, 284, 39.88, 358.60, 348.93, -0.9360, 0.0443, -0.3383, 0.0865
19:23:14, 9.50, 285, 40.16, 358.53, 348.90, -0.9352, 0.0452, -0.3405, 0.0864
19:23:14, 9.50, 285, 40.45, 358.50, 348.92, -0.9343, 0.0456, -0.3429, 0.0861
19:23:14, 9.53, 286, 40.76, 358.48, 348.87, -0.9334, 0.0461, -0.3454, 0.0863
19:23:14, 9.53, 286, 41.08, 358.48, 348.84, -0.9324, 0.0464, -0.3479, 0.0864
19:23:14, 9.53, 286, 41.39, 358.52, 348.81, -0.9314, 0.0465, -0.3505, 0.0867
19:23:14, 9.57, 287, 41.66, 358.56, 348.82, -0.9306, 0.0463, -0.3527, 0.0866
19:23:14, 9.57, 287, 41.89, 358.52, 348.86, -0.9299, 0.0467, -0.3546, 0.0860
19:23:14, 9.60, 288, 42.14, 358.45, 348.91, -0.9292, 0.0473, -0.3566, 0.0853
19:23:14, 9.60, 288, 42.40, 358.34, 348.97, -0.9284, 0.0482, -0.3586, 0.0843
19:23:14, 9.60, 288, 42.64, 358.22, 349.04, -0.9277, 0.0491, -0.3605, 0.0834
19:23:14, 9.63, 289, 42.96, 358.06, 349.08, -0.9268, 0.0505, -0.3630, 0.0824
19:23:14, 9.63, 289, 43.38, 357.93, 349.09, -0.9255, 0.0518, -0.3662, 0.0817
19:23:15, 9.67, 290, 43.82, 357.86, 349.10, -0.9241, 0.0527, -0.3698, 0.0812
19:23:15, 9.67, 290, 44.38, 357.80, 349.15, -0.9223, 0.0534, -0.3742, 0.0803
19:23:15, 9.70, 291, 45.01, 357.79, 349.13, -0.9202, 0.0540, -0.3793, 0.0801
19:23:15, 9.70, 291, 45.75, 357.84, 349.22, -0.9178, 0.0538, -0.3853, 0.0793
19:23:15, 9.70, 291, 46.55, 357.91, 349.25, -0.9151, 0.0537, -0.3918, 0.0789
19:23:15, 9.73, 292, 47.36, 357.98, 349.35, -0.9124, 0.0534, -0.3983, 0.0779
19:23:15, 9.73, 292, 48.26, 357.93, 349.40, -0.9093, 0.0542, -0.4055, 0.0769
19:23:15, 9.77, 293, 49.13, 357.90, 349.39, -0.9061, 0.0551, -0.4123, 0.0765
19:23:15, 9.77, 293, 49.94, 357.76, 349.35, -0.9032, 0.0568, -0.4186, 0.0759
19:23:15, 9.77, 293, 50.67, 357.65, 349.44, -0.9006, 0.0579, -0.4243, 0.0744
19:23:15, 9.80, 294, 51.35, 357.54, 349.38, -0.8980, 0.0594, -0.4295, 0.0741
19:23:15, 9.80, 294, 52.02, 357.42, 349.38, -0.8956, 0.0607, -0.4346, 0.0733
19:23:15, 9.83, 295, 52.56, 357.35, 349.35, -0.8935, 0.0618, -0.4388, 0.0730
19:23:15, 9.83, 295, 53.06, 357.28, 349.17, -0.8915, 0.0633, -0.4425, 0.0738
19:23:15, 9.87, 296, 53.49, 357.16, 349.07, -0.8897, 0.0649, -0.4457, 0.0740
19:23:15, 9.87, 296, 53.80, 357.20, 348.95, -0.8885, 0.0652, -0.4481, 0.0749
19:23:15, 9.87, 296, 54.12, 357.12, 348.84, -0.8871, 0.0665, -0.4505, 0.0752
19:23:15, 9.90, 297, 54.42, 357.10, 348.80, -0.8859, 0.0670, -0.4528, 0.0752
19:23:15, 9.90, 297, 54.64, 357.02, 348.75, -0.8850, 0.0680, -0.4544, 0.0751
19:23:15, 9.93, 298, 54.83, 356.92, 348.70, -0.8843, 0.0691, -0.4556, 0.0751
19:23:15, 9.93, 298, 54.96, 356.77, 348.66, -0.8838, 0.0704, -0.4565, 0.0747
19:23:15, 9.93, 298, 55.00, 356.70, 348.63, -0.8836, 0.0711, -0.4568, 0.0746
19:23:15, 9.97, 299, 55.09, 356.69, 348.60, -0.8832, 0.0714, -0.4574, 0.0747
19:23:15, 9.97, 299, 55.17, 356.72, 348.58, -0.8829, 0.0713, -0.4580, 0.0750
