Timestamp, VideoTime, VideoFrame, HeadYaw, HeadPitch, HeadRoll, HeadQuatW, HeadQuatX, HeadQuatY, HeadQuatZ
19:37:28, 0.00, 0, 308.77, 2.19, 353.30, -0.9005, -0.0424, 0.4305, 0.0445
19:37:28, 0.03, 1, 308.62, 2.25, 353.27, -0.8999, -0.0431, 0.4316, 0.0444
19:37:28, 0.03, 1, 308.45, 2.30, 353.26, -0.8993, -0.0436, 0.4329, 0.0442
19:37:28, 0.03, 1, 308.24, 2.37, 353.27, -0.8985, -0.0442, 0.4345, 0.0438
19:37:28, 0.07, 2, 307.99, 2.45, 353.27, -0.8976, -0.0449, 0.4365, 0.0434
19:37:28, 0.07, 2, 307.75, 2.54, 353.22, -0.8966, -0.0459, 0.4383, 0.0434
19:37:28, 0.10, 3, 307.51, 2.63, 353.14, -0.8957, -0.0470, 0.4401, 0.0435
19:37:28, 0.10, 3, 307.27, 2.69, 353.05, -0.8947, -0.0479, 0.4419, 0.0439
19:37:28, 0.10, 3, 307.03, 2.74, 353.00, -0.8938, -0.0486, 0.4437, 0.0439
19:37:28, 0.13, 4, 306.76, 2.78, 352.99, -0.8927, -0.0490, 0.4458, 0.0438
19:37:28, 0.13, 4, 306.51, 2.86, 352.99, -0.8918, -0.0498, 0.4477, 0.0434
19:37:28, 0.17, 5, 306.26, 2.95, 353.03, -0.8908, -0.0504, 0.4496, 0.0426
19:37:28, 0.20, 6, 305.74, 3.06, 353.04, -0.8888, -0.0514, 0.4536, 0.0419
19:37:28, 0.20, 6, 305.49, 3.12, 353.08, -0.8878, -0.0518, 0.4555, 0.0412
19:37:28, 0.20, 6, 305.23, 3.11, 353.09, -0.8867, -0.0518, 0.4575, 0.0410
19:37:28, 0.23, 7, 304.99, 3.11, 353.09, -0.8858, -0.0518, 0.4594, 0.0409
19:37:28, 0.23, 7, 304.75, 3.13, 353.10, -0.8848, -0.0521, 0.4612, 0.0406
19:37:28, 0.27, 8, 304.50, 3.13, 353.13, -0.8838, -0.0521, 0.4632, 0.0403
19:37:28, 0.27, 8, 304.28, 3.13, 353.14, -0.8830, -0.0521, 0.4648, 0.0402
19:37:28, 0.27, 8, 304.07, 3.17, 353.17, -0.8821, -0.0523, 0.4664, 0.0396
19:37:28, 0.30, 9, 303.90, 3.19, 353.22, -0.8814, -0.0523, 0.4678, 0.0391
19:37:28, 0.30, 9, 303.72, 3.25, 353.25, -0.8807, -0.0527, 0.4691, 0.0386
19:37:28, 0.33, 10, 303.58, 3.30, 353.26, -0.8801, -0.0531, 0.4702, 0.0382
19:37:28, 0.33, 10, 303.47, 3.30, 353.22, -0.8797, -0.0533, 0.4710, 0.0385
19:37:28, 0.37, 11, 303.34, 3.31, 353.20, -0.8791, -0.0535, 0.4720, 0.0385
19:37:28, 0.37, 11, 303.26, 3.33, 353.19, -0.8788, -0.0538, 0.4726, 0.0384
19:37:28, 0.37, 11, 303.16, 3.37, 353.18, -0.8784, -0.0541, 0.4733, 0.0383
19:37:28, 0.40, 12, 303.07, 3.38, 353.19, -0.8780, -0.0542, 0.4740, 0.0381
19:37:28, 0.40, 12, 303.00, 3.41, 353.17, -0.8777, -0.0545, 0.4745, 0.0381
19:37:28, 0.43, 13, 302.93, 3.42, 353.14, -0.8774, -0.0547, 0.4751, 0.0383
19:37:28, 0.43, 13, 302.87, 3.42, 353.16, -0.8772, -0.0547, 0.4756, 0.0382
19:37:28, 0.43, 13, 302.81, 3.43, 353.18, -0.8769, -0.0547, 0.4760, 0.0379
19:37:28, 0.47, 14, 302.74, 3.44, 353.16, -0.8766, -0.0549, 0.4765, 0.0380
19:37:28, 0.47, 14, 302.66, 3.42, 353.19, -0.8763, -0.0546, 0.4771, 0.0378
19:37:28, 0.50, 15, 302.59, 3.46, 353.23, -0.8760, -0.0548, 0.4777, 0.0373
19:37:28, 0.50, 15, 302.50, 3.49, 353.27, -0.8757, -0.0548, 0.4784, 0.0368
19:37:28, 0.53, 16, 302.41, 3.54, 353.34, -0.8753, -0.0550, 0.4791, 0.0361
19:37:28, 0.53, 16, 302.28, 3.58, 353.42, -0.8748, -0.0550, 0.4800, 0.0352
19:37:28, 0.53, 16, 302.17, 3.56, 353.49, -0.8744, -0.0546, 0.4810, 0.0347
19:37:28, 0.57, 17, 302.05, 3.57, 353.59, -0.8739, -0.0543, 0.4819, 0.0338
19:37:28, 0.57, 17, 301.90, 3.57, 353.67, -0.8733, -0.0540, 0.4831, 0.0332
19:37:28, 0.60, 18, 301.75, 3.59, 353.77, -0.8727, -0.0538, 0.4843, 0.0322
19:37:28, 0.60, 18, 301.59, 3.62, 353.86, -0.8720, -0.0537, 0.4855, 0.0313
19:37:28, 0.60, 18, 301.40, 3.69, 353.94, -0.8712, -0.0539, 0.4870, 0.0303
19:37:29, 0.63, 19, 301.27, 3.72, 354.03, -0.8707, -0.0538, 0.4880, 0.0295
19:37:29, 0.63, 19, 301.09, 3.79, 354.16, -0.8700, -0.0538, 0.4893, 0.0281
19:37:29, 0.67, 20, 300.90, 3.78, 354.25, -0.8692, -0.0533, 0.4909, 0.0273
19:37:29, 0.67, 20, 300.72, 3.80, 354.35, -0.8684, -0.0531, 0.4923, 0.0264
19:37:29, 0.70, 21, 300.58, 3.81, 354.41, -0.8678, -0.0530, 0.4934, 0.0259
19:37:29, 0.70, 21, 300.45, 3.80, 354.37, -0.8673, -0.0531, 0.4943, 0.0261
19:37:29, 0.70, 21, 300.35, 3.77, 354.31, -0.8668, -0.0532, 0.4950, 0.0267
19:37:29, 0.73, 22, 300.28, 3.78, 354.24, -0.8665, -0.0535, 0.4956, 0.0271
19:37:29, 0.73, 22, 300.20, 3.78, 354.26, -0.8662, -0.0535, 0.4962, 0.0269
19:37:29, 0.77, 23, 300.17, 3.83, 354.27, -0.8661, -0.0538, 0.4963, 0.0267
19:37:29, 0.77, 23, 300.15, 3.86, 354.28, -0.8660, -0.0540, 0.4965, 0.0264
19:37:29, 0.77, 23, 300.16, 3.88, 354.26, -0.8660, -0.0543, 0.4964, 0.0266
19:37:29, 0.80, 24, 300.19, 3.91, 354.22, -0.8661, -0.0546, 0.4962, 0.0267
19:37:29, 0.80, 24, 300.24, 3.93, 354.19, -0.8663, -0.0550, 0.4957, 0.0269
19:37:29, 0.83, 25, 300.31, 3.91, 354.12, -0.8666, -0.0551, 0.4952, 0.0275
19:37:29, 0.83, 25, 300.35, 3.90, 354.07, -0.8668, -0.0552, 0.4948, 0.0280
19:37:29, 0.87, 26, 300.41, 3.90, 354.02, -0.8670, -0.0554, 0.4944, 0.0283
19:37:29, 0.87, 26, 300.48, 3.90, 353.97, -0.8673, -0.0556, 0.4939, 0.0287
19:37:29, 0.87, 26, 300.56, 3.92, 353.94, -0.8676, -0.0558, 0.4932, 0.0289
19:37:29, 0.90, 27, 300.62, 3.95, 353.93, -0.8679, -0.0561, 0.4927, 0.0289
19:37:29, 0.90, 27, 300.67, 3.98, 353.90, -0.8681, -0.0564, 0.4923, 0.0290
19:37:29, 0.93, 28, 300.73, 3.97, 353.82, -0.8683, -0.0567, 0.4918, 0.0298
19:37:29, 0.93, 28, 300.77, 3.97, 353.74, -0.8685, -0.0570, 0.4915, 0.0304
19:37:29, 0.93, 28, 300.81, 3.97, 353.74, -0.8687, -0.0570, 0.4912, 0.0303
19:37:29, 0.97, 29, 300.87, 4.01, 353.75, -0.8689, -0.0573, 0.4908, 0.0302
19:37:29, 0.97, 29, 300.94, 4.07, 353.75, -0.8692, -0.0577, 0.4902, 0.0300
19:37:29, 1.00, 30, 300.97, 4.04, 353.70, -0.8693, -0.0577, 0.4899, 0.0305
19:37:29, 1.00, 30, 300.99, 4.00, 353.65, -0.8694, -0.0576, 0.4898, 0.0310
19:37:29, 1.03, 31, 301.01, 3.95, 353.60, -0.8695, -0.0574, 0.4896, 0.0316
19:37:29, 1.03, 31, 301.03, 3.90, 353.55, -0.8695, -0.0573, 0.4895, 0.0322
19:37:29, 1.03, 31, 301.04, 3.85, 353.54, -0.8696, -0.0569, 0.4894, 0.0325
19:37:29, 1.07, 32, 301.03, 3.83, 353.53, -0.8695, -0.0568, 0.4895, 0.0327
19:37:29, 1.07, 32, 301.02, 3.82, 353.50, -0.8695, -0.0569, 0.4896, 0.0329
19:37:29, 1.10, 33, 301.00, 3.83, 353.48, -0.8694, -0.0570, 0.4897, 0.0331
19:37:29, 1.10, 33, 300.98, 3.84, 353.42, -0.8693, -0.0574, 0.4898, 0.0335
19:37:29, 1.10, 33, 300.97, 3.84, 353.38, -0.8692, -0.0575, 0.4899, 0.0337
19:37:29, 1.13, 34, 300.97, 3.84, 353.39, -0.8692, -0.0575, 0.4899, 0.0336
19:37:29, 1.13, 34, 300.95, 3.82, 353.38, -0.8692, -0.0574, 0.4900, 0.0338
19:37:29, 1.17, 35, 300.95, 3.84, 353.35, -0.8692, -0.0577, 0.4900, 0.0340
19:37:29, 1.17, 35, 300.94, 3.82, 353.37, -0.8691, -0.0574, 0.4901, 0.0339
19:37:29, 1.20, 36, 300.97, 3.79, 353.35, -0.8692, -0.0573, 0.4899, 0.0342
19:37:29, 1.20, 36, 300.99, 3.72, 353.34, -0.8693, -0.0568, 0.4898, 0.0346
19:37:29, 1.20, 36, 300.98, 3.76, 353.33, -0.8693, -0.0572, 0.4898, 0.0345
19:37:29, 1.23, 37, 300.97, 3.85, 353.36, -0.8692, -0.0577, 0.4899, 0.0339
19:37:29, 1.23, 37, 300.99, 3.93, 353.38, -0.8693, -0.0582, 0.4897, 0.0334
19:37:29, 1.27, 38, 301.00, 3.84, 353.38, -0.8693, -0.0575, 0.4897, 0.0337
19:37:29, 1.27, 38, 301.02, 3.62, 353.39, -0.8695, -0.0558, 0.4896, 0.0347
19:37:29, 1.27, 38, 301.04, 3.57, 353.35, -0.8695, -0.0556, 0.4895, 0.0351
19:37:29, 1.30, 39, 301.13, 3.60, 353.32, -0.8699, -0.0559, 0.4888, 0.0353
19:37:29, 1.30, 39, 301.17, 3.65, 353.27, -0.8701, -0.0565, 0.4884, 0.0355
19:37:29, 1.33, 40, 301.21, 3.64, 353.28, -0.8702, -0.0564, 0.4881, 0.0355
19:37:29, 1.33, 40, 301.26, 3.65, 353.28, -0.8704, -0.0564, 0.4877, 0.0354
19:37:29, 1.37, 41, 301.30, 3.64, 353.25, -0.8706, -0.0565, 0.4874, 0.0357
19:37:29, 1.37, 41, 301.34, 3.60, 353.24, -0.8708, -0.0562, 0.4871, 0.0361
19:37:29, 1.37, 41, 301.34, 3.50, 353.20, -0.8707, -0.0556, 0.4872, 0.0368
19:37:29, 1.40, 42, 301.35, 3.45, 353.19, -0.8708, -0.0553, 0.4871, 0.0371
19:37:29, 1.40, 42, 301.39, 3.43, 353.13, -0.8710, -0.0553, 0.4868, 0.0376
19:37:29, 1.43, 43, 301.38, 3.40, 353.11, -0.8709, -0.0553, 0.4869, 0.0379
19:37:29, 1.43, 43, 301.37, 3.42, 353.09, -0.8709, -0.0555, 0.4869, 0.0380
19:37:29, 1.43, 43, 301.37, 3.43, 353.11, -0.8709, -0.0554, 0.4869, 0.0377
19:37:29, 1.47, 44, 301.41, 3.48, 353.10, -0.8710, -0.0559, 0.4866, 0.0376
19:37:29, 1.47, 44, 301.45, 3.50, 353.11, -0.8712, -0.0559, 0.4863, 0.0375
19:37:29, 1.50, 45, 301.44, 3.50, 353.12, -0.8712, -0.0559, 0.4863, 0.0374
19:37:29, 1.50, 45, 301.44, 3.51, 353.13, -0.8712, -0.0560, 0.4864, 0.0373
19:37:29, 1.53, 46, 301.43, 3.50, 353.08, -0.8711, -0.0561, 0.4864, 0.0377
19:37:29, 1.53, 46, 301.44, 3.50, 353.03, -0.8711, -0.0563, 0.4864, 0.0381
19:37:29, 1.53, 46, 301.43, 3.50, 353.03, -0.8711, -0.0563, 0.4864, 0.0380
19:37:29, 1.57, 47, 301.43, 3.51, 353.06, -0.8711, -0.0563, 0.4864, 0.0378
19:37:29, 1.57, 47, 301.41, 3.52, 353.08, -0.8710, -0.0562, 0.4866, 0.0376
19:37:29, 1.60, 48, 301.38, 3.52, 353.10, -0.8709, -0.0562, 0.4868, 0.0374
19:37:29, 1.60, 48, 301.38, 3.51, 353.11, -0.8709, -0.0561, 0.4868, 0.0374
19:37:29, 1.60, 48, 301.37, 3.51, 353.10, -0.8709, -0.0561, 0.4869, 0.0375
19:37:30, 1.63, 49, 301.37, 3.50, 353.11, -0.8708, -0.0560, 0.4869, 0.0375
19:37:30, 1.63, 49, 301.38, 3.49, 353.11, -0.8709, -0.0559, 0.4868, 0.0375
19:37:30, 1.67, 50, 301.37, 3.49, 353.11, -0.8708, -0.0559, 0.4869, 0.0375
19:37:30, 1.67, 50, 301.35, 3.48, 353.10, -0.8708, -0.0559, 0.4871, 0.0375
19:37:30, 1.70, 51, 301.34, 3.47, 353.11, -0.8707, -0.0558, 0.4872, 0.0375
19:37:30, 1.70, 51, 301.31, 3.48, 353.12, -0.8706, -0.0558, 0.4873, 0.0374
19:37:30, 1.70, 51, 301.30, 3.47, 353.11, -0.8706, -0.0558, 0.4875, 0.0375
19:37:30, 1.73, 52, 301.28, 3.42, 353.09, -0.8705, -0.0555, 0.4876, 0.0379
19:37:30, 1.73, 52, 301.26, 3.41, 353.08, -0.8704, -0.0555, 0.4878, 0.0380
19:37:30, 1.77, 53, 301.27, 3.44, 353.10, -0.8704, -0.0556, 0.4877, 0.0377
19:37:30, 1.77, 53, 301.29, 3.51, 353.11, -0.8705, -0.0561, 0.4875, 0.0374
19:37:30, 1.77, 53, 301.34, 3.59, 353.07, -0.8707, -0.0569, 0.4870, 0.0374
19:37:30, 1.80, 54, 301.37, 3.52, 353.04, -0.8708, -0.0564, 0.4868, 0.0379
19:37:30, 1.80, 54, 301.39, 3.49, 353.04, -0.8709, -0.0562, 0.4867, 0.0381
19:37:30, 1.83, 55, 301.40, 3.47, 353.07, -0.8710, -0.0559, 0.4867, 0.0379
19:37:30, 1.83, 55, 301.40, 3.50, 353.10, -0.8710, -0.0560, 0.4867, 0.0376
19:37:30, 1.87, 56, 301.41, 3.52, 353.15, -0.8710, -0.0560, 0.4866, 0.0371
19:37:30, 1.87, 56, 301.39, 3.57, 353.13, -0.8710, -0.0564, 0.4867, 0.0370
19:37:30, 1.87, 56, 301.42, 3.59, 353.09, -0.8711, -0.0567, 0.4864, 0.0373
19:37:30, 1.90, 57, 301.47, 3.60, 352.99, -0.8712, -0.0572, 0.4860, 0.0380
19:37:30, 1.90, 57, 301.54, 3.60, 352.94, -0.8715, -0.0574, 0.4854, 0.0384
19:37:30, 1.93, 58, 301.56, 3.57, 352.96, -0.8716, -0.0571, 0.4853, 0.0384
19:37:30, 1.93, 58, 301.59, 3.59, 352.99, -0.8717, -0.0571, 0.4851, 0.0381
19:37:30, 1.93, 58, 301.61, 3.60, 353.00, -0.8718, -0.0572, 0.4850, 0.0380
19:37:30, 1.97, 59, 301.64, 3.63, 352.96, -0.8720, -0.0575, 0.4847, 0.0382
19:37:30, 1.97, 59, 301.64, 3.66, 352.98, -0.8719, -0.0577, 0.4847, 0.0379
19:37:30, 2.00, 60, 301.67, 3.72, 352.97, -0.8721, -0.0582, 0.4844, 0.0377
19:37:30, 2.00, 60, 301.69, 3.72, 352.93, -0.8722, -0.0583, 0.4842, 0.0381
19:37:30, 2.03, 61, 301.67, 3.75, 352.92, -0.8721, -0.0586, 0.4844, 0.0380
19:37:30, 2.03, 61, 301.62, 3.79, 352.95, -0.8719, -0.0588, 0.4847, 0.0376
19:37:30, 2.03, 61, 301.61, 3.82, 352.99, -0.8718, -0.0588, 0.4848, 0.0371
19:37:30, 2.07, 62, 301.57, 3.88, 352.96, -0.8716, -0.0595, 0.4851, 0.0370
19:37:30, 2.07, 62, 301.53, 3.89, 352.94, -0.8715, -0.0596, 0.4853, 0.0371
19:37:30, 2.10, 63, 301.47, 3.96, 352.98, -0.8712, -0.0600, 0.4858, 0.0365
19:37:30, 2.10, 63, 301.42, 3.96, 353.00, -0.8711, -0.0599, 0.4862, 0.0363
19:37:30, 2.10, 63, 301.35, 3.93, 353.05, -0.8708, -0.0595, 0.4868, 0.0360
19:37:30, 2.13, 64, 301.31, 3.93, 353.02, -0.8706, -0.0596, 0.4870, 0.0363
19:37:30, 2.13, 64, 301.30, 3.91, 353.00, -0.8705, -0.0596, 0.4872, 0.0364
19:37:30, 2.17, 65, 301.27, 3.94, 353.01, -0.8704, -0.0598, 0.4874, 0.0363
19:37:30, 2.17, 65, 301.22, 3.99, 353.03, -0.8702, -0.0601, 0.4877, 0.0359
19:37:30, 2.20, 66, 301.17, 4.04, 353.05, -0.8700, -0.0604, 0.4880, 0.0354
19:37:30, 2.20, 66, 301.19, 4.11, 353.03, -0.8701, -0.0610, 0.4879, 0.0353
19:37:30, 2.20, 66, 301.17, 4.16, 353.04, -0.8700, -0.0614, 0.4880, 0.0350
19:37:30, 2.23, 67, 301.19, 4.20, 353.05, -0.8701, -0.0616, 0.4878, 0.0348
19:37:30, 2.23, 67, 301.20, 4.25, 353.05, -0.8701, -0.0620, 0.4877, 0.0346
19:37:30, 2.27, 68, 301.22, 4.27, 353.02, -0.8702, -0.0623, 0.4876, 0.0347
19:37:30, 2.27, 68, 301.25, 4.32, 353.02, -0.8703, -0.0626, 0.4873, 0.0346
19:37:30, 2.27, 68, 301.28, 4.36, 353.00, -0.8704, -0.0630, 0.4870, 0.0346
19:37:30, 2.30, 69, 301.30, 4.37, 352.99, -0.8705, -0.0631, 0.4868, 0.0346
19:37:30, 2.30, 69, 301.31, 4.38, 352.96, -0.8706, -0.0634, 0.4867, 0.0348
19:37:30, 2.33, 70, 301.32, 4.40, 352.95, -0.8706, -0.0635, 0.4867, 0.0348
19:37:30, 2.33, 70, 301.33, 4.42, 352.93, -0.8706, -0.0638, 0.4866, 0.0348
19:37:30, 2.37, 71, 301.33, 4.44, 352.94, -0.8706, -0.0639, 0.4865, 0.0347
19:37:30, 2.37, 71, 301.34, 4.48, 352.94, -0.8707, -0.0642, 0.4864, 0.0345
19:37:30, 2.37, 71, 301.34, 4.49, 352.95, -0.8707, -0.0642, 0.4864, 0.0344
19:37:30, 2.40, 72, 301.34, 4.49, 352.95, -0.8707, -0.0642, 0.4864, 0.0345
19:37:30, 2.40, 72, 301.31, 4.49, 352.95, -0.8706, -0.0642, 0.4866, 0.0344
19:37:30, 2.43, 73, 301.28, 4.50, 352.93, -0.8704, -0.0643, 0.4868, 0.0345
19:37:30, 2.43, 73, 301.24, 4.52, 352.90, -0.8702, -0.0647, 0.4871, 0.0346
19:37:30, 2.43, 73, 301.18, 4.53, 352.90, -0.8700, -0.0648, 0.4876, 0.0345
19:37:30, 2.47, 74, 301.14, 4.54, 352.89, -0.8698, -0.0649, 0.4879, 0.0346
19:37:30, 2.47, 74, 301.10, 4.56, 352.91, -0.8697, -0.0650, 0.4882, 0.0343
19:37:30, 2.50, 75, 301.05, 4.58, 352.96, -0.8694, -0.0649, 0.4886, 0.0338
19:37:30, 2.50, 75, 300.97, 4.58, 353.01, -0.8691, -0.0647, 0.4892, 0.0334
19:37:30, 2.53, 76, 300.92, 4.61, 353.05, -0.8689, -0.0648, 0.4896, 0.0329
19:37:30, 2.53, 76, 300.85, 4.60, 353.04, -0.8686, -0.0648, 0.4901, 0.0330
19:37:30, 2.53, 76, 300.80, 4.61, 353.00, -0.8684, -0.0651, 0.4905, 0.0332
19:37:30, 2.57, 77, 300.77, 4.61, 352.98, -0.8682, -0.0651, 0.4907, 0.0333
19:37:30, 2.57, 77, 300.76, 4.61, 353.02, -0.8682, -0.0650, 0.4908, 0.0331
19:37:30, 2.60, 78, 300.70, 4.61, 353.10, -0.8680, -0.0647, 0.4913, 0.0324
19:37:30, 2.60, 78, 300.68, 4.63, 353.16, -0.8679, -0.0645, 0.4915, 0.0318
19:37:30, 2.60, 78, 300.64, 4.64, 353.21, -0.8678, -0.0644, 0.4918, 0.0314
19:37:31, 2.63, 79, 300.61, 4.62, 353.23, -0.8676, -0.0642, 0.4921, 0.0313
19:37:31, 2.63, 79, 300.56, 4.61, 353.27, -0.8674, -0.0639, 0.4925, 0.0311
19:37:31, 2.67, 80, 300.52, 4.59, 353.28, -0.8673, -0.0638, 0.4928, 0.0310
19:37:31, 2.67, 80, 300.50, 4.57, 353.30, -0.8672, -0.0635, 0.4930, 0.0309
19:37:31, 2.70, 81, 300.43, 4.55, 353.33, -0.8669, -0.0633, 0.4935, 0.0307
19:37:31, 2.70, 81, 300.39, 4.54, 353.37, -0.8667, -0.0630, 0.4939, 0.0304
19:37:31, 2.70, 81, 300.31, 4.55, 353.41, -0.8664, -0.0629, 0.4944, 0.0301
19:37:31, 2.73, 82, 300.27, 4.53, 353.39, -0.8662, -0.0629, 0.4948, 0.0303
19:37:31, 2.73, 82, 300.20, 4.52, 353.41, -0.8659, -0.0628, 0.4953, 0.0301
19:37:31, 2.77, 83, 300.14, 4.51, 353.48, -0.8657, -0.0624, 0.4958, 0.0296
19:37:31, 2.77, 83, 300.05, 4.48, 353.50, -0.8653, -0.0621, 0.4965, 0.0296
19:37:31, 2.77, 83, 299.98, 4.46, 353.49, -0.8650, -0.0620, 0.4970, 0.0297
19:37:31, 2.80, 84, 299.90, 4.46, 353.48, -0.8647, -0.0621, 0.4976, 0.0298
19:37:31, 2.80, 84, 299.81, 4.43, 353.50, -0.8643, -0.0618, 0.4983, 0.0297
19:37:31, 2.83, 85, 299.72, 4.41, 353.51, -0.8639, -0.0616, 0.4991, 0.0297
19:37:31, 2.83, 85, 299.63, 4.39, 353.54, -0.8635, -0.0614, 0.4998, 0.0294
19:37:31, 2.87, 86, 299.52, 4.38, 353.56, -0.8630, -0.0612, 0.5006, 0.0292
19:37:31, 2.87, 86, 299.42, 4.38, 353.55, -0.8626, -0.0613, 0.5014, 0.0293
19:37:31, 2.87, 86, 299.31, 4.35, 353.55, -0.8621, -0.0611, 0.5022, 0.0294
19:37:31, 2.90, 87, 299.21, 4.34, 353.54, -0.8617, -0.0610, 0.5029, 0.0294
19:37:31, 2.90, 87, 299.12, 4.26, 353.58, -0.8613, -0.0603, 0.5037, 0.0295
19:37:31, 2.93, 88, 298.98, 4.10, 353.64, -0.8607, -0.0589, 0.5049, 0.0296
19:37:31, 2.93, 88, 298.78, 3.93, 353.77, -0.8598, -0.0571, 0.5065, 0.0293
19:37:31, 2.93, 88, 298.55, 3.86, 353.89, -0.8588, -0.0561, 0.5083, 0.0287
19:37:31, 2.97, 89, 298.31, 3.87, 353.95, -0.8578, -0.0560, 0.5102, 0.0280
19:37:31, 2.97, 89, 298.14, 3.90, 353.98, -0.8570, -0.0562, 0.5115, 0.0275
19:37:31, 3.00, 90, 297.97, 3.82, 353.99, -0.8563, -0.0555, 0.5127, 0.0278
19:37:31, 3.00, 90, 297.83, 3.67, 353.98, -0.8557, -0.0545, 0.5139, 0.0284
19:37:31, 3.03, 91, 297.65, 3.61, 353.99, -0.8549, -0.0540, 0.5153, 0.0285
19:37:31, 3.03, 91, 297.49, 3.72, 354.01, -0.8541, -0.0548, 0.5164, 0.0279
19:37:31, 3.03, 91, 297.35, 3.89, 354.01, -0.8535, -0.0561, 0.5174, 0.0270
19:37:31, 3.07, 92, 297.25, 3.92, 354.03, -0.8530, -0.0562, 0.5181, 0.0266
19:37:31, 3.07, 92, 297.13, 3.91, 354.08, -0.8525, -0.0560, 0.5190, 0.0263
19:37:31, 3.10, 93, 297.11, 3.91, 354.11, -0.8524, -0.0558, 0.5192, 0.0261
19:37:31, 3.10, 93, 297.09, 3.96, 354.12, -0.8523, -0.0562, 0.5193, 0.0257
19:37:31, 3.10, 93, 297.07, 4.00, 354.18, -0.8523, -0.0562, 0.5195, 0.0251
19:37:31, 3.13, 94, 297.07, 4.02, 354.20, -0.8523, -0.0563, 0.5195, 0.0249
19:37:31, 3.13, 94, 297.10, 4.01, 354.26, -0.8524, -0.0560, 0.5193, 0.0245
19:37:31, 3.17, 95, 297.10, 3.98, 354.30, -0.8524, -0.0555, 0.5193, 0.0243
19:37:31, 3.17, 95, 297.10, 3.96, 354.34, -0.8524, -0.0552, 0.5193, 0.0241
19:37:31, 3.20, 96, 297.10, 3.92, 354.33, -0.8525, -0.0549, 0.5193, 0.0243
19:37:31, 3.20, 96, 297.06, 3.90, 354.31, -0.8523, -0.0549, 0.5197, 0.0245
19:37:31, 3.20, 96, 297.08, 3.87, 354.26, -0.8523, -0.0549, 0.5195, 0.0251
19:37:31, 3.23, 97, 297.08, 3.85, 354.25, -0.8523, -0.0548, 0.5195, 0.0252
19:37:31, 3.23, 97, 297.06, 3.86, 354.26, -0.8522, -0.0548, 0.5196, 0.0251
19:37:31, 3.27, 98, 297.05, 3.86, 354.27, -0.8522, -0.0548, 0.5197, 0.0250
19:37:31, 3.27, 98, 297.04, 3.88, 354.28, -0.8521, -0.0549, 0.5198, 0.0249
19:37:31, 3.30, 99, 297.03, 3.89, 354.28, -0.8521, -0.0549, 0.5199, 0.0248
19:37:31, 3.30, 99, 297.04, 3.88, 354.28, -0.8521, -0.0549, 0.5198, 0.0249
19:37:31, 3.30, 99, 297.05, 3.87, 354.27, -0.8522, -0.0549, 0.5197, 0.0250
19:37:31, 3.33, 100, 297.06, 3.85, 354.26, -0.8522, -0.0547, 0.5197, 0.0252
19:37:31, 3.33, 100, 297.08, 3.82, 354.27, -0.8523, -0.0545, 0.5196, 0.0252
19:37:31, 3.37, 101, 297.10, 3.77, 354.30, -0.8524, -0.0540, 0.5195, 0.0253
19:37:31, 3.37, 101, 297.09, 3.76, 354.30, -0.8524, -0.0539, 0.5195, 0.0253
19:37:31, 3.37, 101, 297.12, 3.76, 354.28, -0.8525, -0.0540, 0.5193, 0.0255
19:37:31, 3.40, 102, 297.14, 3.77, 354.26, -0.8526, -0.0541, 0.5191, 0.0256
19:37:31, 3.40, 102, 297.15, 3.75, 354.28, -0.8526, -0.0539, 0.5191, 0.0255
19:37:31, 3.43, 103, 297.16, 3.78, 354.31, -0.8527, -0.0539, 0.5190, 0.0251
19:37:31, 3.43, 103, 297.17, 3.80, 354.30, -0.8527, -0.0542, 0.5189, 0.0251
19:37:31, 3.43, 103, 297.18, 3.79, 354.26, -0.8528, -0.0543, 0.5188, 0.0255
19:37:31, 3.47, 104, 297.22, 3.78, 354.24, -0.8529, -0.0543, 0.5185, 0.0257
19:37:31, 3.47, 104, 297.24, 3.76, 354.24, -0.8531, -0.0541, 0.5183, 0.0258
19:37:31, 3.50, 105, 297.24, 3.75, 354.26, -0.8530, -0.0539, 0.5184, 0.0257
19:37:31, 3.50, 105, 297.26, 3.80, 354.23, -0.8532, -0.0545, 0.5182, 0.0258
19:37:31, 3.53, 106, 297.27, 3.78, 354.23, -0.8532, -0.0543, 0.5181, 0.0258
19:37:31, 3.53, 106, 297.30, 3.81, 354.18, -0.8533, -0.0548, 0.5179, 0.0260
19:37:31, 3.53, 106, 297.34, 3.83, 354.19, -0.8535, -0.0548, 0.5176, 0.0259
19:37:31, 3.57, 107, 297.36, 3.81, 354.15, -0.8536, -0.0549, 0.5174, 0.0263
19:37:31, 3.57, 107, 297.39, 3.82, 354.14, -0.8537, -0.0550, 0.5172, 0.0264
19:37:31, 3.60, 108, 297.39, 3.82, 354.11, -0.8537, -0.0551, 0.5172, 0.0266
19:37:31, 3.60, 108, 297.43, 3.80, 354.09, -0.8539, -0.0550, 0.5169, 0.0268
19:37:31, 3.60, 108, 297.47, 3.80, 354.09, -0.8541, -0.0550, 0.5166, 0.0269
19:37:32, 3.63, 109, 297.49, 3.83, 354.05, -0.8541, -0.0554, 0.5164, 0.0270
19:37:32, 3.63, 109, 297.54, 3.81, 354.03, -0.8543, -0.0553, 0.5160, 0.0273
19:37:32, 3.67, 110, 297.58, 3.79, 354.02, -0.8545, -0.0553, 0.5157, 0.0275
19:37:32, 3.67, 110, 297.61, 3.80, 354.02, -0.8547, -0.0553, 0.5155, 0.0274
19:37:32, 3.70, 111, 297.64, 3.79, 354.00, -0.8548, -0.0553, 0.5152, 0.0276
19:37:32, 3.70, 111, 297.66, 3.78, 354.00, -0.8549, -0.0553, 0.5151, 0.0277
19:37:32, 3.70, 111, 297.68, 3.77, 353.99, -0.8550, -0.0552, 0.5150, 0.0278
19:37:32, 3.73, 112, 297.72, 3.74, 353.98, -0.8552, -0.0550, 0.5147, 0.0281
19:37:32, 3.73, 112, 297.71, 3.73, 353.98, -0.8551, -0.0550, 0.5148, 0.0281
19:37:32, 3.77, 113, 297.70, 3.73, 353.96, -0.8551, -0.0550, 0.5148, 0.0283
19:37:32, 3.77, 113, 297.71, 3.71, 353.93, -0.8551, -0.0550, 0.5148, 0.0286
19:37:32, 3.77, 113, 297.71, 3.73, 353.94, -0.8551, -0.0551, 0.5147, 0.0284
19:37:32, 3.80, 114, 297.70, 3.74, 353.94, -0.8551, -0.0552, 0.5148, 0.0284
19:37:32, 3.80, 114, 297.71, 3.74, 353.94, -0.8551, -0.0552, 0.5147, 0.0284
19:37:32, 3.83, 115, 297.71, 3.73, 353.93, -0.8551, -0.0552, 0.5147, 0.0285
19:37:32, 3.83, 115, 297.73, 3.71, 353.95, -0.8552, -0.0550, 0.5146, 0.0284
19:37:32, 3.87, 116, 297.72, 3.69, 353.94, -0.8552, -0.0548, 0.5147, 0.0286
19:37:32, 3.87, 116, 297.73, 3.65, 353.94, -0.8552, -0.0545, 0.5146, 0.0288
19:37:32, 3.87, 116, 297.73, 3.65, 353.94, -0.8552, -0.0546, 0.5146, 0.0288
19:37:32, 3.90, 117, 297.74, 3.64, 353.93, -0.8552, -0.0545, 0.5146, 0.0289
19:37:32, 3.90, 117, 297.73, 3.63, 353.93, -0.8552, -0.0544, 0.5146, 0.0289
19:37:32, 3.93, 118, 297.74, 3.63, 353.93, -0.8552, -0.0545, 0.5145, 0.0289
19:37:32, 3.93, 118, 297.75, 3.66, 353.93, -0.8553, -0.0546, 0.5145, 0.0289
19:37:32, 3.93, 118, 297.77, 3.65, 353.91, -0.8554, -0.0547, 0.5143, 0.0290
19:37:32, 3.97, 119, 297.76, 3.65, 353.91, -0.8553, -0.0546, 0.5144, 0.0290
19:37:32, 3.97, 119, 297.75, 3.61, 353.94, -0.8553, -0.0543, 0.5145, 0.0290
19:37:32, 4.00, 120, 297.70, 3.54, 353.97, -0.8551, -0.0536, 0.5149, 0.0290
19:37:32, 4.00, 120, 297.70, 3.40, 353.91, -0.8550, -0.0528, 0.5150, 0.0301
19:37:32, 4.03, 121, 297.70, 3.18, 353.75, -0.8550, -0.0519, 0.5151, 0.0323
19:37:32, 4.03, 121, 297.67, 2.85, 353.49, -0.8548, -0.0506, 0.5153, 0.0357
19:37:32, 4.03, 121, 297.58, 2.44, 353.27, -0.8542, -0.0486, 0.5161, 0.0392
19:37:32, 4.07, 122, 297.50, 2.05, 353.11, -0.8538, -0.0464, 0.5168, 0.0421
19:37:32, 4.07, 122, 297.42, 1.77, 353.04, -0.8533, -0.0447, 0.5176, 0.0438
19:37:32, 4.10, 123, 297.42, 1.59, 353.01, -0.8533, -0.0434, 0.5176, 0.0449
19:37:32, 4.10, 123, 297.44, 1.54, 353.04, -0.8534, -0.0429, 0.5175, 0.0449
19:37:32, 4.10, 123, 297.49, 1.52, 353.08, -0.8537, -0.0426, 0.5171, 0.0447
19:37:32, 4.13, 124, 297.60, 1.47, 353.13, -0.8541, -0.0420, 0.5164, 0.0446
19:37:32, 4.13, 124, 297.72, 1.38, 353.15, -0.8547, -0.0411, 0.5155, 0.0449
19:37:32, 4.17, 125, 297.87, 1.33, 353.22, -0.8554, -0.0404, 0.5145, 0.0447
19:37:32, 4.17, 125, 298.04, 1.30, 353.26, -0.8562, -0.0399, 0.5132, 0.0446
19:37:32, 4.20, 126, 298.23, 1.31, 353.32, -0.8570, -0.0397, 0.5118, 0.0441
19:37:32, 4.20, 126, 298.43, 1.33, 353.34, -0.8579, -0.0397, 0.5104, 0.0439
19:37:32, 4.20, 126, 298.65, 1.37, 353.38, -0.8589, -0.0397, 0.5087, 0.0436
19:37:32, 4.23, 127, 298.90, 1.36, 353.39, -0.8600, -0.0395, 0.5068, 0.0436
19:37:32, 4.23, 127, 299.14, 1.38, 353.44, -0.8611, -0.0394, 0.5050, 0.0432
19:37:32, 4.27, 128, 299.37, 1.39, 353.45, -0.8621, -0.0393, 0.5033, 0.0432
19:37:32, 4.27, 128, 299.60, 1.38, 353.40, -0.8631, -0.0393, 0.5015, 0.0437
19:37:32, 4.30, 129, 299.84, 1.37, 353.38, -0.8642, -0.0393, 0.4997, 0.0439
19:37:32, 4.30, 129, 300.08, 1.37, 353.42, -0.8652, -0.0390, 0.4979, 0.0438
19:37:32, 4.30, 129, 300.32, 1.34, 353.43, -0.8663, -0.0387, 0.4962, 0.0439
19:37:32, 4.33, 130, 300.53, 1.36, 353.41, -0.8672, -0.0388, 0.4945, 0.0440
19:37:32, 4.33, 130, 300.76, 1.37, 353.41, -0.8682, -0.0388, 0.4928, 0.0441
19:37:32, 4.37, 131, 300.99, 1.40, 353.40, -0.8692, -0.0390, 0.4910, 0.0441
19:37:32, 4.37, 131, 301.20, 1.41, 353.33, -0.8700, -0.0392, 0.4894, 0.0446
19:37:32, 4.37, 131, 301.39, 1.46, 353.32, -0.8708, -0.0396, 0.4880, 0.0445
19:37:32, 4.40, 132, 301.58, 1.46, 353.27, -0.8716, -0.0398, 0.4864, 0.0450
19:37:32, 4.40, 132, 301.74, 1.47, 353.28, -0.8723, -0.0397, 0.4853, 0.0450
19:37:32, 4.43, 133, 301.93, 1.52, 353.25, -0.8731, -0.0401, 0.4838, 0.0450
19:37:32, 4.43, 133, 302.15, 1.52, 353.21, -0.8740, -0.0403, 0.4821, 0.0454
19:37:32, 4.43, 133, 302.34, 1.54, 353.17, -0.8748, -0.0405, 0.4806, 0.0457
19:37:32, 4.47, 134, 302.50, 1.54, 353.14, -0.8755, -0.0406, 0.4794, 0.0460
19:37:32, 4.47, 134, 302.66, 1.54, 353.10, -0.8761, -0.0406, 0.4781, 0.0464
19:37:32, 4.50, 135, 302.83, 1.48, 353.05, -0.8768, -0.0403, 0.4769, 0.0471
19:37:32, 4.50, 135, 302.97, 1.47, 353.02, -0.8774, -0.0403, 0.4758, 0.0474
19:37:32, 4.53, 136, 303.11, 1.48, 353.02, -0.8779, -0.0404, 0.4747, 0.0474
19:37:32, 4.53, 136, 303.24, 1.50, 352.97, -0.8785, -0.0406, 0.4737, 0.0477
19:37:32, 4.53, 136, 303.34, 1.50, 352.94, -0.8788, -0.0407, 0.4729, 0.0480
19:37:32, 4.57, 137, 303.45, 1.51, 352.91, -0.8793, -0.0408, 0.4720, 0.0483
19:37:32, 4.57, 137, 303.53, 1.52, 352.84, -0.8796, -0.0412, 0.4714, 0.0487
19:37:32, 4.60, 138, 303.59, 1.52, 352.83, -0.8799, -0.0412, 0.4709, 0.0488
19:37:32, 4.60, 138, 303.64, 1.56, 352.84, -0.8801, -0.0415, 0.4705, 0.0486
19:37:32, 4.60, 138, 303.69, 1.61, 352.84, -0.8803, -0.0418, 0.4701, 0.0485
19:37:33, 4.63, 139, 303.71, 1.68, 352.81, -0.8804, -0.0424, 0.4699, 0.0484
19:37:33, 4.63, 139, 303.73, 1.73, 352.83, -0.8804, -0.0427, 0.4698, 0.0480
19:37:33, 4.67, 140, 303.75, 1.75, 352.84, -0.8806, -0.0429, 0.4696, 0.0479
19:37:33, 4.67, 140, 303.74, 1.83, 352.84, -0.8805, -0.0435, 0.4696, 0.0476
19:37:33, 4.70, 141, 303.76, 1.88, 352.85, -0.8806, -0.0438, 0.4695, 0.0473
19:37:33, 4.70, 141, 303.74, 1.95, 352.86, -0.8805, -0.0443, 0.4696, 0.0469
19:37:33, 4.70, 141, 303.76, 2.04, 352.86, -0.8806, -0.0451, 0.4693, 0.0465
19:37:33, 4.73, 142, 303.74, 2.13, 352.88, -0.8806, -0.0456, 0.4694, 0.0460
19:37:33, 4.73, 142, 303.75, 2.24, 352.91, -0.8806, -0.0464, 0.4694, 0.0454
19:37:33, 4.77, 143, 303.73, 2.32, 352.95, -0.8806, -0.0468, 0.4695, 0.0447
19:37:33, 4.77, 143, 303.70, 2.40, 352.97, -0.8805, -0.0474, 0.4696, 0.0442
19:37:33, 4.77, 143, 303.65, 2.44, 352.98, -0.8803, -0.0476, 0.4700, 0.0439
19:37:33, 4.80, 144, 303.61, 2.49, 353.00, -0.8801, -0.0479, 0.4703, 0.0435
19:37:33, 4.80, 144, 303.61, 2.54, 353.02, -0.8801, -0.0483, 0.4703, 0.0432
19:37:33, 4.83, 145, 303.62, 2.62, 353.01, -0.8802, -0.0489, 0.4702, 0.0429
19:37:33, 4.83, 145, 303.61, 2.68, 352.98, -0.8801, -0.0495, 0.4702, 0.0429
19:37:33, 4.87, 146, 303.63, 2.66, 352.99, -0.8802, -0.0493, 0.4701, 0.0429
19:37:33, 4.87, 146, 303.62, 2.69, 353.01, -0.8802, -0.0494, 0.4701, 0.0427
19:37:33, 4.87, 146, 303.60, 2.72, 353.04, -0.8801, -0.0496, 0.4703, 0.0423
19:37:33, 4.90, 147, 303.57, 2.74, 353.06, -0.8800, -0.0496, 0.4705, 0.0420
19:37:33, 4.90, 147, 303.57, 2.78, 353.05, -0.8800, -0.0499, 0.4705, 0.0419
19:37:33, 4.93, 148, 303.59, 2.76, 353.01, -0.8801, -0.0500, 0.4703, 0.0424
19:37:33, 4.93, 148, 303.63, 2.77, 352.96, -0.8802, -0.0502, 0.4700, 0.0427
19:37:33, 4.93, 148, 303.67, 2.76, 352.99, -0.8804, -0.0500, 0.4697, 0.0426
19:37:33, 4.97, 149, 303.70, 2.78, 353.07, -0.8805, -0.0498, 0.4695, 0.0418
19:37:33, 4.97, 149, 303.72, 2.78, 353.14, -0.8806, -0.0496, 0.4694, 0.0413
19:37:33, 5.00, 150, 303.74, 2.82, 353.19, -0.8807, -0.0497, 0.4692, 0.0408
19:37:33, 5.00, 150, 303.76, 2.83, 353.20, -0.8808, -0.0497, 0.4691, 0.0407
19:37:33, 5.03, 151, 303.79, 2.84, 353.20, -0.8810, -0.0497, 0.4688, 0.0407
19:37:33, 5.03, 151, 303.83, 2.81, 353.19, -0.8811, -0.0495, 0.4686, 0.0409
19:37:33, 5.03, 151, 303.86, 2.80, 353.18, -0.8812, -0.0495, 0.4683, 0.0410
19:37:33, 5.07, 152, 303.89, 2.76, 353.21, -0.8814, -0.0490, 0.4681, 0.0409
19:37:33, 5.07, 152, 303.93, 2.72, 353.23, -0.8815, -0.0487, 0.4678, 0.0410
19:37:33, 5.10, 153, 303.96, 2.71, 353.21, -0.8817, -0.0486, 0.4676, 0.0412
19:37:33, 5.10, 153, 303.98, 2.65, 353.22, -0.8817, -0.0482, 0.4675, 0.0414
19:37:33, 5.10, 153, 304.01, 2.63, 353.19, -0.8818, -0.0481, 0.4672, 0.0416
19:37:33, 5.13, 154, 304.04, 2.60, 353.21, -0.8820, -0.0478, 0.4670, 0.0417
19:37:33, 5.13, 154, 304.07, 2.60, 353.23, -0.8821, -0.0477, 0.4668, 0.0415
19:37:33, 5.17, 155, 304.09, 2.64, 353.21, -0.8822, -0.0481, 0.4666, 0.0415
19:37:33, 5.17, 155, 304.14, 2.66, 353.13, -0.8823, -0.0486, 0.4662, 0.0421
19:37:33, 5.20, 156, 304.18, 2.69, 353.06, -0.8825, -0.0490, 0.4658, 0.0425
19:37:33, 5.20, 156, 304.24, 2.73, 353.04, -0.8827, -0.0494, 0.4654, 0.0425
19:37:33, 5.20, 156, 304.29, 2.78, 353.01, -0.8829, -0.0499, 0.4649, 0.0426
19:37:33, 5.23, 157, 304.33, 2.89, 352.94, -0.8831, -0.0510, 0.4645, 0.0426
19:37:33, 5.23, 157, 304.37, 3.00, 352.92, -0.8832, -0.0519, 0.4642, 0.0424
19:37:33, 5.27, 158, 304.43, 3.07, 352.88, -0.8834, -0.0526, 0.4636, 0.0424
19:37:33, 5.27, 158, 304.45, 3.14, 352.86, -0.8835, -0.0532, 0.4634, 0.0424
19:37:33, 5.30, 159, 304.49, 3.22, 352.85, -0.8837, -0.0538, 0.4630, 0.0421
19:37:33, 5.30, 159, 304.55, 3.21, 352.84, -0.8839, -0.0538, 0.4626, 0.0423
19:37:33, 5.30, 159, 304.60, 3.21, 352.85, -0.8841, -0.0538, 0.4622, 0.0422
19:37:33, 5.33, 160, 304.62, 3.28, 352.84, -0.8842, -0.0543, 0.4620, 0.0420
19:37:33, 5.33, 160, 304.63, 3.32, 352.86, -0.8843, -0.0545, 0.4619, 0.0417
19:37:33, 5.37, 161, 304.63, 3.32, 352.95, -0.8843, -0.0541, 0.4620, 0.0410
19:37:33, 5.37, 161, 304.62, 3.34, 352.98, -0.8843, -0.0542, 0.4620, 0.0406
19:37:33, 5.37, 161, 304.63, 3.33, 353.03, -0.8843, -0.0539, 0.4620, 0.0403
19:37:33, 5.40, 162, 304.56, 3.38, 353.05, -0.8840, -0.0542, 0.4625, 0.0399
19:37:33, 5.40, 162, 304.54, 3.42, 353.07, -0.8840, -0.0545, 0.4626, 0.0396
19:37:33, 5.43, 163, 304.50, 3.45, 353.06, -0.8838, -0.0547, 0.4629, 0.0396
19:37:33, 5.43, 163, 304.46, 3.49, 353.10, -0.8836, -0.0549, 0.4633, 0.0391
19:37:33, 5.43, 163, 304.43, 3.50, 353.12, -0.8836, -0.0549, 0.4635, 0.0388
19:37:33, 5.47, 164, 304.38, 3.51, 353.15, -0.8834, -0.0549, 0.4639, 0.0386
19:37:33, 5.47, 164, 304.35, 3.49, 353.19, -0.8832, -0.0546, 0.4642, 0.0383
19:37:33, 5.50, 165, 304.31, 3.54, 353.20, -0.8831, -0.0549, 0.4644, 0.0381
19:37:33, 5.50, 165, 304.28, 3.56, 353.22, -0.8830, -0.0551, 0.4647, 0.0377
19:37:33, 5.53, 166, 304.24, 3.63, 353.22, -0.8828, -0.0556, 0.4649, 0.0375
19:37:33, 5.53, 166, 304.21, 3.68, 353.24, -0.8827, -0.0559, 0.4651, 0.0370
19:37:33, 5.53, 166, 304.18, 3.74, 353.24, -0.8826, -0.0564, 0.4654, 0.0368
19:37:33, 5.57, 167, 304.15, 3.81, 353.27, -0.8825, -0.0568, 0.4655, 0.0363
19:37:33, 5.57, 167, 304.11, 3.90, 353.32, -0.8823, -0.0573, 0.4658, 0.0355
19:37:33, 5.60, 168, 304.07, 3.96, 353.34, -0.8822, -0.0577, 0.4661, 0.0351
19:37:33, 5.60, 168, 304.06, 4.03, 353.32, -0.8821, -0.0583, 0.4661, 0.0350
19:37:33, 5.60, 168, 304.06, 4.08, 353.34, -0.8821, -0.0586, 0.4661, 0.0346
19:37:34, 5.63, 169, 304.05, 4.09, 353.35, -0.8821, -0.0587, 0.4661, 0.0345
19:37:34, 5.63, 169, 304.09, 4.13, 353.36, -0.8822, -0.0589, 0.4659, 0.0342
19:37:34, 5.67, 170, 304.07, 4.19, 353.37, -0.8822, -0.0593, 0.4659, 0.0339
19:37:34, 5.67, 170, 304.07, 4.30, 353.44, -0.8822, -0.0599, 0.4660, 0.0330
19:37:34, 5.70, 171, 304.05, 4.35, 353.46, -0.8821, -0.0602, 0.4661, 0.0326
19:37:34, 5.70, 171, 304.07, 4.42, 353.48, -0.8822, -0.0606, 0.4659, 0.0322
19:37:34, 5.70, 171, 304.07, 4.50, 353.48, -0.8822, -0.0612, 0.4658, 0.0318
19:37:34, 5.73, 172, 304.11, 4.54, 353.47, -0.8823, -0.0616, 0.4655, 0.0317
19:37:34, 5.73, 172, 304.12, 4.59, 353.46, -0.8824, -0.0620, 0.4654, 0.0316
19:37:34, 5.77, 173, 304.11, 4.63, 353.44, -0.8823, -0.0624, 0.4654, 0.0316
19:37:34, 5.77, 173, 304.16, 4.68, 353.44, -0.8825, -0.0628, 0.4651, 0.0314
19:37:34, 5.77, 173, 304.19, 4.71, 353.43, -0.8826, -0.0631, 0.4647, 0.0314
19:37:34, 5.80, 174, 304.23, 4.73, 353.40, -0.8828, -0.0633, 0.4645, 0.0316
19:37:34, 5.80, 174, 304.28, 4.78, 353.35, -0.8830, -0.0639, 0.4640, 0.0318
19:37:34, 5.83, 175, 304.32, 4.78, 353.32, -0.8831, -0.0640, 0.4636, 0.0320
19:37:34, 5.83, 175, 304.35, 4.75, 353.32, -0.8833, -0.0637, 0.4634, 0.0322
19:37:34, 5.87, 176, 304.39, 4.71, 353.30, -0.8834, -0.0635, 0.4631, 0.0325
19:37:34, 5.87, 176, 304.46, 4.71, 353.23, -0.8837, -0.0637, 0.4625, 0.0331
19:37:34, 5.87, 176, 304.58, 4.72, 353.18, -0.8842, -0.0641, 0.4616, 0.0335
19:37:34, 5.90, 177, 304.73, 4.72, 353.14, -0.8847, -0.0642, 0.4604, 0.0339
19:37:34, 5.90, 177, 304.88, 4.72, 353.10, -0.8853, -0.0643, 0.4592, 0.0343
19:37:34, 5.93, 178, 305.03, 4.72, 353.06, -0.8859, -0.0644, 0.4580, 0.0347
19:37:34, 5.93, 178, 305.16, 4.74, 352.99, -0.8864, -0.0647, 0.4570, 0.0352
19:37:34, 5.93, 178, 305.31, 4.75, 352.92, -0.8870, -0.0651, 0.4558, 0.0357
19:37:34, 5.97, 179, 305.46, 4.80, 352.85, -0.8875, -0.0657, 0.4546, 0.0362
19:37:34, 5.97, 179, 305.61, 4.82, 352.83, -0.8881, -0.0658, 0.4534, 0.0364
19:37:34, 6.00, 180, 305.75, 4.79, 352.80, -0.8887, -0.0658, 0.4523, 0.0368
19:37:34, 6.00, 180, 305.92, 4.73, 352.80, -0.8893, -0.0652, 0.4510, 0.0372
19:37:34, 6.03, 181, 306.06, 4.68, 352.76, -0.8899, -0.0650, 0.4499, 0.0377
19:37:34, 6.03, 181, 306.18, 4.66, 352.72, -0.8904, -0.0649, 0.4490, 0.0382
19:37:34, 6.03, 181, 306.29, 4.66, 352.72, -0.8908, -0.0648, 0.4482, 0.0383
19:37:34, 6.07, 182, 306.42, 4.64, 352.68, -0.8913, -0.0648, 0.4471, 0.0388
19:37:34, 6.07, 182, 306.51, 4.63, 352.64, -0.8916, -0.0648, 0.4464, 0.0391
19:37:34, 6.10, 183, 306.60, 4.61, 352.60, -0.8919, -0.0648, 0.4457, 0.0395
19:37:34, 6.10, 183, 306.67, 4.60, 352.60, -0.8922, -0.0647, 0.4451, 0.0397
19:37:34, 6.13, 184, 306.74, 4.56, 352.57, -0.8925, -0.0645, 0.4447, 0.0401
19:37:34, 6.13, 184, 306.77, 4.56, 352.54, -0.8926, -0.0646, 0.4444, 0.0403
19:37:34, 6.13, 184, 306.81, 4.57, 352.51, -0.8928, -0.0648, 0.4440, 0.0406
19:37:34, 6.17, 185, 306.80, 4.60, 352.47, -0.8927, -0.0651, 0.4441, 0.0407
19:37:34, 6.17, 185, 306.80, 4.63, 352.42, -0.8926, -0.0656, 0.4441, 0.0410
19:37:34, 6.20, 186, 306.79, 4.68, 352.40, -0.8926, -0.0661, 0.4441, 0.0410
19:37:34, 6.20, 186, 306.74, 4.72, 352.38, -0.8924, -0.0665, 0.4444, 0.0409
19:37:34, 6.20, 186, 306.76, 4.72, 352.35, -0.8925, -0.0666, 0.4443, 0.0411
19:37:34, 6.23, 187, 306.74, 4.72, 352.35, -0.8924, -0.0666, 0.4444, 0.0412
19:37:34, 6.23, 187, 306.77, 4.75, 352.36, -0.8925, -0.0668, 0.4442, 0.0410
19:37:34, 6.27, 188, 306.81, 4.73, 352.36, -0.8927, -0.0666, 0.4439, 0.0411
19:37:34, 6.27, 188, 306.83, 4.76, 352.38, -0.8928, -0.0668, 0.4437, 0.0408
19:37:34, 6.30, 189, 306.84, 4.74, 352.39, -0.8928, -0.0666, 0.4436, 0.0408
19:37:34, 6.30, 189, 306.84, 4.74, 352.38, -0.8928, -0.0666, 0.4436, 0.0409
19:37:34, 6.30, 189, 306.82, 4.70, 352.36, -0.8927, -0.0664, 0.4438, 0.0412
19:37:34, 6.33, 190, 306.81, 4.67, 352.33, -0.8927, -0.0663, 0.4439, 0.0416
19:37:34, 6.33, 190, 306.82, 4.65, 352.29, -0.8927, -0.0663, 0.4438, 0.0419
19:37:34, 6.37, 191, 306.85, 4.66, 352.29, -0.8928, -0.0664, 0.4435, 0.0419
19:37:34, 6.37, 191, 306.86, 4.68, 352.29, -0.8928, -0.0665, 0.4435, 0.0419
19:37:34, 6.37, 191, 306.85, 4.71, 352.32, -0.8928, -0.0666, 0.4435, 0.0415
19:37:34, 6.40, 192, 306.84, 4.71, 352.34, -0.8928, -0.0665, 0.4436, 0.0413
19:37:34, 6.40, 192, 306.84, 4.71, 352.37, -0.8928, -0.0664, 0.4436, 0.0411
19:37:34, 6.43, 193, 306.82, 4.72, 352.38, -0.8927, -0.0664, 0.4438, 0.0410
19:37:34, 6.43, 193, 306.83, 4.72, 352.40, -0.8928, -0.0664, 0.4437, 0.0409
19:37:34, 6.43, 193, 306.82, 4.71, 352.41, -0.8927, -0.0663, 0.4438, 0.0408
19:37:34, 6.47, 194, 306.84, 4.68, 352.42, -0.8928, -0.0660, 0.4437, 0.0408
19:37:34, 6.47, 194, 306.83, 4.66, 352.46, -0.8928, -0.0656, 0.4438, 0.0406
19:37:34, 6.50, 195, 306.83, 4.63, 352.51, -0.8928, -0.0653, 0.4439, 0.0403
19:37:34, 6.50, 195, 306.83, 4.63, 352.53, -0.8928, -0.0652, 0.4439, 0.0402
19:37:34, 6.53, 196, 306.84, 4.65, 352.51, -0.8929, -0.0654, 0.4437, 0.0402
19:37:34, 6.53, 196, 306.86, 4.63, 352.52, -0.8929, -0.0652, 0.4436, 0.0402
19:37:34, 6.53, 196, 306.84, 4.64, 352.60, -0.8929, -0.0650, 0.4438, 0.0396
19:37:34, 6.57, 197, 306.83, 4.64, 352.65, -0.8928, -0.0648, 0.4439, 0.0392
19:37:34, 6.57, 197, 306.82, 4.65, 352.65, -0.8928, -0.0649, 0.4440, 0.0392
19:37:34, 6.60, 198, 306.83, 4.65, 352.63, -0.8929, -0.0649, 0.4439, 0.0393
19:37:34, 6.60, 198, 306.84, 4.65, 352.65, -0.8929, -0.0649, 0.4438, 0.0391
19:37:34, 6.60, 198, 306.85, 4.67, 352.68, -0.8930, -0.0649, 0.4438, 0.0388
19:37:35, 6.63, 199, 306.84, 4.70, 352.70, -0.8929, -0.0651, 0.4438, 0.0386
19:37:35, 6.63, 199, 306.82, 4.72, 352.70, -0.8928, -0.0652, 0.4439, 0.0385
19:37:35, 6.67, 200, 306.84, 4.73, 352.73, -0.8929, -0.0652, 0.4438, 0.0382
19:37:35, 6.67, 200, 306.84, 4.76, 352.70, -0.8929, -0.0655, 0.4438, 0.0384
19:37:35, 6.70, 201, 306.88, 4.78, 352.71, -0.8931, -0.0656, 0.4434, 0.0382
19:37:35, 6.70, 201, 306.91, 4.78, 352.70, -0.8932, -0.0656, 0.4432, 0.0383
19:37:35, 6.70, 201, 306.95, 4.79, 352.70, -0.8933, -0.0658, 0.4429, 0.0383
19:37:35, 6.73, 202, 306.98, 4.81, 352.68, -0.8935, -0.0659, 0.4426, 0.0384
19:37:35, 6.73, 202, 307.03, 4.83, 352.68, -0.8936, -0.0661, 0.4423, 0.0383
19:37:35, 6.77, 203, 307.07, 4.87, 352.69, -0.8938, -0.0663, 0.4419, 0.0381
19:37:35, 6.77, 203, 307.11, 4.91, 352.70, -0.8939, -0.0666, 0.4416, 0.0379
19:37:35, 6.77, 203, 307.15, 4.93, 352.70, -0.8941, -0.0667, 0.4413, 0.0379
19:37:35, 6.80, 204, 307.19, 4.96, 352.71, -0.8943, -0.0669, 0.4409, 0.0377
19:37:35, 6.80, 204, 307.22, 5.02, 352.74, -0.8944, -0.0672, 0.4407, 0.0372
19:37:35, 6.83, 205, 307.23, 5.06, 352.75, -0.8944, -0.0676, 0.4406, 0.0370
19:37:35, 6.83, 205, 307.20, 5.08, 352.77, -0.8943, -0.0677, 0.4408, 0.0368
19:37:35, 6.87, 206, 307.19, 5.08, 352.78, -0.8943, -0.0676, 0.4409, 0.0367
19:37:35, 6.87, 206, 307.19, 5.09, 352.78, -0.8943, -0.0677, 0.4409, 0.0367
19:37:35, 6.87, 206, 307.17, 5.11, 352.81, -0.8942, -0.0677, 0.4410, 0.0363
19:37:35, 6.90, 207, 307.19, 5.09, 352.82, -0.8943, -0.0675, 0.4409, 0.0364
19:37:35, 6.90, 207, 307.21, 5.09, 352.81, -0.8943, -0.0675, 0.4408, 0.0364
19:37:35, 6.93, 208, 307.23, 5.08, 352.80, -0.8944, -0.0675, 0.4406, 0.0365
19:37:35, 6.93, 208, 307.26, 5.04, 352.80, -0.8945, -0.0671, 0.4404, 0.0367
19:37:35, 6.97, 209, 307.25, 5.02, 352.82, -0.8945, -0.0670, 0.4405, 0.0367
19:37:35, 6.97, 209, 307.25, 5.01, 352.83, -0.8945, -0.0668, 0.4405, 0.0366
19:37:35, 6.97, 209, 307.25, 4.96, 352.78, -0.8945, -0.0666, 0.4405, 0.0372
19:37:35, 7.00, 210, 307.25, 4.89, 352.75, -0.8945, -0.0662, 0.4405, 0.0377
19:37:35, 7.00, 210, 307.30, 4.87, 352.73, -0.8947, -0.0661, 0.4401, 0.0380
19:37:35, 7.03, 211, 307.42, 4.89, 352.75, -0.8952, -0.0662, 0.4392, 0.0378
19:37:35, 7.03, 211, 307.56, 4.91, 352.75, -0.8957, -0.0663, 0.4381, 0.0378
19:37:35, 7.03, 211, 307.69, 4.90, 352.77, -0.8962, -0.0661, 0.4371, 0.0377
19:37:35, 7.07, 212, 307.84, 4.91, 352.76, -0.8967, -0.0661, 0.4359, 0.0379
19:37:35, 7.07, 212, 308.00, 4.89, 352.73, -0.8973, -0.0660, 0.4347, 0.0383
19:37:35, 7.10, 213, 308.21, 4.88, 352.68, -0.8981, -0.0661, 0.4330, 0.0388
19:37:35, 7.10, 213, 308.46, 4.89, 352.65, -0.8991, -0.0662, 0.4310, 0.0391
19:37:35, 7.13, 214, 308.78, 4.89, 352.65, -0.9003, -0.0661, 0.4285, 0.0394
19:37:35, 7.13, 214, 309.07, 4.88, 352.63, -0.9013, -0.0660, 0.4262, 0.0398
19:37:35, 7.13, 214, 309.42, 4.87, 352.66, -0.9026, -0.0656, 0.4235, 0.0398
19:37:35, 7.17, 215, 309.80, 4.86, 352.70, -0.9041, -0.0653, 0.4205, 0.0396
19:37:35, 7.17, 215, 310.22, 4.83, 352.70, -0.9056, -0.0649, 0.4172, 0.0400
19:37:35, 7.20, 216, 310.71, 4.75, 352.70, -0.9074, -0.0642, 0.4134, 0.0406
19:37:35, 7.20, 216, 311.24, 4.71, 352.74, -0.9093, -0.0635, 0.4092, 0.0407
19:37:35, 7.20, 216, 311.78, 4.60, 352.73, -0.9113, -0.0624, 0.4050, 0.0414
19:37:35, 7.23, 217, 312.30, 4.54, 352.74, -0.9131, -0.0617, 0.4009, 0.0419
19:37:35, 7.23, 217, 312.86, 4.40, 352.73, -0.9150, -0.0605, 0.3965, 0.0427
19:37:35, 7.27, 218, 313.38, 4.24, 352.69, -0.9168, -0.0591, 0.3925, 0.0439
19:37:35, 7.27, 218, 313.96, 4.15, 352.70, -0.9188, -0.0582, 0.3879, 0.0445
19:37:35, 7.30, 219, 314.43, 3.98, 352.62, -0.9204, -0.0569, 0.3842, 0.0459
19:37:35, 7.30, 219, 314.89, 3.89, 352.58, -0.9219, -0.0561, 0.3805, 0.0467
19:37:35, 7.30, 219, 315.30, 3.78, 352.50, -0.9232, -0.0553, 0.3772, 0.0479
19:37:35, 7.33, 220, 315.70, 3.73, 352.47, -0.9245, -0.0548, 0.3740, 0.0485
19:37:35, 7.33, 220, 316.11, 3.66, 352.41, -0.9258, -0.0543, 0.3708, 0.0495
19:37:35, 7.37, 221, 316.47, 3.56, 352.34, -0.9270, -0.0536, 0.3679, 0.0505
19:37:35, 7.37, 221, 316.80, 3.55, 352.33, -0.9280, -0.0534, 0.3652, 0.0508
19:37:35, 7.37, 221, 317.04, 3.44, 352.24, -0.9287, -0.0526, 0.3633, 0.0520
19:37:35, 7.40, 222, 317.32, 3.44, 352.16, -0.9296, -0.0528, 0.3610, 0.0528
19:37:35, 7.40, 222, 317.55, 3.45, 352.07, -0.9303, -0.0531, 0.3591, 0.0536
19:37:35, 7.43, 223, 317.72, 3.51, 351.97, -0.9307, -0.0537, 0.3576, 0.0542
19:37:35, 7.43, 223, 317.84, 3.55, 351.87, -0.9311, -0.0543, 0.3565, 0.0550
19:37:35, 7.43, 223, 318.00, 3.58, 351.79, -0.9315, -0.0547, 0.3552, 0.0556
19:37:35, 7.47, 224, 318.11, 3.62, 351.75, -0.9318, -0.0552, 0.3543, 0.0559
19:37:35, 7.47, 224, 318.19, 3.67, 351.70, -0.9321, -0.0556, 0.3536, 0.0562
19:37:35, 7.50, 225, 318.27, 3.73, 351.66, -0.9323, -0.0562, 0.3529, 0.0563
19:37:35, 7.50, 225, 318.33, 3.80, 351.63, -0.9325, -0.0568, 0.3523, 0.0564
19:37:35, 7.53, 226, 318.37, 3.88, 351.60, -0.9326, -0.0576, 0.3518, 0.0564
19:37:35, 7.53, 226, 318.42, 3.94, 351.58, -0.9327, -0.0581, 0.3515, 0.0564
19:37:35, 7.53, 226, 318.44, 3.97, 351.54, -0.9327, -0.0584, 0.3512, 0.0567
19:37:35, 7.57, 227, 318.46, 4.02, 351.53, -0.9328, -0.0589, 0.3510, 0.0566
19:37:35, 7.57, 227, 318.46, 4.07, 351.53, -0.9328, -0.0593, 0.3510, 0.0564
19:37:35, 7.60, 228, 318.46, 4.16, 351.52, -0.9328, -0.0601, 0.3509, 0.0562
19:37:35, 7.60, 228, 318.49, 4.21, 351.56, -0.9329, -0.0603, 0.3507, 0.0558
19:37:35, 7.60, 228, 318.49, 4.27, 351.62, -0.9329, -0.0606, 0.3507, 0.0551
19:37:36, 7.63, 229, 318.51, 4.31, 351.65, -0.9330, -0.0608, 0.3505, 0.0547
19:37:36, 7.63, 229, 318.53, 4.38, 351.68, -0.9331, -0.0613, 0.3502, 0.0543
19:37:36, 7.67, 230, 318.57, 4.42, 351.65, -0.9332, -0.0617, 0.3499, 0.0544
19:37:36, 7.67, 230, 318.60, 4.47, 351.59, -0.9332, -0.0623, 0.3495, 0.0548
19:37:36, 7.70, 231, 318.71, 4.49, 351.57, -0.9336, -0.0624, 0.3486, 0.0550
19:37:36, 7.70, 231, 318.78, 4.54, 351.59, -0.9338, -0.0628, 0.3481, 0.0546
19:37:36, 7.70, 231, 318.86, 4.59, 351.65, -0.9340, -0.0629, 0.3474, 0.0541
19:37:36, 7.73, 232, 318.95, 4.64, 351.68, -0.9343, -0.0632, 0.3466, 0.0537
19:37:36, 7.73, 232, 319.06, 4.68, 351.69, -0.9347, -0.0635, 0.3457, 0.0536
19:37:36, 7.77, 233, 319.17, 4.77, 351.69, -0.9350, -0.0642, 0.3447, 0.0534
19:37:36, 7.77, 233, 319.28, 4.82, 351.66, -0.9353, -0.0646, 0.3438, 0.0535
19:37:36, 7.77, 233, 319.41, 4.88, 351.65, -0.9357, -0.0650, 0.3427, 0.0535
19:37:36, 7.80, 234, 319.56, 4.94, 351.63, -0.9361, -0.0655, 0.3414, 0.0536
19:37:36, 7.80, 234, 319.70, 4.98, 351.63, -0.9365, -0.0657, 0.3403, 0.0535
19:37:36, 7.83, 235, 319.86, 5.04, 351.62, -0.9370, -0.0662, 0.3389, 0.0535
19:37:36, 7.83, 235, 320.04, 5.07, 351.60, -0.9375, -0.0664, 0.3374, 0.0537
19:37:36, 7.87, 236, 320.25, 5.15, 351.54, -0.9381, -0.0672, 0.3356, 0.0540
19:37:36, 7.87, 236, 320.46, 5.21, 351.50, -0.9386, -0.0677, 0.3338, 0.0544
19:37:36, 7.87, 236, 320.68, 5.30, 351.50, -0.9393, -0.0683, 0.3320, 0.0542
19:37:36, 7.90, 237, 320.91, 5.33, 351.52, -0.9399, -0.0684, 0.3300, 0.0541
19:37:36, 7.90, 237, 321.14, 5.36, 351.44, -0.9406, -0.0688, 0.3281, 0.0548
19:37:36, 7.93, 238, 321.38, 5.35, 351.40, -0.9412, -0.0687, 0.3261, 0.0553
19:37:36, 7.93, 238, 321.61, 5.38, 351.38, -0.9419, -0.0689, 0.3241, 0.0555
19:37:36, 7.93, 238, 321.84, 5.40, 351.36, -0.9425, -0.0690, 0.3223, 0.0557
19:37:36, 7.97, 239, 322.09, 5.40, 351.35, -0.9432, -0.0689, 0.3202, 0.0560
19:37:36, 7.97, 239, 322.33, 5.38, 351.32, -0.9439, -0.0687, 0.3182, 0.0564
19:37:36, 8.00, 240, 322.58, 5.38, 351.30, -0.9445, -0.0686, 0.3161, 0.0568
19:37:36, 8.00, 240, 322.85, 5.39, 351.27, -0.9453, -0.0687, 0.3139, 0.0571
19:37:36, 8.03, 241, 323.13, 5.46, 351.26, -0.9460, -0.0691, 0.3115, 0.0572
19:37:36, 8.03, 241, 323.41, 5.49, 351.25, -0.9467, -0.0693, 0.3092, 0.0573
19:37:36, 8.03, 241, 323.70, 5.54, 351.25, -0.9475, -0.0695, 0.3068, 0.0574
19:37:36, 8.07, 242, 323.99, 5.58, 351.26, -0.9483, -0.0697, 0.3043, 0.0574
19:37:36, 8.07, 242, 324.29, 5.62, 351.26, -0.9491, -0.0699, 0.3018, 0.0575
19:37:36, 8.10, 243, 324.59, 5.68, 351.24, -0.9498, -0.0702, 0.2992, 0.0576
19:37:36, 8.10, 243, 324.93, 5.70, 351.25, -0.9507, -0.0702, 0.2964, 0.0577
19:37:36, 8.10, 243, 325.27, 5.75, 351.23, -0.9516, -0.0705, 0.2935, 0.0580
19:37:36, 8.13, 244, 325.60, 5.79, 351.24, -0.9524, -0.0706, 0.2908, 0.0579
19:37:36, 8.13, 244, 325.97, 5.78, 351.25, -0.9534, -0.0703, 0.2877, 0.0581
19:37:36, 8.17, 245, 326.30, 5.81, 351.26, -0.9542, -0.0704, 0.2850, 0.0582
19:37:36, 8.17, 245, 326.63, 5.82, 351.32, -0.9550, -0.0702, 0.2823, 0.0579
19:37:36, 8.20, 246, 326.97, 5.82, 351.33, -0.9559, -0.0700, 0.2794, 0.0580
19:37:36, 8.20, 246, 327.26, 5.80, 351.32, -0.9566, -0.0697, 0.2770, 0.0583
19:37:36, 8.20, 246, 327.58, 5.82, 351.33, -0.9573, -0.0697, 0.2743, 0.0584
19:37:36, 8.23, 247, 327.92, 5.82, 351.32, -0.9581, -0.0696, 0.2715, 0.0587
19:37:36, 8.23, 247, 328.25, 5.80, 351.37, -0.9590, -0.0691, 0.2687, 0.0585
19:37:36, 8.27, 248, 328.61, 5.85, 351.34, -0.9598, -0.0694, 0.2657, 0.0588
19:37:36, 8.27, 248, 328.94, 5.77, 351.33, -0.9605, -0.0686, 0.2630, 0.0593
19:37:36, 8.27, 248, 329.26, 5.79, 351.41, -0.9613, -0.0684, 0.2603, 0.0588
19:37:36, 8.30, 249, 329.60, 5.80, 351.45, -0.9621, -0.0682, 0.2574, 0.0586
19:37:36, 8.30, 249, 329.97, 5.79, 351.48, -0.9629, -0.0679, 0.2544, 0.0586
19:37:36, 8.33, 250, 330.30, 5.80, 351.44, -0.9636, -0.0679, 0.2516, 0.0591
19:37:36, 8.33, 250, 330.66, 5.80, 351.40, -0.9644, -0.0678, 0.2486, 0.0596
19:37:36, 8.37, 251, 331.05, 5.82, 351.35, -0.9652, -0.0678, 0.2452, 0.0603
19:37:36, 8.37, 251, 331.40, 5.81, 351.36, -0.9660, -0.0676, 0.2422, 0.0604
19:37:36, 8.37, 251, 331.78, 5.86, 351.36, -0.9667, -0.0678, 0.2391, 0.0605
19:37:36, 8.40, 252, 332.08, 5.85, 351.41, -0.9674, -0.0674, 0.2365, 0.0603
19:37:36, 8.40, 252, 332.46, 5.84, 351.46, -0.9682, -0.0671, 0.2334, 0.0601
19:37:36, 8.43, 253, 332.78, 5.87, 351.48, -0.9688, -0.0671, 0.2307, 0.0601
19:37:36, 8.43, 253, 333.13, 5.85, 351.50, -0.9696, -0.0667, 0.2277, 0.0602
19:37:36, 8.43, 253, 333.44, 5.82, 351.50, -0.9702, -0.0663, 0.2251, 0.0604
19:37:36, 8.47, 254, 333.77, 5.81, 351.49, -0.9708, -0.0661, 0.2223, 0.0607
19:37:36, 8.47, 254, 334.04, 5.84, 351.52, -0.9714, -0.0661, 0.2201, 0.0606
19:37:36, 8.50, 255, 334.33, 5.81, 351.52, -0.9719, -0.0657, 0.2176, 0.0607
19:37:36, 8.50, 255, 334.64, 5.80, 351.50, -0.9725, -0.0655, 0.2149, 0.0611
19:37:36, 8.53, 256, 334.92, 5.80, 351.49, -0.9730, -0.0654, 0.2126, 0.0613
19:37:36, 8.53, 256, 335.23, 5.82, 351.46, -0.9736, -0.0654, 0.2099, 0.0617
19:37:36, 8.53, 256, 335.53, 5.84, 351.49, -0.9741, -0.0653, 0.2074, 0.0616
19:37:36, 8.57, 257, 335.81, 5.90, 351.48, -0.9746, -0.0657, 0.2050, 0.0618
19:37:36, 8.57, 257, 336.10, 5.88, 351.49, -0.9751, -0.0654, 0.2025, 0.0619
19:37:36, 8.60, 258, 336.45, 5.91, 351.41, -0.9757, -0.0656, 0.1995, 0.0627
19:37:36, 8.60, 258, 336.75, 5.92, 351.42, -0.9762, -0.0655, 0.1969, 0.0628
19:37:36, 8.60, 258, 337.07, 5.89, 351.46, -0.9768, -0.0650, 0.1942, 0.0627
19:37:37, 8.63, 259, 337.40, 5.89, 351.50, -0.9774, -0.0647, 0.1914, 0.0625
19:37:37, 8.63, 259, 337.71, 5.88, 351.55, -0.9779, -0.0644, 0.1888, 0.0623
19:37:37, 8.67, 260, 338.02, 5.82, 351.59, -0.9785, -0.0637, 0.1863, 0.0622
19:37:37, 8.67, 260, 338.34, 5.80, 351.58, -0.9790, -0.0634, 0.1835, 0.0625
19:37:37, 8.70, 261, 338.65, 5.78, 351.61, -0.9795, -0.0630, 0.1809, 0.0625
19:37:37, 8.70, 261, 338.96, 5.76, 351.63, -0.9800, -0.0625, 0.1782, 0.0625
19:37:37, 8.70, 261, 339.28, 5.71, 351.64, -0.9805, -0.0619, 0.1756, 0.0627
19:37:37, 8.73, 262, 339.58, 5.65, 351.68, -0.9810, -0.0612, 0.1731, 0.0626
19:37:37, 8.73, 262, 339.88, 5.61, 351.70, -0.9815, -0.0606, 0.1705, 0.0627
19:37:37, 8.77, 263, 340.19, 5.58, 351.70, -0.9819, -0.0603, 0.1679, 0.0629
19:37:37, 8.77, 263, 340.53, 5.55, 351.74, -0.9825, -0.0598, 0.1651, 0.0628
19:37:37, 8.77, 263, 340.86, 5.53, 351.81, -0.9830, -0.0593, 0.1623, 0.0623
19:37:37, 8.80, 264, 341.19, 5.51, 351.83, -0.9835, -0.0589, 0.1594, 0.0623
19:37:37, 8.80, 264, 341.52, 5.50, 351.87, -0.9839, -0.0586, 0.1567, 0.0622
19:37:37, 8.83, 265, 341.85, 5.50, 351.92, -0.9844, -0.0584, 0.1538, 0.0620
19:37:37, 8.83, 265, 342.13, 5.52, 351.98, -0.9848, -0.0583, 0.1514, 0.0616
19:37:37, 8.87, 266, 342.46, 5.46, 352.02, -0.9853, -0.0575, 0.1487, 0.0615
19:37:37, 8.87, 266, 342.83, 5.46, 352.08, -0.9858, -0.0573, 0.1455, 0.0611
19:37:37, 8.87, 266, 343.12, 5.42, 352.13, -0.9862, -0.0568, 0.1431, 0.0609
19:37:37, 8.90, 267, 343.42, 5.40, 352.20, -0.9866, -0.0563, 0.1405, 0.0604
19:37:37, 8.90, 267, 343.77, 5.36, 352.25, -0.9871, -0.0557, 0.1376, 0.0602
19:37:37, 8.93, 268, 344.07, 5.32, 352.31, -0.9875, -0.0551, 0.1350, 0.0599
19:37:37, 8.93, 268, 344.37, 5.30, 352.38, -0.9879, -0.0547, 0.1325, 0.0595
19:37:37, 8.97, 269, 344.72, 5.24, 352.40, -0.9883, -0.0540, 0.1295, 0.0595
19:37:37, 8.97, 269, 345.09, 5.23, 352.42, -0.9887, -0.0537, 0.1263, 0.0596
19:37:37, 8.97, 269, 345.43, 5.17, 352.45, -0.9891, -0.0530, 0.1235, 0.0595
19:37:37, 9.00, 270, 345.78, 5.13, 352.45, -0.9895, -0.0525, 0.1204, 0.0597
19:37:37, 9.00, 270, 346.15, 5.10, 352.53, -0.9900, -0.0520, 0.1174, 0.0593
19:37:37, 9.03, 271, 346.51, 5.08, 352.57, -0.9904, -0.0515, 0.1142, 0.0591
19:37:37, 9.03, 271, 346.89, 5.06, 352.54, -0.9907, -0.0512, 0.1110, 0.0596
19:37:37, 9.03, 271, 347.29, 5.02, 352.48, -0.9911, -0.0507, 0.1075, 0.0602
19:37:37, 9.07, 272, 347.69, 5.07, 352.37, -0.9914, -0.0510, 0.1039, 0.0613
19:37:37, 9.07, 272, 348.16, 5.04, 352.27, -0.9918, -0.0506, 0.0998, 0.0624
19:37:37, 9.10, 273, 348.65, 5.13, 352.23, -0.9921, -0.0511, 0.0956, 0.0630
19:37:37, 9.10, 273, 349.13, 5.13, 352.18, -0.9925, -0.0509, 0.0914, 0.0635
19:37:37, 9.13, 274, 349.66, 5.17, 352.13, -0.9929, -0.0510, 0.0867, 0.0643
19:37:37, 9.13, 274, 350.20, 5.20, 352.11, -0.9932, -0.0510, 0.0820, 0.0646
19:37:37, 9.13, 274, 350.79, 5.22, 352.01, -0.9936, -0.0508, 0.0768, 0.0658
19:37:37, 9.17, 275, 351.32, 5.25, 351.93, -0.9939, -0.0509, 0.0722, 0.0666
19:37:37, 9.17, 275, 351.87, 5.29, 351.82, -0.9941, -0.0510, 0.0673, 0.0678
19:37:37, 9.20, 276, 352.54, 5.29, 351.73, -0.9944, -0.0506, 0.0615, 0.0688
19:37:37, 9.20, 276, 353.10, 5.34, 351.69, -0.9947, -0.0507, 0.0566, 0.0695
19:37:37, 9.20, 276, 353.71, 5.39, 351.62, -0.9949, -0.0508, 0.0512, 0.0703
19:37:37, 9.23, 277, 354.32, 5.46, 351.55, -0.9951, -0.0511, 0.0459, 0.0711
19:37:37, 9.23, 277, 354.91, 5.45, 351.46, -0.9953, -0.0507, 0.0407, 0.0722
19:37:37, 9.27, 278, 355.58, 5.52, 351.39, -0.9954, -0.0508, 0.0348, 0.0731
19:37:37, 9.27, 278, 356.20, 5.51, 351.34, -0.9956, -0.0504, 0.0294, 0.0738
19:37:37, 9.30, 279, 356.83, 5.52, 351.26, -0.9957, -0.0501, 0.0239, 0.0747
19:37:37, 9.30, 279, 357.49, 5.59, 351.17, -0.9957, -0.0503, 0.0181, 0.0758
19:37:37, 9.30, 279, 358.12, 5.66, 351.12, -0.9957, -0.0505, 0.0125, 0.0765
19:37:37, 9.33, 280, 358.81, 5.62, 351.05, -0.9957, -0.0497, 0.0065, 0.0774
19:37:37, 9.33, 280, 359.44, 5.68, 350.96, -0.9957, -0.0498, 0.0010, 0.0784
19:37:37, 9.37, 281, 0.16, 5.69, 350.95, -0.9956, -0.0494, -0.0053, 0.0789
19:37:37, 9.37, 281, 0.83, 5.88, 350.89, -0.9955, -0.0505, -0.0113, 0.0797
19:37:37, 9.37, 281, 1.50, 5.93, 350.87, -0.9954, -0.0505, -0.0172, 0.0802
19:37:37, 9.40, 282, 2.19, 5.95, 350.86, -0.9952, -0.0502, -0.0232, 0.0805
19:37:37, 9.40, 282, 2.80, 5.96, 350.89, -0.9951, -0.0498, -0.0285, 0.0805
19:37:37, 9.43, 283, 3.47, 5.99, 350.93, -0.9949, -0.0497, -0.0342, 0.0805
19:37:37, 9.43, 283, 4.10, 5.99, 351.05, -0.9948, -0.0493, -0.0397, 0.0797
19:37:37, 9.43, 283, 4.78, 5.99, 351.10, -0.9946, -0.0488, -0.0455, 0.0796
19:37:37, 9.47, 284, 5.41, 5.92, 351.16, -0.9944, -0.0478, -0.0510, 0.0793
19:37:37, 9.47, 284, 6.09, 5.94, 351.27, -0.9941, -0.0476, -0.0568, 0.0787
19:37:37, 9.50, 285, 6.74, 5.94, 351.33, -0.9938, -0.0472, -0.0624, 0.0784
19:37:37, 9.50, 285, 7.42, 5.95, 351.40, -0.9935, -0.0468, -0.0683, 0.0781
19:37:37, 9.53, 286, 8.08, 5.95, 351.46, -0.9931, -0.0464, -0.0740, 0.0778
19:37:37, 9.53, 286, 8.81, 5.94, 351.47, -0.9927, -0.0458, -0.0803, 0.0780
19:37:37, 9.53, 286, 9.52, 5.98, 351.50, -0.9921, -0.0457, -0.0865, 0.0781
19:37:37, 9.57, 287, 10.27, 5.93, 351.62, -0.9917, -0.0448, -0.0929, 0.0773
19:37:37, 9.57, 287, 10.93, 5.77, 351.72, -0.9913, -0.0431, -0.0985, 0.0766
19:37:37, 9.60, 288, 11.63, 5.84, 351.77, -0.9906, -0.0433, -0.1045, 0.0764
19:37:37, 9.60, 288, 12.33, 5.79, 351.76, -0.9900, -0.0424, -0.1105, 0.0767
19:37:37, 9.60, 288, 13.00, 5.83, 351.83, -0.9894, -0.0424, -0.1164, 0.0764
19:37:38, 9.63, 289, 13.73, 5.85, 351.87, -0.9886, -0.0420, -0.1227, 0.0764
19:37:38, 9.63, 289, 14.45, 5.92, 351.88, -0.9878, -0.0422, -0.1289, 0.0766
19:37:38, 9.67, 290, 15.15, 5.93, 351.90, -0.9870, -0.0419, -0.1350, 0.0767
19:37:38, 9.67, 290, 15.87, 5.97, 351.91, -0.9861, -0.0417, -0.1411, 0.0769
19:37:38, 9.70, 291, 16.54, 5.97, 351.95, -0.9853, -0.0413, -0.1469, 0.0768
19:37:38, 9.70, 291, 17.35, 6.07, 351.99, -0.9842, -0.0417, -0.1539, 0.0769
19:37:38, 9.70, 291, 18.09, 6.08, 352.00, -0.9832, -0.0413, -0.1603, 0.0771
19:37:38, 9.73, 292, 18.86, 6.17, 351.98, -0.9820, -0.0415, -0.1669, 0.0777
19:37:38, 9.73, 292, 19.61, 6.34, 352.00, -0.9808, -0.0425, -0.1735, 0.0780
19:37:38, 9.77, 293, 20.37, 6.43, 352.04, -0.9796, -0.0428, -0.1799, 0.0781
19:37:38, 9.77, 293, 21.17, 6.55, 352.09, -0.9783, -0.0433, -0.1869, 0.0782
19:37:38, 9.77, 293, 22.04, 6.56, 352.12, -0.9769, -0.0429, -0.1942, 0.0783
19:37:38, 9.80, 294, 22.89, 6.69, 352.26, -0.9754, -0.0437, -0.2015, 0.0776
19:37:38, 9.80, 294, 23.82, 6.72, 352.36, -0.9738, -0.0435, -0.2094, 0.0772
19:37:38, 9.83, 295, 24.72, 6.80, 352.51, -0.9722, -0.0439, -0.2170, 0.0764
19:37:38, 9.83, 295, 25.64, 6.91, 352.68, -0.9705, -0.0445, -0.2248, 0.0755
19:37:38, 9.87, 296, 26.53, 6.97, 352.83, -0.9688, -0.0447, -0.2322, 0.0746
19:37:38, 9.87, 296, 27.37, 7.05, 353.04, -0.9671, -0.0453, -0.2393, 0.0734
19:37:38, 9.87, 296, 28.18, 7.17, 353.24, -0.9654, -0.0462, -0.2461, 0.0723
19:37:38, 9.90, 297, 28.95, 7.31, 353.39, -0.9638, -0.0472, -0.2526, 0.0716
19:37:38, 9.90, 297, 29.67, 7.34, 353.58, -0.9623, -0.0475, -0.2586, 0.0704
19:37:38, 9.93, 298, 30.37, 7.33, 353.80, -0.9608, -0.0475, -0.2644, 0.0688
19:37:38, 9.93, 298, 31.03, 7.27, 353.92, -0.9594, -0.0469, -0.2698, 0.0680
19:37:38, 9.97, 299, 31.57, 7.20, 354.08, -0.9582, -0.0464, -0.2743, 0.0667
19:37:38, 9.97, 299, 32.16, 7.20, 354.18, -0.9569, -0.0462, -0.2791, 0.0660
19:37:38, 9.97, 299, 32.79, 7.16, 354.34, -0.9554, -0.0459, -0.2844, 0.0649
