Timestamp, VideoTime, VideoFrame, HeadYaw, HeadPitch, HeadRoll, HeadQuatW, HeadQuatX, HeadQuatY, HeadQuatZ
19:38:18, 0.00, 0, 20.02, 3.28, 353.89, -0.9827, -0.0189, -0.1750, 0.0574
19:38:18, 0.03, 1, 19.97, 3.22, 353.93, -0.9828, -0.0185, -0.1746, 0.0570
19:38:18, 0.03, 1, 19.93, 3.19, 353.96, -0.9829, -0.0183, -0.1742, 0.0566
19:38:18, 0.03, 1, 19.87, 3.17, 354.02, -0.9830, -0.0182, -0.1736, 0.0561
19:38:18, 0.07, 2, 19.81, 3.15, 354.06, -0.9832, -0.0181, -0.1731, 0.0558
19:38:18, 0.07, 2, 19.73, 3.25, 354.10, -0.9833, -0.0191, -0.1725, 0.0556
19:38:18, 0.10, 3, 19.68, 3.35, 354.11, -0.9833, -0.0200, -0.1720, 0.0556
19:38:18, 0.10, 3, 19.63, 3.40, 354.08, -0.9834, -0.0204, -0.1717, 0.0559
19:38:18, 0.10, 3, 19.62, 3.38, 354.01, -0.9833, -0.0201, -0.1716, 0.0565
19:38:18, 0.13, 4, 19.63, 3.35, 353.97, -0.9833, -0.0198, -0.1717, 0.0568
19:38:18, 0.13, 4, 19.66, 3.35, 353.96, -0.9833, -0.0198, -0.1719, 0.0569
19:38:18, 0.17, 5, 19.70, 3.39, 353.90, -0.9832, -0.0200, -0.1723, 0.0575
19:38:18, 0.17, 5, 19.72, 3.37, 353.85, -0.9831, -0.0197, -0.1725, 0.0578
19:38:18, 0.17, 5, 19.73, 3.32, 353.78, -0.9831, -0.0192, -0.1725, 0.0584
19:38:18, 0.20, 6, 19.74, 3.26, 353.72, -0.9831, -0.0186, -0.1727, 0.0588
19:38:18, 0.20, 6, 19.75, 3.28, 353.70, -0.9830, -0.0188, -0.1727, 0.0590
19:38:18, 0.23, 7, 19.79, 3.38, 353.68, -0.9829, -0.0195, -0.1731, 0.0593
19:38:18, 0.23, 7, 19.81, 3.49, 353.67, -0.9828, -0.0205, -0.1733, 0.0596
19:38:18, 0.27, 8, 19.81, 3.62, 353.67, -0.9828, -0.0215, -0.1734, 0.0598
19:38:18, 0.27, 8, 19.78, 3.71, 353.66, -0.9828, -0.0224, -0.1731, 0.0600
19:38:18, 0.27, 8, 19.74, 3.78, 353.70, -0.9829, -0.0230, -0.1728, 0.0597
19:38:18, 0.30, 9, 19.70, 3.80, 353.71, -0.9829, -0.0233, -0.1725, 0.0597
19:38:18, 0.30, 9, 19.69, 3.83, 353.72, -0.9829, -0.0235, -0.1725, 0.0596
19:38:18, 0.33, 10, 19.69, 3.89, 353.69, -0.9829, -0.0240, -0.1725, 0.0600
19:38:18, 0.33, 10, 19.67, 3.96, 353.67, -0.9829, -0.0246, -0.1723, 0.0602
19:38:18, 0.33, 10, 19.67, 4.04, 353.64, -0.9828, -0.0252, -0.1723, 0.0606
19:38:18, 0.37, 11, 19.68, 4.05, 353.59, -0.9828, -0.0252, -0.1725, 0.0610
19:38:18, 0.37, 11, 19.67, 4.10, 353.56, -0.9828, -0.0256, -0.1724, 0.0614
19:38:18, 0.40, 12, 19.68, 4.10, 353.55, -0.9828, -0.0256, -0.1725, 0.0615
19:38:18, 0.40, 12, 19.66, 4.17, 353.52, -0.9827, -0.0261, -0.1724, 0.0619
19:38:18, 0.43, 13, 19.68, 4.19, 353.49, -0.9827, -0.0263, -0.1725, 0.0621
19:38:18, 0.43, 13, 19.67, 4.27, 353.46, -0.9827, -0.0269, -0.1725, 0.0626
19:38:18, 0.43, 13, 19.66, 4.39, 353.45, -0.9826, -0.0279, -0.1725, 0.0628
19:38:18, 0.47, 14, 19.64, 4.46, 353.51, -0.9826, -0.0286, -0.1723, 0.0624
19:38:18, 0.47, 14, 19.64, 4.51, 353.60, -0.9827, -0.0292, -0.1724, 0.0616
19:38:18, 0.50, 15, 19.63, 4.58, 353.69, -0.9827, -0.0299, -0.1723, 0.0610
19:38:18, 0.50, 15, 19.61, 4.65, 353.79, -0.9828, -0.0307, -0.1721, 0.0602
19:38:18, 0.50, 15, 19.56, 4.72, 353.86, -0.9828, -0.0314, -0.1717, 0.0597
19:38:18, 0.53, 16, 19.53, 4.74, 353.82, -0.9829, -0.0315, -0.1714, 0.0601
19:38:18, 0.57, 17, 19.48, 4.81, 353.87, -0.9829, -0.0323, -0.1710, 0.0597
19:38:18, 0.57, 17, 19.44, 4.80, 353.86, -0.9830, -0.0322, -0.1707, 0.0598
19:38:18, 0.60, 18, 19.39, 4.83, 353.84, -0.9830, -0.0324, -0.1703, 0.0600
19:38:18, 0.60, 18, 19.35, 4.87, 353.79, -0.9831, -0.0327, -0.1699, 0.0605
19:38:18, 0.60, 18, 19.33, 4.93, 353.75, -0.9830, -0.0332, -0.1698, 0.0609
19:38:18, 0.63, 19, 19.34, 5.04, 353.73, -0.9830, -0.0341, -0.1699, 0.0612
19:38:18, 0.63, 19, 19.34, 5.08, 353.70, -0.9829, -0.0344, -0.1699, 0.0615
19:38:18, 0.67, 20, 19.35, 5.09, 353.66, -0.9829, -0.0345, -0.1700, 0.0619
19:38:18, 0.67, 20, 19.35, 5.07, 353.63, -0.9829, -0.0342, -0.1700, 0.0621
19:38:19, 0.70, 21, 19.37, 5.04, 353.64, -0.9829, -0.0339, -0.1702, 0.0620
19:38:19, 0.70, 21, 19.38, 5.11, 353.67, -0.9828, -0.0346, -0.1703, 0.0619
19:38:19, 0.70, 21, 19.40, 5.20, 353.73, -0.9828, -0.0354, -0.1705, 0.0615
19:38:19, 0.73, 22, 19.39, 5.33, 353.76, -0.9828, -0.0366, -0.1705, 0.0614
19:38:19, 0.73, 22, 19.34, 5.39, 353.81, -0.9828, -0.0372, -0.1700, 0.0610
19:38:19, 0.77, 23, 19.30, 5.44, 353.87, -0.9829, -0.0377, -0.1697, 0.0606
19:38:19, 0.77, 23, 19.30, 5.48, 353.95, -0.9829, -0.0382, -0.1697, 0.0600
19:38:19, 0.77, 23, 19.31, 5.45, 353.96, -0.9829, -0.0380, -0.1698, 0.0598
19:38:19, 0.80, 24, 19.28, 5.38, 353.97, -0.9830, -0.0374, -0.1695, 0.0596
19:38:19, 0.80, 24, 19.21, 5.29, 353.99, -0.9832, -0.0367, -0.1688, 0.0593
19:38:19, 0.83, 25, 19.10, 5.19, 354.03, -0.9834, -0.0360, -0.1679, 0.0588
19:38:19, 0.83, 25, 19.05, 5.06, 354.10, -0.9836, -0.0350, -0.1674, 0.0580
19:38:19, 0.87, 26, 19.02, 4.88, 354.10, -0.9837, -0.0335, -0.1670, 0.0577
19:38:19, 0.87, 26, 19.02, 4.74, 354.03, -0.9837, -0.0322, -0.1670, 0.0582
19:38:19, 0.87, 26, 19.04, 4.63, 353.93, -0.9837, -0.0310, -0.1671, 0.0589
19:38:19, 0.90, 27, 19.04, 4.54, 353.86, -0.9837, -0.0302, -0.1671, 0.0593
19:38:19, 0.90, 27, 19.08, 4.49, 353.74, -0.9836, -0.0296, -0.1675, 0.0603
19:38:19, 0.93, 28, 19.13, 4.46, 353.62, -0.9835, -0.0291, -0.1679, 0.0613
19:38:19, 0.93, 28, 19.17, 4.43, 353.58, -0.9834, -0.0287, -0.1683, 0.0616
19:38:19, 0.93, 28, 19.22, 4.41, 353.58, -0.9833, -0.0285, -0.1686, 0.0616
19:38:19, 0.97, 29, 19.29, 4.39, 353.52, -0.9832, -0.0283, -0.1693, 0.0621
19:38:19, 0.97, 29, 19.33, 4.37, 353.41, -0.9831, -0.0278, -0.1696, 0.0630
19:38:19, 1.00, 30, 19.38, 4.36, 353.35, -0.9830, -0.0277, -0.1701, 0.0635
19:38:19, 1.00, 30, 19.45, 4.41, 353.30, -0.9828, -0.0280, -0.1707, 0.0641
19:38:19, 1.00, 30, 19.51, 4.48, 353.28, -0.9827, -0.0285, -0.1713, 0.0643
19:38:19, 1.03, 31, 19.54, 4.50, 353.31, -0.9827, -0.0287, -0.1715, 0.0641
19:38:19, 1.03, 31, 19.51, 4.38, 353.38, -0.9828, -0.0279, -0.1712, 0.0633
19:38:19, 1.07, 32, 19.52, 4.20, 353.42, -0.9829, -0.0263, -0.1712, 0.0627
19:38:19, 1.07, 32, 19.51, 3.91, 353.50, -0.9831, -0.0240, -0.1710, 0.0616
19:38:19, 1.10, 33, 19.56, 3.67, 353.62, -0.9831, -0.0221, -0.1712, 0.0603
19:38:19, 1.10, 33, 19.63, 3.34, 353.72, -0.9832, -0.0193, -0.1717, 0.0590
19:38:19, 1.10, 33, 19.77, 3.07, 353.82, -0.9831, -0.0171, -0.1727, 0.0577
19:38:19, 1.13, 34, 20.00, 2.93, 353.88, -0.9828, -0.0159, -0.1747, 0.0570
19:38:19, 1.13, 34, 20.27, 2.80, 353.91, -0.9825, -0.0147, -0.1769, 0.0566
19:38:19, 1.17, 35, 20.53, 2.75, 353.97, -0.9821, -0.0142, -0.1791, 0.0560
19:38:19, 1.17, 35, 20.88, 2.57, 354.05, -0.9817, -0.0126, -0.1820, 0.0551
19:38:19, 1.17, 35, 21.21, 2.40, 354.12, -0.9812, -0.0111, -0.1848, 0.0543
19:38:19, 1.20, 36, 21.55, 2.28, 354.09, -0.9807, -0.0099, -0.1877, 0.0543
19:38:19, 1.20, 36, 21.89, 2.27, 354.13, -0.9801, -0.0097, -0.1906, 0.0540
19:38:19, 1.23, 37, 22.19, 2.16, 354.11, -0.9796, -0.0086, -0.1931, 0.0540
19:38:19, 1.23, 37, 22.46, 2.09, 354.16, -0.9792, -0.0079, -0.1954, 0.0535
19:38:19, 1.27, 38, 22.66, 2.05, 354.17, -0.9789, -0.0075, -0.1971, 0.0533
19:38:19, 1.27, 38, 22.81, 1.99, 354.16, -0.9787, -0.0069, -0.1984, 0.0534
19:38:19, 1.27, 38, 22.95, 1.95, 354.16, -0.9784, -0.0065, -0.1995, 0.0533
19:38:19, 1.30, 39, 23.01, 1.86, 354.14, -0.9783, -0.0057, -0.1999, 0.0533
19:38:19, 1.30, 39, 23.03, 1.73, 354.05, -0.9783, -0.0044, -0.2001, 0.0538
19:38:19, 1.33, 40, 23.00, 1.60, 354.01, -0.9783, -0.0032, -0.1998, 0.0540
19:38:19, 1.33, 40, 22.95, 1.51, 353.99, -0.9784, -0.0024, -0.1993, 0.0540
19:38:19, 1.37, 41, 22.92, 1.36, 353.97, -0.9785, -0.0012, -0.1990, 0.0539
19:38:19, 1.37, 41, 22.83, 1.28, 353.92, -0.9787, -0.0005, -0.1982, 0.0542
19:38:19, 1.37, 41, 22.75, 1.16, 353.91, -0.9788, 0.0005, -0.1975, 0.0541
19:38:19, 1.40, 42, 22.67, 1.12, 353.86, -0.9789, 0.0010, -0.1968, 0.0544
19:38:19, 1.40, 42, 22.61, 1.06, 353.82, -0.9790, 0.0015, -0.1962, 0.0547
19:38:19, 1.43, 43, 22.56, 0.99, 353.78, -0.9791, 0.0021, -0.1957, 0.0549
19:38:19, 1.43, 43, 22.52, 0.85, 353.74, -0.9792, 0.0034, -0.1953, 0.0550
19:38:19, 1.43, 43, 22.50, 0.73, 353.68, -0.9792, 0.0046, -0.1951, 0.0553
19:38:19, 1.47, 44, 22.48, 0.57, 353.62, -0.9792, 0.0060, -0.1949, 0.0556
19:38:19, 1.47, 44, 22.49, 0.44, 353.57, -0.9792, 0.0072, -0.1949, 0.0557
19:38:19, 1.50, 45, 22.51, 0.33, 353.53, -0.9792, 0.0082, -0.1950, 0.0559
19:38:19, 1.50, 45, 22.57, 0.23, 353.50, -0.9791, 0.0091, -0.1955, 0.0560
19:38:19, 1.53, 46, 22.62, 0.11, 353.46, -0.9790, 0.0102, -0.1959, 0.0561
19:38:19, 1.53, 46, 22.71, 359.95, 353.40, -0.9788, 0.0117, -0.1965, 0.0563
19:38:19, 1.53, 46, 22.78, 359.79, 353.29, -0.9786, 0.0133, -0.1971, 0.0570
19:38:19, 1.57, 47, 22.89, 359.74, 353.17, -0.9784, 0.0141, -0.1980, 0.0579
19:38:19, 1.57, 47, 23.03, 359.70, 353.04, -0.9781, 0.0147, -0.1991, 0.0589
19:38:19, 1.60, 48, 23.14, 359.62, 352.94, -0.9779, 0.0156, -0.2000, 0.0597
19:38:19, 1.60, 48, 23.23, 359.59, 352.87, -0.9777, 0.0160, -0.2008, 0.0602
19:38:19, 1.60, 48, 23.31, 359.60, 352.78, -0.9775, 0.0161, -0.2014, 0.0609
19:38:19, 1.63, 49, 23.36, 359.60, 352.74, -0.9774, 0.0162, -0.2019, 0.0613
19:38:19, 1.63, 49, 23.39, 359.69, 352.69, -0.9773, 0.0156, -0.2021, 0.0619
19:38:19, 1.67, 50, 23.42, 359.77, 352.62, -0.9772, 0.0150, -0.2025, 0.0626
19:38:19, 1.67, 50, 23.44, 359.84, 352.58, -0.9771, 0.0145, -0.2026, 0.0631
19:38:20, 1.70, 51, 23.43, 359.92, 352.56, -0.9771, 0.0139, -0.2026, 0.0634
19:38:20, 1.70, 51, 23.46, 0.00, 352.54, -0.9771, 0.0132, -0.2028, 0.0637
19:38:20, 1.70, 51, 23.48, 0.04, 352.52, -0.9770, 0.0129, -0.2030, 0.0640
19:38:20, 1.73, 52, 23.52, 0.10, 352.55, -0.9769, 0.0124, -0.2034, 0.0638
19:38:20, 1.73, 52, 23.57, 0.15, 352.59, -0.9769, 0.0119, -0.2039, 0.0635
19:38:20, 1.77, 53, 23.57, 0.28, 352.64, -0.9769, 0.0107, -0.2040, 0.0633
19:38:20, 1.77, 53, 23.60, 0.41, 352.62, -0.9768, 0.0097, -0.2043, 0.0637
19:38:20, 1.77, 53, 23.63, 0.53, 352.63, -0.9767, 0.0086, -0.2046, 0.0639
19:38:20, 1.80, 54, 23.66, 0.63, 352.63, -0.9766, 0.0078, -0.2050, 0.0640
19:38:20, 1.80, 54, 23.70, 0.72, 352.68, -0.9766, 0.0069, -0.2053, 0.0638
19:38:20, 1.83, 55, 23.68, 0.76, 352.68, -0.9766, 0.0066, -0.2052, 0.0638
19:38:20, 1.83, 55, 23.62, 0.83, 352.66, -0.9767, 0.0060, -0.2047, 0.0641
19:38:20, 1.87, 56, 23.55, 0.90, 352.65, -0.9768, 0.0054, -0.2042, 0.0643
19:38:20, 1.87, 56, 23.44, 0.95, 352.64, -0.9770, 0.0049, -0.2032, 0.0645
19:38:20, 1.87, 56, 23.31, 0.98, 352.62, -0.9772, 0.0046, -0.2021, 0.0647
19:38:20, 1.90, 57, 23.18, 1.00, 352.60, -0.9774, 0.0044, -0.2011, 0.0650
19:38:20, 1.90, 57, 23.04, 1.02, 352.57, -0.9776, 0.0042, -0.1998, 0.0653
19:38:20, 1.93, 58, 22.90, 1.06, 352.57, -0.9779, 0.0038, -0.1987, 0.0653
19:38:20, 1.93, 58, 22.74, 1.08, 352.56, -0.9781, 0.0036, -0.1973, 0.0655
19:38:20, 1.93, 58, 22.57, 1.05, 352.55, -0.9784, 0.0038, -0.1958, 0.0655
19:38:20, 1.97, 59, 22.40, 1.09, 352.53, -0.9787, 0.0034, -0.1945, 0.0657
19:38:20, 1.97, 59, 22.31, 1.09, 352.47, -0.9788, 0.0034, -0.1937, 0.0663
19:38:20, 2.00, 60, 22.23, 1.16, 352.36, -0.9789, 0.0029, -0.1930, 0.0673
19:38:20, 2.00, 60, 22.14, 1.19, 352.28, -0.9790, 0.0027, -0.1922, 0.0680
19:38:20, 2.03, 61, 22.05, 1.20, 352.23, -0.9791, 0.0027, -0.1915, 0.0685
19:38:20, 2.03, 61, 21.93, 1.13, 352.19, -0.9793, 0.0033, -0.1904, 0.0688
19:38:20, 2.03, 61, 21.84, 0.97, 352.15, -0.9794, 0.0046, -0.1896, 0.0689
19:38:20, 2.07, 62, 21.77, 0.88, 352.14, -0.9796, 0.0054, -0.1889, 0.0688
19:38:20, 2.07, 62, 21.74, 0.81, 352.11, -0.9796, 0.0061, -0.1886, 0.0689
19:38:20, 2.10, 63, 21.74, 0.76, 352.06, -0.9796, 0.0065, -0.1886, 0.0692
19:38:20, 2.10, 63, 21.73, 0.73, 352.04, -0.9796, 0.0069, -0.1885, 0.0693
19:38:20, 2.10, 63, 21.71, 0.68, 352.00, -0.9796, 0.0073, -0.1883, 0.0696
19:38:20, 2.13, 64, 21.70, 0.66, 351.95, -0.9796, 0.0076, -0.1882, 0.0701
19:38:20, 2.13, 64, 21.69, 0.71, 351.87, -0.9796, 0.0073, -0.1881, 0.0708
19:38:20, 2.17, 65, 21.70, 0.85, 351.75, -0.9795, 0.0063, -0.1882, 0.0721
19:38:20, 2.17, 65, 21.70, 0.94, 351.65, -0.9794, 0.0056, -0.1884, 0.0731
19:38:20, 2.20, 66, 21.70, 0.99, 351.66, -0.9794, 0.0052, -0.1883, 0.0731
19:38:20, 2.20, 66, 21.74, 0.92, 351.68, -0.9793, 0.0058, -0.1886, 0.0728
19:38:20, 2.20, 66, 21.84, 0.84, 351.67, -0.9792, 0.0066, -0.1895, 0.0727
19:38:20, 2.23, 67, 21.92, 0.87, 351.64, -0.9790, 0.0064, -0.1902, 0.0730
19:38:20, 2.23, 67, 22.03, 0.98, 351.59, -0.9788, 0.0057, -0.1912, 0.0736
19:38:20, 2.27, 68, 22.13, 1.15, 351.54, -0.9786, 0.0044, -0.1921, 0.0743
19:38:20, 2.27, 68, 22.25, 1.20, 351.52, -0.9783, 0.0040, -0.1932, 0.0745
19:38:20, 2.27, 68, 22.37, 1.29, 351.55, -0.9781, 0.0033, -0.1942, 0.0744
19:38:20, 2.30, 69, 22.49, 1.43, 351.56, -0.9779, 0.0021, -0.1953, 0.0746
19:38:20, 2.30, 69, 22.66, 1.59, 351.61, -0.9776, 0.0008, -0.1969, 0.0745
19:38:20, 2.33, 70, 22.88, 1.71, 351.69, -0.9772, -0.0002, -0.1989, 0.0739
19:38:20, 2.33, 70, 23.17, 1.74, 351.78, -0.9768, -0.0005, -0.2013, 0.0732
19:38:20, 2.37, 71, 23.52, 1.56, 351.90, -0.9763, 0.0011, -0.2042, 0.0719
19:38:20, 2.37, 71, 23.95, 1.25, 352.01, -0.9756, 0.0038, -0.2077, 0.0704
19:38:20, 2.37, 71, 24.53, 0.80, 352.19, -0.9748, 0.0076, -0.2124, 0.0680
19:38:20, 2.40, 72, 25.14, 0.36, 352.37, -0.9738, 0.0114, -0.2174, 0.0656
19:38:20, 2.40, 72, 25.74, 359.87, 352.46, -0.9728, 0.0157, -0.2222, 0.0638
19:38:20, 2.43, 73, 26.34, 359.51, 352.58, -0.9717, 0.0189, -0.2271, 0.0620
19:38:20, 2.43, 73, 26.96, 359.20, 352.64, -0.9705, 0.0218, -0.2322, 0.0608
19:38:20, 2.43, 73, 27.49, 358.91, 352.71, -0.9695, 0.0243, -0.2365, 0.0595
19:38:20, 2.47, 74, 27.93, 358.67, 352.74, -0.9686, 0.0265, -0.2402, 0.0587
19:38:20, 2.47, 74, 28.38, 358.49, 352.67, -0.9676, 0.0285, -0.2438, 0.0587
19:38:20, 2.50, 75, 28.64, 358.31, 352.61, -0.9670, 0.0302, -0.2459, 0.0588
19:38:20, 2.50, 75, 28.88, 358.07, 352.51, -0.9665, 0.0325, -0.2478, 0.0590
19:38:20, 2.53, 76, 28.93, 357.92, 352.44, -0.9663, 0.0340, -0.2481, 0.0593
19:38:20, 2.53, 76, 28.97, 357.91, 352.26, -0.9661, 0.0345, -0.2484, 0.0607
19:38:20, 2.53, 76, 28.85, 358.02, 352.09, -0.9663, 0.0338, -0.2473, 0.0625
19:38:20, 2.57, 77, 28.62, 358.17, 351.90, -0.9667, 0.0329, -0.2454, 0.0645
19:38:20, 2.57, 77, 28.30, 358.21, 351.68, -0.9673, 0.0329, -0.2427, 0.0666
19:38:20, 2.60, 78, 27.99, 358.15, 351.49, -0.9678, 0.0336, -0.2400, 0.0681
19:38:20, 2.60, 78, 27.57, 358.00, 351.39, -0.9686, 0.0348, -0.2363, 0.0688
19:38:20, 2.60, 78, 27.08, 357.77, 351.30, -0.9696, 0.0366, -0.2320, 0.0692
19:38:20, 2.63, 79, 26.57, 357.49, 351.28, -0.9706, 0.0387, -0.2274, 0.0689
19:38:20, 2.63, 79, 25.98, 357.27, 351.33, -0.9718, 0.0401, -0.2223, 0.0683
19:38:20, 2.67, 80, 25.30, 357.20, 351.40, -0.9731, 0.0402, -0.2165, 0.0678
19:38:20, 2.67, 80, 24.51, 357.02, 351.51, -0.9746, 0.0411, -0.2097, 0.0668
19:38:21, 2.70, 81, 23.63, 356.70, 351.65, -0.9762, 0.0430, -0.2021, 0.0653
19:38:21, 2.70, 81, 22.49, 356.47, 351.82, -0.9783, 0.0440, -0.1922, 0.0640
19:38:21, 2.70, 81, 21.01, 356.15, 352.09, -0.9808, 0.0455, -0.1795, 0.0617
19:38:21, 2.73, 82, 19.33, 355.74, 352.36, -0.9834, 0.0477, -0.1649, 0.0594
19:38:21, 2.73, 82, 17.36, 355.22, 352.61, -0.9860, 0.0509, -0.1478, 0.0573
19:38:21, 2.77, 83, 15.12, 354.61, 352.88, -0.9887, 0.0547, -0.1283, 0.0553
19:38:21, 2.77, 83, 12.68, 353.95, 352.87, -0.9909, 0.0592, -0.1068, 0.0559
19:38:21, 2.77, 83, 10.31, 353.38, 352.85, -0.9927, 0.0630, -0.0859, 0.0568
19:38:21, 2.80, 84, 8.08, 352.78, 352.88, -0.9939, 0.0671, -0.0663, 0.0574
19:38:21, 2.80, 84, 6.03, 352.24, 353.00, -0.9947, 0.0706, -0.0483, 0.0572
19:38:21, 2.83, 85, 4.13, 351.54, 353.17, -0.9950, 0.0757, -0.0315, 0.0567
19:38:21, 2.83, 85, 2.43, 350.80, 353.39, -0.9950, 0.0812, -0.0164, 0.0558
19:38:21, 2.83, 85, 0.85, 350.13, 353.59, -0.9947, 0.0863, -0.0026, 0.0550
19:38:21, 2.87, 86, 359.36, 349.58, 353.82, -0.9944, 0.0904, 0.0104, 0.0542
19:38:21, 2.87, 86, 357.88, 349.14, 354.03, -0.9939, 0.0935, 0.0233, 0.0536
19:38:21, 2.90, 87, 356.53, 348.84, 354.21, -0.9934, 0.0955, 0.0350, 0.0532
19:38:21, 2.90, 87, 355.27, 348.53, 354.47, -0.9928, 0.0978, 0.0458, 0.0521
19:38:21, 2.93, 88, 354.19, 348.18, 354.65, -0.9921, 0.1003, 0.0552, 0.0515
19:38:21, 2.93, 88, 353.34, 347.90, 354.85, -0.9915, 0.1025, 0.0624, 0.0507
19:38:21, 2.93, 88, 352.45, 347.62, 355.07, -0.9908, 0.1046, 0.0700, 0.0498
19:38:21, 2.97, 89, 351.72, 347.43, 355.21, -0.9902, 0.1061, 0.0763, 0.0493
19:38:21, 2.97, 89, 350.93, 347.49, 355.36, -0.9898, 0.1053, 0.0829, 0.0487
19:38:21, 3.00, 90, 350.26, 347.47, 355.44, -0.9893, 0.1053, 0.0887, 0.0486
19:38:21, 3.00, 90, 349.65, 347.35, 355.55, -0.9887, 0.1061, 0.0938, 0.0484
19:38:21, 3.03, 91, 349.19, 347.16, 355.70, -0.9882, 0.1077, 0.0977, 0.0477
19:38:21, 3.03, 91, 348.56, 346.91, 355.85, -0.9875, 0.1098, 0.1030, 0.0471
19:38:21, 3.03, 91, 347.90, 346.75, 356.00, -0.9868, 0.1110, 0.1087, 0.0466
19:38:21, 3.07, 92, 347.08, 346.59, 356.11, -0.9858, 0.1122, 0.1156, 0.0466
19:38:21, 3.07, 92, 346.24, 346.44, 356.19, -0.9848, 0.1132, 0.1228, 0.0469
19:38:21, 3.10, 93, 345.36, 346.33, 356.27, -0.9838, 0.1138, 0.1302, 0.0472
19:38:21, 3.10, 93, 344.42, 346.09, 356.42, -0.9825, 0.1157, 0.1383, 0.0471
19:38:21, 3.10, 93, 343.39, 345.94, 356.65, -0.9811, 0.1169, 0.1468, 0.0464
19:38:21, 3.13, 94, 342.35, 345.77, 356.77, -0.9796, 0.1181, 0.1557, 0.0466
19:38:21, 3.13, 94, 341.29, 345.52, 356.90, -0.9779, 0.1200, 0.1646, 0.0469
19:38:21, 3.17, 95, 340.32, 345.21, 356.93, -0.9762, 0.1222, 0.1728, 0.0482
19:38:21, 3.17, 95, 339.38, 344.84, 357.02, -0.9743, 0.1251, 0.1807, 0.0489
19:38:21, 3.20, 96, 338.44, 344.50, 357.25, -0.9725, 0.1280, 0.1885, 0.0486
19:38:21, 3.20, 96, 337.57, 344.30, 357.38, -0.9708, 0.1295, 0.1957, 0.0488
19:38:21, 3.20, 96, 336.69, 343.98, 357.51, -0.9690, 0.1321, 0.2030, 0.0492
19:38:21, 3.23, 97, 335.76, 343.66, 357.63, -0.9670, 0.1346, 0.2107, 0.0498
19:38:21, 3.23, 97, 334.84, 343.37, 357.77, -0.9649, 0.1369, 0.2182, 0.0503
19:38:21, 3.27, 98, 334.03, 343.05, 357.85, -0.9630, 0.1394, 0.2249, 0.0512
19:38:21, 3.27, 98, 333.25, 342.83, 357.98, -0.9612, 0.1412, 0.2312, 0.0515
19:38:21, 3.27, 98, 332.51, 342.50, 358.17, -0.9594, 0.1440, 0.2371, 0.0515
19:38:21, 3.30, 99, 331.78, 342.12, 358.28, -0.9574, 0.1471, 0.2430, 0.0523
19:38:21, 3.30, 99, 331.05, 341.70, 358.37, -0.9553, 0.1504, 0.2489, 0.0533
19:38:21, 3.33, 100, 330.32, 341.21, 358.45, -0.9530, 0.1544, 0.2548, 0.0547
19:38:21, 3.33, 100, 329.74, 340.63, 358.39, -0.9509, 0.1588, 0.2596, 0.0573
19:38:21, 3.37, 101, 329.27, 340.00, 358.36, -0.9489, 0.1637, 0.2633, 0.0596
19:38:21, 3.37, 101, 328.83, 339.40, 358.36, -0.9469, 0.1684, 0.2668, 0.0616
19:38:21, 3.37, 101, 328.42, 338.78, 358.38, -0.9450, 0.1734, 0.2699, 0.0635
19:38:21, 3.40, 102, 328.06, 338.08, 358.35, -0.9430, 0.1789, 0.2727, 0.0659
19:38:21, 3.40, 102, 327.69, 337.47, 358.34, -0.9411, 0.1836, 0.2756, 0.0680
19:38:21, 3.43, 103, 327.35, 336.80, 358.30, -0.9391, 0.1888, 0.2782, 0.0704
19:38:21, 3.43, 103, 327.09, 336.19, 358.25, -0.9374, 0.1936, 0.2802, 0.0727
19:38:21, 3.43, 103, 326.86, 335.51, 358.20, -0.9356, 0.1989, 0.2818, 0.0751
19:38:21, 3.47, 104, 326.75, 334.81, 358.20, -0.9340, 0.2045, 0.2825, 0.0770
19:38:21, 3.47, 104, 326.65, 334.12, 358.20, -0.9325, 0.2101, 0.2830, 0.0789
19:38:21, 3.50, 105, 326.57, 333.69, 358.25, -0.9315, 0.2137, 0.2833, 0.0797
19:38:21, 3.50, 105, 326.48, 333.15, 358.26, -0.9302, 0.2180, 0.2838, 0.0811
19:38:21, 3.53, 106, 326.38, 332.60, 358.35, -0.9289, 0.2227, 0.2842, 0.0819
19:38:21, 3.53, 106, 326.35, 332.11, 358.29, -0.9278, 0.2265, 0.2844, 0.0836
19:38:21, 3.53, 106, 326.26, 331.67, 358.33, -0.9267, 0.2300, 0.2848, 0.0845
19:38:21, 3.57, 107, 326.17, 331.11, 358.38, -0.9254, 0.2347, 0.2851, 0.0856
19:38:21, 3.57, 107, 326.11, 330.66, 358.38, -0.9243, 0.2382, 0.2853, 0.0869
19:38:21, 3.60, 108, 326.06, 330.33, 358.49, -0.9235, 0.2412, 0.2853, 0.0869
19:38:21, 3.60, 108, 326.09, 330.03, 358.45, -0.9229, 0.2435, 0.2850, 0.0879
19:38:21, 3.60, 108, 326.04, 329.73, 358.52, -0.9222, 0.2460, 0.2851, 0.0882
19:38:21, 3.63, 109, 326.03, 329.47, 358.46, -0.9215, 0.2480, 0.2852, 0.0894
19:38:21, 3.63, 109, 325.99, 329.24, 358.47, -0.9209, 0.2499, 0.2853, 0.0898
19:38:21, 3.67, 110, 325.89, 329.10, 358.52, -0.9204, 0.2510, 0.2860, 0.0901
19:38:21, 3.67, 110, 325.79, 328.92, 358.56, -0.9198, 0.2525, 0.2865, 0.0903
19:38:22, 3.70, 111, 325.60, 328.66, 358.69, -0.9188, 0.2547, 0.2877, 0.0904
19:38:22, 3.70, 111, 325.31, 328.37, 358.89, -0.9176, 0.2574, 0.2893, 0.0902
19:38:22, 3.70, 111, 324.97, 328.01, 359.19, -0.9161, 0.2608, 0.2912, 0.0894
19:38:22, 3.73, 112, 324.50, 327.55, 359.55, -0.9141, 0.2650, 0.2938, 0.0888
19:38:22, 3.73, 112, 324.01, 327.07, 359.99, -0.9121, 0.2695, 0.2963, 0.0877
19:38:22, 3.77, 113, 323.37, 326.57, 0.42, -0.9096, 0.2741, 0.2999, 0.0870
19:38:22, 3.77, 113, 322.65, 326.11, 0.89, -0.9069, 0.2785, 0.3042, 0.0863
19:38:22, 3.77, 113, 321.74, 325.81, 1.43, -0.9042, 0.2816, 0.3097, 0.0850
19:38:22, 3.80, 114, 320.72, 325.62, 1.91, -0.9013, 0.2837, 0.3164, 0.0844
19:38:22, 3.80, 114, 319.66, 325.29, 2.31, -0.8978, 0.2866, 0.3234, 0.0848
19:38:22, 3.83, 115, 318.46, 325.03, 2.78, -0.8941, 0.2890, 0.3314, 0.0849
19:38:22, 3.83, 115, 317.03, 324.72, 3.24, -0.8896, 0.2917, 0.3409, 0.0859
19:38:22, 3.87, 116, 315.26, 324.54, 4.01, -0.8843, 0.2942, 0.3524, 0.0850
19:38:22, 3.87, 116, 313.08, 324.41, 4.99, -0.8779, 0.2966, 0.3665, 0.0835
19:38:22, 3.87, 116, 310.41, 324.32, 6.19, -0.8698, 0.2993, 0.3836, 0.0817
19:38:22, 3.90, 117, 307.36, 324.44, 7.62, -0.8606, 0.3012, 0.4031, 0.0783
19:38:22, 3.90, 117, 304.07, 324.81, 9.24, -0.8506, 0.3022, 0.4240, 0.0735
19:38:22, 3.93, 118, 300.63, 325.44, 11.12, -0.8399, 0.3027, 0.4456, 0.0660
19:38:22, 3.93, 118, 297.08, 326.28, 13.13, -0.8283, 0.3029, 0.4679, 0.0571
19:38:22, 3.93, 118, 293.66, 327.20, 15.08, -0.8163, 0.3032, 0.4894, 0.0478
19:38:22, 3.97, 119, 290.63, 328.23, 16.65, -0.8051, 0.3019, 0.5090, 0.0396
19:38:22, 3.97, 119, 287.96, 329.32, 17.79, -0.7947, 0.2991, 0.5272, 0.0331
19:38:22, 4.00, 120, 285.72, 330.42, 18.64, -0.7855, 0.2953, 0.5431, 0.0273
19:38:22, 4.00, 120, 283.80, 331.47, 19.23, -0.7774, 0.2911, 0.5572, 0.0225
19:38:22, 4.03, 121, 281.79, 332.41, 20.02, -0.7683, 0.2887, 0.5711, 0.0171
19:38:22, 4.03, 121, 280.36, 333.28, 20.50, -0.7617, 0.2855, 0.5815, 0.0126
19:38:22, 4.03, 121, 279.12, 334.07, 20.75, -0.7557, 0.2818, 0.5910, 0.0096
19:38:22, 4.07, 122, 278.16, 334.74, 20.77, -0.7511, 0.2777, 0.5989, 0.0080
19:38:22, 4.07, 122, 277.46, 335.39, 20.79, -0.7476, 0.2739, 0.6050, 0.0058
19:38:22, 4.10, 123, 276.86, 336.11, 20.76, -0.7447, 0.2693, 0.6106, 0.0032
19:38:22, 4.10, 123, 276.31, 336.62, 20.75, -0.7419, 0.2661, 0.6154, 0.0016
19:38:22, 4.10, 123, 275.88, 336.95, 20.81, -0.7397, 0.2645, 0.6188, 0.0003
19:38:22, 4.13, 124, 275.49, 337.23, 20.76, -0.7377, 0.2625, 0.6221, -0.0002
19:38:22, 4.13, 124, 275.16, 337.44, 20.65, -0.7359, 0.2606, 0.6249, 0.0001
19:38:22, 4.17, 125, 274.84, 337.80, 20.51, -0.7342, 0.2577, 0.6281, -0.0005
19:38:22, 4.17, 125, 274.64, 338.12, 20.32, -0.7332, 0.2547, 0.6305, -0.0007
19:38:22, 4.20, 126, 274.37, 338.54, 20.07, -0.7317, 0.2508, 0.6338, -0.0010
19:38:22, 4.20, 126, 274.04, 339.02, 19.89, -0.7300, 0.2470, 0.6373, -0.0020
19:38:22, 4.20, 126, 273.66, 339.53, 19.57, -0.7279, 0.2422, 0.6415, -0.0022
19:38:22, 4.23, 127, 273.23, 340.08, 19.32, -0.7256, 0.2375, 0.6459, -0.0030
19:38:22, 4.23, 127, 272.71, 340.75, 19.12, -0.7227, 0.2323, 0.6509, -0.0047
19:38:22, 4.27, 128, 272.08, 341.42, 18.90, -0.7192, 0.2271, 0.6567, -0.0061
19:38:22, 4.27, 128, 271.36, 342.22, 18.66, -0.7150, 0.2210, 0.6632, -0.0080
19:38:22, 4.27, 128, 270.55, 343.24, 18.44, -0.7102, 0.2137, 0.6706, -0.0114
19:38:22, 4.30, 129, 269.68, 344.25, 18.11, -0.7051, 0.2060, 0.6784, -0.0140
19:38:22, 4.30, 129, 268.72, 345.42, 17.90, -0.6992, 0.1980, 0.6868, -0.0183
19:38:22, 4.33, 130, 267.63, 346.50, 17.83, -0.6924, 0.1914, 0.6953, -0.0227
19:38:22, 4.33, 130, 266.51, 347.59, 17.76, -0.6852, 0.1849, 0.7039, -0.0274
19:38:22, 4.37, 131, 265.49, 348.57, 17.66, -0.6786, 0.1789, 0.7117, -0.0314
19:38:22, 4.37, 131, 264.49, 349.49, 17.57, -0.6720, 0.1734, 0.7191, -0.0353
19:38:22, 4.37, 131, 263.72, 350.26, 17.40, -0.6668, 0.1682, 0.7250, -0.0381
19:38:22, 4.40, 132, 263.04, 350.89, 17.24, -0.6623, 0.1639, 0.7300, -0.0403
19:38:22, 4.40, 132, 262.49, 351.42, 17.14, -0.6585, 0.1605, 0.7341, -0.0424
19:38:22, 4.43, 133, 262.09, 351.90, 17.01, -0.6557, 0.1572, 0.7372, -0.0442
19:38:22, 4.43, 133, 261.82, 352.28, 16.83, -0.6538, 0.1540, 0.7395, -0.0453
19:38:22, 4.43, 133, 261.69, 352.66, 16.61, -0.6528, 0.1504, 0.7410, -0.0463
19:38:22, 4.47, 134, 261.52, 353.08, 16.40, -0.6515, 0.1469, 0.7427, -0.0477
19:38:22, 4.47, 134, 261.43, 353.54, 16.26, -0.6508, 0.1434, 0.7439, -0.0498
19:38:22, 4.50, 135, 261.26, 353.95, 16.08, -0.6494, 0.1400, 0.7456, -0.0513
19:38:22, 4.50, 135, 261.05, 354.39, 15.92, -0.6479, 0.1366, 0.7475, -0.0530
19:38:22, 4.53, 136, 260.81, 354.87, 15.70, -0.6461, 0.1326, 0.7496, -0.0547
19:38:22, 4.53, 136, 260.47, 355.39, 15.43, -0.6437, 0.1282, 0.7524, -0.0562
19:38:22, 4.53, 136, 260.12, 355.96, 15.17, -0.6411, 0.1235, 0.7552, -0.0582
19:38:22, 4.57, 137, 259.67, 356.56, 14.85, -0.6379, 0.1182, 0.7586, -0.0599
19:38:22, 4.57, 137, 259.25, 357.14, 14.59, -0.6349, 0.1136, 0.7617, -0.0619
19:38:22, 4.60, 138, 258.75, 357.66, 14.31, -0.6313, 0.1091, 0.7652, -0.0634
19:38:22, 4.60, 138, 258.27, 358.11, 14.06, -0.6279, 0.1053, 0.7684, -0.0646
19:38:22, 4.60, 138, 257.84, 358.50, 13.79, -0.6248, 0.1015, 0.7714, -0.0653
19:38:22, 4.63, 139, 257.37, 358.86, 13.54, -0.6216, 0.0982, 0.7744, -0.0660
19:38:22, 4.63, 139, 257.03, 359.23, 13.23, -0.6191, 0.0943, 0.7768, -0.0665
19:38:22, 4.67, 140, 256.61, 359.67, 12.93, -0.6161, 0.0901, 0.7795, -0.0676
19:38:22, 4.67, 140, 256.27, 0.10, 12.67, -0.6136, 0.0863, 0.7818, -0.0688
19:38:23, 4.70, 141, 255.94, 0.51, 12.44, -0.6113, 0.0827, 0.7840, -0.0701
19:38:23, 4.70, 141, 255.62, 0.91, 12.25, -0.6089, 0.0794, 0.7860, -0.0716
19:38:23, 4.70, 141, 255.28, 1.23, 12.05, -0.6064, 0.0766, 0.7881, -0.0726
19:38:23, 4.73, 142, 254.89, 1.63, 11.81, -0.6036, 0.0731, 0.7905, -0.0738
19:38:23, 4.73, 142, 254.54, 2.04, 11.55, -0.6010, 0.0693, 0.7927, -0.0750
19:38:23, 4.77, 143, 254.13, 2.52, 11.24, -0.5980, 0.0649, 0.7952, -0.0764
19:38:23, 4.77, 143, 253.66, 3.06, 10.95, -0.5945, 0.0604, 0.7980, -0.0785
19:38:23, 4.77, 143, 253.20, 3.69, 10.60, -0.5910, 0.0550, 0.8007, -0.0808
19:38:23, 4.80, 144, 252.75, 4.32, 10.24, -0.5876, 0.0495, 0.8033, -0.0831
19:38:23, 4.80, 144, 252.31, 4.95, 9.90, -0.5842, 0.0442, 0.8059, -0.0856
19:38:23, 4.83, 145, 251.89, 5.66, 9.48, -0.5810, 0.0379, 0.8082, -0.0882
19:38:23, 4.83, 145, 251.43, 6.46, 9.05, -0.5774, 0.0311, 0.8107, -0.0916
19:38:23, 4.87, 146, 251.07, 7.40, 8.58, -0.5744, 0.0234, 0.8126, -0.0958
19:38:23, 4.87, 146, 250.77, 8.36, 8.11, -0.5718, 0.0154, 0.8141, -0.1001
19:38:23, 4.87, 146, 250.45, 9.25, 7.66, -0.5692, 0.0080, 0.8155, -0.1041
19:38:23, 4.90, 147, 250.08, 9.92, 7.33, -0.5663, 0.0026, 0.8172, -0.1072
19:38:23, 4.90, 147, 249.71, 10.61, 6.99, -0.5634, -0.0030, 0.8188, -0.1104
19:38:23, 4.93, 148, 249.39, 11.35, 6.55, -0.5608, -0.0094, 0.8201, -0.1136
19:38:23, 4.93, 148, 249.15, 11.99, 6.17, -0.5589, -0.0151, 0.8209, -0.1162
19:38:23, 4.93, 148, 248.95, 12.62, 5.85, -0.5573, -0.0203, 0.8215, -0.1192
19:38:23, 4.97, 149, 248.67, 13.13, 5.56, -0.5551, -0.0246, 0.8225, -0.1215
19:38:23, 4.97, 149, 248.42, 13.53, 5.33, -0.5532, -0.0280, 0.8234, -0.1233
19:38:23, 5.00, 150, 248.09, 13.88, 5.08, -0.5508, -0.0311, 0.8247, -0.1247
19:38:23, 5.00, 150, 247.78, 14.28, 4.80, -0.5485, -0.0347, 0.8259, -0.1263
19:38:23, 5.03, 151, 247.53, 14.75, 4.54, -0.5465, -0.0386, 0.8266, -0.1285
19:38:23, 5.03, 151, 247.30, 15.08, 4.30, -0.5448, -0.0417, 0.8274, -0.1298
19:38:23, 5.03, 151, 247.03, 15.41, 4.04, -0.5429, -0.0449, 0.8283, -0.1310
19:38:23, 5.07, 152, 246.70, 15.68, 3.72, -0.5407, -0.0481, 0.8295, -0.1316
19:38:23, 5.07, 152, 246.39, 16.09, 3.31, -0.5385, -0.0526, 0.8305, -0.1328
19:38:23, 5.10, 153, 246.20, 16.50, 2.90, -0.5373, -0.0573, 0.8307, -0.1338
19:38:23, 5.10, 153, 246.06, 16.86, 2.54, -0.5363, -0.0615, 0.8309, -0.1349
19:38:23, 5.10, 153, 245.96, 17.24, 2.37, -0.5355, -0.0644, 0.8309, -0.1368
19:38:23, 5.13, 154, 245.74, 17.63, 2.20, -0.5338, -0.0673, 0.8314, -0.1390
19:38:23, 5.13, 154, 245.55, 18.01, 1.93, -0.5324, -0.0708, 0.8318, -0.1406
19:38:23, 5.17, 155, 245.52, 18.40, 1.56, -0.5323, -0.0751, 0.8312, -0.1417
19:38:23, 5.17, 155, 245.52, 18.75, 1.14, -0.5325, -0.0799, 0.8306, -0.1423
19:38:23, 5.20, 156, 245.68, 19.17, 1.04, -0.5334, -0.0828, 0.8292, -0.1448
19:38:23, 5.20, 156, 245.67, 19.64, 1.04, -0.5329, -0.0850, 0.8287, -0.1482
19:38:23, 5.20, 156, 245.54, 20.11, 0.92, -0.5318, -0.0878, 0.8287, -0.1511
19:38:23, 5.23, 157, 245.48, 20.62, 0.61, -0.5313, -0.0924, 0.8280, -0.1534
19:38:23, 5.23, 157, 245.54, 21.11, 0.11, -0.5320, -0.0984, 0.8267, -0.1545
19:38:23, 5.27, 158, 245.88, 21.63, 359.68, -0.5345, -0.1043, 0.8241, -0.1560
19:38:23, 5.27, 158, 246.24, 22.24, 359.58, -0.5367, -0.1084, 0.8214, -0.1596
19:38:23, 5.27, 158, 246.60, 23.01, 359.73, -0.5384, -0.1114, 0.8187, -0.1654
19:38:23, 5.30, 159, 246.99, 23.79, 359.76, -0.5403, -0.1155, 0.8158, -0.1708
19:38:23, 5.30, 159, 247.45, 24.64, 359.77, -0.5428, -0.1201, 0.8123, -0.1764
19:38:23, 5.33, 160, 247.97, 25.41, 359.93, -0.5454, -0.1234, 0.8088, -0.1821
19:38:23, 5.33, 160, 248.49, 26.22, 0.27, -0.5476, -0.1258, 0.8054, -0.1888
19:38:23, 5.37, 161, 248.95, 26.87, 0.52, -0.5497, -0.1279, 0.8024, -0.1940
19:38:23, 5.37, 161, 249.32, 27.22, 0.72, -0.5515, -0.1288, 0.8003, -0.1970
19:38:23, 5.37, 161, 249.56, 27.45, 0.87, -0.5527, -0.1293, 0.7989, -0.1990
19:38:23, 5.40, 162, 249.83, 27.74, 0.89, -0.5541, -0.1311, 0.7971, -0.2009
19:38:23, 5.40, 162, 250.03, 27.96, 0.86, -0.5553, -0.1327, 0.7957, -0.2021
19:38:23, 5.43, 163, 250.18, 28.23, 0.83, -0.5561, -0.1345, 0.7945, -0.2035
19:38:23, 5.43, 163, 250.20, 28.44, 0.91, -0.5558, -0.1350, 0.7942, -0.2054
19:38:23, 5.43, 163, 250.04, 28.70, 0.91, -0.5543, -0.1359, 0.7945, -0.2074
19:38:23, 5.47, 164, 249.71, 28.98, 0.66, -0.5522, -0.1384, 0.7953, -0.2085
19:38:23, 5.47, 164, 249.44, 29.28, 0.24, -0.5506, -0.1423, 0.7956, -0.2089
19:38:23, 5.50, 165, 249.25, 29.56, 359.85, -0.5497, -0.1460, 0.7955, -0.2092
19:38:23, 5.50, 165, 249.04, 29.79, 359.48, -0.5486, -0.1493, 0.7956, -0.2093
19:38:23, 5.53, 166, 248.81, 29.97, 359.21, -0.5473, -0.1516, 0.7960, -0.2095
19:38:23, 5.53, 166, 248.58, 30.17, 358.89, -0.5460, -0.1543, 0.7963, -0.2097
19:38:23, 5.53, 166, 248.41, 30.33, 358.43, -0.5455, -0.1580, 0.7962, -0.2089
19:38:23, 5.57, 167, 248.27, 30.53, 357.88, -0.5453, -0.1625, 0.7956, -0.2079
19:38:23, 5.57, 167, 248.27, 30.91, 357.48, -0.5456, -0.1670, 0.7943, -0.2086
19:38:23, 5.60, 168, 248.22, 31.32, 357.06, -0.5455, -0.1717, 0.7931, -0.2096
19:38:23, 5.60, 168, 248.19, 31.70, 356.70, -0.5455, -0.1760, 0.7919, -0.2106
19:38:23, 5.60, 168, 248.15, 31.99, 356.33, -0.5456, -0.1798, 0.7909, -0.2109
19:38:23, 5.63, 169, 248.17, 32.25, 355.96, -0.5462, -0.1836, 0.7896, -0.2109
19:38:23, 5.63, 169, 248.31, 32.59, 355.54, -0.5475, -0.1883, 0.7876, -0.2110
19:38:23, 5.67, 170, 248.47, 32.83, 355.12, -0.5491, -0.1926, 0.7856, -0.2105
19:38:23, 5.67, 170, 248.71, 33.16, 354.77, -0.5510, -0.1969, 0.7831, -0.2107
19:38:24, 5.70, 171, 248.93, 33.44, 354.55, -0.5526, -0.2002, 0.7810, -0.2112
19:38:24, 5.70, 171, 249.13, 33.60, 354.41, -0.5541, -0.2023, 0.7794, -0.2112
19:38:24, 5.70, 171, 249.35, 33.78, 354.32, -0.5556, -0.2041, 0.7777, -0.2116
19:38:24, 5.73, 172, 249.55, 33.89, 354.03, -0.5573, -0.2069, 0.7760, -0.2107
19:38:24, 5.73, 172, 249.78, 34.14, 353.80, -0.5591, -0.2100, 0.7739, -0.2108
19:38:24, 5.77, 173, 249.95, 34.36, 353.67, -0.5602, -0.2123, 0.7723, -0.2114
19:38:24, 5.77, 173, 250.11, 34.68, 353.59, -0.5610, -0.2146, 0.7706, -0.2130
19:38:24, 5.77, 173, 250.14, 35.01, 353.38, -0.5613, -0.2176, 0.7692, -0.2142
19:38:24, 5.80, 174, 250.21, 35.19, 353.01, -0.5622, -0.2210, 0.7678, -0.2134
19:38:24, 5.80, 174, 250.35, 35.45, 352.79, -0.5633, -0.2240, 0.7660, -0.2139
19:38:24, 5.83, 175, 250.36, 35.78, 352.43, -0.5636, -0.2280, 0.7645, -0.2144
19:38:24, 5.83, 175, 250.39, 36.26, 352.24, -0.5637, -0.2315, 0.7627, -0.2167
19:38:24, 5.87, 176, 250.51, 36.83, 352.00, -0.5643, -0.2359, 0.7602, -0.2191
19:38:24, 5.87, 176, 250.65, 37.53, 351.80, -0.5649, -0.2408, 0.7572, -0.2227
19:38:24, 5.87, 176, 250.88, 38.42, 351.50, -0.5659, -0.2473, 0.7531, -0.2267
19:38:24, 5.90, 177, 251.31, 39.41, 351.30, -0.5679, -0.2540, 0.7479, -0.2316
19:38:24, 5.90, 177, 251.98, 40.46, 351.18, -0.5713, -0.2610, 0.7413, -0.2365
19:38:24, 5.93, 178, 252.54, 41.57, 350.99, -0.5738, -0.2685, 0.7350, -0.2418
19:38:24, 5.93, 178, 253.12, 42.64, 350.95, -0.5762, -0.2750, 0.7288, -0.2473
19:38:24, 5.93, 178, 253.68, 43.65, 350.81, -0.5786, -0.2817, 0.7227, -0.2520
19:38:24, 5.97, 179, 254.16, 44.58, 350.58, -0.5809, -0.2885, 0.7169, -0.2558
19:38:24, 5.97, 179, 254.68, 45.42, 350.27, -0.5835, -0.2955, 0.7109, -0.2584
19:38:24, 6.00, 180, 255.19, 46.12, 350.02, -0.5862, -0.3015, 0.7055, -0.2604
19:38:24, 6.00, 180, 255.71, 46.80, 349.80, -0.5888, -0.3071, 0.7001, -0.2623
19:38:24, 6.03, 181, 256.31, 47.35, 349.54, -0.5922, -0.3127, 0.6946, -0.2628
19:38:24, 6.03, 181, 257.10, 47.84, 349.42, -0.5965, -0.3175, 0.6886, -0.2632
19:38:24, 6.03, 181, 257.66, 48.32, 349.45, -0.5990, -0.3209, 0.6842, -0.2648
19:38:24, 6.07, 182, 257.96, 48.75, 349.53, -0.5999, -0.3231, 0.6814, -0.2672
19:38:24, 6.07, 182, 258.30, 49.08, 349.48, -0.6015, -0.3258, 0.6784, -0.2681
19:38:24, 6.10, 183, 258.61, 49.41, 349.25, -0.6032, -0.3294, 0.6750, -0.2681
19:38:24, 6.10, 183, 258.94, 49.67, 348.86, -0.6056, -0.3337, 0.6714, -0.2667
19:38:24, 6.10, 183, 259.26, 49.76, 348.67, -0.6078, -0.3360, 0.6688, -0.2653
19:38:24, 6.13, 184, 259.44, 49.83, 348.68, -0.6087, -0.3367, 0.6677, -0.2653
19:38:24, 6.13, 184, 259.48, 49.91, 348.69, -0.6088, -0.3371, 0.6672, -0.2658
19:38:24, 6.17, 185, 259.48, 49.91, 348.62, -0.6089, -0.3375, 0.6670, -0.2654
19:38:24, 6.17, 185, 259.55, 49.93, 348.39, -0.6099, -0.3391, 0.6658, -0.2640
19:38:24, 6.20, 186, 259.73, 49.90, 348.16, -0.6114, -0.3407, 0.6643, -0.2622
19:38:24, 6.20, 186, 259.98, 49.89, 348.02, -0.6132, -0.3421, 0.6626, -0.2606
19:38:24, 6.20, 186, 260.25, 49.95, 347.97, -0.6148, -0.3432, 0.6609, -0.2599
19:38:24, 6.23, 187, 260.44, 50.11, 347.95, -0.6157, -0.3446, 0.6591, -0.2602
19:38:24, 6.23, 187, 260.53, 50.40, 347.85, -0.6159, -0.3467, 0.6574, -0.2612
19:38:24, 6.27, 188, 260.63, 50.78, 347.68, -0.6162, -0.3498, 0.6551, -0.2623
19:38:24, 6.27, 188, 260.83, 51.13, 347.52, -0.6171, -0.3528, 0.6524, -0.2630
19:38:24, 6.27, 188, 261.15, 51.45, 347.30, -0.6188, -0.3562, 0.6489, -0.2629
19:38:24, 6.30, 189, 261.71, 51.78, 347.05, -0.6220, -0.3605, 0.6439, -0.2618
19:38:24, 6.30, 189, 262.40, 52.11, 347.07, -0.6252, -0.3636, 0.6391, -0.2618
19:38:24, 6.33, 190, 263.10, 52.46, 347.03, -0.6285, -0.3671, 0.6339, -0.2614
19:38:24, 6.33, 190, 263.90, 52.98, 347.13, -0.6317, -0.3709, 0.6280, -0.2626
19:38:24, 6.37, 191, 264.74, 53.50, 347.24, -0.6350, -0.3748, 0.6219, -0.2636
19:38:24, 6.37, 191, 265.55, 54.12, 347.36, -0.6378, -0.3790, 0.6157, -0.2653
19:38:24, 6.37, 191, 266.15, 54.83, 347.57, -0.6391, -0.3828, 0.6106, -0.2688
19:38:24, 6.40, 192, 266.47, 55.49, 347.68, -0.6391, -0.3862, 0.6068, -0.2722
19:38:24, 6.40, 192, 266.49, 56.24, 347.64, -0.6377, -0.3902, 0.6039, -0.2762
19:38:24, 6.43, 193, 266.25, 56.85, 347.26, -0.6360, -0.3946, 0.6018, -0.2785
19:38:24, 6.43, 193, 266.17, 57.34, 346.94, -0.6353, -0.3985, 0.5994, -0.2800
19:38:24, 6.43, 193, 265.98, 57.61, 346.59, -0.6346, -0.4012, 0.5982, -0.2803
19:38:24, 6.47, 194, 265.78, 57.67, 346.36, -0.6340, -0.4022, 0.5983, -0.2800
19:38:24, 6.47, 194, 265.38, 57.58, 345.93, -0.6331, -0.4030, 0.5993, -0.2785
19:38:24, 6.50, 195, 265.12, 57.29, 345.48, -0.6335, -0.4034, 0.6002, -0.2752
19:38:24, 6.50, 195, 264.87, 56.96, 344.96, -0.6341, -0.4039, 0.6010, -0.2712
19:38:24, 6.53, 196, 264.74, 56.52, 344.60, -0.6351, -0.4034, 0.6021, -0.2671
19:38:24, 6.53, 196, 264.80, 56.10, 344.50, -0.6365, -0.4020, 0.6030, -0.2638
19:38:24, 6.53, 196, 264.94, 55.67, 344.69, -0.6376, -0.3994, 0.6045, -0.2618
19:38:24, 6.57, 197, 265.18, 55.25, 344.94, -0.6392, -0.3966, 0.6055, -0.2599
19:38:24, 6.57, 197, 265.43, 54.91, 345.18, -0.6406, -0.3942, 0.6062, -0.2583
19:38:24, 6.60, 198, 265.74, 54.66, 345.38, -0.6423, -0.3926, 0.6061, -0.2569
19:38:24, 6.60, 198, 265.99, 54.49, 345.50, -0.6437, -0.3917, 0.6057, -0.2556
19:38:24, 6.60, 198, 266.31, 54.42, 345.66, -0.6452, -0.3913, 0.6047, -0.2550
19:38:24, 6.63, 199, 266.55, 54.49, 345.82, -0.6459, -0.3913, 0.6036, -0.2555
19:38:24, 6.63, 199, 266.64, 54.60, 345.89, -0.6460, -0.3917, 0.6030, -0.2562
19:38:24, 6.67, 200, 266.73, 54.75, 345.84, -0.6463, -0.3929, 0.6018, -0.2565
19:38:24, 6.67, 200, 266.76, 54.89, 345.73, -0.6464, -0.3943, 0.6007, -0.2567
19:38:25, 6.70, 201, 266.76, 55.01, 345.58, -0.6465, -0.3956, 0.5997, -0.2566
19:38:25, 6.70, 201, 266.69, 55.10, 345.43, -0.6463, -0.3967, 0.5993, -0.2565
19:38:25, 6.70, 201, 266.64, 55.21, 345.26, -0.6462, -0.3980, 0.5986, -0.2564
19:38:25, 6.73, 202, 266.53, 55.32, 345.01, -0.6459, -0.3996, 0.5980, -0.2560
19:38:25, 6.73, 202, 266.44, 55.39, 344.78, -0.6458, -0.4009, 0.5974, -0.2554
19:38:25, 6.77, 203, 266.36, 55.44, 344.61, -0.6457, -0.4019, 0.5971, -0.2550
19:38:25, 6.77, 203, 266.33, 55.41, 344.48, -0.6459, -0.4023, 0.5969, -0.2542
19:38:25, 6.77, 203, 266.35, 55.32, 344.42, -0.6463, -0.4023, 0.5969, -0.2533
19:38:25, 6.80, 204, 266.41, 55.22, 344.40, -0.6469, -0.4020, 0.5969, -0.2524
19:38:25, 6.80, 204, 266.56, 55.04, 344.42, -0.6480, -0.4013, 0.5968, -0.2509
19:38:25, 6.83, 205, 266.74, 54.85, 344.47, -0.6492, -0.4005, 0.5966, -0.2494
19:38:25, 6.83, 205, 266.92, 54.53, 344.57, -0.6505, -0.3988, 0.5971, -0.2474
19:38:25, 6.87, 206, 267.08, 54.14, 344.68, -0.6519, -0.3967, 0.5979, -0.2451
19:38:25, 6.87, 206, 267.27, 53.69, 344.76, -0.6536, -0.3945, 0.5987, -0.2423
19:38:25, 6.87, 206, 267.54, 53.26, 344.84, -0.6557, -0.3925, 0.5990, -0.2393
19:38:25, 6.90, 207, 267.87, 52.85, 345.01, -0.6579, -0.3903, 0.5991, -0.2367
19:38:25, 6.90, 207, 268.28, 52.45, 345.23, -0.6603, -0.3879, 0.5989, -0.2342
19:38:25, 6.93, 208, 268.76, 52.11, 345.61, -0.6627, -0.3852, 0.5986, -0.2327
19:38:25, 6.93, 208, 269.40, 51.71, 346.13, -0.6658, -0.3818, 0.5979, -0.2312
19:38:25, 6.93, 208, 270.03, 51.23, 346.59, -0.6691, -0.3781, 0.5974, -0.2291
19:38:25, 6.97, 209, 270.71, 50.76, 347.17, -0.6724, -0.3740, 0.5968, -0.2275
19:38:25, 6.97, 209, 271.53, 50.06, 347.99, -0.6765, -0.3676, 0.5969, -0.2256
19:38:25, 7.00, 210, 272.37, 49.31, 348.82, -0.6808, -0.3609, 0.5969, -0.2236
19:38:25, 7.00, 210, 273.34, 48.34, 349.73, -0.6861, -0.3527, 0.5969, -0.2204
19:38:25, 7.03, 211, 274.33, 47.29, 350.56, -0.6919, -0.3444, 0.5965, -0.2165
19:38:25, 7.03, 211, 275.32, 46.17, 351.41, -0.6978, -0.3354, 0.5962, -0.2124
19:38:25, 7.03, 211, 276.27, 44.92, 352.26, -0.7039, -0.3255, 0.5961, -0.2079
19:38:25, 7.07, 212, 277.02, 43.49, 352.95, -0.7096, -0.3148, 0.5971, -0.2021
19:38:25, 7.07, 212, 277.53, 41.92, 353.42, -0.7146, -0.3039, 0.5991, -0.1951
19:38:25, 7.10, 213, 277.82, 40.26, 353.51, -0.7193, -0.2939, 0.6015, -0.1857
19:38:25, 7.10, 213, 278.12, 38.35, 353.30, -0.7249, -0.2838, 0.6034, -0.1732
19:38:25, 7.10, 213, 278.53, 36.34, 353.17, -0.7308, -0.2728, 0.6049, -0.1602
19:38:25, 7.13, 214, 278.98, 34.28, 353.33, -0.7365, -0.2598, 0.6066, -0.1488
19:38:25, 7.13, 214, 279.50, 32.27, 353.67, -0.7420, -0.2460, 0.6080, -0.1388
19:38:25, 7.17, 215, 280.08, 30.36, 353.97, -0.7476, -0.2330, 0.6084, -0.1290
19:38:25, 7.17, 215, 280.67, 28.53, 354.19, -0.7531, -0.2208, 0.6082, -0.1193
19:38:25, 7.20, 216, 281.26, 26.75, 354.32, -0.7584, -0.2092, 0.6075, -0.1093
19:38:25, 7.20, 216, 281.90, 25.00, 354.58, -0.7638, -0.1970, 0.6064, -0.1004
19:38:25, 7.20, 216, 282.62, 23.46, 354.88, -0.7691, -0.1859, 0.6044, -0.0928
19:38:25, 7.23, 217, 283.35, 21.84, 355.15, -0.7746, -0.1742, 0.6021, -0.0848
19:38:25, 7.23, 217, 284.24, 20.33, 355.44, -0.7806, -0.1633, 0.5983, -0.0774
19:38:25, 7.27, 218, 285.13, 18.72, 355.78, -0.7866, -0.1511, 0.5946, -0.0700
19:38:25, 7.27, 218, 286.03, 17.13, 356.07, -0.7925, -0.1393, 0.5905, -0.0625
19:38:25, 7.27, 218, 286.98, 15.67, 356.26, -0.7985, -0.1287, 0.5855, -0.0551
19:38:25, 7.30, 219, 288.06, 14.42, 356.44, -0.8048, -0.1196, 0.5793, -0.0487
19:38:25, 7.30, 219, 289.05, 13.32, 356.62, -0.8105, -0.1114, 0.5734, -0.0435
19:38:25, 7.33, 220, 290.13, 12.45, 356.88, -0.8163, -0.1044, 0.5667, -0.0399
19:38:25, 7.33, 220, 291.20, 11.59, 357.11, -0.8221, -0.0975, 0.5598, -0.0363
19:38:25, 7.37, 221, 292.27, 10.76, 357.12, -0.8277, -0.0918, 0.5527, -0.0315
19:38:25, 7.37, 221, 293.35, 10.03, 357.03, -0.8334, -0.0872, 0.5452, -0.0265
19:38:25, 7.37, 221, 294.47, 9.30, 357.02, -0.8390, -0.0822, 0.5374, -0.0221
19:38:25, 7.40, 222, 295.60, 8.62, 357.00, -0.8446, -0.0774, 0.5295, -0.0179
19:38:25, 7.40, 222, 296.72, 8.00, 357.03, -0.8499, -0.0729, 0.5216, -0.0146
19:38:25, 7.43, 223, 297.94, 7.54, 357.00, -0.8556, -0.0698, 0.5128, -0.0115
19:38:25, 7.43, 223, 299.17, 7.01, 356.91, -0.8613, -0.0663, 0.5037, -0.0078
19:38:25, 7.43, 223, 300.46, 6.60, 356.78, -0.8670, -0.0638, 0.4941, -0.0042
19:38:25, 7.47, 224, 301.84, 6.07, 356.63, -0.8731, -0.0605, 0.4838, -0.0001
19:38:25, 7.47, 224, 303.23, 5.65, 356.47, -0.8790, -0.0579, 0.4733, 0.0036
19:38:25, 7.50, 225, 304.58, 5.19, 356.29, -0.8846, -0.0551, 0.4630, 0.0076
19:38:25, 7.50, 225, 305.93, 4.78, 356.09, -0.8901, -0.0526, 0.4526, 0.0114
19:38:25, 7.53, 226, 307.18, 4.40, 355.94, -0.8950, -0.0501, 0.4429, 0.0146
19:38:25, 7.53, 226, 308.38, 4.03, 355.74, -0.8996, -0.0478, 0.4336, 0.0181
19:38:25, 7.53, 226, 309.57, 3.80, 355.53, -0.9041, -0.0466, 0.4243, 0.0211
19:38:25, 7.57, 227, 310.83, 3.52, 355.36, -0.9087, -0.0447, 0.4144, 0.0240
19:38:25, 7.57, 227, 312.08, 3.28, 355.21, -0.9131, -0.0431, 0.4045, 0.0266
19:38:25, 7.60, 228, 313.45, 3.01, 354.96, -0.9179, -0.0414, 0.3936, 0.0300
19:38:25, 7.60, 228, 314.88, 2.74, 354.79, -0.9227, -0.0395, 0.3821, 0.0328
19:38:25, 7.60, 228, 316.35, 2.31, 354.67, -0.9275, -0.0359, 0.3705, 0.0357
19:38:25, 7.63, 229, 317.77, 1.81, 354.54, -0.9320, -0.0319, 0.3591, 0.0387
19:38:25, 7.63, 229, 319.33, 1.29, 354.26, -0.9366, -0.0279, 0.3465, 0.0431
19:38:25, 7.67, 230, 321.10, 0.70, 353.98, -0.9417, -0.0233, 0.3322, 0.0475
19:38:25, 7.67, 230, 322.91, 0.05, 353.73, -0.9467, -0.0178, 0.3176, 0.0517
19:38:26, 7.70, 231, 324.87, 359.18, 353.44, -0.9517, -0.0105, 0.3017, 0.0567
19:38:26, 7.70, 231, 326.96, 358.11, 353.01, -0.9565, -0.0016, 0.2847, 0.0631
19:38:26, 7.70, 231, 329.10, 356.75, 352.49, -0.9609, 0.0099, 0.2675, 0.0707
19:38:26, 7.73, 232, 331.26, 355.04, 351.79, -0.9645, 0.0241, 0.2503, 0.0800
19:38:26, 7.73, 232, 333.57, 353.24, 351.03, -0.9678, 0.0394, 0.2320, 0.0895
19:38:26, 7.77, 233, 335.99, 351.75, 350.45, -0.9710, 0.0528, 0.2126, 0.0961
19:38:26, 7.77, 233, 338.52, 350.62, 349.99, -0.9741, 0.0638, 0.1920, 0.1006
19:38:26, 7.77, 233, 341.05, 349.73, 349.56, -0.9770, 0.0730, 0.1713, 0.1041
19:38:26, 7.80, 234, 343.51, 349.20, 349.25, -0.9797, 0.0794, 0.1508, 0.1058
19:38:26, 7.80, 234, 345.97, 348.88, 348.90, -0.9821, 0.0839, 0.1302, 0.1073
19:38:26, 7.83, 235, 348.27, 348.90, 348.61, -0.9842, 0.0857, 0.1108, 0.1081
19:38:26, 7.83, 235, 350.41, 349.13, 348.49, -0.9862, 0.0855, 0.0923, 0.1074
19:38:26, 7.87, 236, 352.43, 349.51, 348.48, -0.9880, 0.0842, 0.0746, 0.1057
19:38:26, 7.87, 236, 354.43, 349.77, 348.57, -0.9895, 0.0837, 0.0571, 0.1034
19:38:26, 7.87, 236, 356.02, 350.29, 348.74, -0.9907, 0.0808, 0.0427, 0.1007
19:38:26, 7.90, 237, 357.50, 350.73, 348.90, -0.9917, 0.0783, 0.0295, 0.0981
19:38:26, 7.90, 237, 358.99, 350.97, 348.84, -0.9921, 0.0775, 0.0164, 0.0976
19:38:26, 7.93, 238, 0.50, 351.13, 348.80, -0.9923, 0.0774, 0.0032, 0.0970
19:38:26, 7.93, 238, 2.00, 351.14, 348.58, -0.9920, 0.0786, -0.0096, 0.0979
19:38:26, 7.93, 238, 3.49, 351.06, 348.47, -0.9917, 0.0806, -0.0224, 0.0977
19:38:26, 7.97, 239, 4.84, 351.02, 348.31, -0.9912, 0.0821, -0.0339, 0.0981
19:38:26, 7.97, 239, 6.10, 351.12, 348.24, -0.9908, 0.0823, -0.0449, 0.0979
19:38:26, 8.00, 240, 7.33, 351.29, 348.22, -0.9903, 0.0819, -0.0556, 0.0973
19:38:26, 8.00, 240, 8.51, 351.59, 348.20, -0.9898, 0.0804, -0.0661, 0.0968
19:38:26, 8.03, 241, 9.59, 351.86, 348.35, -0.9895, 0.0788, -0.0758, 0.0950
19:38:26, 8.03, 241, 10.65, 352.05, 348.38, -0.9888, 0.0780, -0.0851, 0.0941
19:38:26, 8.03, 241, 11.62, 352.12, 348.45, -0.9882, 0.0782, -0.0936, 0.0930
19:38:26, 8.07, 242, 12.47, 352.25, 348.52, -0.9876, 0.0777, -0.1011, 0.0919
19:38:26, 8.07, 242, 13.29, 352.32, 348.59, -0.9869, 0.0777, -0.1083, 0.0908
19:38:26, 8.10, 243, 14.10, 352.46, 348.69, -0.9863, 0.0770, -0.1155, 0.0896
19:38:26, 8.10, 243, 14.90, 352.70, 348.69, -0.9855, 0.0756, -0.1226, 0.0893
19:38:26, 8.10, 243, 15.70, 352.84, 348.72, -0.9847, 0.0750, -0.1295, 0.0887
19:38:26, 8.13, 244, 16.59, 353.01, 348.75, -0.9838, 0.0741, -0.1374, 0.0881
19:38:26, 8.13, 244, 17.46, 353.21, 348.72, -0.9828, 0.0731, -0.1450, 0.0880
19:38:26, 8.17, 245, 18.32, 353.37, 348.75, -0.9818, 0.0724, -0.1526, 0.0874
19:38:26, 8.17, 245, 19.15, 353.55, 348.75, -0.9807, 0.0715, -0.1599, 0.0872
19:38:26, 8.20, 246, 20.01, 353.73, 348.70, -0.9795, 0.0706, -0.1673, 0.0874
19:38:26, 8.20, 246, 20.85, 353.83, 348.72, -0.9783, 0.0704, -0.1746, 0.0869
19:38:26, 8.20, 246, 21.73, 353.90, 348.55, -0.9768, 0.0707, -0.1821, 0.0878
19:38:26, 8.23, 247, 22.67, 353.82, 348.46, -0.9752, 0.0723, -0.1899, 0.0879
19:38:26, 8.23, 247, 23.64, 353.78, 348.28, -0.9734, 0.0737, -0.1980, 0.0887
19:38:26, 8.27, 248, 24.55, 353.65, 348.12, -0.9716, 0.0758, -0.2055, 0.0893
19:38:26, 8.27, 248, 25.45, 353.52, 347.95, -0.9698, 0.0779, -0.2129, 0.0898
19:38:26, 8.27, 248, 26.35, 353.46, 347.76, -0.9679, 0.0795, -0.2204, 0.0907
19:38:26, 8.30, 249, 27.18, 353.45, 347.58, -0.9662, 0.0806, -0.2272, 0.0916
19:38:26, 8.30, 249, 27.93, 353.43, 347.35, -0.9645, 0.0818, -0.2333, 0.0930
19:38:26, 8.33, 250, 28.66, 353.40, 347.20, -0.9628, 0.0830, -0.2393, 0.0937
19:38:26, 8.33, 250, 29.36, 353.45, 347.00, -0.9612, 0.0835, -0.2451, 0.0950
19:38:26, 8.37, 251, 29.99, 353.48, 346.83, -0.9597, 0.0842, -0.2503, 0.0959
19:38:26, 8.37, 251, 30.55, 353.60, 346.71, -0.9584, 0.0839, -0.2551, 0.0968
19:38:26, 8.37, 251, 31.14, 353.74, 346.56, -0.9570, 0.0836, -0.2600, 0.0980
19:38:26, 8.40, 252, 31.64, 353.81, 346.39, -0.9557, 0.0839, -0.2641, 0.0992
19:38:26, 8.40, 252, 32.16, 353.89, 346.25, -0.9544, 0.0839, -0.2684, 0.1002
19:38:26, 8.43, 253, 32.73, 354.02, 346.15, -0.9530, 0.0836, -0.2733, 0.1009
19:38:26, 8.43, 253, 33.28, 354.17, 346.02, -0.9515, 0.0832, -0.2780, 0.1020
19:38:26, 8.43, 253, 33.82, 354.29, 345.89, -0.9501, 0.0830, -0.2825, 0.1030
19:38:26, 8.47, 254, 34.43, 354.39, 345.78, -0.9485, 0.0830, -0.2875, 0.1038
19:38:26, 8.47, 254, 34.99, 354.55, 345.70, -0.9470, 0.0824, -0.2923, 0.1044
19:38:26, 8.50, 255, 35.57, 354.76, 345.58, -0.9455, 0.0815, -0.2972, 0.1056
19:38:26, 8.50, 255, 36.15, 354.90, 345.57, -0.9439, 0.0809, -0.3022, 0.1056
19:38:26, 8.53, 256, 36.57, 355.06, 345.56, -0.9428, 0.0800, -0.3058, 0.1058
19:38:26, 8.53, 256, 37.01, 355.14, 345.61, -0.9417, 0.0796, -0.3096, 0.1054
19:38:26, 8.53, 256, 37.44, 355.16, 345.55, -0.9405, 0.0800, -0.3130, 0.1056
19:38:26, 8.57, 257, 37.84, 355.18, 345.53, -0.9393, 0.0803, -0.3164, 0.1055
19:38:26, 8.57, 257, 38.15, 355.25, 345.62, -0.9385, 0.0797, -0.3191, 0.1048
19:38:26, 8.60, 258, 38.51, 355.34, 345.73, -0.9376, 0.0790, -0.3222, 0.1039
19:38:26, 8.60, 258, 38.82, 355.42, 345.86, -0.9369, 0.0783, -0.3249, 0.1028
19:38:26, 8.60, 258, 39.08, 355.43, 346.01, -0.9363, 0.0780, -0.3272, 0.1014
19:38:26, 8.63, 259, 39.37, 355.49, 346.17, -0.9356, 0.0773, -0.3297, 0.1001
19:38:26, 8.63, 259, 39.62, 355.63, 346.29, -0.9350, 0.0760, -0.3319, 0.0994
19:38:26, 8.67, 260, 39.93, 355.71, 346.44, -0.9342, 0.0752, -0.3347, 0.0982
19:38:26, 8.67, 260, 40.24, 355.88, 346.58, -0.9334, 0.0737, -0.3374, 0.0974
19:38:27, 8.70, 261, 40.55, 355.98, 346.77, -0.9326, 0.0726, -0.3402, 0.0959
19:38:27, 8.70, 261, 40.83, 356.15, 346.93, -0.9319, 0.0710, -0.3428, 0.0949
19:38:27, 8.70, 261, 41.22, 356.34, 347.23, -0.9310, 0.0689, -0.3464, 0.0929
19:38:27, 8.73, 262, 41.66, 356.51, 347.47, -0.9298, 0.0671, -0.3502, 0.0912
19:38:27, 8.73, 262, 42.09, 356.64, 347.69, -0.9287, 0.0657, -0.3539, 0.0896
19:38:27, 8.77, 263, 42.44, 356.82, 347.99, -0.9278, 0.0636, -0.3571, 0.0875
19:38:27, 8.77, 263, 42.78, 356.96, 348.30, -0.9269, 0.0617, -0.3601, 0.0852
19:38:27, 8.77, 263, 43.01, 357.05, 348.62, -0.9264, 0.0601, -0.3623, 0.0828
19:38:27, 8.80, 264, 43.20, 357.18, 348.95, -0.9261, 0.0582, -0.3641, 0.0804
19:38:27, 8.80, 264, 43.37, 357.32, 349.26, -0.9257, 0.0562, -0.3657, 0.0783
19:38:27, 8.83, 265, 43.54, 357.47, 349.57, -0.9253, 0.0541, -0.3674, 0.0762
19:38:27, 8.83, 265, 43.70, 357.68, 349.90, -0.9250, 0.0514, -0.3690, 0.0742
19:38:27, 8.87, 266, 43.79, 357.84, 350.22, -0.9249, 0.0492, -0.3700, 0.0721
19:38:27, 8.87, 266, 43.87, 357.93, 350.59, -0.9249, 0.0473, -0.3709, 0.0693
19:38:27, 8.87, 266, 43.91, 358.02, 350.89, -0.9249, 0.0457, -0.3713, 0.0672
19:38:27, 8.90, 267, 43.86, 358.04, 351.25, -0.9253, 0.0443, -0.3711, 0.0644
19:38:27, 8.90, 267, 43.88, 358.07, 351.60, -0.9254, 0.0430, -0.3714, 0.0616
19:38:27, 8.93, 268, 43.89, 358.06, 351.95, -0.9256, 0.0419, -0.3717, 0.0588
19:38:27, 8.93, 268, 43.95, 357.99, 352.31, -0.9255, 0.0413, -0.3722, 0.0557
19:38:27, 8.93, 268, 44.04, 357.89, 352.58, -0.9254, 0.0413, -0.3730, 0.0531
19:38:27, 8.97, 269, 44.13, 357.69, 352.90, -0.9253, 0.0419, -0.3737, 0.0498
19:38:27, 8.97, 269, 44.22, 357.51, 353.26, -0.9251, 0.0422, -0.3745, 0.0463
19:38:27, 9.00, 270, 44.26, 357.16, 353.64, -0.9251, 0.0438, -0.3747, 0.0421
19:38:27, 9.00, 270, 44.31, 356.68, 354.03, -0.9251, 0.0464, -0.3751, 0.0373
19:38:27, 9.03, 271, 44.37, 356.34, 354.30, -0.9249, 0.0483, -0.3755, 0.0340
19:38:27, 9.03, 271, 44.42, 356.10, 354.57, -0.9249, 0.0493, -0.3758, 0.0310
19:38:27, 9.03, 271, 44.48, 355.99, 354.81, -0.9247, 0.0495, -0.3764, 0.0287
19:38:27, 9.07, 272, 44.51, 355.88, 355.09, -0.9247, 0.0495, -0.3767, 0.0260
19:38:27, 9.07, 272, 44.54, 355.85, 355.42, -0.9246, 0.0486, -0.3771, 0.0232
19:38:27, 9.10, 273, 44.61, 355.80, 355.68, -0.9244, 0.0482, -0.3777, 0.0210
19:38:27, 9.10, 273, 44.65, 355.76, 356.00, -0.9244, 0.0474, -0.3781, 0.0182
19:38:27, 9.10, 273, 44.62, 355.81, 356.28, -0.9245, 0.0461, -0.3781, 0.0161
19:38:27, 9.13, 274, 44.64, 355.90, 356.49, -0.9245, 0.0447, -0.3784, 0.0147
19:38:27, 9.13, 274, 44.67, 356.08, 356.65, -0.9244, 0.0427, -0.3787, 0.0140
19:38:27, 9.17, 275, 44.63, 356.38, 356.79, -0.9246, 0.0398, -0.3785, 0.0139
19:38:27, 9.17, 275, 44.58, 356.82, 356.92, -0.9249, 0.0358, -0.3783, 0.0143
19:38:27, 9.20, 276, 44.53, 357.24, 356.99, -0.9251, 0.0322, -0.3781, 0.0152
19:38:27, 9.20, 276, 44.45, 357.65, 356.94, -0.9254, 0.0291, -0.3775, 0.0170
19:38:27, 9.20, 276, 44.32, 357.99, 356.93, -0.9258, 0.0263, -0.3766, 0.0182
19:38:27, 9.23, 277, 44.19, 358.36, 356.89, -0.9263, 0.0235, -0.3756, 0.0197
19:38:27, 9.23, 277, 44.03, 358.67, 356.78, -0.9268, 0.0213, -0.3744, 0.0217
19:38:27, 9.27, 278, 43.82, 359.02, 356.66, -0.9274, 0.0188, -0.3728, 0.0239
19:38:27, 9.27, 278, 43.57, 359.37, 356.56, -0.9282, 0.0162, -0.3708, 0.0258
19:38:27, 9.27, 278, 43.37, 359.67, 356.45, -0.9288, 0.0141, -0.3692, 0.0277
19:38:27, 9.30, 279, 43.10, 359.94, 356.33, -0.9296, 0.0123, -0.3671, 0.0296
19:38:27, 9.30, 279, 42.85, 0.18, 356.21, -0.9304, 0.0106, -0.3651, 0.0314
19:38:27, 9.33, 280, 42.57, 0.43, 356.08, -0.9312, 0.0089, -0.3629, 0.0332
19:38:27, 9.33, 280, 42.32, 0.64, 355.94, -0.9319, 0.0076, -0.3609, 0.0350
19:38:27, 9.37, 281, 42.01, 0.82, 355.81, -0.9328, 0.0064, -0.3585, 0.0367
19:38:27, 9.37, 281, 41.78, 1.03, 355.69, -0.9334, 0.0051, -0.3566, 0.0383
19:38:27, 9.37, 281, 41.49, 1.25, 355.60, -0.9343, 0.0034, -0.3543, 0.0397
19:38:27, 9.40, 282, 41.22, 1.39, 355.52, -0.9351, 0.0024, -0.3521, 0.0408
19:38:27, 9.40, 282, 40.89, 1.54, 355.47, -0.9360, 0.0012, -0.3495, 0.0417
19:38:27, 9.43, 283, 40.56, 1.57, 355.52, -0.9370, 0.0007, -0.3468, 0.0414
19:38:27, 9.43, 283, 40.18, 1.49, 355.61, -0.9382, 0.0010, -0.3437, 0.0404
19:38:27, 9.43, 283, 39.86, 1.46, 355.64, -0.9392, 0.0010, -0.3411, 0.0401
19:38:27, 9.47, 284, 39.52, 1.39, 355.71, -0.9402, 0.0013, -0.3383, 0.0393
19:38:27, 9.47, 284, 39.22, 1.39, 355.75, -0.9411, 0.0011, -0.3358, 0.0390
19:38:27, 9.50, 285, 38.89, 1.24, 355.76, -0.9421, 0.0021, -0.3330, 0.0385
19:38:27, 9.50, 285, 38.55, 1.08, 355.79, -0.9432, 0.0032, -0.3302, 0.0378
19:38:27, 9.53, 286, 38.25, 1.00, 355.83, -0.9440, 0.0037, -0.3277, 0.0373
19:38:27, 9.53, 286, 37.95, 0.91, 355.90, -0.9449, 0.0042, -0.3252, 0.0364
19:38:27, 9.53, 286, 37.66, 0.82, 355.98, -0.9458, 0.0045, -0.3228, 0.0355
19:38:27, 9.57, 287, 37.40, 0.69, 355.99, -0.9466, 0.0055, -0.3206, 0.0350
19:38:27, 9.57, 287, 37.16, 0.42, 356.05, -0.9473, 0.0075, -0.3185, 0.0338
19:38:27, 9.60, 288, 36.97, 0.16, 356.13, -0.9479, 0.0094, -0.3169, 0.0325
19:38:27, 9.60, 288, 36.76, 359.99, 356.19, -0.9485, 0.0106, -0.3152, 0.0315
19:38:27, 9.60, 288, 36.56, 359.83, 356.28, -0.9490, 0.0116, -0.3135, 0.0304
19:38:27, 9.63, 289, 36.35, 359.70, 356.36, -0.9497, 0.0124, -0.3116, 0.0294
19:38:27, 9.63, 289, 36.12, 359.53, 356.44, -0.9503, 0.0136, -0.3097, 0.0282
19:38:27, 9.67, 290, 35.92, 359.41, 356.49, -0.9509, 0.0144, -0.3081, 0.0276
19:38:27, 9.67, 290, 35.69, 359.27, 356.49, -0.9515, 0.0155, -0.3061, 0.0272
19:38:28, 9.70, 291, 35.50, 359.13, 356.48, -0.9520, 0.0166, -0.3045, 0.0269
19:38:28, 9.70, 291, 35.30, 359.11, 356.50, -0.9525, 0.0166, -0.3028, 0.0267
19:38:28, 9.70, 291, 35.12, 359.19, 356.53, -0.9530, 0.0159, -0.3014, 0.0267
19:38:28, 9.73, 292, 34.98, 359.21, 356.50, -0.9534, 0.0158, -0.3002, 0.0270
19:38:28, 9.73, 292, 34.89, 359.30, 356.57, -0.9536, 0.0148, -0.2995, 0.0267
19:38:28, 9.77, 293, 34.82, 359.46, 356.60, -0.9538, 0.0134, -0.2990, 0.0269
19:38:28, 9.77, 293, 34.80, 359.77, 356.56, -0.9538, 0.0109, -0.2989, 0.0281
19:38:28, 9.77, 293, 34.79, 359.91, 356.40, -0.9538, 0.0101, -0.2988, 0.0298
19:38:28, 9.80, 294, 34.74, 359.96, 356.33, -0.9539, 0.0099, -0.2984, 0.0305
19:38:28, 9.80, 294, 34.66, 0.02, 356.25, -0.9541, 0.0096, -0.2977, 0.0313
19:38:28, 9.83, 295, 34.56, 0.10, 356.09, -0.9543, 0.0093, -0.2969, 0.0329
19:38:28, 9.83, 295, 34.44, 0.27, 355.91, -0.9545, 0.0083, -0.2959, 0.0348
19:38:28, 9.87, 296, 34.37, 0.31, 355.78, -0.9547, 0.0083, -0.2954, 0.0360
19:38:28, 9.87, 296, 34.33, 0.41, 355.69, -0.9547, 0.0077, -0.2950, 0.0370
19:38:28, 9.87, 296, 34.29, 0.49, 355.57, -0.9548, 0.0073, -0.2947, 0.0382
19:38:28, 9.90, 297, 34.23, 0.60, 355.43, -0.9549, 0.0067, -0.2943, 0.0396
19:38:28, 9.90, 297, 34.16, 0.55, 355.32, -0.9550, 0.0074, -0.2937, 0.0405
19:38:28, 9.93, 298, 34.08, 0.84, 355.12, -0.9551, 0.0055, -0.2930, 0.0428
19:38:28, 9.93, 298, 34.02, 1.01, 354.95, -0.9552, 0.0045, -0.2926, 0.0447
19:38:28, 9.93, 298, 33.99, 1.12, 354.85, -0.9552, 0.0038, -0.2924, 0.0458
19:38:28, 9.97, 299, 33.97, 1.41, 354.62, -0.9551, 0.0019, -0.2924, 0.0485
19:38:28, 9.97, 299, 33.93, 1.66, 354.46, -0.9551, 0.0003, -0.2921, 0.0504
