Timestamp, VideoTime, VideoFrame, HeadYaw, HeadPitch, HeadRoll, HeadQuatW, HeadQuatX, HeadQuatY, HeadQuatZ
16:34:27, 0.00, 0, 28.80, 351.60, 354.44, 0.9657, -0.0829, 0.2443, -0.0287
16:34:27, 0.03, 1, 27.98, 351.40, 354.53, 0.9674, -0.0842, 0.2373, -0.0280
16:34:27, 0.03, 1, 27.16, 351.23, 354.61, 0.9690, -0.0852, 0.2304, -0.0276
16:34:27, 0.03, 1, 26.38, 351.09, 354.70, 0.9704, -0.0861, 0.2238, -0.0272
16:34:27, 0.07, 2, 25.59, 351.02, 354.79, 0.9720, -0.0863, 0.2171, -0.0269
16:34:27, 0.07, 2, 24.83, 350.85, 354.83, 0.9733, -0.0874, 0.2106, -0.0268
16:34:27, 0.10, 3, 24.13, 350.79, 354.97, 0.9746, -0.0876, 0.2047, -0.0260
16:34:27, 0.10, 3, 23.40, 350.75, 355.12, 0.9758, -0.0875, 0.1986, -0.0252
16:34:27, 0.10, 3, 22.71, 350.56, 355.29, 0.9769, -0.0886, 0.1928, -0.0239
16:34:27, 0.13, 4, 21.96, 350.56, 355.43, 0.9782, -0.0883, 0.1864, -0.0234
16:34:27, 0.13, 4, 21.21, 350.50, 355.55, 0.9794, -0.0885, 0.1801, -0.0228
16:34:27, 0.17, 5, 20.49, 350.49, 355.70, 0.9805, -0.0882, 0.1740, -0.0220
16:34:27, 0.17, 5, 19.76, 350.47, 355.85, 0.9816, -0.0879, 0.1680, -0.0213
16:34:27, 0.17, 5, 19.13, 350.48, 356.02, 0.9826, -0.0875, 0.1626, -0.0204
16:34:27, 0.20, 6, 18.43, 350.45, 356.23, 0.9836, -0.0874, 0.1568, -0.0190
16:34:27, 0.20, 6, 17.81, 350.44, 356.35, 0.9844, -0.0872, 0.1516, -0.0184
16:34:27, 0.23, 7, 17.24, 350.36, 356.43, 0.9851, -0.0877, 0.1467, -0.0181
16:34:27, 0.23, 7, 16.64, 350.27, 356.61, 0.9858, -0.0881, 0.1417, -0.0169
16:34:27, 0.23, 7, 16.04, 350.15, 356.75, 0.9865, -0.0889, 0.1365, -0.0160
16:34:27, 0.27, 8, 15.46, 350.16, 356.86, 0.9872, -0.0886, 0.1317, -0.0155
16:34:27, 0.27, 8, 14.89, 350.20, 356.97, 0.9879, -0.0881, 0.1268, -0.0151
16:34:27, 0.30, 9, 14.37, 350.14, 357.07, 0.9884, -0.0884, 0.1224, -0.0146
16:34:27, 0.30, 9, 13.91, 350.18, 357.18, 0.9890, -0.0879, 0.1185, -0.0140
16:34:27, 0.33, 10, 13.38, 350.06, 357.27, 0.9894, -0.0888, 0.1140, -0.0134
16:34:27, 0.33, 10, 12.81, 349.88, 357.40, 0.9899, -0.0902, 0.1091, -0.0126
16:34:27, 0.33, 10, 12.23, 349.76, 357.55, 0.9903, -0.0909, 0.1042, -0.0116
16:34:27, 0.37, 11, 11.64, 349.60, 357.67, 0.9907, -0.0922, 0.0991, -0.0110
16:34:27, 0.37, 11, 11.12, 349.45, 357.77, 0.9911, -0.0934, 0.0947, -0.0104
16:34:27, 0.40, 12, 10.59, 349.32, 357.84, 0.9914, -0.0944, 0.0901, -0.0101
16:34:27, 0.40, 12, 10.15, 349.20, 357.87, 0.9916, -0.0953, 0.0863, -0.0101
16:34:27, 0.40, 12, 9.73, 349.14, 357.92, 0.9919, -0.0958, 0.0827, -0.0100
16:34:27, 0.43, 13, 9.25, 349.06, 358.10, 0.9922, -0.0963, 0.0787, -0.0088
16:34:27, 0.43, 13, 8.75, 349.07, 358.31, 0.9926, -0.0960, 0.0746, -0.0073
16:34:27, 0.47, 14, 8.18, 349.07, 358.59, 0.9929, -0.0959, 0.0698, -0.0054
16:34:27, 0.47, 14, 7.54, 349.19, 358.88, 0.9934, -0.0947, 0.0645, -0.0035
16:34:27, 0.50, 15, 7.04, 349.34, 358.99, 0.9938, -0.0932, 0.0603, -0.0030
16:34:27, 0.50, 15, 6.55, 349.72, 359.16, 0.9944, -0.0899, 0.0562, -0.0022
16:34:27, 0.50, 15, 6.04, 350.08, 359.39, 0.9949, -0.0867, 0.0520, -0.0007
16:34:27, 0.53, 16, 5.54, 350.44, 359.65, 0.9954, -0.0833, 0.0479, 0.0010
16:34:27, 0.53, 16, 4.98, 350.80, 359.88, 0.9958, -0.0802, 0.0432, 0.0024
16:34:27, 0.57, 17, 4.41, 351.21, 0.13, 0.9963, -0.0766, 0.0385, 0.0041
16:34:27, 0.57, 17, 3.85, 351.61, 0.34, 0.9967, -0.0730, 0.0337, 0.0055
16:34:27, 0.60, 18, 3.33, 351.98, 0.55, 0.9971, -0.0697, 0.0293, 0.0068
16:34:27, 0.60, 18, 2.74, 352.41, 0.76, 0.9975, -0.0660, 0.0243, 0.0082
16:34:27, 0.60, 18, 2.23, 352.97, 0.97, 0.9979, -0.0612, 0.0200, 0.0097
16:34:27, 0.63, 19, 1.74, 353.47, 1.15, 0.9982, -0.0568, 0.0157, 0.0109
16:34:27, 0.63, 19, 1.17, 353.98, 1.49, 0.9985, -0.0523, 0.0108, 0.0135
16:34:27, 0.67, 20, 0.57, 354.51, 1.85, 0.9987, -0.0478, 0.0057, 0.0164
16:34:27, 0.67, 20, 0.01, 355.04, 2.24, 0.9989, -0.0433, 0.0009, 0.0196
16:34:27, 0.67, 20, 359.41, 355.44, 2.48, 0.9990, -0.0399, -0.0043, 0.0214
16:34:28, 0.70, 21, 358.93, 355.89, 2.79, 0.9990, -0.0361, -0.0085, 0.0240
16:34:28, 0.70, 21, 358.50, 356.37, 3.11, 0.9991, -0.0320, -0.0123, 0.0267
16:34:28, 0.73, 22, 358.11, 356.93, 3.42, 0.9991, -0.0272, -0.0157, 0.0294
16:34:28, 0.73, 22, 357.66, 357.42, 3.61, 0.9991, -0.0232, -0.0197, 0.0310
16:34:28, 0.77, 23, 357.21, 357.78, 3.81, 0.9990, -0.0202, -0.0236, 0.0327
16:34:28, 0.77, 23, 356.75, 358.04, 3.91, 0.9989, -0.0181, -0.0277, 0.0336
16:34:28, 0.77, 23, 356.30, 358.21, 4.01, 0.9988, -0.0168, -0.0317, 0.0344
16:34:28, 0.80, 24, 355.84, 358.32, 4.05, 0.9986, -0.0159, -0.0358, 0.0348
16:34:28, 0.80, 24, 355.46, 358.57, 3.97, 0.9986, -0.0138, -0.0392, 0.0341
16:34:28, 0.83, 25, 355.15, 358.84, 3.88, 0.9985, -0.0115, -0.0419, 0.0334
16:34:28, 0.83, 25, 354.96, 359.05, 3.85, 0.9984, -0.0098, -0.0437, 0.0332
16:34:28, 0.83, 25, 354.81, 359.30, 3.92, 0.9984, -0.0076, -0.0451, 0.0339
16:34:28, 0.87, 26, 354.64, 359.25, 4.06, 0.9983, -0.0082, -0.0465, 0.0351
16:34:28, 0.87, 26, 354.41, 359.22, 4.05, 0.9982, -0.0085, -0.0485, 0.0350
16:34:28, 0.90, 27, 354.22, 359.21, 3.97, 0.9981, -0.0086, -0.0502, 0.0343
16:34:28, 0.90, 27, 354.01, 359.25, 3.83, 0.9981, -0.0083, -0.0520, 0.0331
16:34:28, 0.93, 28, 353.85, 359.20, 3.76, 0.9980, -0.0088, -0.0534, 0.0324
16:34:28, 0.93, 28, 353.70, 359.02, 3.69, 0.9979, -0.0103, -0.0547, 0.0317
16:34:28, 0.93, 28, 353.52, 358.62, 3.60, 0.9979, -0.0138, -0.0561, 0.0307
16:34:28, 0.97, 29, 353.19, 358.16, 3.67, 0.9976, -0.0179, -0.0588, 0.0310
16:34:28, 0.97, 29, 352.88, 357.88, 3.74, 0.9974, -0.0205, -0.0615, 0.0314
16:34:28, 1.00, 30, 352.55, 357.73, 3.70, 0.9972, -0.0218, -0.0643, 0.0309
16:34:28, 1.00, 30, 352.24, 357.71, 3.66, 0.9970, -0.0221, -0.0669, 0.0305
16:34:28, 1.00, 30, 351.90, 357.58, 3.67, 0.9968, -0.0233, -0.0699, 0.0304
16:34:28, 1.03, 31, 351.50, 357.48, 3.64, 0.9966, -0.0242, -0.0734, 0.0301
16:34:28, 1.03, 31, 351.14, 357.39, 3.52, 0.9963, -0.0250, -0.0765, 0.0288
16:34:28, 1.07, 32, 350.79, 357.34, 3.34, 0.9961, -0.0255, -0.0795, 0.0272
16:34:28, 1.07, 32, 350.36, 357.33, 3.10, 0.9959, -0.0255, -0.0834, 0.0250
16:34:28, 1.10, 33, 349.93, 357.30, 3.02, 0.9956, -0.0258, -0.0871, 0.0242
16:34:28, 1.10, 33, 349.41, 357.42, 2.93, 0.9952, -0.0248, -0.0916, 0.0233
16:34:28, 1.10, 33, 348.85, 357.34, 2.93, 0.9947, -0.0255, -0.0965, 0.0232
16:34:28, 1.13, 34, 348.24, 357.33, 2.87, 0.9942, -0.0257, -0.1018, 0.0225
16:34:28, 1.13, 34, 347.63, 357.33, 2.76, 0.9937, -0.0257, -0.1071, 0.0214
16:34:28, 1.17, 35, 346.99, 357.39, 2.56, 0.9931, -0.0252, -0.1127, 0.0196
16:34:28, 1.17, 35, 346.52, 357.38, 2.43, 0.9927, -0.0251, -0.1168, 0.0184
16:34:28, 1.17, 35, 346.15, 357.40, 2.35, 0.9923, -0.0250, -0.1201, 0.0176
16:34:28, 1.20, 36, 345.85, 357.38, 2.37, 0.9920, -0.0252, -0.1227, 0.0177
16:34:28, 1.20, 36, 345.57, 357.52, 2.31, 0.9917, -0.0240, -0.1251, 0.0173
16:34:28, 1.23, 37, 345.24, 357.67, 2.17, 0.9914, -0.0226, -0.1280, 0.0161
16:34:28, 1.23, 37, 344.84, 357.96, 2.04, 0.9910, -0.0200, -0.1316, 0.0153
16:34:28, 1.27, 38, 344.45, 358.28, 2.03, 0.9906, -0.0172, -0.1349, 0.0155
16:34:28, 1.27, 38, 344.01, 358.68, 1.88, 0.9901, -0.0137, -0.1389, 0.0147
16:34:28, 1.27, 38, 343.54, 359.21, 1.51, 0.9896, -0.0087, -0.1431, 0.0120
16:34:28, 1.30, 39, 343.12, 359.68, 1.19, 0.9891, -0.0043, -0.1467, 0.0099
16:34:28, 1.30, 39, 342.75, 0.18, 0.90, 0.9887, 0.0004, -0.1500, 0.0080
16:34:28, 1.33, 40, 342.40, 0.42, 0.72, 0.9882, 0.0026, -0.1530, 0.0067
16:34:28, 1.33, 40, 342.15, 0.52, 0.58, 0.9879, 0.0037, -0.1552, 0.0057
16:34:28, 1.33, 40, 341.97, 0.56, 0.53, 0.9876, 0.0041, -0.1567, 0.0053
16:34:28, 1.37, 41, 341.90, 0.44, 0.54, 0.9875, 0.0031, -0.1573, 0.0052
16:34:28, 1.37, 41, 341.83, 0.22, 0.66, 0.9874, 0.0010, -0.1579, 0.0060
16:34:28, 1.40, 42, 341.75, 359.96, 0.88, 0.9873, -0.0015, -0.1586, 0.0075
16:34:28, 1.40, 42, 341.61, 359.65, 1.11, 0.9871, -0.0046, -0.1598, 0.0091
16:34:28, 1.43, 43, 341.43, 359.17, 1.35, 0.9868, -0.0090, -0.1613, 0.0105
16:34:28, 1.43, 43, 341.24, 358.70, 1.51, 0.9865, -0.0133, -0.1628, 0.0112
16:34:28, 1.43, 43, 341.00, 358.18, 1.65, 0.9861, -0.0181, -0.1648, 0.0115
16:34:28, 1.47, 44, 340.75, 357.66, 1.72, 0.9857, -0.0226, -0.1669, 0.0114
16:34:28, 1.47, 44, 340.49, 357.11, 1.70, 0.9852, -0.0273, -0.1690, 0.0104
16:34:28, 1.50, 45, 340.22, 356.52, 1.74, 0.9846, -0.0325, -0.1712, 0.0097
16:34:28, 1.50, 45, 339.88, 356.00, 1.80, 0.9840, -0.0371, -0.1740, 0.0094
16:34:28, 1.50, 45, 339.61, 355.80, 1.91, 0.9835, -0.0390, -0.1762, 0.0100
16:34:28, 1.53, 46, 339.38, 355.68, 1.87, 0.9831, -0.0400, -0.1782, 0.0093
16:34:28, 1.53, 46, 339.20, 355.61, 1.84, 0.9828, -0.0405, -0.1798, 0.0089
16:34:28, 1.57, 47, 339.04, 355.59, 1.86, 0.9826, -0.0407, -0.1811, 0.0089
16:34:28, 1.57, 47, 338.90, 355.58, 1.98, 0.9823, -0.0411, -0.1823, 0.0099
16:34:28, 1.60, 48, 338.76, 355.62, 2.03, 0.9821, -0.0408, -0.1834, 0.0104
16:34:28, 1.60, 48, 338.52, 355.83, 1.95, 0.9818, -0.0389, -0.1856, 0.0100
16:34:28, 1.60, 48, 338.24, 356.02, 1.88, 0.9814, -0.0372, -0.1880, 0.0095
16:34:28, 1.63, 49, 337.95, 356.18, 1.77, 0.9810, -0.0356, -0.1906, 0.0088
16:34:28, 1.63, 49, 337.72, 356.41, 1.73, 0.9806, -0.0337, -0.1927, 0.0088
16:34:28, 1.67, 50, 337.50, 356.53, 1.91, 0.9803, -0.0329, -0.1945, 0.0105
16:34:28, 1.67, 50, 337.26, 356.68, 2.15, 0.9799, -0.0321, -0.1965, 0.0127
16:34:28, 1.67, 50, 336.99, 356.90, 2.45, 0.9794, -0.0308, -0.1988, 0.0156
16:34:29, 1.70, 51, 336.77, 356.96, 2.49, 0.9791, -0.0304, -0.2007, 0.0159
16:34:29, 1.70, 51, 336.57, 356.92, 2.25, 0.9787, -0.0303, -0.2024, 0.0137
16:34:29, 1.73, 52, 336.25, 356.87, 2.12, 0.9782, -0.0305, -0.2051, 0.0125
16:34:29, 1.73, 52, 335.77, 357.10, 2.11, 0.9773, -0.0286, -0.2093, 0.0127
16:34:29, 1.77, 53, 335.11, 357.54, 2.12, 0.9762, -0.0250, -0.2150, 0.0135
16:34:29, 1.77, 53, 334.38, 358.00, 2.04, 0.9749, -0.0209, -0.2214, 0.0134
16:34:29, 1.77, 53, 333.68, 358.46, 1.68, 0.9736, -0.0164, -0.2274, 0.0113
16:34:29, 1.80, 54, 333.13, 358.92, 1.37, 0.9725, -0.0119, -0.2322, 0.0095
16:34:29, 1.80, 54, 332.71, 359.13, 1.11, 0.9717, -0.0097, -0.2358, 0.0076
16:34:29, 1.83, 55, 332.26, 359.03, 1.03, 0.9708, -0.0103, -0.2396, 0.0067
16:34:29, 1.83, 55, 331.85, 358.79, 1.10, 0.9699, -0.0126, -0.2431, 0.0067
16:34:29, 1.83, 55, 331.27, 358.65, 1.25, 0.9686, -0.0141, -0.2479, 0.0077
16:34:29, 1.87, 56, 330.59, 358.60, 1.52, 0.9671, -0.0151, -0.2536, 0.0097
16:34:29, 1.87, 56, 329.80, 358.54, 1.62, 0.9654, -0.0160, -0.2603, 0.0103
16:34:29, 1.90, 57, 329.01, 358.56, 1.36, 0.9636, -0.0153, -0.2669, 0.0081
16:34:29, 1.90, 57, 328.26, 358.85, 1.10, 0.9618, -0.0123, -0.2733, 0.0065
16:34:29, 1.93, 58, 327.56, 359.15, 1.07, 0.9602, -0.0097, -0.2792, 0.0069
16:34:29, 1.93, 58, 326.84, 359.42, 1.08, 0.9584, -0.0075, -0.2853, 0.0076
16:34:29, 1.93, 58, 326.01, 359.42, 1.09, 0.9563, -0.0076, -0.2922, 0.0077
16:34:29, 1.97, 59, 325.03, 359.16, 1.09, 0.9538, -0.0099, -0.3004, 0.0069
16:34:29, 1.97, 59, 324.06, 358.73, 1.04, 0.9512, -0.0134, -0.3084, 0.0052
16:34:29, 2.00, 60, 323.01, 358.15, 0.93, 0.9482, -0.0179, -0.3170, 0.0025
16:34:29, 2.00, 60, 322.01, 357.68, 0.82, 0.9454, -0.0215, -0.3253, 0.0001
16:34:29, 2.00, 60, 321.00, 357.19, 0.73, 0.9424, -0.0253, -0.3335, -0.0022
16:34:29, 2.03, 61, 319.92, 356.74, 0.76, 0.9391, -0.0290, -0.3424, -0.0035
16:34:29, 2.03, 61, 318.83, 356.38, 0.76, 0.9357, -0.0319, -0.3512, -0.0049
16:34:29, 2.07, 62, 317.71, 356.18, 0.73, 0.9322, -0.0334, -0.3603, -0.0061
16:34:29, 2.07, 62, 316.54, 355.92, 0.53, 0.9284, -0.0348, -0.3698, -0.0089
16:34:29, 2.10, 63, 315.42, 355.81, 0.23, 0.9247, -0.0346, -0.3790, -0.0120
16:34:29, 2.10, 63, 314.32, 355.88, 359.90, 0.9210, -0.0328, -0.3879, -0.0148
16:34:29, 2.10, 63, 313.06, 355.85, 359.64, 0.9166, -0.0319, -0.3981, -0.0173
16:34:29, 2.13, 64, 311.77, 355.81, 359.49, 0.9120, -0.0316, -0.4084, -0.0190
16:34:29, 2.13, 64, 310.35, 355.82, 359.38, 0.9069, -0.0309, -0.4197, -0.0203
16:34:29, 2.17, 65, 308.90, 355.73, 359.42, 0.9015, -0.0315, -0.4312, -0.0206
16:34:29, 2.17, 65, 307.43, 355.71, 359.51, 0.8959, -0.0316, -0.4427, -0.0204
16:34:29, 2.17, 65, 305.93, 355.64, 359.64, 0.8900, -0.0324, -0.4543, -0.0201
16:34:29, 2.20, 66, 304.53, 355.60, 359.78, 0.8844, -0.0331, -0.4651, -0.0196
16:34:29, 2.20, 66, 303.24, 355.57, 359.88, 0.8792, -0.0335, -0.4750, -0.0193
16:34:29, 2.23, 67, 302.04, 355.58, 0.09, 0.8742, -0.0341, -0.4841, -0.0180
16:34:29, 2.23, 67, 300.88, 355.52, 0.22, 0.8692, -0.0349, -0.4929, -0.0176
16:34:29, 2.27, 68, 299.78, 355.56, 0.37, 0.8645, -0.0351, -0.5012, -0.0167
16:34:29, 2.27, 68, 298.70, 355.50, 0.46, 0.8597, -0.0359, -0.5092, -0.0166
16:34:29, 2.27, 68, 297.67, 355.52, 0.48, 0.8551, -0.0356, -0.5170, -0.0167
16:34:29, 2.30, 69, 296.68, 355.43, 0.44, 0.8506, -0.0359, -0.5243, -0.0176
16:34:29, 2.30, 69, 295.82, 355.31, 0.28, 0.8466, -0.0360, -0.5307, -0.0196
16:34:29, 2.33, 70, 295.11, 355.17, 0.08, 0.8432, -0.0359, -0.5360, -0.0221
16:34:29, 2.33, 70, 294.38, 355.04, 359.98, 0.8397, -0.0363, -0.5414, -0.0236
16:34:29, 2.33, 70, 293.81, 354.99, 359.89, 0.8369, -0.0361, -0.5455, -0.0247
16:34:29, 2.37, 71, 293.19, 354.90, 359.84, 0.8339, -0.0364, -0.5501, -0.0256
16:34:29, 2.37, 71, 292.57, 354.71, 359.84, 0.8309, -0.0376, -0.5546, -0.0268
16:34:29, 2.40, 72, 292.06, 354.57, 359.77, 0.8284, -0.0382, -0.5582, -0.0281
16:34:29, 2.40, 72, 291.52, 354.45, 359.73, 0.8257, -0.0387, -0.5621, -0.0292
16:34:29, 2.43, 73, 291.03, 354.24, 359.69, 0.8231, -0.0399, -0.5656, -0.0307
16:34:29, 2.43, 73, 290.51, 354.11, 359.73, 0.8205, -0.0409, -0.5693, -0.0312
16:34:29, 2.43, 73, 290.00, 353.94, 359.70, 0.8179, -0.0418, -0.5729, -0.0325
16:34:29, 2.47, 74, 289.41, 353.70, 359.71, 0.8149, -0.0434, -0.5770, -0.0338
16:34:29, 2.47, 74, 288.81, 353.51, 359.72, 0.8118, -0.0446, -0.5812, -0.0349
16:34:29, 2.50, 75, 288.19, 353.26, 359.70, 0.8085, -0.0461, -0.5855, -0.0366
16:34:29, 2.50, 75, 287.53, 353.05, 359.64, 0.8050, -0.0470, -0.5901, -0.0383
16:34:29, 2.50, 75, 286.90, 352.77, 359.65, 0.8016, -0.0489, -0.5945, -0.0400
16:34:29, 2.53, 76, 286.35, 352.54, 359.63, 0.7986, -0.0501, -0.5983, -0.0416
16:34:29, 2.53, 76, 285.78, 352.30, 359.58, 0.7955, -0.0513, -0.6022, -0.0435
16:34:29, 2.57, 77, 285.18, 352.10, 359.60, 0.7922, -0.0526, -0.6063, -0.0446
16:34:29, 2.57, 77, 284.56, 351.93, 359.62, 0.7889, -0.0536, -0.6105, -0.0456
16:34:29, 2.60, 78, 283.93, 351.82, 359.64, 0.7855, -0.0542, -0.6148, -0.0464
16:34:29, 2.60, 78, 283.41, 351.75, 359.66, 0.7826, -0.0546, -0.6183, -0.0469
16:34:29, 2.60, 78, 282.88, 351.72, 359.69, 0.7798, -0.0547, -0.6219, -0.0471
16:34:29, 2.63, 79, 282.40, 351.62, 359.65, 0.7771, -0.0551, -0.6251, -0.0481
16:34:29, 2.63, 79, 281.88, 351.48, 359.68, 0.7742, -0.0559, -0.6285, -0.0490
16:34:29, 2.67, 80, 281.47, 351.34, 359.66, 0.7719, -0.0566, -0.6313, -0.0501
16:34:29, 2.67, 80, 280.84, 351.11, 359.70, 0.7683, -0.0581, -0.6354, -0.0514
16:34:29, 2.67, 80, 280.23, 350.98, 359.80, 0.7648, -0.0592, -0.6394, -0.0518
16:34:30, 2.70, 81, 279.55, 350.78, 359.80, 0.7610, -0.0602, -0.6438, -0.0533
16:34:30, 2.70, 81, 278.95, 350.58, 359.82, 0.7574, -0.0614, -0.6477, -0.0546
16:34:30, 2.73, 82, 278.37, 350.36, 359.87, 0.7541, -0.0629, -0.6514, -0.0558
16:34:30, 2.73, 82, 277.81, 350.17, 359.89, 0.7508, -0.0640, -0.6549, -0.0571
16:34:30, 2.77, 83, 277.19, 350.02, 359.99, 0.7472, -0.0652, -0.6589, -0.0576
16:34:30, 2.77, 83, 276.58, 349.82, 0.02, 0.7436, -0.0664, -0.6627, -0.0589
16:34:30, 2.77, 83, 275.93, 349.63, 0.08, 0.7397, -0.0676, -0.6668, -0.0600
16:34:30, 2.80, 84, 275.28, 349.49, 0.10, 0.7359, -0.0683, -0.6709, -0.0611
16:34:30, 2.80, 84, 274.65, 349.22, 0.15, 0.7320, -0.0699, -0.6748, -0.0627
16:34:30, 2.83, 85, 274.00, 349.06, 0.22, 0.7281, -0.0710, -0.6788, -0.0636
16:34:30, 2.83, 85, 273.36, 348.98, 0.25, 0.7243, -0.0714, -0.6827, -0.0643
16:34:30, 2.83, 85, 272.68, 348.86, 0.38, 0.7203, -0.0725, -0.6869, -0.0646
16:34:30, 2.87, 86, 271.96, 348.79, 0.46, 0.7159, -0.0730, -0.6913, -0.0650
16:34:30, 2.87, 86, 271.31, 348.68, 0.55, 0.7120, -0.0738, -0.6952, -0.0655
16:34:30, 2.90, 87, 270.61, 348.55, 0.62, 0.7077, -0.0747, -0.6994, -0.0663
16:34:30, 2.93, 88, 269.37, 348.20, 0.63, 0.6999, -0.0762, -0.7068, -0.0692
16:34:30, 2.93, 88, 268.82, 348.12, 0.72, 0.6965, -0.0769, -0.7100, -0.0696
16:34:30, 2.93, 88, 268.23, 348.05, 0.63, 0.6927, -0.0764, -0.7137, -0.0709
16:34:30, 2.97, 89, 267.71, 348.03, 0.74, 0.6895, -0.0769, -0.7167, -0.0707
16:34:30, 2.97, 89, 267.14, 347.83, 0.74, 0.6859, -0.0777, -0.7199, -0.0723
16:34:30, 3.00, 90, 266.65, 347.63, 0.74, 0.6826, -0.0786, -0.7228, -0.0740
16:34:30, 3.00, 90, 266.17, 347.43, 0.73, 0.6795, -0.0794, -0.7255, -0.0756
16:34:30, 3.00, 90, 265.76, 347.19, 0.79, 0.6768, -0.0810, -0.7277, -0.0771
16:34:30, 3.03, 91, 265.26, 347.05, 0.84, 0.6735, -0.0817, -0.7305, -0.0780
16:34:30, 3.03, 91, 264.76, 346.99, 0.84, 0.6703, -0.0817, -0.7333, -0.0788
16:34:30, 3.07, 92, 264.26, 346.92, 0.79, 0.6670, -0.0815, -0.7363, -0.0798
16:34:30, 3.07, 92, 263.78, 346.92, 0.76, 0.6639, -0.0809, -0.7391, -0.0804
16:34:30, 3.10, 93, 263.29, 346.93, 0.63, 0.6607, -0.0797, -0.7420, -0.0814
16:34:30, 3.10, 93, 262.75, 347.00, 0.55, 0.6571, -0.0784, -0.7452, -0.0818
16:34:30, 3.10, 93, 262.13, 347.06, 0.49, 0.6531, -0.0772, -0.7488, -0.0821
16:34:30, 3.13, 94, 261.44, 347.28, 0.50, 0.6487, -0.0755, -0.7529, -0.0812
16:34:30, 3.13, 94, 260.69, 347.53, 0.53, 0.6440, -0.0738, -0.7573, -0.0798
16:34:30, 3.17, 95, 259.88, 347.88, 0.44, 0.6387, -0.0707, -0.7622, -0.0785
16:34:30, 3.17, 95, 258.98, 348.16, 0.37, 0.6328, -0.0680, -0.7674, -0.0775
16:34:30, 3.17, 95, 258.11, 348.55, 0.31, 0.6271, -0.0649, -0.7725, -0.0758
16:34:30, 3.20, 96, 257.20, 348.85, 0.28, 0.6211, -0.0625, -0.7777, -0.0744
16:34:30, 3.20, 96, 256.45, 349.15, 0.26, 0.6161, -0.0602, -0.7820, -0.0729
16:34:30, 3.23, 97, 255.58, 349.47, 0.23, 0.6103, -0.0578, -0.7868, -0.0713
16:34:30, 3.23, 97, 254.77, 349.73, 0.15, 0.6048, -0.0554, -0.7913, -0.0703
16:34:30, 3.27, 98, 253.92, 350.06, 0.15, 0.5991, -0.0531, -0.7960, -0.0684
16:34:30, 3.27, 98, 253.08, 350.26, 0.12, 0.5933, -0.0514, -0.8005, -0.0676
16:34:30, 3.27, 98, 252.19, 350.52, 0.07, 0.5872, -0.0492, -0.8052, -0.0664
16:34:30, 3.30, 99, 251.32, 350.78, 0.07, 0.5811, -0.0474, -0.8098, -0.0650
16:34:30, 3.30, 99, 250.51, 350.94, 0.05, 0.5755, -0.0460, -0.8140, -0.0643
16:34:30, 3.33, 100, 249.68, 351.05, 0.07, 0.5696, -0.0451, -0.8182, -0.0636
16:34:30, 3.33, 100, 248.81, 351.19, 0.05, 0.5634, -0.0437, -0.8226, -0.0631
16:34:30, 3.33, 100, 247.94, 351.28, 359.98, 0.5571, -0.0424, -0.8270, -0.0632
16:34:30, 3.37, 101, 247.10, 351.37, 359.94, 0.5511, -0.0412, -0.8311, -0.0630
16:34:30, 3.37, 101, 246.25, 351.51, 359.86, 0.5449, -0.0395, -0.8352, -0.0627
16:34:30, 3.40, 102, 245.51, 351.61, 359.81, 0.5395, -0.0382, -0.8388, -0.0624
16:34:30, 3.40, 102, 244.77, 351.68, 359.80, 0.5341, -0.0374, -0.8423, -0.0622
16:34:30, 3.43, 103, 244.18, 351.80, 359.78, 0.5298, -0.0363, -0.8451, -0.0616
16:34:30, 3.43, 103, 243.54, 351.85, 359.80, 0.5250, -0.0360, -0.8481, -0.0614
16:34:30, 3.43, 103, 242.87, 351.88, 359.83, 0.5201, -0.0357, -0.8512, -0.0611
16:34:30, 3.47, 104, 242.31, 351.91, 359.84, 0.5160, -0.0353, -0.8537, -0.0611
16:34:30, 3.47, 104, 241.78, 351.93, 359.85, 0.5120, -0.0350, -0.8561, -0.0610
16:34:30, 3.50, 105, 241.30, 351.96, 359.87, 0.5084, -0.0348, -0.8582, -0.0609
16:34:30, 3.50, 105, 240.81, 351.98, 359.87, 0.5048, -0.0344, -0.8604, -0.0609
16:34:30, 3.50, 105, 240.41, 351.93, 359.82, 0.5018, -0.0340, -0.8621, -0.0616
16:34:30, 3.53, 106, 240.05, 351.86, 359.85, 0.4990, -0.0344, -0.8637, -0.0621
16:34:30, 3.53, 106, 239.65, 351.82, 359.86, 0.4960, -0.0345, -0.8654, -0.0625
16:34:30, 3.57, 107, 239.27, 351.82, 359.91, 0.4931, -0.0346, -0.8670, -0.0624
16:34:30, 3.57, 107, 238.93, 351.86, 359.89, 0.4906, -0.0341, -0.8685, -0.0623
16:34:30, 3.60, 108, 238.58, 351.84, 359.91, 0.4879, -0.0342, -0.8700, -0.0624
16:34:30, 3.60, 108, 238.24, 351.86, 359.90, 0.4854, -0.0338, -0.8714, -0.0624
16:34:30, 3.60, 108, 237.91, 351.87, 359.93, 0.4829, -0.0338, -0.8728, -0.0623
16:34:30, 3.63, 109, 237.54, 351.87, 359.94, 0.4800, -0.0336, -0.8744, -0.0624
16:34:30, 3.63, 109, 237.11, 351.93, 359.94, 0.4768, -0.0332, -0.8762, -0.0620
16:34:30, 3.67, 110, 236.63, 352.04, 359.93, 0.4731, -0.0324, -0.8783, -0.0614
16:34:30, 3.67, 110, 236.16, 352.15, 359.89, 0.4695, -0.0314, -0.8803, -0.0608
16:34:30, 3.67, 110, 235.71, 352.36, 359.80, 0.4661, -0.0296, -0.8822, -0.0597
16:34:31, 3.70, 111, 235.28, 352.56, 359.78, 0.4628, -0.0284, -0.8841, -0.0584
16:34:31, 3.70, 111, 234.84, 352.71, 359.70, 0.4594, -0.0270, -0.8859, -0.0576
16:34:31, 3.73, 112, 234.39, 352.93, 359.63, 0.4560, -0.0253, -0.8879, -0.0563
16:34:31, 3.73, 112, 233.95, 353.03, 359.54, 0.4525, -0.0240, -0.8897, -0.0560
16:34:31, 3.77, 113, 233.43, 353.19, 359.56, 0.4485, -0.0233, -0.8918, -0.0548
16:34:31, 3.77, 113, 232.92, 353.38, 359.51, 0.4446, -0.0219, -0.8938, -0.0536
16:34:31, 3.77, 113, 232.41, 353.47, 359.45, 0.4406, -0.0208, -0.8959, -0.0532
16:34:31, 3.80, 114, 231.94, 353.63, 359.38, 0.4369, -0.0195, -0.8978, -0.0523
16:34:31, 3.80, 114, 231.45, 353.73, 359.32, 0.4331, -0.0184, -0.8996, -0.0518
16:34:31, 3.83, 115, 231.02, 353.88, 359.18, 0.4297, -0.0166, -0.9014, -0.0512
16:34:31, 3.83, 115, 230.57, 354.01, 359.07, 0.4261, -0.0150, -0.9031, -0.0507
16:34:31, 3.87, 116, 230.13, 354.02, 358.98, 0.4226, -0.0141, -0.9048, -0.0510
16:34:31, 3.87, 116, 229.62, 354.06, 358.90, 0.4186, -0.0130, -0.9067, -0.0511
16:34:31, 3.87, 116, 229.16, 354.00, 358.82, 0.4148, -0.0124, -0.9083, -0.0519
16:34:31, 3.90, 117, 228.74, 353.98, 358.77, 0.4115, -0.0119, -0.9098, -0.0522
16:34:31, 3.90, 117, 228.25, 353.98, 358.77, 0.4077, -0.0117, -0.9116, -0.0523
16:34:31, 3.93, 118, 227.77, 353.80, 358.73, 0.4038, -0.0118, -0.9132, -0.0539
16:34:31, 3.93, 118, 227.34, 353.71, 358.63, 0.4003, -0.0111, -0.9147, -0.0550
16:34:31, 3.93, 118, 226.89, 353.62, 358.58, 0.3966, -0.0108, -0.9162, -0.0560
16:34:31, 3.97, 119, 226.42, 353.44, 358.56, 0.3927, -0.0110, -0.9178, -0.0575
16:34:31, 3.97, 119, 226.01, 353.37, 358.47, 0.3894, -0.0104, -0.9191, -0.0584
16:34:31, 4.00, 120, 225.57, 353.30, 358.38, 0.3858, -0.0096, -0.9206, -0.0593
16:34:31, 4.00, 120, 225.24, 353.23, 358.29, 0.3831, -0.0090, -0.9217, -0.0602
16:34:31, 4.00, 120, 224.98, 353.18, 358.19, 0.3810, -0.0082, -0.9225, -0.0610
16:34:31, 4.03, 121, 224.71, 353.12, 358.08, 0.3787, -0.0074, -0.9234, -0.0619
16:34:31, 4.03, 121, 224.45, 353.11, 358.00, 0.3765, -0.0066, -0.9243, -0.0622
16:34:31, 4.07, 122, 224.29, 353.06, 357.94, 0.3752, -0.0062, -0.9248, -0.0628
16:34:31, 4.07, 122, 224.15, 353.02, 357.81, 0.3739, -0.0052, -0.9253, -0.0636
16:34:31, 4.10, 123, 224.06, 353.05, 357.76, 0.3732, -0.0047, -0.9256, -0.0635
16:34:31, 4.10, 123, 223.96, 353.06, 357.73, 0.3725, -0.0043, -0.9259, -0.0635
16:34:31, 4.10, 123, 223.89, 353.16, 357.71, 0.3719, -0.0038, -0.9261, -0.0628
16:34:31, 4.13, 124, 223.88, 353.28, 357.69, 0.3718, -0.0033, -0.9262, -0.0619
16:34:31, 4.13, 124, 223.90, 353.35, 357.67, 0.3720, -0.0028, -0.9262, -0.0614
16:34:31, 4.17, 125, 223.94, 353.45, 357.69, 0.3724, -0.0027, -0.9261, -0.0605
16:34:31, 4.17, 125, 223.98, 353.51, 357.72, 0.3727, -0.0028, -0.9260, -0.0599
16:34:31, 4.20, 126, 224.01, 353.56, 357.79, 0.3730, -0.0032, -0.9259, -0.0593
16:34:31, 4.20, 126, 224.04, 353.63, 357.84, 0.3733, -0.0034, -0.9258, -0.0585
16:34:31, 4.20, 126, 224.10, 353.69, 357.84, 0.3739, -0.0032, -0.9257, -0.0581
16:34:31, 4.23, 127, 224.14, 353.72, 357.85, 0.3742, -0.0033, -0.9256, -0.0578
16:34:31, 4.23, 127, 224.19, 353.74, 357.87, 0.3745, -0.0034, -0.9254, -0.0576
16:34:31, 4.27, 128, 224.20, 353.76, 357.89, 0.3747, -0.0035, -0.9254, -0.0573
16:34:31, 4.27, 128, 224.15, 353.75, 357.93, 0.3743, -0.0038, -0.9255, -0.0573
16:34:31, 4.27, 128, 224.06, 353.75, 357.96, 0.3736, -0.0040, -0.9258, -0.0572
16:34:31, 4.30, 129, 223.98, 353.80, 357.93, 0.3729, -0.0035, -0.9261, -0.0568
16:34:31, 4.30, 129, 223.93, 353.90, 357.90, 0.3725, -0.0029, -0.9263, -0.0562
16:34:31, 4.33, 130, 223.86, 354.04, 357.88, 0.3720, -0.0023, -0.9266, -0.0551
16:34:31, 4.33, 130, 223.75, 354.14, 357.87, 0.3712, -0.0018, -0.9270, -0.0544
16:34:31, 4.33, 130, 223.62, 354.25, 357.86, 0.3702, -0.0013, -0.9274, -0.0535
16:34:31, 4.37, 131, 223.48, 354.36, 357.81, 0.3690, -0.0005, -0.9279, -0.0527
16:34:31, 4.37, 131, 223.33, 354.47, 357.76, 0.3678, 0.0003, -0.9285, -0.0520
16:34:31, 4.40, 132, 223.21, 354.56, 357.72, 0.3668, 0.0010, -0.9289, -0.0514
16:34:31, 4.40, 132, 223.09, 354.68, 357.67, 0.3659, 0.0019, -0.9293, -0.0506
16:34:31, 4.43, 133, 222.96, 354.81, 357.68, 0.3649, 0.0023, -0.9297, -0.0495
16:34:31, 4.43, 133, 222.77, 354.93, 357.68, 0.3634, 0.0027, -0.9304, -0.0486
16:34:31, 4.43, 133, 222.56, 355.00, 357.69, 0.3617, 0.0030, -0.9311, -0.0479
16:34:31, 4.47, 134, 222.36, 355.06, 357.70, 0.3601, 0.0031, -0.9317, -0.0474
16:34:31, 4.47, 134, 222.17, 355.12, 357.74, 0.3586, 0.0030, -0.9323, -0.0468
16:34:31, 4.50, 135, 221.98, 355.22, 357.74, 0.3570, 0.0034, -0.9330, -0.0459
16:34:31, 4.50, 135, 221.77, 355.29, 357.75, 0.3554, 0.0037, -0.9336, -0.0454
16:34:31, 4.50, 135, 221.54, 355.36, 357.80, 0.3536, 0.0035, -0.9343, -0.0446
16:34:31, 4.53, 136, 221.28, 355.41, 357.81, 0.3514, 0.0038, -0.9352, -0.0442
16:34:31, 4.53, 136, 221.05, 355.45, 357.81, 0.3496, 0.0039, -0.9359, -0.0438
16:34:31, 4.57, 137, 220.87, 355.50, 357.78, 0.3481, 0.0045, -0.9364, -0.0435
16:34:31, 4.57, 137, 220.69, 355.53, 357.77, 0.3466, 0.0047, -0.9370, -0.0433
16:34:31, 4.60, 138, 220.49, 355.59, 357.75, 0.3450, 0.0051, -0.9376, -0.0429
16:34:31, 4.60, 138, 220.31, 355.62, 357.75, 0.3435, 0.0053, -0.9382, -0.0427
16:34:31, 4.60, 138, 220.15, 355.66, 357.73, 0.3423, 0.0056, -0.9386, -0.0424
16:34:31, 4.63, 139, 220.03, 355.67, 357.73, 0.3412, 0.0057, -0.9390, -0.0423
16:34:31, 4.63, 139, 219.90, 355.70, 357.70, 0.3402, 0.0060, -0.9394, -0.0421
16:34:31, 4.67, 140, 219.79, 355.69, 357.71, 0.3393, 0.0060, -0.9397, -0.0421
16:34:31, 4.67, 140, 219.71, 355.69, 357.67, 0.3386, 0.0064, -0.9400, -0.0422
16:34:31, 4.67, 140, 219.64, 355.68, 357.67, 0.3381, 0.0063, -0.9402, -0.0423
16:34:32, 4.70, 141, 219.59, 355.68, 357.68, 0.3376, 0.0063, -0.9403, -0.0423
16:34:32, 4.70, 141, 219.50, 355.68, 357.70, 0.3369, 0.0062, -0.9406, -0.0423
16:34:32, 4.73, 142, 219.49, 355.68, 357.74, 0.3368, 0.0058, -0.9406, -0.0421
16:34:32, 4.73, 142, 219.43, 355.67, 357.77, 0.3363, 0.0056, -0.9408, -0.0421
16:34:32, 4.77, 143, 219.41, 355.63, 357.79, 0.3362, 0.0053, -0.9408, -0.0424
16:34:32, 4.77, 143, 219.38, 355.62, 357.82, 0.3359, 0.0050, -0.9409, -0.0424
16:34:32, 4.77, 143, 219.32, 355.63, 357.84, 0.3355, 0.0049, -0.9411, -0.0423
16:34:32, 4.80, 144, 219.27, 355.63, 357.89, 0.3351, 0.0045, -0.9412, -0.0421
16:34:32, 4.80, 144, 219.16, 355.63, 357.89, 0.3342, 0.0046, -0.9416, -0.0421
16:34:32, 4.83, 145, 219.07, 355.63, 357.89, 0.3334, 0.0045, -0.9418, -0.0421
16:34:32, 4.83, 145, 218.98, 355.60, 357.89, 0.3327, 0.0045, -0.9421, -0.0423
16:34:32, 4.87, 146, 218.88, 355.63, 357.87, 0.3318, 0.0049, -0.9424, -0.0421
16:34:32, 4.87, 146, 218.76, 355.67, 357.83, 0.3308, 0.0053, -0.9427, -0.0419
16:34:32, 4.87, 146, 218.66, 355.74, 357.78, 0.3300, 0.0060, -0.9430, -0.0415
16:34:32, 4.90, 147, 218.57, 355.78, 357.79, 0.3293, 0.0061, -0.9433, -0.0411
16:34:32, 4.90, 147, 218.48, 355.81, 357.79, 0.3285, 0.0061, -0.9436, -0.0408
16:34:32, 4.93, 148, 218.37, 355.81, 357.75, 0.3277, 0.0065, -0.9439, -0.0409
16:34:32, 4.93, 148, 218.27, 355.83, 357.72, 0.3268, 0.0069, -0.9442, -0.0409
16:34:32, 4.93, 148, 218.19, 355.83, 357.70, 0.3262, 0.0071, -0.9444, -0.0409
16:34:32, 4.97, 149, 218.11, 355.83, 357.68, 0.3255, 0.0072, -0.9446, -0.0409
16:34:32, 4.97, 149, 217.98, 355.85, 357.69, 0.3244, 0.0073, -0.9450, -0.0408
16:34:32, 5.00, 150, 217.86, 355.85, 357.66, 0.3234, 0.0075, -0.9453, -0.0409
16:34:32, 5.00, 150, 217.72, 355.88, 357.65, 0.3223, 0.0078, -0.9457, -0.0406
16:34:32, 5.00, 150, 217.55, 355.93, 357.66, 0.3209, 0.0079, -0.9462, -0.0402
16:34:32, 5.03, 151, 217.38, 355.98, 357.63, 0.3195, 0.0084, -0.9467, -0.0399
16:34:32, 5.03, 151, 217.23, 356.03, 357.60, 0.3183, 0.0088, -0.9471, -0.0395
16:34:32, 5.07, 152, 217.04, 356.09, 357.60, 0.3167, 0.0090, -0.9477, -0.0390
16:34:32, 5.07, 152, 216.86, 356.13, 357.60, 0.3152, 0.0092, -0.9482, -0.0387
16:34:32, 5.10, 153, 216.63, 356.21, 357.60, 0.3133, 0.0094, -0.9488, -0.0380
16:34:32, 5.10, 153, 216.41, 356.25, 357.59, 0.3115, 0.0097, -0.9494, -0.0376
16:34:32, 5.10, 153, 216.17, 356.30, 357.56, 0.3095, 0.0102, -0.9501, -0.0373
16:34:32, 5.13, 154, 215.93, 356.34, 357.54, 0.3076, 0.0105, -0.9508, -0.0370
16:34:32, 5.13, 154, 215.66, 356.42, 357.52, 0.3053, 0.0110, -0.9515, -0.0363
16:34:32, 5.17, 155, 215.40, 356.50, 357.52, 0.3032, 0.0114, -0.9522, -0.0357
16:34:32, 5.17, 155, 215.11, 356.63, 357.46, 0.3008, 0.0122, -0.9530, -0.0347
16:34:32, 5.17, 155, 214.89, 356.74, 357.46, 0.2990, 0.0126, -0.9536, -0.0337
16:34:32, 5.20, 156, 214.65, 356.81, 357.44, 0.2970, 0.0131, -0.9542, -0.0332
16:34:32, 5.20, 156, 214.42, 356.89, 357.45, 0.2951, 0.0132, -0.9548, -0.0325
16:34:32, 5.23, 157, 214.23, 356.97, 357.51, 0.2935, 0.0130, -0.9553, -0.0317
16:34:32, 5.23, 157, 214.03, 357.07, 357.53, 0.2919, 0.0131, -0.9559, -0.0307
16:34:32, 5.27, 158, 213.83, 357.17, 357.59, 0.2903, 0.0129, -0.9564, -0.0297
16:34:32, 5.27, 158, 213.68, 357.29, 357.63, 0.2891, 0.0129, -0.9568, -0.0286
16:34:32, 5.27, 158, 213.52, 357.39, 357.71, 0.2878, 0.0126, -0.9572, -0.0275
16:34:32, 5.30, 159, 213.34, 357.54, 357.75, 0.2863, 0.0126, -0.9577, -0.0262
16:34:32, 5.30, 159, 213.21, 357.66, 357.78, 0.2853, 0.0127, -0.9580, -0.0251
16:34:32, 5.33, 160, 213.05, 357.74, 357.82, 0.2840, 0.0127, -0.9584, -0.0243
16:34:32, 5.33, 160, 212.92, 357.83, 357.88, 0.2829, 0.0124, -0.9588, -0.0234
16:34:32, 5.37, 161, 212.79, 357.91, 357.92, 0.2818, 0.0123, -0.9591, -0.0226
16:34:32, 5.37, 161, 212.63, 358.03, 357.96, 0.2806, 0.0123, -0.9595, -0.0215
16:34:32, 5.37, 161, 212.53, 358.13, 357.96, 0.2797, 0.0125, -0.9598, -0.0206
16:34:32, 5.40, 162, 212.47, 358.23, 358.02, 0.2793, 0.0123, -0.9599, -0.0197
16:34:32, 5.40, 162, 212.42, 358.31, 358.06, 0.2789, 0.0122, -0.9601, -0.0189
16:34:32, 5.43, 163, 212.40, 358.40, 358.08, 0.2787, 0.0122, -0.9601, -0.0181
16:34:32, 5.43, 163, 212.40, 358.52, 358.10, 0.2788, 0.0123, -0.9601, -0.0170
16:34:32, 5.43, 163, 212.41, 358.61, 358.12, 0.2788, 0.0123, -0.9601, -0.0162
16:34:32, 5.47, 164, 212.44, 358.72, 358.16, 0.2791, 0.0123, -0.9601, -0.0152
16:34:32, 5.47, 164, 212.48, 358.77, 358.15, 0.2794, 0.0125, -0.9600, -0.0148
16:34:32, 5.50, 165, 212.50, 358.80, 358.13, 0.2796, 0.0127, -0.9599, -0.0146
16:34:32, 5.50, 165, 212.56, 358.85, 358.12, 0.2801, 0.0129, -0.9598, -0.0142
16:34:32, 5.50, 165, 212.58, 358.87, 358.13, 0.2803, 0.0129, -0.9597, -0.0140
16:34:32, 5.53, 166, 212.67, 358.87, 358.12, 0.2810, 0.0130, -0.9595, -0.0141
16:34:32, 5.53, 166, 212.68, 358.90, 358.10, 0.2811, 0.0132, -0.9595, -0.0139
16:34:32, 5.57, 167, 212.70, 358.91, 358.10, 0.2813, 0.0132, -0.9594, -0.0138
16:34:32, 5.57, 167, 212.74, 358.92, 358.12, 0.2816, 0.0131, -0.9593, -0.0137
16:34:32, 5.60, 168, 212.78, 358.94, 358.16, 0.2820, 0.0128, -0.9592, -0.0134
16:34:32, 5.60, 168, 212.82, 358.94, 358.18, 0.2823, 0.0126, -0.9592, -0.0134
16:34:32, 5.60, 168, 212.87, 358.94, 358.20, 0.2828, 0.0125, -0.9590, -0.0133
16:34:32, 5.63, 169, 212.90, 358.89, 358.24, 0.2830, 0.0120, -0.9589, -0.0136
16:34:32, 5.63, 169, 212.94, 358.93, 358.24, 0.2833, 0.0121, -0.9589, -0.0133
16:34:32, 5.67, 170, 213.00, 358.93, 358.24, 0.2839, 0.0120, -0.9587, -0.0133
16:34:32, 5.67, 170, 213.05, 358.91, 358.24, 0.2843, 0.0120, -0.9586, -0.0135
16:34:32, 5.67, 170, 213.10, 358.91, 358.25, 0.2846, 0.0119, -0.9585, -0.0134
16:34:33, 5.70, 171, 213.11, 358.90, 358.30, 0.2847, 0.0115, -0.9584, -0.0134
16:34:33, 5.70, 171, 213.10, 358.93, 358.32, 0.2847, 0.0114, -0.9585, -0.0131
16:34:33, 5.73, 172, 213.08, 358.96, 358.33, 0.2845, 0.0114, -0.9585, -0.0129
16:34:33, 5.73, 172, 213.07, 358.96, 358.32, 0.2844, 0.0115, -0.9585, -0.0128
16:34:33, 5.77, 173, 213.08, 359.01, 358.33, 0.2845, 0.0115, -0.9585, -0.0124
16:34:33, 5.77, 173, 213.07, 359.06, 358.36, 0.2845, 0.0114, -0.9585, -0.0119
16:34:33, 5.77, 173, 213.07, 359.07, 358.35, 0.2845, 0.0115, -0.9585, -0.0119
16:34:33, 5.80, 174, 213.10, 359.04, 358.36, 0.2847, 0.0113, -0.9585, -0.0121
16:34:33, 5.80, 174, 213.09, 359.02, 358.36, 0.2847, 0.0113, -0.9585, -0.0122
16:34:33, 5.83, 175, 213.10, 358.98, 358.37, 0.2847, 0.0111, -0.9585, -0.0126
16:34:33, 5.83, 175, 213.08, 358.97, 358.37, 0.2845, 0.0110, -0.9585, -0.0127
16:34:33, 5.87, 176, 213.06, 359.00, 358.36, 0.2844, 0.0112, -0.9586, -0.0125
16:34:33, 5.87, 176, 213.07, 359.01, 358.32, 0.2844, 0.0116, -0.9586, -0.0125
16:34:33, 5.87, 176, 213.07, 358.99, 358.29, 0.2845, 0.0118, -0.9585, -0.0127
16:34:33, 5.90, 177, 213.07, 358.96, 358.26, 0.2844, 0.0120, -0.9585, -0.0130
16:34:33, 5.93, 178, 213.12, 358.92, 358.22, 0.2849, 0.0122, -0.9584, -0.0135
16:34:33, 5.93, 178, 213.15, 358.89, 358.23, 0.2851, 0.0121, -0.9583, -0.0137
16:34:33, 5.93, 178, 213.20, 358.88, 358.19, 0.2855, 0.0123, -0.9582, -0.0139
16:34:33, 5.97, 179, 213.22, 358.87, 358.20, 0.2857, 0.0123, -0.9582, -0.0139
16:34:33, 5.97, 179, 213.24, 358.87, 358.16, 0.2858, 0.0125, -0.9581, -0.0140
16:34:33, 6.00, 180, 213.28, 358.85, 358.15, 0.2862, 0.0126, -0.9580, -0.0143
16:34:33, 6.00, 180, 213.32, 358.81, 358.09, 0.2865, 0.0130, -0.9579, -0.0147
16:34:33, 6.00, 180, 213.39, 358.73, 358.06, 0.2870, 0.0131, -0.9577, -0.0155
16:34:33, 6.03, 181, 213.41, 358.67, 358.03, 0.2872, 0.0131, -0.9576, -0.0160
16:34:33, 6.03, 181, 213.48, 358.61, 358.00, 0.2878, 0.0132, -0.9575, -0.0166
16:34:33, 6.07, 182, 213.50, 358.54, 357.96, 0.2879, 0.0134, -0.9574, -0.0173
16:34:33, 6.07, 182, 213.54, 358.43, 357.98, 0.2882, 0.0130, -0.9573, -0.0182
16:34:33, 6.10, 183, 213.58, 358.34, 357.95, 0.2885, 0.0129, -0.9572, -0.0190
16:34:33, 6.10, 183, 213.60, 358.26, 357.94, 0.2887, 0.0128, -0.9571, -0.0198
16:34:33, 6.10, 183, 213.63, 358.16, 357.90, 0.2889, 0.0129, -0.9570, -0.0207
16:34:33, 6.13, 184, 213.68, 358.09, 357.86, 0.2893, 0.0130, -0.9569, -0.0213
16:34:33, 6.13, 184, 213.69, 358.00, 357.87, 0.2894, 0.0127, -0.9569, -0.0221
16:34:33, 6.17, 185, 213.70, 357.94, 357.89, 0.2894, 0.0124, -0.9569, -0.0226
16:34:33, 6.17, 185, 213.69, 357.84, 357.86, 0.2894, 0.0124, -0.9568, -0.0235
16:34:33, 6.17, 185, 213.70, 357.76, 357.85, 0.2894, 0.0123, -0.9568, -0.0241
16:34:33, 6.20, 186, 213.71, 357.66, 357.85, 0.2895, 0.0121, -0.9568, -0.0250
16:34:33, 6.20, 186, 213.72, 357.52, 357.84, 0.2895, 0.0118, -0.9568, -0.0262
16:34:33, 6.23, 187, 213.72, 357.35, 357.83, 0.2895, 0.0114, -0.9567, -0.0276
16:34:33, 6.23, 187, 213.70, 357.12, 357.79, 0.2892, 0.0112, -0.9567, -0.0296
16:34:33, 6.27, 188, 213.68, 356.87, 357.75, 0.2890, 0.0109, -0.9567, -0.0318
16:34:33, 6.27, 188, 213.64, 356.67, 357.69, 0.2887, 0.0109, -0.9568, -0.0336
16:34:33, 6.27, 188, 213.63, 356.49, 357.65, 0.2884, 0.0108, -0.9568, -0.0352
16:34:33, 6.30, 189, 213.56, 356.30, 357.60, 0.2878, 0.0107, -0.9569, -0.0369
16:34:33, 6.30, 189, 213.52, 356.10, 357.58, 0.2875, 0.0104, -0.9570, -0.0387
16:34:33, 6.33, 190, 213.50, 355.90, 357.56, 0.2872, 0.0101, -0.9570, -0.0404
16:34:33, 6.33, 190, 213.48, 355.73, 357.55, 0.2870, 0.0097, -0.9570, -0.0419
16:34:33, 6.33, 190, 213.45, 355.54, 357.53, 0.2867, 0.0094, -0.9570, -0.0435
16:34:33, 6.37, 191, 213.44, 355.33, 357.50, 0.2865, 0.0091, -0.9570, -0.0453
16:34:33, 6.37, 191, 213.41, 355.11, 357.49, 0.2863, 0.0087, -0.9570, -0.0471
16:34:33, 6.40, 192, 213.37, 354.90, 357.48, 0.2858, 0.0083, -0.9570, -0.0489
16:34:33, 6.40, 192, 213.35, 354.69, 357.46, 0.2856, 0.0079, -0.9570, -0.0507
16:34:33, 6.43, 193, 213.34, 354.52, 357.44, 0.2854, 0.0077, -0.9569, -0.0522
16:34:33, 6.43, 193, 213.32, 354.28, 357.43, 0.2852, 0.0071, -0.9569, -0.0542
16:34:33, 6.43, 193, 213.28, 354.00, 357.45, 0.2848, 0.0063, -0.9569, -0.0565
16:34:33, 6.47, 194, 213.24, 353.61, 357.47, 0.2843, 0.0052, -0.9569, -0.0597
16:34:33, 6.47, 194, 213.18, 353.19, 357.51, 0.2837, 0.0038, -0.9568, -0.0631
16:34:33, 6.50, 195, 213.08, 352.85, 357.51, 0.2827, 0.0031, -0.9569, -0.0660
16:34:33, 6.50, 195, 213.01, 352.51, 357.53, 0.2821, 0.0021, -0.9569, -0.0687
16:34:33, 6.50, 195, 212.98, 352.20, 357.50, 0.2817, 0.0016, -0.9569, -0.0714
16:34:33, 6.53, 196, 212.91, 351.77, 357.56, 0.2810, 0.0000, -0.9568, -0.0748
16:34:33, 6.53, 196, 212.86, 351.44, 357.58, 0.2805, -0.0009, -0.9567, -0.0775
16:34:33, 6.57, 197, 212.78, 351.08, 357.64, 0.2798, -0.0022, -0.9567, -0.0804
16:34:33, 6.57, 197, 212.76, 350.77, 357.62, 0.2794, -0.0028, -0.9566, -0.0830
16:34:33, 6.60, 198, 212.73, 350.51, 357.66, 0.2791, -0.0038, -0.9565, -0.0851
16:34:33, 6.60, 198, 212.71, 350.23, 357.69, 0.2789, -0.0047, -0.9563, -0.0874
16:34:33, 6.60, 198, 212.73, 349.96, 357.66, 0.2789, -0.0052, -0.9561, -0.0896
16:34:33, 6.63, 199, 212.74, 349.70, 357.72, 0.2789, -0.0063, -0.9559, -0.0917
16:34:33, 6.63, 199, 212.74, 349.45, 357.77, 0.2789, -0.0073, -0.9557, -0.0936
16:34:33, 6.67, 200, 212.73, 349.28, 357.80, 0.2787, -0.0080, -0.9556, -0.0950
16:34:33, 6.67, 200, 212.69, 349.12, 357.89, 0.2785, -0.0091, -0.9556, -0.0961
16:34:33, 6.67, 200, 212.67, 349.03, 357.93, 0.2783, -0.0096, -0.9556, -0.0968
16:34:34, 6.70, 201, 212.67, 348.96, 357.97, 0.2783, -0.0101, -0.9555, -0.0972
16:34:34, 6.70, 201, 212.67, 348.92, 358.05, 0.2783, -0.0109, -0.9555, -0.0974
16:34:34, 6.73, 202, 212.67, 348.87, 358.12, 0.2783, -0.0116, -0.9554, -0.0976
16:34:34, 6.73, 202, 212.69, 348.81, 358.20, 0.2786, -0.0124, -0.9553, -0.0979
16:34:34, 6.77, 203, 212.67, 348.70, 358.27, 0.2784, -0.0132, -0.9553, -0.0987
16:34:34, 6.77, 203, 212.65, 348.64, 358.31, 0.2783, -0.0137, -0.9553, -0.0991
16:34:34, 6.77, 203, 212.65, 348.58, 358.36, 0.2783, -0.0143, -0.9552, -0.0995
16:34:34, 6.80, 204, 212.62, 348.50, 358.42, 0.2781, -0.0150, -0.9552, -0.1000
16:34:34, 6.80, 204, 212.59, 348.45, 358.45, 0.2778, -0.0153, -0.9553, -0.1003
16:34:34, 6.83, 205, 212.54, 348.43, 358.48, 0.2775, -0.0156, -0.9553, -0.1005
16:34:34, 6.83, 205, 212.51, 348.37, 358.53, 0.2772, -0.0161, -0.9554, -0.1009
16:34:34, 6.87, 206, 212.45, 348.26, 358.57, 0.2767, -0.0166, -0.9554, -0.1017
16:34:34, 6.87, 206, 212.38, 348.14, 358.61, 0.2761, -0.0172, -0.9555, -0.1026
16:34:34, 6.87, 206, 212.35, 348.04, 358.62, 0.2758, -0.0175, -0.9555, -0.1034
16:34:34, 6.90, 207, 212.30, 347.95, 358.67, 0.2754, -0.0181, -0.9555, -0.1040
16:34:34, 6.90, 207, 212.25, 347.87, 358.73, 0.2751, -0.0188, -0.9555, -0.1046
16:34:34, 6.93, 208, 212.22, 347.74, 358.75, 0.2748, -0.0192, -0.9555, -0.1056
16:34:34, 6.93, 208, 212.19, 347.66, 358.79, 0.2745, -0.0197, -0.9555, -0.1062
16:34:34, 6.93, 208, 212.18, 347.53, 358.85, 0.2744, -0.0205, -0.9554, -0.1071
16:34:34, 6.97, 209, 212.14, 347.41, 358.92, 0.2741, -0.0213, -0.9554, -0.1079
16:34:34, 6.97, 209, 212.11, 347.27, 359.00, 0.2739, -0.0223, -0.9553, -0.1089
16:34:34, 7.00, 210, 212.09, 347.14, 359.08, 0.2738, -0.0233, -0.9552, -0.1098
16:34:34, 7.00, 210, 212.06, 347.04, 359.16, 0.2736, -0.0242, -0.9552, -0.1105
16:34:34, 7.00, 210, 212.03, 346.94, 359.25, 0.2734, -0.0251, -0.9551, -0.1111
16:34:34, 7.03, 211, 212.00, 346.82, 359.29, 0.2731, -0.0257, -0.9551, -0.1120
16:34:34, 7.03, 211, 211.98, 346.78, 359.34, 0.2730, -0.0263, -0.9551, -0.1122
16:34:34, 7.07, 212, 211.99, 346.73, 359.38, 0.2731, -0.0267, -0.9550, -0.1126
16:34:34, 7.07, 212, 211.99, 346.68, 359.46, 0.2731, -0.0274, -0.9549, -0.1128
16:34:34, 7.10, 213, 211.98, 346.58, 359.54, 0.2732, -0.0284, -0.9548, -0.1134
16:34:34, 7.10, 213, 211.93, 346.50, 359.61, 0.2728, -0.0291, -0.9549, -0.1139
16:34:34, 7.10, 213, 211.88, 346.44, 359.65, 0.2724, -0.0295, -0.9549, -0.1144
16:34:34, 7.13, 214, 211.82, 346.43, 359.72, 0.2719, -0.0301, -0.9550, -0.1143
16:34:34, 7.13, 214, 211.78, 346.44, 359.77, 0.2716, -0.0304, -0.9551, -0.1141
16:34:34, 7.17, 215, 211.76, 346.46, 359.79, 0.2715, -0.0305, -0.9552, -0.1139
16:34:34, 7.17, 215, 211.74, 346.44, 359.83, 0.2714, -0.0309, -0.9552, -0.1140
16:34:34, 7.20, 216, 211.72, 346.40, 359.92, 0.2713, -0.0317, -0.9552, -0.1141
16:34:34, 7.20, 216, 211.69, 346.36, 0.01, 0.2711, -0.0325, -0.9552, -0.1142
16:34:34, 7.20, 216, 211.66, 346.34, 0.08, 0.2710, -0.0331, -0.9552, -0.1143
16:34:34, 7.23, 217, 211.65, 346.31, 0.10, 0.2708, -0.0333, -0.9552, -0.1145
16:34:34, 7.23, 217, 211.64, 346.24, 0.12, 0.2708, -0.0337, -0.9552, -0.1150
16:34:34, 7.27, 218, 211.64, 346.21, 0.14, 0.2708, -0.0339, -0.9551, -0.1152
16:34:34, 7.27, 218, 211.61, 346.17, 0.13, 0.2705, -0.0339, -0.9552, -0.1155
16:34:34, 7.27, 218, 211.59, 346.16, 0.14, 0.2704, -0.0340, -0.9552, -0.1156
16:34:34, 7.30, 219, 211.56, 346.15, 0.16, 0.2701, -0.0342, -0.9553, -0.1156
16:34:34, 7.30, 219, 211.51, 346.13, 0.16, 0.2697, -0.0341, -0.9554, -0.1158
16:34:34, 7.33, 220, 211.45, 346.09, 0.16, 0.2692, -0.0341, -0.9554, -0.1162
16:34:34, 7.33, 220, 211.38, 346.08, 0.20, 0.2687, -0.0344, -0.9556, -0.1162
16:34:34, 7.33, 220, 211.32, 346.07, 0.24, 0.2682, -0.0348, -0.9557, -0.1162
16:34:34, 7.37, 221, 211.23, 346.08, 0.28, 0.2675, -0.0349, -0.9559, -0.1160
16:34:34, 7.37, 221, 211.15, 346.11, 0.34, 0.2669, -0.0353, -0.9561, -0.1157
16:34:34, 7.40, 222, 211.06, 346.14, 0.41, 0.2662, -0.0357, -0.9563, -0.1153
16:34:34, 7.40, 222, 210.97, 346.18, 0.48, 0.2655, -0.0361, -0.9566, -0.1149
16:34:34, 7.43, 223, 210.90, 346.22, 0.54, 0.2650, -0.0364, -0.9568, -0.1144
16:34:34, 7.43, 223, 210.80, 346.24, 0.57, 0.2643, -0.0366, -0.9570, -0.1142
16:34:34, 7.43, 223, 210.70, 346.23, 0.60, 0.2634, -0.0367, -0.9572, -0.1143
16:34:34, 7.47, 224, 210.59, 346.26, 0.64, 0.2626, -0.0369, -0.9575, -0.1139
16:34:34, 7.47, 224, 210.46, 346.31, 0.70, 0.2615, -0.0371, -0.9578, -0.1134
16:34:34, 7.50, 225, 210.33, 346.36, 0.72, 0.2605, -0.0371, -0.9581, -0.1129
16:34:34, 7.50, 225, 210.19, 346.43, 0.73, 0.2593, -0.0368, -0.9585, -0.1124
16:34:34, 7.50, 225, 210.05, 346.48, 0.76, 0.2582, -0.0369, -0.9589, -0.1120
16:34:34, 7.53, 226, 209.86, 346.55, 0.81, 0.2567, -0.0369, -0.9594, -0.1113
16:34:34, 7.53, 226, 209.66, 346.62, 0.85, 0.2550, -0.0370, -0.9599, -0.1108
16:34:34, 7.57, 227, 209.41, 346.74, 0.89, 0.2530, -0.0368, -0.9605, -0.1097
16:34:34, 7.57, 227, 209.13, 346.88, 0.97, 0.2508, -0.0369, -0.9612, -0.1085
16:34:34, 7.60, 228, 208.80, 346.98, 1.05, 0.2481, -0.0370, -0.9620, -0.1075
16:34:34, 7.60, 228, 208.42, 347.14, 1.08, 0.2449, -0.0365, -0.9630, -0.1063
16:34:34, 7.60, 228, 207.97, 347.25, 1.04, 0.2411, -0.0356, -0.9641, -0.1055
16:34:34, 7.63, 229, 207.43, 347.48, 1.11, 0.2367, -0.0352, -0.9654, -0.1037
16:34:34, 7.63, 229, 206.81, 347.73, 1.08, 0.2315, -0.0339, -0.9669, -0.1018
16:34:34, 7.67, 230, 206.17, 348.04, 1.12, 0.2262, -0.0331, -0.9685, -0.0993
16:34:34, 7.67, 230, 205.48, 348.38, 1.17, 0.2204, -0.0322, -0.9701, -0.0965
16:34:34, 7.67, 230, 204.86, 348.59, 1.20, 0.2152, -0.0316, -0.9714, -0.0949
16:34:35, 7.70, 231, 204.09, 348.77, 1.25, 0.2087, -0.0310, -0.9730, -0.0934
16:34:35, 7.70, 231, 203.42, 349.07, 1.22, 0.2030, -0.0297, -0.9745, -0.0911
16:34:35, 7.73, 232, 202.65, 349.43, 1.27, 0.1965, -0.0289, -0.9761, -0.0881
16:34:35, 7.73, 232, 201.82, 349.75, 1.31, 0.1895, -0.0281, -0.9777, -0.0855
16:34:35, 7.77, 233, 201.06, 350.19, 1.43, 0.1832, -0.0279, -0.9793, -0.0817
16:34:35, 7.77, 233, 200.23, 350.54, 1.56, 0.1761, -0.0278, -0.9808, -0.0788
16:34:35, 7.77, 233, 199.53, 350.83, 1.65, 0.1702, -0.0277, -0.9821, -0.0764
16:34:35, 7.80, 234, 198.81, 351.11, 1.66, 0.1640, -0.0269, -0.9833, -0.0741
16:34:35, 7.80, 234, 198.16, 351.36, 1.75, 0.1585, -0.0269, -0.9844, -0.0719
16:34:35, 7.83, 235, 197.42, 351.65, 1.85, 0.1522, -0.0269, -0.9855, -0.0696
16:34:35, 7.83, 235, 196.78, 351.97, 1.95, 0.1467, -0.0270, -0.9865, -0.0668
16:34:35, 7.87, 236, 196.15, 352.33, 2.02, 0.1413, -0.0268, -0.9876, -0.0637
16:34:35, 7.87, 236, 195.59, 352.64, 2.08, 0.1365, -0.0267, -0.9884, -0.0611
16:34:35, 7.87, 236, 194.96, 352.93, 2.21, 0.1310, -0.0271, -0.9893, -0.0586
16:34:35, 7.90, 237, 194.45, 353.23, 2.30, 0.1267, -0.0273, -0.9900, -0.0560
16:34:35, 7.90, 237, 194.00, 353.60, 2.35, 0.1227, -0.0271, -0.9907, -0.0529
16:34:35, 7.93, 238, 193.57, 353.90, 2.51, 0.1191, -0.0280, -0.9912, -0.0502
16:34:35, 7.93, 238, 193.20, 354.17, 2.62, 0.1159, -0.0285, -0.9917, -0.0479
16:34:35, 7.93, 238, 192.86, 354.37, 2.70, 0.1130, -0.0289, -0.9921, -0.0462
16:34:35, 7.97, 239, 192.55, 354.52, 2.82, 0.1103, -0.0297, -0.9924, -0.0448
16:34:35, 7.97, 239, 192.34, 354.71, 2.88, 0.1084, -0.0299, -0.9927, -0.0431
16:34:35, 8.00, 240, 192.16, 354.98, 2.92, 0.1069, -0.0299, -0.9930, -0.0409
16:34:35, 8.00, 240, 191.99, 355.21, 3.02, 0.1054, -0.0305, -0.9932, -0.0388
16:34:35, 8.00, 240, 191.85, 355.37, 3.01, 0.1041, -0.0303, -0.9934, -0.0374
16:34:35, 8.03, 241, 191.74, 355.49, 3.11, 0.1032, -0.0310, -0.9935, -0.0363
16:34:35, 8.03, 241, 191.58, 355.62, 3.15, 0.1018, -0.0311, -0.9937, -0.0352
16:34:35, 8.07, 242, 191.45, 355.76, 3.19, 0.1007, -0.0314, -0.9938, -0.0340
16:34:35, 8.07, 242, 191.33, 355.96, 3.23, 0.0996, -0.0315, -0.9940, -0.0323
16:34:35, 8.10, 243, 191.24, 356.16, 3.28, 0.0988, -0.0317, -0.9941, -0.0305
16:34:35, 8.10, 243, 191.17, 356.37, 3.30, 0.0981, -0.0317, -0.9943, -0.0287
16:34:35, 8.10, 243, 191.14, 356.56, 3.32, 0.0978, -0.0317, -0.9943, -0.0271
16:34:35, 8.13, 244, 191.13, 356.67, 3.37, 0.0978, -0.0321, -0.9944, -0.0261
16:34:35, 8.13, 244, 191.19, 356.78, 3.33, 0.0982, -0.0317, -0.9943, -0.0251
16:34:35, 8.17, 245, 191.24, 356.82, 3.36, 0.0987, -0.0319, -0.9943, -0.0247
16:34:35, 8.17, 245, 191.30, 356.88, 3.42, 0.0992, -0.0323, -0.9943, -0.0241
16:34:35, 8.17, 245, 191.39, 356.91, 3.42, 0.1000, -0.0324, -0.9942, -0.0239
16:34:35, 8.20, 246, 191.47, 356.95, 3.45, 0.1006, -0.0326, -0.9941, -0.0235
16:34:35, 8.20, 246, 191.55, 356.95, 3.48, 0.1014, -0.0329, -0.9940, -0.0234
16:34:35, 8.23, 247, 191.63, 356.97, 3.48, 0.1020, -0.0328, -0.9940, -0.0232
16:34:35, 8.23, 247, 191.69, 356.95, 3.49, 0.1026, -0.0330, -0.9939, -0.0233
16:34:35, 8.27, 248, 191.71, 356.96, 3.51, 0.1028, -0.0332, -0.9939, -0.0233
16:34:35, 8.27, 248, 191.64, 356.88, 3.51, 0.1021, -0.0332, -0.9939, -0.0240
16:34:35, 8.27, 248, 191.51, 356.81, 3.51, 0.1010, -0.0333, -0.9940, -0.0246
16:34:35, 8.30, 249, 191.37, 356.79, 3.48, 0.0998, -0.0330, -0.9942, -0.0248
16:34:35, 8.30, 249, 191.19, 356.74, 3.47, 0.0983, -0.0329, -0.9943, -0.0253
16:34:35, 8.33, 250, 191.01, 356.68, 3.45, 0.0967, -0.0327, -0.9944, -0.0259
16:34:35, 8.33, 250, 190.81, 356.61, 3.44, 0.0950, -0.0326, -0.9946, -0.0266
16:34:35, 8.37, 251, 190.55, 356.57, 3.45, 0.0927, -0.0327, -0.9948, -0.0270
16:34:35, 8.37, 251, 190.32, 356.53, 3.52, 0.0908, -0.0333, -0.9949, -0.0274
16:34:35, 8.37, 251, 190.08, 356.53, 3.56, 0.0887, -0.0336, -0.9951, -0.0274
16:34:35, 8.40, 252, 189.83, 356.55, 3.60, 0.0865, -0.0338, -0.9953, -0.0273
16:34:35, 8.40, 252, 189.62, 356.57, 3.63, 0.0847, -0.0340, -0.9955, -0.0271
16:34:35, 8.43, 253, 189.40, 356.63, 3.65, 0.0828, -0.0342, -0.9956, -0.0267
16:34:35, 8.43, 253, 189.20, 356.68, 3.67, 0.0810, -0.0342, -0.9958, -0.0263
16:34:35, 8.43, 253, 188.98, 356.73, 3.72, 0.0792, -0.0346, -0.9959, -0.0259
16:34:35, 8.47, 254, 188.78, 356.78, 3.75, 0.0774, -0.0348, -0.9961, -0.0255
16:34:35, 8.47, 254, 188.57, 356.80, 3.74, 0.0756, -0.0346, -0.9962, -0.0254
16:34:35, 8.50, 255, 188.34, 356.77, 3.68, 0.0735, -0.0340, -0.9964, -0.0258
16:34:35, 8.50, 255, 188.10, 356.82, 3.63, 0.0715, -0.0335, -0.9966, -0.0255
16:34:35, 8.50, 255, 187.85, 356.87, 3.58, 0.0693, -0.0330, -0.9967, -0.0251
16:34:35, 8.53, 256, 187.60, 356.92, 3.54, 0.0670, -0.0326, -0.9969, -0.0247
16:34:35, 8.53, 256, 187.39, 356.96, 3.50, 0.0652, -0.0321, -0.9971, -0.0245
16:34:35, 8.57, 257, 187.17, 356.96, 3.48, 0.0633, -0.0320, -0.9972, -0.0246
16:34:35, 8.57, 257, 187.00, 356.97, 3.37, 0.0618, -0.0310, -0.9973, -0.0246
16:34:35, 8.60, 258, 186.83, 356.99, 3.29, 0.0603, -0.0302, -0.9974, -0.0245
16:34:35, 8.60, 258, 186.66, 357.03, 3.24, 0.0588, -0.0298, -0.9975, -0.0242
16:34:35, 8.60, 258, 186.49, 357.10, 3.15, 0.0572, -0.0289, -0.9977, -0.0237
16:34:35, 8.63, 259, 186.35, 357.14, 3.05, 0.0560, -0.0280, -0.9978, -0.0235
16:34:35, 8.63, 259, 186.20, 357.16, 2.96, 0.0547, -0.0271, -0.9979, -0.0234
16:34:35, 8.67, 260, 186.04, 357.22, 2.88, 0.0532, -0.0264, -0.9980, -0.0229
16:34:35, 8.67, 260, 185.88, 357.30, 2.79, 0.0518, -0.0256, -0.9981, -0.0223
16:34:35, 8.67, 260, 185.75, 357.38, 2.75, 0.0507, -0.0251, -0.9982, -0.0216
16:34:36, 8.70, 261, 185.60, 357.41, 2.64, 0.0494, -0.0241, -0.9983, -0.0215
16:34:36, 8.70, 261, 185.49, 357.47, 2.51, 0.0483, -0.0229, -0.9983, -0.0210
16:34:36, 8.73, 262, 185.43, 357.61, 2.31, 0.0478, -0.0211, -0.9984, -0.0199
16:34:36, 8.73, 262, 185.39, 357.73, 2.13, 0.0473, -0.0195, -0.9985, -0.0189
16:34:36, 8.77, 263, 185.36, 357.86, 1.99, 0.0471, -0.0183, -0.9986, -0.0178
16:34:36, 8.77, 263, 185.37, 357.96, 1.92, 0.0471, -0.0175, -0.9986, -0.0170
16:34:36, 8.77, 263, 185.44, 357.95, 1.85, 0.0477, -0.0170, -0.9986, -0.0171
16:34:36, 8.80, 264, 185.54, 357.99, 1.83, 0.0486, -0.0168, -0.9985, -0.0167
16:34:36, 8.80, 264, 185.62, 357.99, 1.90, 0.0493, -0.0174, -0.9985, -0.0167
16:34:36, 8.83, 265, 185.68, 357.92, 1.91, 0.0498, -0.0176, -0.9985, -0.0173
16:34:36, 8.83, 265, 185.71, 357.86, 1.89, 0.0501, -0.0174, -0.9984, -0.0178
16:34:36, 8.83, 265, 185.71, 357.79, 1.86, 0.0501, -0.0172, -0.9984, -0.0185
16:34:36, 8.87, 266, 185.69, 357.69, 1.80, 0.0499, -0.0167, -0.9984, -0.0193
16:34:36, 8.90, 267, 185.48, 357.63, 1.47, 0.0481, -0.0138, -0.9985, -0.0200
16:34:36, 8.93, 268, 185.38, 357.59, 1.40, 0.0472, -0.0132, -0.9986, -0.0204
16:34:36, 8.93, 268, 185.29, 357.57, 1.33, 0.0463, -0.0126, -0.9986, -0.0206
16:34:36, 8.93, 268, 185.23, 357.54, 1.25, 0.0458, -0.0119, -0.9987, -0.0210
16:34:36, 8.97, 269, 185.14, 357.54, 1.19, 0.0451, -0.0113, -0.9987, -0.0210
16:34:36, 8.97, 269, 185.11, 357.54, 1.11, 0.0448, -0.0106, -0.9987, -0.0211
16:34:36, 9.00, 270, 185.06, 357.58, 1.02, 0.0443, -0.0099, -0.9988, -0.0207
16:34:36, 9.00, 270, 185.00, 357.64, 0.98, 0.0438, -0.0094, -0.9988, -0.0202
16:34:36, 9.00, 270, 184.92, 357.73, 0.91, 0.0431, -0.0088, -0.9988, -0.0195
16:34:36, 9.03, 271, 184.84, 357.79, 0.85, 0.0424, -0.0083, -0.9989, -0.0190
16:34:36, 9.03, 271, 184.71, 357.81, 0.79, 0.0412, -0.0077, -0.9989, -0.0188
16:34:36, 9.07, 272, 184.59, 357.83, 0.69, 0.0401, -0.0068, -0.9990, -0.0187
16:34:36, 9.07, 272, 184.44, 357.82, 0.61, 0.0388, -0.0061, -0.9991, -0.0188
16:34:36, 9.10, 273, 184.30, 357.84, 0.46, 0.0376, -0.0047, -0.9991, -0.0187
16:34:36, 9.10, 273, 184.14, 357.88, 0.31, 0.0361, -0.0034, -0.9992, -0.0184
16:34:36, 9.10, 273, 183.97, 357.94, 0.13, 0.0346, -0.0018, -0.9992, -0.0180
16:34:36, 9.13, 274, 183.80, 358.01, 0.00, 0.0332, -0.0006, -0.9993, -0.0174
16:34:36, 9.13, 274, 183.65, 358.09, 359.82, 0.0319, 0.0010, -0.9994, -0.0167
16:34:36, 9.17, 275, 183.55, 358.16, 359.66, 0.0309, 0.0025, -0.9994, -0.0162
16:34:36, 9.17, 275, 183.48, 358.20, 359.57, 0.0303, 0.0033, -0.9994, -0.0158
16:34:36, 9.17, 275, 183.43, 358.22, 359.45, 0.0299, 0.0043, -0.9994, -0.0157
16:34:36, 9.20, 276, 183.35, 358.22, 359.30, 0.0292, 0.0057, -0.9994, -0.0157
16:34:36, 9.20, 276, 183.27, 358.22, 359.21, 0.0284, 0.0064, -0.9995, -0.0157
16:34:36, 9.23, 277, 183.18, 358.15, 359.12, 0.0276, 0.0072, -0.9995, -0.0163
16:34:36, 9.23, 277, 183.09, 358.07, 358.98, 0.0268, 0.0085, -0.9995, -0.0170
16:34:36, 9.27, 278, 183.04, 357.98, 358.87, 0.0263, 0.0094, -0.9994, -0.0179
16:34:36, 9.27, 278, 182.95, 357.91, 358.76, 0.0256, 0.0103, -0.9994, -0.0186
16:34:36, 9.27, 278, 182.88, 357.86, 358.61, 0.0249, 0.0117, -0.9994, -0.0189
16:34:36, 9.30, 279, 182.83, 357.78, 358.48, 0.0244, 0.0128, -0.9994, -0.0197
16:34:36, 9.30, 279, 182.79, 357.69, 358.35, 0.0240, 0.0139, -0.9994, -0.0205
16:34:36, 9.33, 280, 182.70, 357.59, 358.20, 0.0233, 0.0152, -0.9994, -0.0214
16:34:36, 9.33, 280, 182.57, 357.50, 358.07, 0.0221, 0.0163, -0.9994, -0.0222
16:34:36, 9.33, 280, 182.45, 357.44, 357.91, 0.0209, 0.0178, -0.9994, -0.0227
16:34:36, 9.37, 281, 182.34, 357.37, 357.76, 0.0200, 0.0191, -0.9993, -0.0233
16:34:36, 9.37, 281, 182.26, 357.34, 357.64, 0.0192, 0.0201, -0.9993, -0.0236
16:34:36, 9.40, 282, 182.19, 357.31, 357.54, 0.0186, 0.0210, -0.9993, -0.0238
16:34:36, 9.40, 282, 182.16, 357.24, 357.40, 0.0183, 0.0222, -0.9993, -0.0245
16:34:36, 9.43, 283, 182.13, 357.11, 357.37, 0.0180, 0.0224, -0.9993, -0.0256
16:34:36, 9.43, 283, 182.08, 357.03, 357.39, 0.0176, 0.0223, -0.9992, -0.0264
16:34:36, 9.43, 283, 182.03, 356.91, 357.33, 0.0171, 0.0228, -0.9992, -0.0274
16:34:36, 9.47, 284, 182.03, 356.83, 357.27, 0.0171, 0.0233, -0.9992, -0.0281
16:34:36, 9.47, 284, 182.04, 356.71, 357.24, 0.0171, 0.0236, -0.9992, -0.0291
16:34:36, 9.50, 285, 182.06, 356.67, 357.13, 0.0173, 0.0245, -0.9991, -0.0295
16:34:36, 9.50, 285, 182.13, 356.64, 357.08, 0.0178, 0.0250, -0.9991, -0.0297
16:34:36, 9.53, 286, 182.20, 356.59, 357.05, 0.0184, 0.0252, -0.9991, -0.0302
16:34:36, 9.53, 286, 182.30, 356.56, 356.93, 0.0192, 0.0262, -0.9990, -0.0306
16:34:36, 9.53, 286, 182.37, 356.45, 356.83, 0.0198, 0.0270, -0.9989, -0.0315
16:34:36, 9.57, 287, 182.50, 356.32, 356.78, 0.0209, 0.0274, -0.9989, -0.0327
16:34:36, 9.57, 287, 182.61, 356.24, 356.75, 0.0218, 0.0276, -0.9988, -0.0334
16:34:36, 9.60, 288, 182.68, 356.20, 356.74, 0.0224, 0.0276, -0.9988, -0.0338
16:34:36, 9.60, 288, 182.82, 356.12, 356.73, 0.0236, 0.0276, -0.9987, -0.0345
16:34:36, 9.60, 288, 183.03, 356.02, 356.74, 0.0255, 0.0275, -0.9987, -0.0354
16:34:36, 9.63, 289, 183.32, 355.86, 356.77, 0.0280, 0.0271, -0.9986, -0.0369
16:34:36, 9.63, 289, 183.63, 355.71, 356.77, 0.0305, 0.0270, -0.9984, -0.0383
16:34:36, 9.67, 290, 183.91, 355.56, 356.72, 0.0329, 0.0272, -0.9983, -0.0397
16:34:36, 9.67, 290, 184.21, 355.42, 356.73, 0.0355, 0.0271, -0.9982, -0.0409
16:34:36, 9.67, 290, 184.45, 355.27, 356.77, 0.0376, 0.0266, -0.9980, -0.0423
16:34:37, 9.70, 291, 184.67, 355.08, 356.83, 0.0395, 0.0258, -0.9979, -0.0440
16:34:37, 9.70, 291, 184.80, 354.93, 356.92, 0.0406, 0.0250, -0.9978, -0.0453
16:34:37, 9.73, 292, 184.94, 354.79, 356.90, 0.0418, 0.0251, -0.9977, -0.0465
16:34:37, 9.73, 292, 185.13, 354.64, 356.84, 0.0434, 0.0255, -0.9976, -0.0479
16:34:37, 9.77, 293, 185.29, 354.51, 356.83, 0.0448, 0.0254, -0.9975, -0.0491
16:34:37, 9.77, 293, 185.46, 354.44, 356.78, 0.0462, 0.0257, -0.9974, -0.0498
16:34:37, 9.77, 293, 185.61, 354.35, 356.77, 0.0475, 0.0257, -0.9973, -0.0506
16:34:37, 9.80, 294, 185.79, 354.25, 356.77, 0.0490, 0.0256, -0.9971, -0.0515
16:34:37, 9.80, 294, 185.97, 354.17, 356.79, 0.0505, 0.0253, -0.9970, -0.0522
16:34:37, 9.83, 295, 186.15, 354.05, 356.79, 0.0521, 0.0251, -0.9969, -0.0533
16:34:37, 9.83, 295, 186.37, 353.94, 356.78, 0.0539, 0.0251, -0.9968, -0.0543
16:34:37, 9.83, 295, 186.62, 353.92, 356.75, 0.0562, 0.0252, -0.9966, -0.0546
16:34:37, 9.87, 296, 186.95, 353.85, 356.73, 0.0590, 0.0252, -0.9964, -0.0552
16:34:37, 9.87, 296, 187.25, 353.80, 356.74, 0.0615, 0.0250, -0.9962, -0.0558
16:34:37, 9.90, 297, 187.56, 353.70, 356.72, 0.0642, 0.0249, -0.9960, -0.0567
16:34:37, 9.90, 297, 187.92, 353.58, 356.75, 0.0673, 0.0244, -0.9958, -0.0578
16:34:37, 9.93, 298, 188.26, 353.44, 356.80, 0.0703, 0.0237, -0.9955, -0.0591
16:34:37, 9.93, 298, 188.61, 353.35, 356.86, 0.0733, 0.0229, -0.9952, -0.0599
16:34:37, 9.93, 298, 189.02, 353.26, 356.92, 0.0769, 0.0222, -0.9949, -0.0607
16:34:37, 9.97, 299, 189.37, 353.13, 356.92, 0.0799, 0.0218, -0.9946, -0.0619
16:34:37, 9.97, 299, 189.71, 353.00, 356.95, 0.0829, 0.0213, -0.9943, -0.0631
