Timestamp, VideoTime, VideoFrame, HeadYaw, HeadPitch, HeadRoll, HeadQuatW, HeadQuatX, HeadQuatY, HeadQuatZ
16:38:52, 0.00, 0, 263.69, 8.57, 354.98, -0.6671, -0.0823, 0.7400, -0.0265
16:38:52, 0.03, 1, 263.29, 8.47, 354.95, -0.6645, -0.0819, 0.7424, -0.0260
16:38:52, 0.03, 1, 262.84, 8.44, 354.85, -0.6616, -0.0822, 0.7449, -0.0255
16:38:52, 0.03, 1, 262.37, 8.32, 354.83, -0.6586, -0.0816, 0.7477, -0.0249
16:38:52, 0.07, 2, 260.65, 7.86, 354.80, -0.6473, -0.0788, 0.7578, -0.0229
16:38:52, 0.10, 3, 259.86, 7.73, 354.68, -0.6421, -0.0787, 0.7622, -0.0220
16:38:52, 0.10, 3, 259.10, 7.56, 354.68, -0.6370, -0.0777, 0.7666, -0.0213
16:38:52, 0.13, 4, 258.35, 7.49, 354.64, -0.6320, -0.0774, 0.7708, -0.0211
16:38:52, 0.13, 4, 257.59, 7.42, 354.70, -0.6269, -0.0765, 0.7751, -0.0214
16:38:52, 0.17, 5, 256.87, 7.36, 354.82, -0.6220, -0.0752, 0.7791, -0.0222
16:38:52, 0.17, 5, 256.16, 7.29, 354.79, -0.6172, -0.0749, 0.7830, -0.0220
16:38:52, 0.17, 5, 255.48, 7.18, 354.79, -0.6125, -0.0742, 0.7867, -0.0217
16:38:52, 0.20, 6, 254.71, 7.08, 354.86, -0.6072, -0.0730, 0.7909, -0.0218
16:38:52, 0.20, 6, 254.05, 7.02, 354.91, -0.6026, -0.0722, 0.7944, -0.0222
16:38:52, 0.23, 7, 253.46, 7.02, 355.02, -0.5985, -0.0713, 0.7976, -0.0230
16:38:52, 0.23, 7, 252.82, 7.00, 355.08, -0.5940, -0.0707, 0.8010, -0.0237
16:38:52, 0.23, 7, 252.28, 6.97, 355.16, -0.5902, -0.0698, 0.8039, -0.0242
16:38:52, 0.27, 8, 251.68, 6.92, 355.25, -0.5859, -0.0688, 0.8070, -0.0247
16:38:52, 0.27, 8, 251.15, 6.82, 355.30, -0.5822, -0.0678, 0.8098, -0.0245
16:38:52, 0.30, 9, 250.57, 6.80, 355.32, -0.5781, -0.0675, 0.8128, -0.0249
16:38:52, 0.30, 9, 249.97, 6.84, 355.33, -0.5738, -0.0675, 0.8158, -0.0255
16:38:52, 0.33, 10, 249.34, 6.92, 355.28, -0.5694, -0.0681, 0.8188, -0.0262
16:38:52, 0.33, 10, 248.72, 6.98, 355.26, -0.5649, -0.0684, 0.8219, -0.0269
16:38:52, 0.33, 10, 248.12, 7.10, 355.20, -0.5606, -0.0693, 0.8247, -0.0278
16:38:52, 0.37, 11, 247.56, 7.13, 355.14, -0.5566, -0.0697, 0.8274, -0.0281
16:38:52, 0.37, 11, 246.95, 7.10, 355.04, -0.5523, -0.0702, 0.8302, -0.0278
16:38:52, 0.40, 12, 246.45, 7.18, 354.93, -0.5487, -0.0712, 0.8325, -0.0282
16:38:52, 0.40, 12, 245.99, 7.17, 354.94, -0.5453, -0.0709, 0.8348, -0.0284
16:38:52, 0.40, 12, 245.54, 7.13, 354.85, -0.5420, -0.0713, 0.8369, -0.0279
16:38:52, 0.43, 13, 245.08, 7.18, 354.82, -0.5387, -0.0717, 0.8390, -0.0284
16:38:52, 0.43, 13, 244.59, 7.31, 354.75, -0.5351, -0.0727, 0.8411, -0.0294
16:38:52, 0.47, 14, 244.14, 7.49, 354.70, -0.5318, -0.0737, 0.8431, -0.0308
16:38:52, 0.47, 14, 243.79, 7.66, 354.63, -0.5293, -0.0750, 0.8445, -0.0320
16:38:52, 0.50, 15, 243.31, 7.74, 354.65, -0.5257, -0.0750, 0.8467, -0.0330
16:38:52, 0.50, 15, 242.90, 7.88, 354.60, -0.5227, -0.0759, 0.8484, -0.0340
16:38:52, 0.50, 15, 242.44, 7.94, 354.55, -0.5193, -0.0764, 0.8504, -0.0345
16:38:52, 0.53, 16, 242.01, 8.02, 354.48, -0.5161, -0.0771, 0.8523, -0.0351
16:38:52, 0.53, 16, 241.54, 8.24, 354.39, -0.5127, -0.0786, 0.8542, -0.0367
16:38:52, 0.57, 17, 241.17, 8.48, 354.29, -0.5100, -0.0803, 0.8556, -0.0383
16:38:52, 0.57, 17, 240.91, 8.77, 354.11, -0.5081, -0.0829, 0.8564, -0.0399
16:38:52, 0.60, 18, 240.78, 8.86, 354.16, -0.5071, -0.0828, 0.8569, -0.0408
16:38:53, 0.60, 18, 240.62, 8.86, 354.11, -0.5059, -0.0831, 0.8576, -0.0408
16:38:53, 0.60, 18, 240.49, 8.85, 354.06, -0.5049, -0.0834, 0.8582, -0.0405
16:38:53, 0.63, 19, 240.31, 8.86, 354.04, -0.5036, -0.0835, 0.8589, -0.0406
16:38:53, 0.63, 19, 240.15, 8.97, 354.01, -0.5024, -0.0842, 0.8595, -0.0415
16:38:53, 0.67, 20, 239.98, 9.08, 354.00, -0.5012, -0.0847, 0.8601, -0.0424
16:38:53, 0.67, 20, 239.82, 9.25, 354.00, -0.5000, -0.0854, 0.8607, -0.0438
16:38:53, 0.67, 20, 239.70, 9.34, 354.00, -0.4991, -0.0857, 0.8612, -0.0446
16:38:53, 0.70, 21, 239.56, 9.35, 354.01, -0.4980, -0.0856, 0.8617, -0.0448
16:38:53, 0.70, 21, 239.38, 9.30, 354.00, -0.4967, -0.0854, 0.8626, -0.0445
16:38:53, 0.73, 22, 239.17, 9.28, 353.98, -0.4951, -0.0854, 0.8635, -0.0444
16:38:53, 0.73, 22, 238.99, 9.24, 353.99, -0.4937, -0.0850, 0.8643, -0.0443
16:38:53, 0.77, 23, 238.82, 9.25, 354.02, -0.4924, -0.0849, 0.8651, -0.0446
16:38:53, 0.77, 23, 238.60, 9.27, 354.02, -0.4908, -0.0848, 0.8660, -0.0449
16:38:53, 0.77, 23, 238.33, 9.29, 353.98, -0.4888, -0.0851, 0.8671, -0.0451
16:38:53, 0.80, 24, 238.02, 9.32, 353.89, -0.4864, -0.0858, 0.8683, -0.0452
16:38:53, 0.80, 24, 237.70, 9.36, 353.82, -0.4840, -0.0863, 0.8696, -0.0454
16:38:53, 0.83, 25, 237.33, 9.39, 353.75, -0.4813, -0.0869, 0.8710, -0.0457
16:38:53, 0.83, 25, 236.96, 9.43, 353.67, -0.4785, -0.0875, 0.8725, -0.0459
16:38:53, 0.83, 25, 236.54, 9.49, 353.59, -0.4754, -0.0882, 0.8741, -0.0463
16:38:53, 0.87, 26, 236.19, 9.46, 353.48, -0.4727, -0.0887, 0.8755, -0.0459
16:38:53, 0.87, 26, 235.80, 9.39, 353.40, -0.4698, -0.0890, 0.8771, -0.0454
16:38:53, 0.90, 27, 235.43, 9.37, 353.37, -0.4670, -0.0890, 0.8786, -0.0454
16:38:53, 0.90, 27, 235.03, 9.35, 353.25, -0.4639, -0.0896, 0.8802, -0.0451
16:38:53, 0.93, 28, 234.61, 9.26, 353.15, -0.4607, -0.0899, 0.8819, -0.0442
16:38:53, 0.93, 28, 234.24, 9.22, 353.07, -0.4579, -0.0902, 0.8833, -0.0440
16:38:53, 0.93, 28, 233.88, 9.19, 352.98, -0.4551, -0.0906, 0.8847, -0.0436
16:38:53, 0.97, 29, 233.51, 9.16, 352.83, -0.4523, -0.0915, 0.8861, -0.0431
16:38:53, 0.97, 29, 233.19, 9.08, 352.75, -0.4499, -0.0917, 0.8873, -0.0425
16:38:53, 1.00, 30, 232.82, 8.92, 352.65, -0.4470, -0.0918, 0.8889, -0.0411
16:38:53, 1.00, 30, 232.47, 8.79, 352.60, -0.4443, -0.0915, 0.8903, -0.0401
16:38:53, 1.00, 30, 232.14, 8.70, 352.56, -0.4417, -0.0913, 0.8916, -0.0396
16:38:53, 1.03, 31, 231.77, 8.68, 352.46, -0.4388, -0.0920, 0.8930, -0.0393
16:38:53, 1.03, 31, 231.50, 8.67, 352.36, -0.4368, -0.0926, 0.8939, -0.0391
16:38:53, 1.07, 32, 231.27, 8.62, 352.25, -0.4350, -0.0932, 0.8948, -0.0385
16:38:53, 1.07, 32, 231.06, 8.53, 352.21, -0.4334, -0.0931, 0.8956, -0.0378
16:38:53, 1.10, 33, 230.73, 8.48, 352.22, -0.4307, -0.0927, 0.8969, -0.0377
16:38:53, 1.10, 33, 230.44, 8.42, 352.21, -0.4284, -0.0925, 0.8980, -0.0374
16:38:53, 1.10, 33, 230.14, 8.35, 352.21, -0.4261, -0.0921, 0.8992, -0.0371
16:38:53, 1.13, 34, 229.88, 8.34, 352.25, -0.4241, -0.0917, 0.9002, -0.0374
16:38:53, 1.13, 34, 229.71, 8.32, 352.28, -0.4227, -0.0913, 0.9009, -0.0374
16:38:53, 1.17, 35, 229.48, 8.30, 352.31, -0.4209, -0.0910, 0.9018, -0.0376
16:38:53, 1.17, 35, 229.25, 8.30, 352.36, -0.4190, -0.0905, 0.9026, -0.0380
16:38:53, 1.17, 35, 228.97, 8.26, 352.50, -0.4168, -0.0891, 0.9038, -0.0384
16:38:53, 1.20, 36, 228.70, 8.22, 352.56, -0.4146, -0.0884, 0.9049, -0.0385
16:38:53, 1.20, 36, 228.49, 8.20, 352.64, -0.4129, -0.0877, 0.9057, -0.0388
16:38:53, 1.23, 37, 228.31, 8.21, 352.73, -0.4115, -0.0869, 0.9064, -0.0393
16:38:53, 1.23, 37, 228.15, 8.23, 352.88, -0.4102, -0.0857, 0.9071, -0.0401
16:38:53, 1.27, 38, 227.95, 8.23, 353.05, -0.4085, -0.0844, 0.9079, -0.0409
16:38:53, 1.27, 38, 227.71, 8.11, 353.32, -0.4065, -0.0817, 0.9091, -0.0410
16:38:53, 1.27, 38, 227.39, 7.93, 353.53, -0.4038, -0.0793, 0.9105, -0.0406
16:38:53, 1.30, 39, 227.10, 7.83, 353.66, -0.4015, -0.0778, 0.9116, -0.0404
16:38:53, 1.30, 39, 226.86, 7.75, 353.79, -0.3995, -0.0764, 0.9127, -0.0404
16:38:53, 1.33, 40, 226.66, 7.76, 353.95, -0.3979, -0.0751, 0.9134, -0.0412
16:38:53, 1.33, 40, 226.46, 7.70, 354.10, -0.3962, -0.0737, 0.9143, -0.0414
16:38:53, 1.33, 40, 226.25, 7.64, 354.21, -0.3945, -0.0725, 0.9151, -0.0414
16:38:53, 1.37, 41, 226.02, 7.57, 354.29, -0.3926, -0.0715, 0.9160, -0.0412
16:38:53, 1.37, 41, 225.74, 7.52, 354.42, -0.3903, -0.0702, 0.9171, -0.0415
16:38:53, 1.40, 42, 225.42, 7.44, 354.49, -0.3877, -0.0693, 0.9183, -0.0413
16:38:53, 1.40, 42, 225.11, 7.38, 354.56, -0.3851, -0.0684, 0.9194, -0.0412
16:38:53, 1.43, 43, 224.82, 7.30, 354.58, -0.3828, -0.0679, 0.9204, -0.0408
16:38:53, 1.43, 43, 224.50, 7.19, 354.61, -0.3802, -0.0672, 0.9216, -0.0402
16:38:53, 1.43, 43, 224.25, 7.05, 354.63, -0.3782, -0.0664, 0.9225, -0.0393
16:38:53, 1.47, 44, 224.02, 6.91, 354.69, -0.3763, -0.0654, 0.9234, -0.0385
16:38:53, 1.47, 44, 223.74, 6.87, 354.71, -0.3740, -0.0651, 0.9243, -0.0384
16:38:53, 1.50, 45, 223.48, 6.88, 354.65, -0.3719, -0.0655, 0.9252, -0.0385
16:38:53, 1.50, 45, 223.15, 6.90, 354.64, -0.3693, -0.0655, 0.9262, -0.0387
16:38:53, 1.50, 45, 222.85, 6.91, 354.60, -0.3669, -0.0657, 0.9271, -0.0389
16:38:53, 1.53, 46, 222.62, 6.89, 354.64, -0.3650, -0.0653, 0.9279, -0.0390
16:38:53, 1.53, 46, 222.39, 6.88, 354.65, -0.3631, -0.0651, 0.9286, -0.0390
16:38:53, 1.57, 47, 222.18, 6.82, 354.67, -0.3614, -0.0647, 0.9294, -0.0388
16:38:53, 1.57, 47, 221.89, 6.81, 354.76, -0.3590, -0.0639, 0.9303, -0.0391
16:38:53, 1.60, 48, 221.64, 6.80, 354.80, -0.3570, -0.0634, 0.9311, -0.0393
16:38:54, 1.60, 48, 221.34, 6.86, 354.79, -0.3545, -0.0636, 0.9320, -0.0399
16:38:54, 1.60, 48, 221.11, 6.91, 354.78, -0.3527, -0.0637, 0.9327, -0.0405
16:38:54, 1.63, 49, 220.89, 7.00, 354.73, -0.3509, -0.0643, 0.9333, -0.0411
16:38:54, 1.63, 49, 220.71, 7.04, 354.73, -0.3495, -0.0644, 0.9338, -0.0416
16:38:54, 1.67, 50, 220.55, 7.08, 354.69, -0.3481, -0.0647, 0.9343, -0.0419
16:38:54, 1.67, 50, 220.39, 7.16, 354.64, -0.3469, -0.0653, 0.9347, -0.0424
16:38:54, 1.67, 50, 220.18, 7.27, 354.60, -0.3452, -0.0659, 0.9352, -0.0433
16:38:54, 1.70, 51, 219.99, 7.40, 354.53, -0.3437, -0.0668, 0.9357, -0.0443
16:38:54, 1.70, 51, 219.77, 7.59, 354.48, -0.3420, -0.0677, 0.9361, -0.0458
16:38:54, 1.73, 52, 219.56, 7.74, 354.51, -0.3403, -0.0678, 0.9367, -0.0473
16:38:54, 1.73, 52, 219.32, 7.84, 354.51, -0.3384, -0.0680, 0.9373, -0.0482
16:38:54, 1.77, 53, 219.10, 7.94, 354.54, -0.3366, -0.0679, 0.9379, -0.0492
16:38:54, 1.77, 53, 218.89, 8.03, 354.59, -0.3349, -0.0676, 0.9385, -0.0503
16:38:54, 1.77, 53, 218.73, 8.13, 354.66, -0.3335, -0.0674, 0.9389, -0.0514
16:38:54, 1.80, 54, 218.57, 8.26, 354.74, -0.3322, -0.0669, 0.9394, -0.0528
16:38:54, 1.80, 54, 218.40, 8.33, 354.77, -0.3308, -0.0669, 0.9398, -0.0535
16:38:54, 1.83, 55, 218.29, 8.38, 354.80, -0.3299, -0.0667, 0.9401, -0.0541
16:38:54, 1.83, 55, 218.16, 8.37, 354.81, -0.3288, -0.0665, 0.9405, -0.0541
16:38:54, 1.83, 55, 218.11, 8.33, 354.84, -0.3284, -0.0661, 0.9407, -0.0539
16:38:54, 1.87, 56, 218.08, 8.33, 354.89, -0.3281, -0.0657, 0.9408, -0.0541
16:38:54, 1.87, 56, 218.08, 8.31, 354.97, -0.3280, -0.0650, 0.9409, -0.0542
16:38:54, 1.90, 57, 218.09, 8.32, 355.05, -0.3281, -0.0644, 0.9409, -0.0544
16:38:54, 1.90, 57, 218.11, 8.33, 355.15, -0.3283, -0.0636, 0.9408, -0.0549
16:38:54, 1.93, 58, 218.11, 8.34, 355.23, -0.3282, -0.0630, 0.9409, -0.0551
16:38:54, 1.93, 58, 218.18, 8.36, 355.33, -0.3287, -0.0622, 0.9407, -0.0555
16:38:54, 1.93, 58, 218.21, 8.36, 355.42, -0.3289, -0.0615, 0.9407, -0.0558
16:38:54, 1.97, 59, 218.27, 8.34, 355.48, -0.3294, -0.0610, 0.9406, -0.0558
16:38:54, 1.97, 59, 218.38, 8.39, 355.57, -0.3302, -0.0605, 0.9403, -0.0563
16:38:54, 2.00, 60, 218.50, 8.37, 355.64, -0.3312, -0.0599, 0.9400, -0.0563
16:38:54, 2.00, 60, 218.59, 8.31, 355.72, -0.3319, -0.0591, 0.9398, -0.0561
16:38:54, 2.00, 60, 218.67, 8.24, 355.77, -0.3325, -0.0585, 0.9397, -0.0556
16:38:54, 2.03, 61, 218.73, 8.22, 355.84, -0.3329, -0.0579, 0.9395, -0.0556
16:38:54, 2.03, 61, 218.80, 8.21, 355.89, -0.3335, -0.0575, 0.9394, -0.0556
16:38:54, 2.07, 62, 218.86, 8.19, 355.93, -0.3340, -0.0572, 0.9392, -0.0555
16:38:54, 2.07, 62, 218.94, 8.15, 355.97, -0.3346, -0.0568, 0.9390, -0.0553
16:38:54, 2.10, 63, 219.03, 8.12, 355.99, -0.3353, -0.0565, 0.9388, -0.0550
16:38:54, 2.10, 63, 219.11, 8.09, 356.02, -0.3360, -0.0563, 0.9386, -0.0548
16:38:54, 2.10, 63, 219.15, 8.08, 356.04, -0.3363, -0.0560, 0.9385, -0.0548
16:38:54, 2.13, 64, 219.21, 8.04, 356.05, -0.3368, -0.0559, 0.9383, -0.0545
16:38:54, 2.13, 64, 219.23, 8.04, 356.07, -0.3369, -0.0557, 0.9383, -0.0545
16:38:54, 2.17, 65, 219.23, 8.08, 356.08, -0.3369, -0.0558, 0.9383, -0.0549
16:38:54, 2.17, 65, 219.28, 8.12, 356.10, -0.3374, -0.0557, 0.9381, -0.0552
16:38:54, 2.17, 65, 219.32, 8.12, 356.12, -0.3376, -0.0556, 0.9380, -0.0553
16:38:54, 2.20, 66, 219.36, 8.11, 356.15, -0.3379, -0.0553, 0.9379, -0.0553
16:38:54, 2.20, 66, 219.34, 8.06, 356.17, -0.3378, -0.0551, 0.9380, -0.0549
16:38:54, 2.23, 67, 219.29, 8.05, 356.18, -0.3374, -0.0549, 0.9382, -0.0549
16:38:54, 2.23, 67, 219.24, 8.02, 356.16, -0.3370, -0.0550, 0.9383, -0.0546
16:38:54, 2.27, 68, 219.19, 8.02, 356.17, -0.3366, -0.0549, 0.9385, -0.0547
16:38:54, 2.27, 68, 219.16, 8.00, 356.17, -0.3363, -0.0548, 0.9386, -0.0545
16:38:54, 2.27, 68, 219.15, 7.98, 356.15, -0.3362, -0.0548, 0.9386, -0.0543
16:38:54, 2.30, 69, 219.15, 7.95, 356.13, -0.3362, -0.0550, 0.9386, -0.0540
16:38:54, 2.30, 69, 219.13, 7.90, 356.13, -0.3360, -0.0548, 0.9387, -0.0536
16:38:54, 2.33, 70, 219.07, 7.83, 356.13, -0.3356, -0.0546, 0.9389, -0.0531
16:38:54, 2.33, 70, 219.03, 7.76, 356.11, -0.3353, -0.0545, 0.9391, -0.0524
16:38:54, 2.33, 70, 219.03, 7.72, 356.07, -0.3353, -0.0547, 0.9391, -0.0520
16:38:54, 2.37, 71, 219.07, 7.72, 356.05, -0.3356, -0.0549, 0.9390, -0.0519
16:38:54, 2.37, 71, 219.12, 7.74, 356.03, -0.3360, -0.0551, 0.9388, -0.0520
16:38:54, 2.40, 72, 219.18, 7.74, 356.02, -0.3365, -0.0553, 0.9386, -0.0519
16:38:54, 2.40, 72, 219.23, 7.79, 356.03, -0.3369, -0.0554, 0.9385, -0.0523
16:38:54, 2.43, 73, 219.27, 7.79, 356.01, -0.3373, -0.0555, 0.9383, -0.0523
16:38:54, 2.43, 73, 219.33, 7.80, 356.00, -0.3378, -0.0557, 0.9381, -0.0523
16:38:54, 2.43, 73, 219.36, 7.80, 356.00, -0.3380, -0.0557, 0.9380, -0.0523
16:38:54, 2.47, 74, 219.36, 7.80, 356.00, -0.3380, -0.0557, 0.9380, -0.0522
16:38:54, 2.47, 74, 219.35, 7.81, 355.98, -0.3379, -0.0558, 0.9381, -0.0523
16:38:54, 2.50, 75, 219.36, 7.82, 355.99, -0.3380, -0.0558, 0.9380, -0.0524
16:38:54, 2.50, 75, 219.37, 7.84, 355.96, -0.3381, -0.0561, 0.9380, -0.0525
16:38:54, 2.53, 76, 219.41, 7.85, 355.95, -0.3384, -0.0562, 0.9378, -0.0525
16:38:54, 2.53, 76, 219.42, 7.88, 355.95, -0.3385, -0.0563, 0.9378, -0.0527
16:38:54, 2.53, 76, 219.43, 7.89, 355.94, -0.3386, -0.0564, 0.9377, -0.0528
16:38:54, 2.57, 77, 219.43, 7.92, 355.95, -0.3386, -0.0565, 0.9377, -0.0530
16:38:54, 2.57, 77, 219.43, 7.91, 355.99, -0.3386, -0.0562, 0.9377, -0.0531
16:38:54, 2.60, 78, 219.44, 7.92, 355.97, -0.3387, -0.0563, 0.9377, -0.0532
16:38:55, 2.60, 78, 219.45, 7.93, 355.98, -0.3388, -0.0563, 0.9377, -0.0532
16:38:55, 2.60, 78, 219.47, 7.94, 356.00, -0.3389, -0.0561, 0.9376, -0.0534
16:38:55, 2.63, 79, 219.45, 7.95, 356.01, -0.3388, -0.0561, 0.9377, -0.0534
16:38:55, 2.63, 79, 219.43, 7.95, 356.06, -0.3386, -0.0557, 0.9377, -0.0536
16:38:55, 2.67, 80, 219.41, 7.97, 356.07, -0.3384, -0.0557, 0.9378, -0.0538
16:38:55, 2.67, 80, 219.38, 7.98, 356.10, -0.3382, -0.0554, 0.9379, -0.0540
16:38:55, 2.70, 81, 219.38, 8.03, 356.12, -0.3382, -0.0554, 0.9379, -0.0545
16:38:55, 2.70, 81, 219.39, 8.04, 356.16, -0.3382, -0.0551, 0.9379, -0.0547
16:38:55, 2.70, 81, 219.40, 8.07, 356.18, -0.3383, -0.0550, 0.9378, -0.0550
16:38:55, 2.73, 82, 219.38, 8.02, 356.21, -0.3381, -0.0546, 0.9379, -0.0547
16:38:55, 2.73, 82, 219.36, 8.06, 356.23, -0.3379, -0.0545, 0.9380, -0.0551
16:38:55, 2.77, 83, 219.35, 8.05, 356.29, -0.3378, -0.0540, 0.9381, -0.0552
16:38:55, 2.77, 83, 219.35, 8.05, 356.31, -0.3378, -0.0538, 0.9381, -0.0553
16:38:55, 2.77, 83, 219.36, 8.08, 356.36, -0.3378, -0.0536, 0.9380, -0.0556
16:38:55, 2.80, 84, 219.38, 8.07, 356.37, -0.3380, -0.0534, 0.9380, -0.0556
16:38:55, 2.80, 84, 219.40, 8.06, 356.38, -0.3382, -0.0533, 0.9379, -0.0555
16:38:55, 2.83, 85, 219.45, 8.04, 356.39, -0.3386, -0.0532, 0.9378, -0.0554
16:38:55, 2.83, 85, 219.53, 8.00, 356.42, -0.3393, -0.0529, 0.9376, -0.0551
16:38:55, 2.87, 86, 219.68, 7.92, 356.48, -0.3404, -0.0522, 0.9372, -0.0545
16:38:55, 2.87, 86, 219.87, 7.76, 356.54, -0.3420, -0.0514, 0.9368, -0.0533
16:38:55, 2.87, 86, 220.13, 7.53, 356.64, -0.3440, -0.0500, 0.9362, -0.0516
16:38:55, 2.90, 87, 220.45, 7.23, 356.76, -0.3466, -0.0482, 0.9355, -0.0494
16:38:55, 2.93, 88, 221.99, 5.87, 357.66, -0.3587, -0.0373, 0.9318, -0.0405
16:38:55, 2.93, 88, 222.66, 5.37, 358.02, -0.3641, -0.0332, 0.9300, -0.0373
16:38:55, 2.97, 89, 223.43, 4.87, 358.34, -0.3702, -0.0291, 0.9279, -0.0341
16:38:55, 2.97, 89, 224.12, 4.23, 358.75, -0.3757, -0.0240, 0.9260, -0.0301
16:38:55, 3.00, 90, 224.95, 3.58, 359.11, -0.3823, -0.0191, 0.9235, -0.0259
16:38:55, 3.00, 90, 225.77, 2.85, 359.53, -0.3888, -0.0135, 0.9210, -0.0213
16:38:55, 3.00, 90, 226.58, 1.95, 0.00, -0.3953, -0.0068, 0.9184, -0.0156
16:38:55, 3.03, 91, 227.41, 0.99, 0.54, -0.4020, 0.0008, 0.9156, -0.0098
16:38:55, 3.03, 91, 228.20, 0.02, 1.06, -0.4083, 0.0083, 0.9128, -0.0039
16:38:55, 3.07, 92, 229.05, 359.04, 1.49, -0.4151, 0.0153, 0.9096, 0.0022
16:38:55, 3.07, 92, 229.85, 358.04, 1.95, -0.4216, 0.0226, 0.9065, 0.0083
16:38:55, 3.10, 93, 230.76, 356.84, 2.35, -0.4289, 0.0303, 0.9027, 0.0161
16:38:55, 3.10, 93, 231.68, 355.44, 2.82, -0.4363, 0.0395, 0.8986, 0.0251
16:38:55, 3.10, 93, 232.55, 354.11, 3.35, -0.4432, 0.0489, 0.8945, 0.0331
16:38:55, 3.13, 94, 233.44, 352.74, 3.72, -0.4503, 0.0574, 0.8900, 0.0419
16:38:55, 3.13, 94, 234.39, 351.34, 4.01, -0.4578, 0.0655, 0.8852, 0.0512
16:38:55, 3.17, 95, 235.49, 349.96, 4.23, -0.4663, 0.0732, 0.8795, 0.0603
16:38:55, 3.17, 95, 236.51, 348.56, 4.67, -0.4742, 0.0828, 0.8738, 0.0685
16:38:55, 3.20, 96, 237.45, 347.30, 5.00, -0.4814, 0.0911, 0.8684, 0.0761
16:38:55, 3.20, 96, 238.14, 346.11, 5.16, -0.4866, 0.0977, 0.8641, 0.0839
16:38:55, 3.20, 96, 238.71, 344.99, 5.29, -0.4907, 0.1039, 0.8603, 0.0913
16:38:55, 3.23, 97, 239.31, 343.91, 5.37, -0.4951, 0.1095, 0.8563, 0.0986
16:38:55, 3.23, 97, 239.93, 342.91, 5.48, -0.4995, 0.1151, 0.8522, 0.1050
16:38:55, 3.27, 98, 240.44, 341.95, 5.63, -0.5031, 0.1208, 0.8485, 0.1110
16:38:55, 3.27, 98, 240.81, 341.17, 5.87, -0.5059, 0.1262, 0.8455, 0.1154
16:38:55, 3.27, 98, 241.06, 340.47, 5.99, -0.5076, 0.1303, 0.8432, 0.1197
16:38:55, 3.30, 99, 241.24, 339.77, 6.04, -0.5087, 0.1339, 0.8413, 0.1245
16:38:55, 3.30, 99, 241.51, 339.10, 6.02, -0.5104, 0.1370, 0.8391, 0.1292
16:38:55, 3.33, 100, 241.79, 338.51, 6.11, -0.5122, 0.1405, 0.8368, 0.1329
16:38:55, 3.33, 100, 242.03, 337.90, 6.27, -0.5139, 0.1446, 0.8345, 0.1363
16:38:55, 3.37, 101, 242.01, 337.49, 6.33, -0.5137, 0.1468, 0.8338, 0.1391
16:38:55, 3.37, 101, 242.00, 337.10, 6.40, -0.5135, 0.1490, 0.8331, 0.1417
16:38:55, 3.37, 101, 241.95, 336.67, 6.52, -0.5131, 0.1517, 0.8324, 0.1444
16:38:55, 3.40, 102, 241.86, 336.29, 6.61, -0.5123, 0.1538, 0.8320, 0.1469
16:38:55, 3.40, 102, 241.72, 335.97, 6.63, -0.5112, 0.1552, 0.8320, 0.1494
16:38:55, 3.43, 103, 241.61, 335.70, 6.70, -0.5103, 0.1566, 0.8320, 0.1512
16:38:55, 3.43, 103, 241.52, 335.44, 6.83, -0.5097, 0.1586, 0.8317, 0.1527
16:38:55, 3.43, 103, 241.40, 335.15, 6.87, -0.5088, 0.1600, 0.8316, 0.1548
16:38:55, 3.47, 104, 241.24, 334.91, 6.95, -0.5076, 0.1613, 0.8318, 0.1564
16:38:55, 3.47, 104, 241.09, 334.61, 7.01, -0.5064, 0.1628, 0.8318, 0.1586
16:38:55, 3.50, 105, 241.00, 334.31, 7.05, -0.5057, 0.1642, 0.8315, 0.1608
16:38:55, 3.50, 105, 240.95, 333.98, 7.12, -0.5052, 0.1661, 0.8310, 0.1630
16:38:55, 3.53, 106, 240.84, 333.71, 7.20, -0.5044, 0.1677, 0.8308, 0.1648
16:38:55, 3.53, 106, 240.65, 333.40, 7.35, -0.5030, 0.1697, 0.8309, 0.1667
16:38:55, 3.53, 106, 240.57, 333.05, 7.43, -0.5024, 0.1717, 0.8304, 0.1691
16:38:55, 3.57, 107, 240.59, 332.66, 7.42, -0.5023, 0.1732, 0.8295, 0.1719
16:38:55, 3.57, 107, 240.77, 332.06, 7.42, -0.5033, 0.1760, 0.8275, 0.1761
16:38:55, 3.60, 108, 240.99, 331.46, 7.59, -0.5048, 0.1800, 0.8250, 0.1794
16:38:56, 3.60, 108, 241.07, 330.72, 7.94, -0.5055, 0.1858, 0.8224, 0.1832
16:38:56, 3.60, 108, 241.14, 330.06, 8.17, -0.5059, 0.1903, 0.8203, 0.1869
16:38:56, 3.63, 109, 241.16, 329.44, 8.35, -0.5060, 0.1942, 0.8185, 0.1906
16:38:56, 3.63, 109, 241.38, 328.78, 8.47, -0.5073, 0.1981, 0.8158, 0.1944
16:38:56, 3.67, 110, 241.57, 328.12, 8.69, -0.5086, 0.2028, 0.8131, 0.1979
16:38:56, 3.67, 110, 241.68, 327.41, 8.97, -0.5094, 0.2079, 0.8103, 0.2017
16:38:56, 3.70, 111, 241.70, 326.80, 9.19, -0.5095, 0.2120, 0.8084, 0.2051
16:38:56, 3.70, 111, 241.66, 326.26, 9.45, -0.5093, 0.2159, 0.8067, 0.2080
16:38:56, 3.70, 111, 241.56, 325.74, 9.67, -0.5086, 0.2194, 0.8054, 0.2109
16:38:56, 3.73, 112, 241.57, 325.24, 9.74, -0.5084, 0.2219, 0.8039, 0.2143
16:38:56, 3.73, 112, 241.61, 324.71, 9.82, -0.5085, 0.2247, 0.8022, 0.2176
16:38:56, 3.77, 113, 241.60, 324.26, 9.98, -0.5084, 0.2276, 0.8008, 0.2202
16:38:56, 3.77, 113, 241.54, 323.85, 10.11, -0.5080, 0.2301, 0.7996, 0.2227
16:38:56, 3.77, 113, 241.46, 323.53, 10.21, -0.5073, 0.2319, 0.7990, 0.2247
16:38:56, 3.80, 114, 241.42, 323.28, 10.31, -0.5071, 0.2335, 0.7982, 0.2262
16:38:56, 3.80, 114, 241.37, 323.09, 10.29, -0.5065, 0.2341, 0.7980, 0.2278
16:38:56, 3.83, 115, 241.34, 322.91, 10.31, -0.5062, 0.2349, 0.7976, 0.2290
16:38:56, 3.83, 115, 241.37, 322.70, 10.33, -0.5063, 0.2359, 0.7968, 0.2304
16:38:56, 3.87, 116, 241.37, 322.54, 10.39, -0.5063, 0.2370, 0.7962, 0.2312
16:38:56, 3.87, 116, 241.36, 322.38, 10.45, -0.5062, 0.2379, 0.7958, 0.2322
16:38:56, 3.87, 116, 241.28, 322.32, 10.49, -0.5057, 0.2384, 0.7958, 0.2326
16:38:56, 3.90, 117, 241.15, 322.22, 10.57, -0.5049, 0.2390, 0.7960, 0.2332
16:38:56, 3.90, 117, 241.04, 322.14, 10.62, -0.5042, 0.2395, 0.7961, 0.2338
16:38:56, 3.93, 118, 240.92, 322.06, 10.65, -0.5033, 0.2398, 0.7963, 0.2345
16:38:56, 3.93, 118, 240.84, 322.04, 10.66, -0.5028, 0.2397, 0.7966, 0.2348
16:38:56, 3.93, 118, 240.90, 322.06, 10.61, -0.5031, 0.2394, 0.7965, 0.2347
16:38:56, 3.97, 119, 240.98, 322.07, 10.61, -0.5037, 0.2395, 0.7962, 0.2345
16:38:56, 3.97, 119, 241.00, 322.06, 10.69, -0.5040, 0.2402, 0.7959, 0.2342
16:38:56, 4.00, 120, 240.96, 322.01, 10.77, -0.5038, 0.2409, 0.7958, 0.2343
16:38:56, 4.00, 120, 240.90, 322.00, 10.83, -0.5035, 0.2411, 0.7959, 0.2342
16:38:56, 4.03, 121, 240.89, 321.92, 10.85, -0.5034, 0.2416, 0.7957, 0.2347
16:38:56, 4.03, 121, 240.88, 321.87, 10.85, -0.5033, 0.2418, 0.7956, 0.2351
16:38:56, 4.03, 121, 240.90, 321.84, 10.79, -0.5034, 0.2415, 0.7955, 0.2355
16:38:56, 4.07, 122, 240.91, 321.83, 10.85, -0.5035, 0.2420, 0.7953, 0.2353
16:38:56, 4.07, 122, 240.88, 321.79, 10.92, -0.5034, 0.2426, 0.7952, 0.2353
16:38:56, 4.10, 123, 240.79, 321.84, 11.02, -0.5030, 0.2429, 0.7955, 0.2348
16:38:56, 4.10, 123, 240.64, 321.85, 11.12, -0.5022, 0.2432, 0.7960, 0.2345
16:38:56, 4.10, 123, 240.46, 321.86, 11.21, -0.5011, 0.2435, 0.7966, 0.2344
16:38:56, 4.13, 124, 240.35, 321.87, 11.25, -0.5005, 0.2434, 0.7971, 0.2344
16:38:56, 4.13, 124, 240.29, 321.84, 11.25, -0.5000, 0.2435, 0.7972, 0.2348
16:38:56, 4.17, 125, 240.25, 321.86, 11.29, -0.4998, 0.2436, 0.7974, 0.2345
16:38:56, 4.17, 125, 240.19, 321.93, 11.35, -0.4996, 0.2436, 0.7977, 0.2339
16:38:56, 4.20, 126, 240.14, 322.05, 11.43, -0.4995, 0.2436, 0.7981, 0.2328
16:38:56, 4.20, 126, 240.07, 322.16, 11.54, -0.4993, 0.2438, 0.7984, 0.2317
16:38:56, 4.20, 126, 240.04, 322.26, 11.63, -0.4993, 0.2440, 0.7987, 0.2306
16:38:56, 4.23, 127, 240.01, 322.32, 11.72, -0.4993, 0.2443, 0.7988, 0.2299
16:38:56, 4.23, 127, 239.92, 322.36, 11.83, -0.4990, 0.2448, 0.7991, 0.2293
16:38:56, 4.27, 128, 239.79, 322.35, 11.92, -0.4983, 0.2452, 0.7994, 0.2292
16:38:56, 4.27, 128, 239.68, 322.36, 11.99, -0.4976, 0.2454, 0.7998, 0.2291
16:38:56, 4.27, 128, 239.65, 322.37, 11.95, -0.4974, 0.2450, 0.8000, 0.2293
16:38:56, 4.30, 129, 239.64, 322.38, 11.88, -0.4972, 0.2445, 0.8002, 0.2295
16:38:56, 4.30, 129, 239.68, 322.41, 11.78, -0.4973, 0.2438, 0.8004, 0.2296
16:38:56, 4.33, 130, 239.74, 322.43, 11.69, -0.4975, 0.2432, 0.8004, 0.2298
16:38:56, 4.33, 130, 239.74, 322.51, 11.64, -0.4974, 0.2425, 0.8007, 0.2294
16:38:56, 4.37, 131, 239.73, 322.61, 11.60, -0.4973, 0.2418, 0.8011, 0.2289
16:38:56, 4.37, 131, 239.67, 322.72, 11.58, -0.4970, 0.2411, 0.8017, 0.2282
16:38:56, 4.37, 131, 239.61, 322.86, 11.54, -0.4965, 0.2401, 0.8025, 0.2276
16:38:56, 4.40, 132, 239.56, 323.01, 11.48, -0.4962, 0.2391, 0.8032, 0.2268
16:38:56, 4.40, 132, 239.50, 323.14, 11.44, -0.4958, 0.2382, 0.8039, 0.2262
16:38:56, 4.43, 133, 239.48, 323.30, 11.37, -0.4956, 0.2370, 0.8046, 0.2254
16:38:56, 4.43, 133, 239.47, 323.46, 11.33, -0.4956, 0.2361, 0.8052, 0.2244
16:38:56, 4.43, 133, 239.51, 323.65, 11.24, -0.4958, 0.2348, 0.8057, 0.2233
16:38:56, 4.47, 134, 239.49, 323.82, 11.24, -0.4957, 0.2341, 0.8063, 0.2221
16:38:56, 4.47, 134, 239.44, 323.96, 11.23, -0.4955, 0.2335, 0.8069, 0.2212
16:38:56, 4.50, 135, 239.38, 324.08, 11.20, -0.4950, 0.2327, 0.8075, 0.2206
16:38:56, 4.50, 135, 239.31, 324.22, 11.19, -0.4946, 0.2319, 0.8083, 0.2198
16:38:56, 4.53, 136, 239.23, 324.40, 11.16, -0.4941, 0.2309, 0.8091, 0.2188
16:38:56, 4.53, 136, 239.12, 324.49, 11.16, -0.4934, 0.2303, 0.8098, 0.2183
16:38:56, 4.53, 136, 239.02, 324.56, 11.17, -0.4928, 0.2299, 0.8105, 0.2180
16:38:56, 4.57, 137, 238.96, 324.62, 11.14, -0.4923, 0.2294, 0.8109, 0.2178
16:38:56, 4.57, 137, 238.94, 324.63, 11.12, -0.4921, 0.2291, 0.8111, 0.2178
16:38:56, 4.60, 138, 238.89, 324.63, 11.13, -0.4918, 0.2291, 0.8113, 0.2179
16:38:57, 4.60, 138, 238.88, 324.69, 11.11, -0.4918, 0.2287, 0.8115, 0.2176
16:38:57, 4.60, 138, 238.84, 324.69, 11.12, -0.4915, 0.2287, 0.8117, 0.2175
16:38:57, 4.63, 139, 238.78, 324.73, 11.12, -0.4911, 0.2285, 0.8120, 0.2174
16:38:57, 4.63, 139, 238.77, 324.72, 11.08, -0.4909, 0.2282, 0.8121, 0.2176
16:38:57, 4.67, 140, 238.84, 324.73, 11.02, -0.4913, 0.2278, 0.8120, 0.2178
16:38:57, 4.67, 140, 238.85, 324.72, 10.98, -0.4913, 0.2276, 0.8120, 0.2179
16:38:57, 4.70, 141, 238.87, 324.70, 10.95, -0.4913, 0.2275, 0.8119, 0.2182
16:38:57, 4.70, 141, 238.84, 324.72, 10.95, -0.4911, 0.2274, 0.8121, 0.2181
16:38:57, 4.70, 141, 238.85, 324.72, 10.95, -0.4912, 0.2274, 0.8121, 0.2181
16:38:57, 4.73, 142, 238.80, 324.73, 10.94, -0.4908, 0.2272, 0.8123, 0.2181
16:38:57, 4.73, 142, 238.77, 324.74, 10.92, -0.4906, 0.2269, 0.8125, 0.2182
16:38:57, 4.77, 143, 238.82, 324.73, 10.84, -0.4908, 0.2265, 0.8124, 0.2185
16:38:57, 4.77, 143, 238.85, 324.73, 10.78, -0.4909, 0.2262, 0.8124, 0.2187
16:38:57, 4.77, 143, 238.88, 324.73, 10.79, -0.4911, 0.2262, 0.8123, 0.2186
16:38:57, 4.80, 144, 238.93, 324.74, 10.77, -0.4915, 0.2262, 0.8121, 0.2186
16:38:57, 4.80, 144, 238.94, 324.78, 10.75, -0.4915, 0.2259, 0.8122, 0.2184
16:38:57, 4.83, 145, 238.94, 324.82, 10.72, -0.4915, 0.2256, 0.8124, 0.2182
16:38:57, 4.83, 145, 238.91, 324.87, 10.74, -0.4913, 0.2254, 0.8126, 0.2178
16:38:57, 4.87, 146, 238.89, 324.91, 10.72, -0.4912, 0.2251, 0.8129, 0.2176
16:38:57, 4.87, 146, 238.91, 324.95, 10.64, -0.4912, 0.2244, 0.8130, 0.2176
16:38:57, 4.87, 146, 238.97, 324.94, 10.57, -0.4915, 0.2241, 0.8129, 0.2178
16:38:57, 4.90, 147, 238.99, 324.95, 10.56, -0.4916, 0.2240, 0.8128, 0.2177
16:38:57, 4.90, 147, 239.02, 324.96, 10.52, -0.4918, 0.2238, 0.8128, 0.2178
16:38:57, 4.93, 148, 239.02, 324.93, 10.54, -0.4918, 0.2240, 0.8127, 0.2179
16:38:57, 4.93, 148, 239.00, 324.96, 10.54, -0.4917, 0.2239, 0.8128, 0.2178
16:38:57, 4.93, 148, 238.98, 324.96, 10.56, -0.4915, 0.2240, 0.8129, 0.2177
16:38:57, 4.97, 149, 238.93, 325.00, 10.56, -0.4913, 0.2237, 0.8132, 0.2175
16:38:57, 4.97, 149, 238.91, 324.99, 10.56, -0.4911, 0.2237, 0.8133, 0.2176
16:38:57, 5.00, 150, 238.92, 325.01, 10.52, -0.4911, 0.2234, 0.8134, 0.2176
16:38:57, 5.00, 150, 238.92, 324.98, 10.51, -0.4911, 0.2234, 0.8133, 0.2179
16:38:57, 5.03, 151, 238.96, 324.97, 10.48, -0.4912, 0.2233, 0.8132, 0.2180
16:38:57, 5.03, 151, 238.95, 324.90, 10.51, -0.4912, 0.2238, 0.8130, 0.2185
16:38:57, 5.03, 151, 238.94, 324.87, 10.53, -0.4912, 0.2240, 0.8129, 0.2186
16:38:57, 5.07, 152, 238.93, 324.84, 10.54, -0.4911, 0.2242, 0.8128, 0.2188
16:38:57, 5.07, 152, 238.94, 324.81, 10.54, -0.4911, 0.2243, 0.8127, 0.2190
16:38:57, 5.10, 153, 238.94, 324.79, 10.54, -0.4912, 0.2244, 0.8127, 0.2191
16:38:57, 5.10, 153, 239.00, 324.78, 10.51, -0.4915, 0.2244, 0.8124, 0.2192
16:38:57, 5.10, 153, 239.06, 324.77, 10.50, -0.4919, 0.2244, 0.8122, 0.2192
16:38:57, 5.13, 154, 239.09, 324.77, 10.51, -0.4921, 0.2245, 0.8120, 0.2191
16:38:57, 5.13, 154, 239.12, 324.78, 10.52, -0.4924, 0.2246, 0.8119, 0.2189
16:38:57, 5.17, 155, 239.15, 324.81, 10.50, -0.4925, 0.2245, 0.8119, 0.2188
16:38:57, 5.17, 155, 239.16, 324.82, 10.48, -0.4926, 0.2243, 0.8119, 0.2187
16:38:57, 5.20, 156, 239.19, 324.85, 10.46, -0.4928, 0.2241, 0.8119, 0.2185
16:38:57, 5.20, 156, 239.16, 324.92, 10.48, -0.4927, 0.2239, 0.8122, 0.2180
16:38:57, 5.20, 156, 239.14, 324.95, 10.46, -0.4925, 0.2236, 0.8124, 0.2179
16:38:57, 5.23, 157, 239.07, 325.04, 10.46, -0.4921, 0.2231, 0.8129, 0.2174
16:38:57, 5.23, 157, 239.05, 325.12, 10.45, -0.4919, 0.2227, 0.8132, 0.2169
16:38:57, 5.27, 158, 239.07, 325.24, 10.40, -0.4921, 0.2219, 0.8136, 0.2162
16:38:57, 5.27, 158, 239.10, 325.38, 10.37, -0.4923, 0.2212, 0.8139, 0.2152
16:38:57, 5.27, 158, 239.08, 325.54, 10.35, -0.4922, 0.2204, 0.8144, 0.2142
16:38:57, 5.30, 159, 239.05, 325.66, 10.33, -0.4920, 0.2197, 0.8149, 0.2134
16:38:57, 5.30, 159, 239.02, 325.84, 10.29, -0.4919, 0.2187, 0.8156, 0.2123
16:38:57, 5.33, 160, 239.03, 326.07, 10.23, -0.4919, 0.2174, 0.8162, 0.2109
16:38:57, 5.33, 160, 239.05, 326.33, 10.13, -0.4921, 0.2157, 0.8170, 0.2094
16:38:57, 5.37, 161, 239.09, 326.58, 10.03, -0.4923, 0.2141, 0.8176, 0.2079
16:38:57, 5.37, 161, 239.18, 326.80, 9.90, -0.4929, 0.2124, 0.8181, 0.2067
16:38:57, 5.37, 161, 239.27, 327.02, 9.78, -0.4934, 0.2109, 0.8184, 0.2054
16:38:57, 5.40, 162, 239.37, 327.21, 9.67, -0.4941, 0.2096, 0.8187, 0.2043
16:38:57, 5.40, 162, 239.49, 327.40, 9.57, -0.4949, 0.2083, 0.8188, 0.2031
16:38:57, 5.43, 163, 239.63, 327.61, 9.47, -0.4958, 0.2070, 0.8189, 0.2018
16:38:57, 5.43, 163, 239.87, 327.94, 9.27, -0.4974, 0.2047, 0.8190, 0.1998
16:38:57, 5.43, 163, 240.11, 328.20, 9.12, -0.4990, 0.2030, 0.8189, 0.1981
16:38:57, 5.47, 164, 240.47, 328.41, 8.89, -0.5013, 0.2011, 0.8182, 0.1969
16:38:57, 5.47, 164, 240.83, 328.58, 8.69, -0.5036, 0.1996, 0.8174, 0.1959
16:38:57, 5.50, 165, 241.26, 328.77, 8.43, -0.5064, 0.1977, 0.8164, 0.1949
16:38:57, 5.50, 165, 241.69, 329.01, 8.19, -0.5092, 0.1957, 0.8155, 0.1935
16:38:57, 5.53, 166, 242.22, 329.22, 7.93, -0.5127, 0.1939, 0.8140, 0.1922
16:38:57, 5.53, 166, 242.75, 329.51, 7.70, -0.5163, 0.1919, 0.8127, 0.1903
16:38:57, 5.53, 166, 243.29, 329.71, 7.41, -0.5198, 0.1899, 0.8112, 0.1892
16:38:57, 5.57, 167, 243.84, 329.89, 7.19, -0.5234, 0.1885, 0.8094, 0.1881
16:38:57, 5.57, 167, 244.41, 330.07, 6.95, -0.5272, 0.1869, 0.8076, 0.1868
16:38:57, 5.60, 168, 245.02, 330.23, 6.67, -0.5311, 0.1853, 0.8056, 0.1861
16:38:58, 5.60, 168, 245.69, 330.37, 6.39, -0.5355, 0.1838, 0.8032, 0.1853
16:38:58, 5.60, 168, 246.44, 330.45, 6.13, -0.5404, 0.1827, 0.8003, 0.1847
16:38:58, 5.63, 169, 247.12, 330.59, 5.93, -0.5449, 0.1818, 0.7977, 0.1836
16:38:58, 5.63, 169, 247.84, 330.80, 5.71, -0.5498, 0.1805, 0.7950, 0.1820
16:38:58, 5.67, 170, 248.51, 331.01, 5.50, -0.5543, 0.1791, 0.7925, 0.1805
16:38:58, 5.67, 170, 249.25, 331.26, 5.30, -0.5593, 0.1777, 0.7898, 0.1786
16:38:58, 5.70, 171, 250.08, 331.44, 5.06, -0.5648, 0.1765, 0.7864, 0.1772
16:38:58, 5.70, 171, 250.91, 331.60, 4.81, -0.5702, 0.1753, 0.7830, 0.1760
16:38:58, 5.70, 171, 251.74, 331.72, 4.64, -0.5757, 0.1749, 0.7793, 0.1748
16:38:58, 5.73, 172, 252.50, 331.85, 4.40, -0.5806, 0.1737, 0.7762, 0.1739
16:38:58, 5.73, 172, 253.26, 332.04, 4.16, -0.5856, 0.1723, 0.7730, 0.1727
16:38:58, 5.77, 173, 254.03, 332.38, 4.01, -0.5910, 0.1708, 0.7699, 0.1701
16:38:58, 5.77, 173, 254.80, 332.79, 3.81, -0.5962, 0.1685, 0.7669, 0.1671
16:38:58, 5.77, 173, 255.62, 333.12, 3.59, -0.6017, 0.1665, 0.7636, 0.1649
16:38:58, 5.80, 174, 256.34, 333.36, 3.31, -0.6064, 0.1644, 0.7606, 0.1637
16:38:58, 5.80, 174, 257.09, 333.56, 3.01, -0.6111, 0.1625, 0.7574, 0.1629
16:38:58, 5.83, 175, 257.82, 333.74, 2.79, -0.6158, 0.1611, 0.7541, 0.1618
16:38:58, 5.83, 175, 258.54, 334.07, 2.54, -0.6205, 0.1587, 0.7511, 0.1600
16:38:58, 5.87, 176, 259.24, 334.50, 2.28, -0.6252, 0.1557, 0.7483, 0.1576
16:38:58, 5.87, 176, 259.94, 334.95, 2.00, -0.6299, 0.1523, 0.7456, 0.1553
16:38:58, 5.87, 176, 260.64, 335.35, 1.71, -0.6345, 0.1492, 0.7427, 0.1533
16:38:58, 5.90, 177, 261.37, 335.76, 1.40, -0.6393, 0.1459, 0.7397, 0.1514
16:38:58, 5.90, 177, 262.05, 336.22, 1.21, -0.6439, 0.1430, 0.7368, 0.1487
16:38:58, 5.93, 178, 262.75, 336.76, 1.03, -0.6488, 0.1397, 0.7338, 0.1453
16:38:58, 5.93, 178, 263.39, 337.37, 0.85, -0.6533, 0.1359, 0.7312, 0.1417
16:38:58, 5.93, 178, 264.10, 338.14, 0.62, -0.6584, 0.1309, 0.7284, 0.1372
16:38:58, 5.97, 179, 264.83, 338.96, 0.41, -0.6637, 0.1258, 0.7254, 0.1324
16:38:58, 5.97, 179, 265.48, 339.92, 0.21, -0.6685, 0.1196, 0.7230, 0.1268
16:38:58, 6.00, 180, 266.10, 340.83, 0.08, -0.6732, 0.1142, 0.7205, 0.1212
16:38:58, 6.00, 180, 266.68, 341.82, 0.03, -0.6778, 0.1086, 0.7181, 0.1147
16:38:58, 6.03, 181, 267.24, 342.77, 359.89, -0.6820, 0.1026, 0.7159, 0.1091
16:38:58, 6.03, 181, 267.62, 343.95, 359.87, -0.6854, 0.0959, 0.7147, 0.1015
16:38:58, 6.03, 181, 268.12, 345.20, 359.71, -0.6894, 0.0878, 0.7129, 0.0943
16:38:58, 6.07, 182, 268.58, 346.56, 359.44, -0.6930, 0.0782, 0.7113, 0.0872
16:38:58, 6.07, 182, 269.01, 347.84, 359.22, -0.6965, 0.0694, 0.7097, 0.0803
16:38:58, 6.10, 183, 269.41, 349.01, 359.09, -0.6997, 0.0618, 0.7080, 0.0736
16:38:58, 6.10, 183, 269.84, 350.27, 358.88, -0.7030, 0.0530, 0.7061, 0.0670
16:38:58, 6.10, 183, 270.31, 351.49, 358.67, -0.7064, 0.0444, 0.7038, 0.0605
16:38:58, 6.13, 184, 270.72, 352.89, 358.50, -0.7095, 0.0350, 0.7018, 0.0528
16:38:58, 6.13, 184, 271.04, 354.11, 358.44, -0.7120, 0.0271, 0.7002, 0.0457
16:38:58, 6.17, 185, 271.39, 355.18, 358.38, -0.7145, 0.0202, 0.6982, 0.0395
16:38:58, 6.17, 185, 271.69, 356.08, 358.32, -0.7166, 0.0143, 0.6965, 0.0343
16:38:58, 6.20, 186, 271.90, 357.00, 358.27, -0.7181, 0.0084, 0.6952, 0.0290
16:38:58, 6.20, 186, 272.13, 357.97, 358.24, -0.7198, 0.0021, 0.6938, 0.0234
16:38:58, 6.20, 186, 272.36, 358.96, 358.25, -0.7213, -0.0040, 0.6924, 0.0174
16:38:58, 6.23, 187, 272.59, 0.05, 358.33, -0.7228, -0.0104, 0.6909, 0.0102
16:38:58, 6.23, 187, 272.78, 1.03, 358.32, -0.7241, -0.0167, 0.6895, 0.0044
16:38:58, 6.27, 188, 272.92, 1.96, 358.29, -0.7249, -0.0227, 0.6885, -0.0010
16:38:58, 6.27, 188, 273.06, 2.73, 358.28, -0.7257, -0.0276, 0.6874, -0.0055
16:38:58, 6.27, 188, 273.13, 3.36, 358.17, -0.7261, -0.0323, 0.6868, -0.0086
16:38:58, 6.30, 189, 273.18, 4.00, 358.12, -0.7263, -0.0367, 0.6863, -0.0121
16:38:58, 6.30, 189, 273.24, 4.56, 357.95, -0.7266, -0.0412, 0.6856, -0.0143
16:38:58, 6.33, 190, 273.35, 5.26, 357.98, -0.7272, -0.0455, 0.6847, -0.0187
16:38:58, 6.33, 190, 273.42, 5.96, 357.96, -0.7274, -0.0500, 0.6840, -0.0227
16:38:58, 6.37, 191, 273.54, 6.81, 357.98, -0.7279, -0.0553, 0.6829, -0.0278
16:38:58, 6.37, 191, 273.64, 7.44, 357.95, -0.7283, -0.0595, 0.6819, -0.0314
16:38:58, 6.37, 191, 273.68, 7.99, 357.96, -0.7284, -0.0630, 0.6814, -0.0347
16:38:58, 6.40, 192, 273.76, 8.53, 357.96, -0.7287, -0.0664, 0.6806, -0.0379
16:38:58, 6.40, 192, 273.78, 9.03, 357.93, -0.7286, -0.0698, 0.6801, -0.0406
16:38:58, 6.43, 193, 273.81, 9.58, 357.90, -0.7286, -0.0734, 0.6796, -0.0437
16:38:58, 6.43, 193, 273.86, 10.10, 357.93, -0.7287, -0.0766, 0.6790, -0.0470
16:38:58, 6.43, 193, 273.85, 10.62, 357.90, -0.7284, -0.0800, 0.6787, -0.0498
16:38:58, 6.47, 194, 273.88, 11.03, 357.72, -0.7284, -0.0837, 0.6781, -0.0511
16:38:58, 6.47, 194, 273.96, 11.39, 357.64, -0.7288, -0.0866, 0.6772, -0.0527
16:38:58, 6.50, 195, 274.03, 11.70, 357.61, -0.7290, -0.0887, 0.6766, -0.0543
16:38:58, 6.50, 195, 274.16, 12.00, 357.55, -0.7297, -0.0910, 0.6754, -0.0556
16:38:58, 6.50, 195, 274.26, 12.32, 357.51, -0.7301, -0.0933, 0.6745, -0.0572
16:38:58, 6.53, 196, 274.35, 12.63, 357.55, -0.7304, -0.0951, 0.6738, -0.0592
16:38:58, 6.53, 196, 274.39, 12.94, 357.51, -0.7305, -0.0974, 0.6732, -0.0607
16:38:58, 6.57, 197, 274.49, 13.22, 357.31, -0.7310, -0.1004, 0.6722, -0.0610
16:38:58, 6.57, 197, 274.63, 13.54, 357.17, -0.7317, -0.1032, 0.6709, -0.0618
16:38:58, 6.60, 198, 274.88, 13.89, 357.01, -0.7331, -0.1066, 0.6688, -0.0627
16:38:59, 6.60, 198, 275.22, 14.18, 356.93, -0.7349, -0.1091, 0.6663, -0.0635
16:38:59, 6.60, 198, 275.60, 14.51, 356.91, -0.7369, -0.1115, 0.6636, -0.0650
16:38:59, 6.63, 199, 275.91, 14.86, 356.86, -0.7385, -0.1142, 0.6612, -0.0664
16:38:59, 6.63, 199, 276.28, 15.11, 356.83, -0.7404, -0.1162, 0.6586, -0.0673
16:38:59, 6.67, 200, 276.61, 15.31, 356.73, -0.7423, -0.1182, 0.6561, -0.0674
16:38:59, 6.67, 200, 277.02, 15.49, 356.59, -0.7446, -0.1204, 0.6531, -0.0671
16:38:59, 6.67, 200, 277.56, 15.67, 356.55, -0.7475, -0.1222, 0.6494, -0.0674
16:38:59, 6.70, 201, 278.17, 15.88, 356.57, -0.7508, -0.1238, 0.6452, -0.0680
16:38:59, 6.70, 201, 278.88, 16.01, 356.60, -0.7547, -0.1248, 0.6405, -0.0682
16:38:59, 6.73, 202, 279.63, 16.08, 356.61, -0.7588, -0.1257, 0.6355, -0.0679
16:38:59, 6.73, 202, 280.47, 16.05, 356.64, -0.7635, -0.1259, 0.6299, -0.0670
16:38:59, 6.77, 203, 281.56, 15.84, 356.68, -0.7695, -0.1248, 0.6229, -0.0649
16:38:59, 6.77, 203, 282.68, 15.63, 356.82, -0.7756, -0.1233, 0.6157, -0.0634
16:38:59, 6.77, 203, 284.23, 15.31, 356.92, -0.7841, -0.1214, 0.6056, -0.0608
16:38:59, 6.80, 204, 286.00, 14.85, 357.23, -0.7936, -0.1176, 0.5941, -0.0586
16:38:59, 6.80, 204, 288.26, 14.25, 357.84, -0.8053, -0.1114, 0.5794, -0.0575
16:38:59, 6.83, 205, 290.61, 13.69, 358.37, -0.8172, -0.1060, 0.5637, -0.0562
16:38:59, 6.83, 205, 293.09, 13.07, 358.98, -0.8294, -0.0998, 0.5468, -0.0554
16:38:59, 6.83, 205, 295.53, 12.56, 359.63, -0.8410, -0.0943, 0.5299, -0.0556
16:38:59, 6.87, 206, 298.02, 12.01, 0.29, -0.8524, -0.0883, 0.5123, -0.0560
16:38:59, 6.87, 206, 300.40, 11.44, 0.94, -0.8630, -0.0824, 0.4952, -0.0566
16:38:59, 6.90, 207, 302.60, 10.94, 1.47, -0.8725, -0.0775, 0.4791, -0.0570
16:38:59, 6.90, 207, 304.56, 10.50, 1.98, -0.8807, -0.0730, 0.4645, -0.0578
16:38:59, 6.93, 208, 306.19, 10.04, 2.32, -0.8874, -0.0689, 0.4522, -0.0576
16:38:59, 6.93, 208, 307.63, 9.63, 2.47, -0.8932, -0.0659, 0.4413, -0.0563
16:38:59, 6.93, 208, 308.81, 9.35, 2.59, -0.8979, -0.0637, 0.4321, -0.0555
16:38:59, 6.97, 209, 309.85, 9.08, 2.57, -0.9020, -0.0622, 0.4239, -0.0537
16:38:59, 6.97, 209, 310.62, 8.89, 2.45, -0.9050, -0.0615, 0.4178, -0.0517
16:38:59, 7.00, 210, 311.49, 8.66, 2.37, -0.9083, -0.0603, 0.4110, -0.0498
16:38:59, 7.00, 210, 312.19, 8.50, 2.25, -0.9109, -0.0598, 0.4054, -0.0479
16:38:59, 7.03, 211, 312.82, 8.34, 2.31, -0.9132, -0.0586, 0.4004, -0.0475
16:38:59, 7.03, 211, 313.34, 8.35, 2.28, -0.9150, -0.0590, 0.3962, -0.0470
16:38:59, 7.03, 211, 313.76, 8.34, 2.19, -0.9165, -0.0593, 0.3928, -0.0461
16:38:59, 7.07, 212, 314.07, 8.42, 2.03, -0.9176, -0.0607, 0.3902, -0.0449
16:38:59, 7.07, 212, 314.43, 8.55, 1.79, -0.9189, -0.0627, 0.3872, -0.0432
16:38:59, 7.10, 213, 314.81, 8.68, 1.67, -0.9201, -0.0643, 0.3841, -0.0425
16:38:59, 7.10, 213, 315.12, 8.75, 1.52, -0.9211, -0.0654, 0.3815, -0.0413
16:38:59, 7.10, 213, 315.36, 8.84, 1.48, -0.9219, -0.0664, 0.3796, -0.0412
16:38:59, 7.13, 214, 315.51, 8.99, 1.43, -0.9223, -0.0678, 0.3783, -0.0412
16:38:59, 7.13, 214, 315.63, 9.14, 1.29, -0.9226, -0.0696, 0.3772, -0.0405
16:38:59, 7.17, 215, 315.74, 9.27, 1.24, -0.9229, -0.0708, 0.3763, -0.0404
16:38:59, 7.17, 215, 315.83, 9.42, 1.11, -0.9231, -0.0725, 0.3754, -0.0398
16:38:59, 7.20, 216, 315.91, 9.52, 0.98, -0.9234, -0.0737, 0.3747, -0.0391
16:38:59, 7.20, 216, 315.97, 9.66, 0.88, -0.9235, -0.0752, 0.3741, -0.0387
16:38:59, 7.20, 216, 316.03, 9.77, 0.84, -0.9237, -0.0762, 0.3736, -0.0386
16:38:59, 7.23, 217, 316.08, 9.92, 0.78, -0.9237, -0.0777, 0.3731, -0.0387
16:38:59, 7.23, 217, 316.13, 10.10, 0.73, -0.9238, -0.0793, 0.3726, -0.0388
16:38:59, 7.27, 218, 316.09, 10.32, 0.62, -0.9235, -0.0814, 0.3728, -0.0386
16:38:59, 7.27, 218, 316.08, 10.47, 0.52, -0.9234, -0.0830, 0.3728, -0.0383
16:38:59, 7.27, 218, 316.08, 10.57, 0.36, -0.9234, -0.0843, 0.3726, -0.0373
16:38:59, 7.30, 219, 316.12, 10.65, 0.24, -0.9235, -0.0853, 0.3722, -0.0366
16:38:59, 7.30, 219, 316.21, 10.70, 0.08, -0.9238, -0.0863, 0.3713, -0.0355
16:38:59, 7.33, 220, 316.34, 10.78, 359.98, -0.9242, -0.0873, 0.3702, -0.0348
16:38:59, 7.33, 220, 316.49, 10.88, 359.98, -0.9246, -0.0881, 0.3690, -0.0350
16:38:59, 7.37, 221, 316.58, 10.99, 0.00, -0.9248, -0.0890, 0.3682, -0.0355
16:38:59, 7.37, 221, 316.67, 11.09, 359.93, -0.9250, -0.0901, 0.3674, -0.0351
16:38:59, 7.37, 221, 316.79, 11.25, 359.85, -0.9253, -0.0916, 0.3663, -0.0349
16:38:59, 7.40, 222, 316.95, 11.42, 359.76, -0.9257, -0.0933, 0.3649, -0.0346
16:38:59, 7.40, 222, 317.17, 11.59, 359.68, -0.9263, -0.0950, 0.3630, -0.0343
16:38:59, 7.43, 223, 317.37, 11.77, 359.66, -0.9268, -0.0966, 0.3613, -0.0345
16:38:59, 7.43, 223, 317.62, 11.96, 359.62, -0.9274, -0.0983, 0.3592, -0.0346
16:38:59, 7.43, 223, 317.88, 12.24, 359.61, -0.9280, -0.1007, 0.3570, -0.0352
16:38:59, 7.47, 224, 318.12, 12.56, 359.67, -0.9285, -0.1032, 0.3549, -0.0364
16:38:59, 7.47, 224, 318.37, 12.84, 359.72, -0.9290, -0.1053, 0.3529, -0.0375
16:38:59, 7.50, 225, 318.64, 13.16, 359.77, -0.9295, -0.1080, 0.3506, -0.0386
16:38:59, 7.50, 225, 318.87, 13.50, 359.83, -0.9299, -0.1106, 0.3486, -0.0399
16:38:59, 7.53, 226, 319.11, 13.83, 359.88, -0.9302, -0.1131, 0.3467, -0.0411
16:38:59, 7.53, 226, 319.30, 14.18, 359.94, -0.9304, -0.1159, 0.3451, -0.0424
16:38:59, 7.53, 226, 319.49, 14.56, 0.00, -0.9306, -0.1189, 0.3434, -0.0439
16:38:59, 7.57, 227, 319.61, 14.99, 0.05, -0.9305, -0.1223, 0.3423, -0.0454
16:38:59, 7.57, 227, 319.72, 15.33, 0.10, -0.9304, -0.1249, 0.3414, -0.0467
16:38:59, 7.60, 228, 319.82, 15.66, 0.14, -0.9303, -0.1275, 0.3405, -0.0480
16:39:00, 7.60, 228, 319.93, 15.99, 0.14, -0.9303, -0.1303, 0.3394, -0.0488
16:39:00, 7.60, 228, 320.03, 16.30, 0.13, -0.9302, -0.1328, 0.3384, -0.0495
16:39:00, 7.63, 229, 320.14, 16.70, 0.17, -0.9301, -0.1360, 0.3375, -0.0509
16:39:00, 7.63, 229, 320.17, 17.12, 0.25, -0.9296, -0.1392, 0.3372, -0.0528
16:39:00, 7.67, 230, 320.18, 17.53, 0.30, -0.9291, -0.1424, 0.3369, -0.0543
16:39:00, 7.67, 230, 320.17, 18.00, 0.27, -0.9285, -0.1463, 0.3368, -0.0555
16:39:00, 7.70, 231, 320.16, 18.30, 0.29, -0.9281, -0.1487, 0.3367, -0.0565
16:39:00, 7.70, 231, 320.20, 18.62, 0.22, -0.9278, -0.1515, 0.3362, -0.0569
16:39:00, 7.70, 231, 320.20, 18.86, 0.16, -0.9275, -0.1536, 0.3360, -0.0571
16:39:00, 7.73, 232, 320.23, 19.18, 0.16, -0.9272, -0.1562, 0.3356, -0.0579
16:39:00, 7.73, 232, 320.25, 19.47, 0.15, -0.9268, -0.1586, 0.3352, -0.0587
16:39:00, 7.77, 233, 320.25, 19.84, 0.07, -0.9263, -0.1618, 0.3350, -0.0591
16:39:00, 7.77, 233, 320.24, 20.09, 0.00, -0.9260, -0.1641, 0.3349, -0.0594
16:39:00, 7.77, 233, 320.22, 20.32, 0.01, -0.9256, -0.1658, 0.3349, -0.0601
16:39:00, 7.80, 234, 320.21, 20.55, 0.03, -0.9252, -0.1676, 0.3349, -0.0609
16:39:00, 7.80, 234, 320.16, 20.73, 359.97, -0.9248, -0.1693, 0.3351, -0.0611
16:39:00, 7.83, 235, 320.17, 20.93, 359.95, -0.9246, -0.1709, 0.3349, -0.0614
16:39:00, 7.83, 235, 320.18, 21.12, 359.93, -0.9243, -0.1725, 0.3346, -0.0619
16:39:00, 7.87, 236, 320.17, 21.36, 359.92, -0.9240, -0.1744, 0.3346, -0.0625
16:39:00, 7.87, 236, 320.17, 21.52, 359.88, -0.9237, -0.1759, 0.3345, -0.0627
16:39:00, 7.87, 236, 320.15, 21.65, 359.86, -0.9235, -0.1770, 0.3345, -0.0629
16:39:00, 7.90, 237, 320.14, 21.77, 359.89, -0.9233, -0.1779, 0.3345, -0.0635
16:39:00, 7.90, 237, 320.13, 21.88, 359.88, -0.9231, -0.1788, 0.3346, -0.0638
16:39:00, 7.93, 238, 320.11, 21.98, 359.86, -0.9228, -0.1796, 0.3347, -0.0639
16:39:00, 7.93, 238, 320.09, 22.06, 359.82, -0.9227, -0.1804, 0.3347, -0.0638
16:39:00, 7.93, 238, 320.11, 22.09, 359.83, -0.9227, -0.1806, 0.3346, -0.0640
16:39:00, 7.97, 239, 320.11, 22.16, 359.84, -0.9226, -0.1811, 0.3345, -0.0643
16:39:00, 7.97, 239, 320.11, 22.19, 359.84, -0.9225, -0.1813, 0.3345, -0.0644
16:39:00, 8.00, 240, 320.11, 22.22, 359.86, -0.9225, -0.1816, 0.3345, -0.0646
16:39:00, 8.00, 240, 320.09, 22.23, 359.88, -0.9224, -0.1816, 0.3347, -0.0648
16:39:00, 8.03, 241, 320.05, 22.25, 359.88, -0.9222, -0.1817, 0.3350, -0.0650
16:39:00, 8.03, 241, 320.01, 22.23, 359.83, -0.9222, -0.1816, 0.3353, -0.0646
16:39:00, 8.03, 241, 319.96, 22.20, 359.77, -0.9221, -0.1816, 0.3355, -0.0641
16:39:00, 8.07, 242, 319.93, 22.16, 359.76, -0.9221, -0.1813, 0.3359, -0.0639
16:39:00, 8.07, 242, 319.86, 22.11, 359.72, -0.9220, -0.1810, 0.3363, -0.0635
16:39:00, 8.10, 243, 319.80, 22.06, 359.67, -0.9219, -0.1806, 0.3368, -0.0631
16:39:00, 8.10, 243, 319.75, 22.01, 359.65, -0.9219, -0.1803, 0.3371, -0.0628
16:39:00, 8.10, 243, 319.71, 22.00, 359.62, -0.9218, -0.1802, 0.3375, -0.0627
16:39:00, 8.13, 244, 319.66, 22.00, 359.62, -0.9216, -0.1802, 0.3379, -0.0627
16:39:00, 8.13, 244, 319.61, 22.00, 359.61, -0.9215, -0.1802, 0.3382, -0.0628
16:39:00, 8.17, 245, 319.57, 21.98, 359.59, -0.9214, -0.1801, 0.3386, -0.0625
16:39:00, 8.17, 245, 319.51, 21.97, 359.55, -0.9213, -0.1801, 0.3390, -0.0624
16:39:00, 8.20, 246, 319.49, 21.96, 359.50, -0.9213, -0.1802, 0.3391, -0.0620
16:39:00, 8.20, 246, 319.47, 21.94, 359.50, -0.9212, -0.1800, 0.3393, -0.0619
16:39:00, 8.20, 246, 319.49, 21.94, 359.50, -0.9213, -0.1800, 0.3391, -0.0619
16:39:00, 8.23, 247, 319.48, 21.95, 359.52, -0.9212, -0.1800, 0.3392, -0.0621
16:39:00, 8.23, 247, 319.47, 21.94, 359.53, -0.9212, -0.1799, 0.3393, -0.0621
16:39:00, 8.27, 248, 319.47, 21.96, 359.52, -0.9212, -0.1801, 0.3393, -0.0621
16:39:00, 8.27, 248, 319.49, 21.98, 359.52, -0.9212, -0.1803, 0.3391, -0.0621
16:39:00, 8.27, 248, 319.50, 22.02, 359.52, -0.9212, -0.1806, 0.3390, -0.0623
16:39:00, 8.30, 249, 319.55, 22.03, 359.51, -0.9213, -0.1807, 0.3386, -0.0621
16:39:00, 8.30, 249, 319.54, 22.04, 359.52, -0.9213, -0.1807, 0.3387, -0.0623
16:39:00, 8.33, 250, 319.53, 22.06, 359.53, -0.9212, -0.1809, 0.3388, -0.0624
16:39:00, 8.33, 250, 319.51, 22.08, 359.56, -0.9211, -0.1810, 0.3389, -0.0627
16:39:00, 8.37, 251, 319.48, 22.13, 359.55, -0.9210, -0.1813, 0.3391, -0.0628
16:39:00, 8.37, 251, 319.44, 22.14, 359.52, -0.9208, -0.1815, 0.3394, -0.0627
16:39:00, 8.37, 251, 319.43, 22.13, 359.50, -0.9208, -0.1815, 0.3394, -0.0625
16:39:00, 8.40, 252, 319.42, 22.12, 359.49, -0.9208, -0.1814, 0.3395, -0.0624
16:39:00, 8.40, 252, 319.42, 22.07, 359.49, -0.9209, -0.1810, 0.3396, -0.0623
16:39:00, 8.43, 253, 319.44, 22.00, 359.53, -0.9210, -0.1803, 0.3395, -0.0624
16:39:00, 8.43, 253, 319.44, 21.90, 359.55, -0.9212, -0.1795, 0.3396, -0.0622
16:39:00, 8.43, 253, 319.44, 21.82, 359.58, -0.9213, -0.1788, 0.3397, -0.0622
16:39:00, 8.47, 254, 319.41, 21.67, 359.60, -0.9214, -0.1775, 0.3400, -0.0620
16:39:00, 8.47, 254, 319.41, 21.51, 359.61, -0.9216, -0.1762, 0.3402, -0.0616
16:39:00, 8.50, 255, 319.39, 21.37, 359.60, -0.9218, -0.1751, 0.3404, -0.0611
16:39:00, 8.50, 255, 319.39, 21.24, 359.62, -0.9220, -0.1740, 0.3405, -0.0609
16:39:00, 8.53, 256, 319.36, 21.11, 359.65, -0.9221, -0.1728, 0.3408, -0.0608
16:39:00, 8.53, 256, 319.35, 20.96, 359.71, -0.9223, -0.1714, 0.3411, -0.0608
16:39:00, 8.53, 256, 319.30, 20.74, 359.75, -0.9224, -0.1695, 0.3417, -0.0606
16:39:00, 8.57, 257, 319.25, 20.47, 359.77, -0.9226, -0.1673, 0.3423, -0.0600
16:39:00, 8.57, 257, 319.16, 20.07, 359.73, -0.9230, -0.1641, 0.3432, -0.0586
16:39:00, 8.60, 258, 319.02, 19.61, 359.60, -0.9232, -0.1607, 0.3444, -0.0564
16:39:01, 8.60, 258, 318.90, 19.17, 359.51, -0.9235, -0.1574, 0.3455, -0.0545
16:39:01, 8.60, 258, 318.72, 18.51, 359.43, -0.9239, -0.1522, 0.3472, -0.0521
16:39:01, 8.63, 259, 318.49, 17.49, 359.32, -0.9245, -0.1442, 0.3494, -0.0484
16:39:01, 8.63, 259, 318.12, 16.00, 359.08, -0.9252, -0.1328, 0.3529, -0.0423
16:39:01, 8.67, 260, 317.65, 14.24, 358.83, -0.9257, -0.1193, 0.3573, -0.0353
16:39:01, 8.67, 260, 317.10, 12.42, 358.61, -0.9257, -0.1051, 0.3623, -0.0284
16:39:01, 8.70, 261, 316.54, 10.52, 358.29, -0.9254, -0.0907, 0.3674, -0.0201
16:39:01, 8.70, 261, 316.01, 8.63, 358.12, -0.9249, -0.0759, 0.3723, -0.0130
16:39:01, 8.70, 261, 315.46, 6.70, 357.92, -0.9241, -0.0610, 0.3773, -0.0054
16:39:01, 8.73, 262, 314.94, 4.70, 357.76, -0.9230, -0.0454, 0.3820, 0.0023
16:39:01, 8.73, 262, 314.41, 2.69, 357.60, -0.9216, -0.0297, 0.3868, 0.0102
16:39:01, 8.77, 263, 313.93, 1.14, 357.41, -0.9201, -0.0180, 0.3910, 0.0169
16:39:01, 8.77, 263, 313.58, 359.95, 357.25, -0.9188, -0.0091, 0.3940, 0.0222
16:39:01, 8.77, 263, 313.10, 359.05, 357.12, -0.9170, -0.0024, 0.3980, 0.0263
16:39:01, 8.80, 264, 312.79, 358.13, 357.11, -0.9157, 0.0048, 0.4007, 0.0296
16:39:01, 8.80, 264, 312.48, 357.31, 357.03, -0.9144, 0.0110, 0.4032, 0.0331
16:39:01, 8.83, 265, 312.13, 356.35, 357.01, -0.9129, 0.0186, 0.4061, 0.0367
16:39:01, 8.83, 265, 311.90, 355.56, 356.91, -0.9117, 0.0243, 0.4080, 0.0404
16:39:01, 8.87, 266, 311.69, 355.02, 356.88, -0.9107, 0.0285, 0.4098, 0.0425
16:39:01, 8.87, 266, 311.57, 354.50, 356.75, -0.9100, 0.0321, 0.4108, 0.0455
16:39:01, 8.87, 266, 311.52, 353.99, 356.77, -0.9096, 0.0362, 0.4112, 0.0471
16:39:01, 8.90, 267, 311.49, 353.47, 356.82, -0.9093, 0.0406, 0.4114, 0.0486
16:39:01, 8.90, 267, 311.44, 352.96, 356.86, -0.9088, 0.0447, 0.4118, 0.0502
16:39:01, 8.93, 268, 311.42, 352.43, 356.96, -0.9085, 0.0492, 0.4119, 0.0513
16:39:01, 8.93, 268, 311.40, 352.17, 356.99, -0.9082, 0.0514, 0.4121, 0.0520
16:39:01, 8.93, 268, 311.42, 351.98, 357.00, -0.9082, 0.0530, 0.4119, 0.0525
16:39:01, 8.97, 269, 311.40, 351.89, 357.10, -0.9081, 0.0540, 0.4120, 0.0521
16:39:01, 8.97, 269, 311.47, 351.81, 357.15, -0.9083, 0.0549, 0.4114, 0.0520
16:39:01, 9.00, 270, 311.45, 351.77, 357.21, -0.9082, 0.0555, 0.4115, 0.0516
16:39:01, 9.00, 270, 311.43, 351.75, 357.29, -0.9082, 0.0558, 0.4116, 0.0511
16:39:01, 9.03, 271, 311.39, 351.76, 357.35, -0.9081, 0.0560, 0.4120, 0.0505
16:39:01, 9.03, 271, 311.33, 351.78, 357.34, -0.9079, 0.0558, 0.4124, 0.0506
16:39:01, 9.03, 271, 311.29, 351.71, 357.36, -0.9077, 0.0563, 0.4127, 0.0507
16:39:01, 9.07, 272, 311.28, 351.67, 357.37, -0.9076, 0.0567, 0.4128, 0.0508
16:39:01, 9.07, 272, 311.28, 351.59, 357.36, -0.9076, 0.0573, 0.4128, 0.0511
16:39:01, 9.10, 273, 311.26, 351.54, 357.38, -0.9075, 0.0578, 0.4129, 0.0512
16:39:01, 9.10, 273, 311.25, 351.47, 357.38, -0.9074, 0.0583, 0.4130, 0.0515
16:39:01, 9.10, 273, 311.22, 351.46, 357.42, -0.9073, 0.0585, 0.4132, 0.0512
16:39:01, 9.13, 274, 311.22, 351.46, 357.47, -0.9073, 0.0587, 0.4132, 0.0508
16:39:01, 9.13, 274, 311.19, 351.58, 357.52, -0.9073, 0.0580, 0.4134, 0.0500
16:39:01, 9.17, 275, 311.20, 351.78, 357.63, -0.9075, 0.0567, 0.4133, 0.0484
16:39:01, 9.17, 275, 311.20, 352.25, 357.69, -0.9078, 0.0532, 0.4133, 0.0462
16:39:01, 9.20, 276, 311.18, 353.09, 357.71, -0.9083, 0.0466, 0.4135, 0.0430
16:39:01, 9.20, 276, 311.19, 354.35, 357.61, -0.9089, 0.0363, 0.4135, 0.0393
16:39:01, 9.20, 276, 311.19, 355.96, 357.60, -0.9096, 0.0235, 0.4135, 0.0336
16:39:01, 9.23, 277, 311.19, 357.70, 357.66, -0.9101, 0.0098, 0.4134, 0.0269
16:39:01, 9.23, 277, 311.28, 359.58, 357.83, -0.9108, -0.0045, 0.4124, 0.0187
16:39:01, 9.27, 278, 311.38, 1.22, 358.02, -0.9112, -0.0168, 0.4114, 0.0113
16:39:01, 9.27, 278, 311.53, 2.85, 358.19, -0.9116, -0.0291, 0.4099, 0.0042
16:39:01, 9.27, 278, 311.62, 4.38, 358.24, -0.9117, -0.0411, 0.4089, -0.0017
16:39:01, 9.30, 279, 311.72, 5.66, 358.29, -0.9116, -0.0511, 0.4078, -0.0066
16:39:01, 9.30, 279, 311.82, 6.79, 358.35, -0.9116, -0.0599, 0.4066, -0.0110
16:39:01, 9.33, 280, 311.92, 7.57, 358.50, -0.9116, -0.0656, 0.4056, -0.0149
16:39:01, 9.33, 280, 312.11, 8.18, 358.65, -0.9119, -0.0700, 0.4040, -0.0182
16:39:01, 9.37, 281, 312.37, 8.76, 358.79, -0.9124, -0.0741, 0.4019, -0.0212
16:39:01, 9.37, 281, 312.63, 9.58, 358.89, -0.9129, -0.0803, 0.3995, -0.0247
16:39:01, 9.37, 281, 312.76, 10.44, 358.84, -0.9127, -0.0874, 0.3981, -0.0272
16:39:01, 9.40, 282, 312.90, 11.42, 358.75, -0.9125, -0.0955, 0.3965, -0.0298
16:39:01, 9.40, 282, 312.98, 12.26, 358.61, -0.9122, -0.1027, 0.3954, -0.0315
16:39:01, 9.43, 283, 313.16, 12.85, 358.60, -0.9123, -0.1075, 0.3937, -0.0333
16:39:01, 9.43, 283, 313.46, 13.30, 358.63, -0.9129, -0.1110, 0.3911, -0.0349
16:39:01, 9.43, 283, 313.78, 13.76, 358.75, -0.9136, -0.1144, 0.3884, -0.0370
16:39:01, 9.47, 284, 314.12, 14.20, 358.88, -0.9143, -0.1176, 0.3856, -0.0392
16:39:01, 9.47, 284, 314.45, 14.73, 359.02, -0.9148, -0.1215, 0.3829, -0.0418
16:39:01, 9.50, 285, 314.69, 15.24, 359.04, -0.9151, -0.1255, 0.3807, -0.0434
16:39:01, 9.50, 285, 314.83, 15.51, 358.97, -0.9153, -0.1280, 0.3794, -0.0436
16:39:01, 9.53, 286, 315.01, 15.59, 358.91, -0.9158, -0.1289, 0.3778, -0.0431
16:39:01, 9.53, 286, 315.23, 15.56, 358.76, -0.9166, -0.1292, 0.3760, -0.0416
16:39:01, 9.53, 286, 315.47, 15.51, 358.59, -0.9175, -0.1295, 0.3739, -0.0398
16:39:01, 9.57, 287, 315.78, 15.60, 358.54, -0.9185, -0.1305, 0.3713, -0.0394
16:39:01, 9.57, 287, 316.15, 15.74, 358.53, -0.9195, -0.1318, 0.3682, -0.0394
16:39:01, 9.60, 288, 316.49, 15.90, 358.54, -0.9204, -0.1331, 0.3654, -0.0395
16:39:02, 9.60, 288, 316.82, 16.02, 358.52, -0.9214, -0.1342, 0.3627, -0.0393
16:39:02, 9.60, 288, 317.10, 16.16, 358.49, -0.9221, -0.1356, 0.3603, -0.0392
16:39:02, 9.63, 289, 317.41, 16.24, 358.50, -0.9230, -0.1363, 0.3577, -0.0392
16:39:02, 9.63, 289, 317.71, 16.23, 358.43, -0.9239, -0.1365, 0.3553, -0.0383
16:39:02, 9.67, 290, 318.04, 16.26, 358.43, -0.9249, -0.1369, 0.3526, -0.0379
16:39:02, 9.67, 290, 318.36, 16.32, 358.46, -0.9258, -0.1374, 0.3500, -0.0380
16:39:02, 9.70, 291, 318.63, 16.40, 358.48, -0.9265, -0.1381, 0.3478, -0.0381
16:39:02, 9.70, 291, 318.92, 16.48, 358.48, -0.9273, -0.1388, 0.3454, -0.0380
16:39:02, 9.70, 291, 319.21, 16.58, 358.50, -0.9281, -0.1396, 0.3431, -0.0381
16:39:02, 9.73, 292, 319.55, 16.62, 358.51, -0.9291, -0.1401, 0.3403, -0.0379
16:39:02, 9.73, 292, 319.86, 16.66, 358.52, -0.9299, -0.1405, 0.3378, -0.0377
16:39:02, 9.77, 293, 320.17, 16.73, 358.58, -0.9307, -0.1409, 0.3353, -0.0380
16:39:02, 9.77, 293, 320.37, 16.82, 358.61, -0.9312, -0.1417, 0.3337, -0.0383
16:39:02, 9.77, 293, 320.57, 16.94, 358.65, -0.9316, -0.1426, 0.3320, -0.0387
16:39:02, 9.80, 294, 320.76, 17.11, 358.67, -0.9320, -0.1439, 0.3304, -0.0391
16:39:02, 9.80, 294, 320.88, 17.19, 358.66, -0.9322, -0.1447, 0.3294, -0.0391
16:39:02, 9.83, 295, 320.99, 17.26, 358.59, -0.9325, -0.1455, 0.3283, -0.0387
16:39:02, 9.83, 295, 321.12, 17.30, 358.55, -0.9328, -0.1460, 0.3272, -0.0383
16:39:02, 9.87, 296, 321.25, 17.36, 358.54, -0.9331, -0.1465, 0.3261, -0.0382
16:39:02, 9.87, 296, 321.32, 17.40, 358.52, -0.9333, -0.1469, 0.3255, -0.0380
16:39:02, 9.87, 296, 321.32, 17.44, 358.51, -0.9332, -0.1473, 0.3255, -0.0381
16:39:02, 9.90, 297, 321.31, 17.50, 358.50, -0.9331, -0.1478, 0.3255, -0.0382
16:39:02, 9.90, 297, 321.25, 17.56, 358.45, -0.9329, -0.1484, 0.3259, -0.0381
16:39:02, 9.93, 298, 321.19, 17.59, 358.39, -0.9327, -0.1488, 0.3263, -0.0377
16:39:02, 9.93, 298, 321.15, 17.53, 358.32, -0.9327, -0.1485, 0.3266, -0.0371
16:39:02, 9.93, 298, 321.13, 17.50, 358.29, -0.9327, -0.1484, 0.3267, -0.0368
16:39:02, 9.97, 299, 321.08, 17.46, 358.28, -0.9326, -0.1481, 0.3271, -0.0366
16:39:02, 9.97, 299, 321.05, 17.44, 358.26, -0.9326, -0.1479, 0.3273, -0.0364
