Timestamp, VideoTime, VideoFrame, HeadYaw, HeadPitch, HeadRoll, HeadQuatW, HeadQuatX, HeadQuatY, HeadQuatZ
16:45:01, 0.00, 0, 335.67, 353.23, 359.66, -0.9758, 0.0571, 0.2105, 0.0153
16:45:01, 0.03, 1, 335.64, 353.18, 359.65, -0.9757, 0.0575, 0.2108, 0.0155
16:45:01, 0.03, 1, 335.63, 353.17, 359.64, -0.9757, 0.0576, 0.2109, 0.0156
16:45:01, 0.03, 1, 335.60, 353.13, 359.65, -0.9756, 0.0579, 0.2111, 0.0156
16:45:01, 0.07, 2, 335.58, 353.10, 359.65, -0.9756, 0.0581, 0.2113, 0.0157
16:45:01, 0.07, 2, 335.56, 353.07, 359.68, -0.9755, 0.0584, 0.2115, 0.0155
16:45:01, 0.10, 3, 335.53, 353.04, 359.67, -0.9755, 0.0587, 0.2117, 0.0156
16:45:01, 0.10, 3, 335.52, 353.03, 359.69, -0.9754, 0.0588, 0.2117, 0.0155
16:45:01, 0.10, 3, 335.52, 353.03, 359.71, -0.9754, 0.0589, 0.2117, 0.0153
16:45:01, 0.13, 4, 335.55, 353.03, 359.73, -0.9755, 0.0589, 0.2115, 0.0152
16:45:01, 0.13, 4, 335.56, 353.02, 359.75, -0.9755, 0.0590, 0.2114, 0.0151
16:45:01, 0.17, 5, 335.60, 353.03, 359.77, -0.9756, 0.0590, 0.2110, 0.0148
16:45:01, 0.17, 5, 335.59, 353.03, 359.76, -0.9756, 0.0590, 0.2112, 0.0149
16:45:01, 0.17, 5, 335.58, 353.03, 359.79, -0.9755, 0.0590, 0.2112, 0.0146
16:45:01, 0.20, 6, 335.56, 353.01, 359.80, -0.9755, 0.0592, 0.2114, 0.0146
16:45:01, 0.20, 6, 335.54, 353.00, 359.81, -0.9755, 0.0593, 0.2116, 0.0146
16:45:01, 0.23, 7, 335.51, 353.00, 359.82, -0.9754, 0.0593, 0.2118, 0.0145
16:45:01, 0.23, 7, 335.49, 352.97, 359.81, -0.9753, 0.0596, 0.2120, 0.0147
16:45:01, 0.23, 7, 335.47, 352.98, 359.82, -0.9753, 0.0595, 0.2121, 0.0145
16:45:01, 0.27, 8, 335.48, 352.95, 359.84, -0.9753, 0.0598, 0.2121, 0.0144
16:45:01, 0.27, 8, 335.47, 352.97, 359.90, -0.9753, 0.0597, 0.2121, 0.0139
16:45:01, 0.30, 9, 335.50, 352.97, 359.93, -0.9754, 0.0598, 0.2118, 0.0136
16:45:01, 0.30, 9, 335.49, 352.96, 359.89, -0.9754, 0.0598, 0.2119, 0.0140
16:45:01, 0.33, 10, 335.46, 352.94, 359.86, -0.9753, 0.0599, 0.2122, 0.0143
16:45:01, 0.33, 10, 335.45, 352.96, 359.87, -0.9753, 0.0598, 0.2123, 0.0141
16:45:01, 0.33, 10, 335.46, 352.97, 359.89, -0.9753, 0.0597, 0.2122, 0.0140
16:45:01, 0.37, 11, 335.48, 353.02, 359.89, -0.9754, 0.0593, 0.2120, 0.0139
16:45:01, 0.37, 11, 335.49, 353.04, 359.91, -0.9754, 0.0592, 0.2119, 0.0137
16:45:01, 0.40, 12, 335.48, 353.08, 359.88, -0.9754, 0.0587, 0.2120, 0.0138
16:45:02, 0.40, 12, 335.46, 353.10, 359.90, -0.9754, 0.0586, 0.2122, 0.0137
16:45:02, 0.40, 12, 335.42, 353.13, 359.90, -0.9753, 0.0583, 0.2125, 0.0136
16:45:02, 0.43, 13, 335.40, 353.14, 359.92, -0.9753, 0.0583, 0.2127, 0.0134
16:45:02, 0.43, 13, 335.37, 353.20, 359.93, -0.9753, 0.0578, 0.2130, 0.0133
16:45:02, 0.47, 14, 335.33, 353.24, 359.95, -0.9752, 0.0575, 0.2133, 0.0130
16:45:02, 0.47, 14, 335.27, 353.28, 359.98, -0.9751, 0.0572, 0.2138, 0.0127
16:45:02, 0.50, 15, 335.16, 353.36, 0.01, -0.9750, 0.0566, 0.2147, 0.0124
16:45:02, 0.50, 15, 335.04, 353.43, 0.04, -0.9748, 0.0561, 0.2157, 0.0120
16:45:02, 0.50, 15, 334.90, 353.50, 0.06, -0.9745, 0.0555, 0.2169, 0.0118
16:45:02, 0.53, 16, 334.75, 353.61, 0.04, -0.9743, 0.0545, 0.2182, 0.0119
16:45:02, 0.53, 16, 334.54, 353.65, 0.12, -0.9739, 0.0543, 0.2200, 0.0112
16:45:02, 0.57, 17, 334.33, 353.75, 0.23, -0.9736, 0.0536, 0.2217, 0.0102
16:45:02, 0.57, 17, 334.01, 353.85, 0.32, -0.9730, 0.0529, 0.2244, 0.0093
16:45:02, 0.60, 18, 333.53, 353.98, 0.53, -0.9721, 0.0522, 0.2284, 0.0075
16:45:02, 0.60, 18, 332.87, 354.10, 0.70, -0.9709, 0.0515, 0.2339, 0.0061
16:45:02, 0.60, 18, 332.10, 354.34, 0.87, -0.9694, 0.0497, 0.2404, 0.0045
16:45:02, 0.63, 19, 331.27, 354.53, 1.01, -0.9677, 0.0484, 0.2474, 0.0033
16:45:02, 0.63, 19, 330.39, 354.79, 1.16, -0.9659, 0.0465, 0.2548, 0.0018
16:45:02, 0.67, 20, 329.53, 355.09, 1.35, -0.9640, 0.0445, 0.2620, -0.0001
16:45:02, 0.67, 20, 328.66, 355.30, 1.52, -0.9621, 0.0430, 0.2693, -0.0017
16:45:02, 0.67, 20, 327.73, 355.59, 1.70, -0.9599, 0.0411, 0.2771, -0.0036
16:45:02, 0.70, 21, 326.77, 355.84, 1.91, -0.9576, 0.0395, 0.2852, -0.0056
16:45:02, 0.70, 21, 325.83, 356.14, 2.15, -0.9553, 0.0377, 0.2930, -0.0080
16:45:02, 0.73, 22, 324.89, 356.36, 2.37, -0.9529, 0.0365, 0.3008, -0.0101
16:45:02, 0.73, 22, 323.99, 356.59, 2.54, -0.9506, 0.0352, 0.3082, -0.0119
16:45:02, 0.77, 23, 323.02, 356.82, 2.85, -0.9479, 0.0342, 0.3162, -0.0147
16:45:02, 0.77, 23, 322.16, 357.15, 3.05, -0.9456, 0.0321, 0.3234, -0.0171
16:45:02, 0.77, 23, 321.26, 357.40, 3.25, -0.9430, 0.0308, 0.3308, -0.0192
16:45:02, 0.80, 24, 320.43, 357.66, 3.45, -0.9406, 0.0294, 0.3377, -0.0214
16:45:02, 0.80, 24, 319.60, 357.91, 3.61, -0.9381, 0.0280, 0.3445, -0.0233
16:45:02, 0.83, 25, 318.81, 358.23, 3.77, -0.9357, 0.0260, 0.3510, -0.0254
16:45:02, 0.83, 25, 318.02, 358.47, 3.93, -0.9332, 0.0247, 0.3576, -0.0273
16:45:02, 0.83, 25, 317.22, 358.74, 4.11, -0.9306, 0.0233, 0.3641, -0.0294
16:45:02, 0.87, 26, 316.44, 359.04, 4.24, -0.9280, 0.0215, 0.3705, -0.0313
16:45:02, 0.87, 26, 315.66, 359.26, 4.40, -0.9255, 0.0205, 0.3769, -0.0331
16:45:02, 0.90, 27, 314.99, 359.50, 4.58, -0.9232, 0.0193, 0.3823, -0.0352
16:45:02, 0.90, 27, 314.28, 359.71, 4.68, -0.9207, 0.0182, 0.3881, -0.0366
16:45:02, 0.93, 28, 313.52, 359.91, 4.82, -0.9181, 0.0173, 0.3942, -0.0383
16:45:02, 0.93, 28, 312.85, 0.03, 4.93, -0.9157, 0.0170, 0.3996, -0.0395
16:45:02, 0.93, 28, 312.13, 0.23, 5.06, -0.9131, 0.0160, 0.4054, -0.0411
16:45:02, 0.97, 29, 311.43, 0.38, 5.14, -0.9105, 0.0154, 0.4110, -0.0422
16:45:02, 0.97, 29, 310.82, 0.44, 5.23, -0.9083, 0.0155, 0.4159, -0.0431
16:45:02, 1.00, 30, 310.24, 0.59, 5.25, -0.9061, 0.0146, 0.4205, -0.0437
16:45:02, 1.00, 30, 309.72, 0.61, 5.25, -0.9042, 0.0146, 0.4246, -0.0437
16:45:02, 1.00, 30, 309.23, 0.68, 5.28, -0.9024, 0.0144, 0.4284, -0.0441
16:45:02, 1.03, 31, 308.84, 0.64, 5.32, -0.9009, 0.0150, 0.4315, -0.0442
16:45:02, 1.03, 31, 308.46, 0.65, 5.35, -0.8994, 0.0152, 0.4346, -0.0445
16:45:02, 1.07, 32, 308.10, 0.61, 5.39, -0.8981, 0.0158, 0.4373, -0.0447
16:45:02, 1.07, 32, 307.88, 0.56, 5.44, -0.8972, 0.0165, 0.4390, -0.0448
16:45:02, 1.10, 33, 307.64, 0.50, 5.47, -0.8963, 0.0171, 0.4409, -0.0448
16:45:02, 1.10, 33, 307.47, 0.47, 5.50, -0.8956, 0.0176, 0.4422, -0.0448
16:45:02, 1.10, 33, 307.31, 0.42, 5.52, -0.8950, 0.0181, 0.4434, -0.0448
16:45:02, 1.13, 34, 307.22, 0.36, 5.56, -0.8947, 0.0187, 0.4441, -0.0448
16:45:02, 1.13, 34, 307.14, 0.29, 5.60, -0.8943, 0.0195, 0.4447, -0.0449
16:45:02, 1.17, 35, 307.11, 0.25, 5.64, -0.8942, 0.0199, 0.4449, -0.0451
16:45:02, 1.17, 35, 307.09, 0.20, 5.71, -0.8941, 0.0207, 0.4450, -0.0454
16:45:02, 1.17, 35, 307.16, 0.12, 5.75, -0.8944, 0.0214, 0.4445, -0.0454
16:45:02, 1.20, 36, 307.17, 0.05, 5.79, -0.8945, 0.0221, 0.4443, -0.0454
16:45:02, 1.20, 36, 307.19, 359.97, 5.82, -0.8945, 0.0228, 0.4441, -0.0453
16:45:02, 1.23, 37, 307.19, 359.91, 5.81, -0.8945, 0.0233, 0.4441, -0.0450
16:45:02, 1.23, 37, 307.21, 359.89, 5.78, -0.8946, 0.0233, 0.4440, -0.0448
16:45:02, 1.27, 38, 307.19, 359.88, 5.78, -0.8946, 0.0233, 0.4441, -0.0447
16:45:02, 1.27, 38, 307.16, 359.86, 5.76, -0.8945, 0.0234, 0.4443, -0.0444
16:45:02, 1.27, 38, 307.10, 359.84, 5.74, -0.8942, 0.0235, 0.4448, -0.0442
16:45:02, 1.30, 39, 307.02, 359.80, 5.71, -0.8939, 0.0238, 0.4454, -0.0438
16:45:02, 1.30, 39, 306.92, 359.74, 5.68, -0.8936, 0.0242, 0.4462, -0.0433
16:45:02, 1.33, 40, 306.78, 359.73, 5.63, -0.8931, 0.0241, 0.4472, -0.0429
16:45:02, 1.33, 40, 306.67, 359.74, 5.57, -0.8926, 0.0238, 0.4482, -0.0424
16:45:02, 1.33, 40, 306.57, 359.71, 5.50, -0.8923, 0.0238, 0.4489, -0.0418
16:45:02, 1.37, 41, 306.46, 359.67, 5.44, -0.8919, 0.0239, 0.4498, -0.0411
16:45:02, 1.37, 41, 306.31, 359.61, 5.39, -0.8913, 0.0243, 0.4509, -0.0404
16:45:02, 1.40, 42, 306.18, 359.54, 5.31, -0.8908, 0.0245, 0.4519, -0.0395
16:45:03, 1.40, 42, 306.08, 359.51, 5.21, -0.8905, 0.0245, 0.4527, -0.0386
16:45:03, 1.43, 43, 305.95, 359.45, 5.11, -0.8900, 0.0246, 0.4537, -0.0375
16:45:03, 1.43, 43, 305.88, 359.40, 5.09, -0.8897, 0.0248, 0.4543, -0.0372
16:45:03, 1.43, 43, 305.85, 359.35, 5.03, -0.8896, 0.0250, 0.4545, -0.0365
16:45:03, 1.47, 44, 305.82, 359.27, 4.96, -0.8896, 0.0254, 0.4547, -0.0356
16:45:03, 1.47, 44, 305.84, 359.16, 4.94, -0.8897, 0.0261, 0.4545, -0.0350
16:45:03, 1.50, 45, 305.87, 359.02, 4.91, -0.8898, 0.0271, 0.4542, -0.0343
16:45:03, 1.50, 45, 305.93, 358.87, 4.90, -0.8901, 0.0282, 0.4537, -0.0336
16:45:03, 1.50, 45, 306.00, 358.70, 4.87, -0.8903, 0.0294, 0.4531, -0.0327
16:45:03, 1.53, 46, 306.13, 358.53, 4.83, -0.8909, 0.0305, 0.4521, -0.0318
16:45:03, 1.53, 46, 306.29, 358.32, 4.81, -0.8916, 0.0320, 0.4507, -0.0309
16:45:03, 1.57, 47, 306.46, 358.09, 4.77, -0.8922, 0.0336, 0.4494, -0.0296
16:45:03, 1.57, 47, 306.63, 357.88, 4.73, -0.8929, 0.0351, 0.4480, -0.0286
16:45:03, 1.60, 48, 306.79, 357.67, 4.70, -0.8936, 0.0366, 0.4466, -0.0276
16:45:03, 1.60, 48, 306.99, 357.48, 4.69, -0.8943, 0.0379, 0.4450, -0.0268
16:45:03, 1.60, 48, 307.15, 357.27, 4.67, -0.8949, 0.0394, 0.4437, -0.0259
16:45:03, 1.63, 49, 307.34, 357.01, 4.64, -0.8957, 0.0413, 0.4421, -0.0247
16:45:03, 1.63, 49, 307.56, 356.75, 4.56, -0.8965, 0.0430, 0.4402, -0.0231
16:45:03, 1.67, 50, 307.78, 356.47, 4.51, -0.8973, 0.0450, 0.4385, -0.0217
16:45:03, 1.67, 50, 308.00, 356.18, 4.44, -0.8982, 0.0469, 0.4367, -0.0202
16:45:03, 1.67, 50, 308.19, 355.89, 4.39, -0.8989, 0.0489, 0.4350, -0.0188
16:45:03, 1.70, 51, 308.42, 355.64, 4.28, -0.8998, 0.0505, 0.4331, -0.0171
16:45:03, 1.70, 51, 308.60, 355.34, 4.22, -0.9004, 0.0526, 0.4316, -0.0155
16:45:03, 1.73, 52, 308.77, 355.13, 4.21, -0.9010, 0.0541, 0.4303, -0.0147
16:45:03, 1.73, 52, 308.96, 354.87, 4.17, -0.9016, 0.0561, 0.4286, -0.0135
16:45:03, 1.77, 53, 309.09, 354.67, 4.12, -0.9021, 0.0574, 0.4276, -0.0124
16:45:03, 1.77, 53, 309.20, 354.42, 4.10, -0.9024, 0.0593, 0.4266, -0.0114
16:45:03, 1.77, 53, 309.29, 354.19, 4.07, -0.9027, 0.0610, 0.4257, -0.0104
16:45:03, 1.80, 54, 309.36, 354.01, 4.06, -0.9029, 0.0623, 0.4251, -0.0096
16:45:03, 1.80, 54, 309.36, 353.80, 4.01, -0.9029, 0.0638, 0.4251, -0.0084
16:45:03, 1.83, 55, 309.31, 353.65, 3.98, -0.9026, 0.0649, 0.4254, -0.0076
16:45:03, 1.83, 55, 309.20, 353.50, 3.97, -0.9022, 0.0660, 0.4262, -0.0069
16:45:03, 1.83, 55, 309.08, 353.37, 3.93, -0.9017, 0.0669, 0.4271, -0.0061
16:45:03, 1.87, 56, 308.95, 353.28, 3.91, -0.9012, 0.0675, 0.4281, -0.0055
16:45:03, 1.87, 56, 308.81, 353.20, 3.90, -0.9006, 0.0681, 0.4291, -0.0050
16:45:03, 1.90, 57, 308.69, 353.13, 3.89, -0.9002, 0.0687, 0.4301, -0.0046
16:45:03, 1.90, 57, 308.56, 353.09, 3.91, -0.8997, 0.0691, 0.4311, -0.0045
16:45:03, 1.93, 58, 308.42, 353.05, 3.94, -0.8991, 0.0695, 0.4321, -0.0045
16:45:03, 1.93, 58, 308.29, 353.00, 3.96, -0.8986, 0.0699, 0.4331, -0.0044
16:45:03, 1.93, 58, 308.18, 352.96, 3.96, -0.8982, 0.0703, 0.4339, -0.0042
16:45:03, 1.97, 59, 308.08, 352.91, 3.98, -0.8978, 0.0707, 0.4347, -0.0041
16:45:03, 1.97, 59, 307.98, 352.91, 4.01, -0.8974, 0.0709, 0.4355, -0.0043
16:45:03, 2.00, 60, 307.84, 352.89, 4.03, -0.8969, 0.0711, 0.4365, -0.0042
16:45:03, 2.00, 60, 307.74, 352.87, 4.06, -0.8965, 0.0713, 0.4373, -0.0044
16:45:03, 2.00, 60, 307.62, 352.89, 4.11, -0.8960, 0.0714, 0.4382, -0.0047
16:45:03, 2.03, 61, 307.49, 352.88, 4.14, -0.8955, 0.0716, 0.4392, -0.0049
16:45:03, 2.03, 61, 307.34, 352.85, 4.17, -0.8949, 0.0719, 0.4404, -0.0049
16:45:03, 2.07, 62, 307.20, 352.85, 4.22, -0.8944, 0.0722, 0.4414, -0.0052
16:45:03, 2.07, 62, 307.10, 352.84, 4.27, -0.8940, 0.0724, 0.4422, -0.0055
16:45:03, 2.07, 62, 307.01, 352.84, 4.28, -0.8937, 0.0725, 0.4428, -0.0055
16:45:03, 2.10, 63, 306.97, 352.82, 4.30, -0.8935, 0.0727, 0.4432, -0.0056
16:45:03, 2.10, 63, 306.94, 352.78, 4.33, -0.8933, 0.0731, 0.4434, -0.0056
16:45:03, 2.13, 64, 306.91, 352.78, 4.35, -0.8932, 0.0732, 0.4436, -0.0058
16:45:03, 2.13, 64, 306.90, 352.76, 4.38, -0.8932, 0.0735, 0.4436, -0.0059
16:45:03, 2.17, 65, 306.90, 352.75, 4.40, -0.8932, 0.0736, 0.4436, -0.0060
16:45:03, 2.17, 65, 306.89, 352.72, 4.41, -0.8931, 0.0739, 0.4437, -0.0060
16:45:03, 2.17, 65, 306.88, 352.66, 4.44, -0.8931, 0.0745, 0.4437, -0.0060
16:45:03, 2.20, 66, 306.89, 352.63, 4.47, -0.8931, 0.0748, 0.4436, -0.0061
16:45:03, 2.20, 66, 306.93, 352.62, 4.51, -0.8933, 0.0750, 0.4432, -0.0064
16:45:03, 2.23, 67, 306.98, 352.62, 4.51, -0.8934, 0.0751, 0.4428, -0.0065
16:45:03, 2.23, 67, 307.02, 352.64, 4.54, -0.8936, 0.0750, 0.4425, -0.0067
16:45:03, 2.27, 68, 307.06, 352.60, 4.54, -0.8938, 0.0753, 0.4421, -0.0066
16:45:03, 2.27, 68, 307.17, 352.66, 4.53, -0.8942, 0.0748, 0.4414, -0.0069
16:45:03, 2.27, 68, 307.27, 352.67, 4.53, -0.8946, 0.0747, 0.4406, -0.0069
16:45:03, 2.30, 69, 307.37, 352.67, 4.52, -0.8949, 0.0747, 0.4398, -0.0069
16:45:03, 2.30, 69, 307.46, 352.65, 4.51, -0.8953, 0.0748, 0.4391, -0.0069
16:45:03, 2.33, 70, 307.54, 352.65, 4.50, -0.8956, 0.0748, 0.4384, -0.0068
16:45:03, 2.33, 70, 307.62, 352.62, 4.50, -0.8959, 0.0750, 0.4378, -0.0068
16:45:03, 2.33, 70, 307.69, 352.63, 4.52, -0.8962, 0.0750, 0.4373, -0.0070
16:45:03, 2.37, 71, 307.74, 352.64, 4.54, -0.8964, 0.0750, 0.4369, -0.0072
16:45:03, 2.37, 71, 307.80, 352.64, 4.53, -0.8966, 0.0750, 0.4364, -0.0072
16:45:03, 2.40, 72, 307.86, 352.65, 4.55, -0.8968, 0.0750, 0.4359, -0.0074
16:45:04, 2.40, 72, 307.90, 352.64, 4.56, -0.8970, 0.0751, 0.4356, -0.0075
16:45:04, 2.43, 73, 307.93, 352.62, 4.55, -0.8971, 0.0752, 0.4354, -0.0073
16:45:04, 2.43, 73, 307.94, 352.61, 4.57, -0.8971, 0.0753, 0.4353, -0.0075
16:45:04, 2.43, 73, 307.95, 352.62, 4.55, -0.8971, 0.0752, 0.4352, -0.0074
16:45:04, 2.47, 74, 307.98, 352.62, 4.56, -0.8973, 0.0752, 0.4350, -0.0074
16:45:04, 2.47, 74, 307.98, 352.61, 4.54, -0.8973, 0.0752, 0.4349, -0.0072
16:45:04, 2.50, 75, 308.01, 352.62, 4.52, -0.8974, 0.0750, 0.4348, -0.0072
16:45:04, 2.50, 75, 308.06, 352.64, 4.53, -0.8976, 0.0749, 0.4344, -0.0074
16:45:04, 2.50, 75, 308.09, 352.67, 4.51, -0.8977, 0.0746, 0.4341, -0.0073
16:45:04, 2.53, 76, 308.15, 352.70, 4.51, -0.8980, 0.0744, 0.4337, -0.0075
16:45:04, 2.53, 76, 308.16, 352.72, 4.52, -0.8980, 0.0742, 0.4336, -0.0077
16:45:04, 2.57, 77, 308.19, 352.74, 4.52, -0.8981, 0.0741, 0.4334, -0.0078
16:45:04, 2.57, 77, 308.19, 352.77, 4.55, -0.8981, 0.0739, 0.4335, -0.0081
16:45:04, 2.60, 78, 308.18, 352.79, 4.54, -0.8981, 0.0738, 0.4335, -0.0081
16:45:04, 2.60, 78, 308.17, 352.81, 4.52, -0.8981, 0.0736, 0.4336, -0.0080
16:45:04, 2.60, 78, 308.17, 352.81, 4.52, -0.8981, 0.0736, 0.4336, -0.0080
16:45:04, 2.63, 79, 308.18, 352.83, 4.50, -0.8981, 0.0734, 0.4336, -0.0079
16:45:04, 2.63, 79, 308.20, 352.83, 4.49, -0.8982, 0.0733, 0.4334, -0.0079
16:45:04, 2.67, 80, 308.22, 352.85, 4.47, -0.8982, 0.0731, 0.4333, -0.0078
16:45:04, 2.67, 80, 308.23, 352.85, 4.47, -0.8983, 0.0730, 0.4332, -0.0078
16:45:04, 2.67, 80, 308.23, 352.84, 4.46, -0.8983, 0.0731, 0.4332, -0.0077
16:45:04, 2.70, 81, 308.23, 352.85, 4.46, -0.8983, 0.0730, 0.4332, -0.0077
16:45:04, 2.70, 81, 308.22, 352.85, 4.46, -0.8983, 0.0730, 0.4333, -0.0078
16:45:04, 2.73, 82, 308.22, 352.85, 4.45, -0.8983, 0.0730, 0.4333, -0.0077
16:45:04, 2.73, 82, 308.23, 352.85, 4.45, -0.8983, 0.0730, 0.4332, -0.0076
16:45:04, 2.77, 83, 308.23, 352.83, 4.45, -0.8983, 0.0731, 0.4332, -0.0076
16:45:04, 2.77, 83, 308.24, 352.81, 4.44, -0.8983, 0.0732, 0.4331, -0.0074
16:45:04, 2.77, 83, 308.25, 352.79, 4.44, -0.8984, 0.0734, 0.4330, -0.0074
16:45:04, 2.80, 84, 308.24, 352.75, 4.44, -0.8983, 0.0737, 0.4331, -0.0072
16:45:04, 2.80, 84, 308.22, 352.72, 4.47, -0.8982, 0.0740, 0.4332, -0.0073
16:45:04, 2.83, 85, 308.17, 352.73, 4.49, -0.8980, 0.0741, 0.4336, -0.0075
16:45:04, 2.83, 85, 308.13, 352.74, 4.50, -0.8979, 0.0740, 0.4339, -0.0076
16:45:04, 2.83, 85, 308.10, 352.71, 4.50, -0.8978, 0.0743, 0.4341, -0.0075
16:45:04, 2.87, 86, 308.06, 352.73, 4.49, -0.8976, 0.0741, 0.4345, -0.0074
16:45:04, 2.87, 86, 308.03, 352.73, 4.51, -0.8975, 0.0742, 0.4346, -0.0075
16:45:04, 2.90, 87, 308.02, 352.76, 4.49, -0.8975, 0.0738, 0.4348, -0.0075
16:45:04, 2.90, 87, 308.02, 352.75, 4.49, -0.8975, 0.0739, 0.4348, -0.0074
16:45:04, 2.93, 88, 308.03, 352.75, 4.50, -0.8975, 0.0739, 0.4347, -0.0076
16:45:04, 2.93, 88, 308.02, 352.75, 4.52, -0.8975, 0.0740, 0.4347, -0.0077
16:45:04, 2.93, 88, 308.01, 352.78, 4.54, -0.8974, 0.0739, 0.4349, -0.0080
16:45:04, 2.97, 89, 307.97, 352.80, 4.60, -0.8973, 0.0739, 0.4351, -0.0085
16:45:04, 2.97, 89, 307.96, 352.82, 4.59, -0.8972, 0.0738, 0.4352, -0.0085
16:45:04, 3.00, 90, 307.92, 352.83, 4.59, -0.8971, 0.0737, 0.4356, -0.0085
16:45:04, 3.00, 90, 307.86, 352.83, 4.60, -0.8969, 0.0737, 0.4360, -0.0085
16:45:04, 3.00, 90, 307.82, 352.85, 4.63, -0.8967, 0.0737, 0.4363, -0.0088
16:45:04, 3.03, 91, 307.79, 352.88, 4.64, -0.8966, 0.0735, 0.4366, -0.0090
16:45:04, 3.03, 91, 307.75, 352.91, 4.68, -0.8965, 0.0734, 0.4369, -0.0094
16:45:04, 3.07, 92, 307.72, 352.92, 4.66, -0.8964, 0.0733, 0.4371, -0.0092
16:45:04, 3.07, 92, 307.70, 352.89, 4.64, -0.8963, 0.0734, 0.4372, -0.0090
16:45:04, 3.10, 93, 307.71, 352.88, 4.62, -0.8963, 0.0735, 0.4372, -0.0088
16:45:04, 3.10, 93, 307.72, 352.89, 4.61, -0.8964, 0.0733, 0.4371, -0.0088
16:45:04, 3.10, 93, 307.73, 352.90, 4.58, -0.8964, 0.0731, 0.4371, -0.0086
16:45:04, 3.13, 94, 307.76, 352.92, 4.53, -0.8965, 0.0728, 0.4369, -0.0083
16:45:04, 3.13, 94, 307.80, 352.95, 4.52, -0.8967, 0.0725, 0.4366, -0.0083
16:45:04, 3.17, 95, 307.83, 352.93, 4.49, -0.8968, 0.0725, 0.4364, -0.0080
16:45:04, 3.17, 95, 307.86, 352.94, 4.49, -0.8969, 0.0725, 0.4361, -0.0081
16:45:04, 3.17, 95, 307.84, 352.92, 4.48, -0.8968, 0.0725, 0.4363, -0.0079
16:45:04, 3.20, 96, 307.83, 352.96, 4.46, -0.8968, 0.0722, 0.4364, -0.0079
16:45:04, 3.20, 96, 307.83, 353.01, 4.48, -0.8968, 0.0719, 0.4364, -0.0082
16:45:04, 3.23, 97, 307.86, 353.03, 4.47, -0.8969, 0.0717, 0.4362, -0.0083
16:45:04, 3.23, 97, 307.87, 353.04, 4.48, -0.8970, 0.0716, 0.4361, -0.0084
16:45:04, 3.27, 98, 307.91, 353.09, 4.44, -0.8972, 0.0711, 0.4358, -0.0083
16:45:04, 3.27, 98, 307.95, 353.10, 4.45, -0.8973, 0.0711, 0.4356, -0.0084
16:45:04, 3.27, 98, 307.99, 353.12, 4.44, -0.8975, 0.0708, 0.4352, -0.0085
16:45:04, 3.30, 99, 308.04, 353.13, 4.44, -0.8977, 0.0708, 0.4349, -0.0086
16:45:04, 3.30, 99, 308.06, 353.11, 4.44, -0.8977, 0.0709, 0.4347, -0.0085
16:45:04, 3.33, 100, 308.07, 353.11, 4.47, -0.8978, 0.0710, 0.4346, -0.0088
16:45:04, 3.33, 100, 308.09, 353.14, 4.48, -0.8979, 0.0709, 0.4345, -0.0089
16:45:04, 3.33, 100, 308.12, 353.11, 4.49, -0.8980, 0.0711, 0.4342, -0.0089
16:45:04, 3.37, 101, 308.12, 353.10, 4.49, -0.8980, 0.0712, 0.4342, -0.0089
16:45:04, 3.37, 101, 308.12, 353.07, 4.50, -0.8979, 0.0714, 0.4342, -0.0088
16:45:04, 3.40, 102, 308.12, 353.07, 4.50, -0.8979, 0.0715, 0.4342, -0.0088
16:45:05, 3.40, 102, 308.10, 353.07, 4.50, -0.8979, 0.0714, 0.4343, -0.0088
16:45:05, 3.43, 103, 308.11, 353.06, 4.49, -0.8979, 0.0715, 0.4342, -0.0087
16:45:05, 3.43, 103, 308.12, 353.06, 4.47, -0.8980, 0.0714, 0.4342, -0.0085
16:45:05, 3.43, 103, 308.13, 353.07, 4.45, -0.8980, 0.0712, 0.4341, -0.0085
16:45:05, 3.47, 104, 308.15, 353.08, 4.44, -0.8981, 0.0712, 0.4340, -0.0084
16:45:05, 3.47, 104, 308.17, 353.07, 4.44, -0.8981, 0.0712, 0.4338, -0.0084
16:45:05, 3.50, 105, 308.17, 353.06, 4.46, -0.8982, 0.0714, 0.4338, -0.0085
16:45:05, 3.50, 105, 308.19, 353.06, 4.46, -0.8982, 0.0714, 0.4336, -0.0085
16:45:05, 3.50, 105, 308.20, 353.06, 4.47, -0.8983, 0.0714, 0.4335, -0.0086
16:45:05, 3.53, 106, 308.21, 353.06, 4.48, -0.8983, 0.0714, 0.4335, -0.0087
16:45:05, 3.53, 106, 308.22, 353.06, 4.49, -0.8983, 0.0714, 0.4334, -0.0088
16:45:05, 3.57, 107, 308.23, 353.07, 4.49, -0.8984, 0.0714, 0.4333, -0.0088
16:45:05, 3.57, 107, 308.25, 353.07, 4.50, -0.8985, 0.0714, 0.4331, -0.0089
16:45:05, 3.60, 108, 308.27, 353.08, 4.50, -0.8985, 0.0714, 0.4330, -0.0090
16:45:05, 3.60, 108, 308.27, 353.09, 4.52, -0.8985, 0.0713, 0.4330, -0.0091
16:45:05, 3.60, 108, 308.29, 353.09, 4.55, -0.8986, 0.0715, 0.4328, -0.0094
16:45:05, 3.63, 109, 308.28, 353.08, 4.56, -0.8986, 0.0716, 0.4328, -0.0095
16:45:05, 3.63, 109, 308.29, 353.09, 4.60, -0.8986, 0.0717, 0.4328, -0.0098
16:45:05, 3.67, 110, 308.31, 353.09, 4.61, -0.8987, 0.0717, 0.4326, -0.0099
16:45:05, 3.67, 110, 308.31, 353.09, 4.62, -0.8987, 0.0717, 0.4326, -0.0100
16:45:05, 3.67, 110, 308.32, 353.12, 4.64, -0.8987, 0.0715, 0.4326, -0.0102
16:45:05, 3.70, 111, 308.34, 353.11, 4.64, -0.8988, 0.0716, 0.4324, -0.0102
16:45:05, 3.70, 111, 308.36, 353.13, 4.64, -0.8989, 0.0715, 0.4323, -0.0103
16:45:05, 3.73, 112, 308.36, 353.13, 4.65, -0.8989, 0.0715, 0.4323, -0.0103
16:45:05, 3.73, 112, 308.36, 353.15, 4.65, -0.8989, 0.0714, 0.4322, -0.0104
16:45:05, 3.77, 113, 308.37, 353.18, 4.66, -0.8989, 0.0712, 0.4321, -0.0106
16:45:05, 3.77, 113, 308.36, 353.20, 4.66, -0.8989, 0.0710, 0.4323, -0.0107
16:45:05, 3.77, 113, 308.37, 353.22, 4.68, -0.8989, 0.0709, 0.4322, -0.0109
16:45:05, 3.80, 114, 308.39, 353.23, 4.69, -0.8990, 0.0709, 0.4320, -0.0111
16:45:05, 3.80, 114, 308.41, 353.24, 4.70, -0.8991, 0.0709, 0.4318, -0.0112
16:45:05, 3.83, 115, 308.43, 353.26, 4.69, -0.8992, 0.0706, 0.4318, -0.0112
16:45:05, 3.83, 115, 308.48, 353.26, 4.69, -0.8994, 0.0706, 0.4313, -0.0113
16:45:05, 3.83, 115, 308.52, 353.27, 4.69, -0.8995, 0.0706, 0.4311, -0.0113
16:45:05, 3.87, 116, 308.55, 353.28, 4.71, -0.8996, 0.0705, 0.4308, -0.0115
16:45:05, 3.87, 116, 308.55, 353.28, 4.71, -0.8996, 0.0706, 0.4308, -0.0116
16:45:05, 3.90, 117, 308.58, 353.31, 4.74, -0.8997, 0.0704, 0.4306, -0.0119
16:45:05, 3.90, 117, 308.60, 353.32, 4.74, -0.8998, 0.0704, 0.4303, -0.0120
16:45:05, 3.93, 118, 308.61, 353.32, 4.74, -0.8998, 0.0704, 0.4303, -0.0119
16:45:05, 3.93, 118, 308.60, 353.31, 4.74, -0.8998, 0.0705, 0.4303, -0.0119
16:45:05, 3.93, 118, 308.58, 353.29, 4.74, -0.8997, 0.0706, 0.4305, -0.0119
16:45:05, 3.97, 119, 308.56, 353.31, 4.75, -0.8997, 0.0705, 0.4307, -0.0119
16:45:05, 3.97, 119, 308.56, 353.32, 4.76, -0.8997, 0.0704, 0.4307, -0.0121
16:45:05, 4.00, 120, 308.54, 353.31, 4.76, -0.8996, 0.0705, 0.4308, -0.0120
16:45:05, 4.00, 120, 308.53, 353.28, 4.75, -0.8996, 0.0707, 0.4309, -0.0118
16:45:05, 4.00, 120, 308.52, 353.25, 4.74, -0.8995, 0.0709, 0.4310, -0.0117
16:45:05, 4.03, 121, 308.52, 353.23, 4.75, -0.8995, 0.0711, 0.4309, -0.0116
16:45:05, 4.03, 121, 308.53, 353.21, 4.75, -0.8995, 0.0712, 0.4308, -0.0116
16:45:05, 4.07, 122, 308.55, 353.21, 4.75, -0.8996, 0.0713, 0.4307, -0.0116
16:45:05, 4.07, 122, 308.62, 353.21, 4.75, -0.8999, 0.0713, 0.4302, -0.0116
16:45:05, 4.10, 123, 308.64, 353.17, 4.73, -0.8999, 0.0715, 0.4300, -0.0113
16:45:05, 4.10, 123, 308.67, 353.18, 4.74, -0.9000, 0.0715, 0.4298, -0.0115
16:45:05, 4.10, 123, 308.67, 353.19, 4.75, -0.9000, 0.0714, 0.4298, -0.0116
16:45:05, 4.13, 124, 308.67, 353.19, 4.75, -0.9001, 0.0714, 0.4297, -0.0116
16:45:05, 4.13, 124, 308.67, 353.20, 4.76, -0.9000, 0.0714, 0.4297, -0.0117
16:45:05, 4.17, 125, 308.67, 353.21, 4.78, -0.9001, 0.0714, 0.4297, -0.0119
16:45:05, 4.17, 125, 308.67, 353.22, 4.80, -0.9000, 0.0713, 0.4297, -0.0121
16:45:05, 4.17, 125, 308.67, 353.25, 4.80, -0.9000, 0.0711, 0.4298, -0.0122
16:45:05, 4.20, 126, 308.66, 353.25, 4.80, -0.9000, 0.0711, 0.4299, -0.0122
16:45:05, 4.20, 126, 308.65, 353.26, 4.81, -0.9000, 0.0711, 0.4299, -0.0123
16:45:05, 4.23, 127, 308.64, 353.27, 4.79, -0.8999, 0.0709, 0.4300, -0.0122
16:45:05, 4.23, 127, 308.62, 353.25, 4.80, -0.8999, 0.0711, 0.4301, -0.0122
16:45:05, 4.27, 128, 308.61, 353.24, 4.82, -0.8998, 0.0713, 0.4302, -0.0123
16:45:05, 4.27, 128, 308.59, 353.26, 4.84, -0.8998, 0.0712, 0.4304, -0.0125
16:45:05, 4.27, 128, 308.57, 353.30, 4.85, -0.8997, 0.0709, 0.4305, -0.0127
16:45:05, 4.30, 129, 308.54, 353.32, 4.87, -0.8996, 0.0709, 0.4307, -0.0129
16:45:05, 4.30, 129, 308.52, 353.32, 4.89, -0.8995, 0.0710, 0.4309, -0.0130
16:45:05, 4.33, 130, 308.50, 353.30, 4.91, -0.8994, 0.0711, 0.4310, -0.0131
16:45:05, 4.33, 130, 308.49, 353.33, 4.91, -0.8994, 0.0709, 0.4311, -0.0133
16:45:05, 4.33, 130, 308.49, 353.37, 4.90, -0.8994, 0.0706, 0.4312, -0.0133
16:45:05, 4.37, 131, 308.47, 353.41, 4.93, -0.8993, 0.0704, 0.4313, -0.0137
16:45:05, 4.37, 131, 308.49, 353.44, 4.93, -0.8994, 0.0701, 0.4312, -0.0138
16:45:05, 4.40, 132, 308.47, 353.49, 4.94, -0.8994, 0.0698, 0.4313, -0.0141
16:45:06, 4.40, 132, 308.49, 353.52, 4.94, -0.8995, 0.0695, 0.4312, -0.0142
16:45:06, 4.43, 133, 308.47, 353.55, 4.93, -0.8994, 0.0693, 0.4314, -0.0142
16:45:06, 4.43, 133, 308.46, 353.58, 4.91, -0.8994, 0.0690, 0.4315, -0.0142
16:45:06, 4.43, 133, 308.44, 353.59, 4.93, -0.8993, 0.0690, 0.4316, -0.0144
16:45:06, 4.47, 134, 308.43, 353.62, 4.91, -0.8992, 0.0686, 0.4318, -0.0143
16:45:06, 4.47, 134, 308.42, 353.69, 4.89, -0.8992, 0.0681, 0.4319, -0.0144
16:45:06, 4.50, 135, 308.42, 353.73, 4.89, -0.8992, 0.0678, 0.4319, -0.0145
16:45:06, 4.50, 135, 308.40, 353.77, 4.88, -0.8992, 0.0674, 0.4321, -0.0147
16:45:06, 4.50, 135, 308.39, 353.84, 4.86, -0.8992, 0.0668, 0.4322, -0.0148
16:45:06, 4.53, 136, 308.39, 353.88, 4.87, -0.8992, 0.0665, 0.4322, -0.0150
16:45:06, 4.53, 136, 308.40, 353.93, 4.87, -0.8992, 0.0661, 0.4322, -0.0151
16:45:06, 4.57, 137, 308.41, 354.00, 4.82, -0.8993, 0.0654, 0.4322, -0.0151
16:45:06, 4.57, 137, 308.40, 354.07, 4.78, -0.8993, 0.0647, 0.4323, -0.0150
16:45:06, 4.60, 138, 308.40, 354.19, 4.78, -0.8993, 0.0637, 0.4324, -0.0155
16:45:06, 4.60, 138, 308.41, 354.31, 4.74, -0.8994, 0.0627, 0.4324, -0.0156
16:45:06, 4.60, 138, 308.42, 354.49, 4.70, -0.8994, 0.0611, 0.4325, -0.0159
16:45:06, 4.63, 139, 308.39, 354.67, 4.65, -0.8994, 0.0595, 0.4328, -0.0163
16:45:06, 4.63, 139, 308.42, 354.93, 4.61, -0.8996, 0.0573, 0.4327, -0.0170
16:45:06, 4.67, 140, 308.47, 355.28, 4.49, -0.8998, 0.0541, 0.4325, -0.0174
16:45:06, 4.67, 140, 308.49, 355.69, 4.33, -0.9000, 0.0503, 0.4326, -0.0177
16:45:06, 4.67, 140, 308.53, 356.18, 4.13, -0.9003, 0.0456, 0.4326, -0.0179
16:45:06, 4.70, 141, 308.58, 356.74, 3.89, -0.9006, 0.0403, 0.4325, -0.0183
16:45:06, 4.70, 141, 308.62, 357.34, 3.69, -0.9008, 0.0348, 0.4325, -0.0189
16:45:06, 4.73, 142, 308.73, 357.99, 3.41, -0.9013, 0.0287, 0.4319, -0.0193
16:45:06, 4.73, 142, 308.83, 358.73, 3.23, -0.9017, 0.0222, 0.4314, -0.0206
16:45:06, 4.77, 143, 308.93, 359.43, 2.93, -0.9021, 0.0155, 0.4308, -0.0210
16:45:06, 4.77, 143, 309.05, 0.24, 2.72, -0.9025, 0.0083, 0.4300, -0.0223
16:45:06, 4.77, 143, 309.17, 1.05, 2.45, -0.9029, 0.0009, 0.4292, -0.0232
16:45:06, 4.80, 144, 309.37, 1.94, 2.17, -0.9036, -0.0072, 0.4277, -0.0243
16:45:06, 4.80, 144, 309.60, 2.90, 1.85, -0.9043, -0.0160, 0.4259, -0.0254
16:45:06, 4.83, 145, 309.79, 3.81, 1.54, -0.9047, -0.0244, 0.4244, -0.0263
16:45:06, 4.83, 145, 309.97, 4.77, 1.16, -0.9052, -0.0334, 0.4229, -0.0268
16:45:06, 4.83, 145, 310.17, 5.70, 0.87, -0.9056, -0.0419, 0.4211, -0.0278
16:45:06, 4.87, 146, 310.34, 6.66, 0.56, -0.9059, -0.0507, 0.4195, -0.0288
16:45:06, 4.87, 146, 310.54, 7.59, 0.25, -0.9062, -0.0592, 0.4176, -0.0297
16:45:06, 4.90, 147, 310.67, 8.62, 359.92, -0.9062, -0.0686, 0.4161, -0.0307
16:45:06, 4.90, 147, 310.94, 9.59, 359.49, -0.9067, -0.0779, 0.4134, -0.0307
16:45:06, 4.93, 148, 311.22, 10.69, 359.09, -0.9071, -0.0881, 0.4105, -0.0313
16:45:06, 4.93, 148, 311.53, 11.58, 358.76, -0.9076, -0.0964, 0.4074, -0.0316
16:45:06, 4.93, 148, 311.75, 12.52, 358.49, -0.9077, -0.1048, 0.4049, -0.0326
16:45:06, 4.97, 149, 311.92, 13.38, 358.25, -0.9077, -0.1125, 0.4029, -0.0336
16:45:06, 4.97, 149, 312.10, 14.16, 358.00, -0.9077, -0.1196, 0.4009, -0.0342
16:45:06, 5.00, 150, 312.14, 14.80, 357.72, -0.9073, -0.1257, 0.3998, -0.0342
16:45:06, 5.00, 150, 312.17, 15.45, 357.44, -0.9068, -0.1318, 0.3989, -0.0343
16:45:06, 5.00, 150, 312.16, 15.98, 357.13, -0.9064, -0.1371, 0.3982, -0.0337
16:45:06, 5.03, 151, 312.08, 16.46, 356.91, -0.9057, -0.1416, 0.3982, -0.0337
16:45:06, 5.03, 151, 311.96, 16.85, 356.56, -0.9049, -0.1458, 0.3985, -0.0325
16:45:06, 5.07, 152, 311.74, 17.23, 356.30, -0.9038, -0.1497, 0.3995, -0.0321
16:45:06, 5.07, 152, 311.50, 17.56, 356.03, -0.9027, -0.1532, 0.4008, -0.0315
16:45:06, 5.10, 153, 311.23, 17.81, 355.72, -0.9016, -0.1562, 0.4024, -0.0303
16:45:06, 5.10, 153, 310.88, 18.08, 355.33, -0.9001, -0.1595, 0.4043, -0.0287
16:45:06, 5.10, 153, 310.51, 18.31, 354.95, -0.8987, -0.1626, 0.4065, -0.0270
16:45:06, 5.13, 154, 310.22, 18.52, 354.67, -0.8975, -0.1652, 0.4082, -0.0260
16:45:06, 5.13, 154, 309.85, 18.73, 354.33, -0.8960, -0.1679, 0.4103, -0.0246
16:45:06, 5.17, 155, 309.53, 18.98, 354.05, -0.8946, -0.1707, 0.4122, -0.0239
16:45:06, 5.17, 155, 309.21, 19.12, 353.78, -0.8934, -0.1727, 0.4141, -0.0228
16:45:06, 5.17, 155, 308.97, 19.22, 353.64, -0.8924, -0.1740, 0.4157, -0.0224
16:45:06, 5.20, 156, 308.69, 19.40, 353.44, -0.8913, -0.1761, 0.4173, -0.0220
16:45:06, 5.20, 156, 308.45, 19.54, 353.24, -0.8903, -0.1778, 0.4188, -0.0214
16:45:06, 5.23, 157, 308.30, 19.67, 353.02, -0.8896, -0.1796, 0.4195, -0.0203
16:45:06, 5.23, 157, 308.18, 19.80, 352.85, -0.8891, -0.1812, 0.4199, -0.0197
16:45:06, 5.27, 158, 308.06, 19.93, 352.73, -0.8885, -0.1826, 0.4205, -0.0195
16:45:06, 5.27, 158, 307.98, 20.06, 352.65, -0.8881, -0.1839, 0.4209, -0.0195
16:45:06, 5.27, 158, 307.89, 20.15, 352.56, -0.8876, -0.1848, 0.4214, -0.0193
16:45:06, 5.30, 159, 307.82, 20.21, 352.52, -0.8873, -0.1854, 0.4217, -0.0193
16:45:06, 5.30, 159, 307.78, 20.30, 352.46, -0.8871, -0.1864, 0.4219, -0.0193
16:45:06, 5.33, 160, 307.75, 20.36, 352.40, -0.8869, -0.1871, 0.4220, -0.0191
16:45:06, 5.33, 160, 307.73, 20.41, 352.35, -0.8868, -0.1876, 0.4219, -0.0189
16:45:06, 5.33, 160, 307.71, 20.43, 352.34, -0.8867, -0.1878, 0.4221, -0.0189
16:45:06, 5.37, 161, 307.71, 20.42, 352.36, -0.8867, -0.1877, 0.4221, -0.0191
16:45:06, 5.37, 161, 307.70, 20.40, 352.35, -0.8867, -0.1875, 0.4222, -0.0190
16:45:06, 5.40, 162, 307.68, 20.40, 352.37, -0.8866, -0.1875, 0.4224, -0.0191
16:45:07, 5.40, 162, 307.68, 20.37, 352.37, -0.8866, -0.1872, 0.4224, -0.0190
16:45:07, 5.43, 163, 307.67, 20.30, 352.36, -0.8867, -0.1867, 0.4226, -0.0186
16:45:07, 5.43, 163, 307.68, 20.22, 352.36, -0.8868, -0.1861, 0.4226, -0.0183
16:45:07, 5.43, 163, 307.68, 20.17, 352.34, -0.8869, -0.1858, 0.4226, -0.0180
16:45:07, 5.47, 164, 307.69, 20.11, 352.37, -0.8870, -0.1852, 0.4226, -0.0180
16:45:07, 5.47, 164, 307.74, 20.05, 352.39, -0.8872, -0.1847, 0.4224, -0.0179
16:45:07, 5.50, 165, 307.78, 19.99, 352.42, -0.8874, -0.1842, 0.4222, -0.0177
16:45:07, 5.50, 165, 307.83, 19.95, 352.45, -0.8877, -0.1837, 0.4219, -0.0178
16:45:07, 5.50, 165, 307.88, 19.94, 352.49, -0.8879, -0.1835, 0.4216, -0.0179
16:45:07, 5.53, 166, 307.95, 19.91, 352.53, -0.8881, -0.1832, 0.4211, -0.0181
16:45:07, 5.53, 166, 308.01, 19.86, 352.58, -0.8884, -0.1826, 0.4208, -0.0181
16:45:07, 5.57, 167, 308.09, 19.83, 352.63, -0.8887, -0.1822, 0.4203, -0.0183
16:45:07, 5.57, 167, 308.14, 19.79, 352.67, -0.8890, -0.1817, 0.4200, -0.0183
16:45:07, 5.60, 168, 308.18, 19.75, 352.71, -0.8891, -0.1813, 0.4198, -0.0184
16:45:07, 5.60, 168, 308.23, 19.70, 352.73, -0.8894, -0.1808, 0.4195, -0.0183
16:45:07, 5.60, 168, 308.23, 19.71, 352.75, -0.8894, -0.1809, 0.4195, -0.0185
16:45:07, 5.63, 169, 308.25, 19.69, 352.75, -0.8894, -0.1807, 0.4194, -0.0185
16:45:07, 5.63, 169, 308.28, 19.68, 352.76, -0.8896, -0.1806, 0.4192, -0.0184
16:45:07, 5.67, 170, 308.30, 19.67, 352.77, -0.8896, -0.1805, 0.4190, -0.0185
16:45:07, 5.67, 170, 308.33, 19.70, 352.76, -0.8897, -0.1808, 0.4188, -0.0185
16:45:07, 5.67, 170, 308.37, 19.77, 352.80, -0.8898, -0.1811, 0.4185, -0.0190
16:45:07, 5.70, 171, 308.44, 19.78, 352.86, -0.8900, -0.1810, 0.4180, -0.0193
16:45:07, 5.70, 171, 308.47, 19.78, 352.90, -0.8901, -0.1810, 0.4178, -0.0196
16:45:07, 5.73, 172, 308.45, 19.76, 352.90, -0.8901, -0.1807, 0.4180, -0.0195
16:45:07, 5.73, 172, 308.44, 19.76, 352.88, -0.8901, -0.1808, 0.4180, -0.0194
16:45:07, 5.77, 173, 308.43, 19.77, 352.89, -0.8900, -0.1809, 0.4181, -0.0195
16:45:07, 5.77, 173, 308.42, 19.80, 352.87, -0.8899, -0.1811, 0.4181, -0.0195
16:45:07, 5.77, 173, 308.40, 19.82, 352.85, -0.8898, -0.1814, 0.4182, -0.0195
16:45:07, 5.80, 174, 308.39, 19.83, 352.83, -0.8898, -0.1815, 0.4183, -0.0194
16:45:07, 5.80, 174, 308.37, 19.84, 352.82, -0.8897, -0.1816, 0.4184, -0.0193
16:45:07, 5.83, 175, 308.37, 19.83, 352.81, -0.8897, -0.1816, 0.4184, -0.0193
16:45:07, 5.83, 175, 308.37, 19.84, 352.80, -0.8897, -0.1817, 0.4184, -0.0192
16:45:07, 5.83, 175, 308.36, 19.86, 352.79, -0.8896, -0.1819, 0.4184, -0.0192
16:45:07, 5.87, 176, 308.37, 19.87, 352.78, -0.8897, -0.1820, 0.4183, -0.0192
16:45:07, 5.90, 177, 308.38, 19.90, 352.81, -0.8897, -0.1822, 0.4183, -0.0195
16:45:07, 5.93, 178, 308.37, 19.92, 352.81, -0.8896, -0.1822, 0.4183, -0.0196
16:45:07, 5.93, 178, 308.38, 19.90, 352.80, -0.8897, -0.1822, 0.4182, -0.0194
16:45:07, 5.93, 178, 308.40, 19.89, 352.76, -0.8898, -0.1823, 0.4180, -0.0190
16:45:07, 5.97, 179, 308.41, 19.86, 352.73, -0.8898, -0.1822, 0.4179, -0.0187
16:45:07, 5.97, 179, 308.39, 19.87, 352.70, -0.8898, -0.1823, 0.4181, -0.0185
16:45:07, 6.00, 180, 308.38, 19.85, 352.67, -0.8897, -0.1823, 0.4181, -0.0182
16:45:07, 6.00, 180, 308.35, 19.89, 352.64, -0.8896, -0.1826, 0.4182, -0.0182
16:45:07, 6.00, 180, 308.35, 19.89, 352.62, -0.8896, -0.1827, 0.4182, -0.0180
16:45:07, 6.03, 181, 308.31, 19.88, 352.58, -0.8895, -0.1828, 0.4184, -0.0177
16:45:07, 6.03, 181, 308.31, 19.88, 352.58, -0.8895, -0.1828, 0.4184, -0.0178
16:45:07, 6.07, 182, 308.30, 19.87, 352.57, -0.8895, -0.1828, 0.4185, -0.0176
16:45:07, 6.07, 182, 308.29, 19.87, 352.57, -0.8894, -0.1827, 0.4186, -0.0176
16:45:07, 6.10, 183, 308.23, 19.85, 352.56, -0.8892, -0.1826, 0.4191, -0.0176
16:45:07, 6.10, 183, 308.21, 19.85, 352.55, -0.8891, -0.1827, 0.4192, -0.0175
16:45:07, 6.10, 183, 308.17, 19.86, 352.53, -0.8890, -0.1828, 0.4195, -0.0175
16:45:07, 6.13, 184, 308.15, 19.87, 352.51, -0.8889, -0.1830, 0.4196, -0.0174
16:45:07, 6.13, 184, 308.16, 19.92, 352.51, -0.8889, -0.1833, 0.4195, -0.0175
16:45:07, 6.17, 185, 308.16, 19.92, 352.52, -0.8889, -0.1833, 0.4195, -0.0176
16:45:07, 6.17, 185, 308.19, 19.94, 352.53, -0.8890, -0.1834, 0.4193, -0.0178
16:45:07, 6.20, 186, 308.20, 19.91, 352.52, -0.8890, -0.1832, 0.4192, -0.0176
16:45:07, 6.20, 186, 308.21, 19.91, 352.55, -0.8891, -0.1831, 0.4192, -0.0177
16:45:07, 6.20, 186, 308.21, 19.89, 352.59, -0.8891, -0.1829, 0.4192, -0.0180
16:45:07, 6.23, 187, 308.23, 19.87, 352.59, -0.8892, -0.1827, 0.4191, -0.0179
16:45:07, 6.23, 187, 308.26, 19.82, 352.62, -0.8893, -0.1822, 0.4190, -0.0179
16:45:07, 6.27, 188, 308.25, 19.76, 352.63, -0.8894, -0.1817, 0.4191, -0.0178
16:45:07, 6.27, 188, 308.27, 19.74, 352.64, -0.8895, -0.1815, 0.4190, -0.0177
16:45:07, 6.27, 188, 308.26, 19.71, 352.65, -0.8895, -0.1812, 0.4192, -0.0177
16:45:07, 6.30, 189, 308.26, 19.70, 352.65, -0.8895, -0.1811, 0.4191, -0.0177
16:45:07, 6.30, 189, 308.27, 19.67, 352.64, -0.8896, -0.1809, 0.4191, -0.0175
16:45:07, 6.33, 190, 308.28, 19.64, 352.66, -0.8896, -0.1807, 0.4191, -0.0175
16:45:07, 6.33, 190, 308.29, 19.64, 352.66, -0.8897, -0.1807, 0.4190, -0.0175
16:45:07, 6.33, 190, 308.31, 19.64, 352.67, -0.8897, -0.1807, 0.4189, -0.0175
16:45:07, 6.37, 191, 308.32, 19.59, 352.69, -0.8898, -0.1802, 0.4189, -0.0175
16:45:07, 6.37, 191, 308.32, 19.59, 352.70, -0.8898, -0.1801, 0.4189, -0.0175
16:45:07, 6.40, 192, 308.33, 19.54, 352.72, -0.8899, -0.1797, 0.4189, -0.0175
16:45:08, 6.40, 192, 308.36, 19.52, 352.75, -0.8900, -0.1795, 0.4187, -0.0176
16:45:08, 6.43, 193, 308.36, 19.52, 352.74, -0.8901, -0.1794, 0.4187, -0.0175
16:45:08, 6.43, 193, 308.36, 19.51, 352.75, -0.8900, -0.1793, 0.4188, -0.0175
16:45:08, 6.43, 193, 308.38, 19.50, 352.77, -0.8901, -0.1792, 0.4186, -0.0176
16:45:08, 6.47, 194, 308.38, 19.49, 352.76, -0.8901, -0.1792, 0.4187, -0.0176
16:45:08, 6.47, 194, 308.38, 19.48, 352.76, -0.8901, -0.1791, 0.4186, -0.0175
16:45:08, 6.50, 195, 308.38, 19.47, 352.77, -0.8902, -0.1790, 0.4187, -0.0175
16:45:08, 6.50, 195, 308.38, 19.48, 352.77, -0.8902, -0.1790, 0.4186, -0.0176
16:45:08, 6.50, 195, 308.39, 19.47, 352.78, -0.8902, -0.1789, 0.4186, -0.0176
16:45:08, 6.53, 196, 308.41, 19.47, 352.80, -0.8902, -0.1789, 0.4185, -0.0177
16:45:08, 6.53, 196, 308.43, 19.47, 352.82, -0.8903, -0.1788, 0.4184, -0.0179
16:45:08, 6.57, 197, 308.44, 19.47, 352.82, -0.8904, -0.1788, 0.4183, -0.0179
16:45:08, 6.57, 197, 308.45, 19.48, 352.83, -0.8904, -0.1788, 0.4182, -0.0179
16:45:08, 6.60, 198, 308.47, 19.47, 352.82, -0.8905, -0.1788, 0.4181, -0.0178
16:45:08, 6.60, 198, 308.48, 19.48, 352.83, -0.8905, -0.1789, 0.4179, -0.0179
16:45:08, 6.60, 198, 308.51, 19.48, 352.83, -0.8906, -0.1788, 0.4178, -0.0179
16:45:08, 6.63, 199, 308.51, 19.48, 352.83, -0.8906, -0.1789, 0.4177, -0.0179
16:45:08, 6.63, 199, 308.53, 19.49, 352.82, -0.8907, -0.1789, 0.4175, -0.0178
16:45:08, 6.67, 200, 308.54, 19.50, 352.81, -0.8907, -0.1790, 0.4174, -0.0177
16:45:08, 6.67, 200, 308.56, 19.52, 352.77, -0.8907, -0.1794, 0.4172, -0.0175
16:45:08, 6.67, 200, 308.56, 19.56, 352.77, -0.8907, -0.1797, 0.4171, -0.0175
16:45:08, 6.70, 201, 308.59, 19.54, 352.78, -0.8909, -0.1796, 0.4169, -0.0175
16:45:08, 6.70, 201, 308.61, 19.56, 352.77, -0.8909, -0.1797, 0.4168, -0.0175
16:45:08, 6.73, 202, 308.62, 19.55, 352.77, -0.8909, -0.1797, 0.4167, -0.0175
16:45:08, 6.73, 202, 308.63, 19.57, 352.77, -0.8910, -0.1798, 0.4166, -0.0175
16:45:08, 6.77, 203, 308.65, 19.58, 352.78, -0.8910, -0.1799, 0.4165, -0.0176
16:45:08, 6.77, 203, 308.65, 19.57, 352.77, -0.8910, -0.1798, 0.4165, -0.0175
16:45:08, 6.77, 203, 308.64, 19.58, 352.76, -0.8910, -0.1799, 0.4165, -0.0175
16:45:08, 6.80, 204, 308.63, 19.59, 352.77, -0.8909, -0.1800, 0.4166, -0.0176
16:45:08, 6.80, 204, 308.62, 19.60, 352.78, -0.8909, -0.1800, 0.4166, -0.0177
16:45:08, 6.83, 205, 308.62, 19.61, 352.78, -0.8909, -0.1800, 0.4167, -0.0178
16:45:08, 6.83, 205, 308.63, 19.62, 352.78, -0.8909, -0.1801, 0.4166, -0.0178
16:45:08, 6.83, 205, 308.67, 19.60, 352.78, -0.8911, -0.1800, 0.4163, -0.0177
16:45:08, 6.87, 206, 308.72, 19.61, 352.79, -0.8912, -0.1800, 0.4159, -0.0177
16:45:08, 6.87, 206, 308.74, 19.57, 352.79, -0.8913, -0.1797, 0.4158, -0.0175
16:45:08, 6.90, 207, 308.75, 19.60, 352.77, -0.8914, -0.1800, 0.4156, -0.0174
16:45:08, 6.90, 207, 308.75, 19.59, 352.77, -0.8914, -0.1800, 0.4157, -0.0174
16:45:08, 6.93, 208, 308.74, 19.59, 352.76, -0.8913, -0.1800, 0.4157, -0.0174
16:45:08, 6.93, 208, 308.74, 19.58, 352.74, -0.8914, -0.1800, 0.4157, -0.0171
16:45:08, 6.93, 208, 308.74, 19.57, 352.74, -0.8914, -0.1799, 0.4157, -0.0171
16:45:08, 6.97, 209, 308.76, 19.57, 352.75, -0.8914, -0.1799, 0.4155, -0.0172
16:45:08, 6.97, 209, 308.78, 19.56, 352.78, -0.8915, -0.1797, 0.4155, -0.0173
16:45:08, 7.00, 210, 308.80, 19.57, 352.79, -0.8916, -0.1798, 0.4154, -0.0174
16:45:08, 7.00, 210, 308.80, 19.58, 352.80, -0.8916, -0.1797, 0.4153, -0.0175
16:45:08, 7.03, 211, 308.80, 19.58, 352.79, -0.8916, -0.1798, 0.4153, -0.0175
16:45:08, 7.03, 211, 308.81, 19.60, 352.79, -0.8916, -0.1800, 0.4152, -0.0175
16:45:08, 7.03, 211, 308.85, 19.64, 352.82, -0.8917, -0.1802, 0.4149, -0.0178
16:45:08, 7.07, 212, 308.86, 19.68, 352.83, -0.8917, -0.1804, 0.4148, -0.0180
16:45:08, 7.07, 212, 308.90, 19.68, 352.85, -0.8918, -0.1804, 0.4145, -0.0182
16:45:08, 7.10, 213, 308.91, 19.68, 352.87, -0.8919, -0.1803, 0.4144, -0.0183
16:45:08, 7.10, 213, 308.94, 19.67, 352.88, -0.8919, -0.1802, 0.4143, -0.0183
16:45:08, 7.10, 213, 308.94, 19.66, 352.88, -0.8920, -0.1801, 0.4143, -0.0182
16:45:08, 7.13, 214, 308.95, 19.68, 352.89, -0.8920, -0.1802, 0.4142, -0.0184
16:45:08, 7.13, 214, 308.94, 19.65, 352.89, -0.8920, -0.1800, 0.4143, -0.0182
16:45:08, 7.17, 215, 308.94, 19.64, 352.89, -0.8920, -0.1799, 0.4143, -0.0182
16:45:08, 7.17, 215, 308.92, 19.62, 352.89, -0.8919, -0.1798, 0.4145, -0.0182
16:45:08, 7.20, 216, 308.92, 19.61, 352.90, -0.8919, -0.1797, 0.4145, -0.0182
16:45:08, 7.20, 216, 308.91, 19.60, 352.90, -0.8919, -0.1796, 0.4146, -0.0182
16:45:08, 7.20, 216, 308.91, 19.58, 352.91, -0.8920, -0.1794, 0.4146, -0.0182
16:45:08, 7.23, 217, 308.91, 19.56, 352.91, -0.8920, -0.1793, 0.4146, -0.0181
16:45:08, 7.23, 217, 308.90, 19.55, 352.90, -0.8919, -0.1792, 0.4147, -0.0180
16:45:08, 7.27, 218, 308.90, 19.54, 352.90, -0.8919, -0.1791, 0.4147, -0.0180
16:45:08, 7.27, 218, 308.89, 19.55, 352.91, -0.8919, -0.1791, 0.4148, -0.0181
16:45:08, 7.27, 218, 308.90, 19.53, 352.92, -0.8920, -0.1790, 0.4148, -0.0181
16:45:08, 7.30, 219, 308.90, 19.53, 352.92, -0.8919, -0.1790, 0.4148, -0.0181
16:45:08, 7.30, 219, 308.91, 19.54, 352.92, -0.8920, -0.1791, 0.4147, -0.0181
16:45:08, 7.33, 220, 308.90, 19.54, 352.92, -0.8919, -0.1791, 0.4148, -0.0182
16:45:08, 7.33, 220, 308.90, 19.56, 352.92, -0.8919, -0.1792, 0.4147, -0.0182
16:45:08, 7.33, 220, 308.90, 19.58, 352.92, -0.8919, -0.1794, 0.4147, -0.0183
16:45:08, 7.37, 221, 308.90, 19.59, 352.91, -0.8919, -0.1795, 0.4147, -0.0183
16:45:08, 7.37, 221, 308.90, 19.62, 352.91, -0.8919, -0.1797, 0.4147, -0.0184
16:45:08, 7.40, 222, 308.90, 19.63, 352.90, -0.8919, -0.1798, 0.4147, -0.0183
16:45:09, 7.40, 222, 308.88, 19.65, 352.90, -0.8918, -0.1800, 0.4148, -0.0185
16:45:09, 7.43, 223, 308.83, 19.67, 352.89, -0.8916, -0.1802, 0.4151, -0.0185
16:45:09, 7.43, 223, 308.79, 19.68, 352.89, -0.8914, -0.1802, 0.4154, -0.0186
16:45:09, 7.43, 223, 308.78, 19.70, 352.87, -0.8913, -0.1805, 0.4155, -0.0186
16:45:09, 7.47, 224, 308.75, 19.71, 352.86, -0.8912, -0.1806, 0.4157, -0.0186
16:45:09, 7.47, 224, 308.72, 19.75, 352.86, -0.8911, -0.1808, 0.4158, -0.0188
16:45:09, 7.50, 225, 308.71, 19.76, 352.86, -0.8910, -0.1810, 0.4159, -0.0188
16:45:09, 7.50, 225, 308.71, 19.79, 352.85, -0.8910, -0.1812, 0.4159, -0.0189
16:45:09, 7.50, 225, 308.69, 19.79, 352.84, -0.8909, -0.1813, 0.4160, -0.0188
16:45:09, 7.53, 226, 308.69, 19.81, 352.83, -0.8909, -0.1814, 0.4160, -0.0188
16:45:09, 7.53, 226, 308.68, 19.82, 352.86, -0.8908, -0.1814, 0.4161, -0.0191
16:45:09, 7.57, 227, 308.68, 19.82, 352.85, -0.8908, -0.1814, 0.4161, -0.0190
16:45:09, 7.57, 227, 308.67, 19.82, 352.85, -0.8908, -0.1815, 0.4162, -0.0190
16:45:09, 7.60, 228, 308.65, 19.81, 352.83, -0.8907, -0.1814, 0.4163, -0.0189
16:45:09, 7.60, 228, 308.63, 19.81, 352.82, -0.8907, -0.1815, 0.4164, -0.0188
16:45:09, 7.60, 228, 308.62, 19.80, 352.81, -0.8906, -0.1814, 0.4165, -0.0187
16:45:09, 7.63, 229, 308.62, 19.80, 352.81, -0.8906, -0.1814, 0.4165, -0.0187
16:45:09, 7.63, 229, 308.60, 19.81, 352.80, -0.8906, -0.1815, 0.4166, -0.0187
16:45:09, 7.67, 230, 308.59, 19.82, 352.79, -0.8906, -0.1816, 0.4166, -0.0187
16:45:09, 7.67, 230, 308.60, 19.83, 352.81, -0.8906, -0.1816, 0.4166, -0.0188
16:45:09, 7.67, 230, 308.61, 19.83, 352.82, -0.8906, -0.1816, 0.4165, -0.0189
16:45:09, 7.70, 231, 308.61, 19.84, 352.83, -0.8906, -0.1816, 0.4166, -0.0190
16:45:09, 7.70, 231, 308.60, 19.85, 352.84, -0.8905, -0.1817, 0.4166, -0.0192
16:45:09, 7.73, 232, 308.59, 19.86, 352.87, -0.8905, -0.1816, 0.4167, -0.0194
16:45:09, 7.73, 232, 308.56, 19.83, 352.89, -0.8904, -0.1813, 0.4170, -0.0195
16:45:09, 7.77, 233, 308.56, 19.84, 352.87, -0.8904, -0.1814, 0.4171, -0.0194
16:45:09, 7.77, 233, 308.56, 19.82, 352.85, -0.8904, -0.1814, 0.4170, -0.0192
16:45:09, 7.77, 233, 308.56, 19.80, 352.84, -0.8904, -0.1813, 0.4170, -0.0191
16:45:09, 7.80, 234, 308.58, 19.76, 352.84, -0.8905, -0.1809, 0.4169, -0.0189
16:45:09, 7.80, 234, 308.57, 19.74, 352.87, -0.8905, -0.1807, 0.4170, -0.0190
16:45:09, 7.83, 235, 308.55, 19.71, 352.85, -0.8905, -0.1806, 0.4172, -0.0188
16:45:09, 7.83, 235, 308.55, 19.71, 352.85, -0.8905, -0.1806, 0.4172, -0.0188
16:45:09, 7.83, 235, 308.54, 19.70, 352.83, -0.8905, -0.1806, 0.4173, -0.0186
16:45:09, 7.87, 236, 308.55, 19.71, 352.83, -0.8905, -0.1806, 0.4172, -0.0186
16:45:09, 7.87, 236, 308.56, 19.72, 352.84, -0.8905, -0.1807, 0.4171, -0.0187
16:45:09, 7.90, 237, 308.61, 19.71, 352.89, -0.8907, -0.1805, 0.4168, -0.0190
16:45:09, 7.90, 237, 308.64, 19.71, 352.91, -0.8908, -0.1804, 0.4166, -0.0191
16:45:09, 7.93, 238, 308.66, 19.74, 352.93, -0.8908, -0.1806, 0.4165, -0.0194
16:45:09, 7.93, 238, 308.65, 19.74, 352.92, -0.8908, -0.1805, 0.4165, -0.0193
16:45:09, 7.93, 238, 308.66, 19.76, 352.91, -0.8909, -0.1807, 0.4163, -0.0192
16:45:09, 7.97, 239, 308.68, 19.78, 352.88, -0.8909, -0.1810, 0.4161, -0.0191
16:45:09, 7.97, 239, 308.69, 19.77, 352.86, -0.8910, -0.1810, 0.4160, -0.0189
16:45:09, 8.00, 240, 308.73, 19.76, 352.85, -0.8911, -0.1810, 0.4157, -0.0187
16:45:09, 8.00, 240, 308.78, 19.73, 352.81, -0.8913, -0.1809, 0.4153, -0.0182
16:45:09, 8.03, 241, 308.92, 19.68, 352.79, -0.8919, -0.1806, 0.4143, -0.0176
16:45:09, 8.03, 241, 309.16, 19.67, 352.81, -0.8927, -0.1805, 0.4124, -0.0174
16:45:09, 8.03, 241, 309.55, 19.61, 352.86, -0.8942, -0.1799, 0.4095, -0.0170
16:45:09, 8.07, 242, 310.15, 19.57, 352.87, -0.8964, -0.1797, 0.4049, -0.0159
16:45:09, 8.07, 242, 311.08, 19.62, 352.85, -0.8996, -0.1803, 0.3975, -0.0145
16:45:09, 8.10, 243, 312.37, 19.74, 352.71, -0.9039, -0.1818, 0.3870, -0.0117
16:45:09, 8.10, 243, 314.07, 19.84, 352.76, -0.9094, -0.1826, 0.3735, -0.0098
16:45:09, 8.10, 243, 316.21, 19.94, 353.04, -0.9161, -0.1826, 0.3568, -0.0090
16:45:09, 8.13, 244, 318.66, 19.98, 353.52, -0.9234, -0.1817, 0.3379, -0.0091
16:45:09, 8.13, 244, 321.37, 19.98, 354.24, -0.9311, -0.1799, 0.3172, -0.0107
16:45:09, 8.17, 245, 324.09, 20.02, 354.95, -0.9383, -0.1785, 0.2960, -0.0123
16:45:09, 8.17, 245, 326.84, 20.04, 355.73, -0.9450, -0.1771, 0.2746, -0.0144
16:45:09, 8.20, 246, 329.67, 20.04, 356.46, -0.9514, -0.1758, 0.2523, -0.0161
16:45:09, 8.20, 246, 332.53, 20.01, 357.04, -0.9574, -0.1748, 0.2294, -0.0165
16:45:09, 8.20, 246, 335.54, 20.00, 357.70, -0.9630, -0.1738, 0.2052, -0.0175
16:45:09, 8.23, 247, 338.66, 19.94, 358.35, -0.9682, -0.1727, 0.1799, -0.0181
16:45:09, 8.23, 247, 341.82, 19.92, 359.05, -0.9727, -0.1721, 0.1542, -0.0193
16:45:09, 8.27, 248, 345.05, 19.87, 359.72, -0.9767, -0.1714, 0.1277, -0.0201
16:45:09, 8.27, 248, 348.28, 19.75, 0.30, -0.9800, -0.1703, 0.1010, -0.0200
16:45:09, 8.27, 248, 351.60, 19.77, 0.78, -0.9824, -0.1707, 0.0733, -0.0192
16:45:09, 8.30, 249, 354.83, 19.75, 1.31, -0.9840, -0.1708, 0.0464, -0.0190
16:45:09, 8.30, 249, 358.01, 19.70, 1.76, -0.9850, -0.1707, 0.0197, -0.0181
16:45:09, 8.33, 250, 1.08, 19.56, 2.16, -0.9853, -0.1700, -0.0061, -0.0169
16:45:09, 8.33, 250, 4.04, 19.34, 2.53, -0.9851, -0.1686, -0.0311, -0.0158
16:45:09, 8.33, 250, 6.89, 19.19, 2.73, -0.9842, -0.1677, -0.0553, -0.0134
16:45:09, 8.37, 251, 9.57, 18.98, 2.91, -0.9829, -0.1663, -0.0781, -0.0112
16:45:09, 8.37, 251, 12.21, 18.81, 3.16, -0.9811, -0.1653, -0.1004, -0.0096
16:45:09, 8.40, 252, 14.75, 18.75, 3.40, -0.9787, -0.1653, -0.1218, -0.0082
16:45:10, 8.40, 252, 17.08, 18.81, 3.78, -0.9759, -0.1664, -0.1411, -0.0079
16:45:10, 8.43, 253, 19.27, 18.86, 4.06, -0.9729, -0.1673, -0.1593, -0.0071
16:45:10, 8.43, 253, 21.33, 18.83, 4.18, -0.9699, -0.1673, -0.1766, -0.0051
16:45:10, 8.43, 253, 23.46, 18.84, 4.42, -0.9665, -0.1679, -0.1942, -0.0040
16:45:10, 8.47, 254, 25.35, 18.89, 4.59, -0.9631, -0.1686, -0.2099, -0.0026
16:45:10, 8.47, 254, 27.24, 18.98, 4.72, -0.9594, -0.1697, -0.2254, -0.0007
16:45:10, 8.50, 255, 29.06, 19.04, 4.82, -0.9556, -0.1703, -0.2405, 0.0013
16:45:10, 8.50, 255, 30.83, 19.08, 4.88, -0.9517, -0.1708, -0.2551, 0.0036
16:45:10, 8.50, 255, 32.62, 19.12, 4.92, -0.9476, -0.1711, -0.2698, 0.0059
16:45:10, 8.53, 256, 34.36, 19.10, 5.01, -0.9434, -0.1711, -0.2841, 0.0078
16:45:10, 8.53, 256, 36.03, 19.17, 5.17, -0.9391, -0.1719, -0.2975, 0.0091
16:45:10, 8.57, 257, 37.51, 19.24, 5.29, -0.9351, -0.1727, -0.3094, 0.0106
16:45:10, 8.57, 257, 39.05, 19.28, 5.33, -0.9308, -0.1730, -0.3218, 0.0127
16:45:10, 8.60, 258, 40.57, 19.27, 5.38, -0.9265, -0.1728, -0.3341, 0.0145
16:45:10, 8.60, 258, 42.06, 19.25, 5.43, -0.9221, -0.1726, -0.3460, 0.0163
16:45:10, 8.60, 258, 43.51, 19.11, 5.44, -0.9178, -0.1714, -0.3577, 0.0180
16:45:10, 8.63, 259, 44.87, 19.04, 5.43, -0.9135, -0.1705, -0.3687, 0.0199
16:45:10, 8.63, 259, 46.20, 19.06, 5.38, -0.9092, -0.1702, -0.3793, 0.0223
16:45:10, 8.67, 260, 47.46, 18.99, 5.31, -0.9050, -0.1692, -0.3895, 0.0245
16:45:10, 8.67, 260, 48.58, 18.83, 5.30, -0.9013, -0.1677, -0.3985, 0.0257
16:45:10, 8.67, 260, 49.69, 18.83, 5.24, -0.8974, -0.1673, -0.4073, 0.0278
16:45:10, 8.70, 261, 50.70, 18.78, 5.22, -0.8939, -0.1665, -0.4153, 0.0292
16:45:10, 8.70, 261, 51.57, 18.80, 5.18, -0.8906, -0.1663, -0.4221, 0.0308
16:45:10, 8.73, 262, 52.36, 18.79, 5.05, -0.8877, -0.1655, -0.4284, 0.0330
16:45:10, 8.73, 262, 53.11, 18.82, 4.81, -0.8848, -0.1647, -0.4345, 0.0360
16:45:10, 8.77, 263, 53.79, 18.78, 4.67, -0.8822, -0.1636, -0.4400, 0.0379
16:45:10, 8.77, 263, 54.47, 18.75, 4.58, -0.8795, -0.1628, -0.4454, 0.0395
16:45:10, 8.77, 263, 55.07, 18.80, 4.49, -0.8771, -0.1626, -0.4500, 0.0412
16:45:10, 8.80, 264, 55.64, 18.79, 4.46, -0.8749, -0.1622, -0.4544, 0.0422
16:45:10, 8.80, 264, 56.02, 18.87, 4.30, -0.8732, -0.1620, -0.4575, 0.0443
16:45:10, 8.83, 265, 56.44, 18.75, 4.12, -0.8716, -0.1602, -0.4611, 0.0457
16:45:10, 8.83, 265, 56.91, 18.59, 3.99, -0.8698, -0.1583, -0.4650, 0.0467
16:45:10, 8.83, 265, 57.31, 18.44, 3.77, -0.8682, -0.1561, -0.4685, 0.0483
16:45:10, 8.87, 266, 57.85, 18.28, 3.60, -0.8661, -0.1540, -0.4729, 0.0497
16:45:10, 8.87, 266, 58.27, 18.17, 3.53, -0.8645, -0.1526, -0.4763, 0.0503
16:45:10, 8.90, 267, 58.76, 18.01, 3.36, -0.8625, -0.1505, -0.4803, 0.0515
16:45:10, 8.90, 267, 59.17, 17.85, 3.17, -0.8609, -0.1484, -0.4838, 0.0528
16:45:10, 8.93, 268, 59.68, 17.68, 3.12, -0.8589, -0.1466, -0.4879, 0.0531
16:45:10, 8.93, 268, 60.17, 17.37, 3.02, -0.8571, -0.1437, -0.4919, 0.0532
16:45:10, 8.93, 268, 60.76, 17.21, 2.93, -0.8547, -0.1419, -0.4965, 0.0538
16:45:10, 8.97, 269, 61.28, 17.08, 2.93, -0.8525, -0.1406, -0.5006, 0.0539
16:45:10, 8.97, 269, 61.76, 16.92, 2.90, -0.8505, -0.1390, -0.5043, 0.0540
16:45:10, 9.00, 270, 62.22, 16.74, 2.88, -0.8487, -0.1374, -0.5079, 0.0539
16:45:10, 9.00, 270, 62.66, 16.55, 2.72, -0.8468, -0.1351, -0.5115, 0.0548
16:45:10, 9.00, 270, 63.20, 16.28, 2.58, -0.8446, -0.1323, -0.5159, 0.0552
16:45:10, 9.03, 271, 63.89, 16.04, 2.52, -0.8417, -0.1299, -0.5212, 0.0554
16:45:10, 9.03, 271, 64.57, 15.84, 2.57, -0.8388, -0.1283, -0.5263, 0.0548
16:45:10, 9.07, 272, 65.38, 15.62, 2.63, -0.8353, -0.1266, -0.5323, 0.0542
16:45:10, 9.07, 272, 66.12, 15.50, 2.67, -0.8319, -0.1256, -0.5378, 0.0542
16:45:10, 9.10, 273, 66.80, 15.32, 2.68, -0.8289, -0.1240, -0.5428, 0.0540
16:45:10, 9.10, 273, 67.57, 15.10, 2.63, -0.8254, -0.1218, -0.5486, 0.0541
16:45:10, 9.10, 273, 68.34, 14.86, 2.59, -0.8219, -0.1196, -0.5543, 0.0541
16:45:10, 9.13, 274, 69.06, 14.76, 2.66, -0.8185, -0.1188, -0.5595, 0.0539
16:45:10, 9.13, 274, 69.64, 14.67, 2.65, -0.8157, -0.1179, -0.5638, 0.0541
16:45:10, 9.17, 275, 70.09, 14.67, 2.60, -0.8134, -0.1174, -0.5670, 0.0549
16:45:10, 9.17, 275, 70.52, 14.58, 2.45, -0.8113, -0.1158, -0.5703, 0.0559
16:45:10, 9.17, 275, 70.93, 14.51, 2.35, -0.8093, -0.1146, -0.5733, 0.0567
16:45:10, 9.20, 276, 71.23, 14.41, 2.25, -0.8078, -0.1133, -0.5756, 0.0572
16:45:10, 9.20, 276, 71.55, 14.41, 2.13, -0.8062, -0.1125, -0.5780, 0.0583
16:45:10, 9.23, 277, 71.76, 14.44, 2.05, -0.8050, -0.1122, -0.5796, 0.0593
16:45:10, 9.23, 277, 71.93, 14.50, 1.95, -0.8040, -0.1120, -0.5808, 0.0605
16:45:10, 9.27, 278, 72.05, 14.57, 1.79, -0.8033, -0.1117, -0.5817, 0.0620
16:45:10, 9.27, 278, 72.13, 14.66, 1.65, -0.8027, -0.1116, -0.5823, 0.0635
16:45:10, 9.27, 278, 72.24, 14.76, 1.50, -0.8020, -0.1114, -0.5832, 0.0652
16:45:10, 9.30, 279, 72.30, 14.92, 1.38, -0.8015, -0.1119, -0.5836, 0.0670
16:45:10, 9.30, 279, 72.34, 15.14, 1.27, -0.8010, -0.1128, -0.5838, 0.0689
16:45:10, 9.33, 280, 72.34, 15.45, 1.21, -0.8008, -0.1146, -0.5836, 0.0709
16:45:10, 9.33, 280, 72.28, 15.78, 1.15, -0.8007, -0.1167, -0.5830, 0.0729
16:45:10, 9.33, 280, 72.20, 16.13, 1.09, -0.8007, -0.1189, -0.5823, 0.0750
16:45:10, 9.37, 281, 72.17, 16.42, 0.99, -0.8006, -0.1204, -0.5819, 0.0772
16:45:10, 9.37, 281, 72.19, 16.71, 0.89, -0.8001, -0.1220, -0.5819, 0.0794
16:45:10, 9.40, 282, 72.22, 17.04, 0.83, -0.7996, -0.1239, -0.5819, 0.0815
16:45:11, 9.40, 282, 72.22, 17.41, 0.84, -0.7992, -0.1265, -0.5816, 0.0833
16:45:11, 9.43, 283, 72.16, 17.82, 0.80, -0.7991, -0.1292, -0.5809, 0.0856
16:45:11, 9.43, 283, 72.11, 18.25, 0.72, -0.7988, -0.1319, -0.5803, 0.0884
16:45:11, 9.43, 283, 72.01, 18.51, 0.67, -0.7990, -0.1335, -0.5794, 0.0899
16:45:11, 9.47, 284, 72.00, 18.62, 0.67, -0.7989, -0.1343, -0.5793, 0.0905
16:45:11, 9.47, 284, 72.01, 18.71, 0.72, -0.7988, -0.1352, -0.5792, 0.0905
16:45:11, 9.50, 285, 72.03, 18.80, 0.75, -0.7986, -0.1359, -0.5792, 0.0909
16:45:11, 9.50, 285, 72.01, 19.01, 0.75, -0.7984, -0.1374, -0.5789, 0.0919
16:45:11, 9.50, 285, 71.98, 19.18, 0.72, -0.7984, -0.1384, -0.5786, 0.0929
16:45:11, 9.53, 286, 71.99, 19.26, 0.63, -0.7982, -0.1386, -0.5787, 0.0939
16:45:11, 9.53, 286, 72.05, 19.21, 0.61, -0.7979, -0.1380, -0.5792, 0.0939
16:45:11, 9.57, 287, 72.09, 19.20, 0.59, -0.7977, -0.1378, -0.5795, 0.0940
16:45:11, 9.57, 287, 72.15, 19.19, 0.59, -0.7974, -0.1378, -0.5799, 0.0941
16:45:11, 9.60, 288, 72.16, 19.24, 0.63, -0.7974, -0.1382, -0.5799, 0.0940
16:45:11, 9.60, 288, 72.17, 19.29, 0.62, -0.7973, -0.1386, -0.5799, 0.0944
16:45:11, 9.60, 288, 72.18, 19.34, 0.60, -0.7971, -0.1388, -0.5800, 0.0948
16:45:11, 9.63, 289, 72.25, 19.31, 0.59, -0.7968, -0.1385, -0.5805, 0.0948
16:45:11, 9.63, 289, 72.35, 19.26, 0.57, -0.7963, -0.1379, -0.5813, 0.0948
16:45:11, 9.67, 290, 72.40, 19.21, 0.58, -0.7961, -0.1376, -0.5816, 0.0945
16:45:11, 9.67, 290, 72.42, 19.23, 0.61, -0.7960, -0.1378, -0.5817, 0.0944
16:45:11, 9.67, 290, 72.44, 19.24, 0.64, -0.7960, -0.1381, -0.5818, 0.0943
16:45:11, 9.70, 291, 72.47, 19.23, 0.70, -0.7959, -0.1383, -0.5819, 0.0939
16:45:11, 9.70, 291, 72.46, 19.20, 0.74, -0.7960, -0.1383, -0.5819, 0.0935
16:45:11, 9.73, 292, 72.50, 19.20, 0.78, -0.7958, -0.1384, -0.5821, 0.0932
16:45:11, 9.73, 292, 72.50, 19.19, 0.80, -0.7958, -0.1385, -0.5821, 0.0930
16:45:11, 9.77, 293, 72.52, 19.21, 0.82, -0.7957, -0.1387, -0.5822, 0.0930
16:45:11, 9.77, 293, 72.54, 19.19, 0.84, -0.7957, -0.1386, -0.5823, 0.0928
16:45:11, 9.77, 293, 72.55, 19.20, 0.84, -0.7956, -0.1388, -0.5823, 0.0928
16:45:11, 9.80, 294, 72.53, 19.22, 0.89, -0.7957, -0.1392, -0.5821, 0.0926
16:45:11, 9.80, 294, 72.46, 19.26, 0.86, -0.7960, -0.1393, -0.5816, 0.0929
16:45:11, 9.83, 295, 72.36, 19.29, 0.82, -0.7964, -0.1394, -0.5810, 0.0932
16:45:11, 9.83, 295, 72.31, 19.27, 0.77, -0.7967, -0.1391, -0.5807, 0.0934
16:45:11, 9.83, 295, 72.27, 19.24, 0.73, -0.7969, -0.1387, -0.5805, 0.0935
16:45:11, 9.87, 296, 72.24, 19.23, 0.70, -0.7970, -0.1385, -0.5804, 0.0936
16:45:11, 9.87, 296, 72.24, 19.25, 0.70, -0.7970, -0.1386, -0.5804, 0.0937
16:45:11, 9.90, 297, 72.21, 19.29, 0.68, -0.7971, -0.1388, -0.5801, 0.0940
16:45:11, 9.90, 297, 72.18, 19.35, 0.69, -0.7972, -0.1394, -0.5798, 0.0942
16:45:11, 9.93, 298, 72.13, 19.38, 0.66, -0.7974, -0.1394, -0.5795, 0.0945
16:45:11, 9.93, 298, 72.12, 19.34, 0.62, -0.7975, -0.1389, -0.5795, 0.0945
16:45:11, 9.93, 298, 72.14, 19.30, 0.60, -0.7974, -0.1385, -0.5797, 0.0945
16:45:11, 9.97, 299, 72.17, 19.27, 0.57, -0.7972, -0.1382, -0.5800, 0.0946
16:45:11, 9.97, 299, 72.22, 19.25, 0.59, -0.7970, -0.1381, -0.5803, 0.0945
