Timestamp, VideoTime, VideoFrame, HeadYaw, HeadPitch, HeadRoll, HeadQuatW, HeadQuatX, HeadQuatY, HeadQuatZ
16:47:25, 0.00, 0, 169.62, 358.34, 357.37, 0.0907, -0.0242, 0.9955, 0.0123
16:47:25, 0.03, 1, 170.35, 358.33, 357.42, 0.0844, -0.0237, 0.9961, 0.0126
16:47:25, 0.03, 1, 171.10, 358.32, 357.54, 0.0779, -0.0225, 0.9966, 0.0129
16:47:25, 0.03, 1, 171.82, 358.34, 357.54, 0.0716, -0.0224, 0.9971, 0.0129
16:47:25, 0.07, 2, 172.56, 358.29, 357.59, 0.0652, -0.0220, 0.9975, 0.0135
16:47:25, 0.07, 2, 173.28, 358.39, 357.69, 0.0589, -0.0210, 0.9980, 0.0129
16:47:25, 0.10, 3, 173.96, 358.43, 357.75, 0.0529, -0.0204, 0.9983, 0.0127
16:47:25, 0.10, 3, 174.65, 358.48, 357.82, 0.0469, -0.0196, 0.9986, 0.0123
16:47:25, 0.10, 3, 175.31, 358.50, 357.86, 0.0412, -0.0192, 0.9989, 0.0123
16:47:25, 0.13, 4, 176.00, 358.53, 357.88, 0.0352, -0.0189, 0.9991, 0.0122
16:47:25, 0.13, 4, 176.66, 358.56, 357.96, 0.0294, -0.0181, 0.9993, 0.0120
16:47:25, 0.17, 5, 177.26, 358.53, 357.99, 0.0241, -0.0179, 0.9995, 0.0124
16:47:25, 0.17, 5, 177.86, 358.53, 358.06, 0.0189, -0.0172, 0.9996, 0.0125
16:47:25, 0.17, 5, 178.45, 358.51, 358.12, 0.0137, -0.0166, 0.9997, 0.0128
16:47:25, 0.20, 6, 179.04, 358.42, 358.14, 0.0086, -0.0164, 0.9997, 0.0136
16:47:25, 0.20, 6, 179.66, 358.27, 358.29, 0.0032, -0.0149, 0.9998, 0.0151
16:47:25, 0.23, 7, 180.25, 358.28, 358.43, -0.0020, -0.0137, 0.9998, 0.0150
16:47:25, 0.23, 7, 180.74, 358.15, 358.55, -0.0062, -0.0125, 0.9998, 0.0162
16:47:25, 0.27, 8, 181.23, 358.13, 358.72, -0.0106, -0.0110, 0.9997, 0.0164
16:47:25, 0.27, 8, 181.62, 358.10, 358.86, -0.0140, -0.0097, 0.9997, 0.0167
16:47:25, 0.27, 8, 182.04, 357.99, 359.04, -0.0176, -0.0081, 0.9997, 0.0177
16:47:25, 0.30, 9, 182.43, 357.88, 359.20, -0.0211, -0.0065, 0.9996, 0.0187
16:47:25, 0.30, 9, 182.77, 357.78, 359.33, -0.0241, -0.0054, 0.9995, 0.0195
16:47:25, 0.33, 10, 183.15, 357.68, 359.43, -0.0274, -0.0044, 0.9994, 0.0204
16:47:25, 0.33, 10, 183.48, 357.50, 359.54, -0.0302, -0.0033, 0.9993, 0.0219
16:47:25, 0.33, 10, 183.77, 357.39, 359.67, -0.0328, -0.0021, 0.9992, 0.0228
16:47:25, 0.37, 11, 184.08, 357.38, 359.72, -0.0356, -0.0016, 0.9991, 0.0229
16:47:25, 0.37, 11, 184.32, 357.38, 359.84, -0.0377, -0.0005, 0.9990, 0.0229
16:47:25, 0.40, 12, 184.52, 357.42, 359.92, -0.0394, 0.0001, 0.9990, 0.0225
16:47:25, 0.40, 12, 184.71, 357.50, 359.98, -0.0411, 0.0007, 0.9989, 0.0218
16:47:25, 0.43, 13, 184.91, 357.55, 0.02, -0.0428, 0.0011, 0.9989, 0.0214
16:47:25, 0.43, 13, 185.07, 357.57, 0.05, -0.0442, 0.0014, 0.9988, 0.0211
16:47:25, 0.43, 13, 185.26, 357.65, 0.08, -0.0459, 0.0017, 0.9987, 0.0205
16:47:26, 0.47, 14, 185.42, 357.66, 0.12, -0.0473, 0.0020, 0.9987, 0.0204
16:47:26, 0.47, 14, 185.53, 357.71, 0.16, -0.0483, 0.0024, 0.9986, 0.0199
16:47:26, 0.50, 15, 185.66, 357.77, 0.16, -0.0494, 0.0024, 0.9986, 0.0193
16:47:26, 0.53, 16, 185.88, 357.91, 0.14, -0.0513, 0.0022, 0.9985, 0.0181
16:47:26, 0.53, 16, 185.98, 357.95, 0.10, -0.0522, 0.0018, 0.9985, 0.0178
16:47:26, 0.53, 16, 186.09, 357.96, 0.06, -0.0531, 0.0015, 0.9984, 0.0178
16:47:26, 0.57, 17, 186.21, 357.95, 0.04, -0.0542, 0.0013, 0.9984, 0.0178
16:47:26, 0.57, 17, 186.29, 357.91, 0.04, -0.0548, 0.0014, 0.9983, 0.0182
16:47:26, 0.60, 18, 186.30, 357.92, 359.99, -0.0550, 0.0009, 0.9983, 0.0182
16:47:26, 0.60, 18, 186.30, 357.94, 359.89, -0.0550, 0.0000, 0.9983, 0.0180
16:47:26, 0.60, 18, 186.35, 357.97, 359.74, -0.0553, -0.0013, 0.9983, 0.0178
16:47:26, 0.63, 19, 186.46, 357.99, 359.59, -0.0562, -0.0026, 0.9983, 0.0177
16:47:26, 0.63, 19, 186.62, 358.00, 359.48, -0.0576, -0.0035, 0.9982, 0.0177
16:47:26, 0.67, 20, 186.80, 357.98, 359.41, -0.0592, -0.0041, 0.9981, 0.0179
16:47:26, 0.67, 20, 187.01, 357.96, 359.37, -0.0610, -0.0044, 0.9980, 0.0181
16:47:26, 0.67, 20, 187.23, 357.97, 359.32, -0.0629, -0.0048, 0.9978, 0.0181
16:47:26, 0.70, 21, 187.48, 357.99, 359.32, -0.0651, -0.0048, 0.9977, 0.0179
16:47:26, 0.70, 21, 187.75, 358.01, 359.34, -0.0675, -0.0045, 0.9976, 0.0178
16:47:26, 0.73, 22, 188.02, 358.04, 359.36, -0.0699, -0.0044, 0.9974, 0.0174
16:47:26, 0.73, 22, 188.30, 357.99, 359.39, -0.0723, -0.0040, 0.9972, 0.0178
16:47:26, 0.77, 23, 188.63, 358.00, 359.43, -0.0752, -0.0036, 0.9970, 0.0178
16:47:26, 0.77, 23, 188.97, 357.93, 359.46, -0.0781, -0.0033, 0.9968, 0.0184
16:47:26, 0.77, 23, 189.29, 357.84, 359.49, -0.0809, -0.0029, 0.9965, 0.0191
16:47:26, 0.80, 24, 189.56, 357.79, 359.55, -0.0833, -0.0023, 0.9963, 0.0195
16:47:26, 0.80, 24, 189.86, 357.77, 359.59, -0.0859, -0.0019, 0.9961, 0.0197
16:47:26, 0.83, 25, 190.12, 357.74, 359.59, -0.0881, -0.0019, 0.9959, 0.0199
16:47:26, 0.83, 25, 190.39, 357.70, 359.62, -0.0904, -0.0015, 0.9957, 0.0203
16:47:26, 0.83, 25, 190.65, 357.64, 359.64, -0.0927, -0.0013, 0.9955, 0.0208
16:47:26, 0.87, 26, 190.90, 357.52, 359.64, -0.0949, -0.0011, 0.9952, 0.0219
16:47:26, 0.87, 26, 191.15, 357.42, 359.64, -0.0970, -0.0009, 0.9950, 0.0227
16:47:26, 0.90, 27, 191.39, 357.29, 359.67, -0.0991, -0.0005, 0.9948, 0.0238
16:47:26, 0.90, 27, 191.61, 357.20, 359.70, -0.1010, -0.0002, 0.9946, 0.0245
16:47:26, 0.93, 28, 191.84, 357.08, 359.70, -0.1030, 0.0001, 0.9943, 0.0256
16:47:26, 0.93, 28, 192.05, 356.93, 359.72, -0.1048, 0.0004, 0.9941, 0.0269
16:47:26, 0.93, 28, 192.28, 356.78, 359.76, -0.1069, 0.0009, 0.9939, 0.0281
16:47:26, 0.97, 29, 192.52, 356.68, 359.80, -0.1089, 0.0014, 0.9936, 0.0290
16:47:26, 0.97, 29, 192.76, 356.52, 359.84, -0.1110, 0.0020, 0.9934, 0.0303
16:47:26, 1.00, 30, 192.94, 356.35, 359.87, -0.1126, 0.0025, 0.9931, 0.0317
16:47:26, 1.00, 30, 193.16, 356.20, 359.93, -0.1145, 0.0032, 0.9929, 0.0330
16:47:26, 1.00, 30, 193.42, 356.07, 359.95, -0.1168, 0.0036, 0.9926, 0.0341
16:47:26, 1.03, 31, 193.70, 355.88, 359.99, -0.1192, 0.0042, 0.9922, 0.0357
16:47:26, 1.03, 31, 194.01, 355.68, 0.05, -0.1219, 0.0051, 0.9918, 0.0374
16:47:26, 1.07, 32, 194.33, 355.49, 0.15, -0.1247, 0.0062, 0.9914, 0.0388
16:47:26, 1.07, 32, 194.66, 355.29, 0.26, -0.1276, 0.0075, 0.9910, 0.0405
16:47:26, 1.10, 33, 194.95, 355.12, 0.37, -0.1301, 0.0087, 0.9906, 0.0418
16:47:26, 1.10, 33, 195.23, 354.98, 0.46, -0.1325, 0.0098, 0.9902, 0.0429
16:47:26, 1.10, 33, 195.48, 354.85, 0.57, -0.1348, 0.0110, 0.9898, 0.0439
16:47:26, 1.13, 34, 195.74, 354.72, 0.62, -0.1370, 0.0117, 0.9895, 0.0449
16:47:26, 1.13, 34, 195.93, 354.57, 0.68, -0.1387, 0.0124, 0.9892, 0.0461
16:47:26, 1.17, 35, 196.10, 354.45, 0.77, -0.1402, 0.0134, 0.9889, 0.0470
16:47:26, 1.17, 35, 196.32, 354.24, 0.85, -0.1421, 0.0145, 0.9885, 0.0486
16:47:26, 1.17, 35, 196.45, 354.04, 0.91, -0.1433, 0.0153, 0.9883, 0.0503
16:47:26, 1.20, 36, 196.62, 353.84, 0.99, -0.1448, 0.0163, 0.9880, 0.0519
16:47:26, 1.20, 36, 196.75, 353.69, 1.08, -0.1460, 0.0173, 0.9877, 0.0531
16:47:26, 1.23, 37, 196.89, 353.54, 1.11, -0.1471, 0.0179, 0.9875, 0.0543
16:47:26, 1.23, 37, 197.00, 353.45, 1.21, -0.1482, 0.0188, 0.9873, 0.0549
16:47:26, 1.27, 38, 197.13, 353.37, 1.31, -0.1493, 0.0199, 0.9870, 0.0555
16:47:26, 1.27, 38, 197.22, 353.31, 1.40, -0.1502, 0.0208, 0.9869, 0.0558
16:47:26, 1.27, 38, 197.28, 353.25, 1.47, -0.1507, 0.0215, 0.9867, 0.0563
16:47:26, 1.30, 39, 197.37, 353.19, 1.52, -0.1515, 0.0221, 0.9866, 0.0567
16:47:26, 1.30, 39, 197.42, 353.17, 1.58, -0.1519, 0.0227, 0.9865, 0.0568
16:47:26, 1.33, 40, 197.49, 353.20, 1.65, -0.1526, 0.0232, 0.9864, 0.0565
16:47:26, 1.33, 40, 197.56, 353.21, 1.68, -0.1532, 0.0235, 0.9863, 0.0563
16:47:26, 1.33, 40, 197.63, 353.21, 1.70, -0.1538, 0.0237, 0.9862, 0.0562
16:47:26, 1.37, 41, 197.74, 353.18, 1.70, -0.1548, 0.0238, 0.9861, 0.0565
16:47:26, 1.37, 41, 197.86, 353.18, 1.69, -0.1558, 0.0238, 0.9859, 0.0565
16:47:26, 1.40, 42, 197.98, 353.18, 1.69, -0.1568, 0.0239, 0.9857, 0.0565
16:47:26, 1.40, 42, 198.03, 353.19, 1.70, -0.1573, 0.0239, 0.9857, 0.0563
16:47:26, 1.43, 43, 198.09, 353.21, 1.72, -0.1578, 0.0241, 0.9856, 0.0561
16:47:26, 1.43, 43, 198.17, 353.25, 1.73, -0.1585, 0.0241, 0.9855, 0.0557
16:47:26, 1.43, 43, 198.24, 353.28, 1.72, -0.1591, 0.0241, 0.9854, 0.0555
16:47:27, 1.47, 44, 198.30, 353.29, 1.73, -0.1596, 0.0242, 0.9853, 0.0554
16:47:27, 1.47, 44, 198.36, 353.35, 1.67, -0.1601, 0.0237, 0.9853, 0.0549
16:47:27, 1.50, 45, 198.41, 353.36, 1.64, -0.1605, 0.0234, 0.9852, 0.0548
16:47:27, 1.50, 45, 198.48, 353.40, 1.61, -0.1611, 0.0230, 0.9852, 0.0545
16:47:27, 1.50, 45, 198.53, 353.42, 1.58, -0.1615, 0.0228, 0.9851, 0.0544
16:47:27, 1.53, 46, 198.61, 353.51, 1.54, -0.1621, 0.0224, 0.9851, 0.0537
16:47:27, 1.53, 46, 198.67, 353.56, 1.51, -0.1626, 0.0221, 0.9850, 0.0533
16:47:27, 1.57, 47, 198.74, 353.62, 1.42, -0.1633, 0.0212, 0.9849, 0.0529
16:47:27, 1.57, 47, 198.85, 353.65, 1.37, -0.1641, 0.0208, 0.9848, 0.0526
16:47:27, 1.60, 48, 198.98, 353.70, 1.27, -0.1652, 0.0200, 0.9847, 0.0524
16:47:27, 1.60, 48, 199.17, 353.78, 1.16, -0.1668, 0.0190, 0.9844, 0.0518
16:47:27, 1.60, 48, 199.41, 353.89, 1.06, -0.1688, 0.0181, 0.9842, 0.0510
16:47:27, 1.63, 49, 199.71, 354.02, 0.98, -0.1713, 0.0173, 0.9838, 0.0500
16:47:27, 1.63, 49, 200.01, 354.22, 0.88, -0.1739, 0.0163, 0.9834, 0.0483
16:47:27, 1.67, 50, 200.33, 354.45, 0.79, -0.1766, 0.0153, 0.9831, 0.0464
16:47:27, 1.67, 50, 200.64, 354.77, 0.70, -0.1793, 0.0142, 0.9827, 0.0438
16:47:27, 1.67, 50, 200.99, 355.10, 0.60, -0.1822, 0.0129, 0.9823, 0.0411
16:47:27, 1.70, 51, 201.41, 355.49, 0.53, -0.1858, 0.0118, 0.9818, 0.0378
16:47:27, 1.70, 51, 201.82, 355.80, 0.39, -0.1893, 0.0103, 0.9812, 0.0353
16:47:27, 1.73, 52, 202.31, 356.07, 0.39, -0.1935, 0.0100, 0.9805, 0.0330
16:47:27, 1.73, 52, 202.76, 356.44, 0.29, -0.1973, 0.0087, 0.9798, 0.0300
16:47:27, 1.77, 53, 203.27, 356.85, 0.19, -0.2016, 0.0072, 0.9791, 0.0266
16:47:27, 1.77, 53, 203.79, 357.42, 0.10, -0.2061, 0.0055, 0.9783, 0.0219
16:47:27, 1.77, 53, 204.31, 358.14, 359.97, -0.2105, 0.0032, 0.9775, 0.0160
16:47:27, 1.80, 54, 204.88, 359.09, 359.84, -0.2154, 0.0003, 0.9765, 0.0081
16:47:27, 1.80, 54, 205.42, 0.08, 359.70, -0.2200, -0.0027, 0.9755, -0.0001
16:47:27, 1.83, 55, 206.00, 1.14, 359.56, -0.2250, -0.0060, 0.9743, -0.0088
16:47:27, 1.83, 55, 206.63, 2.23, 359.40, -0.2303, -0.0096, 0.9729, -0.0178
16:47:27, 1.83, 55, 207.19, 3.29, 359.31, -0.2352, -0.0126, 0.9715, -0.0265
16:47:27, 1.87, 56, 207.82, 4.36, 359.23, -0.2405, -0.0157, 0.9699, -0.0353
16:47:27, 1.87, 56, 208.46, 5.36, 359.08, -0.2459, -0.0193, 0.9681, -0.0434
16:47:27, 1.90, 57, 209.20, 6.48, 358.95, -0.2521, -0.0231, 0.9660, -0.0523
16:47:27, 1.90, 57, 209.98, 7.52, 358.80, -0.2587, -0.0271, 0.9637, -0.0606
16:47:27, 1.93, 58, 210.90, 8.50, 358.66, -0.2665, -0.0310, 0.9609, -0.0683
16:47:27, 1.93, 58, 212.05, 9.49, 358.48, -0.2762, -0.0355, 0.9575, -0.0758
16:47:27, 1.93, 58, 213.23, 10.42, 358.28, -0.2861, -0.0403, 0.9538, -0.0827
16:47:27, 1.97, 59, 214.55, 11.30, 358.18, -0.2970, -0.0444, 0.9497, -0.0893
16:47:27, 1.97, 59, 215.92, 12.17, 357.90, -0.3084, -0.0500, 0.9451, -0.0952
16:47:27, 2.00, 60, 217.32, 13.05, 357.52, -0.3201, -0.0568, 0.9403, -0.1008
16:47:27, 2.00, 60, 218.84, 13.85, 357.25, -0.3327, -0.0626, 0.9350, -0.1058
16:47:27, 2.00, 60, 220.29, 14.56, 357.11, -0.3445, -0.0671, 0.9299, -0.1103
16:47:27, 2.03, 61, 221.67, 15.11, 357.10, -0.3556, -0.0702, 0.9250, -0.1139
16:47:27, 2.03, 61, 222.94, 15.53, 357.14, -0.3657, -0.0725, 0.9206, -0.1167
16:47:27, 2.07, 62, 224.12, 15.90, 357.22, -0.3750, -0.0742, 0.9163, -0.1191
16:47:27, 2.07, 62, 225.20, 16.22, 357.36, -0.3834, -0.0752, 0.9125, -0.1214
16:47:27, 2.10, 63, 226.24, 16.50, 357.53, -0.3913, -0.0760, 0.9087, -0.1236
16:47:27, 2.10, 63, 227.18, 16.74, 357.71, -0.3985, -0.0763, 0.9053, -0.1255
16:47:27, 2.10, 63, 228.02, 16.96, 357.96, -0.4048, -0.0761, 0.9023, -0.1276
16:47:27, 2.13, 64, 228.79, 17.22, 358.17, -0.4105, -0.0762, 0.8994, -0.1298
16:47:27, 2.13, 64, 229.42, 17.37, 358.31, -0.4152, -0.0763, 0.8970, -0.1311
16:47:27, 2.17, 65, 229.95, 17.41, 358.36, -0.4193, -0.0767, 0.8950, -0.1312
16:47:27, 2.17, 65, 230.39, 17.46, 358.32, -0.4227, -0.0777, 0.8933, -0.1311
16:47:27, 2.17, 65, 230.93, 17.54, 358.41, -0.4268, -0.0779, 0.8913, -0.1317
16:47:27, 2.20, 66, 231.31, 17.69, 358.36, -0.4297, -0.0793, 0.8897, -0.1324
16:47:27, 2.20, 66, 231.72, 17.82, 358.40, -0.4329, -0.0800, 0.8880, -0.1333
16:47:27, 2.23, 67, 231.97, 18.02, 358.39, -0.4347, -0.0811, 0.8868, -0.1347
16:47:27, 2.23, 67, 232.25, 18.17, 358.39, -0.4367, -0.0820, 0.8855, -0.1357
16:47:27, 2.27, 68, 232.54, 18.23, 358.32, -0.4390, -0.0831, 0.8843, -0.1357
16:47:27, 2.27, 68, 232.83, 18.35, 358.31, -0.4412, -0.0839, 0.8830, -0.1363
16:47:27, 2.27, 68, 233.16, 18.40, 358.31, -0.4438, -0.0846, 0.8816, -0.1364
16:47:27, 2.30, 69, 233.54, 18.40, 358.32, -0.4467, -0.0850, 0.8802, -0.1362
16:47:27, 2.30, 69, 233.84, 18.46, 358.35, -0.4489, -0.0853, 0.8790, -0.1366
16:47:27, 2.33, 70, 234.09, 18.58, 358.40, -0.4507, -0.0857, 0.8779, -0.1376
16:47:27, 2.33, 70, 234.28, 18.70, 358.50, -0.4520, -0.0856, 0.8770, -0.1387
16:47:27, 2.33, 70, 234.47, 18.78, 358.52, -0.4533, -0.0859, 0.8762, -0.1392
16:47:27, 2.37, 71, 234.68, 18.80, 358.58, -0.4549, -0.0859, 0.8754, -0.1395
16:47:27, 2.37, 71, 234.96, 18.79, 358.56, -0.4570, -0.0863, 0.8742, -0.1391
16:47:27, 2.40, 72, 235.28, 18.75, 358.59, -0.4594, -0.0863, 0.8731, -0.1387
16:47:27, 2.40, 72, 235.62, 18.80, 358.62, -0.4620, -0.0867, 0.8716, -0.1389
16:47:27, 2.43, 73, 235.98, 18.90, 358.68, -0.4646, -0.0871, 0.8701, -0.1396
16:47:27, 2.43, 73, 236.30, 19.02, 358.75, -0.4668, -0.0874, 0.8687, -0.1406
16:47:27, 2.43, 73, 236.59, 19.11, 358.80, -0.4689, -0.0878, 0.8674, -0.1413
16:47:28, 2.47, 74, 236.88, 19.22, 358.84, -0.4710, -0.0883, 0.8661, -0.1420
16:47:28, 2.47, 74, 237.15, 19.34, 358.86, -0.4729, -0.0889, 0.8649, -0.1428
16:47:28, 2.50, 75, 237.45, 19.51, 358.98, -0.4750, -0.0892, 0.8635, -0.1444
16:47:28, 2.50, 75, 237.71, 19.58, 359.07, -0.4768, -0.0890, 0.8624, -0.1451
16:47:28, 2.50, 75, 237.95, 19.72, 359.20, -0.4783, -0.0890, 0.8613, -0.1465
16:47:28, 2.53, 76, 238.17, 19.82, 359.26, -0.4798, -0.0892, 0.8603, -0.1473
16:47:28, 2.53, 76, 238.39, 19.87, 359.28, -0.4814, -0.0896, 0.8593, -0.1476
16:47:28, 2.57, 77, 238.61, 19.88, 359.35, -0.4830, -0.0894, 0.8584, -0.1478
16:47:28, 2.57, 77, 238.87, 19.90, 359.40, -0.4848, -0.0894, 0.8574, -0.1479
16:47:28, 2.60, 78, 239.11, 19.96, 359.45, -0.4865, -0.0896, 0.8563, -0.1484
16:47:28, 2.60, 78, 239.33, 19.96, 359.52, -0.4881, -0.0894, 0.8554, -0.1485
16:47:28, 2.60, 78, 239.56, 20.03, 359.57, -0.4897, -0.0896, 0.8544, -0.1491
16:47:28, 2.63, 79, 239.78, 20.13, 359.56, -0.4913, -0.0903, 0.8533, -0.1496
16:47:28, 2.63, 79, 240.02, 20.20, 359.55, -0.4930, -0.0911, 0.8522, -0.1499
16:47:28, 2.67, 80, 240.26, 20.26, 359.56, -0.4947, -0.0916, 0.8511, -0.1502
16:47:28, 2.67, 80, 240.54, 20.31, 359.55, -0.4967, -0.0923, 0.8498, -0.1503
16:47:28, 2.67, 80, 240.83, 20.44, 359.58, -0.4988, -0.0929, 0.8483, -0.1512
16:47:28, 2.70, 81, 241.16, 20.60, 359.63, -0.5010, -0.0937, 0.8467, -0.1523
16:47:28, 2.70, 81, 241.47, 20.77, 359.69, -0.5031, -0.0944, 0.8452, -0.1536
16:47:28, 2.73, 82, 241.80, 21.01, 359.76, -0.5053, -0.0954, 0.8435, -0.1554
16:47:28, 2.73, 82, 242.15, 21.19, 359.80, -0.5076, -0.0963, 0.8417, -0.1566
16:47:28, 2.77, 83, 242.45, 21.38, 359.84, -0.5096, -0.0973, 0.8402, -0.1579
16:47:28, 2.77, 83, 242.75, 21.48, 359.90, -0.5116, -0.0977, 0.8387, -0.1587
16:47:28, 2.77, 83, 243.07, 21.61, 359.96, -0.5138, -0.0984, 0.8372, -0.1596
16:47:28, 2.80, 84, 243.37, 21.73, 0.11, -0.5157, -0.0982, 0.8358, -0.1609
16:47:28, 2.80, 84, 243.60, 21.82, 0.22, -0.5171, -0.0981, 0.8347, -0.1619
16:47:28, 2.83, 85, 243.79, 21.91, 0.35, -0.5183, -0.0979, 0.8338, -0.1629
16:47:28, 2.83, 85, 243.88, 22.02, 0.41, -0.5187, -0.0980, 0.8334, -0.1639
16:47:28, 2.87, 86, 243.96, 22.10, 0.46, -0.5191, -0.0981, 0.8329, -0.1646
16:47:28, 2.87, 86, 243.93, 22.15, 0.46, -0.5189, -0.0984, 0.8330, -0.1651
16:47:28, 2.87, 86, 243.90, 22.12, 0.33, -0.5189, -0.0991, 0.8330, -0.1643
16:47:28, 2.90, 87, 243.89, 22.08, 0.23, -0.5190, -0.0996, 0.8331, -0.1636
16:47:28, 2.90, 87, 243.85, 22.04, 0.16, -0.5188, -0.0999, 0.8332, -0.1630
16:47:28, 2.93, 88, 243.80, 22.04, 0.12, -0.5185, -0.1001, 0.8334, -0.1628
16:47:28, 2.93, 88, 243.71, 22.03, 0.03, -0.5180, -0.1006, 0.8337, -0.1625
16:47:28, 2.93, 88, 243.60, 22.04, 359.95, -0.5173, -0.1011, 0.8342, -0.1622
16:47:28, 2.97, 89, 243.49, 22.07, 359.88, -0.5166, -0.1015, 0.8346, -0.1622
16:47:28, 2.97, 89, 243.39, 22.06, 359.83, -0.5159, -0.1017, 0.8350, -0.1620
16:47:28, 3.00, 90, 243.32, 22.04, 359.73, -0.5156, -0.1023, 0.8352, -0.1615
16:47:28, 3.00, 90, 243.27, 22.01, 359.64, -0.5154, -0.1027, 0.8354, -0.1609
16:47:28, 3.00, 90, 243.27, 21.95, 359.63, -0.5154, -0.1025, 0.8355, -0.1605
16:47:28, 3.03, 91, 243.25, 21.89, 359.61, -0.5154, -0.1025, 0.8356, -0.1599
16:47:28, 3.03, 91, 243.23, 21.94, 359.64, -0.5151, -0.1023, 0.8357, -0.1604
16:47:28, 3.07, 92, 243.17, 21.92, 359.64, -0.5148, -0.1022, 0.8360, -0.1603
16:47:28, 3.07, 92, 243.11, 21.95, 359.64, -0.5142, -0.1022, 0.8362, -0.1606
16:47:28, 3.10, 93, 243.03, 21.95, 359.62, -0.5137, -0.1023, 0.8366, -0.1606
16:47:28, 3.10, 93, 243.02, 21.92, 359.61, -0.5136, -0.1022, 0.8367, -0.1603
16:47:28, 3.10, 93, 243.00, 21.85, 359.62, -0.5135, -0.1018, 0.8369, -0.1599
16:47:28, 3.13, 94, 242.99, 21.78, 359.62, -0.5136, -0.1015, 0.8370, -0.1594
16:47:28, 3.13, 94, 243.00, 21.70, 359.66, -0.5136, -0.1009, 0.8371, -0.1590
16:47:28, 3.17, 95, 242.95, 21.71, 359.70, -0.5132, -0.1006, 0.8373, -0.1593
16:47:28, 3.17, 95, 242.90, 21.72, 359.70, -0.5128, -0.1005, 0.8376, -0.1594
16:47:28, 3.20, 96, 242.85, 21.72, 359.72, -0.5124, -0.1003, 0.8378, -0.1595
16:47:28, 3.20, 96, 242.80, 21.69, 359.69, -0.5122, -0.1003, 0.8380, -0.1592
16:47:28, 3.20, 96, 242.81, 21.63, 359.67, -0.5123, -0.1002, 0.8381, -0.1587
16:47:28, 3.23, 97, 242.82, 21.59, 359.64, -0.5124, -0.1002, 0.8380, -0.1583
16:47:28, 3.23, 97, 242.86, 21.57, 359.66, -0.5127, -0.1000, 0.8379, -0.1582
16:47:28, 3.27, 98, 242.90, 21.55, 359.72, -0.5129, -0.0996, 0.8378, -0.1582
16:47:28, 3.27, 98, 242.92, 21.54, 359.79, -0.5130, -0.0990, 0.8378, -0.1585
16:47:28, 3.27, 98, 242.90, 21.52, 359.83, -0.5128, -0.0986, 0.8380, -0.1585
16:47:28, 3.30, 99, 242.90, 21.48, 359.85, -0.5128, -0.0984, 0.8380, -0.1583
16:47:28, 3.30, 99, 242.93, 21.46, 359.84, -0.5131, -0.0983, 0.8379, -0.1581
16:47:28, 3.33, 100, 243.02, 21.40, 359.86, -0.5137, -0.0981, 0.8376, -0.1577
16:47:28, 3.33, 100, 243.08, 21.35, 359.90, -0.5142, -0.0976, 0.8374, -0.1574
16:47:28, 3.37, 101, 243.13, 21.27, 359.94, -0.5145, -0.0971, 0.8374, -0.1570
16:47:28, 3.37, 101, 243.17, 21.21, 359.98, -0.5148, -0.0965, 0.8373, -0.1567
16:47:28, 3.37, 101, 243.19, 21.15, 0.02, -0.5150, -0.0960, 0.8373, -0.1565
16:47:28, 3.40, 102, 243.21, 21.12, 0.08, -0.5151, -0.0955, 0.8373, -0.1565
16:47:28, 3.40, 102, 243.22, 21.07, 0.11, -0.5152, -0.0950, 0.8374, -0.1563
16:47:28, 3.43, 103, 243.22, 21.02, 0.14, -0.5151, -0.0946, 0.8375, -0.1560
16:47:28, 3.43, 103, 243.22, 20.99, 0.16, -0.5151, -0.0943, 0.8375, -0.1558
16:47:28, 3.43, 103, 243.21, 20.93, 0.17, -0.5151, -0.0939, 0.8377, -0.1555
16:47:29, 3.47, 104, 243.20, 20.86, 0.20, -0.5150, -0.0934, 0.8378, -0.1551
16:47:29, 3.47, 104, 243.19, 20.79, 0.22, -0.5150, -0.0930, 0.8380, -0.1547
16:47:29, 3.50, 105, 243.20, 20.75, 0.25, -0.5151, -0.0926, 0.8380, -0.1545
16:47:29, 3.50, 105, 243.23, 20.69, 0.27, -0.5153, -0.0921, 0.8380, -0.1541
16:47:29, 3.50, 105, 243.26, 20.62, 0.32, -0.5156, -0.0915, 0.8379, -0.1538
16:47:29, 3.53, 106, 243.31, 20.53, 0.38, -0.5159, -0.0908, 0.8379, -0.1534
16:47:29, 3.53, 106, 243.36, 20.43, 0.43, -0.5162, -0.0900, 0.8379, -0.1529
16:47:29, 3.57, 107, 243.43, 20.28, 0.50, -0.5168, -0.0889, 0.8378, -0.1521
16:47:29, 3.57, 107, 243.52, 20.10, 0.59, -0.5175, -0.0876, 0.8377, -0.1510
16:47:29, 3.60, 108, 243.62, 19.94, 0.66, -0.5183, -0.0865, 0.8375, -0.1501
16:47:29, 3.60, 108, 243.73, 19.72, 0.70, -0.5192, -0.0853, 0.8373, -0.1486
16:47:29, 3.60, 108, 243.83, 19.45, 0.70, -0.5202, -0.0842, 0.8372, -0.1465
16:47:29, 3.63, 109, 243.92, 19.19, 0.69, -0.5210, -0.0832, 0.8371, -0.1446
16:47:29, 3.63, 109, 243.99, 18.88, 0.67, -0.5218, -0.0820, 0.8371, -0.1421
16:47:29, 3.67, 110, 244.07, 18.53, 0.63, -0.5228, -0.0808, 0.8371, -0.1393
16:47:29, 3.67, 110, 244.16, 18.16, 0.56, -0.5238, -0.0797, 0.8371, -0.1363
16:47:29, 3.70, 111, 244.24, 17.83, 0.52, -0.5247, -0.0786, 0.8371, -0.1336
16:47:29, 3.70, 111, 244.29, 17.39, 0.45, -0.5254, -0.0771, 0.8373, -0.1301
16:47:29, 3.70, 111, 244.35, 16.92, 0.37, -0.5263, -0.0756, 0.8375, -0.1262
16:47:29, 3.73, 112, 244.44, 16.40, 0.28, -0.5274, -0.0740, 0.8375, -0.1220
16:47:29, 3.73, 112, 244.50, 15.84, 0.20, -0.5283, -0.0720, 0.8378, -0.1174
16:47:29, 3.77, 113, 244.55, 15.28, 0.12, -0.5291, -0.0701, 0.8381, -0.1129
16:47:29, 3.77, 113, 244.64, 14.69, 0.02, -0.5302, -0.0682, 0.8382, -0.1081
16:47:29, 3.77, 113, 244.72, 14.10, 359.98, -0.5312, -0.0659, 0.8383, -0.1035
16:47:29, 3.80, 114, 244.84, 13.46, 359.88, -0.5325, -0.0637, 0.8382, -0.0984
16:47:29, 3.80, 114, 244.97, 12.79, 359.96, -0.5337, -0.0601, 0.8383, -0.0938
16:47:29, 3.83, 115, 245.03, 12.19, 359.88, -0.5346, -0.0580, 0.8384, -0.0889
16:47:29, 3.83, 115, 245.20, 11.54, 359.87, -0.5361, -0.0551, 0.8381, -0.0841
16:47:29, 3.87, 116, 245.32, 11.01, 359.90, -0.5372, -0.0525, 0.8380, -0.0803
16:47:29, 3.87, 116, 245.47, 10.44, 359.93, -0.5386, -0.0497, 0.8376, -0.0762
16:47:29, 3.87, 116, 245.51, 9.97, 359.96, -0.5390, -0.0473, 0.8378, -0.0729
16:47:29, 3.90, 117, 245.56, 9.48, 0.00, -0.5396, -0.0447, 0.8379, -0.0695
16:47:29, 3.90, 117, 245.55, 9.00, 359.96, -0.5397, -0.0427, 0.8382, -0.0658
16:47:29, 3.93, 118, 245.57, 8.53, 359.95, -0.5400, -0.0406, 0.8384, -0.0623
16:47:29, 3.93, 118, 245.61, 8.05, 359.93, -0.5405, -0.0386, 0.8384, -0.0586
16:47:29, 3.93, 118, 245.58, 7.56, 359.91, -0.5404, -0.0363, 0.8388, -0.0550
16:47:29, 3.97, 119, 245.64, 7.05, 359.87, -0.5410, -0.0343, 0.8388, -0.0510
16:47:29, 3.97, 119, 245.62, 6.56, 359.87, -0.5411, -0.0320, 0.8390, -0.0475
16:47:29, 4.00, 120, 245.58, 6.19, 359.83, -0.5408, -0.0305, 0.8394, -0.0446
16:47:29, 4.00, 120, 245.45, 5.73, 359.88, -0.5400, -0.0279, 0.8402, -0.0414
16:47:29, 4.03, 121, 245.25, 5.39, 359.89, -0.5386, -0.0261, 0.8413, -0.0391
16:47:29, 4.03, 121, 245.04, 4.94, 359.85, -0.5371, -0.0243, 0.8424, -0.0357
16:47:29, 4.03, 121, 244.85, 4.62, 359.79, -0.5358, -0.0231, 0.8434, -0.0331
16:47:29, 4.07, 122, 244.63, 4.25, 359.74, -0.5342, -0.0218, 0.8445, -0.0301
16:47:29, 4.07, 122, 244.36, 3.94, 359.68, -0.5324, -0.0207, 0.8458, -0.0276
16:47:29, 4.10, 123, 244.01, 3.58, 359.62, -0.5299, -0.0194, 0.8475, -0.0247
16:47:29, 4.10, 123, 243.68, 3.32, 359.57, -0.5274, -0.0185, 0.8491, -0.0226
16:47:29, 4.10, 123, 243.31, 2.95, 359.54, -0.5247, -0.0169, 0.8509, -0.0198
16:47:29, 4.13, 124, 242.88, 2.63, 359.53, -0.5216, -0.0154, 0.8529, -0.0175
16:47:29, 4.13, 124, 242.43, 2.36, 359.50, -0.5182, -0.0144, 0.8550, -0.0154
16:47:29, 4.17, 125, 241.89, 2.17, 359.48, -0.5142, -0.0136, 0.8574, -0.0139
16:47:29, 4.17, 125, 241.35, 1.99, 359.53, -0.5101, -0.0124, 0.8599, -0.0128
16:47:29, 4.20, 126, 240.72, 1.92, 359.50, -0.5054, -0.0123, 0.8627, -0.0122
16:47:29, 4.20, 126, 240.02, 1.81, 359.47, -0.5002, -0.0119, 0.8658, -0.0114
16:47:29, 4.20, 126, 239.22, 1.75, 359.43, -0.4941, -0.0119, 0.8692, -0.0109
16:47:29, 4.23, 127, 238.36, 1.72, 359.43, -0.4876, -0.0117, 0.8729, -0.0106
16:47:29, 4.23, 127, 237.44, 1.73, 359.40, -0.4806, -0.0118, 0.8768, -0.0107
16:47:29, 4.27, 128, 236.46, 1.72, 359.31, -0.4730, -0.0124, 0.8809, -0.0104
16:47:29, 4.27, 128, 235.46, 1.79, 359.17, -0.4653, -0.0137, 0.8850, -0.0104
16:47:29, 4.27, 128, 234.50, 1.75, 359.05, -0.4579, -0.0143, 0.8888, -0.0098
16:47:29, 4.30, 129, 233.55, 1.74, 358.91, -0.4505, -0.0154, 0.8926, -0.0093
16:47:29, 4.30, 129, 232.61, 1.74, 358.79, -0.4432, -0.0162, 0.8962, -0.0089
16:47:29, 4.33, 130, 231.71, 1.71, 358.69, -0.4362, -0.0168, 0.8997, -0.0084
16:47:29, 4.33, 130, 230.83, 1.70, 358.59, -0.4293, -0.0174, 0.9030, -0.0081
16:47:29, 4.33, 130, 229.99, 1.70, 358.47, -0.4226, -0.0184, 0.9061, -0.0078
16:47:29, 4.37, 131, 229.17, 1.68, 358.35, -0.4162, -0.0192, 0.9091, -0.0074
16:47:29, 4.37, 131, 228.39, 1.65, 358.22, -0.4100, -0.0200, 0.9118, -0.0068
16:47:29, 4.40, 132, 227.63, 1.49, 358.17, -0.4039, -0.0198, 0.9146, -0.0054
16:47:29, 4.40, 132, 226.90, 1.39, 358.06, -0.3981, -0.0204, 0.9171, -0.0044
16:47:29, 4.43, 133, 226.10, 1.30, 358.01, -0.3916, -0.0204, 0.9199, -0.0036
16:47:29, 4.43, 133, 225.33, 1.17, 357.88, -0.3854, -0.0210, 0.9225, -0.0023
16:47:29, 4.43, 133, 224.57, 1.07, 357.75, -0.3793, -0.0217, 0.9250, -0.0012
16:47:30, 4.47, 134, 223.91, 0.96, 357.54, -0.3740, -0.0231, 0.9272, 0.0003
16:47:30, 4.47, 134, 223.29, 0.84, 357.35, -0.3689, -0.0242, 0.9292, 0.0017
16:47:30, 4.50, 135, 222.69, 0.71, 357.22, -0.3640, -0.0249, 0.9310, 0.0031
16:47:30, 4.50, 135, 222.13, 0.59, 357.09, -0.3595, -0.0255, 0.9328, 0.0043
16:47:30, 4.50, 135, 221.62, 0.50, 357.01, -0.3552, -0.0259, 0.9344, 0.0052
16:47:30, 4.53, 136, 221.13, 0.44, 356.93, -0.3512, -0.0264, 0.9359, 0.0058
16:47:30, 4.53, 136, 220.67, 0.34, 356.89, -0.3475, -0.0265, 0.9373, 0.0067
16:47:30, 4.57, 137, 220.16, 0.16, 356.79, -0.3432, -0.0268, 0.9388, 0.0083
16:47:30, 4.57, 137, 219.75, 0.02, 356.72, -0.3398, -0.0270, 0.9401, 0.0095
16:47:30, 4.60, 138, 219.24, 359.92, 356.65, -0.3357, -0.0273, 0.9415, 0.0104
16:47:30, 4.60, 138, 218.70, 359.85, 356.52, -0.3312, -0.0282, 0.9431, 0.0113
16:47:30, 4.60, 138, 218.22, 359.79, 356.40, -0.3272, -0.0291, 0.9444, 0.0120
16:47:30, 4.63, 139, 217.69, 359.80, 356.27, -0.3228, -0.0302, 0.9459, 0.0122
16:47:30, 4.63, 139, 217.13, 359.76, 356.15, -0.3181, -0.0312, 0.9474, 0.0127
16:47:30, 4.67, 140, 216.57, 359.75, 356.10, -0.3135, -0.0317, 0.9490, 0.0127
16:47:30, 4.67, 140, 215.93, 359.74, 356.06, -0.3082, -0.0320, 0.9507, 0.0127
16:47:30, 4.67, 140, 215.20, 359.68, 355.99, -0.3021, -0.0325, 0.9526, 0.0132
16:47:30, 4.70, 141, 214.44, 359.60, 355.89, -0.2957, -0.0332, 0.9546, 0.0140
16:47:30, 4.70, 141, 213.57, 359.57, 355.80, -0.2884, -0.0340, 0.9568, 0.0142
16:47:30, 4.73, 142, 212.71, 359.49, 355.62, -0.2812, -0.0354, 0.9589, 0.0150
16:47:30, 4.73, 142, 211.79, 359.38, 355.49, -0.2735, -0.0363, 0.9611, 0.0160
16:47:30, 4.77, 143, 210.86, 359.28, 355.40, -0.2656, -0.0370, 0.9632, 0.0167
16:47:30, 4.77, 143, 209.76, 359.20, 355.27, -0.2563, -0.0381, 0.9657, 0.0174
16:47:30, 4.77, 143, 208.63, 359.11, 355.16, -0.2467, -0.0390, 0.9681, 0.0179
16:47:30, 4.80, 144, 207.34, 359.09, 355.11, -0.2358, -0.0396, 0.9708, 0.0178
16:47:30, 4.80, 144, 206.07, 359.05, 355.05, -0.2250, -0.0402, 0.9734, 0.0178
16:47:30, 4.83, 145, 204.69, 359.00, 354.95, -0.2132, -0.0412, 0.9760, 0.0180
16:47:30, 4.83, 145, 203.32, 358.94, 354.93, -0.2015, -0.0414, 0.9784, 0.0180
16:47:30, 4.87, 146, 201.96, 358.92, 354.91, -0.1898, -0.0418, 0.9808, 0.0177
16:47:30, 4.87, 146, 200.55, 358.98, 354.87, -0.1778, -0.0424, 0.9830, 0.0167
16:47:30, 4.87, 146, 199.20, 359.00, 354.82, -0.1662, -0.0431, 0.9850, 0.0161
16:47:30, 4.90, 147, 197.84, 358.96, 354.84, -0.1545, -0.0431, 0.9869, 0.0159
16:47:30, 4.90, 147, 196.48, 359.05, 354.76, -0.1428, -0.0440, 0.9887, 0.0147
16:47:30, 4.93, 148, 195.02, 358.98, 354.76, -0.1302, -0.0442, 0.9904, 0.0148
16:47:30, 4.93, 148, 193.42, 358.94, 354.66, -0.1163, -0.0452, 0.9921, 0.0146
16:47:30, 4.93, 148, 191.87, 359.01, 354.42, -0.1028, -0.0475, 0.9935, 0.0136
16:47:30, 4.97, 149, 190.31, 359.02, 354.29, -0.0893, -0.0488, 0.9947, 0.0130
16:47:30, 4.97, 149, 188.76, 359.01, 354.18, -0.0759, -0.0500, 0.9958, 0.0125
16:47:30, 5.00, 150, 187.11, 359.01, 354.16, -0.0615, -0.0503, 0.9968, 0.0118
16:47:30, 5.00, 150, 185.33, 359.02, 354.10, -0.0460, -0.0510, 0.9976, 0.0109
16:47:30, 5.00, 150, 183.36, 358.98, 354.06, -0.0288, -0.0515, 0.9982, 0.0104
16:47:30, 5.03, 151, 181.42, 359.03, 353.84, -0.0119, -0.0536, 0.9984, 0.0091
16:47:30, 5.03, 151, 179.43, 358.93, 353.60, 0.0055, -0.0559, 0.9984, 0.0091
16:47:30, 5.07, 152, 177.52, 358.90, 353.40, 0.0222, -0.0577, 0.9981, 0.0084
16:47:30, 5.07, 152, 175.59, 358.73, 353.30, 0.0390, -0.0589, 0.9975, 0.0088
16:47:30, 5.10, 153, 173.62, 358.58, 353.23, 0.0563, -0.0596, 0.9966, 0.0091
16:47:30, 5.10, 153, 171.62, 358.56, 353.11, 0.0737, -0.0609, 0.9954, 0.0081
16:47:30, 5.10, 153, 169.65, 358.50, 352.89, 0.0908, -0.0629, 0.9938, 0.0074
16:47:30, 5.13, 154, 167.82, 358.43, 352.64, 0.1067, -0.0653, 0.9921, 0.0068
16:47:30, 5.13, 154, 166.24, 358.41, 352.42, 0.1204, -0.0673, 0.9904, 0.0058
16:47:30, 5.17, 155, 164.65, 358.36, 352.27, 0.1342, -0.0687, 0.9886, 0.0051
16:47:30, 5.17, 155, 163.20, 358.34, 352.16, 0.1467, -0.0698, 0.9867, 0.0043
16:47:30, 5.20, 156, 161.78, 358.21, 352.12, 0.1590, -0.0703, 0.9848, 0.0045
16:47:30, 5.20, 156, 160.38, 358.13, 352.14, 0.1710, -0.0703, 0.9827, 0.0043
16:47:30, 5.20, 156, 158.94, 358.09, 352.10, 0.1834, -0.0708, 0.9805, 0.0037
16:47:30, 5.23, 157, 157.59, 358.13, 352.02, 0.1949, -0.0714, 0.9782, 0.0024
16:47:30, 5.23, 157, 156.35, 358.16, 351.98, 0.2055, -0.0717, 0.9760, 0.0014
16:47:30, 5.27, 158, 155.25, 358.15, 351.91, 0.2149, -0.0724, 0.9740, 0.0006
16:47:30, 5.27, 158, 153.99, 358.14, 352.00, 0.2256, -0.0716, 0.9716, 0.0001
16:47:30, 5.27, 158, 152.65, 358.00, 352.08, 0.2370, -0.0712, 0.9689, 0.0006
16:47:30, 5.30, 159, 151.17, 357.85, 352.09, 0.2496, -0.0715, 0.9657, 0.0009
16:47:30, 5.30, 159, 149.51, 357.77, 352.03, 0.2635, -0.0722, 0.9619, 0.0004
16:47:30, 5.33, 160, 147.70, 357.70, 351.97, 0.2788, -0.0728, 0.9576, -0.0002
16:47:30, 5.33, 160, 145.90, 357.62, 351.97, 0.2938, -0.0730, 0.9531, -0.0007
16:47:30, 5.33, 160, 144.04, 357.53, 352.03, 0.3093, -0.0728, 0.9482, -0.0010
16:47:30, 5.37, 161, 142.18, 357.37, 352.13, 0.3247, -0.0723, 0.9430, -0.0005
16:47:30, 5.37, 161, 140.23, 357.30, 352.27, 0.3407, -0.0714, 0.9374, -0.0008
16:47:30, 5.40, 162, 138.23, 357.19, 352.36, 0.3571, -0.0709, 0.9314, -0.0009
16:47:30, 5.40, 162, 136.19, 357.26, 352.49, 0.3736, -0.0697, 0.9250, -0.0023
16:47:30, 5.43, 163, 134.25, 357.33, 352.52, 0.3892, -0.0691, 0.9186, -0.0039
16:47:30, 5.43, 163, 132.42, 357.43, 352.47, 0.4037, -0.0691, 0.9122, -0.0060
16:47:30, 5.43, 163, 130.70, 357.32, 352.55, 0.4175, -0.0688, 0.9061, -0.0058
16:47:31, 5.47, 164, 129.15, 357.21, 352.67, 0.4297, -0.0681, 0.9004, -0.0055
16:47:31, 5.47, 164, 127.64, 357.09, 352.77, 0.4416, -0.0677, 0.8946, -0.0050
16:47:31, 5.50, 165, 126.25, 356.98, 352.94, 0.4525, -0.0668, 0.8892, -0.0044
16:47:31, 5.50, 165, 124.79, 356.92, 353.09, 0.4638, -0.0658, 0.8835, -0.0041
16:47:31, 5.50, 165, 123.37, 356.89, 353.18, 0.4747, -0.0652, 0.8777, -0.0044
16:47:31, 5.53, 166, 122.00, 356.89, 353.21, 0.4852, -0.0649, 0.8720, -0.0050
16:47:31, 5.53, 166, 120.58, 356.89, 353.29, 0.4960, -0.0643, 0.8659, -0.0055
16:47:31, 5.57, 167, 119.14, 356.86, 353.36, 0.5068, -0.0638, 0.8597, -0.0058
16:47:31, 5.57, 167, 117.68, 356.85, 353.44, 0.5178, -0.0631, 0.8532, -0.0061
16:47:31, 5.60, 168, 116.18, 356.73, 353.59, 0.5289, -0.0625, 0.8464, -0.0054
16:47:31, 5.60, 168, 114.58, 356.62, 353.71, 0.5407, -0.0620, 0.8389, -0.0048
16:47:31, 5.60, 168, 112.91, 356.41, 353.91, 0.5530, -0.0615, 0.8309, -0.0032
16:47:31, 5.63, 169, 111.11, 356.21, 354.16, 0.5660, -0.0607, 0.8222, -0.0015
16:47:31, 5.63, 169, 109.10, 356.05, 354.35, 0.5803, -0.0601, 0.8122, -0.0005
16:47:31, 5.67, 170, 106.97, 355.90, 354.53, 0.5953, -0.0596, 0.8013, 0.0003
16:47:31, 5.67, 170, 104.72, 355.86, 354.96, 0.6110, -0.0568, 0.7896, 0.0017
16:47:31, 5.67, 170, 102.33, 355.82, 355.40, 0.6273, -0.0541, 0.7769, 0.0032
16:47:31, 5.70, 171, 99.75, 355.84, 355.79, 0.6446, -0.0514, 0.7627, 0.0041
16:47:31, 5.70, 171, 97.09, 355.93, 356.25, 0.6621, -0.0480, 0.7478, 0.0050
16:47:31, 5.73, 172, 94.26, 356.06, 356.69, 0.6804, -0.0446, 0.7315, 0.0055
16:47:31, 5.73, 172, 91.45, 356.25, 357.09, 0.6981, -0.0410, 0.7148, 0.0057
16:47:31, 5.77, 173, 88.53, 356.39, 357.52, 0.7161, -0.0376, 0.6970, 0.0064
16:47:31, 5.77, 173, 85.57, 356.67, 357.95, 0.7338, -0.0335, 0.6785, 0.0066
16:47:31, 5.77, 173, 82.71, 356.93, 358.32, 0.7505, -0.0298, 0.6601, 0.0067
16:47:31, 5.80, 174, 79.86, 357.10, 358.64, 0.7667, -0.0270, 0.6414, 0.0071
16:47:31, 5.80, 174, 77.09, 357.31, 358.95, 0.7820, -0.0241, 0.6227, 0.0074
16:47:31, 5.83, 175, 74.45, 357.48, 359.26, 0.7962, -0.0214, 0.6047, 0.0082
16:47:31, 5.83, 175, 71.94, 357.73, 359.53, 0.8092, -0.0185, 0.5872, 0.0083
16:47:31, 5.87, 176, 69.48, 357.99, 359.88, 0.8216, -0.0150, 0.5697, 0.0091
16:47:31, 5.87, 176, 67.13, 358.27, 0.26, 0.8331, -0.0113, 0.5528, 0.0103
16:47:31, 5.87, 176, 64.88, 358.47, 0.63, 0.8438, -0.0083, 0.5364, 0.0118
16:47:31, 5.90, 177, 62.74, 358.68, 1.10, 0.8537, -0.0048, 0.5206, 0.0142
16:47:31, 5.90, 177, 60.75, 358.84, 1.39, 0.8626, -0.0026, 0.5057, 0.0156
16:47:31, 5.93, 178, 58.80, 358.99, 1.67, 0.8710, -0.0005, 0.4909, 0.0170
16:47:31, 5.93, 178, 56.98, 359.21, 2.06, 0.8787, 0.0025, 0.4770, 0.0191
16:47:31, 5.93, 178, 55.14, 359.33, 2.32, 0.8862, 0.0042, 0.4629, 0.0207
16:47:31, 5.97, 179, 53.40, 359.39, 2.55, 0.8931, 0.0053, 0.4493, 0.0223
16:47:31, 5.97, 179, 51.64, 359.49, 2.86, 0.8998, 0.0069, 0.4355, 0.0244
16:47:31, 6.00, 180, 49.93, 359.62, 3.13, 0.9062, 0.0085, 0.4220, 0.0262
16:47:31, 6.00, 180, 48.38, 359.66, 3.32, 0.9118, 0.0092, 0.4096, 0.0276
16:47:31, 6.03, 181, 46.88, 359.87, 3.47, 0.9170, 0.0110, 0.3977, 0.0282
16:47:31, 6.03, 181, 45.52, 359.98, 3.52, 0.9217, 0.0117, 0.3867, 0.0284
16:47:31, 6.03, 181, 44.29, 0.17, 3.48, 0.9258, 0.0128, 0.3768, 0.0275
16:47:31, 6.07, 182, 43.22, 0.36, 3.56, 0.9293, 0.0143, 0.3680, 0.0278
16:47:31, 6.07, 182, 42.23, 0.52, 3.56, 0.9324, 0.0154, 0.3600, 0.0274
16:47:31, 6.10, 183, 41.34, 0.72, 3.59, 0.9352, 0.0169, 0.3526, 0.0271
16:47:31, 6.10, 183, 40.47, 0.93, 3.65, 0.9379, 0.0186, 0.3454, 0.0271
16:47:31, 6.10, 183, 39.57, 1.14, 3.69, 0.9405, 0.0203, 0.3380, 0.0269
16:47:31, 6.13, 184, 38.75, 1.30, 3.78, 0.9429, 0.0216, 0.3312, 0.0273
16:47:31, 6.13, 184, 37.96, 1.42, 3.84, 0.9452, 0.0226, 0.3246, 0.0276
16:47:31, 6.17, 185, 37.16, 1.47, 3.86, 0.9474, 0.0229, 0.3180, 0.0278
16:47:31, 6.17, 185, 36.43, 1.43, 3.75, 0.9494, 0.0221, 0.3120, 0.0272
16:47:31, 6.17, 185, 35.71, 1.45, 3.63, 0.9514, 0.0218, 0.3061, 0.0263
16:47:31, 6.20, 186, 35.06, 1.45, 3.43, 0.9532, 0.0211, 0.3007, 0.0248
16:47:31, 6.20, 186, 34.51, 1.43, 3.19, 0.9547, 0.0202, 0.2962, 0.0229
16:47:31, 6.23, 187, 33.88, 1.41, 3.00, 0.9563, 0.0194, 0.2910, 0.0215
16:47:31, 6.23, 187, 33.34, 1.45, 2.65, 0.9577, 0.0187, 0.2865, 0.0185
16:47:31, 6.27, 188, 32.79, 1.46, 2.28, 0.9591, 0.0179, 0.2819, 0.0154
16:47:31, 6.27, 188, 32.30, 1.53, 1.83, 0.9604, 0.0173, 0.2779, 0.0116
16:47:31, 6.27, 188, 31.84, 1.58, 1.37, 0.9615, 0.0165, 0.2741, 0.0077
16:47:31, 6.30, 189, 31.45, 1.59, 0.92, 0.9625, 0.0155, 0.2708, 0.0039
16:47:31, 6.30, 189, 31.10, 1.59, 0.36, 0.9633, 0.0142, 0.2681, -0.0007
16:47:31, 6.33, 190, 30.82, 1.56, 359.85, 0.9640, 0.0127, 0.2657, -0.0049
16:47:31, 6.33, 190, 30.58, 1.61, 359.45, 0.9645, 0.0123, 0.2638, -0.0084
16:47:31, 6.33, 190, 30.36, 1.61, 359.03, 0.9649, 0.0114, 0.2619, -0.0119
16:47:31, 6.37, 191, 30.18, 1.61, 358.58, 0.9653, 0.0104, 0.2604, -0.0156
16:47:31, 6.37, 191, 30.04, 1.62, 358.15, 0.9655, 0.0095, 0.2593, -0.0192
16:47:31, 6.40, 192, 29.94, 1.66, 357.66, 0.9657, 0.0087, 0.2586, -0.0234
16:47:31, 6.40, 192, 29.91, 1.70, 357.19, 0.9656, 0.0080, 0.2583, -0.0275
16:47:31, 6.43, 193, 29.90, 1.73, 356.73, 0.9655, 0.0072, 0.2583, -0.0315
16:47:31, 6.43, 193, 30.00, 1.66, 356.30, 0.9652, 0.0056, 0.2591, -0.0349
16:47:31, 6.43, 193, 30.12, 1.57, 356.01, 0.9649, 0.0042, 0.2601, -0.0372
16:47:32, 6.47, 194, 30.18, 1.51, 355.77, 0.9646, 0.0031, 0.2606, -0.0390
16:47:32, 6.47, 194, 30.17, 1.49, 355.57, 0.9646, 0.0025, 0.2605, -0.0407
16:47:32, 6.50, 195, 30.16, 1.46, 355.32, 0.9645, 0.0017, 0.2604, -0.0427
16:47:32, 6.50, 195, 30.20, 1.40, 355.02, 0.9644, 0.0005, 0.2607, -0.0451
16:47:32, 6.50, 195, 30.26, 1.39, 354.68, 0.9641, -0.0004, 0.2613, -0.0479
16:47:32, 6.53, 196, 30.39, 1.28, 354.38, 0.9637, -0.0021, 0.2623, -0.0503
16:47:32, 6.53, 196, 30.60, 1.19, 354.09, 0.9631, -0.0036, 0.2640, -0.0525
16:47:32, 6.57, 197, 30.79, 1.02, 353.84, 0.9626, -0.0057, 0.2655, -0.0542
16:47:32, 6.57, 197, 30.94, 0.86, 353.64, 0.9621, -0.0075, 0.2667, -0.0555
16:47:32, 6.60, 198, 31.01, 0.65, 353.47, 0.9619, -0.0097, 0.2672, -0.0564
16:47:32, 6.60, 198, 31.07, 0.47, 353.25, 0.9617, -0.0118, 0.2676, -0.0579
16:47:32, 6.60, 198, 31.20, 0.32, 353.03, 0.9613, -0.0136, 0.2686, -0.0593
16:47:32, 6.63, 199, 31.34, 0.13, 352.79, 0.9609, -0.0159, 0.2696, -0.0608
16:47:32, 6.63, 199, 31.56, 359.94, 352.53, 0.9603, -0.0182, 0.2714, -0.0625
16:47:32, 6.67, 200, 31.71, 359.75, 352.26, 0.9598, -0.0205, 0.2724, -0.0643
16:47:32, 6.67, 200, 31.95, 359.55, 351.96, 0.9591, -0.0230, 0.2743, -0.0663
16:47:32, 6.67, 200, 32.14, 359.33, 351.67, 0.9585, -0.0257, 0.2757, -0.0682
16:47:32, 6.70, 201, 32.41, 359.14, 351.40, 0.9577, -0.0281, 0.2777, -0.0699
16:47:32, 6.70, 201, 32.72, 359.02, 351.11, 0.9568, -0.0300, 0.2802, -0.0720
16:47:32, 6.73, 202, 33.03, 358.87, 350.84, 0.9559, -0.0322, 0.2826, -0.0737
16:47:32, 6.73, 202, 33.33, 358.77, 350.57, 0.9550, -0.0338, 0.2849, -0.0757
16:47:32, 6.77, 203, 33.67, 358.75, 350.27, 0.9539, -0.0350, 0.2877, -0.0780
16:47:32, 6.77, 203, 34.08, 358.65, 350.09, 0.9527, -0.0365, 0.2910, -0.0792
16:47:32, 6.77, 203, 34.51, 358.59, 349.88, 0.9515, -0.0378, 0.2944, -0.0806
16:47:32, 6.80, 204, 34.98, 358.55, 349.73, 0.9502, -0.0389, 0.2983, -0.0815
16:47:32, 6.80, 204, 35.44, 358.52, 349.59, 0.9489, -0.0398, 0.3019, -0.0825
16:47:32, 6.83, 205, 35.88, 358.56, 349.51, 0.9477, -0.0401, 0.3056, -0.0831
16:47:32, 6.83, 205, 36.30, 358.56, 349.48, 0.9465, -0.0405, 0.3091, -0.0832
16:47:32, 6.87, 206, 36.65, 358.61, 349.38, 0.9455, -0.0406, 0.3120, -0.0841
16:47:32, 6.87, 206, 36.97, 358.69, 349.28, 0.9445, -0.0404, 0.3147, -0.0850
16:47:32, 6.87, 206, 37.29, 358.80, 349.23, 0.9436, -0.0399, 0.3173, -0.0856
16:47:32, 6.90, 207, 37.56, 358.82, 349.18, 0.9428, -0.0401, 0.3196, -0.0860
16:47:32, 6.90, 207, 37.87, 358.88, 349.14, 0.9419, -0.0399, 0.3222, -0.0863
16:47:32, 6.93, 208, 38.08, 358.97, 349.15, 0.9413, -0.0393, 0.3240, -0.0864
16:47:32, 6.93, 208, 38.33, 359.03, 349.17, 0.9406, -0.0389, 0.3260, -0.0863
16:47:32, 6.93, 208, 38.47, 359.12, 349.23, 0.9402, -0.0381, 0.3273, -0.0861
16:47:32, 6.97, 209, 38.52, 359.23, 349.27, 0.9401, -0.0371, 0.3278, -0.0860
16:47:32, 6.97, 209, 38.62, 359.36, 349.28, 0.9398, -0.0361, 0.3287, -0.0863
16:47:32, 7.00, 210, 38.73, 359.48, 349.25, 0.9394, -0.0353, 0.3298, -0.0869
16:47:32, 7.00, 210, 38.90, 359.58, 349.24, 0.9389, -0.0347, 0.3312, -0.0872
16:47:32, 7.00, 210, 39.09, 359.66, 349.27, 0.9383, -0.0340, 0.3328, -0.0871
16:47:32, 7.03, 211, 39.22, 359.72, 349.30, 0.9380, -0.0336, 0.3340, -0.0870
16:47:32, 7.03, 211, 39.34, 359.81, 349.32, 0.9376, -0.0329, 0.3350, -0.0871
16:47:32, 7.07, 212, 39.43, 359.85, 349.35, 0.9374, -0.0325, 0.3358, -0.0870
16:47:32, 7.07, 212, 39.50, 359.91, 349.36, 0.9372, -0.0320, 0.3364, -0.0870
16:47:32, 7.10, 213, 39.55, 359.96, 349.32, 0.9370, -0.0318, 0.3368, -0.0875
16:47:32, 7.10, 213, 39.61, 359.99, 349.32, 0.9368, -0.0316, 0.3373, -0.0875
16:47:32, 7.10, 213, 39.63, 0.03, 349.35, 0.9367, -0.0312, 0.3376, -0.0874
16:47:32, 7.13, 214, 39.64, 0.08, 349.33, 0.9367, -0.0309, 0.3377, -0.0877
16:47:32, 7.13, 214, 39.63, 0.17, 349.35, 0.9367, -0.0301, 0.3377, -0.0878
16:47:32, 7.17, 215, 39.63, 0.25, 349.41, 0.9367, -0.0293, 0.3378, -0.0876
16:47:32, 7.17, 215, 39.67, 0.32, 349.39, 0.9366, -0.0288, 0.3381, -0.0879
16:47:32, 7.17, 215, 39.69, 0.43, 349.43, 0.9365, -0.0278, 0.3384, -0.0879
16:47:32, 7.20, 216, 39.70, 0.47, 349.49, 0.9365, -0.0272, 0.3385, -0.0876
16:47:32, 7.20, 216, 39.70, 0.49, 349.47, 0.9365, -0.0272, 0.3385, -0.0878
16:47:32, 7.23, 217, 39.67, 0.50, 349.51, 0.9366, -0.0269, 0.3383, -0.0875
16:47:32, 7.23, 217, 39.66, 0.51, 349.53, 0.9366, -0.0268, 0.3382, -0.0873
16:47:32, 7.27, 218, 39.64, 0.52, 349.57, 0.9367, -0.0265, 0.3380, -0.0871
16:47:32, 7.27, 218, 39.61, 0.54, 349.57, 0.9368, -0.0264, 0.3378, -0.0871
16:47:32, 7.27, 218, 39.60, 0.58, 349.56, 0.9368, -0.0261, 0.3377, -0.0873
16:47:32, 7.30, 219, 39.60, 0.57, 349.52, 0.9368, -0.0262, 0.3377, -0.0876
16:47:32, 7.30, 219, 39.63, 0.59, 349.49, 0.9367, -0.0262, 0.3380, -0.0879
16:47:32, 7.33, 220, 39.62, 0.62, 349.50, 0.9367, -0.0259, 0.3379, -0.0879
16:47:32, 7.33, 220, 39.63, 0.62, 349.51, 0.9367, -0.0259, 0.3380, -0.0878
16:47:32, 7.37, 221, 39.66, 0.64, 349.52, 0.9366, -0.0258, 0.3382, -0.0878
16:47:32, 7.37, 221, 39.70, 0.65, 349.50, 0.9365, -0.0258, 0.3386, -0.0880
16:47:32, 7.37, 221, 39.74, 0.63, 349.49, 0.9363, -0.0260, 0.3390, -0.0880
16:47:32, 7.40, 222, 39.83, 0.64, 349.52, 0.9361, -0.0259, 0.3397, -0.0878
16:47:32, 7.40, 222, 39.87, 0.56, 349.50, 0.9360, -0.0266, 0.3400, -0.0877
16:47:32, 7.43, 223, 39.91, 0.56, 349.53, 0.9359, -0.0266, 0.3403, -0.0874
16:47:32, 7.43, 223, 39.95, 0.52, 349.55, 0.9358, -0.0268, 0.3406, -0.0871
16:47:32, 7.43, 223, 39.98, 0.50, 349.58, 0.9357, -0.0270, 0.3408, -0.0868
16:47:33, 7.47, 224, 39.98, 0.45, 349.58, 0.9357, -0.0273, 0.3408, -0.0867
16:47:33, 7.47, 224, 39.98, 0.43, 349.59, 0.9357, -0.0275, 0.3408, -0.0865
16:47:33, 7.50, 225, 39.99, 0.40, 349.62, 0.9358, -0.0277, 0.3409, -0.0862
16:47:33, 7.50, 225, 40.02, 0.35, 349.65, 0.9357, -0.0280, 0.3410, -0.0858
16:47:33, 7.50, 225, 40.05, 0.32, 349.68, 0.9356, -0.0282, 0.3413, -0.0855
16:47:33, 7.53, 226, 40.05, 0.26, 349.71, 0.9357, -0.0286, 0.3413, -0.0850
16:47:33, 7.53, 226, 40.07, 0.20, 349.74, 0.9357, -0.0290, 0.3413, -0.0846
16:47:33, 7.57, 227, 40.05, 0.19, 349.74, 0.9357, -0.0290, 0.3412, -0.0846
16:47:33, 7.57, 227, 40.06, 0.16, 349.74, 0.9357, -0.0293, 0.3413, -0.0845
16:47:33, 7.60, 228, 40.06, 0.12, 349.77, 0.9357, -0.0295, 0.3412, -0.0841
16:47:33, 7.60, 228, 40.08, 0.09, 349.79, 0.9357, -0.0298, 0.3414, -0.0839
16:47:33, 7.60, 228, 40.12, 0.06, 349.83, 0.9356, -0.0299, 0.3417, -0.0835
16:47:33, 7.63, 229, 40.17, 0.02, 349.87, 0.9355, -0.0301, 0.3421, -0.0830
16:47:33, 7.63, 229, 40.19, 359.99, 349.92, 0.9355, -0.0303, 0.3423, -0.0824
16:47:33, 7.67, 230, 40.22, 359.94, 349.93, 0.9354, -0.0307, 0.3424, -0.0822
16:47:33, 7.67, 230, 40.26, 359.87, 349.97, 0.9353, -0.0311, 0.3428, -0.0817
16:47:33, 7.67, 230, 40.26, 359.83, 350.03, 0.9354, -0.0313, 0.3427, -0.0811
16:47:33, 7.70, 231, 40.27, 359.77, 350.06, 0.9354, -0.0317, 0.3428, -0.0807
16:47:33, 7.70, 231, 40.30, 359.74, 350.07, 0.9353, -0.0319, 0.3430, -0.0805
16:47:33, 7.73, 232, 40.35, 359.69, 350.05, 0.9352, -0.0324, 0.3433, -0.0804
16:47:33, 7.73, 232, 40.39, 359.65, 350.08, 0.9351, -0.0327, 0.3437, -0.0801
16:47:33, 7.77, 233, 40.40, 359.60, 350.10, 0.9351, -0.0331, 0.3438, -0.0798
16:47:33, 7.77, 233, 40.41, 359.57, 350.11, 0.9351, -0.0333, 0.3438, -0.0796
16:47:33, 7.77, 233, 40.42, 359.56, 350.12, 0.9351, -0.0333, 0.3438, -0.0795
16:47:33, 7.80, 234, 40.40, 359.53, 350.17, 0.9351, -0.0334, 0.3437, -0.0790
16:47:33, 7.80, 234, 40.40, 359.51, 350.20, 0.9352, -0.0335, 0.3437, -0.0787
16:47:33, 7.83, 235, 40.41, 359.47, 350.21, 0.9352, -0.0338, 0.3438, -0.0785
16:47:33, 7.83, 235, 40.40, 359.47, 350.23, 0.9352, -0.0338, 0.3437, -0.0784
16:47:33, 7.87, 236, 40.40, 359.46, 350.23, 0.9352, -0.0338, 0.3437, -0.0783
16:47:33, 7.87, 236, 40.40, 359.45, 350.23, 0.9352, -0.0339, 0.3436, -0.0782
16:47:33, 7.87, 236, 40.42, 359.42, 350.26, 0.9352, -0.0341, 0.3438, -0.0779
16:47:33, 7.90, 237, 40.41, 359.43, 350.29, 0.9352, -0.0339, 0.3438, -0.0777
16:47:33, 7.90, 237, 40.39, 359.45, 350.30, 0.9353, -0.0337, 0.3436, -0.0777
16:47:33, 7.93, 238, 40.37, 359.46, 350.33, 0.9354, -0.0335, 0.3435, -0.0775
16:47:33, 7.93, 238, 40.38, 359.47, 350.31, 0.9353, -0.0335, 0.3435, -0.0777
16:47:33, 7.93, 238, 40.36, 359.48, 350.31, 0.9354, -0.0333, 0.3434, -0.0777
16:47:33, 7.97, 239, 40.35, 359.49, 350.33, 0.9354, -0.0332, 0.3433, -0.0776
16:47:33, 7.97, 239, 40.35, 359.48, 350.33, 0.9354, -0.0333, 0.3433, -0.0775
16:47:33, 8.00, 240, 40.36, 359.49, 350.33, 0.9354, -0.0333, 0.3434, -0.0776
16:47:33, 8.00, 240, 40.38, 359.49, 350.33, 0.9353, -0.0333, 0.3436, -0.0776
16:47:33, 8.00, 240, 40.41, 359.51, 350.34, 0.9353, -0.0331, 0.3438, -0.0776
16:47:33, 8.03, 241, 40.42, 359.52, 350.34, 0.9352, -0.0330, 0.3439, -0.0776
16:47:33, 8.03, 241, 40.41, 359.54, 350.34, 0.9352, -0.0329, 0.3438, -0.0776
16:47:33, 8.07, 242, 40.41, 359.57, 350.33, 0.9352, -0.0327, 0.3438, -0.0778
16:47:33, 8.07, 242, 40.41, 359.64, 350.31, 0.9352, -0.0321, 0.3439, -0.0782
16:47:33, 8.10, 243, 40.44, 359.66, 350.34, 0.9351, -0.0319, 0.3441, -0.0780
16:47:33, 8.10, 243, 40.45, 359.67, 350.38, 0.9351, -0.0317, 0.3442, -0.0777
16:47:33, 8.10, 243, 40.44, 359.67, 350.40, 0.9352, -0.0316, 0.3442, -0.0775
16:47:33, 8.13, 244, 40.46, 359.67, 350.44, 0.9351, -0.0315, 0.3444, -0.0772
16:47:33, 8.13, 244, 40.44, 359.66, 350.44, 0.9352, -0.0316, 0.3442, -0.0772
16:47:33, 8.17, 245, 40.44, 359.65, 350.45, 0.9352, -0.0316, 0.3442, -0.0771
16:47:33, 8.17, 245, 40.44, 359.66, 350.46, 0.9352, -0.0315, 0.3442, -0.0770
16:47:33, 8.17, 245, 40.42, 359.66, 350.46, 0.9353, -0.0315, 0.3441, -0.0770
16:47:33, 8.20, 246, 40.40, 359.66, 350.47, 0.9353, -0.0315, 0.3439, -0.0770
16:47:33, 8.20, 246, 40.37, 359.65, 350.48, 0.9354, -0.0315, 0.3436, -0.0769
16:47:33, 8.23, 247, 40.37, 359.65, 350.48, 0.9354, -0.0314, 0.3436, -0.0768
16:47:33, 8.23, 247, 40.36, 359.65, 350.49, 0.9355, -0.0314, 0.3435, -0.0768
16:47:33, 8.27, 248, 40.35, 359.65, 350.51, 0.9355, -0.0314, 0.3435, -0.0766
16:47:33, 8.27, 248, 40.35, 359.65, 350.52, 0.9355, -0.0314, 0.3435, -0.0765
16:47:33, 8.27, 248, 40.34, 359.65, 350.54, 0.9356, -0.0313, 0.3434, -0.0764
16:47:33, 8.30, 249, 40.32, 359.67, 350.54, 0.9356, -0.0312, 0.3433, -0.0764
16:47:33, 8.30, 249, 40.33, 359.68, 350.52, 0.9356, -0.0311, 0.3433, -0.0766
16:47:33, 8.33, 250, 40.32, 359.69, 350.53, 0.9356, -0.0310, 0.3433, -0.0766
16:47:33, 8.33, 250, 40.33, 359.70, 350.52, 0.9356, -0.0309, 0.3433, -0.0767
16:47:33, 8.33, 250, 40.33, 359.71, 350.53, 0.9356, -0.0308, 0.3434, -0.0766
16:47:33, 8.37, 251, 40.34, 359.73, 350.54, 0.9356, -0.0307, 0.3434, -0.0766
16:47:33, 8.37, 251, 40.34, 359.74, 350.58, 0.9356, -0.0304, 0.3434, -0.0763
16:47:33, 8.40, 252, 40.33, 359.75, 350.62, 0.9356, -0.0303, 0.3434, -0.0760
16:47:33, 8.40, 252, 40.32, 359.76, 350.62, 0.9356, -0.0302, 0.3433, -0.0761
16:47:33, 8.43, 253, 40.31, 359.74, 350.63, 0.9357, -0.0303, 0.3433, -0.0759
16:47:33, 8.43, 253, 40.32, 359.71, 350.68, 0.9357, -0.0304, 0.3433, -0.0754
16:47:33, 8.43, 253, 40.30, 359.74, 350.70, 0.9358, -0.0300, 0.3432, -0.0753
16:47:34, 8.47, 254, 40.32, 359.75, 350.71, 0.9357, -0.0299, 0.3433, -0.0753
16:47:34, 8.47, 254, 40.32, 359.79, 350.70, 0.9357, -0.0297, 0.3434, -0.0755
16:47:34, 8.50, 255, 40.32, 359.78, 350.71, 0.9357, -0.0297, 0.3434, -0.0754
16:47:34, 8.50, 255, 40.33, 359.78, 350.71, 0.9357, -0.0297, 0.3435, -0.0753
16:47:34, 8.50, 255, 40.34, 359.81, 350.71, 0.9356, -0.0295, 0.3436, -0.0755
16:47:34, 8.53, 256, 40.36, 359.86, 350.72, 0.9356, -0.0291, 0.3438, -0.0755
16:47:34, 8.53, 256, 40.38, 359.85, 350.73, 0.9355, -0.0291, 0.3439, -0.0754
16:47:34, 8.57, 257, 40.42, 359.82, 350.75, 0.9354, -0.0293, 0.3442, -0.0751
16:47:34, 8.57, 257, 40.44, 359.81, 350.77, 0.9354, -0.0294, 0.3444, -0.0750
16:47:34, 8.60, 258, 40.44, 359.79, 350.82, 0.9354, -0.0294, 0.3443, -0.0744
16:47:34, 8.60, 258, 40.42, 359.75, 350.85, 0.9355, -0.0296, 0.3442, -0.0741
16:47:34, 8.60, 258, 40.40, 359.72, 350.86, 0.9356, -0.0298, 0.3440, -0.0739
16:47:34, 8.63, 259, 40.36, 359.68, 350.88, 0.9357, -0.0301, 0.3437, -0.0737
16:47:34, 8.63, 259, 40.36, 359.64, 350.89, 0.9357, -0.0303, 0.3436, -0.0735
16:47:34, 8.67, 260, 40.32, 359.60, 350.89, 0.9359, -0.0306, 0.3433, -0.0734
16:47:34, 8.67, 260, 40.32, 359.58, 350.90, 0.9359, -0.0307, 0.3433, -0.0732
16:47:34, 8.67, 260, 40.34, 359.55, 350.93, 0.9358, -0.0309, 0.3435, -0.0729
16:47:34, 8.70, 261, 40.36, 359.50, 350.96, 0.9358, -0.0313, 0.3435, -0.0725
16:47:34, 8.70, 261, 40.33, 359.49, 351.02, 0.9359, -0.0311, 0.3434, -0.0719
16:47:34, 8.73, 262, 40.32, 359.48, 351.05, 0.9360, -0.0312, 0.3433, -0.0717
16:47:34, 8.73, 262, 40.33, 359.49, 351.05, 0.9360, -0.0311, 0.3433, -0.0717
16:47:34, 8.77, 263, 40.34, 359.45, 351.07, 0.9359, -0.0314, 0.3434, -0.0714
16:47:34, 8.77, 263, 40.37, 359.42, 351.08, 0.9359, -0.0315, 0.3436, -0.0713
16:47:34, 8.77, 263, 40.35, 359.37, 351.11, 0.9359, -0.0319, 0.3435, -0.0709
16:47:34, 8.80, 264, 40.33, 359.37, 351.12, 0.9360, -0.0318, 0.3433, -0.0708
16:47:34, 8.80, 264, 40.32, 359.33, 351.13, 0.9361, -0.0321, 0.3432, -0.0706
16:47:34, 8.83, 265, 40.30, 359.36, 351.11, 0.9361, -0.0319, 0.3430, -0.0708
16:47:34, 8.83, 265, 40.27, 359.37, 351.13, 0.9362, -0.0318, 0.3428, -0.0707
16:47:34, 8.83, 265, 40.25, 359.39, 351.11, 0.9362, -0.0317, 0.3427, -0.0709
16:47:34, 8.87, 266, 40.24, 359.38, 351.12, 0.9363, -0.0317, 0.3426, -0.0709
16:47:34, 8.90, 267, 40.29, 359.36, 351.14, 0.9362, -0.0318, 0.3430, -0.0706
16:47:34, 8.93, 268, 40.30, 359.36, 351.16, 0.9361, -0.0318, 0.3431, -0.0704
16:47:34, 8.93, 268, 40.31, 359.38, 351.16, 0.9361, -0.0316, 0.3431, -0.0705
16:47:34, 8.93, 268, 40.31, 359.38, 351.16, 0.9361, -0.0316, 0.3431, -0.0705
16:47:34, 8.97, 269, 40.31, 359.40, 351.16, 0.9361, -0.0315, 0.3431, -0.0706
16:47:34, 8.97, 269, 40.31, 359.41, 351.16, 0.9361, -0.0314, 0.3431, -0.0706
16:47:34, 9.00, 270, 40.32, 359.41, 351.17, 0.9361, -0.0314, 0.3432, -0.0705
16:47:34, 9.00, 270, 40.33, 359.40, 351.16, 0.9360, -0.0314, 0.3433, -0.0706
16:47:34, 9.00, 270, 40.34, 359.39, 351.17, 0.9360, -0.0315, 0.3434, -0.0704
16:47:34, 9.03, 271, 40.35, 359.39, 351.18, 0.9360, -0.0315, 0.3435, -0.0703
16:47:34, 9.03, 271, 40.36, 359.38, 351.19, 0.9360, -0.0316, 0.3435, -0.0703
16:47:34, 9.07, 272, 40.34, 359.36, 351.20, 0.9360, -0.0316, 0.3434, -0.0701
16:47:34, 9.07, 272, 40.33, 359.36, 351.21, 0.9361, -0.0316, 0.3433, -0.0700
16:47:34, 9.10, 273, 40.34, 359.36, 351.19, 0.9360, -0.0317, 0.3434, -0.0701
16:47:34, 9.10, 273, 40.36, 359.35, 351.18, 0.9360, -0.0318, 0.3436, -0.0702
16:47:34, 9.10, 273, 40.39, 359.34, 351.20, 0.9359, -0.0319, 0.3438, -0.0700
16:47:34, 9.13, 274, 40.43, 359.30, 351.21, 0.9358, -0.0322, 0.3440, -0.0698
16:47:34, 9.13, 274, 40.44, 359.32, 351.23, 0.9358, -0.0320, 0.3442, -0.0697
16:47:34, 9.17, 275, 40.41, 359.32, 351.27, 0.9359, -0.0318, 0.3440, -0.0694
16:47:34, 9.17, 275, 40.39, 359.31, 351.29, 0.9360, -0.0319, 0.3438, -0.0692
16:47:34, 9.20, 276, 40.37, 359.29, 351.31, 0.9360, -0.0319, 0.3436, -0.0690
16:47:34, 9.20, 276, 40.38, 359.30, 351.30, 0.9360, -0.0319, 0.3437, -0.0691
16:47:34, 9.20, 276, 40.38, 359.29, 351.28, 0.9360, -0.0320, 0.3437, -0.0692
16:47:34, 9.23, 277, 40.41, 359.26, 351.29, 0.9359, -0.0322, 0.3439, -0.0690
16:47:34, 9.23, 277, 40.43, 359.21, 351.36, 0.9359, -0.0325, 0.3441, -0.0683
16:47:34, 9.27, 278, 40.48, 359.21, 351.34, 0.9357, -0.0325, 0.3444, -0.0684
16:47:34, 9.27, 278, 40.55, 359.19, 351.33, 0.9355, -0.0328, 0.3450, -0.0684
16:47:34, 9.27, 278, 40.76, 359.09, 351.32, 0.9349, -0.0338, 0.3466, -0.0681
16:47:34, 9.30, 279, 41.03, 358.97, 351.36, 0.9341, -0.0348, 0.3488, -0.0674
16:47:34, 9.30, 279, 41.57, 358.74, 351.34, 0.9325, -0.0370, 0.3530, -0.0666
16:47:34, 9.33, 280, 42.28, 358.39, 351.55, 0.9304, -0.0396, 0.3587, -0.0637
16:47:34, 9.33, 280, 43.12, 358.10, 351.77, 0.9279, -0.0418, 0.3654, -0.0607
16:47:34, 9.33, 280, 44.00, 357.71, 351.87, 0.9252, -0.0451, 0.3723, -0.0582
16:47:34, 9.37, 281, 45.05, 357.41, 351.83, 0.9217, -0.0481, 0.3805, -0.0572
16:47:34, 9.37, 281, 46.40, 357.03, 351.84, 0.9172, -0.0518, 0.3911, -0.0552
16:47:34, 9.40, 282, 47.86, 356.64, 351.91, 0.9122, -0.0554, 0.4025, -0.0526
16:47:34, 9.40, 282, 49.41, 356.26, 352.08, 0.9068, -0.0584, 0.4147, -0.0491
16:47:34, 9.43, 283, 51.09, 355.86, 352.31, 0.9007, -0.0614, 0.4278, -0.0449
16:47:34, 9.43, 283, 52.79, 355.50, 352.46, 0.8943, -0.0643, 0.4409, -0.0415
16:47:34, 9.43, 283, 54.54, 355.20, 352.64, 0.8875, -0.0665, 0.4544, -0.0378
16:47:35, 9.47, 284, 56.35, 354.88, 352.87, 0.8802, -0.0686, 0.4683, -0.0337
16:47:35, 9.47, 284, 58.08, 354.57, 352.99, 0.8731, -0.0710, 0.4814, -0.0305
16:47:35, 9.50, 285, 60.02, 354.39, 352.98, 0.8648, -0.0729, 0.4960, -0.0285
16:47:35, 9.50, 285, 61.94, 354.10, 353.05, 0.8563, -0.0752, 0.5103, -0.0255
16:47:35, 9.53, 286, 63.96, 353.87, 353.09, 0.8472, -0.0772, 0.5252, -0.0228
16:47:35, 9.53, 286, 65.93, 353.63, 353.32, 0.8380, -0.0782, 0.5397, -0.0187
16:47:35, 9.53, 286, 67.93, 353.45, 353.47, 0.8285, -0.0791, 0.5541, -0.0153
16:47:35, 9.57, 287, 69.87, 353.29, 353.63, 0.8190, -0.0797, 0.5681, -0.0120
16:47:35, 9.57, 287, 71.85, 353.09, 353.90, 0.8091, -0.0799, 0.5822, -0.0077
16:47:35, 9.60, 288, 73.70, 352.90, 354.11, 0.7995, -0.0802, 0.5952, -0.0039
16:47:35, 9.60, 288, 75.52, 352.77, 354.24, 0.7900, -0.0805, 0.6078, -0.0011
16:47:35, 9.60, 288, 77.32, 352.70, 354.38, 0.7803, -0.0802, 0.6203, 0.0015
16:47:35, 9.63, 289, 79.05, 352.56, 354.60, 0.7708, -0.0799, 0.6320, 0.0049
16:47:35, 9.63, 289, 80.88, 352.26, 354.69, 0.7606, -0.0813, 0.6441, 0.0085
16:47:35, 9.67, 290, 82.67, 351.88, 354.92, 0.7503, -0.0823, 0.6558, 0.0136
16:47:35, 9.67, 290, 84.31, 351.36, 355.30, 0.7407, -0.0832, 0.6664, 0.0202
16:47:35, 9.67, 290, 85.85, 350.88, 355.63, 0.7315, -0.0840, 0.6762, 0.0262
16:47:35, 9.70, 291, 87.21, 350.36, 355.81, 0.7232, -0.0859, 0.6845, 0.0315
16:47:35, 9.70, 291, 88.57, 349.74, 355.99, 0.7147, -0.0883, 0.6928, 0.0375
16:47:35, 9.73, 292, 89.99, 349.12, 356.04, 0.7059, -0.0913, 0.7011, 0.0427
16:47:35, 9.73, 292, 91.47, 348.42, 356.19, 0.6965, -0.0941, 0.7097, 0.0491
16:47:35, 9.77, 293, 92.85, 347.68, 356.45, 0.6874, -0.0963, 0.7177, 0.0565
16:47:35, 9.77, 293, 94.15, 346.93, 356.68, 0.6788, -0.0986, 0.7249, 0.0637
16:47:35, 9.77, 293, 95.22, 346.23, 356.85, 0.6715, -0.1009, 0.7308, 0.0701
16:47:35, 9.80, 294, 96.24, 345.51, 357.00, 0.6644, -0.1035, 0.7362, 0.0766
16:47:35, 9.80, 294, 97.18, 344.67, 357.00, 0.6580, -0.1076, 0.7407, 0.0828
16:47:35, 9.83, 295, 98.19, 343.67, 357.03, 0.6507, -0.1124, 0.7455, 0.0905
16:47:35, 9.83, 295, 99.05, 342.62, 357.09, 0.6444, -0.1172, 0.7492, 0.0986
16:47:35, 9.87, 296, 99.73, 341.54, 357.08, 0.6392, -0.1226, 0.7517, 0.1063
16:47:35, 9.87, 296, 100.22, 340.49, 357.08, 0.6352, -0.1279, 0.7531, 0.1139
16:47:35, 9.87, 296, 100.76, 339.31, 356.89, 0.6308, -0.1351, 0.7544, 0.1213
16:47:35, 9.90, 297, 101.29, 338.20, 356.73, 0.6266, -0.1415, 0.7556, 0.1284
16:47:35, 9.90, 297, 101.86, 337.11, 356.61, 0.6220, -0.1475, 0.7569, 0.1357
16:47:35, 9.93, 298, 102.38, 336.14, 356.56, 0.6178, -0.1524, 0.7581, 0.1426
16:47:35, 9.93, 298, 102.77, 335.27, 356.53, 0.6144, -0.1567, 0.7588, 0.1488
16:47:35, 9.93, 298, 103.12, 334.52, 356.42, 0.6115, -0.1609, 0.7593, 0.1537
16:47:35, 9.97, 299, 103.52, 333.73, 356.31, 0.6082, -0.1652, 0.7599, 0.1590
16:47:35, 9.97, 299, 103.95, 333.10, 356.21, 0.6048, -0.1686, 0.7610, 0.1633
