Timestamp, VideoTime, VideoFrame, HeadYaw, HeadPitch, HeadRoll, HeadQuatW, HeadQuatX, HeadQuatY, HeadQuatZ
19:07:17, 0.00, 0, 304.65, 357.39, 4.13, -0.8852, 0.0369, 0.4633, -0.0214
19:07:17, 0.03, 1, 305.34, 357.23, 4.06, -0.8880, 0.0377, 0.4579, -0.0204
19:07:17, 0.03, 1, 306.06, 357.10, 3.94, -0.8908, 0.0382, 0.4523, -0.0192
19:07:17, 0.03, 1, 306.90, 356.91, 3.85, -0.8941, 0.0391, 0.4458, -0.0180
19:07:17, 0.07, 2, 307.89, 356.76, 3.74, -0.8980, 0.0397, 0.4380, -0.0169
19:07:17, 0.07, 2, 308.92, 356.63, 3.69, -0.9018, 0.0404, 0.4299, -0.0163
19:07:17, 0.10, 3, 310.05, 356.51, 3.59, -0.9060, 0.0408, 0.4210, -0.0155
19:07:17, 0.10, 3, 311.34, 356.35, 3.51, -0.9107, 0.0416, 0.4107, -0.0148
19:07:17, 0.10, 3, 312.71, 356.19, 3.40, -0.9156, 0.0423, 0.3997, -0.0139
19:07:17, 0.13, 4, 314.20, 356.07, 3.38, -0.9206, 0.0431, 0.3878, -0.0138
19:07:17, 0.13, 4, 315.68, 355.93, 3.33, -0.9256, 0.0438, 0.3758, -0.0135
19:07:17, 0.17, 5, 317.26, 355.82, 3.32, -0.9306, 0.0445, 0.3630, -0.0137
19:07:17, 0.17, 5, 318.77, 355.75, 3.29, -0.9353, 0.0448, 0.3507, -0.0138
19:07:17, 0.17, 5, 320.23, 355.67, 3.22, -0.9397, 0.0450, 0.3387, -0.0136
19:07:17, 0.20, 6, 321.67, 355.60, 3.12, -0.9439, 0.0451, 0.3269, -0.0131
19:07:17, 0.20, 6, 323.09, 355.50, 3.09, -0.9478, 0.0458, 0.3152, -0.0131
19:07:17, 0.23, 7, 324.38, 355.49, 2.91, -0.9513, 0.0452, 0.3045, -0.0121
19:07:17, 0.23, 7, 325.70, 355.42, 2.73, -0.9548, 0.0452, 0.2936, -0.0110
19:07:17, 0.27, 8, 326.88, 355.40, 2.60, -0.9578, 0.0449, 0.2838, -0.0103
19:07:17, 0.27, 8, 327.97, 355.42, 2.48, -0.9604, 0.0444, 0.2748, -0.0098
19:07:17, 0.27, 8, 328.95, 355.45, 2.29, -0.9628, 0.0436, 0.2667, -0.0086
19:07:17, 0.30, 9, 329.88, 355.42, 2.12, -0.9649, 0.0434, 0.2589, -0.0075
19:07:17, 0.30, 9, 330.82, 355.44, 1.93, -0.9670, 0.0427, 0.2510, -0.0063
19:07:17, 0.33, 10, 331.70, 355.47, 1.79, -0.9689, 0.0421, 0.2437, -0.0054
19:07:17, 0.33, 10, 332.48, 355.55, 1.63, -0.9706, 0.0411, 0.2371, -0.0045
19:07:17, 0.33, 10, 333.22, 355.60, 1.51, -0.9721, 0.0404, 0.2309, -0.0040
19:07:17, 0.37, 11, 333.99, 355.69, 1.35, -0.9737, 0.0393, 0.2244, -0.0030
19:07:17, 0.37, 11, 334.68, 355.76, 1.22, -0.9750, 0.0384, 0.2186, -0.0023
19:07:17, 0.40, 12, 335.40, 355.75, 1.08, -0.9764, 0.0382, 0.2125, -0.0013
19:07:17, 0.40, 12, 336.09, 355.79, 0.98, -0.9777, 0.0377, 0.2067, -0.0007
19:07:17, 0.43, 13, 336.82, 355.92, 0.88, -0.9790, 0.0364, 0.2005, -0.0003
19:07:17, 0.43, 13, 337.48, 355.98, 0.80, -0.9802, 0.0358, 0.1949, 0.0000
19:07:17, 0.43, 13, 338.17, 356.00, 0.76, -0.9813, 0.0355, 0.1890, 0.0001
19:07:17, 0.47, 14, 338.86, 356.10, 0.71, -0.9825, 0.0346, 0.1831, 0.0001
19:07:17, 0.47, 14, 339.44, 356.18, 0.70, -0.9834, 0.0339, 0.1781, -0.0001
19:07:17, 0.50, 15, 340.04, 356.20, 0.68, -0.9843, 0.0336, 0.1730, -0.0001
19:07:17, 0.50, 15, 340.63, 356.32, 0.67, -0.9853, 0.0326, 0.1679, -0.0003
19:07:17, 0.50, 15, 341.20, 356.39, 0.68, -0.9861, 0.0320, 0.1631, -0.0007
19:07:18, 0.53, 16, 341.74, 356.50, 0.62, -0.9869, 0.0310, 0.1584, -0.0005
19:07:18, 0.53, 16, 342.30, 356.63, 0.70, -0.9877, 0.0300, 0.1536, -0.0015
19:07:18, 0.57, 17, 342.79, 356.72, 0.79, -0.9883, 0.0293, 0.1494, -0.0025
19:07:18, 0.57, 17, 343.31, 356.82, 0.80, -0.9890, 0.0285, 0.1449, -0.0029
19:07:18, 0.57, 17, 343.82, 356.98, 0.87, -0.9897, 0.0272, 0.1404, -0.0038
19:07:18, 0.60, 18, 344.29, 357.14, 0.98, -0.9903, 0.0259, 0.1364, -0.0050
19:07:18, 0.60, 18, 344.76, 357.13, 1.03, -0.9908, 0.0260, 0.1324, -0.0056
19:07:18, 0.63, 19, 345.24, 357.26, 1.02, -0.9914, 0.0248, 0.1282, -0.0058
19:07:18, 0.63, 19, 345.66, 357.33, 1.08, -0.9919, 0.0243, 0.1245, -0.0065
19:07:18, 0.67, 20, 346.17, 357.44, 1.12, -0.9925, 0.0234, 0.1202, -0.0070
19:07:18, 0.67, 20, 346.59, 357.44, 1.14, -0.9929, 0.0233, 0.1165, -0.0073
19:07:18, 0.67, 20, 347.10, 357.50, 1.10, -0.9934, 0.0227, 0.1121, -0.0071
19:07:18, 0.70, 21, 347.60, 357.55, 1.15, -0.9939, 0.0223, 0.1078, -0.0077
19:07:18, 0.70, 21, 348.05, 357.51, 1.21, -0.9943, 0.0227, 0.1038, -0.0083
19:07:18, 0.73, 22, 348.51, 357.51, 1.28, -0.9947, 0.0227, 0.0998, -0.0089
19:07:18, 0.73, 22, 348.96, 357.49, 1.33, -0.9951, 0.0229, 0.0959, -0.0095
19:07:18, 0.73, 22, 349.48, 357.44, 1.40, -0.9955, 0.0234, 0.0914, -0.0102
19:07:18, 0.77, 23, 349.94, 357.45, 1.39, -0.9959, 0.0232, 0.0874, -0.0101
19:07:18, 0.77, 23, 350.39, 357.39, 1.47, -0.9962, 0.0237, 0.0834, -0.0109
19:07:18, 0.80, 24, 350.88, 357.33, 1.54, -0.9965, 0.0243, 0.0791, -0.0116
19:07:18, 0.80, 24, 351.34, 357.27, 1.58, -0.9968, 0.0248, 0.0751, -0.0119
19:07:18, 0.83, 25, 351.74, 357.17, 1.64, -0.9970, 0.0257, 0.0716, -0.0125
19:07:18, 0.83, 25, 352.17, 357.18, 1.68, -0.9973, 0.0255, 0.0679, -0.0129
19:07:18, 0.83, 25, 352.58, 357.12, 1.72, -0.9975, 0.0260, 0.0643, -0.0134
19:07:18, 0.87, 26, 352.87, 357.07, 1.79, -0.9976, 0.0265, 0.0618, -0.0140
19:07:18, 0.87, 26, 353.21, 357.03, 1.81, -0.9978, 0.0268, 0.0588, -0.0143
19:07:18, 0.90, 27, 353.49, 356.96, 1.82, -0.9979, 0.0273, 0.0563, -0.0144
19:07:18, 0.90, 27, 353.76, 356.94, 1.89, -0.9981, 0.0275, 0.0539, -0.0150
19:07:18, 0.93, 28, 354.01, 356.92, 1.94, -0.9982, 0.0278, 0.0518, -0.0155
19:07:18, 0.93, 28, 354.23, 356.87, 1.94, -0.9982, 0.0281, 0.0498, -0.0155
19:07:18, 0.93, 28, 354.45, 356.85, 1.95, -0.9983, 0.0283, 0.0480, -0.0157
19:07:18, 0.97, 29, 354.70, 356.86, 1.94, -0.9984, 0.0281, 0.0458, -0.0156
19:07:18, 0.97, 29, 354.92, 356.94, 1.96, -0.9985, 0.0274, 0.0439, -0.0159
19:07:18, 1.00, 30, 355.14, 356.97, 2.00, -0.9986, 0.0272, 0.0419, -0.0163
19:07:18, 1.00, 30, 355.36, 356.97, 2.00, -0.9987, 0.0271, 0.0400, -0.0164
19:07:18, 1.00, 30, 355.54, 357.01, 2.06, -0.9988, 0.0268, 0.0384, -0.0170
19:07:18, 1.03, 31, 355.72, 357.04, 2.11, -0.9988, 0.0265, 0.0368, -0.0174
19:07:18, 1.03, 31, 355.90, 357.07, 2.17, -0.9989, 0.0262, 0.0353, -0.0180
19:07:18, 1.07, 32, 356.08, 357.10, 2.22, -0.9989, 0.0259, 0.0337, -0.0185
19:07:18, 1.07, 32, 356.26, 357.14, 2.26, -0.9990, 0.0256, 0.0321, -0.0189
19:07:18, 1.10, 33, 356.41, 357.19, 2.29, -0.9990, 0.0252, 0.0308, -0.0192
19:07:18, 1.10, 33, 356.58, 357.21, 2.31, -0.9991, 0.0249, 0.0294, -0.0194
19:07:18, 1.10, 33, 356.77, 357.23, 2.36, -0.9991, 0.0247, 0.0277, -0.0199
19:07:18, 1.13, 34, 356.99, 357.25, 2.39, -0.9992, 0.0246, 0.0258, -0.0202
19:07:18, 1.13, 34, 357.26, 357.27, 2.40, -0.9992, 0.0243, 0.0234, -0.0204
19:07:18, 1.17, 35, 357.53, 357.27, 2.45, -0.9993, 0.0242, 0.0210, -0.0208
19:07:18, 1.17, 35, 357.91, 357.22, 2.50, -0.9993, 0.0247, 0.0177, -0.0214
19:07:18, 1.17, 35, 358.36, 357.19, 2.55, -0.9994, 0.0248, 0.0138, -0.0219
19:07:18, 1.20, 36, 358.92, 357.15, 2.58, -0.9994, 0.0251, 0.0088, -0.0223
19:07:18, 1.20, 36, 359.64, 357.14, 2.65, -0.9994, 0.0250, 0.0026, -0.0230
19:07:18, 1.23, 37, 0.38, 357.12, 2.81, -0.9994, 0.0250, -0.0040, -0.0246
19:07:18, 1.23, 37, 1.11, 357.13, 2.89, -0.9993, 0.0248, -0.0103, -0.0255
19:07:18, 1.27, 38, 1.94, 357.19, 2.95, -0.9992, 0.0241, -0.0175, -0.0262
19:07:18, 1.27, 38, 2.71, 357.20, 3.00, -0.9991, 0.0238, -0.0243, -0.0267
19:07:18, 1.27, 38, 3.52, 357.25, 3.08, -0.9989, 0.0232, -0.0314, -0.0276
19:07:18, 1.30, 39, 4.30, 357.25, 3.06, -0.9986, 0.0230, -0.0382, -0.0276
19:07:18, 1.30, 39, 5.01, 357.36, 3.13, -0.9984, 0.0218, -0.0443, -0.0283
19:07:18, 1.33, 40, 5.77, 357.42, 3.05, -0.9981, 0.0211, -0.0509, -0.0277
19:07:18, 1.33, 40, 6.52, 357.46, 3.03, -0.9978, 0.0206, -0.0574, -0.0277
19:07:18, 1.33, 40, 7.22, 357.54, 3.03, -0.9974, 0.0198, -0.0635, -0.0278
19:07:18, 1.37, 41, 7.94, 357.62, 2.99, -0.9970, 0.0189, -0.0697, -0.0274
19:07:18, 1.37, 41, 8.63, 357.69, 2.91, -0.9966, 0.0182, -0.0757, -0.0268
19:07:18, 1.40, 42, 9.31, 357.80, 2.81, -0.9962, 0.0171, -0.0816, -0.0260
19:07:18, 1.40, 42, 9.97, 357.86, 2.73, -0.9957, 0.0165, -0.0873, -0.0254
19:07:18, 1.43, 43, 10.63, 357.90, 2.73, -0.9952, 0.0160, -0.0930, -0.0254
19:07:18, 1.43, 43, 11.22, 358.01, 2.63, -0.9948, 0.0150, -0.0981, -0.0246
19:07:18, 1.43, 43, 11.82, 358.01, 2.56, -0.9942, 0.0149, -0.1033, -0.0240
19:07:18, 1.47, 44, 12.31, 358.05, 2.46, -0.9938, 0.0146, -0.1075, -0.0232
19:07:18, 1.47, 44, 12.80, 358.14, 2.41, -0.9934, 0.0138, -0.1118, -0.0227
19:07:18, 1.50, 45, 13.26, 358.14, 2.28, -0.9929, 0.0138, -0.1158, -0.0216
19:07:18, 1.50, 45, 13.70, 358.18, 2.22, -0.9925, 0.0135, -0.1196, -0.0211
19:07:18, 1.50, 45, 14.10, 358.23, 2.10, -0.9921, 0.0131, -0.1230, -0.0201
19:07:19, 1.53, 46, 14.44, 358.26, 2.03, -0.9918, 0.0128, -0.1259, -0.0195
19:07:19, 1.53, 46, 14.77, 358.28, 1.92, -0.9914, 0.0127, -0.1287, -0.0186
19:07:19, 1.57, 47, 15.03, 358.29, 1.79, -0.9912, 0.0128, -0.1310, -0.0174
19:07:19, 1.57, 47, 15.28, 358.32, 1.70, -0.9909, 0.0126, -0.1332, -0.0166
19:07:19, 1.60, 48, 15.55, 358.36, 1.56, -0.9906, 0.0124, -0.1355, -0.0154
19:07:19, 1.60, 48, 15.86, 358.41, 1.46, -0.9902, 0.0120, -0.1381, -0.0145
19:07:19, 1.60, 48, 16.11, 358.41, 1.36, -0.9899, 0.0121, -0.1402, -0.0137
19:07:19, 1.63, 49, 16.38, 358.46, 1.28, -0.9896, 0.0117, -0.1426, -0.0130
19:07:19, 1.63, 49, 16.63, 358.45, 1.20, -0.9893, 0.0119, -0.1447, -0.0123
19:07:19, 1.67, 50, 16.91, 358.48, 1.12, -0.9890, 0.0117, -0.1471, -0.0116
19:07:19, 1.67, 50, 17.18, 358.48, 1.11, -0.9886, 0.0117, -0.1495, -0.0115
19:07:19, 1.67, 50, 17.45, 358.48, 1.04, -0.9883, 0.0117, -0.1518, -0.0110
19:07:19, 1.70, 51, 17.73, 358.46, 1.00, -0.9879, 0.0119, -0.1542, -0.0107
19:07:19, 1.70, 51, 18.02, 358.46, 0.96, -0.9875, 0.0119, -0.1567, -0.0104
19:07:19, 1.73, 52, 18.33, 358.49, 0.87, -0.9871, 0.0118, -0.1594, -0.0096
19:07:19, 1.73, 52, 18.63, 358.53, 0.83, -0.9867, 0.0115, -0.1619, -0.0092
19:07:19, 1.77, 53, 18.94, 358.56, 0.80, -0.9863, 0.0112, -0.1646, -0.0090
19:07:19, 1.77, 53, 19.23, 358.61, 0.79, -0.9858, 0.0108, -0.1671, -0.0088
19:07:19, 1.77, 53, 19.51, 358.62, 0.76, -0.9854, 0.0108, -0.1695, -0.0085
19:07:19, 1.80, 54, 19.78, 358.65, 0.71, -0.9850, 0.0106, -0.1719, -0.0081
19:07:19, 1.80, 54, 20.05, 358.65, 0.70, -0.9846, 0.0105, -0.1742, -0.0081
19:07:19, 1.83, 55, 20.32, 358.63, 0.70, -0.9842, 0.0107, -0.1765, -0.0081
19:07:19, 1.83, 55, 20.55, 358.62, 0.70, -0.9839, 0.0107, -0.1784, -0.0081
19:07:19, 1.83, 55, 20.80, 358.61, 0.66, -0.9835, 0.0109, -0.1806, -0.0079
19:07:19, 1.87, 56, 21.06, 358.57, 0.66, -0.9830, 0.0112, -0.1828, -0.0080
19:07:19, 1.87, 56, 21.28, 358.52, 0.67, -0.9827, 0.0116, -0.1847, -0.0081
19:07:19, 1.90, 57, 21.51, 358.50, 0.66, -0.9823, 0.0118, -0.1866, -0.0081
19:07:19, 1.90, 57, 21.71, 358.49, 0.69, -0.9820, 0.0118, -0.1884, -0.0084
19:07:19, 1.93, 58, 21.96, 358.45, 0.66, -0.9816, 0.0121, -0.1905, -0.0083
19:07:19, 1.93, 58, 22.17, 358.41, 0.69, -0.9812, 0.0125, -0.1924, -0.0086
19:07:19, 1.93, 58, 22.38, 358.37, 0.71, -0.9808, 0.0128, -0.1942, -0.0088
19:07:19, 1.97, 59, 22.61, 358.31, 0.69, -0.9804, 0.0133, -0.1961, -0.0088
19:07:19, 1.97, 59, 22.82, 358.27, 0.72, -0.9801, 0.0135, -0.1979, -0.0091
19:07:19, 2.00, 60, 23.02, 358.26, 0.74, -0.9797, 0.0136, -0.1996, -0.0093
19:07:19, 2.00, 60, 23.22, 358.24, 0.74, -0.9794, 0.0137, -0.2013, -0.0094
19:07:19, 2.00, 60, 23.44, 358.24, 0.76, -0.9790, 0.0137, -0.2032, -0.0096
19:07:19, 2.03, 61, 23.67, 358.21, 0.81, -0.9786, 0.0138, -0.2052, -0.0102
19:07:19, 2.03, 61, 23.92, 358.19, 0.84, -0.9781, 0.0139, -0.2073, -0.0105
19:07:19, 2.07, 62, 24.23, 358.18, 0.85, -0.9776, 0.0140, -0.2100, -0.0106
19:07:19, 2.07, 62, 24.59, 358.14, 0.86, -0.9769, 0.0142, -0.2130, -0.0108
19:07:19, 2.10, 63, 25.09, 358.05, 0.85, -0.9759, 0.0150, -0.2173, -0.0109
19:07:19, 2.10, 63, 25.74, 357.91, 0.86, -0.9747, 0.0161, -0.2228, -0.0114
19:07:19, 2.10, 63, 26.70, 357.68, 0.96, -0.9727, 0.0178, -0.2310, -0.0129
19:07:19, 2.13, 64, 27.85, 357.41, 1.03, -0.9703, 0.0197, -0.2408, -0.0142
19:07:19, 2.13, 64, 29.23, 357.01, 1.15, -0.9672, 0.0227, -0.2524, -0.0163
19:07:19, 2.17, 65, 31.09, 356.48, 1.31, -0.9628, 0.0265, -0.2682, -0.0193
19:07:19, 2.17, 65, 33.19, 356.05, 1.50, -0.9576, 0.0293, -0.2858, -0.0224
19:07:19, 2.20, 66, 35.54, 355.68, 1.68, -0.9514, 0.0314, -0.3054, -0.0254
19:07:19, 2.20, 66, 37.76, 355.44, 1.86, -0.9451, 0.0324, -0.3239, -0.0282
19:07:19, 2.20, 66, 39.99, 355.40, 1.91, -0.9386, 0.0320, -0.3422, -0.0294
19:07:19, 2.23, 67, 42.20, 355.40, 1.85, -0.9319, 0.0316, -0.3602, -0.0295
19:07:19, 2.23, 67, 44.25, 355.39, 1.73, -0.9253, 0.0316, -0.3769, -0.0292
19:07:19, 2.27, 68, 46.32, 355.46, 1.64, -0.9184, 0.0308, -0.3935, -0.0287
19:07:19, 2.27, 68, 48.17, 355.53, 1.49, -0.9120, 0.0303, -0.4082, -0.0278
19:07:19, 2.27, 68, 49.89, 355.70, 1.33, -0.9058, 0.0291, -0.4218, -0.0264
19:07:19, 2.30, 69, 51.43, 355.85, 1.14, -0.9002, 0.0283, -0.4339, -0.0247
19:07:19, 2.30, 69, 52.78, 356.12, 0.87, -0.8951, 0.0269, -0.4445, -0.0219
19:07:19, 2.33, 70, 54.08, 356.40, 0.61, -0.8902, 0.0256, -0.4545, -0.0190
19:07:19, 2.33, 70, 55.30, 356.75, 0.34, -0.8854, 0.0237, -0.4640, -0.0158
19:07:19, 2.33, 70, 56.46, 357.11, 0.06, -0.8808, 0.0220, -0.4729, -0.0124
19:07:19, 2.37, 71, 57.53, 357.42, 359.78, -0.8764, 0.0206, -0.4811, -0.0092
19:07:19, 2.37, 71, 58.57, 357.69, 359.57, -0.8721, 0.0194, -0.4890, -0.0066
19:07:19, 2.40, 72, 59.42, 357.89, 359.42, -0.8684, 0.0185, -0.4954, -0.0048
19:07:19, 2.40, 72, 60.29, 358.03, 359.23, -0.8647, 0.0182, -0.5020, -0.0028
19:07:19, 2.43, 73, 61.20, 358.24, 359.02, -0.8607, 0.0175, -0.5088, -0.0005
19:07:19, 2.43, 73, 62.09, 358.45, 358.85, -0.8567, 0.0168, -0.5155, 0.0016
19:07:19, 2.43, 73, 62.94, 358.77, 358.75, -0.8529, 0.0148, -0.5219, 0.0037
19:07:19, 2.47, 74, 63.78, 359.08, 358.69, -0.8490, 0.0129, -0.5282, 0.0055
19:07:19, 2.47, 74, 64.54, 359.20, 358.56, -0.8455, 0.0126, -0.5338, 0.0069
19:07:19, 2.50, 75, 65.31, 359.31, 358.49, -0.8419, 0.0122, -0.5394, 0.0078
19:07:19, 2.50, 75, 66.05, 359.32, 358.34, -0.8384, 0.0128, -0.5449, 0.0089
19:07:19, 2.50, 75, 66.75, 359.43, 358.15, -0.8350, 0.0130, -0.5500, 0.0107
19:07:20, 2.53, 76, 67.45, 359.57, 358.08, -0.8316, 0.0125, -0.5551, 0.0119
19:07:20, 2.53, 76, 68.16, 359.64, 357.98, -0.8282, 0.0125, -0.5602, 0.0128
19:07:20, 2.57, 77, 68.83, 359.71, 357.96, -0.8249, 0.0122, -0.5650, 0.0133
19:07:20, 2.57, 77, 69.39, 359.75, 357.84, -0.8221, 0.0125, -0.5690, 0.0142
19:07:20, 2.60, 78, 69.96, 359.76, 357.79, -0.8192, 0.0128, -0.5732, 0.0146
19:07:20, 2.60, 78, 70.52, 359.76, 357.74, -0.8164, 0.0131, -0.5771, 0.0149
19:07:20, 2.60, 78, 71.07, 359.71, 357.70, -0.8136, 0.0137, -0.5811, 0.0149
19:07:20, 2.63, 79, 71.53, 359.75, 357.65, -0.8113, 0.0137, -0.5843, 0.0154
19:07:20, 2.63, 79, 71.93, 359.73, 357.61, -0.8093, 0.0141, -0.5871, 0.0155
19:07:20, 2.67, 80, 72.32, 359.73, 357.52, -0.8072, 0.0147, -0.5898, 0.0161
19:07:20, 2.67, 80, 72.64, 359.71, 357.57, -0.8056, 0.0146, -0.5921, 0.0156
19:07:20, 2.67, 80, 72.91, 359.72, 357.50, -0.8042, 0.0149, -0.5940, 0.0161
19:07:20, 2.70, 81, 73.21, 359.76, 357.44, -0.8026, 0.0150, -0.5961, 0.0167
19:07:20, 2.70, 81, 73.49, 359.79, 357.38, -0.8011, 0.0151, -0.5980, 0.0172
19:07:20, 2.73, 82, 73.68, 359.79, 357.35, -0.8001, 0.0153, -0.5994, 0.0174
19:07:20, 2.73, 82, 73.96, 359.78, 357.30, -0.7987, 0.0157, -0.6013, 0.0177
19:07:20, 2.77, 83, 74.20, 359.81, 357.30, -0.7974, 0.0155, -0.6030, 0.0178
19:07:20, 2.77, 83, 74.46, 359.85, 357.32, -0.7960, 0.0152, -0.6048, 0.0178
19:07:20, 2.77, 83, 74.69, 359.89, 357.39, -0.7948, 0.0146, -0.6064, 0.0175
19:07:20, 2.80, 84, 74.97, 359.91, 357.46, -0.7933, 0.0141, -0.6084, 0.0171
19:07:20, 2.80, 84, 75.27, 359.92, 357.53, -0.7918, 0.0137, -0.6105, 0.0167
19:07:20, 2.83, 85, 75.53, 359.97, 357.64, -0.7904, 0.0129, -0.6123, 0.0161
19:07:20, 2.83, 85, 75.78, 359.99, 357.77, -0.7891, 0.0120, -0.6140, 0.0153
19:07:20, 2.83, 85, 76.01, 0.02, 357.87, -0.7878, 0.0113, -0.6156, 0.0147
19:07:20, 2.87, 86, 76.25, 0.09, 357.95, -0.7865, 0.0104, -0.6173, 0.0146
19:07:20, 2.87, 86, 76.46, 0.13, 358.04, -0.7854, 0.0097, -0.6187, 0.0141
19:07:20, 2.90, 87, 76.69, 0.19, 358.10, -0.7841, 0.0090, -0.6204, 0.0141
19:07:20, 2.90, 87, 76.87, 0.25, 358.18, -0.7832, 0.0081, -0.6216, 0.0138
19:07:20, 2.93, 88, 77.10, 0.24, 358.21, -0.7820, 0.0081, -0.6231, 0.0135
19:07:20, 2.93, 88, 77.33, 0.25, 358.29, -0.7807, 0.0076, -0.6247, 0.0130
19:07:20, 2.93, 88, 77.61, 0.18, 358.34, -0.7792, 0.0079, -0.6266, 0.0123
19:07:20, 2.97, 89, 77.96, 0.10, 358.43, -0.7773, 0.0079, -0.6290, 0.0112
19:07:20, 2.97, 89, 78.41, 359.97, 358.49, -0.7748, 0.0085, -0.6320, 0.0101
19:07:20, 3.00, 90, 78.92, 359.79, 358.57, -0.7720, 0.0093, -0.6355, 0.0085
19:07:20, 3.00, 90, 79.49, 359.50, 358.70, -0.7689, 0.0106, -0.6393, 0.0059
19:07:20, 3.00, 90, 80.10, 359.29, 358.76, -0.7655, 0.0117, -0.6434, 0.0043
19:07:20, 3.03, 91, 80.66, 359.01, 358.77, -0.7623, 0.0135, -0.6470, 0.0026
19:07:20, 3.03, 91, 81.16, 358.85, 358.79, -0.7595, 0.0145, -0.6504, 0.0015
19:07:20, 3.07, 92, 81.59, 358.68, 358.77, -0.7570, 0.0158, -0.6532, 0.0006
19:07:20, 3.07, 92, 82.05, 358.50, 358.72, -0.7544, 0.0172, -0.6562, -0.0002
19:07:20, 3.10, 93, 82.36, 358.28, 358.71, -0.7526, 0.0188, -0.6582, -0.0014
19:07:20, 3.10, 93, 82.68, 358.05, 358.66, -0.7508, 0.0205, -0.6603, -0.0024
19:07:20, 3.10, 93, 82.96, 357.93, 358.61, -0.7491, 0.0216, -0.6621, -0.0029
19:07:20, 3.13, 94, 83.29, 357.75, 358.53, -0.7472, 0.0232, -0.6641, -0.0035
19:07:20, 3.13, 94, 83.44, 357.60, 358.49, -0.7464, 0.0243, -0.6651, -0.0041
19:07:20, 3.17, 95, 83.67, 357.55, 358.43, -0.7450, 0.0250, -0.6666, -0.0041
19:07:20, 3.17, 95, 83.84, 357.47, 358.39, -0.7440, 0.0258, -0.6676, -0.0043
19:07:20, 3.17, 95, 83.98, 357.44, 358.35, -0.7432, 0.0263, -0.6685, -0.0042
19:07:20, 3.20, 96, 84.11, 357.41, 358.34, -0.7425, 0.0264, -0.6694, -0.0044
19:07:20, 3.20, 96, 84.24, 357.44, 358.32, -0.7417, 0.0264, -0.6702, -0.0041
19:07:20, 3.23, 97, 84.39, 357.42, 358.27, -0.7408, 0.0268, -0.6712, -0.0039
19:07:20, 3.23, 97, 84.55, 357.41, 358.26, -0.7399, 0.0270, -0.6722, -0.0040
19:07:20, 3.27, 98, 84.66, 357.38, 358.24, -0.7392, 0.0272, -0.6729, -0.0040
19:07:20, 3.27, 98, 84.76, 357.38, 358.23, -0.7386, 0.0273, -0.6735, -0.0040
19:07:20, 3.27, 98, 84.86, 357.41, 358.23, -0.7381, 0.0271, -0.6742, -0.0038
19:07:20, 3.30, 99, 84.94, 357.48, 358.26, -0.7376, 0.0265, -0.6747, -0.0036
19:07:20, 3.30, 99, 85.02, 357.54, 358.28, -0.7371, 0.0260, -0.6752, -0.0035
19:07:20, 3.33, 100, 85.05, 357.59, 358.33, -0.7369, 0.0254, -0.6755, -0.0035
19:07:20, 3.33, 100, 85.11, 357.62, 358.36, -0.7366, 0.0250, -0.6759, -0.0035
19:07:20, 3.33, 100, 85.14, 357.70, 358.40, -0.7364, 0.0243, -0.6761, -0.0033
19:07:20, 3.37, 101, 85.15, 357.74, 358.41, -0.7364, 0.0239, -0.6762, -0.0031
19:07:20, 3.37, 101, 85.13, 357.80, 358.43, -0.7365, 0.0234, -0.6761, -0.0029
19:07:20, 3.40, 102, 85.15, 357.85, 358.48, -0.7364, 0.0228, -0.6762, -0.0029
19:07:20, 3.40, 102, 85.13, 357.88, 358.52, -0.7365, 0.0224, -0.6761, -0.0030
19:07:20, 3.43, 103, 85.13, 357.91, 358.55, -0.7365, 0.0220, -0.6761, -0.0031
19:07:20, 3.43, 103, 85.11, 357.97, 358.59, -0.7366, 0.0214, -0.6759, -0.0029
19:07:20, 3.43, 103, 85.08, 358.02, 358.65, -0.7368, 0.0208, -0.6758, -0.0030
19:07:20, 3.47, 104, 85.05, 358.05, 358.68, -0.7369, 0.0203, -0.6756, -0.0030
19:07:20, 3.47, 104, 85.05, 358.10, 358.73, -0.7369, 0.0197, -0.6757, -0.0030
19:07:20, 3.50, 105, 85.04, 358.12, 358.73, -0.7370, 0.0196, -0.6756, -0.0029
19:07:20, 3.50, 105, 85.04, 358.14, 358.74, -0.7370, 0.0193, -0.6756, -0.0029
19:07:21, 3.53, 106, 85.06, 358.17, 358.75, -0.7369, 0.0191, -0.6757, -0.0028
19:07:21, 3.53, 106, 85.07, 358.20, 358.77, -0.7368, 0.0188, -0.6758, -0.0027
19:07:21, 3.53, 106, 85.09, 358.27, 358.75, -0.7367, 0.0185, -0.6759, -0.0022
19:07:21, 3.57, 107, 85.07, 358.33, 358.74, -0.7368, 0.0182, -0.6758, -0.0018
19:07:21, 3.57, 107, 85.05, 358.39, 358.76, -0.7370, 0.0177, -0.6757, -0.0015
19:07:21, 3.60, 108, 85.06, 358.44, 358.77, -0.7369, 0.0173, -0.6757, -0.0013
19:07:21, 3.60, 108, 85.05, 358.46, 358.77, -0.7370, 0.0172, -0.6757, -0.0011
19:07:21, 3.60, 108, 85.04, 358.50, 358.77, -0.7370, 0.0169, -0.6756, -0.0009
19:07:21, 3.63, 109, 85.03, 358.53, 358.77, -0.7371, 0.0167, -0.6756, -0.0008
19:07:21, 3.63, 109, 84.98, 358.59, 358.75, -0.7374, 0.0164, -0.6753, -0.0003
19:07:21, 3.67, 110, 84.97, 358.63, 358.72, -0.7374, 0.0164, -0.6752, 0.0001
19:07:21, 3.67, 110, 84.96, 358.66, 358.71, -0.7375, 0.0163, -0.6751, 0.0004
19:07:21, 3.70, 111, 84.92, 358.70, 358.67, -0.7378, 0.0162, -0.6749, 0.0009
19:07:21, 3.70, 111, 84.91, 358.72, 358.68, -0.7378, 0.0160, -0.6748, 0.0010
19:07:21, 3.70, 111, 84.88, 358.72, 358.67, -0.7380, 0.0161, -0.6746, 0.0010
19:07:21, 3.73, 112, 84.90, 358.71, 358.66, -0.7379, 0.0162, -0.6748, 0.0010
19:07:21, 3.73, 112, 84.89, 358.69, 358.65, -0.7379, 0.0164, -0.6747, 0.0009
19:07:21, 3.77, 113, 84.89, 358.70, 358.66, -0.7379, 0.0162, -0.6747, 0.0010
19:07:21, 3.77, 113, 84.89, 358.71, 358.67, -0.7379, 0.0162, -0.6747, 0.0009
19:07:21, 3.77, 113, 84.89, 358.70, 358.68, -0.7379, 0.0162, -0.6747, 0.0008
19:07:21, 3.80, 114, 84.89, 358.69, 358.70, -0.7379, 0.0161, -0.6747, 0.0006
19:07:21, 3.80, 114, 84.89, 358.67, 358.72, -0.7379, 0.0161, -0.6747, 0.0004
19:07:21, 3.83, 115, 84.93, 358.65, 358.72, -0.7377, 0.0162, -0.6750, 0.0003
19:07:21, 3.83, 115, 85.01, 358.63, 358.73, -0.7372, 0.0163, -0.6755, 0.0001
19:07:21, 3.87, 116, 85.09, 358.60, 358.76, -0.7367, 0.0163, -0.6760, -0.0003
19:07:21, 3.87, 116, 85.14, 358.59, 358.78, -0.7364, 0.0163, -0.6763, -0.0005
19:07:21, 3.87, 116, 85.21, 358.55, 358.79, -0.7360, 0.0165, -0.6767, -0.0008
19:07:21, 3.90, 117, 85.26, 358.57, 358.81, -0.7357, 0.0162, -0.6771, -0.0009
19:07:21, 3.90, 117, 85.32, 358.55, 358.82, -0.7354, 0.0163, -0.6775, -0.0010
19:07:21, 3.93, 118, 85.37, 358.57, 358.81, -0.7351, 0.0162, -0.6778, -0.0008
19:07:21, 3.93, 118, 85.44, 358.52, 358.79, -0.7347, 0.0166, -0.6782, -0.0010
19:07:21, 3.93, 118, 85.47, 358.55, 358.78, -0.7345, 0.0165, -0.6784, -0.0007
19:07:21, 3.97, 119, 85.51, 358.54, 358.74, -0.7343, 0.0168, -0.6786, -0.0005
19:07:21, 3.97, 119, 85.54, 358.56, 358.69, -0.7341, 0.0170, -0.6789, -0.0001
19:07:21, 4.00, 120, 85.57, 358.58, 358.64, -0.7339, 0.0172, -0.6790, 0.0003
19:07:21, 4.00, 120, 85.57, 358.55, 358.58, -0.7339, 0.0177, -0.6790, 0.0005
19:07:21, 4.03, 121, 85.57, 358.57, 358.54, -0.7339, 0.0178, -0.6790, 0.0009
19:07:21, 4.03, 121, 85.58, 358.59, 358.45, -0.7338, 0.0183, -0.6791, 0.0016
19:07:21, 4.03, 121, 85.59, 358.68, 358.34, -0.7338, 0.0183, -0.6792, 0.0028
19:07:21, 4.07, 122, 85.63, 358.81, 358.30, -0.7335, 0.0177, -0.6794, 0.0038
19:07:21, 4.07, 122, 85.64, 358.92, 358.28, -0.7335, 0.0171, -0.6795, 0.0046
19:07:21, 4.10, 123, 85.63, 359.03, 358.27, -0.7335, 0.0165, -0.6794, 0.0053
19:07:21, 4.10, 123, 85.62, 359.14, 358.21, -0.7336, 0.0161, -0.6794, 0.0064
19:07:21, 4.10, 123, 85.64, 359.29, 358.17, -0.7335, 0.0154, -0.6795, 0.0075
19:07:21, 4.13, 124, 85.66, 359.45, 358.16, -0.7333, 0.0144, -0.6797, 0.0085
19:07:21, 4.13, 124, 85.66, 359.62, 358.14, -0.7333, 0.0135, -0.6797, 0.0097
19:07:21, 4.17, 125, 85.71, 359.77, 358.10, -0.7330, 0.0128, -0.6800, 0.0108
19:07:21, 4.17, 125, 85.73, 359.94, 358.06, -0.7328, 0.0119, -0.6802, 0.0121
19:07:21, 4.20, 126, 85.79, 0.08, 358.03, -0.7325, 0.0112, -0.6806, 0.0130
19:07:21, 4.20, 126, 85.83, 0.22, 358.00, -0.7322, 0.0105, -0.6809, 0.0141
19:07:21, 4.20, 126, 85.88, 0.32, 357.98, -0.7319, 0.0100, -0.6811, 0.0148
19:07:21, 4.23, 127, 85.90, 0.43, 357.98, -0.7318, 0.0093, -0.6813, 0.0155
19:07:21, 4.23, 127, 85.92, 0.53, 357.97, -0.7317, 0.0087, -0.6814, 0.0161
19:07:21, 4.27, 128, 85.92, 0.62, 357.94, -0.7316, 0.0083, -0.6815, 0.0168
19:07:21, 4.27, 128, 85.94, 0.70, 357.93, -0.7315, 0.0078, -0.6816, 0.0174
19:07:21, 4.27, 128, 85.93, 0.74, 357.92, -0.7315, 0.0076, -0.6815, 0.0176
19:07:21, 4.30, 129, 85.90, 0.79, 357.92, -0.7317, 0.0073, -0.6813, 0.0180
19:07:21, 4.30, 129, 85.87, 0.84, 357.93, -0.7319, 0.0069, -0.6812, 0.0182
19:07:21, 4.33, 130, 85.82, 0.87, 357.93, -0.7322, 0.0068, -0.6808, 0.0184
19:07:21, 4.33, 130, 85.77, 0.91, 357.91, -0.7325, 0.0066, -0.6805, 0.0188
19:07:21, 4.33, 130, 85.70, 0.92, 357.94, -0.7329, 0.0063, -0.6801, 0.0186
19:07:21, 4.37, 131, 85.67, 0.96, 357.99, -0.7331, 0.0058, -0.6799, 0.0185
19:07:21, 4.37, 131, 85.60, 0.96, 358.02, -0.7335, 0.0056, -0.6794, 0.0184
19:07:21, 4.40, 132, 85.54, 0.96, 358.05, -0.7339, 0.0054, -0.6790, 0.0182
19:07:21, 4.40, 132, 85.48, 0.95, 358.07, -0.7342, 0.0053, -0.6786, 0.0180
19:07:21, 4.43, 133, 85.42, 0.93, 358.10, -0.7346, 0.0052, -0.6783, 0.0177
19:07:21, 4.43, 133, 85.34, 0.92, 358.12, -0.7351, 0.0052, -0.6778, 0.0175
19:07:21, 4.43, 133, 85.26, 0.92, 358.14, -0.7355, 0.0050, -0.6773, 0.0174
19:07:21, 4.47, 134, 85.18, 0.92, 358.17, -0.7360, 0.0049, -0.6768, 0.0172
19:07:21, 4.47, 134, 85.10, 0.92, 358.20, -0.7365, 0.0047, -0.6762, 0.0170
19:07:21, 4.50, 135, 85.03, 0.88, 358.21, -0.7369, 0.0049, -0.6758, 0.0167
19:07:21, 4.50, 135, 84.97, 0.86, 358.22, -0.7372, 0.0049, -0.6754, 0.0166
19:07:21, 4.50, 135, 84.89, 0.83, 358.20, -0.7377, 0.0052, -0.6749, 0.0164
19:07:22, 4.53, 136, 84.82, 0.80, 358.21, -0.7382, 0.0054, -0.6744, 0.0162
19:07:22, 4.53, 136, 84.73, 0.76, 358.23, -0.7387, 0.0055, -0.6738, 0.0159
19:07:22, 4.57, 137, 84.64, 0.71, 358.23, -0.7392, 0.0058, -0.6733, 0.0156
19:07:22, 4.57, 137, 84.55, 0.67, 358.23, -0.7398, 0.0061, -0.6727, 0.0154
19:07:22, 4.60, 138, 84.45, 0.61, 358.21, -0.7404, 0.0065, -0.6720, 0.0151
19:07:22, 4.60, 138, 84.36, 0.53, 358.20, -0.7409, 0.0071, -0.6714, 0.0147
19:07:22, 4.60, 138, 84.27, 0.44, 358.19, -0.7414, 0.0078, -0.6708, 0.0143
19:07:22, 4.63, 139, 84.18, 0.36, 358.18, -0.7419, 0.0083, -0.6703, 0.0139
19:07:22, 4.63, 139, 84.08, 0.29, 358.16, -0.7425, 0.0088, -0.6696, 0.0136
19:07:22, 4.67, 140, 83.97, 0.20, 358.17, -0.7432, 0.0094, -0.6689, 0.0130
19:07:22, 4.67, 140, 83.84, 0.14, 358.16, -0.7440, 0.0099, -0.6680, 0.0128
19:07:22, 4.67, 140, 83.69, 0.08, 358.14, -0.7449, 0.0103, -0.6670, 0.0125
19:07:22, 4.70, 141, 83.53, 0.03, 358.13, -0.7458, 0.0107, -0.6660, 0.0123
19:07:22, 4.70, 141, 83.32, 359.96, 358.12, -0.7470, 0.0112, -0.6646, 0.0120
19:07:22, 4.73, 142, 83.10, 359.88, 358.12, -0.7483, 0.0117, -0.6632, 0.0116
19:07:22, 4.73, 142, 82.84, 359.81, 358.14, -0.7498, 0.0120, -0.6615, 0.0111
19:07:22, 4.77, 143, 82.55, 359.73, 358.12, -0.7514, 0.0126, -0.6596, 0.0108
19:07:22, 4.77, 143, 82.29, 359.67, 358.11, -0.7530, 0.0130, -0.6578, 0.0105
19:07:22, 4.77, 143, 81.99, 359.57, 358.08, -0.7547, 0.0138, -0.6558, 0.0101
19:07:22, 4.80, 144, 81.66, 359.41, 358.03, -0.7566, 0.0152, -0.6537, 0.0097
19:07:22, 4.80, 144, 81.27, 359.30, 357.99, -0.7588, 0.0160, -0.6510, 0.0093
19:07:22, 4.83, 145, 80.95, 359.22, 357.95, -0.7606, 0.0168, -0.6489, 0.0092
19:07:22, 4.83, 145, 80.60, 359.15, 357.93, -0.7626, 0.0173, -0.6466, 0.0090
19:07:22, 4.83, 145, 80.27, 359.10, 357.91, -0.7645, 0.0177, -0.6443, 0.0089
19:07:22, 4.87, 146, 79.91, 359.03, 357.90, -0.7665, 0.0183, -0.6420, 0.0087
19:07:22, 4.87, 146, 79.53, 358.97, 357.87, -0.7686, 0.0188, -0.6394, 0.0086
19:07:22, 4.90, 147, 79.18, 358.92, 357.89, -0.7706, 0.0190, -0.6370, 0.0082
19:07:22, 4.90, 147, 78.84, 358.84, 357.95, -0.7725, 0.0192, -0.6347, 0.0074
19:07:22, 4.93, 148, 78.44, 358.84, 357.95, -0.7747, 0.0191, -0.6320, 0.0075
19:07:22, 4.93, 148, 78.07, 358.82, 357.92, -0.7767, 0.0194, -0.6295, 0.0076
19:07:22, 4.93, 148, 77.68, 358.76, 357.92, -0.7788, 0.0199, -0.6269, 0.0074
19:07:22, 4.97, 149, 77.32, 358.74, 357.93, -0.7808, 0.0199, -0.6244, 0.0072
19:07:22, 4.97, 149, 76.89, 358.68, 358.00, -0.7832, 0.0199, -0.6215, 0.0065
19:07:22, 5.00, 150, 76.47, 358.69, 358.02, -0.7854, 0.0197, -0.6186, 0.0065
19:07:22, 5.00, 150, 76.11, 358.65, 357.98, -0.7874, 0.0202, -0.6161, 0.0067
19:07:22, 5.00, 150, 75.76, 358.62, 358.01, -0.7892, 0.0202, -0.6137, 0.0063
19:07:22, 5.03, 151, 75.34, 358.62, 358.03, -0.7915, 0.0200, -0.6108, 0.0062
19:07:22, 5.03, 151, 74.94, 358.59, 358.00, -0.7936, 0.0204, -0.6080, 0.0064
19:07:22, 5.07, 152, 74.57, 358.58, 358.03, -0.7956, 0.0203, -0.6055, 0.0061
19:07:22, 5.07, 152, 74.14, 358.54, 358.05, -0.7978, 0.0204, -0.6025, 0.0058
19:07:22, 5.10, 153, 73.81, 358.51, 358.05, -0.7996, 0.0207, -0.6002, 0.0058
19:07:22, 5.10, 153, 73.35, 358.48, 358.06, -0.8020, 0.0207, -0.5970, 0.0057
19:07:22, 5.10, 153, 72.92, 358.46, 358.04, -0.8042, 0.0209, -0.5940, 0.0058
19:07:22, 5.13, 154, 72.44, 358.47, 358.02, -0.8067, 0.0210, -0.5906, 0.0061
19:07:22, 5.13, 154, 71.98, 358.40, 358.02, -0.8090, 0.0214, -0.5873, 0.0058
19:07:22, 5.17, 155, 71.54, 358.36, 358.04, -0.8113, 0.0216, -0.5842, 0.0055
19:07:22, 5.17, 155, 70.99, 358.37, 358.02, -0.8141, 0.0217, -0.5803, 0.0058
19:07:22, 5.17, 155, 70.46, 358.33, 358.03, -0.8168, 0.0218, -0.5765, 0.0057
19:07:22, 5.20, 156, 69.95, 358.23, 357.98, -0.8193, 0.0227, -0.5728, 0.0056
19:07:22, 5.20, 156, 69.36, 358.16, 357.99, -0.8223, 0.0232, -0.5686, 0.0053
19:07:22, 5.23, 157, 68.81, 358.08, 358.01, -0.8250, 0.0236, -0.5646, 0.0048
19:07:22, 5.23, 157, 68.22, 358.03, 357.99, -0.8279, 0.0241, -0.5604, 0.0049
19:07:22, 5.27, 158, 67.63, 358.01, 358.00, -0.8308, 0.0241, -0.5561, 0.0048
19:07:22, 5.27, 158, 67.03, 357.87, 358.01, -0.8336, 0.0251, -0.5517, 0.0042
19:07:22, 5.27, 158, 66.39, 357.79, 358.00, -0.8367, 0.0257, -0.5470, 0.0041
19:07:22, 5.30, 159, 65.78, 357.77, 358.00, -0.8396, 0.0258, -0.5425, 0.0041
19:07:22, 5.30, 159, 65.14, 357.72, 358.00, -0.8426, 0.0262, -0.5379, 0.0040
19:07:22, 5.33, 160, 64.51, 357.65, 358.03, -0.8455, 0.0265, -0.5332, 0.0036
19:07:22, 5.33, 160, 63.88, 357.58, 358.06, -0.8485, 0.0269, -0.5286, 0.0032
19:07:22, 5.33, 160, 63.21, 357.48, 358.13, -0.8516, 0.0273, -0.5235, 0.0024
19:07:22, 5.37, 161, 62.51, 357.44, 358.12, -0.8547, 0.0276, -0.5184, 0.0024
19:07:22, 5.37, 161, 61.81, 357.38, 358.15, -0.8579, 0.0279, -0.5131, 0.0021
19:07:22, 5.40, 162, 61.12, 357.27, 358.11, -0.8609, 0.0289, -0.5079, 0.0021
19:07:22, 5.40, 162, 60.38, 357.16, 358.07, -0.8642, 0.0299, -0.5023, 0.0021
19:07:22, 5.43, 163, 59.64, 356.99, 358.02, -0.8674, 0.0314, -0.4967, 0.0019
19:07:22, 5.43, 163, 58.90, 356.80, 358.01, -0.8706, 0.0329, -0.4910, 0.0014
19:07:22, 5.43, 163, 58.08, 356.67, 357.95, -0.8740, 0.0341, -0.4847, 0.0015
19:07:22, 5.47, 164, 57.28, 356.50, 357.88, -0.8773, 0.0357, -0.4785, 0.0016
19:07:22, 5.47, 164, 56.47, 356.31, 357.85, -0.8807, 0.0372, -0.4722, 0.0013
19:07:22, 5.50, 165, 55.62, 356.09, 357.75, -0.8841, 0.0393, -0.4656, 0.0015
19:07:22, 5.50, 165, 54.75, 355.83, 357.69, -0.8876, 0.0416, -0.4587, 0.0011
19:07:22, 5.50, 165, 53.85, 355.51, 357.71, -0.8911, 0.0440, -0.4517, 0.0001
19:07:23, 5.53, 166, 52.90, 355.21, 357.63, -0.8947, 0.0466, -0.4441, -0.0001
19:07:23, 5.53, 166, 52.01, 354.97, 357.75, -0.8981, 0.0480, -0.4372, -0.0016
19:07:23, 5.57, 167, 51.05, 354.79, 357.83, -0.9017, 0.0492, -0.4296, -0.0025
19:07:23, 5.57, 167, 50.11, 354.57, 357.90, -0.9051, 0.0507, -0.4221, -0.0034
19:07:23, 5.60, 168, 49.10, 354.35, 358.04, -0.9087, 0.0519, -0.4142, -0.0049
19:07:23, 5.60, 168, 48.09, 354.19, 358.08, -0.9123, 0.0531, -0.4061, -0.0054
19:07:23, 5.60, 168, 47.11, 354.02, 358.18, -0.9156, 0.0541, -0.3983, -0.0063
19:07:23, 5.63, 169, 46.08, 353.88, 358.27, -0.9191, 0.0550, -0.3900, -0.0070
19:07:23, 5.63, 169, 44.97, 353.70, 358.34, -0.9228, 0.0563, -0.3811, -0.0077
19:07:23, 5.67, 170, 43.85, 353.68, 358.46, -0.9265, 0.0561, -0.3721, -0.0081
19:07:23, 5.67, 170, 42.47, 353.68, 358.59, -0.9309, 0.0558, -0.3610, -0.0085
19:07:23, 5.67, 170, 41.08, 353.55, 358.66, -0.9351, 0.0568, -0.3497, -0.0088
19:07:23, 5.70, 171, 39.56, 353.50, 358.82, -0.9396, 0.0568, -0.3373, -0.0095
19:07:23, 5.70, 171, 37.99, 353.51, 358.99, -0.9441, 0.0564, -0.3245, -0.0101
19:07:23, 5.73, 172, 36.42, 353.48, 359.13, -0.9485, 0.0564, -0.3115, -0.0106
19:07:23, 5.73, 172, 34.88, 353.46, 359.24, -0.9526, 0.0564, -0.2989, -0.0108
19:07:23, 5.77, 173, 33.53, 353.41, 359.30, -0.9560, 0.0568, -0.2876, -0.0107
19:07:23, 5.77, 173, 32.22, 353.41, 359.40, -0.9592, 0.0567, -0.2767, -0.0110
19:07:23, 5.77, 173, 31.00, 353.44, 359.57, -0.9621, 0.0562, -0.2666, -0.0117
19:07:23, 5.80, 174, 29.83, 353.45, 359.73, -0.9648, 0.0558, -0.2568, -0.0124
19:07:23, 5.80, 174, 28.65, 353.43, 359.96, -0.9673, 0.0556, -0.2470, -0.0138
19:07:23, 5.83, 175, 27.57, 353.46, 0.14, -0.9696, 0.0551, -0.2380, -0.0148
19:07:23, 5.83, 175, 26.47, 353.53, 0.40, -0.9718, 0.0542, -0.2287, -0.0163
19:07:23, 5.83, 175, 25.29, 353.61, 0.69, -0.9741, 0.0530, -0.2189, -0.0181
19:07:23, 5.87, 176, 24.02, 353.71, 0.93, -0.9765, 0.0520, -0.2082, -0.0193
19:07:23, 5.87, 176, 22.58, 353.80, 1.17, -0.9791, 0.0510, -0.1960, -0.0206
19:07:23, 5.90, 177, 20.98, 354.00, 1.35, -0.9818, 0.0493, -0.1824, -0.0211
19:07:23, 5.90, 177, 19.26, 354.23, 1.44, -0.9845, 0.0475, -0.1677, -0.0208
19:07:23, 5.93, 178, 17.45, 354.37, 1.49, -0.9871, 0.0465, -0.1521, -0.0203
19:07:23, 5.93, 178, 15.70, 354.48, 1.53, -0.9893, 0.0459, -0.1370, -0.0198
19:07:23, 5.93, 178, 13.96, 354.49, 1.59, -0.9913, 0.0460, -0.1220, -0.0196
19:07:23, 5.97, 179, 12.33, 354.53, 1.66, -0.9929, 0.0458, -0.1079, -0.0195
19:07:23, 5.97, 179, 10.77, 354.57, 1.68, -0.9943, 0.0458, -0.0944, -0.0190
19:07:23, 6.00, 180, 9.34, 354.60, 1.65, -0.9954, 0.0458, -0.0820, -0.0182
19:07:23, 6.00, 180, 7.96, 354.60, 1.72, -0.9963, 0.0460, -0.0701, -0.0182
19:07:23, 6.00, 180, 6.74, 354.54, 1.78, -0.9970, 0.0466, -0.0594, -0.0183
19:07:23, 6.03, 181, 5.58, 354.53, 1.86, -0.9975, 0.0469, -0.0494, -0.0186
19:07:23, 6.03, 181, 4.53, 354.50, 2.01, -0.9979, 0.0472, -0.0404, -0.0194
19:07:23, 6.07, 182, 3.54, 354.47, 2.10, -0.9982, 0.0477, -0.0318, -0.0198
19:07:23, 6.07, 182, 2.59, 354.51, 2.30, -0.9984, 0.0474, -0.0235, -0.0211
19:07:23, 6.10, 183, 1.63, 354.54, 2.36, -0.9985, 0.0473, -0.0152, -0.0212
19:07:23, 6.10, 183, 0.70, 354.55, 2.48, -0.9986, 0.0474, -0.0071, -0.0219
19:07:23, 6.10, 183, 359.87, 354.58, 2.53, -0.9986, 0.0473, 0.0001, -0.0220
19:07:23, 6.13, 184, 358.98, 354.65, 2.67, -0.9986, 0.0469, 0.0078, -0.0229
19:07:23, 6.13, 184, 358.11, 354.75, 2.78, -0.9985, 0.0462, 0.0153, -0.0235
19:07:23, 6.17, 185, 357.23, 354.91, 2.91, -0.9984, 0.0450, 0.0230, -0.0243
19:07:23, 6.17, 185, 356.32, 355.10, 3.01, -0.9983, 0.0435, 0.0309, -0.0249
19:07:23, 6.17, 185, 355.29, 355.24, 3.13, -0.9980, 0.0426, 0.0399, -0.0256
19:07:23, 6.20, 186, 354.24, 355.46, 3.16, -0.9976, 0.0410, 0.0491, -0.0255
19:07:23, 6.20, 186, 353.12, 355.56, 3.13, -0.9971, 0.0403, 0.0588, -0.0249
19:07:23, 6.23, 187, 351.89, 355.65, 3.18, -0.9965, 0.0398, 0.0696, -0.0250
19:07:23, 6.23, 187, 350.57, 355.73, 3.15, -0.9956, 0.0394, 0.0811, -0.0243
19:07:23, 6.27, 188, 349.14, 355.72, 3.07, -0.9946, 0.0397, 0.0935, -0.0231
19:07:23, 6.27, 188, 347.82, 355.69, 2.98, -0.9934, 0.0402, 0.1050, -0.0219
19:07:23, 6.27, 188, 346.56, 355.70, 2.92, -0.9922, 0.0402, 0.1160, -0.0209
19:07:23, 6.30, 189, 345.37, 355.68, 2.85, -0.9910, 0.0405, 0.1263, -0.0198
19:07:23, 6.30, 189, 344.28, 355.74, 2.84, -0.9897, 0.0402, 0.1357, -0.0195
19:07:23, 6.33, 190, 343.17, 355.83, 2.89, -0.9884, 0.0397, 0.1453, -0.0196
19:07:23, 6.33, 190, 342.21, 355.89, 2.96, -0.9872, 0.0394, 0.1535, -0.0200
19:07:23, 6.33, 190, 341.18, 356.01, 3.07, -0.9857, 0.0387, 0.1624, -0.0208
19:07:23, 6.37, 191, 340.22, 356.15, 3.22, -0.9844, 0.0379, 0.1707, -0.0219
19:07:23, 6.37, 191, 339.24, 356.32, 3.41, -0.9829, 0.0369, 0.1791, -0.0235
19:07:23, 6.40, 192, 338.22, 356.60, 3.52, -0.9813, 0.0349, 0.1879, -0.0246
19:07:23, 6.40, 192, 337.12, 356.81, 3.69, -0.9794, 0.0336, 0.1973, -0.0260
19:07:23, 6.43, 193, 336.11, 357.07, 3.78, -0.9777, 0.0318, 0.2060, -0.0270
19:07:23, 6.43, 193, 335.08, 357.22, 3.85, -0.9758, 0.0309, 0.2148, -0.0275
19:07:23, 6.43, 193, 333.92, 357.34, 3.89, -0.9736, 0.0303, 0.2247, -0.0278
19:07:23, 6.47, 194, 332.84, 357.51, 3.85, -0.9714, 0.0290, 0.2339, -0.0276
19:07:23, 6.47, 194, 331.65, 357.68, 3.91, -0.9689, 0.0280, 0.2441, -0.0281
19:07:23, 6.50, 195, 330.45, 357.74, 3.87, -0.9664, 0.0277, 0.2542, -0.0276
19:07:23, 6.50, 195, 329.18, 357.74, 3.88, -0.9635, 0.0280, 0.2648, -0.0274
19:07:23, 6.50, 195, 327.97, 357.85, 3.86, -0.9607, 0.0273, 0.2750, -0.0272
19:07:24, 6.53, 196, 326.68, 357.90, 3.82, -0.9575, 0.0271, 0.2859, -0.0267
19:07:24, 6.53, 196, 325.33, 357.90, 3.90, -0.9541, 0.0276, 0.2971, -0.0270
19:07:24, 6.57, 197, 323.94, 357.89, 3.84, -0.9504, 0.0278, 0.3087, -0.0261
19:07:24, 6.57, 197, 322.42, 357.91, 3.79, -0.9462, 0.0279, 0.3213, -0.0254
19:07:24, 6.60, 198, 320.89, 357.88, 3.70, -0.9419, 0.0283, 0.3339, -0.0243
19:07:24, 6.60, 198, 319.34, 357.88, 3.61, -0.9373, 0.0283, 0.3466, -0.0232
19:07:24, 6.60, 198, 317.83, 357.86, 3.55, -0.9327, 0.0285, 0.3589, -0.0222
19:07:24, 6.63, 199, 316.34, 357.76, 3.51, -0.9279, 0.0295, 0.3711, -0.0212
19:07:24, 6.63, 199, 314.90, 357.78, 3.45, -0.9232, 0.0294, 0.3827, -0.0203
19:07:24, 6.67, 200, 313.52, 357.80, 3.41, -0.9185, 0.0294, 0.3938, -0.0197
19:07:24, 6.67, 200, 312.14, 357.78, 3.40, -0.9137, 0.0297, 0.4049, -0.0192
19:07:24, 6.67, 200, 310.81, 357.73, 3.44, -0.9089, 0.0305, 0.4154, -0.0191
19:07:24, 6.70, 201, 309.53, 357.81, 3.43, -0.9043, 0.0300, 0.4255, -0.0189
19:07:24, 6.70, 201, 308.31, 357.83, 3.43, -0.8997, 0.0301, 0.4351, -0.0186
19:07:24, 6.73, 202, 307.11, 357.86, 3.40, -0.8951, 0.0299, 0.4446, -0.0182
19:07:24, 6.73, 202, 305.90, 357.85, 3.42, -0.8903, 0.0302, 0.4540, -0.0181
19:07:24, 6.77, 203, 304.81, 357.84, 3.43, -0.8860, 0.0306, 0.4624, -0.0178
19:07:24, 6.77, 203, 303.74, 357.90, 3.43, -0.8816, 0.0303, 0.4707, -0.0177
19:07:24, 6.77, 203, 302.68, 357.90, 3.41, -0.8772, 0.0303, 0.4789, -0.0173
19:07:24, 6.80, 204, 301.63, 357.90, 3.39, -0.8728, 0.0304, 0.4869, -0.0169
19:07:24, 6.80, 204, 300.69, 357.96, 3.35, -0.8688, 0.0299, 0.4940, -0.0166
19:07:24, 6.83, 205, 299.70, 358.00, 3.28, -0.8645, 0.0294, 0.5016, -0.0160
19:07:24, 6.83, 205, 298.75, 358.03, 3.28, -0.8603, 0.0294, 0.5087, -0.0159
19:07:24, 6.83, 205, 297.82, 358.06, 3.16, -0.8562, 0.0287, 0.5157, -0.0149
19:07:24, 6.87, 206, 296.98, 358.07, 3.06, -0.8523, 0.0283, 0.5220, -0.0140
19:07:24, 6.87, 206, 296.17, 358.06, 3.01, -0.8486, 0.0282, 0.5281, -0.0133
19:07:24, 6.90, 207, 295.41, 358.11, 2.91, -0.8452, 0.0275, 0.5337, -0.0127
19:07:24, 6.90, 207, 294.70, 358.24, 2.83, -0.8418, 0.0263, 0.5390, -0.0125
19:07:24, 6.93, 208, 294.04, 358.30, 2.73, -0.8387, 0.0254, 0.5439, -0.0119
19:07:24, 6.93, 208, 293.39, 358.32, 2.67, -0.8356, 0.0250, 0.5486, -0.0114
19:07:24, 6.93, 208, 292.72, 358.39, 2.60, -0.8324, 0.0243, 0.5535, -0.0111
19:07:24, 6.97, 209, 292.17, 358.43, 2.54, -0.8298, 0.0237, 0.5575, -0.0108
19:07:24, 6.97, 209, 291.60, 358.49, 2.43, -0.8270, 0.0228, 0.5617, -0.0101
19:07:24, 7.00, 210, 291.17, 358.47, 2.34, -0.8249, 0.0226, 0.5648, -0.0093
19:07:24, 7.00, 210, 290.71, 358.51, 2.25, -0.8226, 0.0219, 0.5681, -0.0087
19:07:24, 7.00, 210, 290.23, 358.51, 2.13, -0.8202, 0.0213, 0.5716, -0.0078
19:07:24, 7.03, 211, 289.81, 358.49, 2.08, -0.8181, 0.0212, 0.5746, -0.0072
19:07:24, 7.03, 211, 289.25, 358.35, 2.02, -0.8153, 0.0219, 0.5785, -0.0060
19:07:24, 7.07, 212, 288.78, 358.16, 1.91, -0.8129, 0.0227, 0.5819, -0.0042
19:07:24, 7.07, 212, 288.31, 358.00, 1.77, -0.8105, 0.0232, 0.5852, -0.0023
19:07:24, 7.10, 213, 287.86, 357.93, 1.60, -0.8082, 0.0228, 0.5884, -0.0006
19:07:24, 7.10, 213, 287.45, 357.93, 1.46, -0.8061, 0.0221, 0.5913, 0.0005
19:07:24, 7.10, 213, 287.08, 358.04, 1.29, -0.8042, 0.0204, 0.5940, 0.0011
19:07:24, 7.13, 214, 286.70, 358.20, 1.22, -0.8022, 0.0190, 0.5967, 0.0008
19:07:24, 7.13, 214, 286.26, 358.39, 1.09, -0.8000, 0.0169, 0.5998, 0.0008
19:07:24, 7.17, 215, 285.90, 358.68, 1.04, -0.7981, 0.0147, 0.6024, -0.0003
19:07:24, 7.17, 215, 285.49, 358.93, 1.00, -0.7959, 0.0127, 0.6053, -0.0013
19:07:24, 7.17, 215, 285.05, 359.18, 1.04, -0.7936, 0.0112, 0.6083, -0.0028
19:07:24, 7.20, 216, 284.61, 359.36, 1.05, -0.7913, 0.0100, 0.6114, -0.0038
19:07:24, 7.20, 216, 284.06, 359.55, 1.01, -0.7883, 0.0085, 0.6152, -0.0045
19:07:24, 7.23, 217, 283.59, 359.71, 0.99, -0.7858, 0.0074, 0.6184, -0.0053
19:07:24, 7.23, 217, 283.03, 359.94, 0.88, -0.7828, 0.0052, 0.6223, -0.0057
19:07:24, 7.27, 218, 282.41, 0.01, 0.87, -0.7794, 0.0047, 0.6265, -0.0060
19:07:24, 7.27, 218, 281.78, 0.18, 0.82, -0.7759, 0.0033, 0.6308, -0.0065
19:07:24, 7.27, 218, 281.11, 0.19, 0.70, -0.7722, 0.0026, 0.6354, -0.0057
19:07:24, 7.30, 219, 280.48, 0.26, 0.56, -0.7687, 0.0014, 0.6396, -0.0052
19:07:24, 7.30, 219, 279.85, 0.21, 0.42, -0.7652, 0.0010, 0.6438, -0.0039
19:07:24, 7.33, 220, 279.30, 0.17, 0.24, -0.7621, 0.0003, 0.6474, -0.0026
19:07:24, 7.33, 220, 278.83, 0.03, 0.17, -0.7595, 0.0007, 0.6506, -0.0013
19:07:24, 7.33, 220, 278.36, 359.83, 0.10, -0.7568, 0.0017, 0.6537, 0.0003
19:07:24, 7.37, 221, 277.96, 359.64, 0.03, -0.7545, 0.0026, 0.6563, 0.0019
19:07:24, 7.37, 221, 277.53, 359.53, 359.96, -0.7520, 0.0029, 0.6591, 0.0030
19:07:24, 7.40, 222, 277.15, 359.36, 359.97, -0.7498, 0.0040, 0.6616, 0.0039
19:07:24, 7.40, 222, 276.77, 359.24, 359.96, -0.7476, 0.0047, 0.6641, 0.0046
19:07:24, 7.43, 223, 276.38, 359.22, 0.01, -0.7453, 0.0052, 0.6667, 0.0045
19:07:24, 7.43, 223, 275.96, 359.15, 0.03, -0.7429, 0.0057, 0.6694, 0.0047
19:07:24, 7.43, 223, 275.58, 359.12, 0.04, -0.7407, 0.0060, 0.6718, 0.0049
19:07:24, 7.47, 224, 275.10, 359.19, 0.07, -0.7379, 0.0057, 0.6749, 0.0043
19:07:24, 7.47, 224, 274.69, 359.30, 0.06, -0.7354, 0.0049, 0.6776, 0.0037
19:07:24, 7.50, 225, 274.23, 359.34, 0.10, -0.7327, 0.0048, 0.6805, 0.0033
19:07:24, 7.50, 225, 273.83, 359.46, 0.07, -0.7303, 0.0039, 0.6831, 0.0028
19:07:24, 7.50, 225, 273.41, 359.47, 0.08, -0.7278, 0.0038, 0.6857, 0.0027
19:07:25, 7.53, 226, 273.01, 359.58, 0.06, -0.7254, 0.0030, 0.6883, 0.0022
19:07:25, 7.53, 226, 272.62, 359.65, 0.05, -0.7231, 0.0025, 0.6908, 0.0018
19:07:25, 7.57, 227, 272.30, 359.67, 359.99, -0.7212, 0.0020, 0.6928, 0.0020
19:07:25, 7.57, 227, 271.97, 359.74, 359.94, -0.7192, 0.0013, 0.6948, 0.0019
19:07:25, 7.60, 228, 271.70, 359.77, 359.91, -0.7175, 0.0009, 0.6965, 0.0020
19:07:25, 7.60, 228, 271.43, 359.75, 359.80, -0.7159, 0.0004, 0.6982, 0.0028
19:07:25, 7.60, 228, 271.26, 359.69, 359.65, -0.7148, -0.0002, 0.6993, 0.0040
19:07:25, 7.63, 229, 271.13, 359.60, 359.55, -0.7140, -0.0002, 0.7001, 0.0053
19:07:25, 7.63, 229, 271.05, 359.50, 359.45, -0.7135, -0.0003, 0.7006, 0.0065
19:07:25, 7.67, 230, 270.97, 359.45, 359.33, -0.7130, -0.0007, 0.7011, 0.0075
19:07:25, 7.67, 230, 270.96, 359.40, 359.26, -0.7130, -0.0008, 0.7011, 0.0082
19:07:25, 7.67, 230, 270.93, 359.38, 359.24, -0.7127, -0.0008, 0.7014, 0.0086
19:07:25, 7.70, 231, 270.91, 359.39, 359.18, -0.7126, -0.0013, 0.7015, 0.0088
19:07:25, 7.70, 231, 270.89, 359.43, 359.17, -0.7126, -0.0015, 0.7016, 0.0087
19:07:25, 7.73, 232, 270.88, 359.42, 359.15, -0.7125, -0.0016, 0.7016, 0.0088
19:07:25, 7.73, 232, 270.89, 359.39, 359.18, -0.7125, -0.0012, 0.7016, 0.0088
19:07:25, 7.77, 233, 270.87, 359.33, 359.17, -0.7124, -0.0009, 0.7017, 0.0093
19:07:25, 7.77, 233, 270.83, 359.29, 359.19, -0.7121, -0.0005, 0.7020, 0.0094
19:07:25, 7.77, 233, 270.79, 359.26, 359.18, -0.7119, -0.0004, 0.7022, 0.0096
19:07:25, 7.80, 234, 270.73, 359.20, 359.16, -0.7115, -0.0002, 0.7026, 0.0101
19:07:25, 7.80, 234, 270.64, 359.11, 359.14, -0.7110, 0.0002, 0.7031, 0.0108
19:07:25, 7.83, 235, 270.55, 358.97, 359.08, -0.7104, 0.0007, 0.7037, 0.0120
19:07:25, 7.83, 235, 270.44, 358.83, 359.02, -0.7097, 0.0012, 0.7044, 0.0133
19:07:25, 7.83, 235, 270.28, 358.68, 358.93, -0.7087, 0.0016, 0.7053, 0.0147
19:07:25, 7.87, 236, 270.12, 358.48, 358.88, -0.7077, 0.0025, 0.7063, 0.0163
19:07:25, 7.87, 236, 269.92, 358.29, 358.79, -0.7064, 0.0030, 0.7076, 0.0180
19:07:25, 7.90, 237, 269.69, 358.04, 358.67, -0.7049, 0.0038, 0.7090, 0.0203
19:07:25, 7.90, 237, 269.42, 357.77, 358.53, -0.7032, 0.0046, 0.7106, 0.0229
19:07:25, 7.93, 238, 269.07, 357.38, 358.39, -0.7009, 0.0060, 0.7128, 0.0262
19:07:25, 7.93, 238, 268.61, 356.85, 358.21, -0.6978, 0.0080, 0.7156, 0.0306
19:07:25, 7.93, 238, 268.06, 356.27, 357.98, -0.6942, 0.0099, 0.7189, 0.0357
19:07:25, 7.97, 239, 267.47, 355.61, 357.73, -0.6901, 0.0122, 0.7224, 0.0414
19:07:25, 7.97, 239, 266.84, 355.08, 357.54, -0.6859, 0.0139, 0.7261, 0.0459
19:07:25, 8.00, 240, 266.26, 354.47, 357.42, -0.6819, 0.0165, 0.7295, 0.0506
19:07:25, 8.00, 240, 265.79, 354.07, 357.35, -0.6787, 0.0182, 0.7323, 0.0536
19:07:25, 8.00, 240, 265.38, 353.73, 357.30, -0.6759, 0.0198, 0.7346, 0.0561
19:07:25, 8.03, 241, 264.92, 353.36, 357.30, -0.6728, 0.0217, 0.7372, 0.0586
19:07:25, 8.03, 241, 264.43, 353.01, 357.35, -0.6695, 0.0239, 0.7400, 0.0606
19:07:25, 8.07, 242, 263.97, 352.62, 357.39, -0.6663, 0.0261, 0.7426, 0.0630
19:07:25, 8.07, 242, 263.52, 352.32, 357.38, -0.6632, 0.0276, 0.7451, 0.0651
19:07:25, 8.10, 243, 263.15, 351.97, 357.47, -0.6606, 0.0300, 0.7471, 0.0670
19:07:25, 8.10, 243, 262.85, 351.56, 357.57, -0.6585, 0.0328, 0.7487, 0.0692
19:07:25, 8.10, 243, 262.54, 351.25, 357.69, -0.6564, 0.0352, 0.7503, 0.0706
19:07:25, 8.13, 244, 262.33, 350.88, 357.83, -0.6549, 0.0381, 0.7513, 0.0723
19:07:25, 8.13, 244, 262.16, 350.50, 357.97, -0.6537, 0.0411, 0.7520, 0.0740
19:07:25, 8.17, 245, 261.90, 350.09, 358.09, -0.6518, 0.0441, 0.7533, 0.0761
19:07:25, 8.17, 245, 261.73, 349.77, 358.26, -0.6506, 0.0469, 0.7540, 0.0773
19:07:25, 8.17, 245, 261.55, 349.40, 358.43, -0.6493, 0.0500, 0.7548, 0.0789
19:07:25, 8.20, 246, 261.37, 349.19, 358.63, -0.6481, 0.0524, 0.7556, 0.0792
19:07:25, 8.20, 246, 261.20, 349.00, 358.82, -0.6470, 0.0546, 0.7564, 0.0794
19:07:25, 8.23, 247, 260.98, 348.84, 359.00, -0.6455, 0.0565, 0.7575, 0.0796
19:07:25, 8.23, 247, 260.80, 348.68, 359.15, -0.6444, 0.0583, 0.7583, 0.0799
19:07:25, 8.27, 248, 260.65, 348.56, 359.34, -0.6434, 0.0601, 0.7590, 0.0797
19:07:25, 8.27, 248, 260.49, 348.36, 359.47, -0.6423, 0.0620, 0.7597, 0.0804
19:07:25, 8.27, 248, 260.29, 348.20, 359.65, -0.6411, 0.0640, 0.7605, 0.0806
19:07:25, 8.30, 249, 260.09, 348.00, 359.82, -0.6397, 0.0661, 0.7615, 0.0810
19:07:25, 8.30, 249, 259.82, 347.87, 0.03, -0.6380, 0.0680, 0.7627, 0.0808
19:07:25, 8.33, 250, 259.61, 347.70, 0.21, -0.6367, 0.0700, 0.7637, 0.0812
19:07:25, 8.33, 250, 259.34, 347.59, 0.37, -0.6349, 0.0715, 0.7650, 0.0811
19:07:25, 8.33, 250, 258.98, 347.50, 0.56, -0.6326, 0.0729, 0.7668, 0.0809
19:07:25, 8.37, 251, 258.58, 347.41, 0.73, -0.6300, 0.0743, 0.7688, 0.0808
19:07:25, 8.37, 251, 258.10, 347.34, 0.94, -0.6268, 0.0758, 0.7713, 0.0805
19:07:25, 8.40, 252, 257.53, 347.31, 1.10, -0.6231, 0.0767, 0.7743, 0.0802
19:07:25, 8.40, 252, 256.89, 347.31, 1.28, -0.6189, 0.0774, 0.7776, 0.0797
19:07:25, 8.40, 252, 256.24, 347.43, 1.42, -0.6146, 0.0773, 0.7811, 0.0785
19:07:25, 8.43, 253, 255.56, 347.41, 1.61, -0.6101, 0.0782, 0.7846, 0.0781
19:07:25, 8.43, 253, 254.89, 347.50, 1.76, -0.6056, 0.0783, 0.7881, 0.0771
19:07:25, 8.47, 254, 254.14, 347.61, 1.92, -0.6006, 0.0783, 0.7920, 0.0760
19:07:25, 8.47, 254, 253.46, 347.73, 1.95, -0.5960, 0.0775, 0.7957, 0.0755
19:07:25, 8.50, 255, 252.76, 347.92, 2.09, -0.5913, 0.0770, 0.7994, 0.0739
19:07:25, 8.50, 255, 252.05, 348.09, 2.21, -0.5865, 0.0765, 0.8031, 0.0726
19:07:25, 8.50, 255, 251.43, 348.22, 2.33, -0.5823, 0.0763, 0.8062, 0.0715
19:07:26, 8.53, 256, 250.76, 348.30, 2.46, -0.5776, 0.0764, 0.8096, 0.0707
19:07:26, 8.53, 256, 250.15, 348.46, 2.55, -0.5734, 0.0758, 0.8128, 0.0695
19:07:26, 8.57, 257, 249.59, 348.58, 2.69, -0.5696, 0.0759, 0.8156, 0.0683
19:07:26, 8.57, 257, 249.05, 348.72, 2.89, -0.5659, 0.0764, 0.8182, 0.0667
19:07:26, 8.60, 258, 248.51, 348.80, 3.02, -0.5621, 0.0766, 0.8209, 0.0658
19:07:26, 8.60, 258, 248.05, 348.91, 3.17, -0.5590, 0.0769, 0.8231, 0.0646
19:07:26, 8.60, 258, 247.66, 349.01, 3.37, -0.5562, 0.0776, 0.8250, 0.0632
19:07:26, 8.63, 259, 247.30, 349.09, 3.50, -0.5538, 0.0779, 0.8267, 0.0622
19:07:26, 8.63, 259, 247.02, 349.26, 3.64, -0.5518, 0.0780, 0.8281, 0.0605
19:07:26, 8.67, 260, 246.71, 349.39, 3.80, -0.5497, 0.0784, 0.8295, 0.0591
19:07:26, 8.67, 260, 246.45, 349.50, 3.95, -0.5479, 0.0788, 0.8308, 0.0577
19:07:26, 8.67, 260, 246.26, 349.58, 4.13, -0.5466, 0.0797, 0.8317, 0.0564
19:07:26, 8.70, 261, 246.04, 349.69, 4.36, -0.5452, 0.0807, 0.8326, 0.0546
19:07:26, 8.70, 261, 245.90, 349.85, 4.52, -0.5443, 0.0811, 0.8333, 0.0528
19:07:26, 8.73, 262, 245.82, 350.00, 4.67, -0.5438, 0.0814, 0.8337, 0.0510
19:07:26, 8.73, 262, 245.82, 350.08, 4.75, -0.5438, 0.0816, 0.8337, 0.0501
19:07:26, 8.77, 263, 245.91, 350.18, 4.80, -0.5445, 0.0815, 0.8333, 0.0491
19:07:26, 8.77, 263, 246.05, 350.26, 4.86, -0.5455, 0.0817, 0.8327, 0.0481
19:07:26, 8.77, 263, 246.18, 350.34, 4.96, -0.5465, 0.0820, 0.8321, 0.0469
19:07:26, 8.80, 264, 246.42, 350.45, 5.01, -0.5483, 0.0820, 0.8310, 0.0457
19:07:26, 8.80, 264, 246.75, 350.56, 5.06, -0.5507, 0.0820, 0.8294, 0.0445
19:07:26, 8.83, 265, 247.08, 350.63, 5.14, -0.5532, 0.0823, 0.8279, 0.0433
19:07:26, 8.83, 265, 247.54, 350.67, 5.18, -0.5565, 0.0826, 0.8256, 0.0425
19:07:26, 8.83, 265, 248.04, 350.73, 5.21, -0.5601, 0.0827, 0.8232, 0.0416
19:07:26, 8.87, 266, 248.59, 350.86, 5.20, -0.5641, 0.0822, 0.8206, 0.0402
19:07:26, 8.87, 266, 249.37, 350.96, 5.20, -0.5696, 0.0820, 0.8169, 0.0390
19:07:26, 8.90, 267, 250.29, 351.04, 5.11, -0.5761, 0.0812, 0.8124, 0.0382
19:07:26, 8.90, 267, 251.35, 351.19, 5.09, -0.5836, 0.0807, 0.8072, 0.0365
19:07:26, 8.93, 268, 252.66, 351.29, 5.03, -0.5928, 0.0802, 0.8005, 0.0352
19:07:26, 8.93, 268, 254.24, 351.40, 5.06, -0.6039, 0.0803, 0.7923, 0.0331
19:07:26, 8.93, 268, 256.02, 351.55, 5.09, -0.6161, 0.0802, 0.7829, 0.0307
19:07:26, 8.97, 269, 258.08, 351.73, 5.22, -0.6301, 0.0807, 0.7718, 0.0273
19:07:26, 8.97, 269, 260.34, 351.91, 5.35, -0.6453, 0.0810, 0.7593, 0.0238
19:07:26, 9.00, 270, 262.86, 352.13, 5.46, -0.6619, 0.0810, 0.7450, 0.0200
19:07:26, 9.00, 270, 265.57, 352.26, 5.45, -0.6793, 0.0806, 0.7292, 0.0172
19:07:26, 9.00, 270, 268.21, 352.35, 5.46, -0.6959, 0.0805, 0.7134, 0.0148
19:07:26, 9.03, 271, 270.96, 352.44, 5.46, -0.7129, 0.0803, 0.6966, 0.0123
19:07:26, 9.03, 271, 273.80, 352.56, 5.51, -0.7299, 0.0801, 0.6787, 0.0093
19:07:26, 9.07, 272, 276.53, 352.70, 5.58, -0.7459, 0.0798, 0.6612, 0.0061
19:07:26, 9.07, 272, 279.31, 352.86, 5.57, -0.7617, 0.0788, 0.6431, 0.0033
19:07:26, 9.10, 273, 281.98, 352.94, 5.54, -0.7765, 0.0781, 0.6252, 0.0012
19:07:26, 9.10, 273, 284.56, 353.10, 5.48, -0.7904, 0.0767, 0.6077, -0.0009
19:07:26, 9.10, 273, 287.11, 353.23, 5.28, -0.8038, 0.0748, 0.5902, -0.0020
19:07:26, 9.13, 274, 289.56, 353.29, 5.12, -0.8162, 0.0735, 0.5730, -0.0027
19:07:26, 9.13, 274, 291.87, 353.36, 4.88, -0.8276, 0.0717, 0.5566, -0.0028
19:07:26, 9.17, 275, 294.14, 353.46, 4.62, -0.8385, 0.0698, 0.5404, -0.0028
19:07:26, 9.17, 275, 296.25, 353.46, 4.38, -0.8484, 0.0685, 0.5250, -0.0023
19:07:26, 9.17, 275, 298.26, 353.56, 4.14, -0.8575, 0.0667, 0.5102, -0.0021
19:07:26, 9.20, 276, 300.23, 353.58, 3.89, -0.8661, 0.0654, 0.4956, -0.0015
19:07:26, 9.20, 276, 302.00, 353.61, 3.69, -0.8737, 0.0643, 0.4822, -0.0011
19:07:26, 9.23, 277, 303.72, 353.70, 3.40, -0.8808, 0.0624, 0.4693, -0.0003
19:07:26, 9.23, 277, 305.34, 353.68, 3.14, -0.8874, 0.0615, 0.4569, 0.0010
19:07:26, 9.27, 278, 306.86, 353.79, 2.88, -0.8934, 0.0597, 0.4453, 0.0018
19:07:26, 9.27, 278, 308.30, 353.91, 2.60, -0.8990, 0.0577, 0.4342, 0.0028
19:07:26, 9.27, 278, 309.66, 353.98, 2.30, -0.9041, 0.0561, 0.4237, 0.0042
19:07:26, 9.30, 279, 310.97, 354.02, 1.98, -0.9088, 0.0546, 0.4135, 0.0059
19:07:26, 9.30, 279, 312.18, 354.12, 1.64, -0.9132, 0.0527, 0.4041, 0.0077
19:07:26, 9.33, 280, 313.43, 354.21, 1.40, -0.9175, 0.0512, 0.3942, 0.0088
19:07:26, 9.33, 280, 314.60, 354.30, 1.13, -0.9216, 0.0497, 0.3849, 0.0101
19:07:26, 9.33, 280, 315.80, 354.39, 0.92, -0.9255, 0.0483, 0.3754, 0.0110
19:07:26, 9.37, 281, 316.84, 354.46, 0.75, -0.9289, 0.0474, 0.3671, 0.0117
19:07:26, 9.37, 281, 317.80, 354.59, 0.50, -0.9320, 0.0456, 0.3594, 0.0129
19:07:26, 9.40, 282, 318.74, 354.68, 0.35, -0.9349, 0.0445, 0.3518, 0.0135
19:07:26, 9.40, 282, 319.61, 354.87, 0.20, -0.9376, 0.0426, 0.3448, 0.0138
19:07:26, 9.43, 283, 320.43, 355.04, 0.06, -0.9401, 0.0409, 0.3381, 0.0141
19:07:26, 9.43, 283, 321.18, 355.17, 359.93, -0.9423, 0.0395, 0.3321, 0.0145
19:07:26, 9.43, 283, 321.86, 355.31, 359.74, -0.9443, 0.0380, 0.3265, 0.0155
19:07:26, 9.47, 284, 322.55, 355.30, 359.68, -0.9462, 0.0379, 0.3209, 0.0158
19:07:26, 9.47, 284, 323.14, 355.42, 359.59, -0.9479, 0.0368, 0.3160, 0.0160
19:07:26, 9.50, 285, 323.67, 355.51, 359.52, -0.9494, 0.0359, 0.3117, 0.0162
19:07:26, 9.50, 285, 324.23, 355.65, 359.41, -0.9509, 0.0346, 0.3071, 0.0166
19:07:26, 9.50, 285, 324.78, 355.72, 359.38, -0.9524, 0.0340, 0.3025, 0.0164
19:07:27, 9.53, 286, 325.30, 355.83, 359.39, -0.9538, 0.0332, 0.2982, 0.0159
19:07:27, 9.53, 286, 325.84, 355.85, 359.44, -0.9552, 0.0332, 0.2936, 0.0153
19:07:27, 9.57, 287, 326.38, 355.96, 359.51, -0.9566, 0.0325, 0.2891, 0.0143
19:07:27, 9.57, 287, 326.84, 355.94, 359.54, -0.9578, 0.0328, 0.2853, 0.0139
19:07:27, 9.60, 288, 327.37, 355.90, 359.59, -0.9591, 0.0333, 0.2809, 0.0135
19:07:27, 9.60, 288, 327.90, 355.78, 359.68, -0.9603, 0.0346, 0.2764, 0.0129
19:07:27, 9.60, 288, 328.42, 355.69, 359.75, -0.9616, 0.0356, 0.2720, 0.0123
19:07:27, 9.63, 289, 328.97, 355.60, 359.80, -0.9628, 0.0365, 0.2674, 0.0119
19:07:27, 9.63, 289, 329.55, 355.52, 359.87, -0.9641, 0.0374, 0.2625, 0.0114
19:07:27, 9.67, 290, 330.11, 355.49, 359.97, -0.9654, 0.0380, 0.2577, 0.0104
19:07:27, 9.67, 290, 330.69, 355.33, 0.02, -0.9667, 0.0394, 0.2528, 0.0102
19:07:27, 9.67, 290, 331.33, 355.26, 0.12, -0.9681, 0.0404, 0.2473, 0.0092
19:07:27, 9.70, 291, 332.02, 355.13, 0.13, -0.9695, 0.0415, 0.2415, 0.0092
19:07:27, 9.70, 291, 332.70, 354.99, 0.23, -0.9709, 0.0429, 0.2356, 0.0084
19:07:27, 9.73, 292, 333.44, 354.90, 0.26, -0.9723, 0.0438, 0.2294, 0.0080
19:07:27, 9.73, 292, 334.22, 354.75, 0.34, -0.9738, 0.0453, 0.2227, 0.0073
19:07:27, 9.77, 293, 335.00, 354.71, 0.34, -0.9753, 0.0457, 0.2161, 0.0071
19:07:27, 9.77, 293, 335.98, 354.63, 0.30, -0.9771, 0.0463, 0.2078, 0.0072
19:07:27, 9.77, 293, 336.89, 354.59, 0.28, -0.9787, 0.0468, 0.2000, 0.0070
19:07:27, 9.80, 294, 337.86, 354.59, 0.25, -0.9803, 0.0467, 0.1917, 0.0069
19:07:27, 9.80, 294, 338.84, 354.57, 0.23, -0.9819, 0.0470, 0.1833, 0.0067
19:07:27, 9.83, 295, 339.86, 354.54, 0.12, -0.9835, 0.0471, 0.1746, 0.0073
19:07:27, 9.83, 295, 340.84, 354.57, 0.02, -0.9850, 0.0467, 0.1662, 0.0077
19:07:27, 9.83, 295, 341.78, 354.66, 359.90, -0.9863, 0.0459, 0.1582, 0.0082
19:07:27, 9.87, 296, 342.73, 354.72, 359.81, -0.9876, 0.0453, 0.1500, 0.0086
19:07:27, 9.87, 296, 343.66, 354.85, 359.66, -0.9888, 0.0440, 0.1421, 0.0093
19:07:27, 9.90, 297, 344.60, 354.87, 359.53, -0.9900, 0.0438, 0.1341, 0.0100
19:07:27, 9.90, 297, 345.50, 354.96, 359.46, -0.9910, 0.0430, 0.1263, 0.0102
19:07:27, 9.93, 298, 346.44, 355.10, 359.29, -0.9920, 0.0417, 0.1182, 0.0112
19:07:27, 9.93, 298, 347.27, 355.24, 359.13, -0.9929, 0.0404, 0.1111, 0.0121
19:07:27, 9.93, 298, 348.20, 355.40, 359.04, -0.9938, 0.0391, 0.1031, 0.0125
19:07:27, 9.97, 299, 349.04, 355.53, 358.91, -0.9946, 0.0379, 0.0958, 0.0132
19:07:27, 9.97, 299, 349.82, 355.62, 358.80, -0.9952, 0.0372, 0.0890, 0.0138
