Timestamp, VideoTime, VideoFrame, HeadYaw, HeadPitch, HeadRoll, HeadQuatW, HeadQuatX, HeadQuatY, HeadQuatZ
19:12:26, 0.00, 0, 95.93, 25.97, 4.94, -0.6590, -0.1815, -0.7166, 0.1386
19:12:26, 0.03, 1, 96.31, 26.41, 4.97, -0.6563, -0.1837, -0.7179, 0.1418
19:12:26, 0.03, 1, 96.77, 26.85, 4.99, -0.6529, -0.1857, -0.7198, 0.1453
19:12:26, 0.03, 1, 97.27, 27.21, 5.01, -0.6494, -0.1872, -0.7220, 0.1483
19:12:26, 0.07, 2, 97.92, 27.42, 4.99, -0.6451, -0.1874, -0.7253, 0.1508
19:12:26, 0.07, 2, 98.54, 27.70, 5.03, -0.6409, -0.1883, -0.7282, 0.1534
19:12:26, 0.10, 3, 99.19, 27.93, 5.02, -0.6365, -0.1886, -0.7314, 0.1560
19:12:26, 0.10, 3, 99.98, 28.06, 5.02, -0.6313, -0.1883, -0.7355, 0.1582
19:12:26, 0.10, 3, 100.86, 28.27, 5.07, -0.6254, -0.1885, -0.7399, 0.1608
19:12:26, 0.13, 4, 101.83, 28.43, 5.10, -0.6190, -0.1882, -0.7448, 0.1632
19:12:26, 0.13, 4, 103.02, 28.46, 5.25, -0.6115, -0.1876, -0.7509, 0.1646
19:12:26, 0.13, 4, 103.97, 28.66, 5.38, -0.6052, -0.1881, -0.7553, 0.1667
19:12:26, 0.17, 5, 105.14, 28.82, 5.49, -0.5975, -0.1879, -0.7610, 0.1692
19:12:26, 0.17, 5, 106.32, 28.95, 5.81, -0.5899, -0.1889, -0.7663, 0.1704
19:12:26, 0.20, 6, 107.47, 29.12, 6.03, -0.5824, -0.1896, -0.7715, 0.1723
19:12:26, 0.20, 6, 108.67, 29.39, 6.22, -0.5743, -0.1903, -0.7767, 0.1752
19:12:26, 0.20, 6, 109.67, 29.64, 6.32, -0.5675, -0.1907, -0.7810, 0.1781
19:12:26, 0.23, 7, 110.77, 30.03, 6.52, -0.5599, -0.1921, -0.7852, 0.1817
19:12:26, 0.23, 7, 111.87, 30.37, 6.70, -0.5523, -0.1932, -0.7896, 0.1851
19:12:26, 0.27, 8, 112.96, 30.73, 6.96, -0.5449, -0.1949, -0.7935, 0.1882
19:12:26, 0.27, 8, 113.92, 31.04, 7.19, -0.5384, -0.1963, -0.7970, 0.1909
19:12:26, 0.30, 9, 114.86, 31.30, 7.35, -0.5319, -0.1970, -0.8005, 0.1936
19:12:26, 0.30, 9, 115.83, 31.45, 7.50, -0.5252, -0.1970, -0.8044, 0.1957
19:12:26, 0.30, 9, 116.79, 31.76, 7.83, -0.5188, -0.1990, -0.8075, 0.1981
19:12:26, 0.33, 10, 117.68, 32.12, 8.17, -0.5128, -0.2014, -0.8100, 0.2007
19:12:26, 0.33, 10, 118.55, 32.42, 8.46, -0.5069, -0.2031, -0.8127, 0.2031
19:12:26, 0.37, 11, 119.41, 32.75, 8.76, -0.5012, -0.2050, -0.8151, 0.2057
19:12:26, 0.37, 11, 120.19, 33.02, 9.08, -0.4960, -0.2070, -0.8173, 0.2077
19:12:26, 0.40, 12, 120.95, 33.26, 9.38, -0.4909, -0.2088, -0.8194, 0.2096
19:12:26, 0.40, 12, 121.56, 33.47, 9.58, -0.4868, -0.2099, -0.8211, 0.2114
19:12:26, 0.40, 12, 122.33, 33.75, 9.86, -0.4817, -0.2115, -0.8231, 0.2137
19:12:26, 0.43, 13, 123.02, 34.00, 10.16, -0.4771, -0.2134, -0.8248, 0.2156
19:12:26, 0.43, 13, 123.57, 34.26, 10.42, -0.4735, -0.2152, -0.8260, 0.2175
19:12:26, 0.47, 14, 124.20, 34.59, 10.68, -0.4693, -0.2170, -0.8272, 0.2200
19:12:26, 0.47, 14, 124.79, 34.85, 10.92, -0.4654, -0.2185, -0.8285, 0.2221
19:12:26, 0.50, 15, 125.30, 35.17, 11.18, -0.4620, -0.2206, -0.8292, 0.2244
19:12:26, 0.50, 15, 125.79, 35.51, 11.41, -0.4587, -0.2225, -0.8298, 0.2270
19:12:26, 0.50, 15, 126.36, 35.80, 11.77, -0.4552, -0.2250, -0.8305, 0.2289
19:12:26, 0.53, 16, 126.81, 36.00, 12.07, -0.4525, -0.2270, -0.8312, 0.2301
19:12:26, 0.53, 16, 127.19, 36.28, 12.34, -0.4502, -0.2291, -0.8313, 0.2318
19:12:26, 0.57, 17, 127.60, 36.48, 12.71, -0.4478, -0.2317, -0.8316, 0.2327
19:12:26, 0.57, 17, 127.91, 36.70, 12.87, -0.4458, -0.2329, -0.8319, 0.2344
19:12:26, 0.57, 17, 128.31, 36.91, 13.15, -0.4434, -0.2348, -0.8323, 0.2356
19:12:26, 0.60, 18, 128.72, 37.13, 13.40, -0.4409, -0.2365, -0.8327, 0.2372
19:12:26, 0.60, 18, 129.09, 37.35, 13.57, -0.4385, -0.2377, -0.8331, 0.2390
19:12:26, 0.63, 19, 129.49, 37.58, 13.72, -0.4358, -0.2387, -0.8337, 0.2410
19:12:26, 0.63, 19, 129.79, 37.78, 13.84, -0.4339, -0.2396, -0.8340, 0.2426
19:12:26, 0.67, 20, 130.08, 37.94, 13.92, -0.4318, -0.2401, -0.8344, 0.2442
19:12:26, 0.67, 20, 130.42, 38.14, 13.97, -0.4294, -0.2403, -0.8350, 0.2462
19:12:26, 0.67, 20, 130.81, 38.27, 14.02, -0.4266, -0.2402, -0.8360, 0.2478
19:12:26, 0.70, 21, 131.31, 38.45, 14.09, -0.4231, -0.2402, -0.8371, 0.2500
19:12:26, 0.70, 21, 131.82, 38.60, 14.22, -0.4196, -0.2405, -0.8383, 0.2517
19:12:26, 0.73, 22, 132.22, 38.68, 14.31, -0.4169, -0.2406, -0.8393, 0.2528
19:12:26, 0.73, 22, 132.64, 38.71, 14.45, -0.4141, -0.2407, -0.8404, 0.2535
19:12:26, 0.77, 23, 133.03, 38.70, 14.42, -0.4112, -0.2396, -0.8419, 0.2543
19:12:26, 0.77, 23, 133.52, 38.71, 14.45, -0.4076, -0.2387, -0.8436, 0.2553
19:12:26, 0.77, 23, 134.03, 38.68, 14.60, -0.4042, -0.2386, -0.8452, 0.2556
19:12:26, 0.80, 24, 134.48, 38.70, 14.75, -0.4013, -0.2388, -0.8464, 0.2561
19:12:26, 0.80, 24, 134.93, 38.62, 14.81, -0.3981, -0.2380, -0.8481, 0.2562
19:12:26, 0.83, 25, 135.38, 38.51, 14.84, -0.3948, -0.2369, -0.8499, 0.2563
19:12:26, 0.83, 25, 136.06, 38.33, 14.92, -0.3900, -0.2356, -0.8526, 0.2560
19:12:26, 0.83, 25, 136.73, 38.16, 14.94, -0.3850, -0.2337, -0.8554, 0.2560
19:12:26, 0.87, 26, 137.55, 37.91, 15.10, -0.3792, -0.2324, -0.8585, 0.2552
19:12:26, 0.87, 26, 138.34, 37.61, 15.28, -0.3737, -0.2312, -0.8617, 0.2538
19:12:26, 0.90, 27, 139.25, 37.22, 15.40, -0.3671, -0.2291, -0.8655, 0.2522
19:12:26, 0.90, 27, 140.14, 36.66, 15.49, -0.3604, -0.2265, -0.8698, 0.2494
19:12:26, 0.93, 28, 141.09, 36.14, 15.52, -0.3532, -0.2234, -0.8742, 0.2471
19:12:26, 0.93, 28, 141.98, 35.53, 15.52, -0.3463, -0.2200, -0.8787, 0.2439
19:12:26, 0.93, 28, 142.98, 34.85, 15.57, -0.3386, -0.2168, -0.8835, 0.2403
19:12:27, 0.97, 29, 143.99, 34.19, 15.65, -0.3308, -0.2138, -0.8882, 0.2367
19:12:27, 0.97, 29, 145.02, 33.68, 15.78, -0.3228, -0.2115, -0.8923, 0.2342
19:12:27, 1.00, 30, 146.13, 33.18, 16.04, -0.3145, -0.2102, -0.8963, 0.2315
19:12:27, 1.00, 30, 147.32, 32.88, 16.44, -0.3059, -0.2104, -0.8995, 0.2302
19:12:27, 1.00, 30, 148.61, 32.72, 16.71, -0.2962, -0.2096, -0.9028, 0.2306
19:12:27, 1.03, 31, 149.79, 32.50, 16.94, -0.2872, -0.2086, -0.9060, 0.2304
19:12:27, 1.03, 31, 150.87, 32.20, 17.18, -0.2790, -0.2079, -0.9090, 0.2293
19:12:27, 1.07, 32, 151.81, 31.94, 17.38, -0.2717, -0.2071, -0.9116, 0.2285
19:12:27, 1.07, 32, 152.77, 31.76, 17.53, -0.2643, -0.2061, -0.9141, 0.2283
19:12:27, 1.10, 33, 153.64, 31.55, 17.63, -0.2574, -0.2049, -0.9164, 0.2280
19:12:27, 1.10, 33, 154.57, 31.32, 17.75, -0.2500, -0.2036, -0.9189, 0.2274
19:12:27, 1.10, 33, 155.41, 31.00, 17.82, -0.2432, -0.2020, -0.9214, 0.2262
19:12:27, 1.13, 34, 156.17, 30.47, 17.74, -0.2365, -0.1992, -0.9244, 0.2234
19:12:27, 1.13, 34, 156.96, 29.87, 17.72, -0.2295, -0.1966, -0.9275, 0.2198
19:12:27, 1.17, 35, 157.60, 29.07, 17.68, -0.2236, -0.1941, -0.9308, 0.2144
19:12:27, 1.17, 35, 158.28, 28.28, 17.70, -0.2174, -0.1920, -0.9339, 0.2090
19:12:27, 1.17, 35, 158.88, 27.45, 17.60, -0.2116, -0.1891, -0.9371, 0.2033
19:12:27, 1.20, 36, 159.48, 26.58, 17.44, -0.2056, -0.1857, -0.9404, 0.1973
19:12:27, 1.20, 36, 160.11, 25.60, 17.32, -0.1994, -0.1825, -0.9438, 0.1903
19:12:27, 1.23, 37, 160.80, 24.76, 17.28, -0.1928, -0.1801, -0.9468, 0.1845
19:12:27, 1.23, 37, 161.50, 23.84, 17.27, -0.1861, -0.1778, -0.9498, 0.1779
19:12:27, 1.27, 38, 162.19, 23.09, 17.20, -0.1795, -0.1754, -0.9524, 0.1728
19:12:27, 1.27, 38, 162.90, 22.43, 17.14, -0.1729, -0.1731, -0.9549, 0.1684
19:12:27, 1.27, 38, 163.52, 21.82, 17.02, -0.1669, -0.1707, -0.9571, 0.1644
19:12:27, 1.30, 39, 163.97, 21.22, 16.95, -0.1624, -0.1689, -0.9589, 0.1601
19:12:27, 1.30, 39, 164.29, 20.63, 16.85, -0.1590, -0.1670, -0.9605, 0.1558
19:12:27, 1.33, 40, 164.43, 20.04, 16.70, -0.1570, -0.1650, -0.9619, 0.1512
19:12:27, 1.33, 40, 164.41, 19.47, 16.42, -0.1562, -0.1621, -0.9632, 0.1467
19:12:27, 1.33, 40, 164.38, 18.89, 16.10, -0.1555, -0.1589, -0.9646, 0.1422
19:12:27, 1.37, 41, 164.41, 18.38, 15.78, -0.1543, -0.1557, -0.9658, 0.1383
19:12:27, 1.37, 41, 164.41, 17.92, 15.54, -0.1536, -0.1532, -0.9668, 0.1348
19:12:27, 1.40, 42, 164.46, 17.48, 15.21, -0.1524, -0.1500, -0.9680, 0.1315
19:12:27, 1.40, 42, 164.48, 17.12, 15.02, -0.1517, -0.1480, -0.9688, 0.1288
19:12:27, 1.43, 43, 164.41, 16.85, 14.78, -0.1517, -0.1458, -0.9694, 0.1267
19:12:27, 1.43, 43, 164.34, 16.52, 14.53, -0.1517, -0.1434, -0.9701, 0.1241
19:12:27, 1.43, 43, 164.23, 16.24, 14.26, -0.1521, -0.1409, -0.9706, 0.1220
19:12:27, 1.47, 44, 164.17, 15.91, 13.99, -0.1521, -0.1384, -0.9713, 0.1195
19:12:27, 1.47, 44, 164.05, 15.69, 13.70, -0.1526, -0.1358, -0.9718, 0.1179
19:12:27, 1.50, 45, 164.00, 15.44, 13.47, -0.1526, -0.1337, -0.9723, 0.1159
19:12:27, 1.50, 45, 163.90, 15.17, 13.13, -0.1529, -0.1306, -0.9729, 0.1140
19:12:27, 1.50, 45, 163.85, 15.00, 12.78, -0.1528, -0.1275, -0.9735, 0.1129
19:12:27, 1.53, 46, 163.77, 14.90, 12.51, -0.1531, -0.1252, -0.9738, 0.1124
19:12:27, 1.53, 46, 163.69, 14.74, 12.30, -0.1535, -0.1232, -0.9741, 0.1112
19:12:27, 1.57, 47, 163.58, 14.66, 12.01, -0.1541, -0.1208, -0.9744, 0.1108
19:12:27, 1.57, 47, 163.39, 14.57, 11.74, -0.1554, -0.1186, -0.9745, 0.1102
19:12:27, 1.60, 48, 163.18, 14.47, 11.55, -0.1569, -0.1170, -0.9745, 0.1093
19:12:27, 1.60, 48, 162.94, 14.39, 11.29, -0.1586, -0.1150, -0.9746, 0.1088
19:12:27, 1.60, 48, 162.74, 14.27, 11.01, -0.1600, -0.1127, -0.9747, 0.1079
19:12:27, 1.63, 49, 162.55, 14.14, 10.78, -0.1613, -0.1108, -0.9748, 0.1069
19:12:27, 1.63, 49, 162.37, 13.96, 10.55, -0.1625, -0.1087, -0.9750, 0.1056
19:12:27, 1.67, 50, 162.21, 13.85, 10.29, -0.1636, -0.1065, -0.9751, 0.1049
19:12:27, 1.67, 50, 162.12, 13.74, 10.06, -0.1641, -0.1045, -0.9753, 0.1041
19:12:27, 1.67, 50, 162.00, 13.61, 9.81, -0.1648, -0.1023, -0.9756, 0.1033
19:12:27, 1.70, 51, 161.94, 13.45, 9.56, -0.1650, -0.1001, -0.9759, 0.1022
19:12:27, 1.70, 51, 161.91, 13.28, 9.38, -0.1650, -0.0983, -0.9762, 0.1011
19:12:27, 1.73, 52, 161.85, 13.14, 9.14, -0.1652, -0.0962, -0.9764, 0.1001
19:12:27, 1.73, 52, 161.80, 12.98, 8.96, -0.1654, -0.0944, -0.9767, 0.0990
19:12:27, 1.77, 53, 161.73, 12.82, 8.79, -0.1658, -0.0928, -0.9769, 0.0979
19:12:27, 1.77, 53, 161.62, 12.69, 8.56, -0.1665, -0.0908, -0.9771, 0.0970
19:12:27, 1.77, 53, 161.48, 12.57, 8.31, -0.1674, -0.0886, -0.9772, 0.0961
19:12:27, 1.80, 54, 161.36, 12.42, 8.03, -0.1681, -0.0862, -0.9774, 0.0952
19:12:27, 1.80, 54, 161.27, 12.27, 7.75, -0.1686, -0.0836, -0.9776, 0.0943
19:12:27, 1.83, 55, 161.20, 12.08, 7.46, -0.1688, -0.0809, -0.9779, 0.0930
19:12:27, 1.83, 55, 161.11, 11.89, 7.15, -0.1693, -0.0782, -0.9782, 0.0918
19:12:27, 1.83, 55, 161.01, 11.69, 6.84, -0.1698, -0.0753, -0.9784, 0.0905
19:12:27, 1.87, 56, 160.95, 11.43, 6.55, -0.1700, -0.0725, -0.9788, 0.0886
19:12:27, 1.87, 56, 160.80, 11.18, 6.22, -0.1709, -0.0695, -0.9790, 0.0869
19:12:27, 1.90, 57, 160.78, 10.92, 5.95, -0.1708, -0.0668, -0.9794, 0.0851
19:12:27, 1.90, 57, 160.78, 10.63, 5.62, -0.1705, -0.0636, -0.9798, 0.0831
19:12:27, 1.93, 58, 160.80, 10.40, 5.35, -0.1701, -0.0609, -0.9802, 0.0815
19:12:27, 1.93, 58, 160.79, 10.14, 5.19, -0.1699, -0.0592, -0.9805, 0.0795
19:12:27, 1.93, 58, 160.79, 9.87, 5.00, -0.1698, -0.0572, -0.9808, 0.0775
19:12:28, 1.97, 59, 160.78, 9.67, 4.79, -0.1696, -0.0551, -0.9810, 0.0761
19:12:28, 1.97, 59, 160.82, 9.43, 4.70, -0.1692, -0.0539, -0.9813, 0.0742
19:12:28, 2.00, 60, 160.93, 9.23, 4.48, -0.1681, -0.0517, -0.9817, 0.0729
19:12:28, 2.00, 60, 161.10, 9.03, 4.22, -0.1664, -0.0491, -0.9822, 0.0716
19:12:28, 2.00, 60, 161.28, 8.84, 4.02, -0.1647, -0.0470, -0.9827, 0.0703
19:12:28, 2.03, 61, 161.41, 8.63, 3.85, -0.1635, -0.0452, -0.9831, 0.0688
19:12:28, 2.03, 61, 161.60, 8.42, 3.63, -0.1617, -0.0429, -0.9836, 0.0674
19:12:28, 2.07, 62, 161.84, 8.23, 3.28, -0.1594, -0.0395, -0.9842, 0.0664
19:12:28, 2.07, 62, 162.15, 7.96, 2.90, -0.1565, -0.0357, -0.9849, 0.0646
19:12:28, 2.10, 63, 162.56, 7.73, 2.54, -0.1527, -0.0321, -0.9857, 0.0633
19:12:28, 2.10, 63, 162.88, 7.45, 2.26, -0.1498, -0.0291, -0.9864, 0.0613
19:12:28, 2.10, 63, 163.11, 7.14, 1.83, -0.1475, -0.0249, -0.9870, 0.0593
19:12:28, 2.13, 64, 163.39, 6.88, 1.44, -0.1449, -0.0211, -0.9875, 0.0576
19:12:28, 2.13, 64, 163.74, 6.60, 0.95, -0.1417, -0.0163, -0.9882, 0.0558
19:12:28, 2.17, 65, 164.13, 6.33, 0.43, -0.1381, -0.0114, -0.9889, 0.0542
19:12:28, 2.17, 65, 164.60, 6.24, 359.86, -0.1338, -0.0061, -0.9895, 0.0541
19:12:28, 2.17, 65, 165.02, 6.09, 359.37, -0.1298, -0.0015, -0.9901, 0.0534
19:12:28, 2.20, 66, 165.38, 6.07, 358.97, -0.1266, 0.0022, -0.9905, 0.0536
19:12:28, 2.20, 66, 165.59, 5.96, 358.73, -0.1247, 0.0044, -0.9908, 0.0530
19:12:28, 2.23, 67, 165.66, 5.91, 358.58, -0.1240, 0.0058, -0.9909, 0.0526
19:12:28, 2.23, 67, 165.71, 5.89, 358.40, -0.1235, 0.0074, -0.9909, 0.0527
19:12:28, 2.27, 68, 165.79, 5.89, 358.19, -0.1227, 0.0093, -0.9910, 0.0530
19:12:28, 2.27, 68, 165.96, 5.88, 357.85, -0.1211, 0.0123, -0.9911, 0.0532
19:12:28, 2.27, 68, 166.17, 5.90, 357.48, -0.1191, 0.0156, -0.9913, 0.0537
19:12:28, 2.30, 69, 166.36, 5.80, 357.12, -0.1173, 0.0189, -0.9915, 0.0532
19:12:28, 2.30, 69, 166.57, 5.58, 356.77, -0.1153, 0.0223, -0.9917, 0.0516
19:12:28, 2.33, 70, 166.68, 5.27, 356.47, -0.1144, 0.0252, -0.9919, 0.0492
19:12:28, 2.33, 70, 166.82, 4.93, 356.19, -0.1132, 0.0280, -0.9921, 0.0465
19:12:28, 2.37, 71, 166.90, 4.65, 355.90, -0.1124, 0.0309, -0.9922, 0.0443
19:12:28, 2.37, 71, 167.07, 4.44, 355.57, -0.1109, 0.0340, -0.9923, 0.0428
19:12:28, 2.37, 71, 167.28, 4.31, 355.26, -0.1091, 0.0369, -0.9925, 0.0419
19:12:28, 2.40, 72, 167.47, 4.19, 354.94, -0.1073, 0.0399, -0.9926, 0.0411
19:12:28, 2.40, 72, 167.76, 4.13, 354.63, -0.1048, 0.0427, -0.9927, 0.0408
19:12:28, 2.43, 73, 167.97, 4.05, 354.30, -0.1028, 0.0457, -0.9928, 0.0403
19:12:28, 2.43, 73, 168.25, 3.86, 353.89, -0.1004, 0.0496, -0.9930, 0.0389
19:12:28, 2.43, 73, 168.57, 3.79, 353.50, -0.0975, 0.0531, -0.9931, 0.0385
19:12:28, 2.47, 74, 168.87, 3.65, 353.10, -0.0948, 0.0568, -0.9932, 0.0374
19:12:28, 2.47, 74, 169.08, 3.50, 352.66, -0.0929, 0.0608, -0.9931, 0.0364
19:12:28, 2.50, 75, 169.19, 3.34, 352.26, -0.0920, 0.0645, -0.9930, 0.0353
19:12:28, 2.50, 75, 169.28, 3.11, 351.88, -0.0913, 0.0680, -0.9929, 0.0336
19:12:28, 2.53, 76, 169.36, 2.88, 351.50, -0.0906, 0.0715, -0.9928, 0.0318
19:12:28, 2.53, 76, 169.35, 2.66, 351.14, -0.0907, 0.0747, -0.9926, 0.0302
19:12:28, 2.53, 76, 169.43, 2.50, 350.82, -0.0901, 0.0777, -0.9925, 0.0290
19:12:28, 2.57, 77, 169.43, 2.35, 350.49, -0.0901, 0.0806, -0.9923, 0.0280
19:12:28, 2.57, 77, 169.44, 2.20, 350.25, -0.0901, 0.0829, -0.9921, 0.0269
19:12:28, 2.60, 78, 169.45, 2.05, 350.05, -0.0900, 0.0847, -0.9920, 0.0258
19:12:28, 2.60, 78, 169.43, 1.98, 349.97, -0.0903, 0.0855, -0.9919, 0.0252
19:12:28, 2.60, 78, 169.40, 1.88, 349.87, -0.0906, 0.0864, -0.9918, 0.0244
19:12:28, 2.63, 79, 169.40, 1.81, 349.85, -0.0906, 0.0866, -0.9918, 0.0238
19:12:28, 2.63, 79, 169.36, 1.76, 349.89, -0.0910, 0.0863, -0.9918, 0.0234
19:12:28, 2.67, 80, 169.32, 1.70, 349.95, -0.0914, 0.0858, -0.9918, 0.0229
19:12:28, 2.67, 80, 169.25, 1.69, 350.09, -0.0920, 0.0846, -0.9919, 0.0227
19:12:28, 2.70, 81, 169.15, 1.70, 350.26, -0.0930, 0.0831, -0.9919, 0.0227
19:12:28, 2.70, 81, 169.04, 1.70, 350.47, -0.0939, 0.0813, -0.9920, 0.0226
19:12:28, 2.70, 81, 168.92, 1.73, 350.68, -0.0949, 0.0794, -0.9920, 0.0229
19:12:28, 2.73, 82, 168.81, 1.75, 350.86, -0.0960, 0.0778, -0.9921, 0.0229
19:12:28, 2.73, 82, 168.67, 1.76, 351.04, -0.0972, 0.0762, -0.9921, 0.0230
19:12:28, 2.77, 83, 168.52, 1.71, 351.24, -0.0986, 0.0745, -0.9921, 0.0224
19:12:28, 2.77, 83, 168.39, 1.64, 351.35, -0.0998, 0.0736, -0.9920, 0.0218
19:12:28, 2.77, 83, 168.28, 1.57, 351.42, -0.1008, 0.0730, -0.9920, 0.0212
19:12:28, 2.80, 84, 168.19, 1.55, 351.56, -0.1016, 0.0718, -0.9920, 0.0210
19:12:28, 2.80, 84, 168.10, 1.49, 351.65, -0.1024, 0.0711, -0.9920, 0.0205
19:12:28, 2.83, 85, 168.00, 1.44, 351.76, -0.1034, 0.0701, -0.9920, 0.0200
19:12:28, 2.83, 85, 167.86, 1.30, 351.84, -0.1046, 0.0695, -0.9919, 0.0187
19:12:28, 2.87, 86, 167.77, 1.16, 351.85, -0.1056, 0.0695, -0.9918, 0.0176
19:12:28, 2.87, 86, 167.68, 1.05, 351.89, -0.1064, 0.0693, -0.9918, 0.0167
19:12:28, 2.87, 86, 167.59, 0.98, 351.90, -0.1072, 0.0693, -0.9917, 0.0161
19:12:28, 2.90, 87, 167.51, 0.92, 351.94, -0.1079, 0.0690, -0.9916, 0.0156
19:12:28, 2.90, 87, 167.45, 0.86, 351.89, -0.1085, 0.0694, -0.9916, 0.0151
19:12:28, 2.93, 88, 167.36, 0.72, 351.87, -0.1093, 0.0698, -0.9915, 0.0140
19:12:28, 2.93, 88, 167.28, 0.59, 351.84, -0.1101, 0.0702, -0.9914, 0.0130
19:12:28, 2.93, 88, 167.19, 0.44, 351.81, -0.1110, 0.0705, -0.9912, 0.0118
19:12:29, 2.97, 89, 167.06, 0.33, 351.77, -0.1121, 0.0710, -0.9911, 0.0109
19:12:29, 2.97, 89, 166.94, 0.16, 351.75, -0.1133, 0.0713, -0.9909, 0.0095
19:12:29, 3.00, 90, 166.81, 0.06, 351.71, -0.1145, 0.0717, -0.9908, 0.0088
19:12:29, 3.00, 90, 166.67, 359.90, 351.71, -0.1158, 0.0719, -0.9906, 0.0075
19:12:29, 3.00, 90, 166.51, 359.74, 351.65, -0.1173, 0.0726, -0.9904, 0.0063
19:12:29, 3.03, 91, 166.32, 359.56, 351.62, -0.1191, 0.0730, -0.9902, 0.0049
19:12:29, 3.03, 91, 166.15, 359.35, 351.58, -0.1207, 0.0736, -0.9900, 0.0033
19:12:29, 3.07, 92, 165.97, 359.16, 351.51, -0.1223, 0.0743, -0.9897, 0.0018
19:12:29, 3.07, 92, 165.86, 358.94, 351.47, -0.1234, 0.0749, -0.9895, 0.0000
19:12:29, 3.10, 93, 165.75, 358.74, 351.43, -0.1245, 0.0755, -0.9893, -0.0016
19:12:29, 3.10, 93, 165.66, 358.60, 351.42, -0.1254, 0.0757, -0.9892, -0.0028
19:12:29, 3.10, 93, 165.63, 358.46, 351.46, -0.1257, 0.0756, -0.9892, -0.0040
19:12:29, 3.13, 94, 165.62, 358.28, 351.47, -0.1259, 0.0757, -0.9891, -0.0055
19:12:29, 3.13, 94, 165.56, 358.14, 351.50, -0.1266, 0.0756, -0.9891, -0.0068
19:12:29, 3.17, 95, 165.49, 357.97, 351.56, -0.1272, 0.0752, -0.9890, -0.0082
19:12:29, 3.17, 95, 165.45, 357.79, 351.56, -0.1276, 0.0754, -0.9889, -0.0097
19:12:29, 3.17, 95, 165.41, 357.61, 351.57, -0.1281, 0.0756, -0.9888, -0.0113
19:12:29, 3.20, 96, 165.36, 357.45, 351.60, -0.1287, 0.0754, -0.9887, -0.0127
19:12:29, 3.20, 96, 165.30, 357.26, 351.59, -0.1293, 0.0757, -0.9886, -0.0143
19:12:29, 3.23, 97, 165.27, 357.15, 351.57, -0.1296, 0.0761, -0.9885, -0.0152
19:12:29, 3.23, 97, 165.22, 357.02, 351.52, -0.1301, 0.0766, -0.9884, -0.0162
19:12:29, 3.27, 98, 165.19, 356.89, 351.49, -0.1304, 0.0771, -0.9883, -0.0173
19:12:29, 3.27, 98, 165.19, 356.80, 351.43, -0.1306, 0.0776, -0.9882, -0.0180
19:12:29, 3.27, 98, 165.19, 356.70, 351.36, -0.1307, 0.0784, -0.9881, -0.0188
19:12:29, 3.30, 99, 165.18, 356.63, 351.28, -0.1307, 0.0791, -0.9881, -0.0193
19:12:29, 3.30, 99, 165.18, 356.57, 351.24, -0.1308, 0.0795, -0.9880, -0.0198
19:12:29, 3.33, 100, 165.16, 356.54, 351.17, -0.1310, 0.0802, -0.9879, -0.0199
19:12:29, 3.33, 100, 165.13, 356.47, 351.16, -0.1313, 0.0804, -0.9879, -0.0205
19:12:29, 3.37, 101, 165.08, 356.41, 351.09, -0.1318, 0.0810, -0.9877, -0.0209
19:12:29, 3.37, 101, 164.99, 356.33, 351.02, -0.1326, 0.0817, -0.9876, -0.0214
19:12:29, 3.37, 101, 164.93, 356.26, 350.98, -0.1332, 0.0822, -0.9874, -0.0219
19:12:29, 3.40, 102, 164.79, 356.23, 350.91, -0.1344, 0.0828, -0.9872, -0.0220
19:12:29, 3.40, 102, 164.64, 356.18, 350.85, -0.1358, 0.0834, -0.9870, -0.0223
19:12:29, 3.43, 103, 164.50, 356.11, 350.76, -0.1370, 0.0843, -0.9867, -0.0226
19:12:29, 3.43, 103, 164.37, 356.00, 350.68, -0.1383, 0.0852, -0.9864, -0.0234
19:12:29, 3.43, 103, 164.26, 355.92, 350.57, -0.1393, 0.0863, -0.9862, -0.0239
19:12:29, 3.47, 104, 164.20, 355.78, 350.45, -0.1400, 0.0875, -0.9860, -0.0249
19:12:29, 3.47, 104, 164.12, 355.64, 350.30, -0.1407, 0.0889, -0.9857, -0.0259
19:12:29, 3.50, 105, 164.11, 355.45, 350.12, -0.1410, 0.0907, -0.9855, -0.0272
19:12:29, 3.50, 105, 164.13, 355.17, 349.91, -0.1411, 0.0928, -0.9852, -0.0295
19:12:29, 3.53, 106, 164.17, 354.86, 349.75, -0.1410, 0.0946, -0.9850, -0.0319
19:12:29, 3.53, 106, 164.21, 354.40, 349.53, -0.1410, 0.0970, -0.9846, -0.0356
19:12:29, 3.53, 106, 164.26, 353.86, 349.27, -0.1411, 0.0998, -0.9841, -0.0400
19:12:29, 3.57, 107, 164.30, 353.00, 349.07, -0.1414, 0.1025, -0.9835, -0.0472
19:12:29, 3.57, 107, 164.29, 351.81, 348.79, -0.1425, 0.1062, -0.9824, -0.0571
19:12:29, 3.60, 108, 164.16, 350.10, 348.43, -0.1452, 0.1113, -0.9805, -0.0712
19:12:29, 3.60, 108, 163.98, 347.94, 347.98, -0.1487, 0.1176, -0.9778, -0.0890
19:12:29, 3.60, 108, 163.79, 345.17, 347.33, -0.1530, 0.1264, -0.9737, -0.1116
19:12:29, 3.63, 109, 163.60, 342.20, 346.41, -0.1580, 0.1376, -0.9684, -0.1354
19:12:29, 3.63, 109, 163.51, 339.66, 345.60, -0.1619, 0.1472, -0.9633, -0.1557
19:12:29, 3.67, 110, 163.40, 337.47, 345.04, -0.1655, 0.1543, -0.9585, -0.1733
19:12:29, 3.67, 110, 163.32, 335.79, 344.58, -0.1684, 0.1599, -0.9546, -0.1866
19:12:29, 3.67, 110, 163.20, 334.51, 344.26, -0.1710, 0.1640, -0.9514, -0.1967
19:12:29, 3.70, 111, 163.12, 333.50, 344.05, -0.1730, 0.1669, -0.9489, -0.2047
19:12:29, 3.70, 111, 162.98, 332.65, 343.99, -0.1750, 0.1685, -0.9467, -0.2115
19:12:29, 3.73, 112, 162.84, 331.95, 344.03, -0.1766, 0.1691, -0.9450, -0.2172
19:12:29, 3.73, 112, 162.69, 331.38, 344.05, -0.1783, 0.1697, -0.9435, -0.2217
19:12:29, 3.77, 113, 162.50, 330.83, 344.15, -0.1801, 0.1698, -0.9421, -0.2262
19:12:29, 3.77, 113, 162.29, 330.40, 344.32, -0.1819, 0.1693, -0.9410, -0.2298
19:12:29, 3.77, 113, 161.93, 330.05, 344.55, -0.1847, 0.1684, -0.9399, -0.2325
19:12:29, 3.80, 114, 161.60, 329.74, 344.73, -0.1872, 0.1679, -0.9389, -0.2349
19:12:29, 3.80, 114, 161.08, 329.50, 345.05, -0.1910, 0.1667, -0.9380, -0.2366
19:12:29, 3.83, 115, 160.55, 329.30, 345.33, -0.1948, 0.1657, -0.9370, -0.2380
19:12:29, 3.83, 115, 159.99, 329.27, 345.63, -0.1988, 0.1644, -0.9364, -0.2380
19:12:29, 3.87, 116, 159.45, 329.31, 345.92, -0.2027, 0.1632, -0.9359, -0.2374
19:12:29, 3.87, 116, 158.93, 329.32, 346.17, -0.2064, 0.1622, -0.9354, -0.2370
19:12:29, 3.87, 116, 158.47, 329.44, 346.34, -0.2097, 0.1616, -0.9351, -0.2356
19:12:29, 3.90, 117, 158.08, 329.64, 346.54, -0.2124, 0.1605, -0.9351, -0.2338
19:12:29, 3.90, 117, 157.77, 329.87, 346.67, -0.2145, 0.1597, -0.9353, -0.2318
19:12:29, 3.93, 118, 157.53, 330.03, 346.81, -0.2161, 0.1589, -0.9354, -0.2303
19:12:29, 3.93, 118, 157.37, 330.21, 346.90, -0.2171, 0.1582, -0.9357, -0.2287
19:12:29, 3.93, 118, 157.30, 330.40, 346.95, -0.2175, 0.1577, -0.9360, -0.2272
19:12:30, 3.97, 119, 157.30, 330.56, 346.94, -0.2174, 0.1575, -0.9364, -0.2259
19:12:30, 3.97, 119, 157.32, 330.72, 346.92, -0.2173, 0.1574, -0.9368, -0.2246
19:12:30, 4.00, 120, 157.33, 330.86, 346.88, -0.2172, 0.1575, -0.9371, -0.2233
19:12:30, 4.00, 120, 157.36, 330.99, 346.80, -0.2170, 0.1580, -0.9373, -0.2221
19:12:30, 4.03, 121, 157.40, 331.09, 346.69, -0.2168, 0.1586, -0.9375, -0.2211
19:12:30, 4.03, 121, 157.44, 331.09, 346.65, -0.2166, 0.1588, -0.9375, -0.2211
19:12:30, 4.03, 121, 157.43, 331.05, 346.67, -0.2167, 0.1588, -0.9374, -0.2214
19:12:30, 4.07, 122, 157.38, 330.97, 346.61, -0.2172, 0.1595, -0.9371, -0.2220
19:12:30, 4.07, 122, 157.28, 330.89, 346.60, -0.2181, 0.1599, -0.9367, -0.2224
19:12:30, 4.10, 123, 157.14, 330.82, 346.65, -0.2192, 0.1598, -0.9363, -0.2229
19:12:30, 4.10, 123, 157.03, 330.74, 346.66, -0.2201, 0.1601, -0.9360, -0.2235
19:12:30, 4.10, 123, 157.02, 330.67, 346.63, -0.2203, 0.1605, -0.9357, -0.2240
19:12:30, 4.13, 124, 157.07, 330.48, 346.61, -0.2200, 0.1608, -0.9354, -0.2255
19:12:30, 4.13, 124, 157.21, 330.26, 346.54, -0.2191, 0.1614, -0.9350, -0.2275
19:12:30, 4.17, 125, 157.27, 330.02, 346.56, -0.2187, 0.1615, -0.9346, -0.2295
19:12:30, 4.17, 125, 157.33, 329.84, 346.57, -0.2183, 0.1615, -0.9343, -0.2311
19:12:30, 4.20, 126, 157.35, 329.75, 346.61, -0.2181, 0.1612, -0.9342, -0.2320
19:12:30, 4.20, 126, 157.31, 329.70, 346.71, -0.2182, 0.1606, -0.9341, -0.2325
19:12:30, 4.20, 126, 157.31, 329.67, 346.76, -0.2182, 0.1603, -0.9341, -0.2329
19:12:30, 4.23, 127, 157.31, 329.59, 346.76, -0.2182, 0.1604, -0.9339, -0.2335
19:12:30, 4.23, 127, 157.30, 329.50, 346.74, -0.2184, 0.1606, -0.9336, -0.2343
19:12:30, 4.27, 128, 157.29, 329.46, 346.72, -0.2185, 0.1608, -0.9335, -0.2345
19:12:30, 4.27, 128, 157.27, 329.55, 346.74, -0.2186, 0.1606, -0.9337, -0.2338
19:12:30, 4.27, 128, 157.23, 329.63, 346.78, -0.2188, 0.1603, -0.9338, -0.2332
19:12:30, 4.30, 129, 157.17, 329.85, 346.83, -0.2191, 0.1597, -0.9343, -0.2313
19:12:30, 4.30, 129, 157.12, 329.95, 346.88, -0.2193, 0.1593, -0.9345, -0.2306
19:12:30, 4.33, 130, 157.10, 330.01, 346.94, -0.2193, 0.1587, -0.9348, -0.2301
19:12:30, 4.33, 130, 157.14, 330.09, 346.91, -0.2190, 0.1587, -0.9350, -0.2295
19:12:30, 4.37, 131, 157.16, 330.17, 346.94, -0.2188, 0.1584, -0.9352, -0.2289
19:12:30, 4.37, 131, 157.19, 330.28, 346.95, -0.2184, 0.1580, -0.9356, -0.2280
19:12:30, 4.37, 131, 157.21, 330.37, 346.92, -0.2183, 0.1581, -0.9358, -0.2273
19:12:30, 4.40, 132, 157.23, 330.45, 346.92, -0.2181, 0.1580, -0.9360, -0.2266
19:12:30, 4.40, 132, 157.26, 330.52, 346.88, -0.2179, 0.1581, -0.9362, -0.2260
19:12:30, 4.43, 133, 157.30, 330.53, 346.81, -0.2177, 0.1586, -0.9362, -0.2258
19:12:30, 4.43, 133, 157.33, 330.56, 346.78, -0.2175, 0.1588, -0.9362, -0.2256
19:12:30, 4.43, 133, 157.39, 330.59, 346.70, -0.2172, 0.1593, -0.9363, -0.2253
19:12:30, 4.47, 134, 157.42, 330.64, 346.62, -0.2170, 0.1598, -0.9364, -0.2247
19:12:30, 4.47, 134, 157.47, 330.64, 346.55, -0.2168, 0.1603, -0.9364, -0.2247
19:12:30, 4.50, 135, 157.51, 330.61, 346.49, -0.2166, 0.1607, -0.9363, -0.2249
19:12:30, 4.50, 135, 157.52, 330.58, 346.43, -0.2167, 0.1613, -0.9362, -0.2250
19:12:30, 4.53, 136, 157.52, 330.53, 346.39, -0.2168, 0.1617, -0.9360, -0.2254
19:12:30, 4.53, 136, 157.53, 330.52, 346.34, -0.2168, 0.1620, -0.9359, -0.2254
19:12:30, 4.53, 136, 157.51, 330.51, 346.34, -0.2169, 0.1620, -0.9359, -0.2254
19:12:30, 4.57, 137, 157.51, 330.52, 346.33, -0.2170, 0.1621, -0.9359, -0.2254
19:12:30, 4.57, 137, 157.45, 330.50, 346.36, -0.2174, 0.1620, -0.9358, -0.2255
19:12:30, 4.60, 138, 157.38, 330.48, 346.42, -0.2178, 0.1617, -0.9357, -0.2257
19:12:30, 4.60, 138, 157.32, 330.45, 346.45, -0.2183, 0.1616, -0.9355, -0.2258
19:12:30, 4.60, 138, 157.26, 330.45, 346.50, -0.2187, 0.1614, -0.9355, -0.2258
19:12:30, 4.63, 139, 157.21, 330.46, 346.51, -0.2191, 0.1613, -0.9354, -0.2257
19:12:30, 4.63, 139, 157.12, 330.47, 346.60, -0.2196, 0.1608, -0.9354, -0.2257
19:12:30, 4.67, 140, 157.04, 330.52, 346.65, -0.2202, 0.1604, -0.9354, -0.2253
19:12:30, 4.67, 140, 156.90, 330.61, 346.74, -0.2211, 0.1599, -0.9355, -0.2245
19:12:30, 4.70, 141, 156.72, 330.77, 346.86, -0.2222, 0.1590, -0.9357, -0.2232
19:12:30, 4.70, 141, 156.38, 331.01, 347.07, -0.2245, 0.1576, -0.9359, -0.2211
19:12:30, 4.70, 141, 155.89, 331.33, 347.37, -0.2278, 0.1557, -0.9361, -0.2184
19:12:30, 4.73, 142, 155.06, 331.80, 347.87, -0.2334, 0.1524, -0.9361, -0.2144
19:12:30, 4.73, 142, 153.98, 332.46, 348.62, -0.2406, 0.1472, -0.9364, -0.2090
19:12:30, 4.77, 143, 152.53, 333.26, 349.54, -0.2505, 0.1408, -0.9361, -0.2027
19:12:30, 4.77, 143, 150.97, 334.00, 350.37, -0.2616, 0.1353, -0.9352, -0.1965
19:12:30, 4.77, 143, 149.11, 335.06, 351.31, -0.2751, 0.1286, -0.9341, -0.1879
19:12:30, 4.80, 144, 147.22, 336.20, 352.23, -0.2889, 0.1216, -0.9326, -0.1787
19:12:30, 4.80, 144, 145.30, 337.40, 353.05, -0.3032, 0.1151, -0.9307, -0.1689
19:12:30, 4.83, 145, 143.40, 338.61, 353.77, -0.3177, 0.1089, -0.9284, -0.1591
19:12:30, 4.83, 145, 141.55, 339.87, 354.44, -0.3318, 0.1026, -0.9258, -0.1491
19:12:30, 4.87, 146, 139.70, 341.17, 355.14, -0.3461, 0.0955, -0.9229, -0.1390
19:12:30, 4.87, 146, 137.99, 342.51, 355.81, -0.3592, 0.0881, -0.9201, -0.1289
19:12:30, 4.87, 146, 136.38, 343.89, 356.54, -0.3716, 0.0798, -0.9173, -0.1190
19:12:30, 4.90, 147, 134.77, 345.27, 357.24, -0.3841, 0.0713, -0.9140, -0.1091
19:12:30, 4.90, 147, 133.28, 346.72, 357.93, -0.3957, 0.0623, -0.9109, -0.0990
19:12:30, 4.93, 148, 131.99, 348.18, 358.51, -0.4059, 0.0537, -0.9080, -0.0888
19:12:30, 4.93, 148, 130.72, 349.74, 359.14, -0.4158, 0.0441, -0.9050, -0.0781
19:12:30, 4.93, 148, 129.61, 351.16, 359.53, -0.4247, 0.0365, -0.9020, -0.0680
19:12:31, 4.97, 149, 128.60, 352.58, 359.98, -0.4328, 0.0282, -0.8992, -0.0582
19:12:31, 4.97, 149, 127.66, 353.92, 0.33, -0.4403, 0.0208, -0.8963, -0.0489
19:12:31, 5.00, 150, 126.81, 355.07, 0.63, -0.4470, 0.0143, -0.8935, -0.0409
19:12:31, 5.00, 150, 125.93, 356.10, 0.80, -0.4540, 0.0093, -0.8903, -0.0335
19:12:31, 5.03, 151, 125.15, 356.78, 1.01, -0.4602, 0.0051, -0.8873, -0.0290
19:12:31, 5.03, 151, 124.45, 357.39, 1.13, -0.4656, 0.0019, -0.8846, -0.0248
19:12:31, 5.03, 151, 123.76, 357.89, 1.17, -0.4711, -0.0003, -0.8818, -0.0211
19:12:31, 5.07, 152, 123.10, 358.32, 1.11, -0.4762, -0.0015, -0.8792, -0.0175
19:12:31, 5.07, 152, 122.47, 358.61, 1.06, -0.4811, -0.0023, -0.8766, -0.0151
19:12:31, 5.10, 153, 121.98, 358.70, 0.94, -0.4849, -0.0017, -0.8745, -0.0139
19:12:31, 5.10, 153, 121.48, 358.81, 0.88, -0.4887, -0.0016, -0.8724, -0.0128
19:12:31, 5.10, 153, 121.12, 358.89, 0.81, -0.4914, -0.0014, -0.8708, -0.0119
19:12:31, 5.13, 154, 120.67, 358.98, 0.80, -0.4949, -0.0017, -0.8689, -0.0112
19:12:31, 5.13, 154, 120.29, 359.20, 0.80, -0.4978, -0.0025, -0.8673, -0.0096
19:12:31, 5.17, 155, 119.93, 359.40, 0.79, -0.5005, -0.0033, -0.8657, -0.0079
19:12:31, 5.17, 155, 119.66, 359.49, 0.83, -0.5025, -0.0040, -0.8645, -0.0075
19:12:31, 5.20, 156, 119.45, 359.56, 0.85, -0.5041, -0.0044, -0.8636, -0.0070
19:12:31, 5.20, 156, 119.35, 359.67, 0.90, -0.5048, -0.0053, -0.8632, -0.0065
19:12:31, 5.20, 156, 119.23, 359.68, 0.91, -0.5058, -0.0055, -0.8626, -0.0064
19:12:31, 5.23, 157, 119.15, 359.80, 0.89, -0.5064, -0.0058, -0.8623, -0.0054
19:12:31, 5.23, 157, 119.11, 359.92, 0.87, -0.5067, -0.0062, -0.8621, -0.0045
19:12:31, 5.27, 158, 119.09, 0.04, 0.85, -0.5068, -0.0066, -0.8620, -0.0034
19:12:31, 5.27, 158, 119.10, 0.14, 0.84, -0.5067, -0.0069, -0.8621, -0.0027
19:12:31, 5.27, 158, 119.09, 0.21, 0.83, -0.5069, -0.0072, -0.8620, -0.0021
19:12:31, 5.30, 159, 119.09, 0.24, 0.83, -0.5069, -0.0073, -0.8620, -0.0018
19:12:31, 5.30, 159, 119.08, 0.33, 0.85, -0.5069, -0.0079, -0.8619, -0.0013
19:12:31, 5.33, 160, 119.05, 0.40, 0.87, -0.5072, -0.0083, -0.8618, -0.0009
19:12:31, 5.33, 160, 119.03, 0.43, 0.89, -0.5073, -0.0086, -0.8617, -0.0007
19:12:31, 5.37, 161, 119.02, 0.48, 0.91, -0.5074, -0.0089, -0.8617, -0.0004
19:12:31, 5.37, 161, 118.97, 0.52, 0.88, -0.5077, -0.0089, -0.8615, 0.0000
19:12:31, 5.37, 161, 118.92, 0.59, 0.90, -0.5082, -0.0094, -0.8612, 0.0004
19:12:31, 5.40, 162, 118.86, 0.60, 0.89, -0.5086, -0.0093, -0.8609, 0.0006
19:12:31, 5.40, 162, 118.79, 0.60, 0.88, -0.5091, -0.0093, -0.8607, 0.0006
19:12:31, 5.43, 163, 118.69, 0.59, 0.85, -0.5099, -0.0090, -0.8602, 0.0007
19:12:31, 5.43, 163, 118.60, 0.56, 0.85, -0.5106, -0.0089, -0.8598, 0.0004
19:12:31, 5.43, 163, 118.51, 0.53, 0.84, -0.5112, -0.0087, -0.8594, 0.0003
19:12:31, 5.47, 164, 118.44, 0.48, 0.85, -0.5118, -0.0085, -0.8591, -0.0002
19:12:31, 5.47, 164, 118.36, 0.40, 0.81, -0.5124, -0.0079, -0.8587, -0.0006
19:12:31, 5.50, 165, 118.28, 0.34, 0.79, -0.5129, -0.0074, -0.8584, -0.0010
19:12:31, 5.50, 165, 118.20, 0.27, 0.76, -0.5135, -0.0069, -0.8580, -0.0014
19:12:31, 5.53, 166, 118.15, 0.20, 0.76, -0.5139, -0.0066, -0.8578, -0.0019
19:12:31, 5.53, 166, 118.10, 0.11, 0.76, -0.5143, -0.0062, -0.8576, -0.0026
19:12:31, 5.53, 166, 118.09, 0.06, 0.79, -0.5144, -0.0062, -0.8575, -0.0030
19:12:31, 5.57, 167, 118.07, 359.98, 0.78, -0.5145, -0.0057, -0.8575, -0.0036
19:12:31, 5.57, 167, 118.10, 359.93, 0.78, -0.5143, -0.0055, -0.8576, -0.0040
19:12:31, 5.60, 168, 118.23, 359.83, 0.75, -0.5133, -0.0048, -0.8582, -0.0046
19:12:31, 5.60, 168, 118.53, 359.70, 0.65, -0.5110, -0.0036, -0.8595, -0.0051
19:12:31, 5.60, 168, 119.02, 359.55, 0.56, -0.5073, -0.0022, -0.8617, -0.0058
19:12:31, 5.63, 169, 119.71, 359.41, 0.50, -0.5022, -0.0012, -0.8647, -0.0066
19:12:31, 5.63, 169, 120.53, 359.26, 0.52, -0.4959, -0.0007, -0.8683, -0.0079
19:12:31, 5.67, 170, 121.39, 359.13, 0.53, -0.4894, -0.0003, -0.8720, -0.0089
19:12:31, 5.67, 170, 122.26, 359.06, 0.52, -0.4828, 0.0000, -0.8757, -0.0093
19:12:31, 5.70, 171, 123.19, 358.98, 0.50, -0.4756, 0.0004, -0.8796, -0.0099
19:12:31, 5.70, 171, 124.01, 358.98, 0.50, -0.4693, 0.0003, -0.8830, -0.0099
19:12:31, 5.70, 171, 124.90, 359.02, 0.44, -0.4625, 0.0006, -0.8866, -0.0093
19:12:31, 5.73, 172, 125.79, 359.09, 0.35, -0.4556, 0.0009, -0.8901, -0.0084
19:12:31, 5.73, 172, 126.67, 359.09, 0.24, -0.4488, 0.0017, -0.8936, -0.0080
19:12:31, 5.77, 173, 127.41, 359.20, 0.08, -0.4430, 0.0024, -0.8965, -0.0065
19:12:31, 5.77, 173, 128.27, 359.28, 359.93, -0.4363, 0.0033, -0.8998, -0.0054
19:12:31, 5.77, 173, 129.05, 359.36, 359.77, -0.4301, 0.0042, -0.9028, -0.0041
19:12:31, 5.80, 174, 129.85, 359.37, 359.53, -0.4238, 0.0060, -0.9057, -0.0032
19:12:31, 5.80, 174, 130.57, 359.49, 359.39, -0.4181, 0.0067, -0.9084, -0.0018
19:12:31, 5.83, 175, 131.26, 359.54, 359.18, -0.4127, 0.0082, -0.9108, -0.0007
19:12:31, 5.83, 175, 131.92, 359.70, 358.99, -0.4074, 0.0091, -0.9132, 0.0012
19:12:31, 5.87, 176, 132.62, 359.83, 358.79, -0.4018, 0.0103, -0.9157, 0.0029
19:12:31, 5.87, 176, 133.25, 359.95, 358.60, -0.3967, 0.0114, -0.9179, 0.0045
19:12:31, 5.87, 176, 133.85, 0.21, 358.46, -0.3919, 0.0116, -0.9199, 0.0069
19:12:31, 5.90, 177, 134.43, 0.40, 358.28, -0.3872, 0.0125, -0.9219, 0.0090
19:12:31, 5.90, 177, 134.94, 0.61, 358.19, -0.3830, 0.0125, -0.9236, 0.0110
19:12:31, 5.93, 178, 135.40, 0.75, 358.07, -0.3793, 0.0131, -0.9251, 0.0125
19:12:31, 5.93, 178, 135.81, 0.94, 357.98, -0.3759, 0.0133, -0.9264, 0.0143
19:12:31, 5.93, 178, 136.18, 1.10, 357.84, -0.3729, 0.0139, -0.9276, 0.0159
19:12:32, 5.97, 179, 136.51, 1.25, 357.73, -0.3702, 0.0144, -0.9287, 0.0175
19:12:32, 5.97, 179, 136.75, 1.36, 357.65, -0.3682, 0.0147, -0.9294, 0.0185
19:12:32, 6.00, 180, 136.95, 1.49, 357.54, -0.3665, 0.0152, -0.9301, 0.0200
19:12:32, 6.00, 180, 137.15, 1.56, 357.47, -0.3649, 0.0156, -0.9307, 0.0208
19:12:32, 6.03, 181, 137.27, 1.69, 357.35, -0.3638, 0.0162, -0.9311, 0.0222
19:12:32, 6.03, 181, 137.35, 1.77, 357.22, -0.3632, 0.0169, -0.9313, 0.0232
19:12:32, 6.03, 181, 137.38, 1.85, 357.11, -0.3629, 0.0176, -0.9314, 0.0242
19:12:32, 6.07, 182, 137.41, 1.90, 357.03, -0.3626, 0.0181, -0.9314, 0.0249
19:12:32, 6.07, 182, 137.42, 1.96, 356.91, -0.3625, 0.0189, -0.9314, 0.0257
19:12:32, 6.10, 183, 137.39, 2.02, 356.83, -0.3627, 0.0194, -0.9313, 0.0264
19:12:32, 6.10, 183, 137.33, 2.06, 356.74, -0.3632, 0.0199, -0.9311, 0.0271
19:12:32, 6.10, 183, 137.27, 2.10, 356.68, -0.3636, 0.0203, -0.9309, 0.0276
19:12:32, 6.13, 184, 137.24, 2.17, 356.59, -0.3638, 0.0208, -0.9308, 0.0285
19:12:32, 6.13, 184, 137.23, 2.19, 356.54, -0.3639, 0.0212, -0.9308, 0.0288
19:12:32, 6.17, 185, 137.22, 2.23, 356.51, -0.3640, 0.0213, -0.9307, 0.0292
19:12:32, 6.17, 185, 137.21, 2.27, 356.50, -0.3640, 0.0212, -0.9307, 0.0296
19:12:32, 6.20, 186, 137.19, 2.32, 356.48, -0.3641, 0.0212, -0.9306, 0.0300
19:12:32, 6.20, 186, 137.18, 2.39, 356.51, -0.3642, 0.0207, -0.9306, 0.0306
19:12:32, 6.20, 186, 137.13, 2.43, 356.51, -0.3646, 0.0206, -0.9304, 0.0308
19:12:32, 6.23, 187, 137.11, 2.49, 356.52, -0.3648, 0.0203, -0.9304, 0.0313
19:12:32, 6.23, 187, 137.07, 2.54, 356.52, -0.3650, 0.0202, -0.9302, 0.0317
19:12:32, 6.27, 188, 137.05, 2.57, 356.50, -0.3652, 0.0202, -0.9301, 0.0320
19:12:32, 6.27, 188, 137.03, 2.58, 356.54, -0.3654, 0.0198, -0.9301, 0.0320
19:12:32, 6.27, 188, 137.02, 2.63, 356.55, -0.3654, 0.0196, -0.9301, 0.0324
19:12:32, 6.30, 189, 137.01, 2.64, 356.59, -0.3655, 0.0192, -0.9300, 0.0323
19:12:32, 6.30, 189, 136.97, 2.70, 356.61, -0.3658, 0.0189, -0.9299, 0.0327
19:12:32, 6.33, 190, 136.94, 2.73, 356.64, -0.3661, 0.0186, -0.9298, 0.0329
19:12:32, 6.33, 190, 136.89, 2.77, 356.69, -0.3665, 0.0180, -0.9297, 0.0331
19:12:32, 6.37, 191, 136.85, 2.80, 356.74, -0.3668, 0.0175, -0.9296, 0.0331
19:12:32, 6.37, 191, 136.80, 2.80, 356.76, -0.3672, 0.0173, -0.9294, 0.0331
19:12:32, 6.37, 191, 136.75, 2.84, 356.80, -0.3677, 0.0168, -0.9292, 0.0333
19:12:32, 6.40, 192, 136.68, 2.86, 356.83, -0.3682, 0.0165, -0.9290, 0.0334
19:12:32, 6.40, 192, 136.60, 2.87, 356.86, -0.3688, 0.0162, -0.9288, 0.0334
19:12:32, 6.43, 193, 136.54, 2.89, 356.89, -0.3693, 0.0158, -0.9286, 0.0335
19:12:32, 6.43, 193, 136.47, 2.90, 356.96, -0.3700, 0.0153, -0.9283, 0.0334
19:12:32, 6.43, 193, 136.39, 2.93, 357.01, -0.3706, 0.0147, -0.9281, 0.0334
19:12:32, 6.47, 194, 136.29, 2.96, 357.04, -0.3714, 0.0144, -0.9278, 0.0336
19:12:32, 6.47, 194, 136.21, 2.97, 357.09, -0.3721, 0.0139, -0.9275, 0.0335
19:12:32, 6.50, 195, 136.13, 2.96, 357.13, -0.3727, 0.0136, -0.9272, 0.0333
19:12:32, 6.50, 195, 136.05, 3.00, 357.16, -0.3734, 0.0132, -0.9270, 0.0336
19:12:32, 6.53, 196, 135.99, 3.02, 357.21, -0.3738, 0.0127, -0.9268, 0.0336
19:12:32, 6.53, 196, 135.93, 3.02, 357.25, -0.3743, 0.0123, -0.9266, 0.0335
19:12:32, 6.53, 196, 135.87, 3.06, 357.30, -0.3749, 0.0118, -0.9264, 0.0336
19:12:32, 6.57, 197, 135.82, 3.09, 357.35, -0.3752, 0.0113, -0.9263, 0.0336
19:12:32, 6.57, 197, 135.75, 3.12, 357.39, -0.3758, 0.0109, -0.9260, 0.0338
19:12:32, 6.60, 198, 135.70, 3.11, 357.43, -0.3762, 0.0105, -0.9259, 0.0336
19:12:32, 6.60, 198, 135.60, 3.08, 357.47, -0.3770, 0.0103, -0.9255, 0.0332
19:12:32, 6.60, 198, 135.47, 3.06, 357.48, -0.3782, 0.0102, -0.9251, 0.0331
19:12:32, 6.63, 199, 135.31, 3.08, 357.48, -0.3794, 0.0101, -0.9246, 0.0332
19:12:32, 6.63, 199, 135.10, 3.12, 357.51, -0.3811, 0.0096, -0.9239, 0.0335
19:12:32, 6.67, 200, 134.73, 3.16, 357.58, -0.3841, 0.0089, -0.9226, 0.0336
19:12:32, 6.67, 200, 134.18, 3.16, 357.65, -0.3886, 0.0081, -0.9208, 0.0333
19:12:32, 6.70, 201, 133.38, 3.15, 357.70, -0.3949, 0.0076, -0.9181, 0.0332
19:12:32, 6.70, 201, 132.41, 3.11, 357.67, -0.4027, 0.0076, -0.9147, 0.0330
19:12:32, 6.70, 201, 131.33, 3.09, 357.57, -0.4113, 0.0082, -0.9109, 0.0333
19:12:32, 6.73, 202, 130.13, 3.10, 357.47, -0.4208, 0.0086, -0.9065, 0.0338
19:12:32, 6.73, 202, 128.84, 3.06, 357.31, -0.4309, 0.0096, -0.9017, 0.0342
19:12:32, 6.77, 203, 127.63, 3.02, 357.22, -0.4404, 0.0102, -0.8971, 0.0343
19:12:32, 6.77, 203, 126.38, 2.98, 357.05, -0.4501, 0.0113, -0.8922, 0.0348
19:12:32, 6.77, 203, 125.21, 2.87, 356.90, -0.4592, 0.0125, -0.8875, 0.0346
19:12:32, 6.80, 204, 124.06, 2.78, 356.87, -0.4681, 0.0127, -0.8829, 0.0342
19:12:32, 6.80, 204, 123.04, 2.71, 356.81, -0.4759, 0.0132, -0.8787, 0.0340
19:12:32, 6.83, 205, 122.11, 2.61, 356.86, -0.4831, 0.0129, -0.8748, 0.0332
19:12:32, 6.83, 205, 121.22, 2.60, 356.88, -0.4899, 0.0126, -0.8710, 0.0331
19:12:32, 6.87, 206, 120.42, 2.53, 356.98, -0.4960, 0.0119, -0.8676, 0.0322
19:12:32, 6.87, 206, 119.70, 2.58, 357.04, -0.5014, 0.0110, -0.8645, 0.0324
19:12:32, 6.87, 206, 119.03, 2.52, 357.18, -0.5065, 0.0100, -0.8616, 0.0314
19:12:32, 6.90, 207, 118.46, 2.53, 357.26, -0.5108, 0.0093, -0.8591, 0.0312
19:12:32, 6.90, 207, 117.99, 2.63, 357.38, -0.5144, 0.0078, -0.8569, 0.0314
19:12:32, 6.93, 208, 117.53, 2.56, 357.48, -0.5179, 0.0072, -0.8549, 0.0304
19:12:32, 6.93, 208, 117.13, 2.60, 357.62, -0.5209, 0.0059, -0.8531, 0.0302
19:12:33, 6.97, 209, 116.76, 2.63, 357.71, -0.5237, 0.0050, -0.8514, 0.0300
19:12:33, 6.97, 209, 116.39, 2.72, 357.80, -0.5264, 0.0038, -0.8497, 0.0302
19:12:33, 6.97, 209, 116.07, 2.78, 357.89, -0.5288, 0.0028, -0.8482, 0.0303
19:12:33, 7.00, 210, 115.75, 2.86, 357.93, -0.5311, 0.0020, -0.8467, 0.0307
19:12:33, 7.00, 210, 115.47, 2.92, 358.05, -0.5333, 0.0008, -0.8454, 0.0307
19:12:33, 7.03, 211, 115.26, 2.99, 358.14, -0.5348, -0.0003, -0.8444, 0.0308
19:12:33, 7.03, 211, 115.03, 3.08, 358.18, -0.5365, -0.0010, -0.8433, 0.0312
19:12:33, 7.03, 211, 114.82, 3.14, 358.25, -0.5380, -0.0019, -0.8423, 0.0313
19:12:33, 7.07, 212, 114.64, 3.19, 358.28, -0.5393, -0.0024, -0.8415, 0.0315
19:12:33, 7.07, 212, 114.47, 3.25, 358.31, -0.5406, -0.0030, -0.8407, 0.0318
19:12:33, 7.10, 213, 114.39, 3.32, 358.39, -0.5412, -0.0038, -0.8403, 0.0319
19:12:33, 7.10, 213, 114.29, 3.38, 358.46, -0.5419, -0.0047, -0.8398, 0.0320
19:12:33, 7.10, 213, 114.23, 3.44, 358.53, -0.5423, -0.0055, -0.8395, 0.0322
19:12:33, 7.13, 214, 114.19, 3.54, 358.62, -0.5426, -0.0067, -0.8393, 0.0324
19:12:33, 7.13, 214, 114.15, 3.59, 358.69, -0.5429, -0.0075, -0.8391, 0.0325
19:12:33, 7.17, 215, 114.13, 3.64, 358.79, -0.5431, -0.0084, -0.8390, 0.0324
19:12:33, 7.17, 215, 114.10, 3.71, 358.84, -0.5434, -0.0091, -0.8388, 0.0327
19:12:33, 7.20, 216, 114.09, 3.77, 358.90, -0.5434, -0.0098, -0.8388, 0.0328
19:12:33, 7.20, 216, 114.08, 3.81, 358.94, -0.5434, -0.0103, -0.8387, 0.0329
19:12:33, 7.20, 216, 114.06, 3.89, 359.00, -0.5436, -0.0111, -0.8386, 0.0332
19:12:33, 7.23, 217, 114.07, 3.97, 359.06, -0.5436, -0.0120, -0.8386, 0.0335
19:12:33, 7.23, 217, 114.04, 4.03, 359.09, -0.5437, -0.0125, -0.8385, 0.0338
19:12:33, 7.27, 218, 114.03, 4.09, 359.13, -0.5438, -0.0130, -0.8384, 0.0340
19:12:33, 7.27, 218, 114.01, 4.10, 359.16, -0.5440, -0.0133, -0.8383, 0.0340
19:12:33, 7.27, 218, 114.03, 4.14, 359.19, -0.5439, -0.0138, -0.8384, 0.0342
19:12:33, 7.30, 219, 114.03, 4.18, 359.22, -0.5439, -0.0141, -0.8384, 0.0343
19:12:33, 7.30, 219, 114.02, 4.25, 359.22, -0.5439, -0.0145, -0.8383, 0.0348
19:12:33, 7.33, 220, 114.03, 4.33, 359.23, -0.5438, -0.0149, -0.8383, 0.0354
19:12:33, 7.33, 220, 114.06, 4.41, 359.25, -0.5436, -0.0154, -0.8384, 0.0358
19:12:33, 7.37, 221, 114.08, 4.45, 359.26, -0.5435, -0.0157, -0.8385, 0.0361
19:12:33, 7.37, 221, 114.09, 4.49, 359.27, -0.5433, -0.0159, -0.8386, 0.0363
19:12:33, 7.37, 221, 114.11, 4.51, 359.25, -0.5432, -0.0159, -0.8387, 0.0366
19:12:33, 7.40, 222, 114.17, 4.53, 359.19, -0.5428, -0.0156, -0.8389, 0.0370
19:12:33, 7.40, 222, 114.23, 4.58, 359.13, -0.5422, -0.0153, -0.8393, 0.0377
19:12:33, 7.43, 223, 114.31, 4.65, 359.08, -0.5416, -0.0153, -0.8396, 0.0385
19:12:33, 7.43, 223, 114.38, 4.70, 359.06, -0.5411, -0.0153, -0.8399, 0.0389
19:12:33, 7.43, 223, 114.46, 4.77, 359.05, -0.5405, -0.0155, -0.8403, 0.0395
19:12:33, 7.47, 224, 114.53, 4.77, 359.02, -0.5400, -0.0153, -0.8406, 0.0397
19:12:33, 7.47, 224, 114.59, 4.80, 358.98, -0.5395, -0.0151, -0.8409, 0.0400
19:12:33, 7.50, 225, 114.68, 4.83, 358.95, -0.5388, -0.0150, -0.8413, 0.0404
19:12:33, 7.50, 225, 114.75, 4.87, 358.91, -0.5383, -0.0149, -0.8417, 0.0409
19:12:33, 7.53, 226, 114.85, 4.89, 358.91, -0.5375, -0.0150, -0.8421, 0.0411
19:12:33, 7.53, 226, 114.92, 4.92, 358.88, -0.5370, -0.0149, -0.8424, 0.0414
19:12:33, 7.53, 226, 114.99, 4.97, 358.86, -0.5365, -0.0149, -0.8427, 0.0419
19:12:33, 7.57, 227, 115.04, 4.97, 358.85, -0.5361, -0.0148, -0.8430, 0.0419
19:12:33, 7.57, 227, 115.11, 5.00, 358.83, -0.5356, -0.0148, -0.8433, 0.0423
19:12:33, 7.60, 228, 115.15, 5.03, 358.83, -0.5353, -0.0149, -0.8435, 0.0425
19:12:33, 7.60, 228, 115.17, 5.04, 358.82, -0.5351, -0.0149, -0.8436, 0.0427
19:12:33, 7.60, 228, 115.20, 5.07, 358.81, -0.5349, -0.0149, -0.8437, 0.0429
19:12:33, 7.63, 229, 115.22, 5.11, 358.82, -0.5347, -0.0152, -0.8438, 0.0431
19:12:33, 7.63, 229, 115.20, 5.15, 358.83, -0.5349, -0.0154, -0.8437, 0.0434
19:12:33, 7.67, 230, 115.21, 5.22, 358.85, -0.5348, -0.0159, -0.8437, 0.0438
19:12:33, 7.67, 230, 115.19, 5.25, 358.87, -0.5349, -0.0162, -0.8436, 0.0439
19:12:33, 7.70, 231, 115.20, 5.28, 358.88, -0.5348, -0.0164, -0.8436, 0.0441
19:12:33, 7.70, 231, 115.16, 5.32, 358.91, -0.5352, -0.0168, -0.8434, 0.0442
19:12:33, 7.70, 231, 115.14, 5.35, 358.93, -0.5353, -0.0171, -0.8433, 0.0444
19:12:33, 7.73, 232, 115.10, 5.41, 358.99, -0.5356, -0.0179, -0.8431, 0.0446
19:12:33, 7.73, 232, 115.05, 5.46, 359.04, -0.5360, -0.0185, -0.8428, 0.0447
19:12:33, 7.77, 233, 115.01, 5.49, 359.06, -0.5363, -0.0189, -0.8427, 0.0448
19:12:33, 7.77, 233, 114.96, 5.53, 359.12, -0.5367, -0.0194, -0.8424, 0.0448
19:12:33, 7.77, 233, 114.90, 5.54, 359.15, -0.5371, -0.0197, -0.8421, 0.0447
19:12:33, 7.80, 234, 114.84, 5.56, 359.17, -0.5375, -0.0200, -0.8418, 0.0447
19:12:33, 7.80, 234, 114.77, 5.58, 359.20, -0.5380, -0.0204, -0.8415, 0.0448
19:12:33, 7.83, 235, 114.66, 5.59, 359.24, -0.5389, -0.0207, -0.8409, 0.0446
19:12:33, 7.83, 235, 114.55, 5.63, 359.26, -0.5397, -0.0211, -0.8404, 0.0448
19:12:33, 7.87, 236, 114.42, 5.68, 359.31, -0.5406, -0.0217, -0.8398, 0.0449
19:12:33, 7.87, 236, 114.27, 5.74, 359.33, -0.5417, -0.0223, -0.8390, 0.0452
19:12:33, 7.87, 236, 114.10, 5.78, 359.33, -0.5429, -0.0225, -0.8382, 0.0455
19:12:33, 7.90, 237, 113.90, 5.84, 359.33, -0.5444, -0.0229, -0.8372, 0.0459
19:12:33, 7.90, 237, 113.68, 5.91, 359.36, -0.5460, -0.0235, -0.8362, 0.0462
19:12:33, 7.93, 238, 113.44, 5.96, 359.39, -0.5478, -0.0241, -0.8350, 0.0464
19:12:33, 7.93, 238, 113.18, 6.05, 359.40, -0.5496, -0.0247, -0.8337, 0.0470
19:12:34, 7.97, 239, 112.88, 6.17, 359.41, -0.5518, -0.0255, -0.8322, 0.0477
19:12:34, 7.97, 239, 112.58, 6.27, 359.46, -0.5539, -0.0265, -0.8308, 0.0481
19:12:34, 7.97, 239, 112.28, 6.41, 359.49, -0.5561, -0.0275, -0.8292, 0.0489
19:12:34, 8.00, 240, 111.93, 6.54, 359.53, -0.5586, -0.0285, -0.8275, 0.0496
19:12:34, 8.00, 240, 111.59, 6.67, 359.58, -0.5610, -0.0297, -0.8258, 0.0502
19:12:34, 8.03, 241, 111.27, 6.86, 359.65, -0.5633, -0.0313, -0.8241, 0.0511
19:12:34, 8.03, 241, 110.87, 7.05, 359.74, -0.5661, -0.0330, -0.8220, 0.0519
19:12:34, 8.03, 241, 110.53, 7.22, 359.80, -0.5686, -0.0345, -0.8202, 0.0527
19:12:34, 8.07, 242, 110.11, 7.43, 359.91, -0.5716, -0.0365, -0.8180, 0.0536
19:12:34, 8.07, 242, 109.69, 7.67, 359.96, -0.5745, -0.0382, -0.8158, 0.0549
19:12:34, 8.10, 243, 109.29, 7.92, 0.06, -0.5773, -0.0404, -0.8136, 0.0560
19:12:34, 8.10, 243, 108.90, 8.14, 0.17, -0.5801, -0.0425, -0.8115, 0.0568
19:12:34, 8.10, 243, 108.42, 8.28, 0.23, -0.5834, -0.0438, -0.8089, 0.0574
19:12:34, 8.13, 244, 107.95, 8.39, 0.30, -0.5867, -0.0451, -0.8065, 0.0576
19:12:34, 8.13, 244, 107.53, 8.58, 0.35, -0.5896, -0.0467, -0.8042, 0.0586
19:12:34, 8.17, 245, 107.09, 8.69, 0.41, -0.5927, -0.0479, -0.8018, 0.0588
19:12:34, 8.17, 245, 106.64, 8.86, 0.46, -0.5958, -0.0493, -0.7994, 0.0595
19:12:34, 8.20, 246, 106.22, 9.07, 0.50, -0.5987, -0.0510, -0.7971, 0.0606
19:12:34, 8.20, 246, 105.80, 9.23, 0.55, -0.6016, -0.0524, -0.7947, 0.0613
19:12:34, 8.20, 246, 105.35, 9.37, 0.62, -0.6047, -0.0538, -0.7923, 0.0617
19:12:34, 8.23, 247, 104.94, 9.49, 0.67, -0.6075, -0.0551, -0.7900, 0.0621
19:12:34, 8.23, 247, 104.49, 9.54, 0.79, -0.6106, -0.0564, -0.7875, 0.0615
19:12:34, 8.27, 248, 104.05, 9.60, 0.86, -0.6137, -0.0574, -0.7851, 0.0613
19:12:34, 8.27, 248, 103.62, 9.70, 0.92, -0.6166, -0.0586, -0.7827, 0.0615
19:12:34, 8.27, 248, 103.11, 9.77, 1.05, -0.6201, -0.0601, -0.7798, 0.0610
19:12:34, 8.30, 249, 102.64, 9.80, 1.16, -0.6233, -0.0612, -0.7772, 0.0604
19:12:34, 8.30, 249, 102.13, 9.84, 1.30, -0.6269, -0.0627, -0.7743, 0.0596
19:12:34, 8.33, 250, 101.61, 9.84, 1.45, -0.6304, -0.0640, -0.7714, 0.0585
19:12:34, 8.33, 250, 101.10, 9.89, 1.52, -0.6339, -0.0649, -0.7685, 0.0581
19:12:34, 8.37, 251, 100.59, 9.88, 1.65, -0.6373, -0.0660, -0.7656, 0.0571
19:12:34, 8.37, 251, 100.09, 9.87, 1.77, -0.6408, -0.0670, -0.7627, 0.0561
19:12:34, 8.37, 251, 99.57, 9.88, 1.90, -0.6443, -0.0682, -0.7598, 0.0551
19:12:34, 8.40, 252, 99.07, 9.88, 1.96, -0.6476, -0.0689, -0.7569, 0.0544
19:12:34, 8.40, 252, 98.55, 9.85, 2.10, -0.6511, -0.0698, -0.7539, 0.0532
19:12:34, 8.43, 253, 98.06, 9.88, 2.15, -0.6543, -0.0706, -0.7511, 0.0527
19:12:34, 8.43, 253, 97.56, 9.87, 2.25, -0.6577, -0.0714, -0.7481, 0.0518
19:12:34, 8.47, 254, 97.05, 9.87, 2.36, -0.6610, -0.0723, -0.7451, 0.0509
19:12:34, 8.47, 254, 96.55, 9.80, 2.38, -0.6643, -0.0723, -0.7423, 0.0500
19:12:34, 8.47, 254, 96.00, 9.78, 2.48, -0.6679, -0.0730, -0.7390, 0.0489
19:12:34, 8.50, 255, 95.47, 9.76, 2.50, -0.6713, -0.0733, -0.7359, 0.0483
19:12:34, 8.50, 255, 94.96, 9.74, 2.58, -0.6747, -0.0739, -0.7329, 0.0474
19:12:34, 8.53, 256, 94.46, 9.64, 2.65, -0.6779, -0.0739, -0.7300, 0.0460
19:12:34, 8.53, 256, 93.91, 9.53, 2.74, -0.6814, -0.0741, -0.7268, 0.0444
19:12:34, 8.53, 256, 93.34, 9.42, 2.77, -0.6851, -0.0738, -0.7234, 0.0432
19:12:34, 8.57, 257, 92.81, 9.30, 2.81, -0.6885, -0.0736, -0.7202, 0.0419
19:12:34, 8.57, 257, 92.25, 9.17, 2.85, -0.6921, -0.0733, -0.7170, 0.0404
19:12:34, 8.60, 258, 91.71, 9.00, 2.85, -0.6955, -0.0724, -0.7138, 0.0390
19:12:34, 8.60, 258, 91.19, 8.79, 2.88, -0.6988, -0.0715, -0.7108, 0.0372
19:12:34, 8.60, 258, 90.71, 8.52, 2.85, -0.7019, -0.0698, -0.7080, 0.0354
19:12:34, 8.63, 259, 90.13, 8.17, 2.87, -0.7055, -0.0680, -0.7046, 0.0328
19:12:34, 8.63, 259, 89.64, 7.89, 2.81, -0.7086, -0.0660, -0.7018, 0.0311
19:12:34, 8.67, 260, 89.16, 7.50, 2.79, -0.7117, -0.0636, -0.6991, 0.0286
19:12:34, 8.67, 260, 88.66, 7.13, 2.78, -0.7148, -0.0614, -0.6961, 0.0261
19:12:34, 8.70, 261, 88.16, 6.75, 2.72, -0.7179, -0.0588, -0.6933, 0.0239
19:12:34, 8.70, 261, 87.77, 6.50, 2.72, -0.7203, -0.0573, -0.6909, 0.0222
19:12:34, 8.70, 261, 87.30, 6.21, 2.70, -0.7232, -0.0554, -0.6881, 0.0204
19:12:34, 8.73, 262, 86.89, 6.03, 2.64, -0.7257, -0.0540, -0.6856, 0.0195
19:12:34, 8.73, 262, 86.54, 5.73, 2.64, -0.7278, -0.0521, -0.6836, 0.0175
19:12:34, 8.77, 263, 86.10, 5.49, 2.59, -0.7304, -0.0504, -0.6809, 0.0162
19:12:34, 8.77, 263, 85.73, 5.29, 2.60, -0.7327, -0.0493, -0.6786, 0.0148
19:12:34, 8.80, 264, 85.34, 5.03, 2.60, -0.7351, -0.0476, -0.6762, 0.0131
19:12:34, 8.80, 264, 84.97, 4.91, 2.63, -0.7372, -0.0471, -0.6739, 0.0120
19:12:34, 8.80, 264, 84.55, 4.73, 2.60, -0.7398, -0.0458, -0.6712, 0.0110
19:12:34, 8.83, 265, 84.20, 4.51, 2.59, -0.7418, -0.0443, -0.6691, 0.0096
19:12:34, 8.83, 265, 83.77, 4.29, 2.59, -0.7443, -0.0430, -0.6664, 0.0082
19:12:34, 8.87, 266, 83.29, 4.09, 2.61, -0.7471, -0.0417, -0.6633, 0.0067
19:12:34, 8.87, 266, 82.82, 3.84, 2.52, -0.7499, -0.0397, -0.6604, 0.0057
19:12:34, 8.87, 266, 82.35, 3.63, 2.44, -0.7526, -0.0378, -0.6574, 0.0049
19:12:34, 8.90, 267, 81.89, 3.45, 2.36, -0.7553, -0.0362, -0.6544, 0.0042
19:12:34, 8.90, 267, 81.34, 3.22, 2.30, -0.7584, -0.0344, -0.6509, 0.0031
19:12:34, 8.93, 268, 80.80, 3.08, 2.26, -0.7615, -0.0333, -0.6474, 0.0024
19:12:34, 8.93, 268, 80.15, 2.84, 2.23, -0.7651, -0.0315, -0.6431, 0.0011
19:12:35, 8.97, 269, 79.51, 2.62, 2.08, -0.7687, -0.0292, -0.6389, 0.0007
19:12:35, 8.97, 269, 78.76, 2.42, 1.99, -0.7729, -0.0273, -0.6339, 0.0000
19:12:35, 8.97, 269, 78.02, 2.23, 1.94, -0.7770, -0.0258, -0.6290, -0.0009
19:12:35, 9.00, 270, 77.20, 2.03, 1.90, -0.7815, -0.0242, -0.6235, -0.0019
19:12:35, 9.00, 270, 76.41, 1.83, 1.79, -0.7858, -0.0222, -0.6181, -0.0024
19:12:35, 9.03, 271, 75.67, 1.75, 1.70, -0.7897, -0.0212, -0.6131, -0.0024
19:12:35, 9.03, 271, 74.94, 1.55, 1.59, -0.7936, -0.0191, -0.6081, -0.0028
19:12:35, 9.03, 271, 74.26, 1.47, 1.48, -0.7972, -0.0180, -0.6034, -0.0026
19:12:35, 9.07, 272, 73.65, 1.42, 1.44, -0.8004, -0.0174, -0.5991, -0.0026
19:12:35, 9.07, 272, 73.02, 1.35, 1.38, -0.8037, -0.0167, -0.5948, -0.0027
19:12:35, 9.10, 273, 72.47, 1.31, 1.38, -0.8066, -0.0163, -0.5909, -0.0030
19:12:35, 9.10, 273, 71.96, 1.30, 1.35, -0.8092, -0.0161, -0.5873, -0.0029
19:12:35, 9.10, 273, 71.51, 1.37, 1.38, -0.8115, -0.0167, -0.5841, -0.0028
19:12:35, 9.13, 274, 71.09, 1.49, 1.40, -0.8136, -0.0177, -0.5811, -0.0024
19:12:35, 9.13, 274, 70.75, 1.60, 1.44, -0.8153, -0.0187, -0.5787, -0.0021
19:12:35, 9.17, 275, 70.40, 1.77, 1.47, -0.8171, -0.0200, -0.5762, -0.0016
19:12:35, 9.17, 275, 70.12, 1.97, 1.47, -0.8185, -0.0215, -0.5741, -0.0006
19:12:35, 9.20, 276, 69.85, 2.17, 1.52, -0.8198, -0.0231, -0.5721, -0.0001
19:12:35, 9.20, 276, 69.57, 2.26, 1.55, -0.8212, -0.0240, -0.5701, 0.0001
19:12:35, 9.20, 276, 69.34, 2.34, 1.63, -0.8223, -0.0249, -0.5685, -0.0001
19:12:35, 9.23, 277, 69.06, 2.41, 1.63, -0.8237, -0.0254, -0.5664, 0.0002
19:12:35, 9.23, 277, 68.81, 2.47, 1.68, -0.8250, -0.0261, -0.5646, 0.0001
19:12:35, 9.27, 278, 68.49, 2.48, 1.69, -0.8265, -0.0262, -0.5623, 0.0000
19:12:35, 9.27, 278, 68.19, 2.52, 1.71, -0.8280, -0.0265, -0.5601, 0.0000
19:12:35, 9.27, 278, 67.88, 2.55, 1.71, -0.8295, -0.0268, -0.5578, 0.0000
19:12:35, 9.30, 279, 67.47, 2.63, 1.77, -0.8315, -0.0276, -0.5549, -0.0001
19:12:35, 9.30, 279, 67.08, 2.74, 1.82, -0.8334, -0.0287, -0.5520, 0.0000
19:12:35, 9.33, 280, 66.66, 2.98, 1.91, -0.8354, -0.0309, -0.5488, 0.0003
19:12:35, 9.33, 280, 66.15, 3.23, 2.03, -0.8378, -0.0332, -0.5450, 0.0005
19:12:35, 9.37, 281, 65.66, 3.56, 2.11, -0.8401, -0.0361, -0.5413, 0.0014
19:12:35, 9.37, 281, 65.15, 3.93, 2.24, -0.8424, -0.0394, -0.5374, 0.0020
19:12:35, 9.37, 281, 64.63, 4.33, 2.32, -0.8447, -0.0428, -0.5335, 0.0031
19:12:35, 9.40, 282, 64.12, 4.80, 2.42, -0.8470, -0.0467, -0.5295, 0.0044
19:12:35, 9.40, 282, 63.66, 5.24, 2.52, -0.8491, -0.0504, -0.5259, 0.0054
19:12:35, 9.43, 283, 63.16, 5.75, 2.61, -0.8512, -0.0546, -0.5219, 0.0069
19:12:35, 9.43, 283, 62.70, 6.13, 2.75, -0.8532, -0.0582, -0.5183, 0.0074
19:12:35, 9.43, 283, 62.18, 6.57, 2.84, -0.8554, -0.0618, -0.5142, 0.0083
19:12:35, 9.47, 284, 61.69, 6.91, 2.95, -0.8575, -0.0649, -0.5103, 0.0088
19:12:35, 9.47, 284, 61.19, 7.26, 3.11, -0.8596, -0.0683, -0.5062, 0.0089
19:12:35, 9.50, 285, 60.62, 7.57, 3.15, -0.8620, -0.0708, -0.5018, 0.0096
19:12:35, 9.50, 285, 60.10, 7.91, 3.22, -0.8641, -0.0737, -0.4977, 0.0103
19:12:35, 9.53, 286, 59.52, 8.17, 3.39, -0.8666, -0.0764, -0.4931, 0.0097
19:12:35, 9.53, 286, 58.86, 8.38, 3.50, -0.8693, -0.0786, -0.4879, 0.0094
19:12:35, 9.53, 286, 58.20, 8.51, 3.65, -0.8721, -0.0802, -0.4827, 0.0083
19:12:35, 9.57, 287, 57.55, 8.60, 3.73, -0.8748, -0.0813, -0.4776, 0.0076
19:12:35, 9.57, 287, 56.78, 8.64, 3.81, -0.8779, -0.0820, -0.4717, 0.0066
19:12:35, 9.60, 288, 56.08, 8.67, 3.84, -0.8808, -0.0823, -0.4663, 0.0060
19:12:35, 9.60, 288, 55.43, 8.68, 3.90, -0.8834, -0.0828, -0.4612, 0.0051
19:12:35, 9.60, 288, 54.78, 8.70, 3.90, -0.8860, -0.0829, -0.4562, 0.0047
19:12:35, 9.63, 289, 54.15, 8.71, 3.92, -0.8885, -0.0831, -0.4513, 0.0041
19:12:35, 9.63, 289, 53.54, 8.74, 4.00, -0.8909, -0.0837, -0.4465, 0.0032
19:12:35, 9.67, 290, 52.93, 8.70, 4.04, -0.8933, -0.0836, -0.4417, 0.0023
19:12:35, 9.67, 290, 52.31, 8.75, 4.08, -0.8956, -0.0841, -0.4368, 0.0017
19:12:35, 9.70, 291, 51.73, 8.76, 4.09, -0.8978, -0.0842, -0.4322, 0.0013
19:12:35, 9.70, 291, 51.14, 8.80, 4.10, -0.9000, -0.0845, -0.4276, 0.0009
19:12:35, 9.70, 291, 50.54, 8.82, 4.05, -0.9022, -0.0845, -0.4229, 0.0010
19:12:35, 9.73, 292, 50.00, 8.92, 4.04, -0.9042, -0.0853, -0.4186, 0.0010
19:12:35, 9.73, 292, 49.39, 8.96, 3.96, -0.9064, -0.0854, -0.4138, 0.0013
19:12:35, 9.77, 293, 48.86, 9.06, 3.99, -0.9082, -0.0862, -0.4096, 0.0011
19:12:35, 9.77, 293, 48.30, 9.12, 3.96, -0.9102, -0.0866, -0.4051, 0.0011
19:12:35, 9.80, 294, 47.74, 9.16, 3.90, -0.9121, -0.0867, -0.4006, 0.0013
19:12:35, 9.80, 294, 47.23, 9.16, 3.90, -0.9139, -0.0867, -0.3966, 0.0008
19:12:35, 9.80, 294, 46.71, 9.17, 3.86, -0.9157, -0.0866, -0.3925, 0.0009
19:12:35, 9.83, 295, 46.20, 9.26, 3.78, -0.9173, -0.0871, -0.3884, 0.0014
19:12:35, 9.83, 295, 45.73, 9.31, 3.74, -0.9189, -0.0873, -0.3847, 0.0015
19:12:35, 9.87, 296, 45.23, 9.36, 3.67, -0.9205, -0.0875, -0.3807, 0.0019
19:12:35, 9.87, 296, 44.77, 9.36, 3.53, -0.9221, -0.0871, -0.3770, 0.0027
19:12:35, 9.87, 296, 44.31, 9.38, 3.43, -0.9236, -0.0870, -0.3734, 0.0032
19:12:35, 9.90, 297, 43.89, 9.43, 3.34, -0.9249, -0.0871, -0.3701, 0.0037
19:12:35, 9.90, 297, 43.45, 9.45, 3.25, -0.9263, -0.0870, -0.3666, 0.0042
19:12:35, 9.93, 298, 43.01, 9.47, 3.14, -0.9277, -0.0868, -0.3631, 0.0049
19:12:35, 9.93, 298, 42.55, 9.59, 3.04, -0.9291, -0.0874, -0.3594, 0.0057
19:12:36, 9.97, 299, 42.09, 9.62, 2.92, -0.9305, -0.0873, -0.3558, 0.0064
19:12:36, 9.97, 299, 41.64, 9.62, 2.83, -0.9319, -0.0871, -0.3521, 0.0068
19:12:36, 9.97, 299, 41.18, 9.62, 2.71, -0.9332, -0.0868, -0.3485, 0.0074
