Timestamp, VideoTime, VideoFrame, HeadYaw, HeadPitch, HeadRoll, HeadQuatW, HeadQuatX, HeadQuatY, HeadQuatZ
19:15:03, 0.03, 1, 41.93, 2.96, 2.46, 0.9335, 0.0318, 0.3570, 0.0108
19:15:03, 0.03, 1, 41.48, 2.90, 2.49, 0.9349, 0.0314, 0.3534, 0.0113
19:15:03, 0.07, 2, 41.02, 2.91, 2.57, 0.9363, 0.0316, 0.3496, 0.0121
19:15:03, 0.07, 2, 40.61, 2.91, 2.61, 0.9375, 0.0317, 0.3462, 0.0125
19:15:03, 0.07, 2, 40.15, 2.90, 2.65, 0.9389, 0.0317, 0.3425, 0.0130
19:15:03, 0.10, 3, 39.61, 2.82, 2.74, 0.9405, 0.0313, 0.3381, 0.0141
19:15:03, 0.10, 3, 39.02, 2.75, 2.80, 0.9422, 0.0308, 0.3333, 0.0150
19:15:03, 0.10, 3, 38.41, 2.68, 2.88, 0.9440, 0.0303, 0.3282, 0.0161
19:15:03, 0.13, 4, 37.84, 2.62, 2.91, 0.9456, 0.0298, 0.3235, 0.0166
19:15:03, 0.13, 4, 37.23, 2.59, 2.95, 0.9473, 0.0296, 0.3184, 0.0171
19:15:03, 0.17, 5, 36.73, 2.57, 2.95, 0.9487, 0.0293, 0.3143, 0.0173
19:15:03, 0.17, 5, 36.25, 2.54, 2.97, 0.9500, 0.0292, 0.3104, 0.0178
19:15:03, 0.20, 6, 35.72, 2.54, 2.99, 0.9514, 0.0291, 0.3059, 0.0180
19:15:03, 0.20, 6, 35.23, 2.46, 3.07, 0.9527, 0.0286, 0.3019, 0.0190
19:15:03, 0.20, 6, 34.81, 2.49, 3.03, 0.9538, 0.0286, 0.2984, 0.0188
19:15:03, 0.23, 7, 34.43, 2.42, 3.15, 0.9548, 0.0283, 0.2953, 0.0200
19:15:03, 0.23, 7, 34.11, 2.38, 3.14, 0.9556, 0.0279, 0.2926, 0.0201
19:15:03, 0.27, 8, 33.78, 2.40, 3.16, 0.9565, 0.0281, 0.2898, 0.0203
19:15:03, 0.27, 8, 33.53, 2.37, 3.18, 0.9571, 0.0278, 0.2878, 0.0206
19:15:03, 0.27, 8, 33.31, 2.33, 3.25, 0.9576, 0.0276, 0.2859, 0.0213
19:15:03, 0.30, 9, 33.12, 2.34, 3.26, 0.9581, 0.0277, 0.2843, 0.0214
19:15:03, 0.30, 9, 32.95, 2.33, 3.28, 0.9585, 0.0276, 0.2828, 0.0217
19:15:03, 0.33, 10, 32.82, 2.32, 3.30, 0.9588, 0.0276, 0.2817, 0.0219
19:15:03, 0.33, 10, 32.68, 2.32, 3.31, 0.9592, 0.0276, 0.2806, 0.0220
19:15:03, 0.37, 11, 32.56, 2.34, 3.32, 0.9595, 0.0277, 0.2796, 0.0220
19:15:03, 0.37, 11, 32.42, 2.38, 3.31, 0.9598, 0.0280, 0.2784, 0.0219
19:15:03, 0.37, 11, 32.33, 2.43, 3.32, 0.9600, 0.0284, 0.2776, 0.0219
19:15:03, 0.40, 12, 32.28, 2.53, 3.29, 0.9601, 0.0292, 0.2772, 0.0214
19:15:03, 0.40, 12, 32.23, 2.64, 3.23, 0.9603, 0.0299, 0.2767, 0.0207
19:15:03, 0.43, 13, 32.20, 2.78, 3.16, 0.9603, 0.0310, 0.2765, 0.0198
19:15:03, 0.43, 13, 32.21, 2.96, 3.08, 0.9603, 0.0322, 0.2765, 0.0187
19:15:03, 0.43, 13, 32.26, 3.17, 3.00, 0.9601, 0.0338, 0.2769, 0.0175
19:15:03, 0.47, 14, 32.32, 3.42, 2.90, 0.9600, 0.0357, 0.2774, 0.0160
19:15:03, 0.47, 14, 32.42, 3.66, 2.84, 0.9597, 0.0376, 0.2781, 0.0149
19:15:03, 0.50, 15, 32.50, 3.95, 2.78, 0.9594, 0.0399, 0.2788, 0.0136
19:15:03, 0.50, 15, 32.65, 4.25, 2.72, 0.9590, 0.0422, 0.2800, 0.0124
19:15:03, 0.53, 16, 32.79, 4.57, 2.68, 0.9586, 0.0448, 0.2811, 0.0111
19:15:03, 0.53, 16, 32.91, 4.95, 2.65, 0.9582, 0.0479, 0.2820, 0.0099
19:15:03, 0.53, 16, 33.08, 5.39, 2.70, 0.9576, 0.0517, 0.2832, 0.0092
19:15:03, 0.57, 17, 33.28, 5.82, 2.73, 0.9570, 0.0554, 0.2847, 0.0083
19:15:03, 0.57, 17, 33.49, 6.34, 2.77, 0.9562, 0.0599, 0.2863, 0.0072
19:15:03, 0.60, 18, 33.68, 6.75, 2.76, 0.9556, 0.0633, 0.2878, 0.0060
19:15:03, 0.60, 18, 33.87, 7.11, 2.82, 0.9550, 0.0665, 0.2892, 0.0054
19:15:03, 0.60, 18, 34.04, 7.39, 2.85, 0.9544, 0.0689, 0.2904, 0.0048
19:15:03, 0.63, 19, 34.24, 7.53, 2.86, 0.9538, 0.0701, 0.2921, 0.0045
19:15:03, 0.63, 19, 34.40, 7.73, 2.87, 0.9533, 0.0718, 0.2934, 0.0040
19:15:03, 0.67, 20, 34.53, 7.90, 2.87, 0.9529, 0.0732, 0.2944, 0.0034
19:15:03, 0.67, 20, 34.67, 8.09, 2.90, 0.9524, 0.0748, 0.2954, 0.0031
19:15:03, 0.70, 21, 34.74, 8.25, 2.92, 0.9522, 0.0762, 0.2959, 0.0028
19:15:03, 0.70, 21, 34.79, 8.39, 2.94, 0.9520, 0.0774, 0.2962, 0.0026
19:15:03, 0.70, 21, 34.80, 8.53, 2.94, 0.9518, 0.0786, 0.2963, 0.0022
19:15:03, 0.73, 22, 34.81, 8.66, 2.92, 0.9518, 0.0796, 0.2963, 0.0016
19:15:03, 0.73, 22, 34.79, 8.77, 2.88, 0.9517, 0.0804, 0.2962, 0.0011
19:15:03, 0.77, 23, 34.80, 8.88, 2.86, 0.9517, 0.0813, 0.2962, 0.0006
19:15:03, 0.77, 23, 34.82, 8.99, 2.80, 0.9515, 0.0821, 0.2964, -0.0002
19:15:03, 0.77, 23, 34.82, 9.08, 2.76, 0.9515, 0.0827, 0.2964, -0.0008
19:15:03, 0.80, 24, 34.88, 9.22, 2.71, 0.9513, 0.0837, 0.2968, -0.0015
19:15:03, 0.80, 24, 34.96, 9.40, 2.68, 0.9509, 0.0851, 0.2975, -0.0023
19:15:03, 0.83, 25, 35.03, 9.54, 2.64, 0.9507, 0.0862, 0.2980, -0.0032
19:15:04, 0.83, 25, 35.13, 9.65, 2.67, 0.9503, 0.0872, 0.2988, -0.0032
19:15:04, 0.87, 26, 35.26, 9.78, 2.70, 0.9499, 0.0883, 0.2997, -0.0034
19:15:04, 0.87, 26, 35.39, 9.88, 2.72, 0.9495, 0.0892, 0.3008, -0.0036
19:15:04, 0.87, 26, 35.57, 10.07, 2.72, 0.9489, 0.0908, 0.3022, -0.0043
19:15:04, 0.90, 27, 35.77, 10.26, 2.67, 0.9482, 0.0922, 0.3038, -0.0054
19:15:04, 0.90, 27, 36.04, 10.44, 2.64, 0.9474, 0.0936, 0.3060, -0.0063
19:15:04, 0.93, 28, 36.38, 10.65, 2.67, 0.9464, 0.0954, 0.3087, -0.0069
19:15:04, 0.93, 28, 36.77, 10.79, 2.71, 0.9452, 0.0966, 0.3119, -0.0073
19:15:04, 0.93, 28, 37.14, 10.92, 2.75, 0.9441, 0.0978, 0.3148, -0.0077
19:15:04, 0.97, 29, 37.60, 11.03, 2.79, 0.9427, 0.0988, 0.3185, -0.0081
19:15:04, 0.97, 29, 38.03, 11.14, 2.84, 0.9415, 0.0998, 0.3219, -0.0083
19:15:04, 1.00, 30, 38.44, 11.26, 2.83, 0.9402, 0.1007, 0.3252, -0.0090
19:15:04, 1.00, 30, 38.97, 11.38, 2.88, 0.9386, 0.1018, 0.3295, -0.0095
19:15:04, 1.03, 31, 39.50, 11.46, 2.96, 0.9370, 0.1027, 0.3337, -0.0095
19:15:04, 1.03, 31, 40.13, 11.52, 2.94, 0.9351, 0.1030, 0.3389, -0.0105
19:15:04, 1.03, 31, 40.80, 11.52, 3.07, 0.9332, 0.1033, 0.3442, -0.0100
19:15:04, 1.07, 32, 41.50, 11.51, 3.14, 0.9310, 0.1034, 0.3498, -0.0100
19:15:04, 1.07, 32, 42.24, 11.64, 3.25, 0.9287, 0.1047, 0.3556, -0.0102
19:15:04, 1.10, 33, 42.92, 11.71, 3.26, 0.9265, 0.1053, 0.3611, -0.0110
19:15:04, 1.10, 33, 43.56, 11.77, 3.26, 0.9244, 0.1057, 0.3662, -0.0117
19:15:04, 1.10, 33, 44.24, 11.83, 3.29, 0.9222, 0.1061, 0.3716, -0.0124
19:15:04, 1.13, 34, 44.81, 11.92, 3.29, 0.9203, 0.1068, 0.3762, -0.0132
19:15:04, 1.13, 34, 45.33, 11.97, 3.28, 0.9185, 0.1072, 0.3803, -0.0139
19:15:04, 1.17, 35, 45.87, 12.09, 3.23, 0.9166, 0.1079, 0.3846, -0.0152
19:15:04, 1.17, 35, 46.37, 12.08, 3.11, 0.9149, 0.1073, 0.3887, -0.0166
19:15:04, 1.20, 36, 46.78, 12.12, 3.01, 0.9135, 0.1072, 0.3921, -0.0179
19:15:04, 1.20, 36, 47.29, 12.23, 2.91, 0.9116, 0.1077, 0.3961, -0.0196
19:15:04, 1.20, 36, 47.75, 12.27, 2.77, 0.9100, 0.1075, 0.3999, -0.0212
19:15:04, 1.23, 37, 48.19, 12.30, 2.64, 0.9084, 0.1072, 0.4035, -0.0228
19:15:04, 1.23, 37, 48.64, 12.42, 2.50, 0.9067, 0.1075, 0.4072, -0.0248
19:15:04, 1.27, 38, 49.13, 12.45, 2.40, 0.9049, 0.1072, 0.4111, -0.0261
19:15:04, 1.27, 38, 49.64, 12.56, 2.28, 0.9029, 0.1075, 0.4152, -0.0280
19:15:04, 1.27, 38, 50.17, 12.62, 2.19, 0.9009, 0.1075, 0.4194, -0.0294
19:15:04, 1.30, 39, 50.69, 12.73, 2.07, 0.8989, 0.1078, 0.4236, -0.0313
19:15:04, 1.30, 39, 51.20, 12.90, 1.94, 0.8968, 0.1086, 0.4276, -0.0334
19:15:04, 1.33, 40, 51.74, 13.00, 1.81, 0.8947, 0.1087, 0.4318, -0.0352
19:15:04, 1.33, 40, 52.34, 13.15, 1.72, 0.8923, 0.1093, 0.4365, -0.0371
19:15:04, 1.37, 41, 52.87, 13.24, 1.57, 0.8901, 0.1093, 0.4408, -0.0391
19:15:04, 1.37, 41, 53.46, 13.35, 1.49, 0.8877, 0.1097, 0.4453, -0.0407
19:15:04, 1.37, 41, 53.99, 13.47, 1.38, 0.8855, 0.1099, 0.4495, -0.0426
19:15:04, 1.40, 42, 54.56, 13.54, 1.33, 0.8832, 0.1101, 0.4539, -0.0438
19:15:04, 1.40, 42, 55.09, 13.66, 1.28, 0.8809, 0.1105, 0.4580, -0.0451
19:15:04, 1.43, 43, 55.67, 13.66, 1.20, 0.8786, 0.1100, 0.4625, -0.0463
19:15:04, 1.43, 43, 56.24, 13.70, 1.20, 0.8762, 0.1101, 0.4668, -0.0470
19:15:04, 1.43, 43, 56.89, 13.72, 1.19, 0.8735, 0.1099, 0.4718, -0.0479
19:15:04, 1.47, 44, 57.47, 13.77, 1.19, 0.8711, 0.1101, 0.4762, -0.0486
19:15:04, 1.47, 44, 58.07, 13.78, 1.13, 0.8686, 0.1096, 0.4808, -0.0496
19:15:04, 1.50, 45, 58.67, 13.70, 1.14, 0.8661, 0.1088, 0.4853, -0.0499
19:15:04, 1.50, 45, 59.35, 13.64, 1.12, 0.8632, 0.1080, 0.4905, -0.0503
19:15:04, 1.53, 46, 59.96, 13.53, 1.09, 0.8607, 0.1068, 0.4952, -0.0506
19:15:04, 1.53, 46, 60.60, 13.44, 1.03, 0.8580, 0.1055, 0.5001, -0.0513
19:15:04, 1.53, 46, 61.22, 13.25, 1.02, 0.8554, 0.1038, 0.5049, -0.0511
19:15:04, 1.57, 47, 61.83, 13.03, 0.96, 0.8528, 0.1017, 0.5096, -0.0511
19:15:04, 1.57, 47, 62.56, 12.90, 0.92, 0.8497, 0.1002, 0.5151, -0.0515
19:15:04, 1.60, 48, 63.23, 12.73, 0.87, 0.8467, 0.0983, 0.5203, -0.0517
19:15:04, 1.60, 48, 63.84, 12.59, 0.78, 0.8441, 0.0966, 0.5249, -0.0522
19:15:04, 1.60, 48, 64.52, 12.45, 0.69, 0.8410, 0.0949, 0.5301, -0.0528
19:15:04, 1.63, 49, 65.14, 12.35, 0.61, 0.8382, 0.0935, 0.5347, -0.0534
19:15:04, 1.63, 49, 65.82, 12.27, 0.58, 0.8350, 0.0924, 0.5397, -0.0538
19:15:04, 1.67, 50, 66.43, 12.11, 0.55, 0.8322, 0.0909, 0.5443, -0.0538
19:15:04, 1.67, 50, 67.07, 12.03, 0.49, 0.8292, 0.0896, 0.5490, -0.0544
19:15:04, 1.70, 51, 67.72, 11.87, 0.39, 0.8261, 0.0878, 0.5539, -0.0548
19:15:04, 1.70, 51, 68.37, 11.80, 0.24, 0.8230, 0.0862, 0.5587, -0.0560
19:15:04, 1.70, 51, 69.02, 11.78, 0.15, 0.8197, 0.0853, 0.5635, -0.0571
19:15:04, 1.73, 52, 69.66, 11.75, 0.06, 0.8166, 0.0843, 0.5681, -0.0581
19:15:04, 1.73, 52, 70.31, 11.70, -0.01, 0.8134, 0.0833, 0.5728, -0.0587
19:15:04, 1.77, 53, 71.02, 11.62, 359.93, 0.8098, 0.0820, 0.5779, -0.0593
19:15:04, 1.77, 53, 71.71, 11.59, 359.93, 0.8063, 0.0815, 0.5828, -0.0596
19:15:04, 1.77, 53, 72.37, 11.46, 359.88, 0.8030, 0.0800, 0.5875, -0.0598
19:15:04, 1.80, 54, 73.04, 11.45, 359.89, 0.7996, 0.0796, 0.5922, -0.0601
19:15:04, 1.80, 54, 73.71, 11.41, 359.90, 0.7961, 0.0790, 0.5969, -0.0603
19:15:04, 1.83, 55, 74.29, 11.34, 359.89, 0.7932, 0.0782, 0.6010, -0.0604
19:15:05, 1.83, 55, 74.92, 11.23, 359.92, 0.7899, 0.0772, 0.6053, -0.0600
19:15:05, 1.87, 56, 75.47, 11.12, 359.94, 0.7871, 0.0763, 0.6092, -0.0597
19:15:05, 1.87, 56, 76.05, 11.03, 359.91, 0.7840, 0.0752, 0.6132, -0.0598
19:15:05, 1.87, 56, 76.54, 10.89, 359.91, 0.7815, 0.0740, 0.6166, -0.0594
19:15:05, 1.90, 57, 77.10, 10.82, 359.94, 0.7785, 0.0734, 0.6205, -0.0592
19:15:05, 1.90, 57, 77.55, 10.68, 359.96, 0.7762, 0.0724, 0.6236, -0.0586
19:15:05, 1.93, 58, 77.99, 10.55, 359.96, 0.7739, 0.0713, 0.6266, -0.0582
19:15:05, 1.93, 58, 78.43, 10.40, 0.00, 0.7716, 0.0703, 0.6296, -0.0573
19:15:05, 1.93, 58, 78.81, 10.19, 0.06, 0.7697, 0.0689, 0.6323, -0.0560
19:15:05, 1.97, 59, 79.24, 10.00, 0.08, 0.7674, 0.0676, 0.6352, -0.0550
19:15:05, 1.97, 59, 79.54, 9.78, 0.13, 0.7659, 0.0662, 0.6373, -0.0537
19:15:05, 2.00, 60, 79.84, 9.53, 0.18, 0.7644, 0.0648, 0.6394, -0.0521
19:15:05, 2.00, 60, 80.20, 9.29, 0.17, 0.7625, 0.0629, 0.6419, -0.0510
19:15:05, 2.03, 61, 80.52, 9.03, 0.25, 0.7609, 0.0615, 0.6441, -0.0492
19:15:05, 2.03, 61, 80.80, 8.80, 0.36, 0.7595, 0.0605, 0.6460, -0.0473
19:15:05, 2.03, 61, 81.04, 8.50, 0.45, 0.7583, 0.0588, 0.6477, -0.0452
19:15:05, 2.07, 62, 81.29, 8.17, 0.54, 0.7571, 0.0571, 0.6494, -0.0428
19:15:05, 2.07, 62, 81.55, 7.79, 0.62, 0.7558, 0.0549, 0.6513, -0.0403
19:15:05, 2.10, 63, 81.75, 7.41, 0.76, 0.7548, 0.0532, 0.6527, -0.0373
19:15:05, 2.10, 63, 81.94, 7.02, 0.83, 0.7539, 0.0510, 0.6541, -0.0347
19:15:05, 2.10, 63, 82.23, 6.61, 0.94, 0.7524, 0.0488, 0.6561, -0.0317
19:15:05, 2.13, 64, 82.41, 6.26, 1.01, 0.7515, 0.0469, 0.6574, -0.0293
19:15:05, 2.13, 64, 82.57, 5.92, 1.15, 0.7507, 0.0454, 0.6585, -0.0265
19:15:05, 2.17, 65, 82.78, 5.55, 1.25, 0.7496, 0.0435, 0.6600, -0.0239
19:15:05, 2.17, 65, 82.99, 5.26, 1.36, 0.7485, 0.0422, 0.6614, -0.0216
19:15:05, 2.20, 66, 83.24, 4.91, 1.52, 0.7472, 0.0408, 0.6631, -0.0186
19:15:05, 2.20, 66, 83.41, 4.50, 1.65, 0.7463, 0.0389, 0.6643, -0.0154
19:15:05, 2.20, 66, 83.66, 4.03, 1.80, 0.7450, 0.0367, 0.6660, -0.0118
19:15:05, 2.23, 67, 83.90, 3.53, 2.00, 0.7436, 0.0346, 0.6677, -0.0076
19:15:05, 2.23, 67, 84.25, 2.85, 2.18, 0.7416, 0.0312, 0.6701, -0.0026
19:15:05, 2.27, 68, 84.56, 2.05, 2.42, 0.7398, 0.0274, 0.6722, 0.0036
19:15:05, 2.27, 68, 84.92, 0.99, 2.70, 0.7376, 0.0223, 0.6747, 0.0116
19:15:05, 2.27, 68, 85.39, 359.78, 3.00, 0.7347, 0.0164, 0.6779, 0.0205
19:15:05, 2.30, 69, 85.79, 358.36, 3.28, 0.7319, 0.0090, 0.6806, 0.0307
19:15:05, 2.30, 69, 86.25, 356.83, 3.48, 0.7287, 0.0006, 0.6836, 0.0411
19:15:05, 2.33, 70, 86.67, 355.17, 3.73, 0.7254, -0.0083, 0.6863, 0.0526
19:15:05, 2.33, 70, 87.06, 353.48, 3.92, 0.7221, -0.0177, 0.6886, 0.0639
19:15:05, 2.37, 71, 87.48, 351.96, 4.14, 0.7185, -0.0257, 0.6911, 0.0744
19:15:05, 2.37, 71, 87.88, 350.81, 4.27, 0.7152, -0.0319, 0.6934, 0.0823
19:15:05, 2.37, 71, 88.28, 349.84, 4.37, 0.7119, -0.0371, 0.6956, 0.0889
19:15:05, 2.40, 72, 88.59, 348.90, 4.47, 0.7092, -0.0421, 0.6972, 0.0953
19:15:05, 2.40, 72, 88.85, 347.92, 4.53, 0.7067, -0.0476, 0.6985, 0.1017
19:15:05, 2.43, 73, 89.11, 347.00, 4.53, 0.7043, -0.0530, 0.6997, 0.1074
19:15:05, 2.43, 73, 89.36, 346.13, 4.49, 0.7020, -0.0584, 0.7008, 0.1125
19:15:05, 2.43, 73, 89.50, 345.42, 4.52, 0.7003, -0.0625, 0.7014, 0.1170
19:15:05, 2.47, 74, 89.70, 344.61, 4.44, 0.6984, -0.0678, 0.7020, 0.1216
19:15:05, 2.47, 74, 89.88, 343.80, 4.45, 0.6964, -0.0725, 0.7027, 0.1267
19:15:05, 2.50, 75, 89.98, 342.72, 4.39, 0.6946, -0.0794, 0.7025, 0.1329
19:15:05, 2.50, 75, 90.08, 341.41, 4.38, 0.6924, -0.0874, 0.7022, 0.1409
19:15:05, 2.53, 76, 90.21, 340.04, 4.30, 0.6900, -0.0961, 0.7018, 0.1488
19:15:05, 2.53, 76, 90.39, 338.74, 4.22, 0.6873, -0.1042, 0.7017, 0.1563
19:15:05, 2.53, 76, 90.60, 337.70, 4.14, 0.6847, -0.1107, 0.7019, 0.1623
19:15:05, 2.57, 77, 90.72, 336.81, 4.07, 0.6828, -0.1164, 0.7016, 0.1674
19:15:05, 2.57, 77, 90.87, 336.12, 4.03, 0.6809, -0.1206, 0.7017, 0.1715
19:15:05, 2.60, 78, 91.01, 335.48, 4.00, 0.6792, -0.1244, 0.7018, 0.1753
19:15:05, 2.60, 78, 91.17, 334.76, 3.88, 0.6773, -0.1292, 0.7018, 0.1791
19:15:05, 2.60, 78, 91.26, 334.00, 3.83, 0.6757, -0.1339, 0.7014, 0.1834
19:15:05, 2.63, 79, 91.35, 333.18, 3.76, 0.6739, -0.1391, 0.7008, 0.1881
19:15:05, 2.63, 79, 91.43, 332.19, 3.68, 0.6719, -0.1454, 0.6999, 0.1937
19:15:05, 2.67, 80, 91.46, 331.14, 3.57, 0.6701, -0.1523, 0.6986, 0.1994
19:15:05, 2.67, 80, 91.50, 330.24, 3.49, 0.6685, -0.1580, 0.6974, 0.2044
19:15:05, 2.70, 81, 91.52, 329.21, 3.41, 0.6667, -0.1646, 0.6959, 0.2101
19:15:05, 2.70, 81, 91.59, 328.20, 3.23, 0.6647, -0.1715, 0.6945, 0.2152
19:15:05, 2.70, 81, 91.60, 327.28, 3.06, 0.6633, -0.1779, 0.6929, 0.2198
19:15:05, 2.73, 82, 91.63, 326.35, 2.95, 0.6616, -0.1840, 0.6914, 0.2246
19:15:05, 2.73, 82, 91.60, 325.56, 2.83, 0.6605, -0.1894, 0.6897, 0.2286
19:15:05, 2.77, 83, 91.51, 324.98, 2.88, 0.6598, -0.1927, 0.6882, 0.2322
19:15:05, 2.77, 83, 91.44, 324.47, 2.87, 0.6592, -0.1959, 0.6869, 0.2350
19:15:05, 2.77, 83, 91.40, 323.97, 2.83, 0.6585, -0.1991, 0.6857, 0.2376
19:15:05, 2.80, 84, 91.34, 323.51, 2.84, 0.6579, -0.2018, 0.6846, 0.2403
19:15:05, 2.80, 84, 91.29, 323.12, 2.84, 0.6574, -0.2043, 0.6836, 0.2426
19:15:05, 2.83, 85, 91.28, 322.78, 2.77, 0.6569, -0.2067, 0.6828, 0.2441
19:15:06, 2.83, 85, 91.34, 322.44, 2.75, 0.6559, -0.2086, 0.6824, 0.2461
19:15:06, 2.87, 86, 91.34, 322.18, 2.72, 0.6554, -0.2104, 0.6819, 0.2474
19:15:06, 2.87, 86, 91.36, 322.03, 2.70, 0.6550, -0.2113, 0.6817, 0.2483
19:15:06, 2.87, 86, 91.39, 321.83, 2.74, 0.6543, -0.2122, 0.6815, 0.2497
19:15:06, 2.90, 87, 91.39, 321.74, 2.76, 0.6541, -0.2125, 0.6814, 0.2503
19:15:06, 2.90, 87, 91.41, 321.72, 2.73, 0.6540, -0.2128, 0.6814, 0.2503
19:15:06, 2.93, 88, 91.44, 321.72, 2.72, 0.6538, -0.2128, 0.6816, 0.2504
19:15:06, 2.93, 88, 91.49, 321.71, 2.68, 0.6536, -0.2130, 0.6818, 0.2502
19:15:06, 2.93, 88, 91.51, 321.69, 2.67, 0.6534, -0.2131, 0.6819, 0.2504
19:15:06, 2.97, 89, 91.60, 321.68, 2.60, 0.6531, -0.2134, 0.6822, 0.2502
19:15:06, 2.97, 89, 91.67, 321.58, 2.55, 0.6525, -0.2141, 0.6824, 0.2506
19:15:06, 3.00, 90, 91.75, 321.44, 2.53, 0.6518, -0.2149, 0.6825, 0.2514
19:15:06, 3.00, 90, 91.85, 321.30, 2.47, 0.6510, -0.2158, 0.6827, 0.2521
19:15:06, 3.03, 91, 92.01, 321.11, 2.39, 0.6498, -0.2171, 0.6830, 0.2531
19:15:06, 3.03, 91, 92.22, 320.92, 2.25, 0.6485, -0.2185, 0.6836, 0.2538
19:15:06, 3.03, 91, 92.43, 320.78, 2.16, 0.6471, -0.2194, 0.6843, 0.2545
19:15:06, 3.07, 92, 92.74, 320.55, 2.01, 0.6451, -0.2209, 0.6853, 0.2556
19:15:06, 3.07, 92, 93.20, 320.32, 1.71, 0.6425, -0.2230, 0.6869, 0.2562
19:15:06, 3.10, 93, 93.78, 320.03, 1.31, 0.6394, -0.2257, 0.6887, 0.2568
19:15:06, 3.10, 93, 94.68, 319.76, 0.69, 0.6347, -0.2289, 0.6919, 0.2568
19:15:06, 3.10, 93, 95.60, 319.37, 0.01, 0.6300, -0.2331, 0.6947, 0.2572
19:15:06, 3.13, 94, 96.84, 318.94, 359.26, 0.6232, -0.2373, 0.6990, 0.2583
19:15:06, 3.13, 94, 98.01, 318.48, 358.61, 0.6166, -0.2411, 0.7029, 0.2600
19:15:06, 3.17, 95, 99.13, 318.00, 357.96, 0.6103, -0.2451, 0.7063, 0.2619
19:15:06, 3.17, 95, 100.15, 317.62, 357.38, 0.6045, -0.2482, 0.7096, 0.2635
19:15:06, 3.20, 96, 101.09, 317.29, 356.88, 0.5993, -0.2509, 0.7126, 0.2650
19:15:06, 3.20, 96, 102.26, 316.96, 356.23, 0.5929, -0.2539, 0.7163, 0.2662
19:15:06, 3.20, 96, 103.42, 316.47, 355.67, 0.5861, -0.2571, 0.7197, 0.2691
19:15:06, 3.23, 97, 104.71, 316.07, 354.96, 0.5789, -0.2605, 0.7235, 0.2710
19:15:06, 3.23, 97, 105.84, 315.62, 354.28, 0.5726, -0.2643, 0.7264, 0.2731
19:15:06, 3.27, 98, 106.84, 315.20, 353.62, 0.5672, -0.2681, 0.7286, 0.2749
19:15:06, 3.27, 98, 107.81, 314.83, 353.01, 0.5618, -0.2713, 0.7309, 0.2766
19:15:06, 3.27, 98, 108.82, 314.36, 352.26, 0.5565, -0.2758, 0.7326, 0.2785
19:15:06, 3.30, 99, 109.39, 313.88, 351.70, 0.5535, -0.2801, 0.7326, 0.2803
19:15:06, 3.30, 99, 110.31, 313.38, 350.89, 0.5489, -0.2852, 0.7334, 0.2820
19:15:06, 3.33, 100, 111.08, 312.80, 350.08, 0.5451, -0.2910, 0.7331, 0.2840
19:15:06, 3.33, 100, 111.74, 312.11, 349.35, 0.5417, -0.2970, 0.7321, 0.2869
19:15:06, 3.37, 101, 112.42, 311.55, 348.60, 0.5385, -0.3023, 0.7315, 0.2890
19:15:06, 3.37, 101, 112.81, 311.04, 348.10, 0.5366, -0.3067, 0.7302, 0.2911
19:15:06, 3.37, 101, 113.15, 310.73, 347.77, 0.5349, -0.3091, 0.7299, 0.2926
19:15:06, 3.40, 102, 113.33, 310.53, 347.62, 0.5339, -0.3104, 0.7296, 0.2938
19:15:06, 3.40, 102, 113.49, 310.27, 347.36, 0.5332, -0.3127, 0.7288, 0.2947
19:15:06, 3.43, 103, 113.64, 310.11, 347.18, 0.5326, -0.3141, 0.7283, 0.2954
19:15:06, 3.43, 103, 113.84, 310.02, 347.03, 0.5315, -0.3148, 0.7286, 0.2959
19:15:06, 3.43, 103, 113.92, 310.01, 347.04, 0.5310, -0.3147, 0.7289, 0.2961
19:15:06, 3.47, 104, 113.83, 310.04, 347.19, 0.5312, -0.3138, 0.7290, 0.2964
19:15:06, 3.47, 104, 113.85, 309.99, 347.13, 0.5311, -0.3143, 0.7288, 0.2966
19:15:06, 3.50, 105, 114.03, 309.81, 346.91, 0.5304, -0.3160, 0.7284, 0.2972
19:15:06, 3.50, 105, 114.28, 309.66, 346.70, 0.5291, -0.3173, 0.7284, 0.2979
19:15:06, 3.53, 106, 114.43, 309.56, 346.59, 0.5283, -0.3180, 0.7284, 0.2986
19:15:06, 3.53, 106, 114.59, 309.40, 346.45, 0.5275, -0.3191, 0.7282, 0.2994
19:15:06, 3.53, 106, 114.73, 309.25, 346.26, 0.5269, -0.3204, 0.7278, 0.3000
19:15:06, 3.57, 107, 115.04, 309.04, 345.98, 0.5254, -0.3222, 0.7276, 0.3010
19:15:06, 3.57, 107, 115.33, 308.91, 345.73, 0.5241, -0.3235, 0.7278, 0.3016
19:15:06, 3.60, 108, 115.64, 308.75, 345.50, 0.5225, -0.3248, 0.7280, 0.3025
19:15:06, 3.60, 108, 115.90, 308.59, 345.27, 0.5213, -0.3261, 0.7279, 0.3033
19:15:06, 3.60, 108, 116.13, 308.44, 345.09, 0.5202, -0.3272, 0.7279, 0.3042
19:15:06, 3.63, 109, 116.28, 308.35, 345.06, 0.5192, -0.3274, 0.7281, 0.3051
19:15:06, 3.63, 109, 116.46, 308.27, 344.96, 0.5182, -0.3278, 0.7283, 0.3057
19:15:06, 3.67, 110, 116.58, 308.20, 344.93, 0.5175, -0.3279, 0.7286, 0.3064
19:15:06, 3.67, 110, 116.73, 308.10, 344.85, 0.5166, -0.3284, 0.7286, 0.3072
19:15:06, 3.70, 111, 116.87, 308.00, 344.82, 0.5157, -0.3286, 0.7288, 0.3081
19:15:06, 3.70, 111, 116.95, 307.91, 344.81, 0.5151, -0.3288, 0.7288, 0.3089
19:15:06, 3.70, 111, 117.04, 307.78, 344.75, 0.5145, -0.3294, 0.7285, 0.3098
19:15:06, 3.73, 112, 117.06, 307.65, 344.77, 0.5143, -0.3297, 0.7282, 0.3108
19:15:06, 3.73, 112, 117.06, 307.47, 344.71, 0.5142, -0.3307, 0.7273, 0.3118
19:15:06, 3.77, 113, 117.03, 307.23, 344.73, 0.5140, -0.3315, 0.7264, 0.3134
19:15:06, 3.77, 113, 116.91, 306.92, 344.82, 0.5143, -0.3325, 0.7248, 0.3156
19:15:06, 3.77, 113, 116.74, 306.54, 344.95, 0.5145, -0.3334, 0.7230, 0.3183
19:15:06, 3.80, 114, 116.51, 306.14, 345.03, 0.5153, -0.3350, 0.7207, 0.3208
19:15:06, 3.80, 114, 116.11, 305.68, 345.22, 0.5166, -0.3366, 0.7177, 0.3236
19:15:06, 3.83, 115, 115.74, 305.15, 345.38, 0.5179, -0.3386, 0.7144, 0.3268
19:15:07, 3.83, 115, 115.33, 304.56, 345.67, 0.5188, -0.3402, 0.7111, 0.3309
19:15:07, 3.87, 116, 114.90, 303.92, 345.91, 0.5199, -0.3422, 0.7074, 0.3350
19:15:07, 3.87, 116, 114.38, 303.28, 346.14, 0.5215, -0.3447, 0.7031, 0.3388
19:15:07, 3.87, 116, 113.96, 302.57, 346.37, 0.5223, -0.3472, 0.6991, 0.3433
19:15:07, 3.90, 117, 113.35, 301.88, 346.73, 0.5239, -0.3494, 0.6947, 0.3476
19:15:07, 3.90, 117, 112.71, 301.18, 347.07, 0.5256, -0.3520, 0.6899, 0.3518
19:15:07, 3.93, 118, 111.69, 300.50, 347.66, 0.5287, -0.3542, 0.6843, 0.3559
19:15:07, 3.93, 118, 110.77, 299.81, 348.27, 0.5311, -0.3562, 0.6792, 0.3603
19:15:07, 3.93, 118, 109.71, 299.21, 349.00, 0.5339, -0.3575, 0.6742, 0.3642
19:15:07, 3.97, 119, 108.41, 298.64, 349.92, 0.5375, -0.3586, 0.6687, 0.3680
19:15:07, 3.97, 119, 107.20, 298.07, 350.75, 0.5406, -0.3600, 0.6633, 0.3717
19:15:07, 4.00, 120, 105.87, 297.46, 351.74, 0.5436, -0.3611, 0.6578, 0.3760
19:15:07, 4.00, 120, 104.73, 297.04, 352.66, 0.5462, -0.3615, 0.6535, 0.3793
19:15:07, 4.03, 121, 103.29, 296.56, 353.71, 0.5497, -0.3624, 0.6481, 0.3827
19:15:07, 4.03, 121, 102.01, 296.15, 354.56, 0.5530, -0.3637, 0.6431, 0.3851
19:15:07, 4.03, 121, 100.86, 295.92, 355.44, 0.5559, -0.3637, 0.6395, 0.3871
19:15:07, 4.07, 122, 99.45, 295.79, 356.45, 0.5599, -0.3635, 0.6353, 0.3883
19:15:07, 4.07, 122, 98.14, 295.72, 357.38, 0.5638, -0.3630, 0.6316, 0.3891
19:15:07, 4.10, 123, 97.08, 295.75, 358.18, 0.5670, -0.3621, 0.6290, 0.3896
19:15:07, 4.10, 123, 95.77, 295.77, 359.22, 0.5707, -0.3608, 0.6259, 0.3905
19:15:07, 4.10, 123, 94.94, 295.90, 359.90, 0.5733, -0.3592, 0.6243, 0.3906
19:15:07, 4.13, 124, 94.26, 296.02, 0.49, 0.5753, -0.3578, 0.6232, 0.3907
19:15:07, 4.13, 124, 93.75, 296.20, 0.90, 0.5773, -0.3564, 0.6224, 0.3902
19:15:07, 4.17, 125, 93.39, 296.29, 1.20, 0.5785, -0.3555, 0.6219, 0.3902
19:15:07, 4.17, 125, 93.01, 296.44, 1.47, 0.5801, -0.3546, 0.6213, 0.3896
19:15:07, 4.20, 126, 92.89, 296.54, 1.44, 0.5812, -0.3546, 0.6209, 0.3885
19:15:07, 4.20, 126, 92.82, 296.54, 1.44, 0.5816, -0.3549, 0.6205, 0.3883
19:15:07, 4.20, 126, 92.91, 296.52, 1.38, 0.5813, -0.3550, 0.6208, 0.3883
19:15:07, 4.23, 127, 93.02, 296.52, 1.34, 0.5808, -0.3548, 0.6212, 0.3885
19:15:07, 4.23, 127, 93.09, 296.51, 1.26, 0.5806, -0.3550, 0.6213, 0.3884
19:15:07, 4.27, 128, 93.17, 296.45, 1.12, 0.5806, -0.3559, 0.6210, 0.3881
19:15:07, 4.27, 128, 93.38, 296.31, 0.89, 0.5797, -0.3571, 0.6209, 0.3885
19:15:07, 4.30, 129, 93.41, 296.19, 0.85, 0.5793, -0.3578, 0.6206, 0.3890
19:15:07, 4.30, 129, 93.54, 296.10, 0.76, 0.5786, -0.3583, 0.6206, 0.3894
19:15:07, 4.30, 129, 93.61, 296.03, 0.69, 0.5782, -0.3588, 0.6205, 0.3897
19:15:07, 4.33, 130, 93.76, 295.89, 0.47, 0.5777, -0.3603, 0.6201, 0.3898
19:15:07, 4.33, 130, 93.87, 295.83, 0.35, 0.5774, -0.3608, 0.6201, 0.3898
19:15:07, 4.37, 131, 93.99, 295.66, 0.27, 0.5765, -0.3618, 0.6198, 0.3907
19:15:07, 4.37, 131, 94.09, 295.64, 0.24, 0.5759, -0.3616, 0.6202, 0.3910
19:15:07, 4.37, 131, 94.22, 295.57, 0.21, 0.5751, -0.3617, 0.6205, 0.3916
19:15:07, 4.40, 132, 94.64, 295.50, 359.96, 0.5735, -0.3619, 0.6216, 0.3921
19:15:07, 4.40, 132, 95.17, 295.37, 359.60, 0.5714, -0.3627, 0.6227, 0.3927
19:15:07, 4.43, 133, 95.87, 295.27, 359.08, 0.5691, -0.3637, 0.6242, 0.3928
19:15:07, 4.43, 133, 96.65, 295.18, 358.42, 0.5668, -0.3650, 0.6256, 0.3926
19:15:07, 4.43, 133, 97.53, 295.08, 357.68, 0.5642, -0.3665, 0.6272, 0.3923
19:15:07, 4.47, 134, 98.60, 294.95, 356.76, 0.5611, -0.3686, 0.6290, 0.3919
19:15:07, 4.47, 134, 99.67, 294.86, 355.86, 0.5581, -0.3702, 0.6311, 0.3915
19:15:07, 4.50, 135, 100.91, 294.73, 354.86, 0.5543, -0.3721, 0.6333, 0.3914
19:15:07, 4.50, 135, 102.21, 294.65, 353.83, 0.5504, -0.3737, 0.6360, 0.3911
19:15:07, 4.53, 136, 103.43, 294.64, 352.88, 0.5468, -0.3749, 0.6386, 0.3906
19:15:07, 4.53, 136, 104.70, 294.68, 351.93, 0.5430, -0.3757, 0.6417, 0.3901
19:15:07, 4.53, 136, 105.84, 294.83, 351.06, 0.5399, -0.3761, 0.6449, 0.3888
19:15:07, 4.57, 137, 107.17, 294.96, 350.00, 0.5363, -0.3771, 0.6482, 0.3873
19:15:07, 4.57, 137, 108.29, 295.15, 349.20, 0.5331, -0.3771, 0.6516, 0.3861
19:15:07, 4.60, 138, 109.48, 295.36, 348.28, 0.5299, -0.3775, 0.6549, 0.3845
19:15:07, 4.60, 138, 110.58, 295.53, 347.47, 0.5266, -0.3778, 0.6581, 0.3833
19:15:07, 4.60, 138, 111.43, 295.78, 346.90, 0.5242, -0.3773, 0.6611, 0.3819
19:15:07, 4.63, 139, 112.22, 296.09, 346.38, 0.5219, -0.3766, 0.6643, 0.3801
19:15:07, 4.63, 139, 112.94, 296.44, 345.83, 0.5201, -0.3761, 0.6673, 0.3778
19:15:07, 4.67, 140, 113.72, 296.77, 345.33, 0.5178, -0.3753, 0.6707, 0.3759
19:15:07, 4.67, 140, 114.25, 297.06, 345.00, 0.5162, -0.3745, 0.6732, 0.3743
19:15:07, 4.70, 141, 114.70, 297.39, 344.78, 0.5148, -0.3731, 0.6760, 0.3726
19:15:07, 4.70, 141, 115.17, 297.63, 344.53, 0.5133, -0.3723, 0.6783, 0.3714
19:15:07, 4.70, 141, 115.26, 297.95, 344.60, 0.5130, -0.3704, 0.6803, 0.3699
19:15:07, 4.73, 142, 115.56, 298.26, 344.46, 0.5121, -0.3692, 0.6825, 0.3682
19:15:07, 4.73, 142, 115.71, 298.52, 344.42, 0.5118, -0.3681, 0.6842, 0.3668
19:15:07, 4.77, 143, 115.71, 298.81, 344.50, 0.5119, -0.3666, 0.6856, 0.3652
19:15:07, 4.77, 143, 115.66, 299.00, 344.65, 0.5120, -0.3652, 0.6867, 0.3645
19:15:07, 4.77, 143, 115.58, 299.23, 344.75, 0.5125, -0.3641, 0.6877, 0.3632
19:15:07, 4.80, 144, 115.50, 299.37, 344.82, 0.5130, -0.3634, 0.6881, 0.3624
19:15:07, 4.80, 144, 115.44, 299.47, 344.91, 0.5132, -0.3628, 0.6885, 0.3618
19:15:07, 4.83, 145, 115.18, 299.59, 345.23, 0.5140, -0.3612, 0.6889, 0.3616
19:15:08, 4.83, 145, 114.82, 299.84, 345.55, 0.5155, -0.3595, 0.6893, 0.3603
19:15:08, 4.87, 146, 114.51, 300.10, 345.78, 0.5170, -0.3582, 0.6897, 0.3587
19:15:08, 4.87, 146, 114.22, 300.23, 345.95, 0.5185, -0.3576, 0.6895, 0.3576
19:15:08, 4.87, 146, 113.91, 300.36, 346.10, 0.5201, -0.3572, 0.6891, 0.3565
19:15:08, 4.90, 147, 113.58, 300.50, 346.30, 0.5217, -0.3565, 0.6888, 0.3554
19:15:08, 4.90, 147, 113.30, 300.65, 346.44, 0.5232, -0.3559, 0.6886, 0.3543
19:15:08, 4.93, 148, 112.94, 300.86, 346.66, 0.5250, -0.3550, 0.6884, 0.3528
19:15:08, 4.93, 148, 112.40, 301.28, 347.09, 0.5276, -0.3525, 0.6890, 0.3504
19:15:08, 4.93, 148, 112.00, 301.75, 347.37, 0.5299, -0.3501, 0.6899, 0.3473
19:15:08, 4.97, 149, 111.61, 302.20, 347.62, 0.5322, -0.3481, 0.6906, 0.3444
19:15:08, 4.97, 149, 111.22, 302.60, 347.85, 0.5346, -0.3463, 0.6911, 0.3417
19:15:08, 5.00, 150, 110.77, 303.00, 348.20, 0.5369, -0.3440, 0.6916, 0.3393
19:15:08, 5.00, 150, 110.27, 303.60, 348.60, 0.5398, -0.3406, 0.6927, 0.3358
19:15:08, 5.03, 151, 109.60, 304.33, 349.09, 0.5437, -0.3367, 0.6937, 0.3314
19:15:08, 5.03, 151, 109.01, 305.41, 349.54, 0.5479, -0.3311, 0.6962, 0.3248
19:15:08, 5.03, 151, 108.43, 306.55, 350.01, 0.5521, -0.3251, 0.6989, 0.3180
19:15:08, 5.07, 152, 107.78, 307.70, 350.49, 0.5567, -0.3189, 0.7012, 0.3110
19:15:08, 5.07, 152, 107.12, 308.78, 350.90, 0.5615, -0.3135, 0.7028, 0.3041
19:15:08, 5.10, 153, 106.61, 310.00, 351.00, 0.5665, -0.3088, 0.7046, 0.2954
19:15:08, 5.10, 153, 105.84, 311.18, 351.02, 0.5732, -0.3053, 0.7047, 0.2857
19:15:08, 5.10, 153, 104.95, 312.56, 351.01, 0.5810, -0.3012, 0.7046, 0.2743
19:15:08, 5.13, 154, 104.11, 314.36, 351.21, 0.5885, -0.2935, 0.7065, 0.2616
19:15:08, 5.13, 154, 102.87, 316.45, 351.86, 0.5981, -0.2822, 0.7079, 0.2482
19:15:08, 5.17, 155, 101.67, 319.10, 352.45, 0.6083, -0.2680, 0.7104, 0.2313
19:15:08, 5.17, 155, 100.38, 321.91, 353.21, 0.6189, -0.2516, 0.7125, 0.2144
19:15:08, 5.20, 156, 99.34, 324.78, 353.94, 0.6282, -0.2339, 0.7153, 0.1977
19:15:08, 5.20, 156, 98.42, 327.24, 354.89, 0.6357, -0.2164, 0.7174, 0.1853
19:15:08, 5.20, 156, 97.61, 329.39, 355.85, 0.6420, -0.2000, 0.7190, 0.1755
19:15:08, 5.23, 157, 96.94, 331.40, 356.69, 0.6475, -0.1847, 0.7204, 0.1663
19:15:08, 5.23, 157, 96.27, 333.51, 357.43, 0.6533, -0.1691, 0.7213, 0.1560
19:15:08, 5.27, 158, 95.74, 335.55, 357.96, 0.6583, -0.1549, 0.7221, 0.1454
19:15:08, 5.27, 158, 95.25, 337.68, 358.47, 0.6631, -0.1401, 0.7230, 0.1341
19:15:08, 5.27, 158, 94.89, 339.82, 358.81, 0.6671, -0.1260, 0.7240, 0.1222
19:15:08, 5.30, 159, 94.51, 341.81, 359.07, 0.6711, -0.1132, 0.7242, 0.1106
19:15:08, 5.30, 159, 94.34, 343.59, 359.07, 0.6737, -0.1030, 0.7250, 0.0992
19:15:08, 5.33, 160, 94.17, 345.40, 359.04, 0.6762, -0.0926, 0.7257, 0.0874
19:15:08, 5.33, 160, 94.01, 347.31, 359.09, 0.6784, -0.0811, 0.7263, 0.0755
19:15:08, 5.37, 161, 93.93, 349.43, 359.20, 0.6800, -0.0680, 0.7274, 0.0626
19:15:08, 5.37, 161, 93.96, 351.79, 359.28, 0.6808, -0.0535, 0.7289, 0.0481
19:15:08, 5.37, 161, 94.04, 354.23, 359.28, 0.6811, -0.0389, 0.7304, 0.0326
19:15:08, 5.40, 162, 94.20, 356.57, 359.30, 0.6805, -0.0248, 0.7321, 0.0178
19:15:08, 5.40, 162, 94.45, 358.75, 359.28, 0.6791, -0.0120, 0.7339, 0.0037
19:15:08, 5.43, 163, 94.77, 0.63, 359.23, 0.6770, -0.0013, 0.7359, -0.0086
19:15:08, 5.43, 163, 95.25, 2.24, 359.06, 0.6737, 0.0071, 0.7387, -0.0200
19:15:08, 5.43, 163, 95.83, 3.70, 358.80, 0.6696, 0.0139, 0.7420, -0.0310
19:15:08, 5.47, 164, 96.54, 4.96, 358.68, 0.6646, 0.0203, 0.7459, -0.0400
19:15:08, 5.47, 164, 97.31, 6.14, 358.61, 0.6591, 0.0263, 0.7501, -0.0483
19:15:08, 5.50, 165, 98.04, 7.19, 358.57, 0.6538, 0.0317, 0.7539, -0.0555
19:15:08, 5.50, 165, 98.71, 8.13, 358.51, 0.6490, 0.0363, 0.7574, -0.0622
19:15:08, 5.53, 166, 99.38, 9.00, 358.32, 0.6440, 0.0396, 0.7609, -0.0693
19:15:08, 5.53, 166, 100.07, 9.70, 358.12, 0.6389, 0.0417, 0.7645, -0.0753
19:15:08, 5.53, 166, 100.70, 10.44, 357.80, 0.6340, 0.0433, 0.7677, -0.0822
19:15:08, 5.57, 167, 101.36, 11.09, 357.66, 0.6290, 0.0455, 0.7711, -0.0876
19:15:08, 5.57, 167, 101.94, 11.48, 357.51, 0.6247, 0.0462, 0.7741, -0.0913
19:15:08, 5.60, 168, 102.45, 11.89, 357.27, 0.6208, 0.0464, 0.7768, -0.0956
19:15:08, 5.60, 168, 102.81, 12.15, 357.04, 0.6179, 0.0459, 0.7787, -0.0987
19:15:08, 5.60, 168, 103.23, 12.33, 356.82, 0.6148, 0.0450, 0.7809, -0.1012
19:15:08, 5.63, 169, 103.51, 12.50, 356.70, 0.6126, 0.0449, 0.7823, -0.1031
19:15:08, 5.63, 169, 103.68, 12.68, 356.52, 0.6111, 0.0445, 0.7832, -0.1054
19:15:08, 5.67, 170, 103.89, 12.89, 356.41, 0.6094, 0.0446, 0.7842, -0.1076
19:15:08, 5.67, 170, 103.93, 13.10, 356.32, 0.6089, 0.0451, 0.7844, -0.1095
19:15:08, 5.70, 171, 103.95, 13.40, 356.19, 0.6084, 0.0458, 0.7843, -0.1121
19:15:08, 5.70, 171, 103.87, 13.66, 356.02, 0.6085, 0.0461, 0.7838, -0.1149
19:15:08, 5.70, 171, 103.68, 13.97, 355.84, 0.6094, 0.0467, 0.7827, -0.1178
19:15:08, 5.73, 172, 103.37, 14.26, 355.62, 0.6110, 0.0471, 0.7809, -0.1208
19:15:08, 5.73, 172, 102.96, 14.51, 355.55, 0.6135, 0.0485, 0.7786, -0.1227
19:15:08, 5.77, 173, 102.43, 14.67, 355.54, 0.6169, 0.0498, 0.7756, -0.1236
19:15:08, 5.77, 173, 101.88, 14.72, 355.66, 0.6208, 0.0515, 0.7726, -0.1230
19:15:08, 5.77, 173, 101.31, 14.82, 355.83, 0.6247, 0.0538, 0.7693, -0.1225
19:15:08, 5.80, 174, 100.76, 14.93, 356.03, 0.6284, 0.0564, 0.7662, -0.1219
19:15:08, 5.80, 174, 100.23, 15.06, 356.33, 0.6322, 0.0597, 0.7630, -0.1209
19:15:08, 5.83, 175, 99.71, 15.23, 356.66, 0.6358, 0.0634, 0.7598, -0.1199
19:15:09, 5.83, 175, 99.15, 15.36, 356.93, 0.6397, 0.0664, 0.7565, -0.1189
19:15:09, 5.87, 176, 98.64, 15.53, 357.16, 0.6431, 0.0694, 0.7534, -0.1184
19:15:09, 5.87, 176, 98.15, 15.68, 357.42, 0.6465, 0.0725, 0.7503, -0.1177
19:15:09, 5.87, 176, 97.62, 15.82, 357.65, 0.6501, 0.0753, 0.7470, -0.1169
19:15:09, 5.90, 177, 97.14, 15.90, 357.76, 0.6532, 0.0770, 0.7442, -0.1165
19:15:09, 5.90, 177, 96.66, 15.94, 357.89, 0.6564, 0.0785, 0.7413, -0.1156
19:15:09, 5.93, 178, 96.19, 15.99, 357.91, 0.6594, 0.0795, 0.7386, -0.1155
19:15:09, 5.93, 178, 95.59, 16.01, 357.83, 0.6631, 0.0797, 0.7352, -0.1157
19:15:09, 5.93, 178, 95.05, 15.95, 357.75, 0.6666, 0.0793, 0.7321, -0.1155
19:15:09, 5.97, 179, 94.52, 15.88, 357.63, 0.6700, 0.0787, 0.7292, -0.1153
19:15:09, 5.97, 179, 93.98, 15.76, 357.43, 0.6733, 0.0772, 0.7263, -0.1154
19:15:09, 6.00, 180, 93.45, 15.55, 357.27, 0.6766, 0.0755, 0.7234, -0.1146
19:15:09, 6.00, 180, 92.92, 15.26, 357.16, 0.6801, 0.0737, 0.7205, -0.1132
19:15:09, 6.03, 181, 92.37, 14.96, 357.04, 0.6838, 0.0716, 0.7175, -0.1117
19:15:09, 6.03, 181, 91.79, 14.54, 357.00, 0.6878, 0.0694, 0.7143, -0.1089
19:15:09, 6.03, 181, 91.24, 14.22, 356.98, 0.6915, 0.0679, 0.7113, -0.1067
19:15:09, 6.07, 182, 90.77, 13.94, 356.92, 0.6946, 0.0662, 0.7086, -0.1051
19:15:09, 6.07, 182, 90.32, 13.74, 356.89, 0.6975, 0.0652, 0.7060, -0.1038
19:15:09, 6.10, 183, 89.93, 13.65, 356.88, 0.7000, 0.0649, 0.7037, -0.1031
19:15:09, 6.10, 183, 89.70, 13.51, 356.94, 0.7016, 0.0647, 0.7023, -0.1017
19:15:09, 6.10, 183, 89.53, 13.51, 357.04, 0.7027, 0.0654, 0.7012, -0.1010
19:15:09, 6.13, 184, 89.44, 13.57, 357.17, 0.7033, 0.0667, 0.7006, -0.1005
19:15:09, 6.13, 184, 89.37, 13.59, 357.35, 0.7039, 0.0680, 0.7000, -0.0995
19:15:09, 6.17, 185, 89.30, 13.71, 357.54, 0.7044, 0.0699, 0.6994, -0.0990
19:15:09, 6.17, 185, 89.28, 13.80, 357.75, 0.7046, 0.0718, 0.6991, -0.0982
19:15:09, 6.20, 186, 89.31, 13.94, 358.02, 0.7045, 0.0743, 0.6990, -0.0974
19:15:09, 6.20, 186, 89.30, 14.07, 358.27, 0.7047, 0.0766, 0.6987, -0.0967
19:15:09, 6.20, 186, 89.27, 14.18, 358.52, 0.7050, 0.0788, 0.6983, -0.0958
19:15:09, 6.23, 187, 89.18, 14.20, 358.76, 0.7057, 0.0805, 0.6975, -0.0944
19:15:09, 6.23, 187, 89.04, 14.20, 358.96, 0.7067, 0.0818, 0.6966, -0.0931
19:15:09, 6.27, 188, 88.89, 14.15, 359.14, 0.7078, 0.0827, 0.6955, -0.0915
19:15:09, 6.27, 188, 88.71, 14.00, 359.30, 0.7091, 0.0829, 0.6944, -0.0895
19:15:09, 6.27, 188, 88.48, 13.78, 359.47, 0.7109, 0.0827, 0.6930, -0.0870
19:15:09, 6.30, 189, 88.27, 13.59, 359.64, 0.7124, 0.0827, 0.6917, -0.0846
19:15:09, 6.30, 189, 88.06, 13.35, 359.81, 0.7140, 0.0825, 0.6904, -0.0820
19:15:09, 6.33, 190, 87.82, 13.17, 0.00, 0.7157, 0.0826, 0.6889, -0.0795
19:15:09, 6.33, 190, 87.62, 12.94, 0.15, 0.7171, 0.0822, 0.6878, -0.0771
19:15:09, 6.37, 191, 87.37, 12.78, 0.34, 0.7189, 0.0825, 0.6862, -0.0747
19:15:09, 6.37, 191, 87.15, 12.58, 0.52, 0.7204, 0.0825, 0.6848, -0.0723
19:15:09, 6.37, 191, 87.01, 12.39, 0.63, 0.7215, 0.0820, 0.6839, -0.0703
19:15:09, 6.40, 192, 86.84, 12.23, 0.72, 0.7226, 0.0816, 0.6830, -0.0687
19:15:09, 6.40, 192, 86.75, 12.14, 0.82, 0.7233, 0.0818, 0.6823, -0.0675
19:15:09, 6.43, 193, 86.61, 12.01, 0.96, 0.7243, 0.0818, 0.6815, -0.0657
19:15:09, 6.43, 193, 86.52, 11.93, 1.09, 0.7249, 0.0821, 0.6809, -0.0643
19:15:09, 6.43, 193, 86.44, 11.79, 1.27, 0.7256, 0.0824, 0.6803, -0.0623
19:15:09, 6.47, 194, 86.32, 11.65, 1.40, 0.7265, 0.0823, 0.6796, -0.0606
19:15:09, 6.47, 194, 86.20, 11.52, 1.53, 0.7273, 0.0823, 0.6788, -0.0589
19:15:09, 6.50, 195, 86.04, 11.35, 1.67, 0.7285, 0.0822, 0.6778, -0.0569
19:15:09, 6.50, 195, 85.85, 11.21, 1.80, 0.7297, 0.0822, 0.6766, -0.0550
19:15:09, 6.53, 196, 85.65, 11.05, 1.91, 0.7310, 0.0819, 0.6753, -0.0532
19:15:09, 6.53, 196, 85.45, 10.89, 2.02, 0.7323, 0.0816, 0.6741, -0.0515
19:15:09, 6.53, 196, 85.22, 10.75, 2.14, 0.7338, 0.0815, 0.6726, -0.0497
19:15:09, 6.57, 197, 84.95, 10.58, 2.25, 0.7355, 0.0812, 0.6709, -0.0478
19:15:09, 6.57, 197, 84.66, 10.48, 2.37, 0.7373, 0.0814, 0.6690, -0.0462
19:15:09, 6.60, 198, 84.34, 10.35, 2.48, 0.7393, 0.0813, 0.6670, -0.0445
19:15:09, 6.60, 198, 84.04, 10.28, 2.65, 0.7411, 0.0819, 0.6650, -0.0429
19:15:09, 6.60, 198, 83.67, 10.18, 2.73, 0.7433, 0.0819, 0.6626, -0.0415
19:15:09, 6.63, 199, 83.28, 10.09, 2.76, 0.7456, 0.0817, 0.6601, -0.0405
19:15:09, 6.63, 199, 82.99, 10.01, 2.83, 0.7474, 0.0816, 0.6582, -0.0394
19:15:09, 6.67, 200, 82.67, 9.95, 2.85, 0.7492, 0.0815, 0.6562, -0.0386
19:15:09, 6.67, 200, 82.37, 9.88, 2.86, 0.7510, 0.0811, 0.6542, -0.0379
19:15:09, 6.70, 201, 82.09, 9.77, 2.86, 0.7526, 0.0805, 0.6524, -0.0371
19:15:09, 6.70, 201, 81.72, 9.64, 2.82, 0.7547, 0.0796, 0.6502, -0.0364
19:15:09, 6.70, 201, 81.44, 9.47, 2.85, 0.7564, 0.0787, 0.6484, -0.0351
19:15:09, 6.73, 202, 81.07, 9.34, 2.81, 0.7586, 0.0777, 0.6460, -0.0343
19:15:09, 6.73, 202, 80.73, 9.19, 2.84, 0.7605, 0.0770, 0.6439, -0.0330
19:15:09, 6.77, 203, 80.25, 9.06, 2.79, 0.7633, 0.0760, 0.6408, -0.0323
19:15:09, 6.77, 203, 79.79, 8.90, 2.72, 0.7659, 0.0747, 0.6378, -0.0316
19:15:09, 6.77, 203, 79.25, 8.79, 2.66, 0.7689, 0.0738, 0.6344, -0.0310
19:15:09, 6.80, 204, 78.63, 8.61, 2.62, 0.7724, 0.0725, 0.6303, -0.0299
19:15:09, 6.80, 204, 77.95, 8.42, 2.58, 0.7762, 0.0712, 0.6258, -0.0287
19:15:09, 6.83, 205, 77.22, 8.24, 2.53, 0.7802, 0.0698, 0.6210, -0.0276
19:15:10, 6.83, 205, 76.39, 8.06, 2.44, 0.7847, 0.0684, 0.6155, -0.0268
19:15:10, 6.87, 206, 75.62, 7.88, 2.33, 0.7889, 0.0668, 0.6104, -0.0261
19:15:10, 6.87, 206, 74.75, 7.73, 2.19, 0.7935, 0.0652, 0.6045, -0.0258
19:15:10, 6.87, 206, 73.83, 7.53, 2.05, 0.7984, 0.0632, 0.5983, -0.0251
19:15:10, 6.90, 207, 72.96, 7.40, 1.95, 0.8029, 0.0619, 0.5923, -0.0247
19:15:10, 6.90, 207, 72.03, 7.24, 1.83, 0.8077, 0.0604, 0.5860, -0.0242
19:15:10, 6.93, 208, 71.25, 7.11, 1.78, 0.8117, 0.0594, 0.5805, -0.0235
19:15:10, 6.93, 208, 70.42, 6.96, 1.72, 0.8160, 0.0583, 0.5747, -0.0227
19:15:10, 6.93, 208, 69.63, 6.87, 1.62, 0.8199, 0.0572, 0.5692, -0.0226
19:15:10, 6.97, 209, 68.96, 6.79, 1.63, 0.8233, 0.0568, 0.5644, -0.0218
19:15:10, 6.97, 209, 68.25, 6.73, 1.62, 0.8268, 0.0565, 0.5593, -0.0213
19:15:10, 7.00, 210, 67.58, 6.74, 1.66, 0.8300, 0.0569, 0.5545, -0.0207
19:15:10, 7.00, 210, 66.99, 6.71, 1.71, 0.8329, 0.0570, 0.5502, -0.0198
19:15:10, 7.03, 211, 66.36, 6.63, 1.77, 0.8359, 0.0568, 0.5455, -0.0187
19:15:10, 7.03, 211, 65.83, 6.68, 1.82, 0.8384, 0.0575, 0.5416, -0.0183
19:15:10, 7.03, 211, 65.30, 6.66, 1.92, 0.8410, 0.0579, 0.5377, -0.0173
19:15:10, 7.07, 212, 64.77, 6.67, 1.99, 0.8434, 0.0584, 0.5338, -0.0165
19:15:10, 7.07, 212, 64.34, 6.65, 2.04, 0.8454, 0.0586, 0.5306, -0.0159
19:15:10, 7.10, 213, 63.96, 6.64, 2.09, 0.8472, 0.0588, 0.5277, -0.0152
19:15:10, 7.10, 213, 63.66, 6.68, 2.15, 0.8486, 0.0593, 0.5255, -0.0148
19:15:10, 7.10, 213, 63.48, 6.69, 2.21, 0.8494, 0.0597, 0.5241, -0.0143
19:15:10, 7.13, 214, 63.36, 6.65, 2.19, 0.8500, 0.0593, 0.5232, -0.0142
19:15:10, 7.13, 214, 63.40, 6.71, 2.22, 0.8498, 0.0599, 0.5235, -0.0143
19:15:10, 7.17, 215, 63.48, 6.71, 2.23, 0.8494, 0.0600, 0.5241, -0.0143
19:15:10, 7.17, 215, 63.60, 6.74, 2.23, 0.8489, 0.0602, 0.5250, -0.0145
19:15:10, 7.20, 216, 63.72, 6.73, 2.18, 0.8483, 0.0599, 0.5259, -0.0149
19:15:10, 7.20, 216, 63.74, 6.75, 2.15, 0.8482, 0.0599, 0.5261, -0.0151
19:15:10, 7.20, 216, 63.87, 6.77, 2.09, 0.8476, 0.0597, 0.5270, -0.0157
19:15:10, 7.23, 217, 63.93, 6.77, 2.03, 0.8473, 0.0595, 0.5275, -0.0163
19:15:10, 7.23, 217, 63.96, 6.77, 2.00, 0.8472, 0.0593, 0.5277, -0.0165
19:15:10, 7.27, 218, 63.94, 6.75, 1.92, 0.8473, 0.0588, 0.5276, -0.0169
19:15:10, 7.27, 218, 63.92, 6.71, 1.85, 0.8474, 0.0582, 0.5275, -0.0173
19:15:10, 7.30, 219, 63.86, 6.64, 1.68, 0.8476, 0.0569, 0.5272, -0.0182
19:15:10, 7.30, 219, 63.77, 6.62, 1.53, 0.8480, 0.0561, 0.5266, -0.0192
19:15:10, 7.30, 219, 63.67, 6.58, 1.37, 0.8485, 0.0550, 0.5260, -0.0202
19:15:10, 7.33, 220, 63.47, 6.57, 1.22, 0.8494, 0.0543, 0.5246, -0.0211
19:15:10, 7.33, 220, 63.28, 6.54, 1.10, 0.8502, 0.0536, 0.5232, -0.0218
19:15:10, 7.37, 221, 62.97, 6.52, 0.94, 0.8516, 0.0528, 0.5210, -0.0227
19:15:10, 7.37, 221, 62.63, 6.44, 0.79, 0.8532, 0.0515, 0.5185, -0.0233
19:15:10, 7.37, 221, 62.22, 6.35, 0.60, 0.8550, 0.0501, 0.5156, -0.0242
19:15:10, 7.40, 222, 61.78, 6.28, 0.42, 0.8570, 0.0489, 0.5124, -0.0250
19:15:10, 7.40, 222, 61.33, 6.21, 0.19, 0.8589, 0.0474, 0.5092, -0.0262
19:15:10, 7.43, 223, 60.91, 6.14, 0.04, 0.8608, 0.0464, 0.5061, -0.0268
19:15:10, 7.43, 223, 60.49, 6.10, 359.85, 0.8626, 0.0453, 0.5031, -0.0279
19:15:10, 7.43, 223, 60.05, 6.12, 359.73, 0.8645, 0.0450, 0.4998, -0.0288
19:15:10, 7.47, 224, 59.66, 6.05, 359.62, 0.8662, 0.0441, 0.4969, -0.0291
19:15:10, 7.47, 224, 59.23, 6.02, 359.52, 0.8681, 0.0436, 0.4936, -0.0296
19:15:10, 7.50, 225, 58.81, 5.97, 359.42, 0.8698, 0.0429, 0.4906, -0.0300
19:15:10, 7.50, 225, 58.43, 5.92, 359.35, 0.8715, 0.0423, 0.4877, -0.0302
19:15:10, 7.53, 226, 58.04, 5.86, 359.27, 0.8732, 0.0416, 0.4847, -0.0304
19:15:10, 7.53, 226, 57.57, 5.80, 359.18, 0.8751, 0.0409, 0.4812, -0.0306
19:15:10, 7.53, 226, 57.17, 5.77, 359.14, 0.8768, 0.0406, 0.4782, -0.0307
19:15:10, 7.57, 227, 56.76, 5.70, 359.09, 0.8785, 0.0400, 0.4751, -0.0306
19:15:10, 7.57, 227, 56.37, 5.65, 359.05, 0.8801, 0.0395, 0.4721, -0.0306
19:15:10, 7.60, 228, 55.96, 5.58, 359.03, 0.8818, 0.0390, 0.4690, -0.0303
19:15:10, 7.60, 228, 55.66, 5.54, 359.03, 0.8831, 0.0388, 0.4666, -0.0300
19:15:10, 7.60, 228, 55.40, 5.48, 359.00, 0.8842, 0.0383, 0.4647, -0.0299
19:15:10, 7.63, 229, 55.10, 5.46, 359.04, 0.8854, 0.0384, 0.4623, -0.0295
19:15:10, 7.63, 229, 54.88, 5.39, 359.01, 0.8863, 0.0377, 0.4606, -0.0293
19:15:10, 7.67, 230, 54.64, 5.33, 359.02, 0.8873, 0.0374, 0.4588, -0.0290
19:15:10, 7.67, 230, 54.39, 5.26, 358.98, 0.8883, 0.0368, 0.4569, -0.0289
19:15:10, 7.70, 231, 54.16, 5.17, 358.96, 0.8893, 0.0361, 0.4551, -0.0286
19:15:10, 7.70, 231, 53.93, 5.11, 358.96, 0.8902, 0.0356, 0.4533, -0.0283
19:15:10, 7.70, 231, 53.70, 5.01, 358.92, 0.8911, 0.0347, 0.4516, -0.0282
19:15:10, 7.73, 232, 53.45, 4.90, 358.88, 0.8921, 0.0338, 0.4496, -0.0280
19:15:10, 7.73, 232, 53.19, 4.81, 358.79, 0.8932, 0.0328, 0.4477, -0.0282
19:15:10, 7.77, 233, 52.90, 4.68, 358.71, 0.8943, 0.0316, 0.4454, -0.0283
19:15:10, 7.77, 233, 52.61, 4.55, 358.60, 0.8955, 0.0302, 0.4432, -0.0285
19:15:10, 7.77, 233, 52.29, 4.41, 358.43, 0.8967, 0.0285, 0.4407, -0.0292
19:15:10, 7.80, 234, 51.97, 4.24, 358.29, 0.8980, 0.0267, 0.4383, -0.0296
19:15:10, 7.80, 234, 51.66, 4.12, 358.13, 0.8991, 0.0253, 0.4359, -0.0303
19:15:10, 7.83, 235, 51.35, 4.02, 358.02, 0.9003, 0.0242, 0.4334, -0.0307
19:15:11, 7.83, 235, 51.08, 3.93, 357.89, 0.9013, 0.0230, 0.4314, -0.0314
19:15:11, 7.87, 236, 50.77, 3.79, 357.76, 0.9025, 0.0215, 0.4289, -0.0318
19:15:11, 7.87, 236, 50.52, 3.70, 357.63, 0.9034, 0.0204, 0.4270, -0.0325
19:15:11, 7.87, 236, 50.28, 3.64, 357.51, 0.9043, 0.0196, 0.4252, -0.0331
19:15:11, 7.90, 237, 50.06, 3.58, 357.45, 0.9051, 0.0189, 0.4234, -0.0334
19:15:11, 7.90, 237, 49.88, 3.55, 357.37, 0.9058, 0.0184, 0.4220, -0.0339
19:15:11, 7.93, 238, 49.71, 3.58, 357.34, 0.9064, 0.0186, 0.4207, -0.0342
19:15:11, 7.93, 238, 49.55, 3.59, 357.30, 0.9069, 0.0186, 0.4194, -0.0345
19:15:11, 7.93, 238, 49.42, 3.63, 357.27, 0.9074, 0.0188, 0.4184, -0.0348
19:15:11, 7.97, 239, 49.28, 3.69, 357.30, 0.9079, 0.0194, 0.4172, -0.0348
19:15:11, 7.97, 239, 49.14, 3.79, 357.31, 0.9084, 0.0203, 0.4162, -0.0351
19:15:11, 8.00, 240, 49.00, 3.87, 357.33, 0.9089, 0.0210, 0.4150, -0.0352
19:15:11, 8.00, 240, 48.86, 3.97, 357.34, 0.9094, 0.0220, 0.4139, -0.0354
19:15:11, 8.03, 241, 48.69, 4.08, 357.38, 0.9099, 0.0230, 0.4126, -0.0355
19:15:11, 8.03, 241, 48.56, 4.20, 357.44, 0.9104, 0.0242, 0.4115, -0.0355
19:15:11, 8.03, 241, 48.41, 4.32, 357.49, 0.9109, 0.0254, 0.4104, -0.0354
19:15:11, 8.07, 242, 48.22, 4.45, 357.54, 0.9115, 0.0267, 0.4089, -0.0354
19:15:11, 8.07, 242, 48.04, 4.57, 357.60, 0.9122, 0.0279, 0.4074, -0.0354
19:15:11, 8.10, 243, 47.84, 4.66, 357.68, 0.9129, 0.0290, 0.4058, -0.0350
19:15:11, 8.10, 243, 47.63, 4.73, 357.75, 0.9136, 0.0298, 0.4041, -0.0346
19:15:11, 8.10, 243, 47.34, 4.79, 357.79, 0.9146, 0.0305, 0.4018, -0.0344
19:15:11, 8.13, 244, 47.04, 4.79, 357.85, 0.9156, 0.0308, 0.3994, -0.0339
19:15:11, 8.13, 244, 46.74, 4.78, 357.85, 0.9167, 0.0308, 0.3970, -0.0338
19:15:11, 8.17, 245, 46.37, 4.83, 357.86, 0.9180, 0.0313, 0.3940, -0.0338
19:15:11, 8.17, 245, 45.95, 4.89, 357.91, 0.9194, 0.0322, 0.3906, -0.0334
19:15:11, 8.20, 246, 45.44, 4.86, 358.01, 0.9212, 0.0324, 0.3865, -0.0324
19:15:11, 8.20, 246, 44.84, 4.75, 358.13, 0.9232, 0.0321, 0.3816, -0.0309
19:15:11, 8.20, 246, 44.22, 4.64, 358.14, 0.9253, 0.0314, 0.3767, -0.0302
19:15:11, 8.23, 247, 43.61, 4.43, 358.15, 0.9274, 0.0298, 0.3717, -0.0294
19:15:11, 8.23, 247, 43.01, 4.11, 358.14, 0.9295, 0.0274, 0.3668, -0.0283
19:15:11, 8.27, 248, 42.39, 3.95, 358.12, 0.9315, 0.0262, 0.3618, -0.0277
19:15:11, 8.27, 248, 41.78, 3.76, 358.04, 0.9334, 0.0245, 0.3568, -0.0276
19:15:11, 8.27, 248, 41.24, 3.54, 357.96, 0.9352, 0.0226, 0.3524, -0.0276
19:15:11, 8.30, 249, 40.76, 3.36, 357.90, 0.9367, 0.0211, 0.3485, -0.0274
19:15:11, 8.30, 249, 40.32, 3.31, 357.82, 0.9380, 0.0206, 0.3449, -0.0278
19:15:11, 8.33, 250, 39.87, 3.31, 357.76, 0.9393, 0.0205, 0.3412, -0.0283
19:15:11, 8.33, 250, 39.44, 3.31, 357.74, 0.9406, 0.0205, 0.3377, -0.0283
19:15:11, 8.37, 251, 39.01, 3.35, 357.70, 0.9418, 0.0209, 0.3342, -0.0286
19:15:11, 8.37, 251, 38.60, 3.50, 357.74, 0.9430, 0.0223, 0.3309, -0.0287
19:15:11, 8.37, 251, 38.22, 3.70, 357.82, 0.9440, 0.0243, 0.3277, -0.0285
19:15:11, 8.40, 252, 37.85, 3.87, 357.94, 0.9451, 0.0261, 0.3247, -0.0279
19:15:11, 8.40, 252, 37.53, 4.06, 358.09, 0.9459, 0.0282, 0.3220, -0.0272
19:15:11, 8.43, 253, 37.22, 4.31, 358.21, 0.9467, 0.0307, 0.3194, -0.0268
19:15:11, 8.43, 253, 36.82, 4.55, 358.45, 0.9478, 0.0334, 0.3161, -0.0254
19:15:11, 8.43, 253, 36.50, 4.80, 358.62, 0.9486, 0.0360, 0.3133, -0.0246
19:15:11, 8.47, 254, 36.11, 5.00, 358.81, 0.9497, 0.0383, 0.3100, -0.0234
19:15:11, 8.47, 254, 35.70, 5.17, 359.02, 0.9507, 0.0403, 0.3066, -0.0220
19:15:11, 8.50, 255, 35.25, 5.27, 359.19, 0.9519, 0.0417, 0.3027, -0.0207
19:15:11, 8.50, 255, 34.78, 5.40, 359.32, 0.9531, 0.0432, 0.2988, -0.0197
19:15:11, 8.53, 256, 34.30, 5.43, 359.40, 0.9544, 0.0438, 0.2948, -0.0190
19:15:11, 8.53, 256, 33.78, 5.50, 359.57, 0.9557, 0.0448, 0.2903, -0.0175
19:15:11, 8.53, 256, 33.26, 5.55, 359.65, 0.9570, 0.0455, 0.2860, -0.0168
19:15:11, 8.57, 257, 32.72, 5.53, 359.76, 0.9584, 0.0457, 0.2814, -0.0156
19:15:11, 8.57, 257, 32.14, 5.51, 359.83, 0.9598, 0.0458, 0.2765, -0.0148
19:15:11, 8.60, 258, 31.62, 5.43, 359.88, 0.9611, 0.0453, 0.2722, -0.0139
19:15:11, 8.60, 258, 31.08, 5.37, 359.89, 0.9624, 0.0449, 0.2676, -0.0134
19:15:11, 8.60, 258, 30.55, 5.21, 0.00, 0.9637, 0.0438, 0.2632, -0.0120
19:15:11, 8.63, 259, 30.08, 5.08, 0.07, 0.9648, 0.0429, 0.2592, -0.0109
19:15:11, 8.63, 259, 29.61, 4.96, 0.12, 0.9659, 0.0422, 0.2552, -0.0100
19:15:11, 8.67, 260, 29.15, 4.88, 0.17, 0.9670, 0.0416, 0.2514, -0.0093
19:15:11, 8.67, 260, 28.66, 4.73, 0.31, 0.9681, 0.0407, 0.2472, -0.0076
19:15:11, 8.70, 261, 28.22, 4.63, 0.39, 0.9691, 0.0400, 0.2434, -0.0065
19:15:11, 8.70, 261, 27.74, 4.58, 0.46, 0.9701, 0.0398, 0.2394, -0.0056
19:15:11, 8.70, 261, 27.29, 4.49, 0.53, 0.9711, 0.0392, 0.2355, -0.0047
19:15:11, 8.73, 262, 26.88, 4.51, 0.62, 0.9719, 0.0395, 0.2320, -0.0039
19:15:11, 8.73, 262, 26.43, 4.41, 0.70, 0.9728, 0.0388, 0.2282, -0.0028
19:15:11, 8.77, 263, 25.95, 4.32, 0.77, 0.9738, 0.0383, 0.2241, -0.0019
19:15:11, 8.77, 263, 25.46, 4.25, 0.83, 0.9748, 0.0378, 0.2199, -0.0011
19:15:11, 8.77, 263, 24.91, 4.22, 0.98, 0.9758, 0.0378, 0.2152, 0.0004
19:15:11, 8.80, 264, 24.40, 4.09, 0.98, 0.9768, 0.0367, 0.2109, 0.0008
19:15:11, 8.80, 264, 23.83, 4.02, 1.01, 0.9779, 0.0361, 0.2060, 0.0013
19:15:11, 8.83, 265, 23.22, 3.92, 1.01, 0.9790, 0.0353, 0.2008, 0.0018
19:15:12, 8.83, 265, 22.65, 3.73, 1.01, 0.9800, 0.0337, 0.1960, 0.0022
19:15:12, 8.87, 266, 22.02, 3.71, 1.03, 0.9811, 0.0335, 0.1906, 0.0026
19:15:12, 8.87, 266, 21.43, 3.55, 1.07, 0.9821, 0.0322, 0.1855, 0.0034
19:15:12, 8.87, 266, 20.85, 3.49, 1.04, 0.9831, 0.0316, 0.1806, 0.0034
19:15:12, 8.90, 267, 20.22, 3.35, 1.07, 0.9841, 0.0304, 0.1752, 0.0040
19:15:12, 8.90, 267, 19.68, 3.27, 1.13, 0.9849, 0.0298, 0.1705, 0.0049
19:15:12, 8.93, 268, 19.09, 3.19, 1.13, 0.9858, 0.0291, 0.1655, 0.0051
19:15:12, 8.93, 268, 18.53, 3.18, 1.20, 0.9866, 0.0290, 0.1606, 0.0058
19:15:12, 8.93, 268, 18.02, 3.16, 1.21, 0.9873, 0.0289, 0.1562, 0.0061
19:15:12, 8.97, 269, 17.51, 3.18, 1.24, 0.9880, 0.0291, 0.1518, 0.0065
19:15:12, 8.97, 269, 16.98, 3.20, 1.33, 0.9886, 0.0293, 0.1472, 0.0073
19:15:12, 9.00, 270, 16.44, 3.23, 1.41, 0.9893, 0.0296, 0.1425, 0.0081
19:15:12, 9.00, 270, 15.92, 3.25, 1.41, 0.9899, 0.0298, 0.1381, 0.0082
19:15:12, 9.03, 271, 15.43, 3.37, 1.45, 0.9905, 0.0308, 0.1338, 0.0085
19:15:12, 9.03, 271, 14.93, 3.43, 1.43, 0.9911, 0.0313, 0.1295, 0.0084
19:15:12, 9.03, 271, 14.52, 3.55, 1.48, 0.9915, 0.0324, 0.1259, 0.0089
19:15:12, 9.07, 272, 14.01, 3.71, 1.46, 0.9920, 0.0337, 0.1215, 0.0087
19:15:12, 9.07, 272, 13.51, 3.74, 1.50, 0.9925, 0.0339, 0.1171, 0.0091
19:15:12, 9.10, 273, 13.07, 3.82, 1.49, 0.9929, 0.0346, 0.1133, 0.0091
19:15:12, 9.10, 273, 12.58, 3.89, 1.51, 0.9934, 0.0352, 0.1091, 0.0094
19:15:12, 9.10, 273, 12.12, 3.97, 1.49, 0.9938, 0.0358, 0.1050, 0.0093
19:15:12, 9.13, 274, 11.65, 4.06, 1.50, 0.9942, 0.0365, 0.1010, 0.0094
19:15:12, 9.13, 274, 11.20, 4.11, 1.53, 0.9945, 0.0370, 0.0971, 0.0098
19:15:12, 9.17, 275, 10.70, 4.10, 1.46, 0.9950, 0.0368, 0.0927, 0.0094
19:15:12, 9.17, 275, 10.28, 4.12, 1.47, 0.9953, 0.0369, 0.0891, 0.0096
19:15:12, 9.20, 276, 9.81, 4.15, 1.43, 0.9956, 0.0371, 0.0850, 0.0093
19:15:12, 9.20, 276, 9.41, 4.25, 1.41, 0.9959, 0.0380, 0.0815, 0.0092
19:15:12, 9.20, 276, 8.98, 4.39, 1.29, 0.9962, 0.0391, 0.0778, 0.0082
19:15:12, 9.23, 277, 8.58, 4.62, 1.20, 0.9964, 0.0409, 0.0744, 0.0074
19:15:12, 9.23, 277, 8.21, 4.71, 1.17, 0.9966, 0.0417, 0.0711, 0.0072
19:15:12, 9.27, 278, 7.78, 4.77, 1.12, 0.9968, 0.0421, 0.0674, 0.0069
19:15:12, 9.27, 278, 7.40, 4.74, 1.05, 0.9970, 0.0418, 0.0641, 0.0065
19:15:12, 9.27, 278, 7.12, 4.68, 0.96, 0.9972, 0.0413, 0.0617, 0.0058
19:15:12, 9.30, 279, 6.80, 4.58, 0.82, 0.9974, 0.0403, 0.0589, 0.0048
19:15:12, 9.30, 279, 6.51, 4.46, 0.65, 0.9976, 0.0392, 0.0565, 0.0034
19:15:12, 9.33, 280, 6.27, 4.33, 0.49, 0.9978, 0.0380, 0.0545, 0.0022
19:15:12, 9.33, 280, 6.10, 4.20, 0.36, 0.9979, 0.0368, 0.0531, 0.0012
19:15:12, 9.37, 281, 5.93, 4.10, 0.24, 0.9980, 0.0359, 0.0516, 0.0002
19:15:12, 9.37, 281, 5.73, 4.04, 0.16, 0.9981, 0.0353, 0.0499, -0.0004
19:15:12, 9.37, 281, 5.57, 4.03, 0.02, 0.9982, 0.0351, 0.0485, -0.0015
19:15:12, 9.40, 282, 5.43, 4.01, 359.90, 0.9983, 0.0349, 0.0474, -0.0025
19:15:12, 9.40, 282, 5.27, 4.01, 359.77, 0.9983, 0.0349, 0.0460, -0.0036
19:15:12, 9.43, 283, 5.13, 4.01, 359.65, 0.9984, 0.0348, 0.0449, -0.0046
19:15:12, 9.43, 283, 4.95, 4.00, 359.54, 0.9984, 0.0347, 0.0433, -0.0056
19:15:12, 9.43, 283, 4.73, 3.94, 359.44, 0.9985, 0.0341, 0.0414, -0.0063
19:15:12, 9.47, 284, 4.50, 3.89, 359.33, 0.9986, 0.0336, 0.0394, -0.0071
19:15:12, 9.47, 284, 4.20, 3.83, 359.26, 0.9987, 0.0332, 0.0368, -0.0077
19:15:12, 9.50, 285, 3.87, 3.78, 359.17, 0.9989, 0.0327, 0.0340, -0.0083
19:15:12, 9.50, 285, 3.48, 3.76, 359.13, 0.9990, 0.0326, 0.0306, -0.0086
19:15:12, 9.53, 286, 3.05, 3.69, 359.08, 0.9991, 0.0319, 0.0269, -0.0089
19:15:12, 9.53, 286, 2.62, 3.59, 359.03, 0.9992, 0.0311, 0.0231, -0.0092
19:15:12, 9.53, 286, 2.16, 3.59, 359.00, 0.9993, 0.0312, 0.0191, -0.0093
19:15:12, 9.57, 287, 1.70, 3.56, 358.93, 0.9994, 0.0309, 0.0151, -0.0098
19:15:12, 9.57, 287, 1.24, 3.50, 358.91, 0.9994, 0.0305, 0.0111, -0.0098
19:15:12, 9.60, 288, 0.79, 3.46, 358.91, 0.9995, 0.0302, 0.0072, -0.0097
19:15:12, 9.60, 288, 0.32, 3.34, 358.95, 0.9995, 0.0291, 0.0031, -0.0092
19:15:12, 9.60, 288, 359.83, 3.28, 359.00, 0.9996, 0.0287, -0.0013, -0.0087
19:15:12, 9.63, 289, 359.35, 3.19, 359.06, 0.9996, 0.0279, -0.0054, -0.0081
19:15:12, 9.63, 289, 358.89, 3.06, 359.08, 0.9996, 0.0268, -0.0094, -0.0077
19:15:12, 9.67, 290, 358.44, 3.00, 359.20, 0.9995, 0.0263, -0.0134, -0.0067
19:15:12, 9.67, 290, 358.00, 2.91, 359.28, 0.9995, 0.0255, -0.0173, -0.0058
19:15:12, 9.70, 291, 357.45, 2.80, 359.35, 0.9994, 0.0246, -0.0221, -0.0051
19:15:12, 9.70, 291, 356.94, 2.75, 359.51, 0.9993, 0.0241, -0.0266, -0.0036
19:15:12, 9.70, 291, 356.44, 2.68, 359.61, 0.9992, 0.0234, -0.0310, -0.0027
19:15:12, 9.73, 292, 355.80, 2.65, 359.75, 0.9991, 0.0232, -0.0366, -0.0014
19:15:12, 9.73, 292, 355.23, 2.60, 359.92, 0.9989, 0.0227, -0.0416, 0.0003
19:15:12, 9.77, 293, 354.64, 2.52, 0.08, 0.9987, 0.0219, -0.0468, 0.0018
19:15:12, 9.77, 293, 353.97, 2.57, 0.26, 0.9984, 0.0223, -0.0527, 0.0034
19:15:12, 9.77, 293, 353.28, 2.61, 0.42, 0.9980, 0.0225, -0.0587, 0.0050
19:15:12, 9.80, 294, 352.59, 2.68, 0.67, 0.9976, 0.0229, -0.0647, 0.0073
19:15:12, 9.80, 294, 351.84, 2.70, 0.88, 0.9971, 0.0230, -0.0714, 0.0094
19:15:12, 9.83, 295, 351.04, 2.79, 1.12, 0.9966, 0.0235, -0.0783, 0.0116
19:15:13, 9.83, 295, 350.31, 2.80, 1.39, 0.9960, 0.0233, -0.0848, 0.0141
19:15:13, 9.87, 296, 349.51, 2.78, 1.61, 0.9954, 0.0229, -0.0917, 0.0162
19:15:13, 9.87, 296, 348.74, 2.77, 1.84, 0.9947, 0.0225, -0.0985, 0.0183
19:15:13, 9.87, 296, 348.03, 2.73, 1.94, 0.9941, 0.0219, -0.1046, 0.0193
19:15:13, 9.90, 297, 347.25, 2.65, 2.09, 0.9933, 0.0209, -0.1114, 0.0207
19:15:13, 9.90, 297, 346.48, 2.65, 2.22, 0.9925, 0.0207, -0.1181, 0.0219
19:15:13, 9.93, 298, 345.80, 2.68, 2.32, 0.9918, 0.0207, -0.1240, 0.0230
19:15:13, 9.93, 298, 345.01, 2.74, 2.51, 0.9909, 0.0208, -0.1309, 0.0249
19:15:13, 9.93, 298, 344.20, 2.71, 2.64, 0.9899, 0.0203, -0.1379, 0.0261
19:15:13, 9.97, 299, 343.42, 2.62, 2.78, 0.9889, 0.0191, -0.1447, 0.0273
19:15:13, 9.97, 299, 342.62, 2.52, 2.94, 0.9879, 0.0178, -0.1516, 0.0287
