Timestamp, VideoTime, VideoFrame, HeadYaw, HeadPitch, HeadRoll, HeadQuatW, HeadQuatX, HeadQuatY, HeadQuatZ
15:29:16, 0.00, 0, 9.36, 350.71, 352.37, 0.9916, -0.0860, 0.0758, -0.0595
15:29:16, 0.00, 0, 9.34, 350.71, 352.39, 0.9917, -0.0859, 0.0756, -0.0594
15:29:16, 0.03, 1, 9.31, 350.71, 352.42, 0.9917, -0.0859, 0.0754, -0.0591
15:29:16, 0.03, 1, 9.29, 350.72, 352.41, 0.9917, -0.0858, 0.0752, -0.0592
15:29:16, 0.03, 1, 9.26, 350.72, 352.45, 0.9917, -0.0857, 0.0749, -0.0589
15:29:16, 0.07, 2, 9.25, 350.71, 352.45, 0.9917, -0.0858, 0.0749, -0.0589
15:29:16, 0.07, 2, 9.25, 350.71, 352.43, 0.9917, -0.0858, 0.0749, -0.0590
15:29:16, 0.10, 3, 9.22, 350.71, 352.44, 0.9918, -0.0858, 0.0747, -0.0590
15:29:16, 0.10, 3, 9.22, 350.71, 352.42, 0.9917, -0.0858, 0.0746, -0.0592
15:29:16, 0.10, 3, 9.24, 350.71, 352.40, 0.9917, -0.0858, 0.0747, -0.0594
15:29:16, 0.13, 4, 9.25, 350.71, 352.40, 0.9917, -0.0859, 0.0748, -0.0594
15:29:16, 0.13, 4, 9.26, 350.70, 352.39, 0.9917, -0.0860, 0.0749, -0.0594
15:29:16, 0.17, 5, 9.28, 350.70, 352.39, 0.9917, -0.0860, 0.0751, -0.0594
15:29:16, 0.17, 5, 9.28, 350.70, 352.37, 0.9917, -0.0859, 0.0751, -0.0596
15:29:16, 0.17, 5, 9.30, 350.71, 352.35, 0.9917, -0.0859, 0.0752, -0.0597
15:29:16, 0.20, 6, 9.32, 350.72, 352.33, 0.9916, -0.0859, 0.0754, -0.0599
15:29:16, 0.20, 6, 9.32, 350.73, 352.33, 0.9916, -0.0858, 0.0754, -0.0599
15:29:16, 0.23, 7, 9.34, 350.72, 352.33, 0.9916, -0.0858, 0.0756, -0.0599
15:29:16, 0.23, 7, 9.32, 350.73, 352.35, 0.9917, -0.0858, 0.0754, -0.0597
15:29:16, 0.23, 7, 9.32, 350.72, 352.36, 0.9917, -0.0858, 0.0755, -0.0596
15:29:16, 0.27, 8, 9.31, 350.73, 352.36, 0.9917, -0.0857, 0.0754, -0.0597
15:29:16, 0.27, 8, 9.30, 350.74, 352.37, 0.9917, -0.0856, 0.0753, -0.0595
15:29:16, 0.30, 9, 9.28, 350.74, 352.38, 0.9917, -0.0856, 0.0751, -0.0595
15:29:16, 0.30, 9, 9.26, 350.74, 352.39, 0.9917, -0.0856, 0.0750, -0.0594
15:29:16, 0.33, 10, 9.24, 350.74, 352.40, 0.9917, -0.0856, 0.0748, -0.0594
15:29:16, 0.33, 10, 9.23, 350.75, 352.41, 0.9918, -0.0855, 0.0747, -0.0593
15:29:16, 0.33, 10, 9.20, 350.75, 352.44, 0.9918, -0.0855, 0.0745, -0.0591
15:29:16, 0.37, 11, 9.17, 350.74, 352.44, 0.9918, -0.0856, 0.0742, -0.0591
15:29:16, 0.37, 11, 9.13, 350.75, 352.49, 0.9919, -0.0854, 0.0739, -0.0587
15:29:16, 0.40, 12, 9.11, 350.76, 352.50, 0.9919, -0.0853, 0.0738, -0.0586
15:29:16, 0.40, 12, 9.08, 350.72, 352.51, 0.9919, -0.0856, 0.0734, -0.0585
15:29:16, 0.40, 12, 9.07, 350.73, 352.50, 0.9919, -0.0856, 0.0734, -0.0586
15:29:16, 0.43, 13, 9.05, 350.73, 352.51, 0.9919, -0.0855, 0.0732, -0.0585
15:29:16, 0.43, 13, 9.05, 350.74, 352.51, 0.9919, -0.0855, 0.0732, -0.0586
15:29:16, 0.47, 14, 9.04, 350.74, 352.50, 0.9919, -0.0855, 0.0731, -0.0586
15:29:16, 0.47, 14, 9.03, 350.75, 352.50, 0.9919, -0.0854, 0.0730, -0.0586
15:29:16, 0.50, 15, 9.02, 350.77, 352.52, 0.9920, -0.0852, 0.0730, -0.0585
15:29:16, 0.50, 15, 9.02, 350.77, 352.53, 0.9920, -0.0852, 0.0730, -0.0584
15:29:16, 0.50, 15, 9.01, 350.78, 352.54, 0.9920, -0.0850, 0.0730, -0.0583
15:29:16, 0.53, 16, 9.03, 350.78, 352.54, 0.9920, -0.0850, 0.0731, -0.0583
15:29:16, 0.53, 16, 9.03, 350.77, 352.54, 0.9920, -0.0851, 0.0731, -0.0583
15:29:17, 0.57, 17, 9.04, 350.77, 352.53, 0.9920, -0.0851, 0.0732, -0.0584
15:29:17, 0.57, 17, 9.08, 350.78, 352.50, 0.9919, -0.0851, 0.0735, -0.0586
15:29:17, 0.57, 17, 9.11, 350.78, 352.50, 0.9919, -0.0851, 0.0738, -0.0586
15:29:17, 0.60, 18, 9.16, 350.81, 352.46, 0.9919, -0.0849, 0.0742, -0.0589
15:29:17, 0.60, 18, 9.22, 350.84, 352.45, 0.9919, -0.0847, 0.0747, -0.0590
15:29:17, 0.63, 19, 9.30, 350.89, 352.41, 0.9918, -0.0843, 0.0754, -0.0594
15:29:17, 0.63, 19, 9.39, 350.97, 352.37, 0.9918, -0.0837, 0.0762, -0.0597
15:29:17, 0.67, 20, 9.57, 351.01, 352.32, 0.9917, -0.0835, 0.0777, -0.0600
15:29:17, 0.67, 20, 9.87, 351.10, 352.28, 0.9915, -0.0829, 0.0804, -0.0602
15:29:17, 0.67, 20, 10.34, 351.21, 352.36, 0.9913, -0.0821, 0.0846, -0.0593
15:29:17, 0.70, 21, 10.94, 351.40, 352.48, 0.9910, -0.0807, 0.0900, -0.0579
15:29:17, 0.70, 21, 11.58, 351.65, 352.51, 0.9906, -0.0789, 0.0956, -0.0575
15:29:17, 0.73, 22, 12.30, 351.87, 352.52, 0.9901, -0.0773, 0.1021, -0.0571
15:29:17, 0.73, 22, 13.18, 352.16, 352.50, 0.9895, -0.0752, 0.1098, -0.0570
15:29:17, 0.77, 23, 14.23, 352.44, 352.46, 0.9885, -0.0734, 0.1191, -0.0570
15:29:17, 0.77, 23, 15.50, 352.76, 352.43, 0.9873, -0.0713, 0.1301, -0.0568
15:29:17, 0.77, 23, 16.95, 353.09, 352.40, 0.9857, -0.0693, 0.1428, -0.0566
15:29:17, 0.80, 24, 18.47, 353.37, 352.31, 0.9838, -0.0677, 0.1561, -0.0568
15:29:17, 0.80, 24, 19.99, 353.63, 352.27, 0.9817, -0.0663, 0.1692, -0.0567
15:29:17, 0.83, 25, 21.73, 353.86, 352.29, 0.9791, -0.0652, 0.1843, -0.0559
15:29:17, 0.83, 25, 23.63, 354.05, 352.33, 0.9760, -0.0643, 0.2006, -0.0548
15:29:17, 0.83, 25, 25.61, 354.27, 352.41, 0.9725, -0.0633, 0.2176, -0.0534
15:29:17, 0.87, 26, 27.67, 354.46, 352.45, 0.9685, -0.0626, 0.2352, -0.0523
15:29:17, 0.87, 26, 29.67, 354.76, 352.44, 0.9643, -0.0610, 0.2523, -0.0519
15:29:17, 0.90, 27, 31.73, 354.92, 352.41, 0.9597, -0.0606, 0.2697, -0.0515
15:29:17, 0.90, 27, 33.92, 354.98, 352.38, 0.9543, -0.0612, 0.2880, -0.0508
15:29:17, 0.93, 28, 36.11, 355.05, 352.33, 0.9486, -0.0617, 0.3062, -0.0502
15:29:17, 0.93, 28, 38.29, 355.13, 352.29, 0.9426, -0.0621, 0.3242, -0.0496
15:29:17, 0.93, 28, 40.41, 355.21, 352.19, 0.9365, -0.0626, 0.3416, -0.0494
15:29:17, 0.97, 29, 42.49, 355.27, 352.12, 0.9301, -0.0632, 0.3586, -0.0491
15:29:17, 0.97, 29, 44.51, 355.42, 352.10, 0.9236, -0.0630, 0.3750, -0.0486
15:29:17, 1.00, 30, 46.43, 355.50, 352.14, 0.9172, -0.0630, 0.3905, -0.0475
15:29:17, 1.00, 30, 48.34, 355.67, 352.18, 0.9106, -0.0623, 0.4059, -0.0468
15:29:17, 1.00, 30, 50.32, 355.72, 352.18, 0.9035, -0.0627, 0.4216, -0.0458
15:29:17, 1.03, 31, 52.27, 355.80, 352.17, 0.8962, -0.0629, 0.4369, -0.0452
15:29:17, 1.03, 31, 54.17, 355.93, 352.15, 0.8888, -0.0626, 0.4518, -0.0448
15:29:17, 1.07, 32, 56.06, 356.07, 352.19, 0.8812, -0.0622, 0.4665, -0.0440
15:29:17, 1.07, 32, 57.96, 356.12, 352.32, 0.8734, -0.0620, 0.4811, -0.0422
15:29:17, 1.10, 33, 59.76, 356.23, 352.45, 0.8658, -0.0612, 0.4950, -0.0407
15:29:17, 1.10, 33, 61.47, 356.30, 352.44, 0.8583, -0.0614, 0.5078, -0.0401
15:29:17, 1.10, 33, 63.17, 356.48, 352.47, 0.8507, -0.0605, 0.5207, -0.0399
15:29:17, 1.13, 34, 64.84, 356.59, 352.49, 0.8430, -0.0602, 0.5331, -0.0393
15:29:17, 1.13, 34, 66.34, 356.68, 352.67, 0.8360, -0.0592, 0.5442, -0.0377
15:29:17, 1.17, 35, 67.75, 356.77, 352.75, 0.8292, -0.0586, 0.5546, -0.0368
15:29:17, 1.17, 35, 68.96, 356.87, 352.91, 0.8234, -0.0575, 0.5634, -0.0355
15:29:17, 1.17, 35, 70.02, 356.97, 353.03, 0.8182, -0.0565, 0.5712, -0.0346
15:29:17, 1.20, 36, 70.95, 357.08, 353.10, 0.8135, -0.0556, 0.5779, -0.0343
15:29:17, 1.20, 36, 71.71, 357.11, 353.12, 0.8097, -0.0555, 0.5832, -0.0338
15:29:17, 1.23, 37, 72.39, 357.13, 353.13, 0.8062, -0.0556, 0.5881, -0.0336
15:29:17, 1.23, 37, 72.85, 357.21, 353.05, 0.8038, -0.0555, 0.5913, -0.0343
15:29:17, 1.27, 38, 73.15, 357.19, 352.94, 0.8022, -0.0563, 0.5933, -0.0348
15:29:17, 1.27, 38, 73.49, 357.23, 352.93, 0.8004, -0.0562, 0.5957, -0.0350
15:29:17, 1.27, 38, 73.70, 357.26, 352.91, 0.7993, -0.0562, 0.5972, -0.0352
15:29:17, 1.30, 39, 73.93, 357.24, 352.88, 0.7981, -0.0566, 0.5988, -0.0351
15:29:17, 1.30, 39, 74.05, 357.34, 352.86, 0.7975, -0.0560, 0.5997, -0.0358
15:29:17, 1.33, 40, 74.14, 357.37, 352.79, 0.7970, -0.0562, 0.6003, -0.0364
15:29:17, 1.33, 40, 74.17, 357.43, 352.74, 0.7968, -0.0560, 0.6005, -0.0370
15:29:17, 1.33, 40, 74.19, 357.49, 352.63, 0.7966, -0.0561, 0.6006, -0.0381
15:29:17, 1.37, 41, 74.15, 357.52, 352.45, 0.7968, -0.0569, 0.6003, -0.0395
15:29:17, 1.37, 41, 74.08, 357.50, 352.28, 0.7971, -0.0579, 0.5997, -0.0407
15:29:17, 1.40, 42, 74.01, 357.51, 352.10, 0.7974, -0.0587, 0.5991, -0.0420
15:29:17, 1.40, 42, 73.92, 357.49, 351.96, 0.7978, -0.0596, 0.5984, -0.0428
15:29:17, 1.43, 43, 73.84, 357.46, 351.92, 0.7982, -0.0600, 0.5978, -0.0430
15:29:17, 1.43, 43, 73.78, 357.45, 351.89, 0.7985, -0.0602, 0.5974, -0.0432
15:29:17, 1.43, 43, 73.72, 357.44, 351.81, 0.7988, -0.0606, 0.5969, -0.0437
15:29:17, 1.47, 44, 73.70, 357.41, 351.75, 0.7989, -0.0611, 0.5967, -0.0440
15:29:17, 1.47, 44, 73.74, 357.37, 351.68, 0.7987, -0.0618, 0.5969, -0.0443
15:29:17, 1.50, 45, 73.73, 357.31, 351.66, 0.7987, -0.0624, 0.5968, -0.0441
15:29:17, 1.50, 45, 73.76, 357.24, 351.62, 0.7986, -0.0630, 0.5969, -0.0440
15:29:17, 1.50, 45, 73.71, 357.20, 351.61, 0.7988, -0.0634, 0.5966, -0.0439
15:29:17, 1.53, 46, 73.66, 357.14, 351.60, 0.7991, -0.0638, 0.5962, -0.0437
15:29:17, 1.53, 46, 73.64, 357.06, 351.62, 0.7993, -0.0643, 0.5960, -0.0431
15:29:18, 1.57, 47, 73.62, 357.00, 351.62, 0.7993, -0.0647, 0.5958, -0.0428
15:29:18, 1.57, 47, 73.61, 356.92, 351.62, 0.7994, -0.0652, 0.5957, -0.0424
15:29:18, 1.60, 48, 73.58, 356.85, 351.62, 0.7996, -0.0657, 0.5955, -0.0421
15:29:18, 1.60, 48, 73.58, 356.81, 351.64, 0.7996, -0.0659, 0.5954, -0.0417
15:29:18, 1.60, 48, 73.55, 356.79, 351.64, 0.7998, -0.0660, 0.5952, -0.0417
15:29:18, 1.63, 49, 73.52, 356.75, 351.65, 0.8000, -0.0662, 0.5950, -0.0414
15:29:18, 1.63, 49, 73.45, 356.76, 351.61, 0.8003, -0.0663, 0.5945, -0.0417
15:29:18, 1.67, 50, 73.43, 356.76, 351.60, 0.8004, -0.0664, 0.5943, -0.0418
15:29:18, 1.67, 50, 73.41, 356.72, 351.56, 0.8005, -0.0668, 0.5942, -0.0419
15:29:18, 1.67, 50, 73.36, 356.73, 351.57, 0.8008, -0.0667, 0.5938, -0.0420
15:29:18, 1.70, 51, 73.28, 356.74, 351.61, 0.8012, -0.0664, 0.5933, -0.0417
15:29:18, 1.70, 51, 73.23, 356.72, 351.63, 0.8015, -0.0664, 0.5929, -0.0415
15:29:18, 1.73, 52, 73.17, 356.72, 351.68, 0.8017, -0.0661, 0.5926, -0.0412
15:29:18, 1.73, 52, 73.12, 356.70, 351.71, 0.8020, -0.0661, 0.5922, -0.0409
15:29:18, 1.77, 53, 73.07, 356.72, 351.74, 0.8023, -0.0658, 0.5919, -0.0408
15:29:18, 1.77, 53, 73.02, 356.73, 351.76, 0.8026, -0.0656, 0.5916, -0.0408
15:29:18, 1.77, 53, 72.99, 356.73, 351.73, 0.8027, -0.0657, 0.5913, -0.0410
15:29:18, 1.80, 54, 72.99, 356.70, 351.71, 0.8027, -0.0661, 0.5913, -0.0409
15:29:18, 1.80, 54, 72.96, 356.70, 351.75, 0.8029, -0.0658, 0.5911, -0.0408
15:29:18, 1.83, 55, 72.93, 356.71, 351.78, 0.8031, -0.0656, 0.5909, -0.0406
15:29:18, 1.83, 55, 72.92, 356.71, 351.79, 0.8031, -0.0656, 0.5908, -0.0405
15:29:18, 1.83, 55, 72.89, 356.72, 351.82, 0.8033, -0.0653, 0.5907, -0.0404
15:29:18, 1.87, 56, 72.91, 356.71, 351.84, 0.8032, -0.0652, 0.5908, -0.0402
15:29:18, 1.87, 56, 72.88, 356.72, 351.88, 0.8033, -0.0650, 0.5906, -0.0400
15:29:18, 1.90, 57, 72.89, 356.71, 351.92, 0.8033, -0.0648, 0.5907, -0.0396
15:29:18, 1.90, 57, 72.89, 356.72, 351.95, 0.8033, -0.0647, 0.5907, -0.0394
15:29:18, 1.93, 58, 72.87, 356.73, 351.98, 0.8034, -0.0644, 0.5906, -0.0393
15:29:18, 1.93, 58, 72.87, 356.77, 351.99, 0.8034, -0.0641, 0.5906, -0.0395
15:29:18, 1.93, 58, 72.87, 356.81, 351.98, 0.8034, -0.0639, 0.5906, -0.0398
15:29:18, 1.97, 59, 72.89, 356.85, 351.96, 0.8033, -0.0637, 0.5908, -0.0401
15:29:18, 1.97, 59, 72.88, 356.89, 351.94, 0.8033, -0.0635, 0.5908, -0.0404
15:29:18, 2.00, 60, 72.86, 356.91, 351.96, 0.8034, -0.0632, 0.5906, -0.0404
15:29:18, 2.00, 60, 72.86, 356.92, 351.96, 0.8034, -0.0632, 0.5907, -0.0404
15:29:18, 2.00, 60, 72.85, 356.93, 351.93, 0.8035, -0.0633, 0.5905, -0.0407
15:29:18, 2.03, 61, 72.85, 356.93, 351.90, 0.8035, -0.0634, 0.5906, -0.0409
15:29:18, 2.03, 61, 72.85, 356.90, 351.85, 0.8034, -0.0639, 0.5905, -0.0412
15:29:18, 2.07, 62, 72.83, 356.91, 351.82, 0.8035, -0.0640, 0.5904, -0.0414
15:29:18, 2.07, 62, 72.80, 356.91, 351.84, 0.8037, -0.0639, 0.5902, -0.0413
15:29:18, 2.10, 63, 72.76, 356.92, 351.86, 0.8039, -0.0637, 0.5899, -0.0412
15:29:18, 2.10, 63, 72.74, 356.90, 351.85, 0.8040, -0.0638, 0.5898, -0.0412
15:29:18, 2.10, 63, 72.72, 356.89, 351.87, 0.8041, -0.0638, 0.5896, -0.0410
15:29:18, 2.13, 64, 72.70, 356.88, 351.90, 0.8042, -0.0637, 0.5895, -0.0408
15:29:18, 2.13, 64, 72.69, 356.90, 351.89, 0.8043, -0.0636, 0.5894, -0.0410
15:29:18, 2.17, 65, 72.66, 356.89, 351.89, 0.8044, -0.0637, 0.5892, -0.0409
15:29:18, 2.17, 65, 72.63, 356.91, 351.87, 0.8046, -0.0636, 0.5890, -0.0412
15:29:18, 2.20, 66, 72.59, 356.92, 351.88, 0.8048, -0.0635, 0.5887, -0.0412
15:29:18, 2.20, 66, 72.55, 356.93, 351.87, 0.8050, -0.0635, 0.5884, -0.0413
15:29:18, 2.20, 66, 72.50, 356.87, 351.87, 0.8053, -0.0639, 0.5880, -0.0411
15:29:18, 2.23, 67, 72.47, 356.86, 351.88, 0.8054, -0.0639, 0.5878, -0.0409
15:29:18, 2.23, 67, 72.45, 356.84, 351.87, 0.8055, -0.0641, 0.5876, -0.0409
15:29:18, 2.27, 68, 72.42, 356.81, 351.92, 0.8057, -0.0640, 0.5875, -0.0404
15:29:18, 2.27, 68, 72.39, 356.79, 351.94, 0.8059, -0.0640, 0.5872, -0.0402
15:29:18, 2.27, 68, 72.36, 356.76, 351.91, 0.8060, -0.0644, 0.5870, -0.0403
15:29:18, 2.30, 69, 72.33, 356.74, 351.89, 0.8061, -0.0646, 0.5868, -0.0403
15:29:18, 2.30, 69, 72.31, 356.73, 351.86, 0.8063, -0.0649, 0.5866, -0.0405
15:29:18, 2.33, 70, 72.27, 356.72, 351.84, 0.8065, -0.0650, 0.5863, -0.0406
15:29:18, 2.33, 70, 72.23, 356.70, 351.86, 0.8066, -0.0650, 0.5861, -0.0404
15:29:18, 2.33, 70, 72.20, 356.66, 351.87, 0.8068, -0.0652, 0.5858, -0.0401
15:29:18, 2.37, 71, 72.16, 356.68, 351.90, 0.8071, -0.0649, 0.5855, -0.0401
15:29:18, 2.37, 71, 72.12, 356.70, 351.91, 0.8073, -0.0647, 0.5853, -0.0401
15:29:18, 2.40, 72, 72.10, 356.71, 351.95, 0.8073, -0.0644, 0.5852, -0.0398
15:29:18, 2.40, 72, 72.08, 356.74, 351.94, 0.8075, -0.0643, 0.5850, -0.0401
15:29:18, 2.43, 73, 72.00, 356.76, 351.94, 0.8079, -0.0641, 0.5845, -0.0403
15:29:18, 2.43, 73, 71.96, 356.78, 351.99, 0.8081, -0.0637, 0.5843, -0.0401
15:29:18, 2.43, 73, 71.91, 356.79, 351.97, 0.8083, -0.0637, 0.5839, -0.0403
15:29:18, 2.47, 74, 71.89, 356.81, 351.97, 0.8084, -0.0636, 0.5838, -0.0404
15:29:18, 2.47, 74, 71.83, 356.81, 352.00, 0.8087, -0.0634, 0.5834, -0.0402
15:29:18, 2.50, 75, 71.78, 356.82, 352.02, 0.8090, -0.0632, 0.5830, -0.0401
15:29:18, 2.50, 75, 71.73, 356.83, 352.01, 0.8093, -0.0632, 0.5826, -0.0403
15:29:18, 2.53, 76, 71.72, 356.84, 352.00, 0.8093, -0.0631, 0.5826, -0.0404
15:29:18, 2.53, 76, 71.71, 356.86, 352.02, 0.8093, -0.0629, 0.5826, -0.0403
15:29:18, 2.53, 76, 71.70, 356.86, 352.06, 0.8094, -0.0627, 0.5825, -0.0401
15:29:19, 2.57, 77, 71.70, 356.87, 352.08, 0.8094, -0.0625, 0.5825, -0.0400
15:29:19, 2.57, 77, 71.70, 356.87, 352.12, 0.8094, -0.0623, 0.5825, -0.0397
15:29:19, 2.60, 78, 71.71, 356.90, 352.12, 0.8094, -0.0621, 0.5826, -0.0398
15:29:19, 2.60, 78, 71.72, 356.92, 352.15, 0.8094, -0.0618, 0.5827, -0.0398
15:29:19, 2.60, 78, 71.74, 356.94, 352.15, 0.8092, -0.0617, 0.5829, -0.0398
15:29:19, 2.63, 79, 71.77, 356.93, 352.14, 0.8091, -0.0618, 0.5831, -0.0399
15:29:19, 2.63, 79, 71.77, 356.91, 352.15, 0.8091, -0.0619, 0.5830, -0.0397
15:29:19, 2.67, 80, 71.76, 356.91, 352.14, 0.8091, -0.0619, 0.5830, -0.0397
15:29:19, 2.67, 80, 71.76, 356.92, 352.14, 0.8091, -0.0619, 0.5830, -0.0398
15:29:19, 2.70, 81, 71.76, 356.95, 352.14, 0.8091, -0.0617, 0.5830, -0.0399
15:29:19, 2.70, 81, 71.76, 356.96, 352.12, 0.8091, -0.0617, 0.5830, -0.0401
15:29:19, 2.70, 81, 71.77, 356.97, 352.10, 0.8091, -0.0617, 0.5831, -0.0403
15:29:19, 2.73, 82, 71.78, 356.97, 352.09, 0.8090, -0.0618, 0.5831, -0.0404
15:29:19, 2.73, 82, 71.78, 356.96, 352.12, 0.8090, -0.0617, 0.5832, -0.0402
15:29:19, 2.77, 83, 71.80, 356.94, 352.13, 0.8089, -0.0618, 0.5833, -0.0399
15:29:19, 2.77, 83, 71.81, 356.92, 352.12, 0.8088, -0.0620, 0.5834, -0.0399
15:29:19, 2.77, 83, 71.83, 356.90, 352.12, 0.8088, -0.0622, 0.5835, -0.0398
15:29:19, 2.80, 84, 71.84, 356.89, 352.10, 0.8087, -0.0623, 0.5835, -0.0399
15:29:19, 2.80, 84, 71.85, 356.90, 352.08, 0.8087, -0.0623, 0.5836, -0.0401
15:29:19, 2.83, 85, 71.85, 356.90, 352.05, 0.8087, -0.0625, 0.5835, -0.0402
15:29:19, 2.83, 85, 71.84, 356.92, 352.04, 0.8087, -0.0625, 0.5835, -0.0404
15:29:19, 2.83, 85, 71.84, 356.92, 352.05, 0.8087, -0.0624, 0.5835, -0.0404
15:29:19, 2.87, 86, 71.84, 356.92, 352.04, 0.8087, -0.0625, 0.5835, -0.0405
15:29:19, 2.87, 86, 71.85, 356.91, 352.02, 0.8086, -0.0626, 0.5836, -0.0406
15:29:19, 2.90, 87, 71.86, 356.90, 352.02, 0.8086, -0.0627, 0.5836, -0.0405
15:29:19, 2.90, 87, 71.87, 356.89, 352.02, 0.8085, -0.0627, 0.5837, -0.0405
15:29:19, 2.93, 88, 71.89, 356.87, 352.06, 0.8085, -0.0627, 0.5838, -0.0400
15:29:19, 2.93, 88, 71.91, 356.85, 352.13, 0.8084, -0.0625, 0.5840, -0.0394
15:29:19, 2.93, 88, 71.93, 356.86, 352.13, 0.8083, -0.0624, 0.5842, -0.0395
15:29:19, 2.97, 89, 71.96, 356.85, 352.15, 0.8081, -0.0624, 0.5844, -0.0392
15:29:19, 2.97, 89, 71.96, 356.84, 352.15, 0.8081, -0.0625, 0.5844, -0.0392
15:29:19, 3.00, 90, 71.95, 356.81, 352.17, 0.8082, -0.0626, 0.5843, -0.0389
15:29:19, 3.00, 90, 71.94, 356.79, 352.15, 0.8082, -0.0628, 0.5842, -0.0390
15:29:19, 3.00, 90, 71.92, 356.76, 352.14, 0.8083, -0.0631, 0.5841, -0.0389
15:29:19, 3.03, 91, 71.92, 356.74, 352.16, 0.8083, -0.0631, 0.5841, -0.0386
15:29:19, 3.03, 91, 71.92, 356.74, 352.15, 0.8084, -0.0631, 0.5840, -0.0387
15:29:19, 3.07, 92, 71.92, 356.73, 352.14, 0.8084, -0.0632, 0.5840, -0.0387
15:29:19, 3.07, 92, 71.91, 356.73, 352.12, 0.8084, -0.0634, 0.5839, -0.0389
15:29:19, 3.10, 93, 71.90, 356.73, 352.08, 0.8084, -0.0636, 0.5838, -0.0391
15:29:19, 3.10, 93, 71.90, 356.73, 352.05, 0.8084, -0.0637, 0.5839, -0.0394
15:29:19, 3.10, 93, 71.86, 356.73, 352.07, 0.8086, -0.0636, 0.5835, -0.0393
15:29:19, 3.13, 94, 71.85, 356.72, 352.04, 0.8087, -0.0638, 0.5835, -0.0394
15:29:19, 3.13, 94, 71.83, 356.75, 352.05, 0.8088, -0.0636, 0.5833, -0.0395
15:29:19, 3.17, 95, 71.82, 356.70, 352.05, 0.8088, -0.0639, 0.5832, -0.0393
15:29:19, 3.17, 95, 71.79, 356.71, 352.12, 0.8090, -0.0635, 0.5831, -0.0388
15:29:19, 3.17, 95, 71.75, 356.69, 352.15, 0.8092, -0.0635, 0.5828, -0.0386
15:29:19, 3.20, 96, 71.71, 356.70, 352.19, 0.8094, -0.0631, 0.5825, -0.0384
15:29:19, 3.20, 96, 71.65, 356.71, 352.23, 0.8098, -0.0629, 0.5821, -0.0382
15:29:19, 3.23, 97, 71.58, 356.74, 352.27, 0.8101, -0.0624, 0.5817, -0.0380
15:29:19, 3.23, 97, 71.46, 356.75, 352.33, 0.8107, -0.0620, 0.5809, -0.0377
15:29:19, 3.27, 98, 71.34, 356.73, 352.35, 0.8113, -0.0620, 0.5801, -0.0376
15:29:19, 3.27, 98, 71.22, 356.74, 352.38, 0.8120, -0.0618, 0.5792, -0.0375
15:29:19, 3.27, 98, 71.06, 356.74, 352.43, 0.8128, -0.0615, 0.5781, -0.0372
15:29:19, 3.30, 99, 70.89, 356.76, 352.50, 0.8137, -0.0609, 0.5769, -0.0369
15:29:19, 3.30, 99, 70.68, 356.75, 352.53, 0.8147, -0.0608, 0.5755, -0.0368
15:29:19, 3.33, 100, 70.47, 356.74, 352.59, 0.8158, -0.0604, 0.5740, -0.0364
15:29:19, 3.33, 100, 70.24, 356.79, 352.66, 0.8170, -0.0597, 0.5724, -0.0362
15:29:19, 3.33, 100, 69.99, 356.78, 352.73, 0.8182, -0.0593, 0.5707, -0.0359
15:29:19, 3.37, 101, 69.73, 356.78, 352.80, 0.8196, -0.0589, 0.5688, -0.0355
15:29:19, 3.37, 101, 69.47, 356.79, 352.82, 0.8209, -0.0587, 0.5670, -0.0355
15:29:19, 3.40, 102, 69.23, 356.80, 352.82, 0.8221, -0.0585, 0.5653, -0.0357
15:29:19, 3.40, 102, 69.00, 356.81, 352.88, 0.8232, -0.0581, 0.5636, -0.0354
15:29:19, 3.43, 103, 68.78, 356.81, 352.94, 0.8243, -0.0577, 0.5621, -0.0351
15:29:19, 3.43, 103, 68.54, 356.80, 352.98, 0.8255, -0.0575, 0.5604, -0.0349
15:29:19, 3.43, 103, 68.34, 356.78, 353.03, 0.8265, -0.0573, 0.5590, -0.0345
15:29:19, 3.47, 104, 68.21, 356.73, 353.08, 0.8271, -0.0574, 0.5581, -0.0340
15:29:19, 3.47, 104, 68.06, 356.72, 353.13, 0.8279, -0.0572, 0.5570, -0.0336
15:29:19, 3.50, 105, 67.95, 356.69, 353.19, 0.8284, -0.0571, 0.5562, -0.0331
15:29:19, 3.50, 105, 67.88, 356.65, 353.21, 0.8288, -0.0572, 0.5557, -0.0328
15:29:19, 3.50, 105, 67.81, 356.67, 353.27, 0.8291, -0.0568, 0.5552, -0.0325
15:29:19, 3.53, 106, 67.72, 356.65, 353.32, 0.8296, -0.0567, 0.5546, -0.0321
15:29:19, 3.53, 106, 67.66, 356.63, 353.36, 0.8299, -0.0566, 0.5541, -0.0318
15:29:20, 3.57, 107, 67.60, 356.63, 353.40, 0.8302, -0.0564, 0.5537, -0.0315
15:29:20, 3.57, 107, 67.56, 356.63, 353.45, 0.8304, -0.0561, 0.5534, -0.0312
15:29:20, 3.60, 108, 67.47, 356.63, 353.48, 0.8308, -0.0560, 0.5528, -0.0309
15:29:20, 3.60, 108, 67.36, 356.64, 353.55, 0.8314, -0.0555, 0.5521, -0.0306
15:29:20, 3.60, 108, 67.25, 356.63, 353.57, 0.8319, -0.0555, 0.5512, -0.0305
15:29:20, 3.63, 109, 67.09, 356.68, 353.62, 0.8327, -0.0549, 0.5502, -0.0304
15:29:20, 3.63, 109, 66.90, 356.67, 353.69, 0.8336, -0.0545, 0.5488, -0.0299
15:29:20, 3.67, 110, 66.64, 356.72, 353.79, 0.8349, -0.0536, 0.5470, -0.0295
15:29:20, 3.67, 110, 66.35, 356.74, 353.91, 0.8363, -0.0529, 0.5449, -0.0289
15:29:20, 3.70, 111, 65.98, 356.77, 354.03, 0.8381, -0.0520, 0.5423, -0.0284
15:29:20, 3.70, 111, 65.50, 356.78, 354.13, 0.8404, -0.0513, 0.5389, -0.0279
15:29:20, 3.70, 111, 64.95, 356.86, 354.24, 0.8430, -0.0501, 0.5349, -0.0277
15:29:20, 3.73, 112, 64.23, 356.82, 354.44, 0.8464, -0.0492, 0.5296, -0.0264
15:29:20, 3.73, 112, 63.35, 356.84, 354.54, 0.8504, -0.0484, 0.5232, -0.0261
15:29:20, 3.77, 113, 62.21, 356.90, 354.63, 0.8556, -0.0473, 0.5148, -0.0262
15:29:20, 3.77, 113, 60.97, 356.98, 354.67, 0.8611, -0.0463, 0.5055, -0.0267
15:29:20, 3.77, 113, 59.55, 357.10, 354.72, 0.8673, -0.0448, 0.4949, -0.0274
15:29:20, 3.80, 114, 57.93, 357.16, 354.81, 0.8743, -0.0436, 0.4826, -0.0276
15:29:20, 3.80, 114, 56.14, 357.28, 354.75, 0.8817, -0.0424, 0.4690, -0.0292
15:29:20, 3.83, 115, 54.21, 357.40, 354.58, 0.8894, -0.0417, 0.4540, -0.0317
15:29:20, 3.83, 115, 52.19, 357.43, 354.52, 0.8973, -0.0411, 0.4383, -0.0331
15:29:20, 3.87, 116, 50.00, 357.41, 354.42, 0.9055, -0.0410, 0.4210, -0.0345
15:29:20, 3.87, 116, 47.81, 357.30, 354.27, 0.9133, -0.0418, 0.4035, -0.0362
15:29:20, 3.87, 116, 45.39, 357.02, 354.10, 0.9215, -0.0438, 0.3840, -0.0374
15:29:20, 3.90, 117, 42.86, 356.68, 354.00, 0.9297, -0.0460, 0.3633, -0.0382
15:29:20, 3.90, 117, 40.32, 356.13, 353.74, 0.9374, -0.0505, 0.3422, -0.0397
15:29:20, 3.93, 118, 37.78, 355.52, 353.44, 0.9446, -0.0554, 0.3209, -0.0414
15:29:20, 3.93, 118, 35.20, 355.04, 353.17, 0.9514, -0.0592, 0.2991, -0.0437
15:29:20, 3.93, 118, 32.53, 354.62, 352.83, 0.9579, -0.0625, 0.2764, -0.0469
15:29:20, 3.97, 119, 29.65, 354.33, 352.70, 0.9644, -0.0640, 0.2520, -0.0489
15:29:20, 3.97, 119, 26.50, 354.04, 352.61, 0.9708, -0.0652, 0.2251, -0.0507
15:29:20, 4.00, 120, 23.26, 353.75, 352.37, 0.9766, -0.0666, 0.1973, -0.0541
15:29:20, 4.00, 120, 20.03, 353.46, 352.05, 0.9815, -0.0681, 0.1693, -0.0582
15:29:20, 4.03, 121, 16.74, 353.25, 351.87, 0.9858, -0.0684, 0.1408, -0.0615
15:29:20, 4.03, 121, 13.37, 352.87, 351.87, 0.9893, -0.0698, 0.1115, -0.0631
15:29:20, 4.03, 121, 9.97, 352.55, 351.90, 0.9920, -0.0707, 0.0819, -0.0646
15:29:20, 4.07, 122, 6.66, 352.29, 351.98, 0.9939, -0.0710, 0.0531, -0.0658
15:29:20, 4.07, 122, 3.43, 351.98, 352.00, 0.9948, -0.0718, 0.0249, -0.0675
15:29:20, 4.10, 123, 0.33, 351.69, 352.19, 0.9951, -0.0725, -0.0021, -0.0677
15:29:20, 4.10, 123, 357.35, 351.54, 352.46, 0.9947, -0.0720, -0.0279, -0.0673
15:29:20, 4.10, 123, 354.35, 351.39, 352.75, 0.9937, -0.0717, -0.0538, -0.0667
15:29:20, 4.13, 124, 351.56, 351.20, 353.02, 0.9922, -0.0719, -0.0779, -0.0662
15:29:20, 4.13, 124, 348.91, 351.09, 353.18, 0.9901, -0.0714, -0.1007, -0.0665
15:29:20, 4.17, 125, 346.29, 350.97, 353.60, 0.9877, -0.0714, -0.1231, -0.0646
15:29:20, 4.17, 125, 343.85, 350.98, 353.90, 0.9850, -0.0703, -0.1440, -0.0636
15:29:20, 4.17, 125, 341.46, 350.96, 354.18, 0.9820, -0.0695, -0.1643, -0.0626
15:29:20, 4.20, 126, 339.19, 351.10, 354.53, 0.9788, -0.0676, -0.1835, -0.0608
15:29:20, 4.20, 126, 336.95, 351.27, 354.85, 0.9753, -0.0656, -0.2023, -0.0591
15:29:20, 4.23, 127, 334.67, 351.41, 355.28, 0.9714, -0.0640, -0.2215, -0.0565
15:29:20, 4.23, 127, 332.36, 351.56, 355.68, 0.9671, -0.0624, -0.2407, -0.0540
15:29:20, 4.27, 128, 330.19, 351.64, 356.13, 0.9626, -0.0618, -0.2588, -0.0513
15:29:20, 4.27, 128, 328.06, 351.69, 356.51, 0.9578, -0.0613, -0.2764, -0.0492
15:29:20, 4.27, 128, 325.97, 351.86, 356.85, 0.9529, -0.0598, -0.2937, -0.0469
15:29:20, 4.30, 129, 323.88, 351.99, 357.17, 0.9476, -0.0588, -0.3108, -0.0450
15:29:20, 4.30, 129, 321.83, 352.06, 357.64, 0.9421, -0.0587, -0.3275, -0.0420
15:29:20, 4.33, 130, 319.72, 352.15, 358.04, 0.9361, -0.0584, -0.3445, -0.0396
15:29:20, 4.33, 130, 317.48, 352.20, 358.25, 0.9293, -0.0579, -0.3627, -0.0388
15:29:20, 4.33, 130, 315.12, 352.29, 358.58, 0.9218, -0.0574, -0.3816, -0.0371
15:29:20, 4.37, 131, 312.89, 352.41, 358.91, 0.9144, -0.0569, -0.3993, -0.0352
15:29:20, 4.37, 131, 310.81, 352.67, 359.08, 0.9072, -0.0548, -0.4158, -0.0339
15:29:20, 4.40, 132, 309.03, 353.03, 359.29, 0.9008, -0.0522, -0.4298, -0.0317
15:29:20, 4.40, 132, 307.31, 353.54, 359.53, 0.8946, -0.0487, -0.4433, -0.0287
15:29:20, 4.43, 133, 305.78, 354.12, 359.77, 0.8889, -0.0447, -0.4552, -0.0251
15:29:20, 4.43, 133, 304.35, 354.68, 0.06, 0.8834, -0.0413, -0.4663, -0.0212
15:29:20, 4.43, 133, 302.98, 355.15, 0.48, 0.8780, -0.0392, -0.4767, -0.0165
15:29:20, 4.47, 134, 301.72, 355.45, 0.84, 0.8728, -0.0382, -0.4863, -0.0129
15:29:20, 4.47, 134, 300.55, 355.79, 1.17, 0.8680, -0.0370, -0.4951, -0.0094
15:29:20, 4.50, 135, 299.38, 356.15, 1.60, 0.8630, -0.0360, -0.5039, -0.0049
15:29:20, 4.50, 135, 298.28, 356.42, 1.97, 0.8581, -0.0356, -0.5122, -0.0013
15:29:20, 4.50, 135, 297.31, 356.68, 2.23, 0.8538, -0.0349, -0.5194, 0.0015
15:29:20, 4.53, 136, 296.38, 356.85, 2.40, 0.8496, -0.0344, -0.5263, 0.0034
15:29:20, 4.53, 136, 295.37, 356.96, 2.40, 0.8450, -0.0336, -0.5338, 0.0035
15:29:21, 4.57, 137, 294.49, 357.11, 2.55, 0.8408, -0.0332, -0.5402, 0.0051
15:29:21, 4.57, 137, 293.57, 357.32, 2.82, 0.8364, -0.0331, -0.5470, 0.0078
15:29:21, 4.60, 138, 292.71, 357.51, 3.13, 0.8323, -0.0332, -0.5532, 0.0107
15:29:21, 4.60, 138, 291.86, 357.69, 3.41, 0.8281, -0.0333, -0.5594, 0.0133
15:29:21, 4.60, 138, 290.96, 357.87, 3.55, 0.8237, -0.0328, -0.5658, 0.0150
15:29:21, 4.63, 139, 290.14, 358.04, 3.50, 0.8197, -0.0315, -0.5718, 0.0152
15:29:21, 4.63, 139, 289.00, 358.22, 3.73, 0.8139, -0.0315, -0.5799, 0.0175
15:29:21, 4.67, 140, 287.68, 358.43, 4.17, 0.8070, -0.0325, -0.5892, 0.0213
15:29:21, 4.67, 140, 286.26, 358.78, 4.62, 0.7996, -0.0327, -0.5991, 0.0259
15:29:21, 4.67, 140, 284.99, 359.22, 4.97, 0.7927, -0.0318, -0.6080, 0.0302
15:29:21, 4.70, 141, 283.74, 359.48, 5.08, 0.7860, -0.0309, -0.6167, 0.0321
15:29:21, 4.70, 141, 282.76, 359.73, 4.94, 0.7806, -0.0287, -0.6235, 0.0322
15:29:21, 4.73, 142, 281.94, 359.85, 4.54, 0.7762, -0.0260, -0.6292, 0.0300
15:29:21, 4.73, 142, 281.37, 359.96, 4.21, 0.7732, -0.0235, -0.6331, 0.0282
15:29:21, 4.77, 143, 280.81, 0.18, 4.42, 0.7700, -0.0234, -0.6369, 0.0307
15:29:21, 4.77, 143, 280.42, 0.40, 5.06, 0.7675, -0.0256, -0.6395, 0.0362
15:29:21, 4.77, 143, 280.10, 0.57, 5.15, 0.7657, -0.0250, -0.6416, 0.0377
15:29:21, 4.80, 144, 279.90, 0.75, 4.93, 0.7646, -0.0227, -0.6431, 0.0371
15:29:21, 4.80, 144, 279.70, 0.78, 4.66, 0.7635, -0.0211, -0.6445, 0.0355
15:29:21, 4.83, 145, 279.53, 0.67, 4.69, 0.7626, -0.0219, -0.6456, 0.0350
15:29:21, 4.83, 145, 279.26, 0.69, 4.83, 0.7611, -0.0227, -0.6473, 0.0360
15:29:21, 4.87, 146, 279.12, 0.77, 4.99, 0.7602, -0.0231, -0.6482, 0.0375
15:29:21, 4.87, 146, 279.11, 0.75, 4.74, 0.7602, -0.0218, -0.6484, 0.0357
15:29:21, 4.87, 146, 279.05, 0.73, 4.54, 0.7599, -0.0209, -0.6488, 0.0342
15:29:21, 4.90, 147, 278.84, 0.58, 4.61, 0.7587, -0.0223, -0.6501, 0.0338
15:29:21, 4.90, 147, 278.59, 0.43, 4.76, 0.7573, -0.0242, -0.6517, 0.0339
15:29:21, 4.93, 148, 278.45, 0.32, 4.93, 0.7565, -0.0260, -0.6526, 0.0344
15:29:21, 4.93, 148, 278.48, 0.21, 5.13, 0.7566, -0.0278, -0.6523, 0.0351
15:29:21, 4.93, 148, 278.54, 0.09, 5.02, 0.7570, -0.0280, -0.6519, 0.0337
15:29:21, 4.97, 149, 278.55, 0.04, 4.83, 0.7572, -0.0272, -0.6518, 0.0321
15:29:21, 4.97, 149, 278.55, 359.93, 4.87, 0.7572, -0.0282, -0.6518, 0.0318
15:29:21, 5.00, 150, 278.56, 359.91, 5.16, 0.7572, -0.0300, -0.6517, 0.0336
15:29:21, 5.00, 150, 278.63, 359.85, 5.57, 0.7574, -0.0326, -0.6511, 0.0360
15:29:21, 5.00, 150, 278.68, 359.79, 5.44, 0.7578, -0.0323, -0.6508, 0.0349
15:29:21, 5.03, 151, 278.67, 359.75, 5.01, 0.7579, -0.0301, -0.6509, 0.0317
15:29:21, 5.03, 151, 278.57, 359.62, 4.83, 0.7574, -0.0300, -0.6516, 0.0298
15:29:21, 5.07, 152, 278.51, 359.56, 4.85, 0.7570, -0.0305, -0.6520, 0.0296
15:29:21, 5.07, 152, 278.49, 359.60, 5.09, 0.7568, -0.0317, -0.6521, 0.0313
15:29:21, 5.10, 153, 278.50, 359.65, 5.40, 0.7568, -0.0331, -0.6519, 0.0337
15:29:21, 5.10, 153, 278.58, 359.55, 5.23, 0.7573, -0.0327, -0.6514, 0.0320
15:29:21, 5.10, 153, 278.61, 359.54, 4.88, 0.7576, -0.0308, -0.6513, 0.0297
15:29:21, 5.13, 154, 278.59, 359.50, 4.79, 0.7575, -0.0306, -0.6515, 0.0289
15:29:21, 5.13, 154, 278.60, 359.59, 4.99, 0.7575, -0.0311, -0.6513, 0.0306
15:29:21, 5.17, 155, 278.67, 359.69, 5.42, 0.7578, -0.0329, -0.6508, 0.0341
15:29:21, 5.17, 155, 278.80, 359.74, 5.55, 0.7585, -0.0332, -0.6499, 0.0353
15:29:21, 5.17, 155, 278.97, 359.75, 5.39, 0.7595, -0.0322, -0.6488, 0.0343
15:29:21, 5.20, 156, 279.08, 359.73, 5.27, 0.7601, -0.0316, -0.6482, 0.0334
15:29:21, 5.20, 156, 279.13, 359.75, 5.24, 0.7604, -0.0313, -0.6478, 0.0334
15:29:21, 5.23, 157, 279.19, 359.77, 5.39, 0.7607, -0.0320, -0.6474, 0.0345
15:29:21, 5.23, 157, 279.19, 359.80, 5.45, 0.7607, -0.0321, -0.6474, 0.0351
15:29:21, 5.27, 158, 279.17, 359.78, 5.29, 0.7606, -0.0314, -0.6476, 0.0339
15:29:21, 5.27, 158, 279.13, 359.73, 5.08, 0.7604, -0.0306, -0.6479, 0.0322
15:29:21, 5.27, 158, 279.08, 359.69, 4.98, 0.7602, -0.0302, -0.6482, 0.0313
15:29:21, 5.30, 159, 279.09, 359.69, 5.08, 0.7602, -0.0308, -0.6481, 0.0320
15:29:21, 5.30, 159, 279.06, 359.61, 5.20, 0.7601, -0.0320, -0.6483, 0.0323
15:29:21, 5.33, 160, 279.06, 359.48, 4.99, 0.7601, -0.0317, -0.6483, 0.0302
15:29:21, 5.33, 160, 279.10, 359.39, 4.77, 0.7604, -0.0311, -0.6480, 0.0282
15:29:21, 5.33, 160, 279.17, 359.28, 4.73, 0.7608, -0.0315, -0.6476, 0.0273
15:29:21, 5.37, 161, 279.18, 359.23, 4.96, 0.7609, -0.0331, -0.6474, 0.0286
15:29:21, 5.37, 161, 279.21, 359.16, 5.09, 0.7610, -0.0343, -0.6471, 0.0290
15:29:21, 5.40, 162, 279.32, 359.09, 5.02, 0.7617, -0.0344, -0.6464, 0.0283
15:29:21, 5.40, 162, 279.46, 358.98, 4.85, 0.7626, -0.0342, -0.6455, 0.0266
15:29:21, 5.43, 163, 279.58, 358.92, 4.71, 0.7633, -0.0337, -0.6447, 0.0253
15:29:21, 5.43, 163, 279.60, 358.90, 4.79, 0.7634, -0.0343, -0.6445, 0.0257
15:29:21, 5.43, 163, 279.63, 358.85, 4.98, 0.7635, -0.0357, -0.6443, 0.0267
15:29:21, 5.47, 164, 279.74, 358.76, 4.94, 0.7641, -0.0360, -0.6436, 0.0260
15:29:21, 5.47, 164, 279.87, 358.76, 4.70, 0.7649, -0.0347, -0.6427, 0.0244
15:29:21, 5.50, 165, 279.95, 358.73, 4.61, 0.7654, -0.0344, -0.6422, 0.0237
15:29:21, 5.50, 165, 280.06, 358.77, 4.59, 0.7660, -0.0339, -0.6415, 0.0238
15:29:21, 5.50, 165, 280.25, 358.79, 4.58, 0.7671, -0.0337, -0.6402, 0.0239
15:29:21, 5.53, 166, 280.56, 358.80, 4.59, 0.7688, -0.0336, -0.6382, 0.0241
15:29:21, 5.53, 166, 281.01, 358.79, 4.42, 0.7713, -0.0327, -0.6352, 0.0230
15:29:22, 5.57, 167, 281.63, 358.68, 4.21, 0.7748, -0.0321, -0.6311, 0.0212
15:29:22, 5.57, 167, 282.32, 358.52, 4.00, 0.7786, -0.0319, -0.6264, 0.0190
15:29:22, 5.60, 168, 283.12, 358.40, 3.77, 0.7831, -0.0314, -0.6209, 0.0171
15:29:22, 5.60, 168, 283.98, 358.35, 3.56, 0.7877, -0.0305, -0.6151, 0.0156
15:29:22, 5.60, 168, 284.96, 358.33, 3.38, 0.7930, -0.0295, -0.6084, 0.0145
15:29:22, 5.63, 169, 285.96, 358.24, 3.47, 0.7983, -0.0305, -0.6014, 0.0149
15:29:22, 5.63, 169, 287.01, 358.09, 3.74, 0.8037, -0.0328, -0.5939, 0.0163
15:29:22, 5.67, 170, 288.06, 357.88, 3.83, 0.8091, -0.0346, -0.5864, 0.0162
15:29:22, 5.67, 170, 289.13, 357.74, 3.91, 0.8145, -0.0358, -0.5788, 0.0163
15:29:22, 5.70, 171, 290.22, 357.61, 3.55, 0.8201, -0.0348, -0.5710, 0.0135
15:29:22, 5.70, 171, 291.30, 357.48, 3.13, 0.8254, -0.0336, -0.5634, 0.0101
15:29:22, 5.70, 171, 292.28, 357.36, 2.97, 0.8302, -0.0336, -0.5563, 0.0087
15:29:22, 5.73, 172, 293.00, 357.13, 2.83, 0.8337, -0.0345, -0.5511, 0.0068
15:29:22, 5.73, 172, 293.73, 356.98, 2.60, 0.8372, -0.0344, -0.5458, 0.0046
15:29:22, 5.77, 173, 294.45, 356.73, 2.47, 0.8406, -0.0356, -0.5405, 0.0027
15:29:22, 5.77, 173, 295.19, 356.50, 2.30, 0.8441, -0.0365, -0.5350, 0.0006
15:29:22, 5.77, 173, 296.02, 356.33, 2.19, 0.8479, -0.0372, -0.5289, -0.0008
15:29:22, 5.80, 174, 296.81, 356.14, 2.06, 0.8515, -0.0381, -0.5230, -0.0024
15:29:22, 5.80, 174, 297.65, 355.88, 2.07, 0.8552, -0.0401, -0.5167, -0.0032
15:29:22, 5.83, 175, 298.44, 355.66, 1.98, 0.8587, -0.0414, -0.5107, -0.0045
15:29:22, 5.83, 175, 299.19, 355.43, 1.81, 0.8620, -0.0424, -0.5051, -0.0066
15:29:22, 5.87, 176, 299.87, 355.23, 1.65, 0.8649, -0.0432, -0.5000, -0.0084
15:29:22, 5.87, 176, 300.61, 355.06, 1.44, 0.8681, -0.0436, -0.4944, -0.0105
15:29:22, 5.87, 176, 301.30, 354.85, 1.23, 0.8709, -0.0444, -0.4892, -0.0126
15:29:22, 5.90, 177, 301.93, 354.65, 1.03, 0.8735, -0.0452, -0.4844, -0.0148
15:29:22, 5.90, 177, 302.57, 354.44, 0.89, 0.8762, -0.0462, -0.4795, -0.0165
15:29:22, 5.93, 178, 303.18, 354.29, 0.70, 0.8786, -0.0467, -0.4749, -0.0184
15:29:22, 5.93, 178, 303.78, 354.23, 0.57, 0.8810, -0.0467, -0.4704, -0.0193
15:29:22, 5.93, 178, 304.40, 354.17, 0.43, 0.8835, -0.0467, -0.4656, -0.0204
15:29:22, 5.97, 179, 305.08, 354.16, 0.27, 0.8862, -0.0463, -0.4604, -0.0214
15:29:22, 5.97, 179, 305.77, 354.18, 0.06, 0.8889, -0.0455, -0.4552, -0.0227
15:29:22, 6.00, 180, 306.49, 354.14, 359.84, 0.8917, -0.0450, -0.4497, -0.0243
15:29:22, 6.00, 180, 307.20, 354.16, 359.62, 0.8945, -0.0441, -0.4442, -0.0256
15:29:22, 6.03, 181, 307.85, 354.14, 359.55, 0.8969, -0.0442, -0.4392, -0.0260
15:29:22, 6.03, 181, 308.50, 354.17, 359.47, 0.8994, -0.0438, -0.4341, -0.0263
15:29:22, 6.03, 181, 309.06, 354.11, 359.29, 0.9015, -0.0438, -0.4298, -0.0277
15:29:22, 6.07, 182, 309.72, 354.06, 359.19, 0.9039, -0.0439, -0.4245, -0.0284
15:29:22, 6.07, 182, 310.35, 354.04, 359.00, 0.9062, -0.0435, -0.4197, -0.0298
15:29:22, 6.10, 183, 310.98, 353.99, 358.68, 0.9083, -0.0429, -0.4148, -0.0322
15:29:22, 6.10, 183, 311.59, 354.08, 358.47, 0.9105, -0.0416, -0.4100, -0.0333
15:29:22, 6.10, 183, 312.08, 354.17, 358.12, 0.9122, -0.0399, -0.4063, -0.0356
15:29:22, 6.13, 184, 312.70, 354.27, 357.66, 0.9143, -0.0376, -0.4015, -0.0388
15:29:22, 6.13, 184, 313.50, 354.48, 357.04, 0.9169, -0.0341, -0.3953, -0.0428
15:29:22, 6.17, 185, 314.48, 354.62, 356.53, 0.9202, -0.0315, -0.3876, -0.0460
15:29:22, 6.17, 185, 315.43, 354.77, 356.09, 0.9232, -0.0293, -0.3801, -0.0488
15:29:22, 6.20, 186, 316.59, 354.91, 355.71, 0.9269, -0.0274, -0.3707, -0.0512
15:29:22, 6.20, 186, 317.92, 354.94, 355.22, 0.9309, -0.0262, -0.3601, -0.0547
15:29:22, 6.20, 186, 319.46, 354.85, 354.80, 0.9355, -0.0264, -0.3476, -0.0580
15:29:22, 6.23, 187, 321.21, 354.64, 354.54, 0.9404, -0.0283, -0.3334, -0.0604
15:29:22, 6.23, 187, 323.00, 354.34, 354.21, 0.9452, -0.0307, -0.3189, -0.0634
15:29:22, 6.27, 188, 324.88, 354.10, 353.96, 0.9500, -0.0332, -0.3035, -0.0657
15:29:22, 6.27, 188, 326.86, 353.78, 353.73, 0.9548, -0.0363, -0.2872, -0.0678
15:29:22, 6.27, 188, 328.89, 353.50, 353.47, 0.9594, -0.0393, -0.2704, -0.0700
15:29:22, 6.30, 189, 330.96, 353.23, 353.19, 0.9638, -0.0422, -0.2533, -0.0722
15:29:22, 6.30, 189, 333.02, 353.13, 352.89, 0.9679, -0.0437, -0.2360, -0.0742
15:29:22, 6.33, 190, 335.14, 353.02, 352.48, 0.9718, -0.0453, -0.2183, -0.0770
15:29:22, 6.33, 190, 337.37, 353.03, 352.09, 0.9756, -0.0459, -0.1995, -0.0794
15:29:22, 6.37, 191, 339.52, 353.09, 351.71, 0.9789, -0.0463, -0.1813, -0.0817
15:29:22, 6.37, 191, 341.63, 353.29, 351.39, 0.9820, -0.0456, -0.1632, -0.0833
15:29:22, 6.37, 191, 343.66, 353.47, 351.10, 0.9846, -0.0452, -0.1458, -0.0848
15:29:22, 6.40, 192, 345.72, 353.94, 350.74, 0.9871, -0.0422, -0.1279, -0.0865
15:29:22, 6.40, 192, 347.82, 354.46, 350.37, 0.9893, -0.0390, -0.1096, -0.0885
15:29:22, 6.43, 193, 349.93, 354.98, 350.10, 0.9911, -0.0359, -0.0911, -0.0897
15:29:22, 6.43, 193, 351.99, 355.48, 349.82, 0.9926, -0.0330, -0.0730, -0.0911
15:29:22, 6.43, 193, 353.96, 355.84, 349.73, 0.9938, -0.0313, -0.0556, -0.0913
15:29:22, 6.47, 194, 355.86, 356.22, 349.64, 0.9946, -0.0295, -0.0390, -0.0914
15:29:22, 6.47, 194, 357.60, 356.52, 349.60, 0.9951, -0.0284, -0.0236, -0.0912
15:29:22, 6.50, 195, 359.19, 356.78, 349.50, 0.9954, -0.0273, -0.0096, -0.0917
15:29:22, 6.50, 195, 0.78, 357.02, 349.32, 0.9953, -0.0266, 0.0044, -0.0929
15:29:22, 6.50, 195, 2.22, 357.25, 349.18, 0.9951, -0.0257, 0.0170, -0.0938
15:29:22, 6.53, 196, 3.62, 357.44, 348.96, 0.9947, -0.0252, 0.0293, -0.0954
15:29:22, 6.53, 196, 4.94, 357.75, 348.64, 0.9941, -0.0238, 0.0409, -0.0980
15:29:23, 6.57, 197, 6.22, 358.07, 348.42, 0.9934, -0.0222, 0.0523, -0.0998
15:29:23, 6.57, 197, 7.23, 358.38, 348.20, 0.9927, -0.0205, 0.0613, -0.1017
15:29:23, 6.60, 198, 8.20, 358.73, 348.12, 0.9921, -0.0184, 0.0700, -0.1024
15:29:23, 6.60, 198, 9.01, 359.01, 348.11, 0.9916, -0.0167, 0.0772, -0.1026
15:29:23, 6.60, 198, 9.65, 359.31, 348.16, 0.9912, -0.0147, 0.0830, -0.1023
15:29:23, 6.63, 199, 10.14, 359.48, 348.23, 0.9909, -0.0136, 0.0874, -0.1017
15:29:23, 6.63, 199, 10.51, 359.61, 348.27, 0.9906, -0.0127, 0.0908, -0.1015
15:29:23, 6.67, 200, 10.74, 359.71, 348.24, 0.9904, -0.0121, 0.0928, -0.1018
15:29:23, 6.67, 200, 10.91, 359.85, 348.22, 0.9902, -0.0110, 0.0944, -0.1020
15:29:23, 6.70, 201, 11.00, 359.98, 348.15, 0.9901, -0.0101, 0.0953, -0.1027
15:29:23, 6.70, 201, 11.08, 0.06, 347.98, 0.9899, -0.0096, 0.0961, -0.1042
15:29:23, 6.70, 201, 11.09, 0.14, 347.86, 0.9897, -0.0090, 0.0962, -0.1053
15:29:23, 6.73, 202, 11.07, 0.22, 347.71, 0.9896, -0.0084, 0.0961, -0.1068
15:29:23, 6.73, 202, 10.98, 0.27, 347.57, 0.9895, -0.0080, 0.0954, -0.1080
15:29:23, 6.77, 203, 10.91, 0.27, 347.44, 0.9895, -0.0081, 0.0948, -0.1091
15:29:23, 6.77, 203, 10.79, 0.22, 347.36, 0.9895, -0.0085, 0.0936, -0.1098
15:29:23, 6.77, 203, 10.64, 0.15, 347.28, 0.9895, -0.0090, 0.0923, -0.1104
15:29:23, 6.80, 204, 10.50, 0.06, 347.15, 0.9895, -0.0097, 0.0910, -0.1115
15:29:23, 6.80, 204, 10.32, 359.99, 347.05, 0.9896, -0.0103, 0.0894, -0.1123
15:29:23, 6.83, 205, 10.11, 359.91, 346.98, 0.9897, -0.0107, 0.0874, -0.1128
15:29:23, 6.83, 205, 9.92, 359.90, 346.92, 0.9898, -0.0107, 0.0858, -0.1134
15:29:23, 6.87, 206, 9.81, 359.88, 346.84, 0.9898, -0.0108, 0.0848, -0.1141
15:29:23, 6.87, 206, 9.69, 359.87, 346.78, 0.9898, -0.0108, 0.0838, -0.1146
15:29:23, 6.87, 206, 9.62, 359.87, 346.75, 0.9898, -0.0108, 0.0832, -0.1148
15:29:23, 6.90, 207, 9.57, 359.87, 346.77, 0.9899, -0.0107, 0.0828, -0.1147
15:29:23, 6.90, 207, 9.54, 359.88, 346.79, 0.9899, -0.0106, 0.0825, -0.1146
15:29:23, 6.93, 208, 9.50, 359.92, 346.82, 0.9900, -0.0102, 0.0822, -0.1143
15:29:23, 6.93, 208, 9.49, 359.98, 346.83, 0.9900, -0.0097, 0.0821, -0.1142
15:29:23, 6.93, 208, 9.50, 0.03, 346.87, 0.9900, -0.0093, 0.0823, -0.1140
15:29:23, 6.97, 209, 9.52, 0.07, 346.92, 0.9901, -0.0088, 0.0825, -0.1136
15:29:23, 6.97, 209, 9.54, 0.08, 346.98, 0.9901, -0.0087, 0.0827, -0.1131
15:29:23, 7.00, 210, 9.57, 0.06, 347.03, 0.9901, -0.0089, 0.0829, -0.1126
15:29:23, 7.00, 210, 9.61, 0.05, 347.11, 0.9902, -0.0090, 0.0833, -0.1119
15:29:23, 7.03, 211, 9.64, 359.99, 347.20, 0.9903, -0.0095, 0.0835, -0.1110
15:29:23, 7.03, 211, 9.62, 359.92, 347.28, 0.9903, -0.0099, 0.0832, -0.1104
15:29:23, 7.03, 211, 9.61, 359.86, 347.36, 0.9904, -0.0104, 0.0831, -0.1096
15:29:23, 7.07, 212, 9.57, 359.82, 347.41, 0.9905, -0.0107, 0.0828, -0.1092
15:29:23, 7.07, 212, 9.54, 359.74, 347.47, 0.9906, -0.0113, 0.0824, -0.1085
15:29:23, 7.10, 213, 9.51, 359.64, 347.56, 0.9907, -0.0121, 0.0820, -0.1077
15:29:23, 7.10, 213, 9.43, 359.56, 347.63, 0.9908, -0.0126, 0.0813, -0.1070
15:29:23, 7.10, 213, 9.37, 359.50, 347.69, 0.9909, -0.0131, 0.0808, -0.1065
15:29:23, 7.13, 214, 9.30, 359.44, 347.77, 0.9911, -0.0135, 0.0801, -0.1058
15:29:23, 7.13, 214, 9.20, 359.42, 347.83, 0.9912, -0.0135, 0.0792, -0.1053
15:29:23, 7.17, 215, 9.12, 359.39, 347.88, 0.9913, -0.0137, 0.0785, -0.1048
15:29:23, 7.17, 215, 9.03, 359.37, 347.94, 0.9914, -0.0137, 0.0777, -0.1043
15:29:23, 7.20, 216, 8.94, 359.39, 347.99, 0.9915, -0.0135, 0.0770, -0.1039
15:29:23, 7.20, 216, 8.86, 359.37, 348.05, 0.9916, -0.0135, 0.0762, -0.1034
15:29:23, 7.20, 216, 8.80, 359.35, 348.13, 0.9917, -0.0136, 0.0757, -0.1027
15:29:23, 7.23, 217, 8.72, 359.29, 348.22, 0.9919, -0.0140, 0.0750, -0.1018
15:29:23, 7.23, 217, 8.67, 359.22, 348.35, 0.9920, -0.0144, 0.0745, -0.1007
15:29:23, 7.27, 218, 8.61, 359.20, 348.45, 0.9921, -0.0145, 0.0739, -0.0999
15:29:23, 7.27, 218, 8.57, 359.17, 348.51, 0.9922, -0.0146, 0.0736, -0.0993
15:29:23, 7.27, 218, 8.54, 359.19, 348.57, 0.9923, -0.0144, 0.0734, -0.0988
15:29:23, 7.30, 219, 8.53, 359.20, 348.58, 0.9923, -0.0143, 0.0733, -0.0987
15:29:23, 7.30, 219, 8.50, 359.22, 348.62, 0.9924, -0.0141, 0.0730, -0.0983
15:29:23, 7.33, 220, 8.44, 359.20, 348.68, 0.9925, -0.0142, 0.0725, -0.0978
15:29:23, 7.33, 220, 8.38, 359.19, 348.71, 0.9925, -0.0142, 0.0721, -0.0976
15:29:23, 7.37, 221, 8.32, 359.17, 348.72, 0.9926, -0.0143, 0.0715, -0.0975
15:29:23, 7.37, 221, 8.26, 359.16, 348.72, 0.9926, -0.0144, 0.0709, -0.0975
15:29:23, 7.37, 221, 8.19, 359.14, 348.68, 0.9926, -0.0145, 0.0703, -0.0978
15:29:23, 7.40, 222, 8.14, 359.13, 348.64, 0.9926, -0.0145, 0.0699, -0.0982
15:29:23, 7.40, 222, 8.10, 359.10, 348.61, 0.9926, -0.0148, 0.0695, -0.0985
15:29:23, 7.43, 223, 8.08, 359.09, 348.57, 0.9926, -0.0149, 0.0693, -0.0988
15:29:23, 7.43, 223, 8.06, 359.11, 348.51, 0.9925, -0.0148, 0.0691, -0.0993
15:29:23, 7.43, 223, 8.07, 359.05, 348.49, 0.9925, -0.0153, 0.0692, -0.0995
15:29:23, 7.47, 224, 8.08, 359.02, 348.47, 0.9925, -0.0156, 0.0693, -0.0996
15:29:23, 7.47, 224, 8.10, 358.99, 348.40, 0.9924, -0.0159, 0.0694, -0.1002
15:29:23, 7.50, 225, 8.12, 358.94, 348.38, 0.9924, -0.0164, 0.0695, -0.1003
15:29:23, 7.50, 225, 8.15, 358.92, 348.37, 0.9924, -0.0166, 0.0697, -0.1004
15:29:23, 7.53, 226, 8.19, 358.89, 348.31, 0.9923, -0.0168, 0.0701, -0.1009
15:29:23, 7.53, 226, 8.25, 358.89, 348.25, 0.9922, -0.0170, 0.0706, -0.1014
15:29:23, 7.53, 226, 8.30, 358.89, 348.18, 0.9921, -0.0170, 0.0710, -0.1020
15:29:24, 7.57, 227, 8.35, 358.90, 348.15, 0.9920, -0.0170, 0.0715, -0.1022
15:29:24, 7.57, 227, 8.40, 358.93, 348.12, 0.9920, -0.0169, 0.0718, -0.1025
15:29:24, 7.60, 228, 8.44, 358.95, 348.12, 0.9920, -0.0167, 0.0723, -0.1025
15:29:24, 7.60, 228, 8.46, 358.95, 348.14, 0.9920, -0.0167, 0.0724, -0.1024
15:29:24, 7.60, 228, 8.48, 358.96, 348.16, 0.9920, -0.0166, 0.0726, -0.1022
15:29:24, 7.63, 229, 8.51, 358.97, 348.18, 0.9920, -0.0166, 0.0729, -0.1020
15:29:24, 7.63, 229, 8.51, 358.98, 348.22, 0.9920, -0.0164, 0.0729, -0.1017
15:29:24, 7.67, 230, 8.52, 359.00, 348.22, 0.9920, -0.0163, 0.0730, -0.1017
15:29:24, 7.67, 230, 8.53, 358.99, 348.23, 0.9920, -0.0164, 0.0731, -0.1016
15:29:24, 7.70, 231, 8.54, 359.02, 348.27, 0.9920, -0.0161, 0.0732, -0.1013
15:29:24, 7.70, 231, 8.53, 359.02, 348.30, 0.9921, -0.0161, 0.0731, -0.1010
15:29:24, 7.70, 231, 8.55, 359.04, 348.29, 0.9920, -0.0159, 0.0733, -0.1011
15:29:24, 7.73, 232, 8.58, 359.06, 348.27, 0.9920, -0.0157, 0.0736, -0.1013
15:29:24, 7.73, 232, 8.58, 359.09, 348.31, 0.9920, -0.0155, 0.0736, -0.1009
15:29:24, 7.77, 233, 8.59, 359.10, 348.35, 0.9921, -0.0154, 0.0737, -0.1006
15:29:24, 7.77, 233, 8.57, 359.10, 348.39, 0.9921, -0.0153, 0.0735, -0.1003
15:29:24, 7.77, 233, 8.58, 359.12, 348.42, 0.9921, -0.0151, 0.0737, -0.1000
15:29:24, 7.80, 234, 8.59, 359.07, 348.42, 0.9921, -0.0156, 0.0737, -0.1000
15:29:24, 7.80, 234, 8.60, 359.06, 348.45, 0.9922, -0.0157, 0.0737, -0.0997
15:29:24, 7.83, 235, 8.62, 359.02, 348.47, 0.9922, -0.0160, 0.0739, -0.0995
15:29:24, 7.83, 235, 8.64, 359.02, 348.50, 0.9922, -0.0160, 0.0741, -0.0992
15:29:24, 7.87, 236, 8.65, 359.03, 348.51, 0.9922, -0.0160, 0.0742, -0.0992
15:29:24, 7.87, 236, 8.66, 359.05, 348.52, 0.9922, -0.0158, 0.0743, -0.0991
15:29:24, 7.87, 236, 8.69, 359.05, 348.54, 0.9922, -0.0158, 0.0745, -0.0989
15:29:24, 7.90, 237, 8.69, 359.06, 348.57, 0.9922, -0.0157, 0.0746, -0.0986
15:29:24, 7.90, 237, 8.73, 359.03, 348.61, 0.9922, -0.0159, 0.0749, -0.0983
15:29:24, 7.93, 238, 8.76, 359.03, 348.62, 0.9922, -0.0160, 0.0751, -0.0982
15:29:24, 7.93, 238, 8.81, 359.03, 348.64, 0.9922, -0.0160, 0.0756, -0.0980
15:29:24, 7.93, 238, 8.84, 359.01, 348.66, 0.9922, -0.0162, 0.0759, -0.0979
15:29:24, 7.97, 239, 8.89, 359.03, 348.65, 0.9921, -0.0161, 0.0763, -0.0980
15:29:24, 7.97, 239, 8.96, 359.03, 348.66, 0.9921, -0.0161, 0.0769, -0.0978
15:29:24, 8.00, 240, 8.99, 359.05, 348.66, 0.9921, -0.0160, 0.0772, -0.0978
15:29:24, 8.00, 240, 9.06, 359.03, 348.65, 0.9920, -0.0162, 0.0778, -0.0979
15:29:24, 8.03, 241, 9.10, 359.03, 348.67, 0.9920, -0.0162, 0.0781, -0.0977
15:29:24, 8.03, 241, 9.13, 359.02, 348.68, 0.9920, -0.0163, 0.0784, -0.0976
15:29:24, 8.03, 241, 9.16, 359.05, 348.70, 0.9920, -0.0161, 0.0787, -0.0975
15:29:24, 8.07, 242, 9.17, 359.03, 348.71, 0.9920, -0.0163, 0.0787, -0.0973
15:29:24, 8.07, 242, 9.18, 359.05, 348.73, 0.9920, -0.0161, 0.0788, -0.0972
15:29:24, 8.10, 243, 9.18, 359.06, 348.74, 0.9920, -0.0160, 0.0789, -0.0971
15:29:24, 8.10, 243, 9.16, 359.07, 348.77, 0.9921, -0.0158, 0.0787, -0.0969
15:29:24, 8.10, 243, 9.14, 359.08, 348.82, 0.9921, -0.0157, 0.0785, -0.0964
15:29:24, 8.13, 244, 9.10, 359.10, 348.87, 0.9922, -0.0155, 0.0782, -0.0961
15:29:24, 8.13, 244, 9.08, 359.12, 348.88, 0.9922, -0.0153, 0.0781, -0.0959
15:29:24, 8.17, 245, 9.04, 359.15, 348.91, 0.9923, -0.0149, 0.0777, -0.0958
15:29:24, 8.17, 245, 9.00, 359.13, 348.90, 0.9923, -0.0151, 0.0774, -0.0958
15:29:24, 8.20, 246, 9.00, 359.12, 348.91, 0.9923, -0.0152, 0.0773, -0.0957
15:29:24, 8.20, 246, 9.01, 359.09, 348.91, 0.9923, -0.0154, 0.0774, -0.0957
15:29:24, 8.20, 246, 9.00, 359.07, 348.91, 0.9923, -0.0156, 0.0773, -0.0957
15:29:24, 8.23, 247, 9.02, 359.01, 348.95, 0.9923, -0.0161, 0.0774, -0.0953
15:29:24, 8.23, 247, 9.01, 358.98, 348.95, 0.9923, -0.0164, 0.0774, -0.0953
15:29:24, 8.27, 248, 9.04, 358.96, 348.96, 0.9923, -0.0166, 0.0776, -0.0952
15:29:24, 8.27, 248, 9.03, 358.94, 349.01, 0.9923, -0.0168, 0.0775, -0.0947
15:29:24, 8.27, 248, 9.04, 358.90, 349.07, 0.9924, -0.0170, 0.0775, -0.0942
15:29:24, 8.30, 249, 9.06, 358.86, 349.15, 0.9924, -0.0173, 0.0777, -0.0934
15:29:24, 8.30, 249, 9.09, 358.81, 349.21, 0.9925, -0.0178, 0.0779, -0.0929
15:29:24, 8.33, 250, 9.12, 358.74, 349.30, 0.9925, -0.0183, 0.0781, -0.0921
15:29:24, 8.33, 250, 9.14, 358.69, 349.37, 0.9926, -0.0187, 0.0783, -0.0915
15:29:24, 8.37, 251, 9.18, 358.66, 349.45, 0.9926, -0.0189, 0.0786, -0.0907
15:29:24, 8.37, 251, 9.21, 358.64, 349.45, 0.9926, -0.0192, 0.0789, -0.0907
15:29:24, 8.37, 251, 9.24, 358.62, 349.46, 0.9926, -0.0194, 0.0791, -0.0906
15:29:24, 8.40, 252, 9.25, 358.62, 349.42, 0.9925, -0.0193, 0.0791, -0.0910
15:29:24, 8.40, 252, 9.22, 358.64, 349.35, 0.9925, -0.0192, 0.0790, -0.0915
15:29:24, 8.43, 253, 9.21, 358.69, 349.22, 0.9924, -0.0189, 0.0789, -0.0927
15:29:24, 8.43, 253, 9.18, 358.74, 349.05, 0.9923, -0.0186, 0.0786, -0.0943
15:29:24, 8.43, 253, 9.15, 358.75, 348.94, 0.9922, -0.0186, 0.0784, -0.0952
15:29:24, 8.47, 254, 9.11, 358.71, 348.90, 0.9922, -0.0189, 0.0780, -0.0956
15:29:24, 8.47, 254, 9.06, 358.65, 348.85, 0.9922, -0.0193, 0.0775, -0.0959
15:29:24, 8.50, 255, 9.01, 358.56, 348.83, 0.9922, -0.0201, 0.0770, -0.0960
15:29:24, 8.50, 255, 8.96, 358.49, 348.89, 0.9923, -0.0207, 0.0764, -0.0955
15:29:24, 8.53, 256, 8.89, 358.46, 348.94, 0.9924, -0.0208, 0.0758, -0.0950
15:29:24, 8.53, 256, 8.87, 358.42, 348.96, 0.9924, -0.0211, 0.0756, -0.0949
15:29:24, 8.53, 256, 8.84, 358.38, 348.95, 0.9924, -0.0214, 0.0754, -0.0949
15:29:25, 8.57, 257, 8.83, 358.32, 348.90, 0.9924, -0.0220, 0.0752, -0.0953
15:29:25, 8.57, 257, 8.85, 358.25, 348.89, 0.9923, -0.0226, 0.0753, -0.0954
15:29:25, 8.60, 258, 8.83, 358.21, 348.85, 0.9923, -0.0230, 0.0751, -0.0957
15:29:25, 8.60, 258, 8.84, 358.20, 348.85, 0.9923, -0.0231, 0.0752, -0.0956
15:29:25, 8.60, 258, 8.87, 358.20, 348.89, 0.9923, -0.0231, 0.0754, -0.0953
15:29:25, 8.63, 259, 8.90, 358.21, 348.91, 0.9923, -0.0230, 0.0757, -0.0951
15:29:25, 8.63, 259, 8.91, 358.21, 348.91, 0.9923, -0.0230, 0.0758, -0.0951
15:29:25, 8.67, 260, 8.94, 358.27, 348.91, 0.9923, -0.0225, 0.0761, -0.0952
15:29:25, 8.67, 260, 8.99, 358.35, 348.89, 0.9923, -0.0218, 0.0766, -0.0954
15:29:25, 8.67, 260, 9.00, 358.44, 348.87, 0.9922, -0.0212, 0.0768, -0.0956
15:29:25, 8.70, 261, 9.01, 358.49, 348.90, 0.9922, -0.0206, 0.0769, -0.0954
15:29:25, 8.70, 261, 9.05, 358.53, 348.87, 0.9922, -0.0204, 0.0772, -0.0957
15:29:25, 8.73, 262, 9.07, 358.54, 348.87, 0.9922, -0.0203, 0.0774, -0.0957
15:29:25, 8.73, 262, 9.09, 358.54, 348.86, 0.9922, -0.0203, 0.0776, -0.0958
15:29:25, 8.77, 263, 9.11, 358.56, 348.86, 0.9922, -0.0202, 0.0778, -0.0957
15:29:25, 8.77, 263, 9.13, 358.53, 348.86, 0.9921, -0.0205, 0.0779, -0.0957
15:29:25, 8.77, 263, 9.15, 358.51, 348.84, 0.9921, -0.0207, 0.0781, -0.0959
15:29:25, 8.80, 264, 9.19, 358.52, 348.84, 0.9921, -0.0206, 0.0785, -0.0959
15:29:25, 8.80, 264, 9.24, 358.55, 348.83, 0.9920, -0.0204, 0.0789, -0.0960
15:29:25, 8.83, 265, 9.23, 358.55, 348.82, 0.9920, -0.0204, 0.0788, -0.0961
15:29:25, 8.83, 265, 9.24, 358.53, 348.86, 0.9921, -0.0206, 0.0789, -0.0957
15:29:25, 8.87, 266, 9.28, 358.50, 348.89, 0.9921, -0.0208, 0.0792, -0.0954
15:29:25, 8.87, 266, 9.32, 358.51, 348.93, 0.9921, -0.0208, 0.0796, -0.0950
15:29:25, 8.87, 266, 9.34, 358.49, 348.95, 0.9921, -0.0210, 0.0798, -0.0948
15:29:25, 8.90, 267, 9.39, 358.45, 349.02, 0.9921, -0.0213, 0.0802, -0.0943
15:29:25, 8.90, 267, 9.40, 358.46, 349.02, 0.9921, -0.0212, 0.0803, -0.0942
15:29:25, 8.93, 268, 9.42, 358.46, 349.06, 0.9921, -0.0212, 0.0805, -0.0939
15:29:25, 8.93, 268, 9.42, 358.47, 349.05, 0.9921, -0.0210, 0.0804, -0.0940
15:29:25, 8.93, 268, 9.45, 358.44, 349.08, 0.9921, -0.0214, 0.0807, -0.0937
15:29:25, 8.97, 269, 9.42, 358.42, 349.12, 0.9921, -0.0215, 0.0804, -0.0934
15:29:25, 8.97, 269, 9.44, 358.37, 349.17, 0.9922, -0.0219, 0.0806, -0.0928
15:29:25, 9.00, 270, 9.48, 358.30, 349.21, 0.9922, -0.0225, 0.0809, -0.0925
15:29:25, 9.00, 270, 9.54, 358.24, 349.27, 0.9922, -0.0231, 0.0814, -0.0919
15:29:25, 9.03, 271, 9.64, 358.15, 349.30, 0.9921, -0.0238, 0.0821, -0.0915
15:29:25, 9.03, 271, 9.78, 358.07, 349.36, 0.9921, -0.0246, 0.0833, -0.0910
15:29:25, 9.03, 271, 9.96, 358.02, 349.43, 0.9920, -0.0252, 0.0848, -0.0903
15:29:25, 9.07, 272, 10.11, 357.98, 349.45, 0.9919, -0.0256, 0.0861, -0.0900
15:29:25, 9.07, 272, 10.28, 357.95, 349.51, 0.9918, -0.0259, 0.0876, -0.0894
15:29:25, 9.10, 273, 10.47, 357.89, 349.54, 0.9917, -0.0266, 0.0892, -0.0891
15:29:25, 9.10, 273, 10.66, 357.85, 349.59, 0.9915, -0.0271, 0.0908, -0.0886
15:29:25, 9.10, 273, 10.88, 357.76, 349.67, 0.9914, -0.0279, 0.0927, -0.0877
15:29:25, 9.13, 274, 11.11, 357.63, 349.73, 0.9913, -0.0292, 0.0945, -0.0871
15:29:25, 9.13, 274, 11.34, 357.46, 349.81, 0.9911, -0.0308, 0.0964, -0.0862
15:29:25, 9.17, 275, 11.58, 357.24, 349.89, 0.9910, -0.0327, 0.0984, -0.0852
15:29:25, 9.17, 275, 11.87, 356.89, 350.00, 0.9907, -0.0359, 0.1006, -0.0839
15:29:25, 9.20, 276, 12.28, 356.09, 350.28, 0.9904, -0.0428, 0.1036, -0.0805
15:29:25, 9.20, 276, 12.84, 354.74, 350.77, 0.9899, -0.0544, 0.1077, -0.0747
15:29:25, 9.20, 276, 13.55, 353.06, 351.32, 0.9889, -0.0688, 0.1128, -0.0679
15:29:25, 9.23, 277, 14.19, 351.78, 351.58, 0.9878, -0.0800, 0.1176, -0.0638
15:29:25, 9.23, 277, 14.80, 350.96, 351.68, 0.9867, -0.0873, 0.1223, -0.0616
15:29:25, 9.27, 278, 15.24, 350.37, 351.73, 0.9859, -0.0925, 0.1258, -0.0601
15:29:25, 9.27, 278, 15.66, 350.01, 351.70, 0.9852, -0.0958, 0.1291, -0.0596
15:29:25, 9.27, 278, 16.01, 349.52, 351.74, 0.9845, -0.1002, 0.1318, -0.0583
15:29:25, 9.30, 279, 16.36, 349.07, 351.72, 0.9837, -0.1042, 0.1344, -0.0576
15:29:25, 9.30, 279, 16.62, 348.60, 351.69, 0.9831, -0.1085, 0.1363, -0.0570
15:29:25, 9.33, 280, 16.77, 348.11, 351.76, 0.9825, -0.1126, 0.1373, -0.0556
15:29:25, 9.33, 280, 16.96, 347.64, 351.71, 0.9819, -0.1168, 0.1385, -0.0552
15:29:25, 9.37, 281, 17.05, 347.18, 351.72, 0.9814, -0.1208, 0.1390, -0.0545
15:29:25, 9.37, 281, 17.20, 346.80, 351.69, 0.9809, -0.1241, 0.1399, -0.0540
15:29:25, 9.37, 281, 17.21, 346.39, 351.72, 0.9805, -0.1276, 0.1397, -0.0532
15:29:25, 9.40, 282, 17.29, 346.01, 351.71, 0.9800, -0.1309, 0.1401, -0.0527
15:29:25, 9.40, 282, 17.37, 345.61, 351.65, 0.9795, -0.1344, 0.1404, -0.0525
15:29:25, 9.43, 283, 17.38, 345.28, 351.68, 0.9792, -0.1372, 0.1403, -0.0519
15:29:25, 9.43, 283, 17.41, 344.91, 351.66, 0.9788, -0.1404, 0.1402, -0.0514
15:29:25, 9.43, 283, 17.48, 344.43, 351.67, 0.9782, -0.1444, 0.1405, -0.0506
15:29:25, 9.47, 284, 17.51, 343.98, 351.70, 0.9777, -0.1483, 0.1404, -0.0497
15:29:25, 9.47, 284, 17.55, 343.54, 351.62, 0.9771, -0.1522, 0.1402, -0.0496
15:29:25, 9.50, 285, 17.55, 343.23, 351.65, 0.9768, -0.1547, 0.1401, -0.0490
15:29:25, 9.50, 285, 17.53, 342.89, 351.68, 0.9764, -0.1576, 0.1396, -0.0482
15:29:25, 9.53, 286, 17.49, 342.57, 351.72, 0.9761, -0.1602, 0.1391, -0.0475
15:29:25, 9.53, 286, 17.55, 342.26, 351.73, 0.9756, -0.1629, 0.1394, -0.0469
15:29:25, 9.53, 286, 17.52, 341.98, 351.81, 0.9754, -0.1652, 0.1389, -0.0459
15:29:26, 9.57, 287, 17.47, 341.73, 351.86, 0.9751, -0.1672, 0.1385, -0.0452
15:29:26, 9.57, 287, 17.42, 341.55, 351.85, 0.9749, -0.1687, 0.1378, -0.0451
15:29:26, 9.60, 288, 17.39, 341.41, 351.91, 0.9748, -0.1698, 0.1376, -0.0445
15:29:26, 9.60, 288, 17.34, 341.30, 351.93, 0.9747, -0.1707, 0.1371, -0.0442
15:29:26, 9.60, 288, 17.30, 341.17, 351.96, 0.9746, -0.1718, 0.1366, -0.0439
15:29:26, 9.63, 289, 17.24, 341.06, 352.00, 0.9746, -0.1726, 0.1361, -0.0434
15:29:26, 9.63, 289, 17.19, 341.00, 352.03, 0.9746, -0.1730, 0.1357, -0.0432
15:29:26, 9.67, 290, 17.15, 340.83, 352.04, 0.9744, -0.1744, 0.1353, -0.0429
15:29:26, 9.67, 290, 17.12, 340.64, 352.06, 0.9742, -0.1760, 0.1349, -0.0425
15:29:26, 9.70, 291, 17.10, 340.45, 352.06, 0.9739, -0.1777, 0.1346, -0.0423
15:29:26, 9.70, 291, 17.07, 340.26, 352.10, 0.9737, -0.1792, 0.1342, -0.0417
15:29:26, 9.70, 291, 17.02, 340.12, 352.12, 0.9736, -0.1804, 0.1337, -0.0415
15:29:26, 9.73, 292, 16.99, 340.02, 352.12, 0.9735, -0.1812, 0.1334, -0.0413
15:29:26, 9.73, 292, 16.98, 339.91, 352.12, 0.9734, -0.1821, 0.1331, -0.0412
15:29:26, 9.77, 293, 16.96, 339.75, 352.11, 0.9731, -0.1834, 0.1328, -0.0411
15:29:26, 9.77, 293, 16.96, 339.59, 352.11, 0.9729, -0.1848, 0.1328, -0.0409
15:29:26, 9.77, 293, 16.95, 339.43, 352.12, 0.9727, -0.1861, 0.1325, -0.0406
15:29:26, 9.80, 294, 16.96, 339.33, 352.14, 0.9725, -0.1870, 0.1325, -0.0403
15:29:26, 9.80, 294, 16.93, 339.28, 352.15, 0.9725, -0.1874, 0.1323, -0.0402
15:29:26, 9.83, 295, 16.92, 339.25, 352.15, 0.9725, -0.1876, 0.1322, -0.0402
15:29:26, 9.83, 295, 16.92, 339.25, 352.16, 0.9725, -0.1876, 0.1322, -0.0401
15:29:26, 9.87, 296, 16.88, 339.26, 352.19, 0.9726, -0.1875, 0.1319, -0.0399
15:29:26, 9.87, 296, 16.85, 339.21, 352.24, 0.9725, -0.1878, 0.1317, -0.0395
15:29:26, 9.87, 296, 16.80, 339.23, 352.28, 0.9726, -0.1876, 0.1313, -0.0392
15:29:26, 9.90, 297, 16.75, 339.24, 352.30, 0.9727, -0.1875, 0.1310, -0.0391
15:29:26, 9.90, 297, 16.71, 339.25, 352.33, 0.9728, -0.1874, 0.1307, -0.0390
15:29:26, 9.93, 298, 16.67, 339.25, 352.34, 0.9728, -0.1873, 0.1303, -0.0390
15:29:26, 9.93, 298, 16.63, 339.28, 352.33, 0.9729, -0.1871, 0.1300, -0.0392
15:29:26, 9.93, 298, 16.63, 339.29, 352.32, 0.9729, -0.1870, 0.1300, -0.0392
15:29:26, 9.97, 299, 16.59, 339.31, 352.36, 0.9730, -0.1868, 0.1298, -0.0390
15:29:26, 9.97, 299, 16.56, 339.35, 352.38, 0.9731, -0.1864, 0.1296, -0.0390
