Timestamp, VideoTime, VideoFrame, HeadYaw, HeadPitch, HeadRoll, HeadQuatW, HeadQuatX, HeadQuatY, HeadQuatZ
15:21:44, 0.00, 0, 276.76, 40.81, 343.02, 0.7271, 0.3497, -0.5772, 0.1256
15:21:44, 0.03, 1, 276.29, 40.83, 343.02, 0.7248, 0.3493, -0.5801, 0.1271
15:21:44, 0.03, 1, 275.80, 40.78, 342.98, 0.7224, 0.3487, -0.5833, 0.1281
15:21:44, 0.03, 1, 275.40, 40.76, 342.99, 0.7204, 0.3481, -0.5859, 0.1292
15:21:44, 0.07, 2, 275.04, 40.72, 342.99, 0.7186, 0.3474, -0.5883, 0.1301
15:21:44, 0.07, 2, 274.71, 40.73, 343.06, 0.7168, 0.3468, -0.5905, 0.1316
15:21:44, 0.10, 3, 274.34, 40.69, 342.99, 0.7150, 0.3465, -0.5927, 0.1320
15:21:44, 0.10, 3, 274.01, 40.62, 343.01, 0.7134, 0.3455, -0.5951, 0.1328
15:21:44, 0.10, 3, 273.69, 40.64, 343.04, 0.7117, 0.3452, -0.5970, 0.1340
15:21:44, 0.13, 4, 273.45, 40.74, 343.08, 0.7102, 0.3452, -0.5984, 0.1356
15:21:44, 0.13, 4, 273.13, 40.73, 343.02, 0.7086, 0.3451, -0.6002, 0.1361
15:21:44, 0.17, 5, 272.78, 40.79, 342.89, 0.7069, 0.3457, -0.6018, 0.1367
15:21:44, 0.17, 5, 272.42, 40.78, 342.82, 0.7051, 0.3456, -0.6038, 0.1373
15:21:44, 0.17, 5, 272.07, 40.76, 342.84, 0.7032, 0.3449, -0.6061, 0.1384
15:21:44, 0.20, 6, 271.70, 40.71, 342.85, 0.7013, 0.3442, -0.6085, 0.1392
15:21:44, 0.20, 6, 271.32, 40.68, 342.82, 0.6994, 0.3437, -0.6109, 0.1401
15:21:44, 0.23, 7, 270.94, 40.66, 342.74, 0.6975, 0.3435, -0.6130, 0.1406
15:21:44, 0.23, 7, 270.53, 40.69, 342.75, 0.6952, 0.3431, -0.6155, 0.1421
15:21:44, 0.27, 8, 270.09, 40.60, 342.70, 0.6930, 0.3424, -0.6182, 0.1425
15:21:44, 0.27, 8, 269.71, 40.54, 342.75, 0.6910, 0.3413, -0.6208, 0.1436
15:21:44, 0.27, 8, 269.15, 40.49, 342.72, 0.6881, 0.3405, -0.6242, 0.1448
15:21:44, 0.30, 9, 268.56, 40.48, 342.66, 0.6849, 0.3400, -0.6276, 0.1461
15:21:44, 0.30, 9, 268.10, 40.40, 342.68, 0.6825, 0.3390, -0.6307, 0.1471
15:21:44, 0.33, 10, 267.62, 40.33, 342.67, 0.6799, 0.3380, -0.6337, 0.1480
15:21:44, 0.33, 10, 267.16, 40.30, 342.76, 0.6773, 0.3367, -0.6368, 0.1497
15:21:44, 0.33, 10, 266.63, 40.20, 342.81, 0.6744, 0.3353, -0.6403, 0.1510
15:21:44, 0.37, 11, 266.10, 40.07, 342.77, 0.6716, 0.3340, -0.6438, 0.1514
15:21:44, 0.37, 11, 265.66, 39.97, 342.82, 0.6692, 0.3327, -0.6468, 0.1524
15:21:44, 0.40, 12, 265.19, 39.94, 342.82, 0.6665, 0.3319, -0.6496, 0.1536
15:21:44, 0.40, 12, 264.73, 39.97, 342.78, 0.6639, 0.3317, -0.6521, 0.1549
15:21:44, 0.43, 13, 264.36, 39.91, 342.82, 0.6618, 0.3306, -0.6545, 0.1558
15:21:44, 0.43, 13, 263.89, 39.79, 342.83, 0.6593, 0.3293, -0.6576, 0.1565
15:21:44, 0.43, 13, 263.48, 39.70, 342.84, 0.6570, 0.3282, -0.6602, 0.1571
15:21:44, 0.47, 14, 263.11, 39.72, 342.84, 0.6548, 0.3278, -0.6623, 0.1583
15:21:44, 0.47, 14, 262.67, 39.60, 342.75, 0.6525, 0.3272, -0.6649, 0.1583
15:21:44, 0.50, 15, 262.22, 39.53, 342.73, 0.6500, 0.3262, -0.6677, 0.1590
15:21:44, 0.50, 15, 261.76, 39.44, 342.67, 0.6475, 0.3255, -0.6704, 0.1594
15:21:44, 0.50, 15, 261.21, 39.33, 342.48, 0.6446, 0.3253, -0.6733, 0.1592
15:21:45, 0.53, 16, 260.63, 39.23, 342.29, 0.6416, 0.3252, -0.6762, 0.1591
15:21:45, 0.53, 16, 260.07, 39.17, 342.02, 0.6387, 0.3257, -0.6788, 0.1588
15:21:45, 0.57, 17, 259.61, 39.14, 341.83, 0.6363, 0.3261, -0.6809, 0.1589
15:21:45, 0.57, 17, 259.08, 38.98, 341.63, 0.6335, 0.3257, -0.6838, 0.1582
15:21:45, 0.60, 18, 258.62, 38.80, 341.53, 0.6311, 0.3248, -0.6865, 0.1578
15:21:45, 0.60, 18, 258.24, 38.67, 341.41, 0.6290, 0.3244, -0.6887, 0.1573
15:21:45, 0.60, 18, 257.85, 38.52, 341.29, 0.6270, 0.3239, -0.6910, 0.1567
15:21:45, 0.63, 19, 257.64, 38.43, 341.32, 0.6257, 0.3230, -0.6924, 0.1569
15:21:45, 0.63, 19, 257.36, 38.28, 341.23, 0.6243, 0.3224, -0.6942, 0.1563
15:21:45, 0.67, 20, 257.26, 38.24, 341.25, 0.6237, 0.3220, -0.6949, 0.1564
15:21:45, 0.67, 20, 257.12, 38.15, 341.26, 0.6228, 0.3213, -0.6960, 0.1563
15:21:45, 0.67, 20, 257.02, 38.07, 341.35, 0.6222, 0.3203, -0.6970, 0.1565
15:21:45, 0.70, 21, 256.91, 38.04, 341.42, 0.6214, 0.3195, -0.6979, 0.1569
15:21:45, 0.70, 21, 256.82, 38.07, 341.44, 0.6208, 0.3194, -0.6984, 0.1575
15:21:45, 0.73, 22, 256.77, 38.08, 341.46, 0.6205, 0.3193, -0.6987, 0.1579
15:21:45, 0.73, 22, 256.67, 38.06, 341.48, 0.6199, 0.3190, -0.6993, 0.1581
15:21:45, 0.77, 23, 256.58, 37.99, 341.54, 0.6193, 0.3181, -0.7002, 0.1581
15:21:45, 0.77, 23, 256.47, 37.96, 341.57, 0.6186, 0.3176, -0.7010, 0.1585
15:21:45, 0.77, 23, 256.36, 37.95, 341.58, 0.6179, 0.3174, -0.7016, 0.1587
15:21:45, 0.80, 24, 256.27, 37.93, 341.59, 0.6174, 0.3171, -0.7022, 0.1589
15:21:45, 0.80, 24, 256.21, 37.90, 341.61, 0.6170, 0.3167, -0.7027, 0.1590
15:21:45, 0.83, 25, 256.21, 37.86, 341.66, 0.6170, 0.3162, -0.7029, 0.1590
15:21:45, 0.83, 25, 256.22, 37.82, 341.72, 0.6169, 0.3157, -0.7032, 0.1590
15:21:45, 0.83, 25, 256.24, 37.75, 341.86, 0.6169, 0.3146, -0.7036, 0.1593
15:21:45, 0.87, 26, 256.28, 37.70, 341.97, 0.6171, 0.3137, -0.7039, 0.1594
15:21:45, 0.87, 26, 256.36, 37.69, 342.08, 0.6174, 0.3130, -0.7038, 0.1597
15:21:45, 0.90, 27, 256.43, 37.68, 342.19, 0.6177, 0.3124, -0.7037, 0.1600
15:21:45, 0.90, 27, 256.51, 37.64, 342.33, 0.6180, 0.3116, -0.7038, 0.1603
15:21:45, 0.93, 28, 256.55, 37.64, 342.40, 0.6181, 0.3112, -0.7037, 0.1606
15:21:45, 0.93, 28, 256.57, 37.65, 342.47, 0.6182, 0.3108, -0.7038, 0.1610
15:21:45, 0.93, 28, 256.62, 37.66, 342.56, 0.6184, 0.3104, -0.7037, 0.1614
15:21:45, 0.97, 29, 256.65, 37.68, 342.61, 0.6184, 0.3102, -0.7037, 0.1618
15:21:45, 0.97, 29, 256.65, 37.71, 342.61, 0.6184, 0.3103, -0.7036, 0.1619
15:21:45, 1.00, 30, 256.68, 37.76, 342.64, 0.6185, 0.3105, -0.7033, 0.1623
15:21:45, 1.00, 30, 256.70, 37.78, 342.69, 0.6186, 0.3102, -0.7033, 0.1626
15:21:45, 1.00, 30, 256.72, 37.82, 342.71, 0.6186, 0.3103, -0.7032, 0.1630
15:21:45, 1.03, 31, 256.73, 37.88, 342.73, 0.6186, 0.3105, -0.7030, 0.1635
15:21:45, 1.03, 31, 256.79, 37.88, 342.73, 0.6190, 0.3106, -0.7027, 0.1633
15:21:45, 1.07, 32, 256.89, 37.91, 342.76, 0.6195, 0.3107, -0.7021, 0.1634
15:21:45, 1.07, 32, 257.15, 37.92, 342.90, 0.6209, 0.3102, -0.7011, 0.1635
15:21:45, 1.10, 33, 257.43, 37.89, 343.10, 0.6224, 0.3093, -0.7001, 0.1636
15:21:45, 1.10, 33, 257.91, 37.89, 343.42, 0.6248, 0.3080, -0.6984, 0.1640
15:21:45, 1.10, 33, 258.44, 37.85, 343.77, 0.6276, 0.3065, -0.6966, 0.1644
15:21:45, 1.13, 34, 259.03, 37.82, 344.17, 0.6306, 0.3048, -0.6945, 0.1648
15:21:45, 1.13, 34, 259.64, 37.80, 344.56, 0.6338, 0.3032, -0.6922, 0.1652
15:21:45, 1.17, 35, 260.44, 37.80, 345.03, 0.6379, 0.3015, -0.6890, 0.1656
15:21:45, 1.17, 35, 261.20, 37.86, 345.44, 0.6419, 0.3004, -0.6857, 0.1663
15:21:45, 1.17, 35, 262.03, 37.93, 345.95, 0.6459, 0.2989, -0.6822, 0.1675
15:21:45, 1.20, 36, 262.94, 37.86, 346.48, 0.6506, 0.2968, -0.6786, 0.1676
15:21:45, 1.20, 36, 263.71, 37.89, 346.91, 0.6546, 0.2955, -0.6752, 0.1683
15:21:45, 1.23, 37, 264.42, 37.80, 347.19, 0.6584, 0.2944, -0.6721, 0.1675
15:21:45, 1.23, 37, 265.27, 37.70, 347.63, 0.6629, 0.2926, -0.6686, 0.1672
15:21:45, 1.27, 38, 266.19, 37.65, 348.14, 0.6675, 0.2907, -0.6647, 0.1676
15:21:45, 1.27, 38, 267.19, 37.65, 348.71, 0.6725, 0.2889, -0.6602, 0.1684
15:21:45, 1.27, 38, 268.27, 37.57, 349.43, 0.6777, 0.2859, -0.6560, 0.1694
15:21:45, 1.30, 39, 269.39, 37.48, 350.08, 0.6833, 0.2834, -0.6511, 0.1699
15:21:45, 1.30, 39, 270.50, 37.31, 350.69, 0.6889, 0.2805, -0.6464, 0.1698
15:21:45, 1.33, 40, 271.61, 37.18, 351.26, 0.6945, 0.2782, -0.6414, 0.1698
15:21:45, 1.33, 40, 272.80, 37.00, 351.89, 0.7005, 0.2754, -0.6361, 0.1697
15:21:45, 1.33, 40, 274.07, 36.80, 352.58, 0.7068, 0.2723, -0.6304, 0.1697
15:21:45, 1.37, 41, 275.46, 36.56, 353.34, 0.7137, 0.2688, -0.6241, 0.1698
15:21:45, 1.37, 41, 276.78, 36.37, 354.01, 0.7202, 0.2660, -0.6179, 0.1699
15:21:45, 1.40, 42, 278.09, 36.01, 354.62, 0.7269, 0.2624, -0.6117, 0.1686
15:21:45, 1.40, 42, 279.43, 35.76, 355.26, 0.7336, 0.2595, -0.6052, 0.1683
15:21:45, 1.43, 43, 280.82, 35.42, 355.91, 0.7406, 0.2559, -0.5983, 0.1676
15:21:45, 1.43, 43, 282.33, 35.04, 356.64, 0.7481, 0.2519, -0.5908, 0.1669
15:21:45, 1.43, 43, 283.89, 34.76, 357.42, 0.7554, 0.2484, -0.5829, 0.1672
15:21:45, 1.47, 44, 285.51, 34.42, 358.19, 0.7632, 0.2447, -0.5743, 0.1670
15:21:45, 1.47, 44, 287.14, 34.11, 359.02, 0.7707, 0.2408, -0.5657, 0.1676
15:21:45, 1.50, 45, 288.88, 33.73, 359.86, 0.7787, 0.2367, -0.5562, 0.1678
15:21:45, 1.50, 45, 290.70, 33.19, 0.72, 0.7873, 0.2315, -0.5463, 0.1674
15:21:45, 1.50, 45, 292.72, 32.73, 1.88, 0.7961, 0.2258, -0.5353, 0.1692
15:21:46, 1.53, 46, 294.91, 32.08, 3.14, 0.8058, 0.2187, -0.5232, 0.1708
15:21:46, 1.53, 46, 297.24, 31.35, 4.47, 0.8159, 0.2109, -0.5100, 0.1726
15:21:46, 1.57, 47, 299.64, 30.53, 5.86, 0.8261, 0.2025, -0.4960, 0.1748
15:21:46, 1.57, 47, 301.86, 29.68, 6.97, 0.8357, 0.1949, -0.4824, 0.1756
15:21:46, 1.60, 48, 304.00, 28.87, 7.87, 0.8450, 0.1884, -0.4687, 0.1755
15:21:46, 1.60, 48, 306.01, 28.03, 8.68, 0.8537, 0.1819, -0.4554, 0.1750
15:21:46, 1.60, 48, 308.03, 27.21, 9.55, 0.8621, 0.1753, -0.4420, 0.1754
15:21:46, 1.63, 49, 309.92, 26.35, 10.33, 0.8699, 0.1686, -0.4290, 0.1755
15:21:46, 1.63, 49, 311.69, 25.57, 10.91, 0.8772, 0.1631, -0.4164, 0.1747
15:21:46, 1.67, 50, 313.31, 24.71, 11.26, 0.8843, 0.1575, -0.4045, 0.1723
15:21:46, 1.67, 50, 314.79, 23.85, 11.55, 0.8907, 0.1520, -0.3933, 0.1699
15:21:46, 1.67, 50, 316.32, 22.95, 11.88, 0.8971, 0.1460, -0.3817, 0.1677
15:21:46, 1.70, 51, 317.76, 22.07, 12.24, 0.9030, 0.1398, -0.3707, 0.1662
15:21:46, 1.70, 51, 319.10, 21.32, 12.66, 0.9081, 0.1344, -0.3604, 0.1658
15:21:46, 1.73, 52, 320.12, 20.84, 12.75, 0.9120, 0.1317, -0.3522, 0.1640
15:21:46, 1.73, 52, 320.96, 20.47, 12.74, 0.9152, 0.1299, -0.3454, 0.1619
15:21:46, 1.77, 53, 321.80, 20.12, 12.70, 0.9184, 0.1284, -0.3385, 0.1597
15:21:46, 1.77, 53, 322.74, 19.81, 12.49, 0.9220, 0.1278, -0.3305, 0.1562
15:21:46, 1.77, 53, 323.68, 19.70, 12.28, 0.9251, 0.1287, -0.3227, 0.1531
15:21:46, 1.80, 54, 324.60, 19.54, 12.15, 0.9281, 0.1291, -0.3150, 0.1506
15:21:46, 1.80, 54, 325.45, 19.30, 12.03, 0.9310, 0.1285, -0.3080, 0.1482
15:21:46, 1.83, 55, 326.28, 19.11, 12.00, 0.9335, 0.1281, -0.3011, 0.1465
15:21:46, 1.83, 55, 327.14, 18.85, 12.04, 0.9361, 0.1270, -0.2939, 0.1453
15:21:46, 1.83, 55, 328.12, 18.56, 12.10, 0.9390, 0.1257, -0.2858, 0.1440
15:21:46, 1.87, 56, 329.14, 18.41, 12.21, 0.9416, 0.1254, -0.2775, 0.1435
15:21:46, 1.87, 56, 330.17, 18.31, 12.38, 0.9440, 0.1255, -0.2692, 0.1436
15:21:46, 1.90, 57, 331.19, 18.08, 12.52, 0.9466, 0.1245, -0.2609, 0.1432
15:21:46, 1.90, 57, 332.21, 17.95, 12.61, 0.9489, 0.1245, -0.2524, 0.1425
15:21:46, 1.93, 58, 333.29, 17.68, 12.77, 0.9515, 0.1232, -0.2434, 0.1422
15:21:46, 1.93, 58, 334.46, 17.45, 13.03, 0.9539, 0.1222, -0.2339, 0.1427
15:21:46, 1.93, 58, 335.65, 17.16, 13.35, 0.9563, 0.1206, -0.2241, 0.1436
15:21:46, 1.97, 59, 336.85, 16.78, 13.80, 0.9586, 0.1181, -0.2142, 0.1455
15:21:46, 1.97, 59, 338.02, 16.44, 14.20, 0.9608, 0.1159, -0.2046, 0.1471
15:21:46, 2.00, 60, 339.07, 16.01, 14.51, 0.9628, 0.1131, -0.1957, 0.1481
15:21:46, 2.00, 60, 340.11, 15.70, 14.69, 0.9647, 0.1115, -0.1869, 0.1481
15:21:46, 2.03, 61, 340.96, 15.34, 14.77, 0.9665, 0.1094, -0.1795, 0.1475
15:21:46, 2.03, 61, 341.86, 15.01, 15.01, 0.9680, 0.1074, -0.1718, 0.1483
15:21:46, 2.03, 61, 342.71, 14.72, 15.16, 0.9694, 0.1059, -0.1645, 0.1484
15:21:46, 2.07, 62, 343.53, 14.50, 15.26, 0.9707, 0.1049, -0.1574, 0.1483
15:21:46, 2.07, 62, 344.25, 14.22, 15.23, 0.9720, 0.1035, -0.1510, 0.1470
15:21:46, 2.10, 63, 345.03, 13.99, 15.14, 0.9734, 0.1026, -0.1440, 0.1454
15:21:46, 2.10, 63, 345.82, 13.71, 15.20, 0.9746, 0.1012, -0.1372, 0.1449
15:21:46, 2.10, 63, 346.61, 13.46, 15.24, 0.9758, 0.1000, -0.1302, 0.1444
15:21:46, 2.13, 64, 347.42, 13.23, 15.34, 0.9769, 0.0989, -0.1231, 0.1443
15:21:46, 2.13, 64, 348.17, 13.02, 15.37, 0.9778, 0.0981, -0.1166, 0.1438
15:21:46, 2.17, 65, 348.94, 12.92, 15.41, 0.9786, 0.0981, -0.1099, 0.1433
15:21:46, 2.17, 65, 349.65, 12.72, 15.30, 0.9797, 0.0974, -0.1035, 0.1416
15:21:46, 2.17, 65, 350.38, 12.58, 15.18, 0.9806, 0.0972, -0.0970, 0.1399
15:21:46, 2.20, 66, 351.15, 12.39, 15.22, 0.9814, 0.0965, -0.0903, 0.1395
15:21:46, 2.20, 66, 351.96, 12.31, 15.25, 0.9820, 0.0968, -0.0833, 0.1390
15:21:46, 2.23, 67, 352.66, 12.25, 15.29, 0.9825, 0.0971, -0.0773, 0.1388
15:21:46, 2.23, 67, 353.40, 12.20, 15.23, 0.9831, 0.0975, -0.0708, 0.1377
15:21:46, 2.27, 68, 354.00, 12.19, 15.22, 0.9835, 0.0983, -0.0656, 0.1370
15:21:46, 2.27, 68, 354.61, 12.26, 15.03, 0.9840, 0.0997, -0.0603, 0.1349
15:21:46, 2.27, 68, 355.22, 12.19, 14.89, 0.9845, 0.0999, -0.0549, 0.1332
15:21:46, 2.30, 69, 355.70, 12.08, 14.77, 0.9850, 0.0995, -0.0505, 0.1317
15:21:46, 2.30, 69, 356.25, 11.99, 14.65, 0.9855, 0.0994, -0.0456, 0.1301
15:21:46, 2.33, 70, 356.69, 11.81, 14.38, 0.9861, 0.0984, -0.0414, 0.1274
15:21:46, 2.33, 70, 357.24, 11.60, 14.13, 0.9867, 0.0973, -0.0362, 0.1248
15:21:46, 2.33, 70, 357.81, 11.45, 13.91, 0.9873, 0.0967, -0.0310, 0.1224
15:21:46, 2.37, 71, 358.30, 11.25, 13.67, 0.9878, 0.0956, -0.0263, 0.1198
15:21:46, 2.37, 71, 358.80, 11.18, 13.38, 0.9883, 0.0956, -0.0217, 0.1169
15:21:46, 2.40, 72, 359.32, 11.13, 13.20, 0.9886, 0.0956, -0.0170, 0.1149
15:21:46, 2.40, 72, 359.81, 11.08, 12.99, 0.9889, 0.0957, -0.0126, 0.1127
15:21:46, 2.43, 73, 0.35, 10.96, 12.81, 0.9892, 0.0952, -0.0076, 0.1108
15:21:46, 2.43, 73, 0.82, 10.92, 12.58, 0.9895, 0.0953, -0.0034, 0.1084
15:21:46, 2.43, 73, 1.37, 10.88, 12.37, 0.9897, 0.0955, 0.0016, 0.1062
15:21:46, 2.47, 74, 1.78, 10.91, 12.16, 0.9899, 0.0961, 0.0053, 0.1039
15:21:46, 2.47, 74, 2.29, 10.95, 11.97, 0.9900, 0.0970, 0.0099, 0.1018
15:21:46, 2.50, 75, 2.76, 10.97, 11.72, 0.9902, 0.0975, 0.0141, 0.0993
15:21:46, 2.50, 75, 3.30, 10.91, 11.47, 0.9903, 0.0974, 0.0190, 0.0968
15:21:46, 2.53, 76, 3.83, 10.85, 11.26, 0.9905, 0.0973, 0.0238, 0.0944
15:21:47, 2.53, 76, 4.49, 10.76, 10.97, 0.9906, 0.0970, 0.0298, 0.0914
15:21:47, 2.53, 76, 5.37, 10.53, 10.77, 0.9907, 0.0956, 0.0378, 0.0890
15:21:47, 2.57, 77, 6.37, 10.30, 10.82, 0.9905, 0.0944, 0.0466, 0.0888
15:21:47, 2.57, 77, 7.56, 9.95, 10.96, 0.9901, 0.0924, 0.0571, 0.0893
15:21:47, 2.60, 78, 8.90, 9.53, 11.19, 0.9894, 0.0899, 0.0689, 0.0905
15:21:47, 2.60, 78, 10.29, 9.15, 11.36, 0.9886, 0.0879, 0.0811, 0.0911
15:21:47, 2.60, 78, 11.66, 8.89, 11.55, 0.9876, 0.0869, 0.0930, 0.0919
15:21:47, 2.63, 79, 13.03, 8.83, 11.80, 0.9862, 0.0877, 0.1047, 0.0931
15:21:47, 2.63, 79, 14.33, 8.80, 12.02, 0.9848, 0.0888, 0.1157, 0.0941
15:21:47, 2.67, 80, 15.55, 8.96, 12.20, 0.9833, 0.0913, 0.1258, 0.0945
15:21:47, 2.67, 80, 16.62, 9.17, 12.35, 0.9819, 0.0941, 0.1347, 0.0946
15:21:47, 2.67, 80, 17.68, 9.23, 12.45, 0.9804, 0.0957, 0.1437, 0.0945
15:21:47, 2.70, 81, 18.64, 9.35, 12.52, 0.9791, 0.0976, 0.1517, 0.0941
15:21:47, 2.70, 81, 19.53, 9.33, 12.53, 0.9779, 0.0981, 0.1593, 0.0935
15:21:47, 2.73, 82, 20.26, 9.32, 12.35, 0.9770, 0.0984, 0.1657, 0.0913
15:21:47, 2.73, 82, 20.97, 9.23, 12.27, 0.9761, 0.0981, 0.1719, 0.0902
15:21:47, 2.77, 83, 21.53, 9.10, 12.25, 0.9753, 0.0974, 0.1768, 0.0898
15:21:47, 2.77, 83, 22.06, 8.86, 12.20, 0.9746, 0.0957, 0.1816, 0.0893
15:21:47, 2.77, 83, 22.63, 8.55, 12.15, 0.9739, 0.0934, 0.1869, 0.0889
15:21:47, 2.80, 84, 23.10, 8.14, 12.12, 0.9733, 0.0903, 0.1913, 0.0891
15:21:47, 2.80, 84, 23.57, 7.74, 12.09, 0.9727, 0.0871, 0.1957, 0.0891
15:21:47, 2.83, 85, 24.06, 7.49, 11.97, 0.9721, 0.0852, 0.2002, 0.0882
15:21:47, 2.83, 85, 24.51, 7.29, 11.87, 0.9714, 0.0837, 0.2043, 0.0874
15:21:47, 2.83, 85, 24.93, 7.10, 11.78, 0.9708, 0.0822, 0.2081, 0.0867
15:21:47, 2.87, 86, 25.32, 7.20, 11.78, 0.9700, 0.0834, 0.2113, 0.0862
15:21:47, 2.87, 86, 25.64, 7.31, 11.72, 0.9694, 0.0845, 0.2140, 0.0853
15:21:47, 2.90, 87, 25.93, 7.46, 11.70, 0.9689, 0.0859, 0.2162, 0.0846
15:21:47, 2.93, 88, 26.38, 7.82, 11.59, 0.9680, 0.0891, 0.2198, 0.0826
15:21:47, 2.93, 88, 26.63, 7.89, 11.56, 0.9675, 0.0898, 0.2218, 0.0820
15:21:47, 2.93, 88, 26.84, 7.92, 11.48, 0.9671, 0.0900, 0.2237, 0.0811
15:21:47, 2.97, 89, 27.10, 7.88, 11.43, 0.9666, 0.0898, 0.2259, 0.0806
15:21:47, 2.97, 89, 27.40, 7.86, 11.31, 0.9662, 0.0896, 0.2286, 0.0793
15:21:47, 3.00, 90, 27.71, 7.85, 11.30, 0.9655, 0.0897, 0.2312, 0.0790
15:21:47, 3.00, 90, 28.05, 7.83, 11.31, 0.9648, 0.0898, 0.2341, 0.0789
15:21:47, 3.00, 90, 28.39, 7.84, 11.32, 0.9641, 0.0901, 0.2369, 0.0787
15:21:47, 3.03, 91, 28.72, 7.84, 11.33, 0.9634, 0.0903, 0.2397, 0.0785
15:21:47, 3.03, 91, 29.08, 7.86, 11.28, 0.9627, 0.0906, 0.2427, 0.0778
15:21:47, 3.07, 92, 29.42, 7.82, 11.24, 0.9620, 0.0904, 0.2457, 0.0773
15:21:47, 3.07, 92, 29.79, 7.81, 11.19, 0.9613, 0.0905, 0.2488, 0.0766
15:21:47, 3.10, 93, 30.07, 7.80, 11.16, 0.9607, 0.0905, 0.2512, 0.0761
15:21:47, 3.10, 93, 30.36, 7.78, 11.03, 0.9601, 0.0903, 0.2537, 0.0748
15:21:47, 3.10, 93, 30.60, 7.77, 10.90, 0.9597, 0.0901, 0.2559, 0.0736
15:21:47, 3.13, 94, 30.84, 7.85, 10.77, 0.9592, 0.0906, 0.2579, 0.0721
15:21:47, 3.13, 94, 31.13, 7.89, 10.69, 0.9586, 0.0909, 0.2604, 0.0712
15:21:47, 3.17, 95, 31.35, 7.88, 10.71, 0.9581, 0.0910, 0.2622, 0.0711
15:21:47, 3.17, 95, 31.51, 7.79, 10.86, 0.9576, 0.0907, 0.2635, 0.0725
15:21:47, 3.20, 96, 31.41, 7.77, 11.35, 0.9576, 0.0916, 0.2623, 0.0767
15:21:47, 3.20, 96, 31.09, 7.74, 11.88, 0.9579, 0.0923, 0.2592, 0.0815
15:21:47, 3.20, 96, 30.72, 7.68, 12.03, 0.9587, 0.0919, 0.2561, 0.0832
15:21:47, 3.23, 97, 30.28, 7.60, 11.80, 0.9598, 0.0904, 0.2526, 0.0818
15:21:47, 3.23, 97, 29.89, 7.43, 11.45, 0.9610, 0.0880, 0.2498, 0.0796
15:21:47, 3.27, 98, 29.58, 7.46, 11.34, 0.9617, 0.0878, 0.2473, 0.0788
15:21:47, 3.27, 98, 29.30, 7.69, 11.30, 0.9623, 0.0894, 0.2448, 0.0782
15:21:47, 3.27, 98, 29.05, 8.05, 11.36, 0.9627, 0.0923, 0.2422, 0.0780
15:21:47, 3.30, 99, 28.81, 8.48, 11.40, 0.9630, 0.0959, 0.2398, 0.0776
15:21:47, 3.30, 99, 28.61, 8.89, 11.45, 0.9632, 0.0993, 0.2376, 0.0773
15:21:47, 3.33, 100, 28.43, 9.23, 11.53, 0.9633, 0.1022, 0.2357, 0.0774
15:21:47, 3.33, 100, 28.30, 9.45, 11.75, 0.9633, 0.1044, 0.2342, 0.0789
15:21:47, 3.33, 100, 28.24, 9.58, 11.98, 0.9633, 0.1059, 0.2333, 0.0806
15:21:47, 3.37, 101, 28.15, 9.55, 12.15, 0.9633, 0.1060, 0.2324, 0.0822
15:21:47, 3.37, 101, 28.08, 9.57, 12.31, 0.9633, 0.1064, 0.2317, 0.0835
15:21:47, 3.40, 102, 27.95, 9.62, 12.60, 0.9634, 0.1073, 0.2302, 0.0860
15:21:47, 3.40, 102, 27.75, 9.73, 12.85, 0.9635, 0.1086, 0.2282, 0.0880
15:21:47, 3.43, 103, 27.52, 9.86, 13.04, 0.9638, 0.1099, 0.2260, 0.0896
15:21:47, 3.43, 103, 27.23, 9.99, 13.14, 0.9642, 0.1109, 0.2233, 0.0905
15:21:47, 3.43, 103, 26.85, 10.12, 13.25, 0.9648, 0.1119, 0.2198, 0.0915
15:21:47, 3.47, 104, 26.38, 10.26, 13.35, 0.9655, 0.1129, 0.2156, 0.0925
15:21:47, 3.47, 104, 25.84, 10.52, 13.39, 0.9663, 0.1147, 0.2107, 0.0928
15:21:47, 3.50, 105, 25.27, 10.82, 13.33, 0.9673, 0.1167, 0.2056, 0.0923
15:21:47, 3.50, 105, 24.73, 11.21, 13.21, 0.9681, 0.1193, 0.2007, 0.0911
15:21:47, 3.53, 106, 24.17, 11.76, 13.12, 0.9688, 0.1233, 0.1955, 0.0898
15:21:48, 3.53, 106, 23.63, 12.37, 13.10, 0.9693, 0.1280, 0.1902, 0.0891
15:21:48, 3.53, 106, 23.09, 13.02, 13.08, 0.9697, 0.1330, 0.1849, 0.0883
15:21:48, 3.57, 107, 22.56, 13.61, 13.11, 0.9700, 0.1376, 0.1797, 0.0882
15:21:48, 3.57, 107, 22.08, 14.05, 12.98, 0.9705, 0.1407, 0.1753, 0.0868
15:21:48, 3.60, 108, 21.45, 14.29, 12.70, 0.9715, 0.1419, 0.1700, 0.0848
15:21:48, 3.60, 108, 20.76, 14.18, 12.32, 0.9729, 0.1399, 0.1647, 0.0827
15:21:48, 3.60, 108, 19.99, 13.94, 11.92, 0.9744, 0.1368, 0.1589, 0.0806
15:21:48, 3.63, 109, 19.20, 13.63, 11.49, 0.9761, 0.1330, 0.1530, 0.0783
15:21:48, 3.63, 109, 18.37, 13.39, 11.04, 0.9777, 0.1298, 0.1468, 0.0758
15:21:48, 3.67, 110, 17.61, 13.17, 10.62, 0.9791, 0.1269, 0.1409, 0.0734
15:21:48, 3.67, 110, 16.86, 13.11, 10.24, 0.9803, 0.1255, 0.1350, 0.0710
15:21:48, 3.67, 110, 16.06, 13.02, 10.10, 0.9814, 0.1240, 0.1284, 0.0709
15:21:48, 3.70, 111, 15.51, 12.87, 9.60, 0.9824, 0.1219, 0.1243, 0.0673
15:21:48, 3.70, 111, 15.11, 12.56, 9.35, 0.9833, 0.1188, 0.1214, 0.0660
15:21:48, 3.73, 112, 14.70, 12.37, 9.13, 0.9840, 0.1166, 0.1183, 0.0647
15:21:48, 3.73, 112, 14.35, 12.10, 8.96, 0.9847, 0.1140, 0.1157, 0.0639
15:21:48, 3.77, 113, 13.99, 11.82, 8.75, 0.9854, 0.1111, 0.1130, 0.0628
15:21:48, 3.77, 113, 13.68, 11.51, 8.45, 0.9861, 0.1080, 0.1108, 0.0609
15:21:48, 3.77, 113, 13.39, 11.13, 8.16, 0.9868, 0.1043, 0.1089, 0.0591
15:21:48, 3.80, 114, 13.14, 10.68, 7.99, 0.9875, 0.1001, 0.1072, 0.0583
15:21:48, 3.80, 114, 12.88, 10.23, 7.71, 0.9882, 0.0959, 0.1055, 0.0566
15:21:48, 3.83, 115, 12.66, 9.88, 7.40, 0.9888, 0.0925, 0.1041, 0.0544
15:21:48, 3.83, 115, 12.48, 9.53, 7.13, 0.9893, 0.0891, 0.1030, 0.0526
15:21:48, 3.83, 115, 12.23, 9.23, 6.83, 0.9898, 0.0862, 0.1013, 0.0505
15:21:48, 3.87, 116, 12.09, 8.87, 6.69, 0.9902, 0.0829, 0.1003, 0.0497
15:21:48, 3.87, 116, 12.02, 8.64, 6.53, 0.9905, 0.0807, 0.1000, 0.0486
15:21:48, 3.90, 117, 12.02, 8.15, 6.26, 0.9909, 0.0762, 0.1004, 0.0467
15:21:48, 3.90, 117, 11.90, 7.83, 5.95, 0.9913, 0.0732, 0.0998, 0.0445
15:21:48, 3.93, 118, 11.88, 7.48, 5.68, 0.9916, 0.0699, 0.0999, 0.0425
15:21:48, 3.93, 118, 11.88, 6.97, 5.33, 0.9920, 0.0652, 0.1004, 0.0398
15:21:48, 3.93, 118, 11.94, 6.46, 5.04, 0.9923, 0.0606, 0.1013, 0.0378
15:21:48, 3.97, 119, 12.05, 5.88, 4.70, 0.9925, 0.0552, 0.1027, 0.0354
15:21:48, 3.97, 119, 12.19, 5.38, 4.57, 0.9927, 0.0509, 0.1041, 0.0346
15:21:48, 4.00, 120, 12.35, 5.00, 4.42, 0.9927, 0.0475, 0.1057, 0.0336
15:21:48, 4.00, 120, 12.62, 4.60, 4.19, 0.9926, 0.0439, 0.1083, 0.0319
15:21:48, 4.03, 121, 12.91, 4.27, 3.99, 0.9925, 0.0409, 0.1110, 0.0304
15:21:48, 4.03, 121, 13.21, 3.73, 3.78, 0.9924, 0.0361, 0.1138, 0.0290
15:21:48, 4.03, 121, 13.54, 3.27, 3.59, 0.9922, 0.0320, 0.1169, 0.0277
15:21:48, 4.07, 122, 13.91, 2.80, 3.36, 0.9920, 0.0278, 0.1203, 0.0262
15:21:48, 4.07, 122, 14.32, 2.38, 3.17, 0.9917, 0.0240, 0.1240, 0.0249
15:21:48, 4.10, 123, 14.81, 2.01, 2.96, 0.9912, 0.0207, 0.1284, 0.0233
15:21:48, 4.10, 123, 15.33, 1.63, 2.73, 0.9907, 0.0173, 0.1330, 0.0217
15:21:48, 4.10, 123, 15.80, 1.29, 2.68, 0.9902, 0.0144, 0.1371, 0.0216
15:21:48, 4.13, 124, 16.25, 0.92, 2.60, 0.9897, 0.0111, 0.1411, 0.0213
15:21:48, 4.13, 124, 16.56, 0.61, 2.63, 0.9893, 0.0085, 0.1439, 0.0219
15:21:48, 4.17, 125, 16.96, 0.30, 2.59, 0.9888, 0.0059, 0.1474, 0.0220
15:21:48, 4.17, 125, 17.23, 0.00, 2.51, 0.9885, 0.0033, 0.1498, 0.0216
15:21:48, 4.17, 125, 17.42, 359.75, 2.52, 0.9882, 0.0011, 0.1514, 0.0221
15:21:48, 4.20, 126, 17.67, 359.38, 2.41, 0.9879, -0.0021, 0.1537, 0.0217
15:21:48, 4.20, 126, 17.80, 359.09, 2.30, 0.9877, -0.0047, 0.1549, 0.0211
15:21:48, 4.23, 127, 17.91, 358.70, 2.17, 0.9875, -0.0083, 0.1558, 0.0205
15:21:48, 4.23, 127, 17.91, 358.42, 2.06, 0.9875, -0.0109, 0.1559, 0.0199
15:21:48, 4.27, 128, 17.80, 358.23, 1.89, 0.9877, -0.0127, 0.1550, 0.0187
15:21:48, 4.27, 128, 17.70, 358.04, 1.68, 0.9878, -0.0147, 0.1541, 0.0171
15:21:48, 4.27, 128, 17.52, 357.84, 1.46, 0.9880, -0.0167, 0.1525, 0.0155
15:21:48, 4.30, 129, 17.25, 357.63, 1.22, 0.9884, -0.0189, 0.1502, 0.0136
15:21:48, 4.30, 129, 16.80, 357.32, 0.97, 0.9889, -0.0219, 0.1462, 0.0118
15:21:48, 4.33, 130, 16.22, 356.88, 0.74, 0.9896, -0.0260, 0.1412, 0.0103
15:21:48, 4.33, 130, 15.55, 356.47, 0.54, 0.9903, -0.0299, 0.1354, 0.0088
15:21:48, 4.37, 131, 14.83, 355.96, 0.20, 0.9910, -0.0347, 0.1291, 0.0063
15:21:48, 4.37, 131, 14.05, 355.44, 359.90, 0.9917, -0.0396, 0.1222, 0.0040
15:21:48, 4.37, 131, 13.30, 354.94, 359.77, 0.9923, -0.0441, 0.1156, 0.0032
15:21:48, 4.40, 132, 12.42, 354.57, 359.72, 0.9930, -0.0473, 0.1079, 0.0027
15:21:48, 4.40, 132, 11.65, 354.28, 359.70, 0.9936, -0.0499, 0.1012, 0.0025
15:21:48, 4.43, 133, 10.85, 354.15, 359.75, 0.9942, -0.0510, 0.0943, 0.0026
15:21:48, 4.43, 133, 10.14, 354.13, 359.55, 0.9948, -0.0514, 0.0880, 0.0006
15:21:48, 4.43, 133, 9.47, 354.18, 359.42, 0.9953, -0.0510, 0.0822, -0.0008
15:21:48, 4.47, 134, 8.88, 354.47, 359.38, 0.9958, -0.0485, 0.0771, -0.0016
15:21:48, 4.47, 134, 8.24, 354.80, 359.43, 0.9964, -0.0456, 0.0716, -0.0017
15:21:48, 4.50, 135, 7.65, 355.09, 359.37, 0.9969, -0.0431, 0.0664, -0.0026
15:21:48, 4.50, 135, 7.04, 355.46, 359.30, 0.9973, -0.0400, 0.0611, -0.0037
15:21:48, 4.53, 136, 6.37, 355.84, 359.37, 0.9978, -0.0365, 0.0554, -0.0035
15:21:49, 4.53, 136, 5.62, 356.22, 359.49, 0.9983, -0.0332, 0.0489, -0.0028
15:21:49, 4.53, 136, 4.94, 356.58, 359.56, 0.9986, -0.0300, 0.0430, -0.0026
15:21:49, 4.57, 137, 4.32, 357.06, 359.65, 0.9990, -0.0257, 0.0376, -0.0021
15:21:49, 4.57, 137, 3.65, 357.52, 359.77, 0.9993, -0.0217, 0.0318, -0.0013
15:21:49, 4.60, 138, 2.88, 357.94, 359.90, 0.9995, -0.0180, 0.0251, -0.0004
15:21:49, 4.60, 138, 2.09, 358.29, 0.05, 0.9997, -0.0150, 0.0183, 0.0007
15:21:49, 4.60, 138, 1.36, 358.61, 0.09, 0.9999, -0.0122, 0.0118, 0.0009
15:21:49, 4.63, 139, 0.70, 358.75, 0.19, 0.9999, -0.0109, 0.0062, 0.0018
15:21:49, 4.63, 139, 359.99, 358.88, 0.30, 0.9999, -0.0098, 0.0000, 0.0026
15:21:49, 4.67, 140, 359.38, 359.07, 0.29, 0.9999, -0.0081, -0.0054, 0.0025
15:21:49, 4.67, 140, 358.85, 359.31, 0.23, 0.9999, -0.0061, -0.0100, 0.0019
15:21:49, 4.70, 141, 358.35, 359.67, 0.13, 0.9999, -0.0029, -0.0144, 0.0011
15:21:49, 4.70, 141, 357.91, 359.93, 0.08, 0.9998, -0.0007, -0.0183, 0.0007
15:21:49, 4.70, 141, 357.59, 0.22, 0.00, 0.9998, 0.0020, -0.0210, 0.0000
15:21:49, 4.73, 142, 357.26, 0.52, 359.86, 0.9997, 0.0046, -0.0239, -0.0011
15:21:49, 4.73, 142, 357.06, 0.83, 359.76, 0.9996, 0.0073, -0.0256, -0.0019
15:21:49, 4.77, 143, 356.93, 1.16, 359.68, 0.9996, 0.0102, -0.0267, -0.0025
15:21:49, 4.77, 143, 356.74, 1.43, 359.70, 0.9995, 0.0125, -0.0284, -0.0023
15:21:49, 4.77, 143, 356.52, 1.67, 359.67, 0.9994, 0.0146, -0.0303, -0.0024
15:21:49, 4.80, 144, 356.33, 1.95, 359.77, 0.9993, 0.0171, -0.0320, -0.0015
15:21:49, 4.80, 144, 356.19, 2.20, 359.73, 0.9993, 0.0192, -0.0332, -0.0017
15:21:49, 4.83, 145, 356.08, 2.41, 359.69, 0.9992, 0.0211, -0.0341, -0.0020
15:21:49, 4.83, 145, 356.03, 2.57, 359.57, 0.9991, 0.0226, -0.0346, -0.0030
15:21:49, 4.83, 145, 356.03, 2.71, 359.50, 0.9991, 0.0238, -0.0346, -0.0035
15:21:49, 4.87, 146, 356.10, 2.83, 359.48, 0.9991, 0.0248, -0.0339, -0.0037
15:21:49, 4.87, 146, 356.13, 2.99, 359.48, 0.9991, 0.0263, -0.0337, -0.0036
15:21:49, 4.90, 147, 356.15, 3.21, 359.53, 0.9990, 0.0281, -0.0335, -0.0032
15:21:49, 4.90, 147, 356.15, 3.47, 359.56, 0.9990, 0.0304, -0.0334, -0.0028
15:21:49, 4.93, 148, 356.12, 3.71, 359.63, 0.9989, 0.0325, -0.0337, -0.0021
15:21:49, 4.93, 148, 356.10, 3.97, 359.72, 0.9988, 0.0347, -0.0339, -0.0013
15:21:49, 4.93, 148, 356.04, 4.18, 359.82, 0.9987, 0.0365, -0.0344, -0.0003
15:21:49, 4.97, 149, 355.99, 4.34, 359.84, 0.9987, 0.0379, -0.0349, -0.0001
15:21:49, 4.97, 149, 355.90, 4.48, 359.81, 0.9986, 0.0391, -0.0357, -0.0003
15:21:49, 5.00, 150, 355.84, 4.69, 359.80, 0.9985, 0.0409, -0.0362, -0.0002
15:21:49, 5.00, 150, 355.73, 4.87, 359.76, 0.9984, 0.0425, -0.0371, -0.0005
15:21:49, 5.00, 150, 355.65, 5.04, 359.69, 0.9983, 0.0440, -0.0378, -0.0010
15:21:49, 5.03, 151, 355.58, 5.18, 359.61, 0.9982, 0.0453, -0.0384, -0.0017
15:21:49, 5.03, 151, 355.49, 5.29, 359.52, 0.9982, 0.0463, -0.0391, -0.0024
15:21:49, 5.07, 152, 355.39, 5.39, 359.44, 0.9981, 0.0472, -0.0399, -0.0030
15:21:49, 5.07, 152, 355.30, 5.55, 359.38, 0.9980, 0.0486, -0.0407, -0.0034
15:21:49, 5.10, 153, 355.24, 5.66, 359.30, 0.9979, 0.0496, -0.0412, -0.0040
15:21:49, 5.10, 153, 355.21, 5.76, 359.18, 0.9979, 0.0505, -0.0414, -0.0050
15:21:49, 5.10, 153, 355.22, 5.80, 359.09, 0.9978, 0.0509, -0.0413, -0.0058
15:21:49, 5.13, 154, 355.24, 5.80, 359.06, 0.9978, 0.0509, -0.0411, -0.0061
15:21:49, 5.13, 154, 355.25, 5.75, 359.04, 0.9979, 0.0505, -0.0410, -0.0063
15:21:49, 5.17, 155, 355.29, 5.72, 359.05, 0.9979, 0.0502, -0.0406, -0.0062
15:21:49, 5.17, 155, 355.31, 5.71, 359.06, 0.9979, 0.0501, -0.0405, -0.0062
15:21:49, 5.20, 156, 355.34, 5.67, 359.05, 0.9979, 0.0498, -0.0402, -0.0063
15:21:49, 5.20, 156, 355.34, 5.64, 359.01, 0.9979, 0.0495, -0.0401, -0.0066
15:21:49, 5.20, 156, 355.39, 5.56, 358.98, 0.9980, 0.0488, -0.0398, -0.0069
15:21:49, 5.23, 157, 355.42, 5.45, 359.00, 0.9981, 0.0479, -0.0395, -0.0068
15:21:49, 5.23, 157, 355.45, 5.31, 359.00, 0.9981, 0.0466, -0.0392, -0.0069
15:21:49, 5.27, 158, 355.48, 5.14, 359.02, 0.9982, 0.0452, -0.0390, -0.0068
15:21:49, 5.27, 158, 355.48, 5.00, 359.06, 0.9983, 0.0439, -0.0391, -0.0065
15:21:49, 5.27, 158, 355.47, 4.92, 359.10, 0.9983, 0.0432, -0.0391, -0.0062
15:21:49, 5.30, 159, 355.44, 4.86, 359.12, 0.9983, 0.0427, -0.0394, -0.0060
15:21:49, 5.30, 159, 355.40, 4.81, 359.14, 0.9983, 0.0422, -0.0398, -0.0058
15:21:49, 5.33, 160, 355.35, 4.77, 359.17, 0.9983, 0.0419, -0.0402, -0.0055
15:21:49, 5.33, 160, 355.31, 4.74, 359.20, 0.9983, 0.0416, -0.0406, -0.0052
15:21:49, 5.37, 161, 355.26, 4.73, 359.23, 0.9983, 0.0415, -0.0410, -0.0050
15:21:49, 5.37, 161, 355.19, 4.73, 359.31, 0.9983, 0.0415, -0.0417, -0.0043
15:21:49, 5.37, 161, 355.10, 4.71, 359.37, 0.9982, 0.0413, -0.0425, -0.0037
15:21:49, 5.40, 162, 354.96, 4.71, 359.41, 0.9982, 0.0413, -0.0437, -0.0033
15:21:49, 5.40, 162, 354.81, 4.64, 359.41, 0.9982, 0.0407, -0.0451, -0.0033
15:21:49, 5.43, 163, 354.70, 4.55, 359.38, 0.9981, 0.0399, -0.0460, -0.0036
15:21:49, 5.43, 163, 354.60, 4.49, 359.35, 0.9981, 0.0394, -0.0468, -0.0038
15:21:49, 5.43, 163, 354.50, 4.49, 359.38, 0.9981, 0.0394, -0.0477, -0.0035
15:21:49, 5.47, 164, 354.42, 4.53, 359.41, 0.9980, 0.0397, -0.0484, -0.0032
15:21:49, 5.47, 164, 354.36, 4.55, 359.43, 0.9980, 0.0398, -0.0490, -0.0030
15:21:49, 5.50, 165, 354.33, 4.58, 359.45, 0.9980, 0.0402, -0.0493, -0.0028
15:21:49, 5.50, 165, 354.29, 4.59, 359.51, 0.9980, 0.0402, -0.0496, -0.0023
15:21:49, 5.50, 165, 354.29, 4.61, 359.52, 0.9980, 0.0404, -0.0496, -0.0022
15:21:50, 5.53, 166, 354.26, 4.70, 359.52, 0.9979, 0.0412, -0.0498, -0.0021
15:21:50, 5.53, 166, 354.21, 4.78, 359.57, 0.9979, 0.0419, -0.0503, -0.0017
15:21:50, 5.57, 167, 354.21, 4.92, 359.58, 0.9978, 0.0431, -0.0503, -0.0015
15:21:50, 5.57, 167, 354.19, 5.01, 359.56, 0.9978, 0.0439, -0.0505, -0.0016
15:21:50, 5.60, 168, 354.20, 5.09, 359.61, 0.9977, 0.0445, -0.0504, -0.0011
15:21:50, 5.60, 168, 354.25, 5.12, 359.67, 0.9977, 0.0447, -0.0500, -0.0006
15:21:50, 5.60, 168, 354.33, 5.21, 359.69, 0.9977, 0.0456, -0.0493, -0.0005
15:21:50, 5.63, 169, 354.44, 5.31, 359.66, 0.9978, 0.0464, -0.0483, -0.0007
15:21:50, 5.63, 169, 354.47, 5.46, 359.64, 0.9977, 0.0478, -0.0481, -0.0008
15:21:50, 5.67, 170, 354.44, 5.71, 359.65, 0.9976, 0.0499, -0.0483, -0.0006
15:21:50, 5.67, 170, 354.39, 5.84, 359.65, 0.9975, 0.0510, -0.0487, -0.0006
15:21:50, 5.67, 170, 354.38, 5.84, 359.65, 0.9975, 0.0510, -0.0488, -0.0006
15:21:50, 5.70, 171, 354.41, 5.79, 359.62, 0.9975, 0.0506, -0.0485, -0.0009
15:21:50, 5.70, 171, 354.46, 5.76, 359.59, 0.9976, 0.0503, -0.0481, -0.0012
15:21:50, 5.73, 172, 354.54, 5.77, 359.55, 0.9976, 0.0504, -0.0474, -0.0015
15:21:50, 5.73, 172, 354.59, 5.75, 359.52, 0.9976, 0.0503, -0.0469, -0.0018
15:21:50, 5.77, 173, 354.62, 5.68, 359.51, 0.9977, 0.0497, -0.0467, -0.0020
15:21:50, 5.77, 173, 354.62, 5.54, 359.45, 0.9977, 0.0485, -0.0466, -0.0026
15:21:50, 5.77, 173, 354.61, 5.35, 359.38, 0.9978, 0.0469, -0.0467, -0.0032
15:21:50, 5.80, 174, 354.61, 5.12, 359.31, 0.9979, 0.0449, -0.0467, -0.0039
15:21:50, 5.80, 174, 354.53, 4.91, 359.28, 0.9979, 0.0431, -0.0474, -0.0043
15:21:50, 5.83, 175, 354.42, 4.72, 359.19, 0.9980, 0.0415, -0.0484, -0.0050
15:21:50, 5.83, 175, 354.31, 4.56, 359.08, 0.9980, 0.0402, -0.0493, -0.0061
15:21:50, 5.83, 175, 354.23, 4.44, 359.00, 0.9980, 0.0391, -0.0500, -0.0067
15:21:50, 5.87, 176, 354.21, 4.28, 358.99, 0.9980, 0.0378, -0.0502, -0.0069
15:21:50, 5.87, 176, 354.23, 4.13, 359.01, 0.9981, 0.0364, -0.0500, -0.0068
15:21:50, 5.90, 177, 354.27, 3.98, 359.02, 0.9981, 0.0351, -0.0496, -0.0068
15:21:50, 5.90, 177, 354.29, 3.85, 359.05, 0.9982, 0.0340, -0.0495, -0.0066
15:21:50, 5.93, 178, 354.30, 3.74, 359.06, 0.9982, 0.0330, -0.0494, -0.0066
15:21:50, 5.93, 178, 354.29, 3.64, 359.06, 0.9982, 0.0321, -0.0495, -0.0066
15:21:50, 5.93, 178, 354.29, 3.58, 359.08, 0.9983, 0.0316, -0.0495, -0.0065
15:21:50, 5.97, 179, 354.31, 3.51, 359.11, 0.9983, 0.0310, -0.0494, -0.0062
15:21:50, 5.97, 179, 354.30, 3.43, 359.15, 0.9983, 0.0303, -0.0495, -0.0059
15:21:50, 6.00, 180, 354.28, 3.40, 359.16, 0.9983, 0.0300, -0.0497, -0.0058
15:21:50, 6.00, 180, 354.26, 3.36, 359.16, 0.9983, 0.0296, -0.0498, -0.0059
15:21:50, 6.00, 180, 354.21, 3.33, 359.14, 0.9983, 0.0294, -0.0502, -0.0060
15:21:50, 6.03, 181, 354.21, 3.35, 359.16, 0.9983, 0.0296, -0.0503, -0.0058
15:21:50, 6.03, 181, 354.20, 3.37, 359.21, 0.9983, 0.0298, -0.0504, -0.0054
15:21:50, 6.07, 182, 354.20, 3.41, 359.24, 0.9983, 0.0301, -0.0504, -0.0051
15:21:50, 6.07, 182, 354.20, 3.45, 359.29, 0.9983, 0.0303, -0.0504, -0.0047
15:21:50, 6.10, 183, 354.20, 3.48, 359.32, 0.9982, 0.0306, -0.0504, -0.0044
15:21:50, 6.10, 183, 354.19, 3.53, 359.35, 0.9982, 0.0310, -0.0505, -0.0041
15:21:50, 6.10, 183, 354.17, 3.55, 359.38, 0.9982, 0.0312, -0.0506, -0.0038
15:21:50, 6.13, 184, 354.16, 3.57, 359.38, 0.9982, 0.0314, -0.0508, -0.0038
15:21:50, 6.13, 184, 354.15, 3.58, 359.37, 0.9982, 0.0315, -0.0508, -0.0039
15:21:50, 6.17, 185, 354.13, 3.59, 359.35, 0.9982, 0.0315, -0.0510, -0.0040
15:21:50, 6.17, 185, 354.15, 3.59, 359.35, 0.9982, 0.0316, -0.0509, -0.0040
15:21:50, 6.17, 185, 354.16, 3.58, 359.35, 0.9982, 0.0315, -0.0507, -0.0041
15:21:50, 6.20, 186, 354.17, 3.59, 359.34, 0.9982, 0.0316, -0.0506, -0.0042
15:21:50, 6.20, 186, 354.21, 3.57, 359.32, 0.9982, 0.0315, -0.0503, -0.0044
15:21:50, 6.23, 187, 354.29, 3.54, 359.20, 0.9983, 0.0312, -0.0496, -0.0055
15:21:50, 6.23, 187, 354.33, 3.52, 359.17, 0.9983, 0.0311, -0.0492, -0.0057
15:21:50, 6.27, 188, 354.37, 3.49, 359.17, 0.9983, 0.0308, -0.0488, -0.0058
15:21:50, 6.27, 188, 354.43, 3.47, 359.14, 0.9983, 0.0306, -0.0483, -0.0060
15:21:50, 6.27, 188, 354.48, 3.44, 359.15, 0.9984, 0.0304, -0.0479, -0.0060
15:21:50, 6.30, 189, 354.53, 3.38, 359.13, 0.9984, 0.0298, -0.0475, -0.0062
15:21:50, 6.30, 189, 354.58, 3.36, 359.10, 0.9984, 0.0296, -0.0471, -0.0065
15:21:50, 6.33, 190, 354.62, 3.36, 359.07, 0.9984, 0.0297, -0.0467, -0.0067
15:21:50, 6.33, 190, 354.67, 3.35, 359.02, 0.9985, 0.0296, -0.0462, -0.0072
15:21:50, 6.37, 191, 354.70, 3.38, 358.98, 0.9985, 0.0298, -0.0459, -0.0075
15:21:50, 6.37, 191, 354.75, 3.41, 358.96, 0.9985, 0.0301, -0.0455, -0.0077
15:21:50, 6.37, 191, 354.78, 3.41, 358.92, 0.9985, 0.0302, -0.0452, -0.0081
15:21:50, 6.40, 192, 354.78, 3.41, 358.90, 0.9985, 0.0301, -0.0453, -0.0082
15:21:50, 6.40, 192, 354.80, 3.38, 358.87, 0.9985, 0.0299, -0.0450, -0.0085
15:21:50, 6.43, 193, 354.82, 3.36, 358.80, 0.9985, 0.0298, -0.0448, -0.0091
15:21:50, 6.43, 193, 354.87, 3.35, 358.79, 0.9985, 0.0297, -0.0444, -0.0092
15:21:50, 6.43, 193, 354.91, 3.37, 358.78, 0.9985, 0.0299, -0.0441, -0.0094
15:21:50, 6.47, 194, 354.96, 3.35, 358.78, 0.9986, 0.0296, -0.0436, -0.0093
15:21:50, 6.47, 194, 355.02, 3.35, 358.74, 0.9986, 0.0297, -0.0431, -0.0097
15:21:50, 6.50, 195, 355.07, 3.34, 358.73, 0.9986, 0.0296, -0.0427, -0.0098
15:21:50, 6.50, 195, 355.11, 3.33, 358.76, 0.9986, 0.0295, -0.0423, -0.0096
15:21:50, 6.50, 195, 355.13, 3.35, 358.75, 0.9986, 0.0296, -0.0421, -0.0096
15:21:51, 6.53, 196, 355.16, 3.33, 358.76, 0.9986, 0.0294, -0.0419, -0.0096
15:21:51, 6.53, 196, 355.18, 3.32, 358.79, 0.9987, 0.0294, -0.0417, -0.0094
15:21:51, 6.57, 197, 355.22, 3.30, 358.79, 0.9987, 0.0292, -0.0414, -0.0093
15:21:51, 6.57, 197, 355.24, 3.31, 358.80, 0.9987, 0.0292, -0.0412, -0.0092
15:21:51, 6.60, 198, 355.27, 3.30, 358.81, 0.9987, 0.0292, -0.0410, -0.0092
15:21:51, 6.60, 198, 355.25, 3.28, 358.80, 0.9987, 0.0291, -0.0411, -0.0092
15:21:51, 6.60, 198, 355.25, 3.27, 358.81, 0.9987, 0.0289, -0.0411, -0.0092
15:21:51, 6.63, 199, 355.22, 3.25, 358.81, 0.9987, 0.0288, -0.0414, -0.0092
15:21:51, 6.63, 199, 355.21, 3.23, 358.80, 0.9987, 0.0286, -0.0415, -0.0093
15:21:51, 6.67, 200, 355.20, 3.19, 358.77, 0.9987, 0.0282, -0.0415, -0.0096
15:21:51, 6.67, 200, 355.19, 3.15, 358.77, 0.9987, 0.0279, -0.0417, -0.0096
15:21:51, 6.67, 200, 355.20, 3.12, 358.76, 0.9987, 0.0277, -0.0416, -0.0097
15:21:51, 6.70, 201, 355.20, 3.08, 358.76, 0.9987, 0.0273, -0.0416, -0.0097
15:21:51, 6.70, 201, 355.22, 3.03, 358.75, 0.9987, 0.0269, -0.0414, -0.0098
15:21:51, 6.73, 202, 355.22, 3.00, 358.76, 0.9987, 0.0266, -0.0414, -0.0097
15:21:51, 6.73, 202, 355.23, 2.95, 358.75, 0.9988, 0.0262, -0.0413, -0.0098
15:21:51, 6.77, 203, 355.23, 2.93, 358.76, 0.9988, 0.0260, -0.0413, -0.0097
15:21:51, 6.77, 203, 355.26, 2.90, 358.74, 0.9988, 0.0258, -0.0411, -0.0100
15:21:51, 6.77, 203, 355.25, 2.89, 358.73, 0.9988, 0.0256, -0.0411, -0.0100
15:21:51, 6.80, 204, 355.28, 2.85, 358.72, 0.9988, 0.0253, -0.0409, -0.0101
15:21:51, 6.80, 204, 355.28, 2.85, 358.71, 0.9988, 0.0253, -0.0409, -0.0102
15:21:51, 6.83, 205, 355.32, 2.81, 358.72, 0.9988, 0.0250, -0.0405, -0.0102
15:21:51, 6.83, 205, 355.36, 2.84, 358.73, 0.9988, 0.0252, -0.0402, -0.0101
15:21:51, 6.83, 205, 355.38, 2.83, 358.71, 0.9988, 0.0251, -0.0400, -0.0102
15:21:51, 6.87, 206, 355.39, 2.82, 358.70, 0.9988, 0.0251, -0.0399, -0.0103
15:21:51, 6.87, 206, 355.40, 2.82, 358.69, 0.9988, 0.0251, -0.0398, -0.0104
15:21:51, 6.90, 207, 355.41, 2.83, 358.70, 0.9988, 0.0251, -0.0398, -0.0104
15:21:51, 6.90, 207, 355.40, 2.83, 358.69, 0.9988, 0.0251, -0.0398, -0.0104
15:21:51, 6.93, 208, 355.40, 2.83, 358.69, 0.9988, 0.0252, -0.0399, -0.0104
15:21:51, 6.93, 208, 355.39, 2.82, 358.70, 0.9988, 0.0250, -0.0399, -0.0103
15:21:51, 6.93, 208, 355.39, 2.82, 358.71, 0.9988, 0.0251, -0.0399, -0.0102
15:21:51, 6.97, 209, 355.38, 2.83, 358.71, 0.9988, 0.0251, -0.0400, -0.0102
15:21:51, 6.97, 209, 355.38, 2.83, 358.73, 0.9988, 0.0251, -0.0400, -0.0101
15:21:51, 7.00, 210, 355.36, 2.83, 358.73, 0.9988, 0.0251, -0.0402, -0.0101
15:21:51, 7.00, 210, 355.36, 2.83, 358.72, 0.9988, 0.0251, -0.0402, -0.0102
15:21:51, 7.03, 211, 355.35, 2.84, 358.72, 0.9988, 0.0252, -0.0402, -0.0101
15:21:51, 7.03, 211, 355.36, 2.84, 358.74, 0.9988, 0.0252, -0.0402, -0.0100
15:21:51, 7.03, 211, 355.35, 2.85, 358.74, 0.9988, 0.0253, -0.0403, -0.0100
15:21:51, 7.07, 212, 355.35, 2.86, 358.75, 0.9988, 0.0254, -0.0403, -0.0099
15:21:51, 7.07, 212, 355.36, 2.87, 358.76, 0.9988, 0.0255, -0.0402, -0.0098
15:21:51, 7.10, 213, 355.36, 2.87, 358.75, 0.9988, 0.0255, -0.0402, -0.0099
15:21:51, 7.10, 213, 355.36, 2.88, 358.75, 0.9988, 0.0256, -0.0402, -0.0099
15:21:51, 7.10, 213, 355.36, 2.90, 358.76, 0.9988, 0.0257, -0.0401, -0.0098
15:21:51, 7.13, 214, 355.37, 2.90, 358.75, 0.9988, 0.0257, -0.0401, -0.0099
15:21:51, 7.13, 214, 355.36, 2.91, 358.75, 0.9988, 0.0258, -0.0402, -0.0099
15:21:51, 7.17, 215, 355.36, 2.92, 358.75, 0.9988, 0.0259, -0.0401, -0.0099
15:21:51, 7.17, 215, 355.37, 2.92, 358.74, 0.9988, 0.0259, -0.0401, -0.0099
15:21:51, 7.20, 216, 355.37, 2.91, 358.73, 0.9988, 0.0258, -0.0401, -0.0100
15:21:51, 7.20, 216, 355.38, 2.93, 358.71, 0.9988, 0.0260, -0.0400, -0.0102
15:21:51, 7.20, 216, 355.38, 2.94, 358.71, 0.9988, 0.0260, -0.0400, -0.0102
15:21:51, 7.23, 217, 355.38, 2.95, 358.73, 0.9988, 0.0261, -0.0400, -0.0101
15:21:51, 7.23, 217, 355.37, 2.95, 358.74, 0.9988, 0.0261, -0.0401, -0.0099
15:21:51, 7.27, 218, 355.37, 2.94, 358.74, 0.9988, 0.0260, -0.0401, -0.0100
15:21:51, 7.27, 218, 355.36, 2.93, 358.73, 0.9988, 0.0260, -0.0402, -0.0100
15:21:51, 7.27, 218, 355.34, 2.92, 358.75, 0.9988, 0.0259, -0.0404, -0.0099
15:21:51, 7.30, 219, 355.32, 2.90, 358.75, 0.9988, 0.0258, -0.0406, -0.0098
15:21:51, 7.30, 219, 355.32, 2.92, 358.74, 0.9988, 0.0259, -0.0406, -0.0100
15:21:51, 7.33, 220, 355.33, 2.91, 358.69, 0.9988, 0.0258, -0.0405, -0.0104
15:21:51, 7.33, 220, 355.36, 2.91, 358.61, 0.9988, 0.0258, -0.0401, -0.0111
15:21:51, 7.37, 221, 355.39, 2.91, 358.63, 0.9988, 0.0259, -0.0399, -0.0109
15:21:51, 7.37, 221, 355.41, 2.92, 358.67, 0.9988, 0.0259, -0.0398, -0.0106
15:21:51, 7.37, 221, 355.43, 2.93, 358.69, 0.9988, 0.0260, -0.0396, -0.0104
15:21:51, 7.40, 222, 355.46, 2.93, 358.71, 0.9988, 0.0260, -0.0393, -0.0102
15:21:51, 7.40, 222, 355.46, 2.93, 358.72, 0.9988, 0.0260, -0.0393, -0.0102
15:21:51, 7.43, 223, 355.48, 2.90, 358.71, 0.9988, 0.0257, -0.0391, -0.0102
15:21:51, 7.43, 223, 355.47, 2.90, 358.70, 0.9988, 0.0257, -0.0392, -0.0103
15:21:51, 7.43, 223, 355.45, 2.88, 358.68, 0.9988, 0.0255, -0.0394, -0.0105
15:21:51, 7.47, 224, 355.43, 2.86, 358.68, 0.9988, 0.0254, -0.0395, -0.0105
15:21:51, 7.47, 224, 355.41, 2.84, 358.68, 0.9988, 0.0252, -0.0397, -0.0105
15:21:51, 7.50, 225, 355.36, 2.81, 358.67, 0.9988, 0.0249, -0.0402, -0.0106
15:21:51, 7.50, 225, 355.34, 2.78, 358.67, 0.9988, 0.0247, -0.0403, -0.0106
15:21:51, 7.53, 226, 355.35, 2.76, 358.66, 0.9988, 0.0245, -0.0403, -0.0107
15:21:52, 7.53, 226, 355.34, 2.75, 358.66, 0.9988, 0.0244, -0.0404, -0.0107
15:21:52, 7.53, 226, 355.38, 2.69, 358.67, 0.9989, 0.0239, -0.0400, -0.0107
15:21:52, 7.57, 227, 355.38, 2.63, 358.71, 0.9989, 0.0234, -0.0400, -0.0103
15:21:52, 7.57, 227, 355.40, 2.60, 358.74, 0.9989, 0.0231, -0.0399, -0.0101
15:21:52, 7.60, 228, 355.41, 2.54, 358.76, 0.9989, 0.0226, -0.0398, -0.0099
15:21:52, 7.60, 228, 355.42, 2.47, 358.71, 0.9989, 0.0220, -0.0397, -0.0104
15:21:52, 7.60, 228, 355.43, 2.43, 358.69, 0.9989, 0.0216, -0.0397, -0.0105
15:21:52, 7.63, 229, 355.43, 2.40, 358.70, 0.9989, 0.0214, -0.0396, -0.0105
15:21:52, 7.63, 229, 355.43, 2.35, 358.71, 0.9989, 0.0209, -0.0397, -0.0104
15:21:52, 7.67, 230, 355.42, 2.30, 358.71, 0.9989, 0.0205, -0.0397, -0.0104
15:21:52, 7.67, 230, 355.41, 2.28, 358.72, 0.9989, 0.0204, -0.0398, -0.0104
15:21:52, 7.67, 230, 355.41, 2.29, 358.71, 0.9989, 0.0204, -0.0398, -0.0104
15:21:52, 7.70, 231, 355.41, 2.31, 358.71, 0.9989, 0.0206, -0.0398, -0.0105
15:21:52, 7.70, 231, 355.40, 2.33, 358.70, 0.9989, 0.0207, -0.0399, -0.0105
15:21:52, 7.73, 232, 355.38, 2.34, 358.68, 0.9989, 0.0209, -0.0401, -0.0107
15:21:52, 7.73, 232, 355.36, 2.34, 358.63, 0.9989, 0.0209, -0.0402, -0.0111
15:21:52, 7.77, 233, 355.35, 2.32, 358.59, 0.9989, 0.0207, -0.0403, -0.0114
15:21:52, 7.77, 233, 355.35, 2.31, 358.60, 0.9989, 0.0206, -0.0403, -0.0114
15:21:52, 7.77, 233, 355.35, 2.29, 358.61, 0.9989, 0.0204, -0.0404, -0.0113
15:21:52, 7.80, 234, 355.38, 2.25, 358.63, 0.9989, 0.0201, -0.0401, -0.0111
15:21:52, 7.80, 234, 355.41, 2.23, 358.63, 0.9989, 0.0200, -0.0398, -0.0112
15:21:52, 7.83, 235, 355.49, 2.22, 358.65, 0.9990, 0.0198, -0.0391, -0.0110
15:21:52, 7.83, 235, 355.54, 2.22, 358.67, 0.9990, 0.0198, -0.0387, -0.0109
15:21:52, 7.83, 235, 355.58, 2.24, 358.68, 0.9990, 0.0200, -0.0384, -0.0107
15:21:52, 7.87, 236, 355.63, 2.27, 358.70, 0.9990, 0.0202, -0.0379, -0.0106
15:21:52, 7.87, 236, 355.64, 2.30, 358.71, 0.9990, 0.0205, -0.0378, -0.0104
15:21:52, 7.90, 237, 355.66, 2.33, 358.70, 0.9990, 0.0207, -0.0377, -0.0106
15:21:52, 7.90, 237, 355.64, 2.32, 358.71, 0.9990, 0.0206, -0.0378, -0.0105
15:21:52, 7.93, 238, 355.62, 2.34, 358.71, 0.9990, 0.0209, -0.0380, -0.0104
15:21:52, 7.93, 238, 355.61, 2.34, 358.72, 0.9990, 0.0208, -0.0381, -0.0104
15:21:52, 7.93, 238, 355.53, 2.35, 358.72, 0.9990, 0.0210, -0.0387, -0.0104
15:21:52, 7.97, 239, 355.47, 2.35, 358.72, 0.9990, 0.0209, -0.0393, -0.0103
15:21:52, 7.97, 239, 355.41, 2.35, 358.75, 0.9989, 0.0209, -0.0398, -0.0101
15:21:52, 8.00, 240, 355.34, 2.32, 358.75, 0.9989, 0.0207, -0.0404, -0.0101
15:21:52, 8.00, 240, 355.27, 2.34, 358.78, 0.9989, 0.0209, -0.0410, -0.0098
15:21:52, 8.00, 240, 355.21, 2.31, 358.79, 0.9989, 0.0206, -0.0416, -0.0097
15:21:52, 8.03, 241, 355.14, 2.32, 358.79, 0.9988, 0.0206, -0.0422, -0.0097
15:21:52, 8.03, 241, 355.09, 2.31, 358.81, 0.9988, 0.0206, -0.0426, -0.0095
15:21:52, 8.07, 242, 355.03, 2.32, 358.84, 0.9988, 0.0207, -0.0431, -0.0092
15:21:52, 8.07, 242, 355.00, 2.33, 358.85, 0.9988, 0.0208, -0.0434, -0.0091
15:21:52, 8.10, 243, 354.93, 2.37, 358.89, 0.9988, 0.0211, -0.0440, -0.0088
15:21:52, 8.10, 243, 354.88, 2.38, 358.91, 0.9988, 0.0212, -0.0444, -0.0086
15:21:52, 8.10, 243, 354.85, 2.42, 358.91, 0.9987, 0.0216, -0.0447, -0.0085
15:21:52, 8.13, 244, 354.78, 2.44, 358.93, 0.9987, 0.0217, -0.0453, -0.0084
15:21:52, 8.13, 244, 354.72, 2.49, 358.94, 0.9987, 0.0222, -0.0458, -0.0082
15:21:52, 8.17, 245, 354.66, 2.53, 358.94, 0.9986, 0.0225, -0.0463, -0.0082
15:21:52, 8.17, 245, 354.62, 2.56, 358.94, 0.9986, 0.0227, -0.0467, -0.0082
15:21:52, 8.17, 245, 354.55, 2.58, 358.94, 0.9986, 0.0229, -0.0473, -0.0082
15:21:52, 8.20, 246, 354.48, 2.62, 358.92, 0.9985, 0.0233, -0.0479, -0.0083
15:21:52, 8.20, 246, 354.43, 2.65, 358.89, 0.9985, 0.0236, -0.0484, -0.0085
15:21:52, 8.23, 247, 354.39, 2.65, 358.88, 0.9985, 0.0236, -0.0487, -0.0086
15:21:52, 8.23, 247, 354.35, 2.69, 358.87, 0.9985, 0.0239, -0.0490, -0.0087
15:21:52, 8.27, 248, 354.34, 2.67, 358.85, 0.9985, 0.0238, -0.0491, -0.0089
15:21:52, 8.27, 248, 354.31, 2.70, 358.84, 0.9985, 0.0240, -0.0494, -0.0089
15:21:52, 8.27, 248, 354.32, 2.68, 358.84, 0.9985, 0.0239, -0.0493, -0.0089
15:21:52, 8.30, 249, 354.30, 2.69, 358.83, 0.9985, 0.0239, -0.0494, -0.0090
15:21:52, 8.30, 249, 354.32, 2.67, 358.81, 0.9985, 0.0238, -0.0493, -0.0092
15:21:52, 8.33, 250, 354.29, 2.67, 358.78, 0.9984, 0.0238, -0.0495, -0.0095
15:21:52, 8.33, 250, 354.26, 2.65, 358.77, 0.9984, 0.0237, -0.0498, -0.0096
15:21:52, 8.33, 250, 354.25, 2.60, 358.76, 0.9984, 0.0232, -0.0499, -0.0097
15:21:52, 8.37, 251, 354.24, 2.60, 358.75, 0.9984, 0.0232, -0.0500, -0.0098
15:21:52, 8.37, 251, 354.21, 2.61, 358.70, 0.9984, 0.0233, -0.0503, -0.0102
15:21:52, 8.40, 252, 354.21, 2.60, 358.62, 0.9984, 0.0232, -0.0502, -0.0109
15:21:52, 8.40, 252, 354.23, 2.57, 358.54, 0.9984, 0.0231, -0.0500, -0.0116
15:21:52, 8.43, 253, 354.25, 2.57, 358.51, 0.9984, 0.0230, -0.0499, -0.0118
15:21:52, 8.43, 253, 354.26, 2.58, 358.54, 0.9984, 0.0231, -0.0498, -0.0116
15:21:52, 8.43, 253, 354.26, 2.60, 358.51, 0.9984, 0.0233, -0.0498, -0.0119
15:21:52, 8.47, 254, 354.26, 2.60, 358.50, 0.9984, 0.0233, -0.0497, -0.0120
15:21:52, 8.47, 254, 354.27, 2.56, 358.49, 0.9984, 0.0230, -0.0497, -0.0120
15:21:52, 8.50, 255, 354.25, 2.58, 358.48, 0.9984, 0.0231, -0.0498, -0.0121
15:21:52, 8.50, 255, 354.26, 2.56, 358.43, 0.9984, 0.0230, -0.0498, -0.0125
15:21:52, 8.53, 256, 354.25, 2.58, 358.40, 0.9984, 0.0232, -0.0499, -0.0129
15:21:53, 8.53, 256, 354.24, 2.59, 358.39, 0.9984, 0.0233, -0.0499, -0.0129
15:21:53, 8.53, 256, 354.22, 2.59, 358.36, 0.9984, 0.0233, -0.0501, -0.0132
15:21:53, 8.57, 257, 354.20, 2.59, 358.33, 0.9984, 0.0233, -0.0503, -0.0134
15:21:53, 8.57, 257, 354.18, 2.63, 358.31, 0.9984, 0.0237, -0.0504, -0.0135
15:21:53, 8.60, 258, 354.16, 2.65, 358.32, 0.9983, 0.0238, -0.0506, -0.0135
15:21:53, 8.60, 258, 354.14, 2.67, 358.31, 0.9983, 0.0240, -0.0508, -0.0135
15:21:53, 8.60, 258, 354.13, 2.67, 358.33, 0.9983, 0.0240, -0.0508, -0.0133
15:21:53, 8.63, 259, 354.10, 2.69, 358.35, 0.9983, 0.0242, -0.0511, -0.0131
15:21:53, 8.63, 259, 354.05, 2.71, 358.39, 0.9983, 0.0243, -0.0515, -0.0128
15:21:53, 8.67, 260, 354.04, 2.66, 358.39, 0.9983, 0.0239, -0.0516, -0.0128
15:21:53, 8.67, 260, 354.02, 2.64, 358.38, 0.9983, 0.0237, -0.0518, -0.0129
15:21:53, 8.67, 260, 354.01, 2.60, 358.41, 0.9983, 0.0234, -0.0519, -0.0127
15:21:53, 8.70, 261, 353.96, 2.60, 358.45, 0.9983, 0.0233, -0.0524, -0.0123
15:21:53, 8.70, 261, 353.93, 2.60, 358.48, 0.9983, 0.0233, -0.0526, -0.0121
15:21:53, 8.73, 262, 353.87, 2.59, 358.52, 0.9982, 0.0232, -0.0532, -0.0117
15:21:53, 8.73, 262, 353.83, 2.60, 358.53, 0.9982, 0.0234, -0.0535, -0.0116
15:21:53, 8.77, 263, 353.78, 2.63, 358.54, 0.9982, 0.0236, -0.0539, -0.0115
15:21:53, 8.77, 263, 353.74, 2.66, 358.55, 0.9982, 0.0238, -0.0543, -0.0114
15:21:53, 8.77, 263, 353.71, 2.66, 358.56, 0.9982, 0.0239, -0.0546, -0.0112
15:21:53, 8.80, 264, 353.66, 2.66, 358.60, 0.9981, 0.0239, -0.0550, -0.0109
15:21:53, 8.80, 264, 353.61, 2.67, 358.61, 0.9981, 0.0239, -0.0554, -0.0108
15:21:53, 8.83, 265, 353.58, 2.68, 358.62, 0.9981, 0.0240, -0.0557, -0.0107
15:21:53, 8.83, 265, 353.54, 2.70, 358.64, 0.9981, 0.0242, -0.0560, -0.0105
15:21:53, 8.83, 265, 353.49, 2.69, 358.65, 0.9981, 0.0241, -0.0564, -0.0104
15:21:53, 8.87, 266, 353.46, 2.71, 358.66, 0.9980, 0.0243, -0.0568, -0.0103
15:21:53, 8.87, 266, 353.40, 2.71, 358.68, 0.9980, 0.0242, -0.0573, -0.0102
15:21:53, 8.90, 267, 353.36, 2.72, 358.68, 0.9980, 0.0244, -0.0576, -0.0101
15:21:53, 8.90, 267, 353.31, 2.76, 358.69, 0.9980, 0.0247, -0.0581, -0.0100
15:21:53, 8.93, 268, 353.29, 2.78, 358.71, 0.9979, 0.0249, -0.0582, -0.0099
15:21:53, 8.93, 268, 353.23, 2.83, 358.70, 0.9979, 0.0253, -0.0587, -0.0099
15:21:53, 8.93, 268, 353.20, 2.83, 358.70, 0.9979, 0.0253, -0.0590, -0.0099
15:21:53, 8.97, 269, 353.16, 2.85, 358.70, 0.9979, 0.0255, -0.0593, -0.0099
15:21:53, 8.97, 269, 353.12, 2.88, 358.72, 0.9978, 0.0258, -0.0597, -0.0096
15:21:53, 9.00, 270, 353.09, 2.85, 358.70, 0.9978, 0.0255, -0.0599, -0.0098
15:21:53, 9.00, 270, 353.05, 2.86, 358.71, 0.9978, 0.0256, -0.0603, -0.0097
15:21:53, 9.03, 271, 353.03, 2.87, 358.70, 0.9978, 0.0257, -0.0605, -0.0098
15:21:53, 9.03, 271, 353.01, 2.83, 358.72, 0.9978, 0.0253, -0.0606, -0.0097
15:21:53, 9.03, 271, 353.00, 2.84, 358.69, 0.9978, 0.0254, -0.0607, -0.0099
15:21:53, 9.07, 272, 352.98, 2.80, 358.68, 0.9978, 0.0251, -0.0609, -0.0100
15:21:53, 9.07, 272, 352.95, 2.79, 358.68, 0.9978, 0.0250, -0.0612, -0.0100
15:21:53, 9.10, 273, 352.93, 2.74, 358.67, 0.9978, 0.0246, -0.0614, -0.0101
15:21:53, 9.10, 273, 352.91, 2.70, 358.66, 0.9978, 0.0242, -0.0616, -0.0102
15:21:53, 9.10, 273, 352.90, 2.67, 358.66, 0.9978, 0.0240, -0.0616, -0.0102
15:21:53, 9.13, 274, 352.88, 2.67, 358.66, 0.9978, 0.0239, -0.0618, -0.0102
15:21:53, 9.13, 274, 352.87, 2.61, 358.66, 0.9978, 0.0235, -0.0619, -0.0103
15:21:53, 9.17, 275, 352.84, 2.60, 358.65, 0.9977, 0.0234, -0.0621, -0.0103
15:21:53, 9.17, 275, 352.81, 2.59, 358.66, 0.9977, 0.0232, -0.0624, -0.0102
15:21:53, 9.20, 276, 352.77, 2.56, 358.66, 0.9977, 0.0230, -0.0628, -0.0102
15:21:53, 9.20, 276, 352.73, 2.53, 358.65, 0.9977, 0.0228, -0.0631, -0.0103
15:21:53, 9.20, 276, 352.67, 2.50, 358.66, 0.9977, 0.0226, -0.0636, -0.0103
15:21:53, 9.23, 277, 352.61, 2.50, 358.67, 0.9976, 0.0226, -0.0641, -0.0102
15:21:53, 9.23, 277, 352.58, 2.51, 358.66, 0.9976, 0.0226, -0.0645, -0.0103
15:21:53, 9.27, 278, 352.52, 2.54, 358.68, 0.9976, 0.0229, -0.0649, -0.0101
15:21:53, 9.27, 278, 352.50, 2.52, 358.68, 0.9976, 0.0227, -0.0652, -0.0101
15:21:53, 9.27, 278, 352.49, 2.55, 358.68, 0.9976, 0.0230, -0.0652, -0.0100
15:21:53, 9.30, 279, 352.46, 2.56, 358.68, 0.9975, 0.0231, -0.0655, -0.0100
15:21:53, 9.30, 279, 352.42, 2.60, 358.70, 0.9975, 0.0234, -0.0659, -0.0098
15:21:53, 9.33, 280, 352.36, 2.64, 358.72, 0.9975, 0.0237, -0.0664, -0.0096
15:21:53, 9.33, 280, 352.29, 2.70, 358.74, 0.9974, 0.0242, -0.0669, -0.0094
15:21:53, 9.37, 281, 352.22, 2.72, 358.76, 0.9974, 0.0244, -0.0676, -0.0092
15:21:53, 9.37, 281, 352.14, 2.73, 358.75, 0.9973, 0.0245, -0.0683, -0.0093
15:21:53, 9.37, 281, 352.07, 2.75, 358.75, 0.9973, 0.0247, -0.0688, -0.0093
15:21:53, 9.40, 282, 352.01, 2.77, 358.76, 0.9972, 0.0249, -0.0694, -0.0091
15:21:53, 9.40, 282, 351.93, 2.81, 358.77, 0.9972, 0.0252, -0.0701, -0.0090
15:21:53, 9.43, 283, 351.87, 2.87, 358.76, 0.9971, 0.0258, -0.0706, -0.0090
15:21:53, 9.43, 283, 351.83, 2.91, 358.74, 0.9971, 0.0261, -0.0709, -0.0092
15:21:53, 9.43, 283, 351.80, 2.91, 358.67, 0.9971, 0.0262, -0.0711, -0.0098
15:21:53, 9.47, 284, 351.78, 2.91, 358.66, 0.9971, 0.0261, -0.0713, -0.0098
15:21:53, 9.47, 284, 351.77, 2.92, 358.67, 0.9971, 0.0263, -0.0714, -0.0097
15:21:53, 9.50, 285, 351.77, 2.95, 358.71, 0.9970, 0.0265, -0.0714, -0.0094
15:21:53, 9.50, 285, 351.77, 2.99, 358.75, 0.9970, 0.0268, -0.0714, -0.0090
15:21:53, 9.50, 285, 351.73, 2.97, 358.76, 0.9970, 0.0266, -0.0718, -0.0089
15:21:54, 9.53, 286, 351.72, 2.97, 358.75, 0.9970, 0.0266, -0.0719, -0.0090
15:21:54, 9.53, 286, 351.66, 2.97, 358.76, 0.9970, 0.0266, -0.0724, -0.0089
15:21:54, 9.57, 287, 351.62, 2.96, 358.73, 0.9970, 0.0266, -0.0727, -0.0091
15:21:54, 9.57, 287, 351.60, 2.98, 358.72, 0.9969, 0.0267, -0.0730, -0.0092
15:21:54, 9.60, 288, 351.55, 2.96, 358.72, 0.9969, 0.0266, -0.0733, -0.0092
15:21:54, 9.60, 288, 351.50, 3.00, 358.70, 0.9969, 0.0269, -0.0738, -0.0093
15:21:54, 9.60, 288, 351.45, 3.00, 358.70, 0.9968, 0.0269, -0.0742, -0.0094
15:21:54, 9.63, 289, 351.41, 3.03, 358.68, 0.9968, 0.0272, -0.0746, -0.0095
15:21:54, 9.63, 289, 351.38, 3.03, 358.70, 0.9968, 0.0272, -0.0749, -0.0093
15:21:54, 9.67, 290, 351.35, 3.07, 358.67, 0.9968, 0.0276, -0.0751, -0.0095
15:21:54, 9.67, 290, 351.31, 3.07, 358.70, 0.9967, 0.0275, -0.0755, -0.0093
15:21:54, 9.67, 290, 351.24, 3.09, 358.72, 0.9967, 0.0277, -0.0760, -0.0091
15:21:54, 9.70, 291, 351.20, 3.04, 358.73, 0.9967, 0.0273, -0.0764, -0.0090
15:21:54, 9.70, 291, 351.15, 2.93, 358.69, 0.9967, 0.0264, -0.0768, -0.0094
15:21:54, 9.73, 292, 351.08, 2.89, 358.67, 0.9966, 0.0260, -0.0774, -0.0096
15:21:54, 9.73, 292, 351.02, 2.87, 358.69, 0.9966, 0.0259, -0.0780, -0.0094
15:21:54, 9.77, 293, 350.98, 2.91, 358.71, 0.9965, 0.0262, -0.0783, -0.0092
15:21:54, 9.77, 293, 350.96, 2.92, 358.72, 0.9965, 0.0262, -0.0785, -0.0091
15:21:54, 9.77, 293, 350.94, 2.91, 358.74, 0.9965, 0.0262, -0.0787, -0.0089
15:21:54, 9.80, 294, 350.90, 2.88, 358.76, 0.9965, 0.0259, -0.0790, -0.0088
15:21:54, 9.80, 294, 350.89, 2.89, 358.75, 0.9965, 0.0260, -0.0791, -0.0088
15:21:54, 9.83, 295, 350.82, 2.90, 358.79, 0.9964, 0.0260, -0.0797, -0.0085
15:21:54, 9.83, 295, 350.82, 2.90, 358.81, 0.9964, 0.0261, -0.0797, -0.0084
15:21:54, 9.83, 295, 350.80, 2.93, 358.85, 0.9964, 0.0263, -0.0799, -0.0079
15:21:54, 9.87, 296, 350.77, 2.97, 358.90, 0.9964, 0.0266, -0.0802, -0.0075
15:21:54, 9.87, 296, 350.75, 3.14, 358.98, 0.9963, 0.0280, -0.0804, -0.0066
15:21:54, 9.90, 297, 350.70, 3.37, 359.07, 0.9963, 0.0300, -0.0808, -0.0057
15:21:54, 9.90, 297, 350.61, 3.56, 359.15, 0.9962, 0.0315, -0.0816, -0.0049
15:21:54, 9.93, 298, 350.45, 3.69, 359.25, 0.9960, 0.0326, -0.0830, -0.0038
15:21:54, 9.93, 298, 350.24, 3.81, 359.33, 0.9958, 0.0336, -0.0848, -0.0030
15:21:54, 9.93, 298, 349.98, 3.90, 359.36, 0.9956, 0.0344, -0.0871, -0.0026
15:21:54, 9.97, 299, 349.64, 4.03, 359.38, 0.9953, 0.0355, -0.0900, -0.0022
15:21:54, 9.97, 299, 349.27, 4.20, 359.37, 0.9950, 0.0370, -0.0932, -0.0020
