Timestamp, VideoTime, VideoFrame, HeadYaw, HeadPitch, HeadRoll, HeadQuatW, HeadQuatX, HeadQuatY, HeadQuatZ
15:25:55, 0.00, 0, 315.80, 4.45, 12.25, 0.9190, -0.0043, -0.3777, 0.1133
15:25:55, 0.00, 0, 315.10, 4.56, 12.21, 0.9166, -0.0040, -0.3833, 0.1133
15:25:55, 0.03, 1, 314.43, 4.62, 12.16, 0.9144, -0.0040, -0.3887, 0.1131
15:25:55, 0.03, 1, 313.76, 4.64, 12.08, 0.9122, -0.0042, -0.3941, 0.1125
15:25:55, 0.03, 1, 313.16, 4.67, 12.02, 0.9101, -0.0044, -0.3989, 0.1121
15:25:55, 0.07, 2, 312.54, 4.65, 11.97, 0.9080, -0.0050, -0.4038, 0.1116
15:25:55, 0.07, 2, 311.96, 4.70, 11.91, 0.9060, -0.0050, -0.4084, 0.1113
15:25:55, 0.10, 3, 311.32, 4.72, 11.85, 0.9037, -0.0052, -0.4135, 0.1109
15:25:55, 0.10, 3, 310.72, 4.73, 11.81, 0.9016, -0.0055, -0.4182, 0.1106
15:25:55, 0.10, 3, 310.13, 4.73, 11.73, 0.8995, -0.0058, -0.4228, 0.1099
15:25:55, 0.13, 4, 309.56, 4.66, 11.63, 0.8975, -0.0065, -0.4273, 0.1088
15:25:55, 0.13, 4, 308.98, 4.59, 11.56, 0.8955, -0.0073, -0.4318, 0.1080
15:25:55, 0.17, 5, 308.39, 4.50, 11.49, 0.8934, -0.0084, -0.4363, 0.1070
15:25:55, 0.17, 5, 307.88, 4.51, 11.36, 0.8915, -0.0083, -0.4403, 0.1060
15:25:55, 0.17, 5, 307.34, 4.45, 11.29, 0.8895, -0.0090, -0.4445, 0.1052
15:25:55, 0.20, 6, 306.86, 4.36, 11.16, 0.8878, -0.0096, -0.4482, 0.1038
15:25:55, 0.20, 6, 306.37, 4.35, 11.04, 0.8860, -0.0096, -0.4520, 0.1029
15:25:55, 0.23, 7, 305.92, 4.25, 10.94, 0.8844, -0.0104, -0.4554, 0.1017
15:25:55, 0.27, 8, 305.14, 4.07, 10.65, 0.8817, -0.0114, -0.4613, 0.0986
15:25:55, 0.27, 8, 304.78, 4.02, 10.46, 0.8804, -0.0113, -0.4641, 0.0969
15:25:55, 0.27, 8, 304.51, 3.94, 10.26, 0.8795, -0.0113, -0.4662, 0.0950
15:25:55, 0.30, 9, 304.20, 3.88, 10.09, 0.8785, -0.0113, -0.4685, 0.0935
15:25:55, 0.30, 9, 303.99, 3.86, 9.86, 0.8778, -0.0107, -0.4701, 0.0916
15:25:55, 0.33, 10, 303.78, 3.84, 9.70, 0.8770, -0.0104, -0.4717, 0.0903
15:25:55, 0.33, 10, 303.58, 3.80, 9.48, 0.8764, -0.0099, -0.4732, 0.0884
15:25:55, 0.33, 10, 303.40, 3.83, 9.18, 0.8759, -0.0086, -0.4747, 0.0862
15:25:55, 0.37, 11, 303.05, 3.86, 8.79, 0.8747, -0.0070, -0.4774, 0.0833
15:25:55, 0.37, 11, 302.54, 4.05, 8.22, 0.8729, -0.0036, -0.4814, 0.0798
15:25:55, 0.40, 12, 301.75, 4.18, 7.72, 0.8698, -0.0010, -0.4875, 0.0765
15:25:55, 0.40, 12, 300.72, 4.33, 6.98, 0.8658, 0.0027, -0.4953, 0.0715
15:25:55, 0.43, 13, 299.36, 4.59, 6.20, 0.8602, 0.0072, -0.5055, 0.0669
15:25:55, 0.43, 13, 297.87, 4.79, 5.45, 0.8538, 0.0112, -0.5167, 0.0622
15:25:55, 0.43, 13, 296.33, 4.95, 4.64, 0.8471, 0.0153, -0.5281, 0.0571
15:25:55, 0.47, 14, 294.87, 5.05, 3.80, 0.8407, 0.0192, -0.5386, 0.0516
15:25:55, 0.47, 14, 293.37, 5.05, 2.92, 0.8340, 0.0229, -0.5494, 0.0455
15:25:55, 0.50, 15, 291.80, 5.05, 2.16, 0.8267, 0.0259, -0.5607, 0.0402
15:25:55, 0.50, 15, 290.33, 5.01, 1.46, 0.8196, 0.0286, -0.5711, 0.0354
15:25:55, 0.50, 15, 288.78, 5.07, 0.76, 0.8120, 0.0321, -0.5819, 0.0312
15:25:55, 0.53, 16, 287.28, 5.04, 0.15, 0.8045, 0.0347, -0.5923, 0.0272
15:25:55, 0.53, 16, 285.83, 4.88, 359.52, 0.7971, 0.0365, -0.6023, 0.0223
15:25:55, 0.57, 17, 284.27, 4.87, 359.03, 0.7889, 0.0387, -0.6130, 0.0194
15:25:55, 0.57, 17, 282.59, 4.75, 358.51, 0.7800, 0.0405, -0.6243, 0.0158
15:25:55, 0.60, 18, 280.88, 4.62, 358.05, 0.7707, 0.0419, -0.6357, 0.0125
15:25:55, 0.60, 18, 279.10, 4.57, 357.76, 0.7608, 0.0430, -0.6475, 0.0110
15:25:55, 0.60, 18, 277.35, 4.42, 357.53, 0.7508, 0.0432, -0.6591, 0.0093
15:25:55, 0.63, 19, 275.47, 4.31, 357.28, 0.7399, 0.0438, -0.6712, 0.0077
15:25:55, 0.63, 19, 273.53, 4.17, 357.01, 0.7285, 0.0444, -0.6836, 0.0059
15:25:55, 0.67, 20, 271.59, 4.15, 356.77, 0.7168, 0.0456, -0.6957, 0.0051
15:25:55, 0.67, 20, 269.82, 4.20, 356.40, 0.7060, 0.0481, -0.7066, 0.0038
15:25:55, 0.70, 21, 268.16, 4.10, 355.99, 0.6957, 0.0500, -0.7166, 0.0013
15:25:55, 0.70, 21, 266.72, 3.98, 355.56, 0.6866, 0.0520, -0.7251, -0.0014
15:25:55, 0.70, 21, 265.38, 3.78, 355.23, 0.6781, 0.0529, -0.7331, -0.0040
15:25:55, 0.73, 22, 264.24, 3.52, 354.98, 0.6707, 0.0530, -0.7398, -0.0066
15:25:55, 0.73, 22, 263.21, 3.17, 354.89, 0.6640, 0.0517, -0.7459, -0.0089
15:25:55, 0.77, 23, 262.30, 2.61, 354.88, 0.6580, 0.0486, -0.7514, -0.0123
15:25:55, 0.77, 23, 261.47, 2.02, 355.07, 0.6525, 0.0441, -0.7564, -0.0147
15:25:55, 0.77, 23, 260.73, 1.66, 355.29, 0.6475, 0.0407, -0.7608, -0.0156
15:25:55, 0.80, 24, 260.20, 1.43, 355.52, 0.6440, 0.0379, -0.7640, -0.0157
15:25:55, 0.80, 24, 259.78, 1.38, 355.83, 0.6412, 0.0356, -0.7664, -0.0141
15:25:56, 0.83, 25, 259.45, 1.37, 356.13, 0.6390, 0.0336, -0.7684, -0.0124
15:25:56, 0.83, 25, 259.24, 1.44, 356.42, 0.6376, 0.0321, -0.7696, -0.0102
15:25:56, 0.87, 26, 259.07, 1.55, 356.66, 0.6366, 0.0311, -0.7706, -0.0081
15:25:56, 0.87, 26, 258.97, 1.55, 356.87, 0.6358, 0.0296, -0.7712, -0.0069
15:25:56, 0.87, 26, 258.91, 1.60, 357.03, 0.6355, 0.0289, -0.7715, -0.0057
15:25:56, 0.90, 27, 258.80, 1.72, 357.25, 0.6347, 0.0281, -0.7722, -0.0037
15:25:56, 0.90, 27, 258.71, 1.81, 357.42, 0.6342, 0.0274, -0.7727, -0.0021
15:25:56, 0.93, 28, 258.57, 1.91, 357.52, 0.6333, 0.0273, -0.7735, -0.0008
15:25:56, 0.93, 28, 258.46, 2.00, 357.61, 0.6325, 0.0272, -0.7741, 0.0004
15:25:56, 0.93, 28, 258.39, 2.06, 357.67, 0.6320, 0.0271, -0.7745, 0.0010
15:25:56, 0.97, 29, 258.28, 2.12, 357.75, 0.6313, 0.0269, -0.7751, 0.0020
15:25:56, 0.97, 29, 258.24, 2.22, 357.85, 0.6310, 0.0268, -0.7753, 0.0032
15:25:56, 1.00, 30, 258.21, 2.31, 357.98, 0.6308, 0.0264, -0.7755, 0.0045
15:25:56, 1.00, 30, 258.18, 2.43, 358.12, 0.6306, 0.0261, -0.7756, 0.0061
15:25:56, 1.03, 31, 258.20, 2.56, 358.24, 0.6307, 0.0260, -0.7755, 0.0077
15:25:56, 1.03, 31, 258.24, 2.70, 358.35, 0.6310, 0.0260, -0.7753, 0.0092
15:25:56, 1.03, 31, 258.31, 2.84, 358.44, 0.6314, 0.0262, -0.7749, 0.0106
15:25:56, 1.07, 32, 258.41, 2.93, 358.54, 0.6321, 0.0260, -0.7743, 0.0118
15:25:56, 1.07, 32, 258.51, 3.05, 358.69, 0.6327, 0.0257, -0.7738, 0.0134
15:25:56, 1.10, 33, 258.58, 3.16, 358.85, 0.6332, 0.0253, -0.7734, 0.0150
15:25:56, 1.10, 33, 258.71, 3.29, 358.93, 0.6341, 0.0254, -0.7727, 0.0163
15:25:56, 1.10, 33, 258.85, 3.45, 359.01, 0.6350, 0.0258, -0.7719, 0.0178
15:25:56, 1.13, 34, 259.02, 3.58, 359.07, 0.6361, 0.0262, -0.7709, 0.0190
15:25:56, 1.13, 34, 259.23, 3.66, 359.17, 0.6375, 0.0260, -0.7698, 0.0200
15:25:56, 1.17, 35, 259.45, 3.72, 359.26, 0.6389, 0.0257, -0.7686, 0.0208
15:25:56, 1.17, 35, 259.70, 3.73, 359.31, 0.6406, 0.0255, -0.7672, 0.0211
15:25:56, 1.20, 36, 259.99, 3.75, 359.36, 0.6425, 0.0253, -0.7656, 0.0214
15:25:56, 1.20, 36, 260.31, 3.83, 359.39, 0.6447, 0.0256, -0.7637, 0.0221
15:25:56, 1.20, 36, 260.66, 3.87, 359.40, 0.6469, 0.0259, -0.7618, 0.0223
15:25:56, 1.23, 37, 261.03, 3.98, 359.48, 0.6493, 0.0260, -0.7597, 0.0234
15:25:56, 1.23, 37, 261.37, 4.04, 359.56, 0.6516, 0.0259, -0.7577, 0.0243
15:25:56, 1.27, 38, 261.68, 4.09, 359.65, 0.6536, 0.0256, -0.7560, 0.0250
15:25:56, 1.27, 38, 262.02, 4.11, 359.65, 0.6559, 0.0259, -0.7540, 0.0250
15:25:56, 1.27, 38, 262.41, 4.12, 359.58, 0.6584, 0.0264, -0.7518, 0.0246
15:25:56, 1.30, 39, 262.71, 4.16, 359.60, 0.6604, 0.0266, -0.7501, 0.0249
15:25:56, 1.30, 39, 263.04, 4.22, 359.69, 0.6625, 0.0264, -0.7481, 0.0258
15:25:56, 1.33, 40, 263.41, 4.31, 359.70, 0.6649, 0.0270, -0.7460, 0.0263
15:25:56, 1.33, 40, 263.75, 4.35, 359.72, 0.6671, 0.0272, -0.7440, 0.0266
15:25:56, 1.37, 41, 264.12, 4.43, 359.71, 0.6695, 0.0278, -0.7418, 0.0271
15:25:56, 1.37, 41, 264.47, 4.45, 359.68, 0.6717, 0.0282, -0.7398, 0.0269
15:25:56, 1.37, 41, 264.81, 4.48, 359.70, 0.6739, 0.0283, -0.7378, 0.0271
15:25:56, 1.40, 42, 265.16, 4.46, 359.67, 0.6762, 0.0285, -0.7357, 0.0267
15:25:56, 1.40, 42, 265.53, 4.44, 359.66, 0.6786, 0.0285, -0.7335, 0.0265
15:25:56, 1.43, 43, 265.84, 4.55, 359.63, 0.6805, 0.0294, -0.7317, 0.0269
15:25:56, 1.43, 43, 266.16, 4.54, 359.60, 0.6826, 0.0296, -0.7297, 0.0265
15:25:56, 1.43, 43, 266.50, 4.62, 359.57, 0.6847, 0.0303, -0.7277, 0.0268
15:25:56, 1.47, 44, 266.81, 4.71, 359.50, 0.6867, 0.0314, -0.7258, 0.0269
15:25:56, 1.47, 44, 267.06, 4.72, 359.50, 0.6883, 0.0316, -0.7243, 0.0269
15:25:56, 1.50, 45, 267.37, 4.77, 359.45, 0.6902, 0.0322, -0.7224, 0.0268
15:25:56, 1.50, 45, 267.60, 4.80, 359.47, 0.6917, 0.0323, -0.7210, 0.0271
15:25:56, 1.53, 46, 267.84, 4.85, 359.50, 0.6931, 0.0325, -0.7196, 0.0274
15:25:56, 1.53, 46, 268.06, 4.82, 359.49, 0.6945, 0.0324, -0.7182, 0.0272
15:25:56, 1.53, 46, 268.26, 4.81, 359.51, 0.6958, 0.0323, -0.7170, 0.0272
15:25:56, 1.57, 47, 268.45, 4.81, 359.51, 0.6970, 0.0323, -0.7158, 0.0271
15:25:56, 1.57, 47, 268.67, 4.79, 359.52, 0.6984, 0.0322, -0.7145, 0.0269
15:25:56, 1.60, 48, 268.89, 4.74, 359.55, 0.6997, 0.0318, -0.7132, 0.0268
15:25:56, 1.60, 48, 269.10, 4.74, 359.60, 0.7011, 0.0315, -0.7119, 0.0270
15:25:56, 1.60, 48, 269.31, 4.77, 359.63, 0.7023, 0.0315, -0.7106, 0.0273
15:25:56, 1.63, 49, 269.51, 4.81, 359.71, 0.7035, 0.0314, -0.7094, 0.0280
15:25:56, 1.63, 49, 269.70, 4.88, 359.77, 0.7047, 0.0314, -0.7083, 0.0287
15:25:56, 1.67, 50, 269.86, 4.90, 359.83, 0.7057, 0.0313, -0.7073, 0.0292
15:25:56, 1.67, 50, 270.02, 4.90, 359.87, 0.7066, 0.0310, -0.7063, 0.0295
15:25:56, 1.70, 51, 270.18, 4.85, 359.90, 0.7076, 0.0306, -0.7053, 0.0293
15:25:56, 1.70, 51, 270.34, 4.79, 359.93, 0.7086, 0.0301, -0.7044, 0.0291
15:25:56, 1.70, 51, 270.50, 4.76, 359.97, 0.7096, 0.0297, -0.7034, 0.0291
15:25:56, 1.73, 52, 270.66, 4.77, 0.02, 0.7106, 0.0295, -0.7024, 0.0293
15:25:56, 1.73, 52, 270.83, 4.78, 0.06, 0.7116, 0.0293, -0.7014, 0.0297
15:25:56, 1.77, 53, 270.99, 4.79, 0.11, 0.7125, 0.0291, -0.7004, 0.0300
15:25:56, 1.77, 53, 271.14, 4.79, 0.20, 0.7134, 0.0286, -0.6995, 0.0305
15:25:56, 1.77, 53, 271.30, 4.78, 0.26, 0.7144, 0.0282, -0.6985, 0.0308
15:25:56, 1.80, 54, 271.45, 4.77, 0.32, 0.7153, 0.0278, -0.6976, 0.0311
15:25:56, 1.80, 54, 271.60, 4.75, 0.38, 0.7162, 0.0274, -0.6967, 0.0313
15:25:57, 1.83, 55, 271.76, 4.74, 0.42, 0.7172, 0.0272, -0.6957, 0.0314
15:25:57, 1.83, 55, 271.90, 4.71, 0.48, 0.7180, 0.0267, -0.6948, 0.0316
15:25:57, 1.87, 56, 272.06, 4.71, 0.51, 0.7189, 0.0265, -0.6939, 0.0318
15:25:57, 1.87, 56, 272.20, 4.71, 0.54, 0.7198, 0.0263, -0.6930, 0.0319
15:25:57, 1.87, 56, 272.36, 4.66, 0.56, 0.7208, 0.0260, -0.6920, 0.0317
15:25:57, 1.90, 57, 272.53, 4.65, 0.60, 0.7218, 0.0257, -0.6909, 0.0318
15:25:57, 1.90, 57, 272.68, 4.61, 0.62, 0.7227, 0.0254, -0.6900, 0.0317
15:25:57, 1.93, 58, 272.81, 4.57, 0.64, 0.7235, 0.0250, -0.6891, 0.0315
15:25:57, 1.93, 58, 272.93, 4.53, 0.66, 0.7242, 0.0247, -0.6884, 0.0314
15:25:57, 1.93, 58, 273.04, 4.51, 0.64, 0.7249, 0.0248, -0.6877, 0.0311
15:25:57, 1.97, 59, 273.15, 4.51, 0.60, 0.7255, 0.0250, -0.6870, 0.0309
15:25:57, 1.97, 59, 273.23, 4.47, 0.59, 0.7260, 0.0249, -0.6865, 0.0305
15:25:57, 2.00, 60, 273.29, 4.47, 0.61, 0.7264, 0.0247, -0.6861, 0.0307
15:25:57, 2.00, 60, 273.33, 4.42, 0.59, 0.7267, 0.0245, -0.6859, 0.0302
15:25:57, 2.03, 61, 273.39, 4.38, 0.57, 0.7270, 0.0244, -0.6855, 0.0298
15:25:57, 2.03, 61, 273.42, 4.36, 0.54, 0.7272, 0.0245, -0.6853, 0.0295
15:25:57, 2.03, 61, 273.47, 4.37, 0.52, 0.7276, 0.0246, -0.6850, 0.0294
15:25:57, 2.07, 62, 273.49, 4.38, 0.51, 0.7277, 0.0248, -0.6848, 0.0294
15:25:57, 2.07, 62, 273.53, 4.42, 0.50, 0.7279, 0.0251, -0.6846, 0.0296
15:25:57, 2.10, 63, 273.55, 4.42, 0.50, 0.7280, 0.0251, -0.6845, 0.0296
15:25:57, 2.10, 63, 273.56, 4.41, 0.55, 0.7281, 0.0248, -0.6844, 0.0299
15:25:57, 2.10, 63, 273.58, 4.41, 0.59, 0.7282, 0.0245, -0.6843, 0.0301
15:25:57, 2.13, 64, 273.56, 4.40, 0.63, 0.7280, 0.0242, -0.6845, 0.0302
15:25:57, 2.13, 64, 273.56, 4.36, 0.67, 0.7280, 0.0237, -0.6845, 0.0303
15:25:57, 2.17, 65, 273.53, 4.37, 0.71, 0.7278, 0.0235, -0.6847, 0.0307
15:25:57, 2.17, 65, 273.48, 4.35, 0.80, 0.7275, 0.0229, -0.6850, 0.0311
15:25:57, 2.20, 66, 273.42, 4.33, 0.88, 0.7272, 0.0222, -0.6854, 0.0315
15:25:57, 2.20, 66, 273.32, 4.32, 0.93, 0.7265, 0.0219, -0.6860, 0.0318
15:25:57, 2.20, 66, 273.20, 4.29, 0.99, 0.7258, 0.0212, -0.6868, 0.0320
15:25:57, 2.23, 67, 273.12, 4.30, 1.05, 0.7253, 0.0209, -0.6873, 0.0324
15:25:57, 2.23, 67, 272.97, 4.28, 1.10, 0.7244, 0.0205, -0.6883, 0.0327
15:25:57, 2.27, 68, 272.87, 4.23, 1.13, 0.7238, 0.0200, -0.6889, 0.0326
15:25:57, 2.27, 68, 272.75, 4.18, 1.16, 0.7231, 0.0195, -0.6897, 0.0325
15:25:57, 2.27, 68, 272.63, 4.12, 1.17, 0.7224, 0.0190, -0.6905, 0.0322
15:25:57, 2.30, 69, 272.52, 4.11, 1.18, 0.7217, 0.0188, -0.6912, 0.0322
15:25:57, 2.30, 69, 272.43, 4.11, 1.18, 0.7212, 0.0187, -0.6917, 0.0322
15:25:57, 2.33, 70, 272.33, 4.07, 1.20, 0.7206, 0.0184, -0.6924, 0.0322
15:25:57, 2.33, 70, 272.24, 4.08, 1.22, 0.7200, 0.0183, -0.6929, 0.0324
15:25:57, 2.37, 71, 272.14, 4.08, 1.24, 0.7194, 0.0182, -0.6936, 0.0325
15:25:57, 2.37, 71, 272.03, 4.10, 1.27, 0.7187, 0.0180, -0.6943, 0.0328
15:25:57, 2.37, 71, 271.94, 4.12, 1.26, 0.7182, 0.0182, -0.6949, 0.0329
15:25:57, 2.40, 72, 271.84, 4.10, 1.28, 0.7176, 0.0179, -0.6954, 0.0329
15:25:57, 2.40, 72, 271.74, 4.07, 1.27, 0.7170, 0.0178, -0.6961, 0.0327
15:25:57, 2.43, 73, 271.69, 4.03, 1.27, 0.7167, 0.0175, -0.6964, 0.0325
15:25:57, 2.43, 73, 271.60, 3.98, 1.30, 0.7162, 0.0170, -0.6970, 0.0323
15:25:57, 2.43, 73, 271.51, 3.93, 1.37, 0.7156, 0.0163, -0.6976, 0.0325
15:25:57, 2.47, 74, 271.38, 3.89, 1.42, 0.7148, 0.0157, -0.6984, 0.0326
15:25:57, 2.47, 74, 271.21, 3.89, 1.46, 0.7138, 0.0153, -0.6994, 0.0328
15:25:57, 2.50, 75, 271.04, 3.91, 1.51, 0.7127, 0.0151, -0.7005, 0.0333
15:25:57, 2.50, 75, 270.78, 3.94, 1.56, 0.7111, 0.0149, -0.7021, 0.0338
15:25:57, 2.53, 76, 270.52, 4.00, 1.61, 0.7095, 0.0149, -0.7037, 0.0345
15:25:57, 2.53, 76, 270.18, 4.02, 1.63, 0.7073, 0.0148, -0.7059, 0.0348
15:25:57, 2.53, 76, 269.82, 4.04, 1.62, 0.7052, 0.0149, -0.7080, 0.0349
15:25:57, 2.57, 77, 269.48, 4.05, 1.60, 0.7030, 0.0149, -0.7102, 0.0350
15:25:57, 2.57, 77, 269.09, 4.03, 1.59, 0.7006, 0.0148, -0.7125, 0.0348
15:25:57, 2.60, 78, 268.73, 4.02, 1.61, 0.6984, 0.0145, -0.7148, 0.0349
15:25:57, 2.60, 78, 268.32, 4.00, 1.57, 0.6958, 0.0145, -0.7173, 0.0346
15:25:57, 2.60, 78, 268.00, 4.00, 1.57, 0.6938, 0.0144, -0.7192, 0.0346
15:25:57, 2.63, 79, 267.61, 3.94, 1.53, 0.6914, 0.0141, -0.7216, 0.0341
15:25:57, 2.63, 79, 267.27, 3.96, 1.56, 0.6892, 0.0140, -0.7236, 0.0344
15:25:57, 2.67, 80, 266.94, 3.90, 1.56, 0.6872, 0.0135, -0.7256, 0.0341
15:25:57, 2.67, 80, 266.63, 3.87, 1.64, 0.6852, 0.0127, -0.7274, 0.0343
15:25:57, 2.70, 81, 266.33, 3.82, 1.67, 0.6833, 0.0122, -0.7292, 0.0343
15:25:57, 2.70, 81, 266.01, 3.74, 1.73, 0.6813, 0.0113, -0.7311, 0.0342
15:25:57, 2.70, 81, 265.72, 3.65, 1.80, 0.6794, 0.0102, -0.7329, 0.0340
15:25:57, 2.73, 82, 265.40, 3.61, 1.88, 0.6773, 0.0093, -0.7348, 0.0342
15:25:57, 2.73, 82, 265.07, 3.60, 1.99, 0.6752, 0.0084, -0.7367, 0.0348
15:25:57, 2.77, 83, 264.72, 3.55, 2.10, 0.6729, 0.0073, -0.7388, 0.0353
15:25:57, 2.77, 83, 264.34, 3.49, 2.20, 0.6704, 0.0062, -0.7411, 0.0354
15:25:57, 2.77, 83, 263.91, 3.42, 2.31, 0.6677, 0.0050, -0.7436, 0.0356
15:25:57, 2.80, 84, 263.46, 3.27, 2.43, 0.6647, 0.0032, -0.7462, 0.0354
15:25:57, 2.80, 84, 262.98, 3.20, 2.55, 0.6616, 0.0019, -0.7490, 0.0357
15:25:58, 2.83, 85, 262.51, 3.15, 2.64, 0.6585, 0.0008, -0.7517, 0.0358
15:25:58, 2.83, 85, 262.03, 3.07, 2.65, 0.6554, 0.0002, -0.7544, 0.0354
15:25:58, 2.87, 86, 261.49, 3.20, 2.70, 0.6518, 0.0004, -0.7575, 0.0365
15:25:58, 2.87, 86, 261.02, 3.28, 2.78, 0.6486, 0.0001, -0.7602, 0.0375
15:25:58, 2.87, 86, 260.50, 3.38, 2.81, 0.6451, 0.0004, -0.7631, 0.0383
15:25:58, 2.90, 87, 259.94, 3.62, 2.86, 0.6412, 0.0012, -0.7663, 0.0402
15:25:58, 2.93, 88, 258.25, 4.04, 2.98, 0.6297, 0.0021, -0.7756, 0.0437
15:25:58, 2.93, 88, 257.69, 4.02, 3.00, 0.6259, 0.0016, -0.7787, 0.0437
15:25:58, 2.97, 89, 257.14, 4.07, 3.07, 0.6221, 0.0012, -0.7817, 0.0444
15:25:58, 2.97, 89, 256.68, 4.00, 3.10, 0.6190, 0.0005, -0.7841, 0.0441
15:25:58, 3.00, 90, 256.13, 3.99, 3.15, 0.6152, -0.0002, -0.7871, 0.0443
15:25:58, 3.00, 90, 255.62, 4.02, 3.24, 0.6117, -0.0008, -0.7898, 0.0450
15:25:58, 3.03, 91, 255.10, 4.00, 3.29, 0.6081, -0.0015, -0.7926, 0.0452
15:25:58, 3.03, 91, 254.59, 4.03, 3.34, 0.6044, -0.0019, -0.7953, 0.0457
15:25:58, 3.03, 91, 254.11, 4.09, 3.36, 0.6011, -0.0019, -0.7979, 0.0461
15:25:58, 3.07, 92, 253.60, 4.11, 3.42, 0.5975, -0.0024, -0.8005, 0.0465
15:25:58, 3.07, 92, 253.07, 4.13, 3.44, 0.5938, -0.0027, -0.8033, 0.0468
15:25:58, 3.10, 93, 252.61, 4.14, 3.38, 0.5905, -0.0024, -0.8057, 0.0465
15:25:58, 3.10, 93, 252.09, 4.10, 3.47, 0.5869, -0.0034, -0.8083, 0.0468
15:25:58, 3.10, 93, 251.59, 4.06, 3.51, 0.5834, -0.0041, -0.8109, 0.0466
15:25:58, 3.13, 94, 251.10, 4.01, 3.53, 0.5799, -0.0047, -0.8133, 0.0463
15:25:58, 3.13, 94, 250.66, 3.97, 3.54, 0.5768, -0.0051, -0.8156, 0.0461
15:25:58, 3.17, 95, 250.20, 3.93, 3.59, 0.5735, -0.0059, -0.8179, 0.0460
15:25:58, 3.17, 95, 249.71, 3.92, 3.65, 0.5700, -0.0066, -0.8203, 0.0462
15:25:58, 3.20, 96, 249.25, 3.90, 3.65, 0.5667, -0.0069, -0.8226, 0.0461
15:25:58, 3.20, 96, 248.83, 3.89, 3.72, 0.5636, -0.0076, -0.8247, 0.0463
15:25:58, 3.20, 96, 248.43, 3.89, 3.74, 0.5607, -0.0079, -0.8267, 0.0464
15:25:58, 3.23, 97, 247.99, 3.85, 3.76, 0.5576, -0.0084, -0.8288, 0.0461
15:25:58, 3.23, 97, 247.72, 3.81, 3.80, 0.5556, -0.0090, -0.8301, 0.0460
15:25:58, 3.27, 98, 247.41, 3.67, 3.89, 0.5534, -0.0104, -0.8316, 0.0455
15:25:58, 3.27, 98, 247.09, 3.63, 3.95, 0.5511, -0.0112, -0.8331, 0.0454
15:25:58, 3.27, 98, 246.87, 3.48, 4.05, 0.5495, -0.0128, -0.8342, 0.0448
15:25:58, 3.30, 99, 246.69, 3.26, 4.17, 0.5482, -0.0147, -0.8351, 0.0437
15:25:58, 3.30, 99, 246.57, 3.21, 4.16, 0.5474, -0.0150, -0.8356, 0.0434
15:25:58, 3.33, 100, 246.43, 2.99, 4.21, 0.5465, -0.0164, -0.8363, 0.0420
15:25:58, 3.33, 100, 246.30, 2.74, 4.26, 0.5456, -0.0180, -0.8369, 0.0403
15:25:58, 3.37, 101, 246.21, 2.59, 4.25, 0.5450, -0.0187, -0.8373, 0.0391
15:25:58, 3.37, 101, 246.17, 2.42, 4.17, 0.5448, -0.0189, -0.8375, 0.0376
15:25:58, 3.37, 101, 246.21, 2.30, 4.08, 0.5452, -0.0189, -0.8373, 0.0362
15:25:58, 3.40, 102, 246.29, 2.14, 4.00, 0.5458, -0.0190, -0.8370, 0.0347
15:25:58, 3.40, 102, 246.50, 2.01, 3.91, 0.5474, -0.0189, -0.8360, 0.0334
15:25:58, 3.43, 103, 246.81, 1.77, 3.84, 0.5497, -0.0194, -0.8345, 0.0314
15:25:58, 3.43, 103, 247.23, 1.44, 3.75, 0.5529, -0.0203, -0.8325, 0.0286
15:25:58, 3.43, 103, 247.77, 0.86, 3.69, 0.5571, -0.0225, -0.8298, 0.0242
15:25:58, 3.47, 104, 248.39, 359.83, 3.60, 0.5617, -0.0268, -0.8267, 0.0164
15:25:58, 3.47, 104, 249.04, 358.60, 3.55, 0.5667, -0.0325, -0.8233, 0.0075
15:25:58, 3.50, 105, 249.63, 357.41, 3.56, 0.5711, -0.0384, -0.8200, -0.0008
15:25:58, 3.50, 105, 250.23, 356.44, 3.47, 0.5754, -0.0426, -0.8167, -0.0080
15:25:58, 3.53, 106, 250.82, 355.75, 3.45, 0.5797, -0.0460, -0.8135, -0.0128
15:25:58, 3.53, 106, 251.49, 355.29, 3.42, 0.5844, -0.0482, -0.8099, -0.0159
15:25:58, 3.53, 106, 252.26, 353.86, 3.91, 0.5899, -0.0590, -0.8050, -0.0231
15:25:58, 3.57, 107, 252.93, 354.52, 3.40, 0.5945, -0.0523, -0.8021, -0.0208
15:25:58, 3.57, 107, 253.88, 354.27, 3.38, 0.6011, -0.0536, -0.7971, -0.0223
15:25:58, 3.60, 108, 254.93, 353.92, 3.21, 0.6084, -0.0545, -0.7914, -0.0251
15:25:58, 3.60, 108, 256.01, 353.59, 2.99, 0.6157, -0.0550, -0.7856, -0.0280
15:25:58, 3.60, 108, 257.13, 353.16, 2.75, 0.6232, -0.0559, -0.7794, -0.0317
15:25:58, 3.63, 109, 258.38, 352.88, 2.41, 0.6315, -0.0555, -0.7726, -0.0349
15:25:58, 3.63, 109, 259.63, 352.69, 2.09, 0.6398, -0.0548, -0.7657, -0.0373
15:25:58, 3.67, 110, 260.95, 352.51, 1.80, 0.6484, -0.0543, -0.7583, -0.0395
15:25:58, 3.67, 110, 262.25, 352.41, 1.48, 0.6569, -0.0532, -0.7510, -0.0413
15:25:58, 3.70, 111, 263.71, 352.29, 1.08, 0.6662, -0.0519, -0.7427, -0.0438
15:25:58, 3.70, 111, 265.20, 352.25, 0.68, 0.6756, -0.0501, -0.7341, -0.0457
15:25:58, 3.70, 111, 266.87, 352.23, 0.23, 0.6860, -0.0481, -0.7244, -0.0478
15:25:58, 3.73, 112, 268.61, 352.27, 359.79, 0.6968, -0.0458, -0.7141, -0.0495
15:25:58, 3.73, 112, 270.45, 352.34, 359.45, 0.7080, -0.0440, -0.7030, -0.0504
15:25:58, 3.77, 113, 272.39, 352.42, 359.11, 0.7197, -0.0423, -0.6910, -0.0514
15:25:58, 3.77, 113, 274.58, 352.47, 358.72, 0.7326, -0.0407, -0.6773, -0.0528
15:25:58, 3.77, 113, 276.89, 352.45, 358.39, 0.7460, -0.0399, -0.6626, -0.0542
15:25:58, 3.80, 114, 279.13, 352.12, 358.11, 0.7585, -0.0416, -0.6478, -0.0571
15:25:58, 3.80, 114, 281.51, 351.76, 358.09, 0.7716, -0.0451, -0.6318, -0.0583
15:25:59, 3.83, 115, 283.85, 351.22, 358.07, 0.7840, -0.0499, -0.6158, -0.0604
15:25:59, 3.83, 115, 286.15, 350.96, 357.98, 0.7960, -0.0524, -0.5999, -0.0614
15:25:59, 3.87, 116, 288.50, 350.58, 357.79, 0.8077, -0.0554, -0.5835, -0.0635
15:25:59, 3.87, 116, 291.04, 350.45, 357.54, 0.8202, -0.0565, -0.5655, -0.0647
15:25:59, 3.87, 116, 293.52, 350.35, 357.36, 0.8321, -0.0578, -0.5477, -0.0653
15:25:59, 3.90, 117, 296.11, 350.34, 357.26, 0.8443, -0.0588, -0.5287, -0.0648
15:25:59, 3.90, 117, 298.56, 350.49, 357.23, 0.8554, -0.0589, -0.5107, -0.0630
15:25:59, 3.93, 118, 300.95, 350.44, 357.15, 0.8658, -0.0603, -0.4927, -0.0626
15:25:59, 3.93, 118, 303.42, 350.66, 357.10, 0.8764, -0.0597, -0.4740, -0.0608
15:25:59, 3.93, 118, 305.89, 350.79, 357.15, 0.8865, -0.0602, -0.4550, -0.0586
15:25:59, 3.97, 119, 308.53, 351.01, 357.24, 0.8970, -0.0601, -0.4345, -0.0556
15:25:59, 3.97, 119, 311.04, 351.37, 357.23, 0.9065, -0.0584, -0.4148, -0.0531
15:25:59, 4.00, 120, 313.47, 351.74, 357.28, 0.9154, -0.0568, -0.3954, -0.0502
15:25:59, 4.00, 120, 315.77, 352.09, 357.29, 0.9234, -0.0550, -0.3770, -0.0478
15:25:59, 4.03, 121, 318.02, 352.44, 357.37, 0.9308, -0.0533, -0.3587, -0.0449
15:25:59, 4.03, 121, 320.17, 352.76, 357.44, 0.9376, -0.0517, -0.3412, -0.0424
15:25:59, 4.03, 121, 322.27, 353.19, 357.57, 0.9440, -0.0493, -0.3239, -0.0393
15:25:59, 4.07, 122, 324.31, 353.70, 357.60, 0.9499, -0.0459, -0.3070, -0.0367
15:25:59, 4.07, 122, 326.20, 354.27, 357.72, 0.9552, -0.0420, -0.2912, -0.0335
15:25:59, 4.10, 123, 327.93, 354.75, 357.83, 0.9597, -0.0388, -0.2768, -0.0308
15:25:59, 4.10, 123, 329.57, 355.41, 357.89, 0.9638, -0.0338, -0.2629, -0.0282
15:25:59, 4.10, 123, 331.06, 355.90, 357.94, 0.9673, -0.0302, -0.2503, -0.0263
15:25:59, 4.13, 124, 332.45, 356.50, 358.02, 0.9705, -0.0256, -0.2385, -0.0240
15:25:59, 4.13, 124, 333.73, 357.05, 358.05, 0.9733, -0.0212, -0.2276, -0.0224
15:25:59, 4.17, 125, 334.83, 357.57, 358.16, 0.9756, -0.0172, -0.2182, -0.0202
15:25:59, 4.17, 125, 335.75, 357.99, 358.15, 0.9774, -0.0137, -0.2102, -0.0194
15:25:59, 4.20, 126, 336.65, 358.26, 358.14, 0.9790, -0.0116, -0.2026, -0.0189
15:25:59, 4.20, 126, 337.35, 358.65, 358.14, 0.9803, -0.0084, -0.1965, -0.0182
15:25:59, 4.20, 126, 338.06, 358.80, 358.14, 0.9815, -0.0072, -0.1904, -0.0180
15:25:59, 4.23, 127, 338.65, 359.08, 358.22, 0.9825, -0.0050, -0.1853, -0.0168
15:25:59, 4.23, 127, 339.16, 359.22, 358.23, 0.9833, -0.0039, -0.1809, -0.0165
15:25:59, 4.27, 128, 339.57, 359.34, 358.21, 0.9840, -0.0029, -0.1774, -0.0164
15:25:59, 4.27, 128, 339.88, 359.55, 358.20, 0.9845, -0.0011, -0.1747, -0.0162
15:25:59, 4.27, 128, 340.12, 359.67, 358.12, 0.9848, 0.0000, -0.1727, -0.0166
15:25:59, 4.30, 129, 340.26, 359.79, 358.01, 0.9850, 0.0011, -0.1714, -0.0174
15:25:59, 4.30, 129, 340.52, 359.80, 357.91, 0.9854, 0.0013, -0.1692, -0.0183
15:25:59, 4.33, 130, 340.66, 359.83, 357.85, 0.9856, 0.0016, -0.1680, -0.0187
15:25:59, 4.33, 130, 340.82, 359.74, 357.74, 0.9858, 0.0010, -0.1666, -0.0198
15:25:59, 4.37, 131, 340.72, 359.61, 357.77, 0.9857, -0.0001, -0.1675, -0.0198
15:25:59, 4.37, 131, 340.38, 359.45, 357.80, 0.9852, -0.0015, -0.1704, -0.0198
15:25:59, 4.37, 131, 339.95, 359.25, 357.73, 0.9845, -0.0030, -0.1742, -0.0206
15:25:59, 4.40, 132, 339.56, 359.11, 357.66, 0.9839, -0.0040, -0.1775, -0.0215
15:25:59, 4.40, 132, 339.12, 359.02, 357.58, 0.9832, -0.0046, -0.1814, -0.0223
15:25:59, 4.43, 133, 338.64, 358.96, 357.53, 0.9824, -0.0050, -0.1855, -0.0229
15:25:59, 4.43, 133, 338.22, 358.91, 357.47, 0.9817, -0.0051, -0.1891, -0.0235
15:25:59, 4.43, 133, 337.88, 358.97, 357.38, 0.9811, -0.0044, -0.1920, -0.0242
15:25:59, 4.47, 134, 337.66, 358.95, 357.30, 0.9807, -0.0044, -0.1939, -0.0249
15:25:59, 4.47, 134, 337.74, 358.85, 357.23, 0.9808, -0.0052, -0.1932, -0.0256
15:25:59, 4.50, 135, 338.00, 358.77, 357.17, 0.9812, -0.0058, -0.1910, -0.0263
15:25:59, 4.50, 135, 338.45, 358.71, 357.23, 0.9820, -0.0065, -0.1871, -0.0259
15:25:59, 4.53, 136, 339.07, 358.67, 357.33, 0.9830, -0.0072, -0.1819, -0.0250
15:25:59, 4.53, 136, 339.84, 358.75, 357.47, 0.9842, -0.0069, -0.1752, -0.0237
15:25:59, 4.53, 136, 340.77, 358.90, 357.73, 0.9857, -0.0061, -0.1672, -0.0211
15:25:59, 4.57, 137, 341.71, 358.99, 357.95, 0.9871, -0.0059, -0.1590, -0.0191
15:25:59, 4.57, 137, 342.73, 359.18, 358.21, 0.9885, -0.0047, -0.1502, -0.0165
15:25:59, 4.60, 138, 343.70, 359.24, 358.54, 0.9898, -0.0048, -0.1418, -0.0135
15:25:59, 4.60, 138, 344.80, 359.40, 358.82, 0.9911, -0.0038, -0.1323, -0.0109
15:25:59, 4.60, 138, 345.84, 359.52, 358.98, 0.9923, -0.0030, -0.1233, -0.0094
15:25:59, 4.63, 139, 346.96, 359.75, 359.13, 0.9935, -0.0013, -0.1136, -0.0078
15:25:59, 4.63, 139, 348.08, 359.91, 359.20, 0.9946, 0.0000, -0.1038, -0.0071
15:25:59, 4.67, 140, 349.25, 359.97, 359.21, 0.9956, 0.0004, -0.0937, -0.0069
15:25:59, 4.67, 140, 350.45, 0.01, 359.16, 0.9965, 0.0007, -0.0832, -0.0073
15:25:59, 4.70, 141, 351.69, 359.94, 359.23, 0.9974, 0.0000, -0.0724, -0.0068
15:25:59, 4.70, 141, 352.94, 0.06, 359.24, 0.9981, 0.0009, -0.0616, -0.0066
15:25:59, 4.70, 141, 354.26, 0.18, 359.28, 0.9987, 0.0019, -0.0500, -0.0062
15:25:59, 4.73, 142, 355.69, 0.31, 359.30, 0.9993, 0.0030, -0.0376, -0.0060
15:25:59, 4.73, 142, 357.16, 0.39, 359.30, 0.9997, 0.0036, -0.0247, -0.0060
15:25:59, 4.77, 143, 358.81, 0.45, 359.21, 0.9999, 0.0040, -0.0104, -0.0068
15:25:59, 4.77, 143, 0.65, 0.40, 359.21, 1.0000, 0.0034, 0.0057, -0.0069
15:25:59, 4.77, 143, 2.71, 0.43, 359.25, 0.9997, 0.0036, 0.0237, -0.0067
15:25:59, 4.80, 144, 5.01, 0.48, 359.34, 0.9990, 0.0039, 0.0437, -0.0060
15:25:59, 4.80, 144, 7.78, 0.45, 359.61, 0.9977, 0.0037, 0.0679, -0.0036
15:26:00, 4.83, 145, 10.70, 0.47, 0.01, 0.9956, 0.0041, 0.0932, -0.0003
15:26:00, 4.83, 145, 13.93, 0.36, 0.42, 0.9926, 0.0035, 0.1213, 0.0033
15:26:00, 4.87, 146, 17.20, 0.47, 0.78, 0.9887, 0.0051, 0.1495, 0.0061
15:26:00, 4.87, 146, 20.42, 0.54, 0.97, 0.9841, 0.0061, 0.1772, 0.0075
15:26:00, 4.87, 146, 23.52, 0.81, 0.98, 0.9790, 0.0087, 0.2037, 0.0069
15:26:00, 4.90, 147, 26.43, 1.04, 0.87, 0.9735, 0.0106, 0.2285, 0.0053
15:26:00, 4.90, 147, 29.22, 1.29, 0.54, 0.9676, 0.0121, 0.2521, 0.0017
15:26:00, 4.93, 148, 31.77, 1.67, 0.24, 0.9617, 0.0146, 0.2737, -0.0020
15:26:00, 4.93, 148, 34.08, 2.12, 359.96, 0.9559, 0.0176, 0.2930, -0.0057
15:26:00, 4.93, 148, 36.14, 2.62, 359.72, 0.9504, 0.0210, 0.3102, -0.0094
15:26:00, 4.97, 149, 38.10, 3.19, 359.42, 0.9448, 0.0247, 0.3264, -0.0138
15:26:00, 4.97, 149, 39.73, 3.86, 359.27, 0.9399, 0.0295, 0.3398, -0.0174
15:26:00, 5.00, 150, 41.24, 4.47, 359.23, 0.9351, 0.0341, 0.3521, -0.0200
15:26:00, 5.00, 150, 42.43, 5.02, 359.08, 0.9312, 0.0380, 0.3619, -0.0233
15:26:00, 5.03, 151, 43.37, 5.40, 358.86, 0.9280, 0.0401, 0.3695, -0.0266
15:26:00, 5.03, 151, 44.26, 5.74, 358.73, 0.9249, 0.0422, 0.3767, -0.0291
15:26:00, 5.03, 151, 44.91, 6.02, 358.52, 0.9226, 0.0436, 0.3820, -0.0320
15:26:00, 5.07, 152, 45.46, 6.29, 358.43, 0.9206, 0.0453, 0.3865, -0.0338
15:26:00, 5.07, 152, 45.78, 6.76, 358.24, 0.9192, 0.0483, 0.3891, -0.0371
15:26:00, 5.10, 153, 46.06, 7.10, 358.06, 0.9180, 0.0503, 0.3914, -0.0398
15:26:00, 5.10, 153, 46.12, 7.42, 357.83, 0.9175, 0.0521, 0.3919, -0.0427
15:26:00, 5.10, 153, 46.14, 7.68, 357.73, 0.9173, 0.0538, 0.3921, -0.0444
15:26:00, 5.13, 154, 46.11, 7.84, 357.61, 0.9172, 0.0548, 0.3919, -0.0460
15:26:00, 5.13, 154, 45.95, 8.00, 357.42, 0.9176, 0.0554, 0.3907, -0.0479
15:26:00, 5.17, 155, 45.69, 8.17, 357.22, 0.9183, 0.0563, 0.3887, -0.0500
15:26:00, 5.17, 155, 45.28, 8.38, 356.96, 0.9194, 0.0572, 0.3855, -0.0525
15:26:00, 5.20, 156, 44.59, 8.58, 356.47, 0.9213, 0.0575, 0.3803, -0.0568
15:26:00, 5.20, 156, 43.81, 8.79, 355.92, 0.9235, 0.0578, 0.3743, -0.0615
15:26:00, 5.20, 156, 43.13, 8.88, 355.48, 0.9254, 0.0574, 0.3690, -0.0650
15:26:00, 5.23, 157, 42.65, 9.11, 355.04, 0.9265, 0.0582, 0.3653, -0.0690
15:26:00, 5.23, 157, 42.31, 9.28, 354.84, 0.9273, 0.0592, 0.3627, -0.0710
15:26:00, 5.27, 158, 42.23, 9.46, 354.69, 0.9273, 0.0603, 0.3622, -0.0727
15:26:00, 5.27, 158, 42.39, 9.68, 354.69, 0.9266, 0.0619, 0.3635, -0.0735
15:26:00, 5.27, 158, 42.88, 9.95, 354.70, 0.9248, 0.0638, 0.3675, -0.0746
15:26:00, 5.30, 159, 43.53, 10.26, 354.69, 0.9225, 0.0659, 0.3727, -0.0760
15:26:00, 5.30, 159, 44.39, 10.54, 354.78, 0.9194, 0.0678, 0.3797, -0.0766
15:26:00, 5.33, 160, 45.22, 10.85, 354.92, 0.9165, 0.0703, 0.3862, -0.0770
15:26:00, 5.33, 160, 46.08, 11.01, 355.07, 0.9135, 0.0714, 0.3930, -0.0769
15:26:00, 5.37, 161, 46.99, 11.29, 355.21, 0.9102, 0.0736, 0.4002, -0.0773
15:26:00, 5.37, 161, 47.92, 11.44, 355.42, 0.9069, 0.0748, 0.4074, -0.0768
15:26:00, 5.37, 161, 48.83, 11.67, 355.55, 0.9036, 0.0765, 0.4145, -0.0772
15:26:00, 5.40, 162, 49.77, 11.88, 355.56, 0.8999, 0.0775, 0.4219, -0.0785
15:26:00, 5.40, 162, 50.76, 12.11, 355.64, 0.8961, 0.0790, 0.4296, -0.0794
15:26:00, 5.43, 163, 51.68, 12.28, 355.59, 0.8924, 0.0795, 0.4367, -0.0811
15:26:00, 5.43, 163, 52.61, 12.41, 355.63, 0.8887, 0.0800, 0.4439, -0.0819
15:26:00, 5.43, 163, 53.49, 12.59, 355.71, 0.8852, 0.0811, 0.4506, -0.0826
15:26:00, 5.47, 164, 54.27, 12.73, 355.87, 0.8821, 0.0823, 0.4565, -0.0824
15:26:00, 5.47, 164, 55.05, 12.93, 356.06, 0.8789, 0.0840, 0.4623, -0.0823
15:26:00, 5.50, 165, 55.79, 13.12, 356.11, 0.8757, 0.0851, 0.4679, -0.0832
15:26:00, 5.50, 165, 56.52, 13.32, 356.15, 0.8725, 0.0863, 0.4735, -0.0843
15:26:00, 5.53, 166, 57.21, 13.47, 356.13, 0.8695, 0.0868, 0.4786, -0.0856
15:26:00, 5.53, 166, 57.82, 13.62, 356.13, 0.8668, 0.0875, 0.4833, -0.0867
15:26:00, 5.53, 166, 58.39, 13.78, 356.13, 0.8642, 0.0883, 0.4875, -0.0877
15:26:00, 5.57, 167, 58.87, 13.91, 356.04, 0.8619, 0.0885, 0.4912, -0.0893
15:26:00, 5.57, 167, 59.38, 14.00, 355.87, 0.8595, 0.0881, 0.4951, -0.0914
15:26:00, 5.60, 168, 59.87, 14.08, 355.71, 0.8572, 0.0876, 0.4989, -0.0933
15:26:00, 5.60, 168, 60.33, 14.12, 355.56, 0.8550, 0.0869, 0.5024, -0.0950
15:26:00, 5.60, 168, 60.76, 14.17, 355.41, 0.8529, 0.0862, 0.5057, -0.0966
15:26:00, 5.63, 169, 61.14, 14.19, 355.32, 0.8511, 0.0857, 0.5086, -0.0976
15:26:00, 5.63, 169, 61.55, 14.18, 355.19, 0.8492, 0.0846, 0.5118, -0.0989
15:26:00, 5.67, 170, 61.91, 14.21, 355.07, 0.8475, 0.0840, 0.5145, -0.1002
15:26:00, 5.67, 170, 62.27, 14.21, 354.97, 0.8457, 0.0833, 0.5173, -0.1012
15:26:00, 5.67, 170, 62.64, 14.18, 354.83, 0.8440, 0.0820, 0.5201, -0.1023
15:26:00, 5.70, 171, 63.02, 14.18, 354.74, 0.8422, 0.0814, 0.5230, -0.1033
15:26:00, 5.70, 171, 63.34, 14.21, 354.69, 0.8406, 0.0810, 0.5253, -0.1040
15:26:00, 5.73, 172, 63.65, 14.17, 354.63, 0.8392, 0.0801, 0.5276, -0.1045
15:26:00, 5.73, 172, 64.09, 14.23, 354.59, 0.8371, 0.0800, 0.5309, -0.1053
15:26:00, 5.77, 173, 64.43, 14.22, 354.50, 0.8354, 0.0792, 0.5334, -0.1062
15:26:00, 5.77, 173, 64.80, 14.12, 354.52, 0.8338, 0.0783, 0.5361, -0.1059
15:26:00, 5.77, 173, 65.19, 14.07, 354.52, 0.8320, 0.0775, 0.5390, -0.1059
15:26:00, 5.80, 174, 65.48, 13.97, 354.48, 0.8307, 0.0763, 0.5411, -0.1059
15:26:00, 5.80, 174, 65.79, 13.96, 354.51, 0.8293, 0.0761, 0.5434, -0.1059
15:26:01, 5.83, 175, 66.05, 13.93, 354.49, 0.8281, 0.0755, 0.5452, -0.1060
15:26:01, 5.83, 175, 66.30, 13.90, 354.47, 0.8269, 0.0750, 0.5471, -0.1062
15:26:01, 5.87, 176, 66.58, 13.85, 354.46, 0.8256, 0.0744, 0.5491, -0.1062
15:26:01, 5.87, 176, 66.80, 13.83, 354.50, 0.8246, 0.0742, 0.5507, -0.1060
15:26:01, 5.87, 176, 67.00, 13.89, 354.53, 0.8236, 0.0746, 0.5521, -0.1062
15:26:01, 5.90, 177, 67.16, 13.93, 354.58, 0.8229, 0.0749, 0.5532, -0.1061
15:26:01, 5.90, 177, 67.32, 14.02, 354.65, 0.8221, 0.0758, 0.5543, -0.1062
15:26:01, 5.93, 178, 67.46, 14.03, 354.71, 0.8214, 0.0760, 0.5552, -0.1059
15:26:01, 5.93, 178, 67.60, 14.07, 354.77, 0.8208, 0.0765, 0.5561, -0.1057
15:26:01, 5.93, 178, 67.70, 14.07, 354.84, 0.8203, 0.0768, 0.5568, -0.1052
15:26:01, 5.97, 179, 67.77, 14.13, 354.95, 0.8200, 0.0776, 0.5572, -0.1048
15:26:01, 5.97, 179, 67.83, 14.15, 355.01, 0.8197, 0.0780, 0.5577, -0.1046
15:26:01, 6.00, 180, 67.86, 14.17, 355.07, 0.8196, 0.0784, 0.5578, -0.1042
15:26:01, 6.00, 180, 67.90, 14.17, 355.21, 0.8196, 0.0791, 0.5580, -0.1033
15:26:01, 6.03, 181, 67.98, 14.14, 355.27, 0.8193, 0.0791, 0.5585, -0.1027
15:26:01, 6.03, 181, 68.02, 14.09, 355.36, 0.8192, 0.0791, 0.5588, -0.1019
15:26:01, 6.03, 181, 68.01, 14.09, 355.43, 0.8193, 0.0795, 0.5587, -0.1014
15:26:01, 6.07, 182, 67.97, 14.10, 355.50, 0.8196, 0.0799, 0.5583, -0.1008
15:26:01, 6.07, 182, 67.84, 14.08, 355.55, 0.8203, 0.0801, 0.5574, -0.1004
15:26:01, 6.10, 183, 67.72, 14.06, 355.57, 0.8209, 0.0802, 0.5565, -0.1000
15:26:01, 6.10, 183, 67.54, 14.02, 355.62, 0.8219, 0.0803, 0.5552, -0.0994
15:26:01, 6.10, 183, 67.34, 13.97, 355.63, 0.8229, 0.0801, 0.5538, -0.0988
15:26:01, 6.13, 184, 67.11, 13.91, 355.64, 0.8241, 0.0800, 0.5521, -0.0983
15:26:01, 6.13, 184, 66.82, 13.93, 355.61, 0.8254, 0.0802, 0.5501, -0.0984
15:26:01, 6.17, 185, 66.54, 13.89, 355.55, 0.8267, 0.0799, 0.5481, -0.0985
15:26:01, 6.17, 185, 66.21, 13.87, 355.47, 0.8283, 0.0796, 0.5458, -0.0988
15:26:01, 6.20, 186, 65.91, 13.77, 355.42, 0.8298, 0.0789, 0.5436, -0.0984
15:26:01, 6.20, 186, 65.64, 13.64, 355.38, 0.8312, 0.0780, 0.5417, -0.0980
15:26:01, 6.20, 186, 65.38, 13.53, 355.30, 0.8324, 0.0771, 0.5400, -0.0979
15:26:01, 6.23, 187, 65.13, 13.45, 355.18, 0.8336, 0.0762, 0.5382, -0.0982
15:26:01, 6.23, 187, 64.84, 13.41, 355.17, 0.8350, 0.0760, 0.5361, -0.0979
15:26:01, 6.27, 188, 64.58, 13.39, 355.22, 0.8363, 0.0764, 0.5342, -0.0972
15:26:01, 6.27, 188, 64.35, 13.34, 355.30, 0.8374, 0.0765, 0.5325, -0.0963
15:26:01, 6.27, 188, 64.14, 13.30, 355.41, 0.8386, 0.0769, 0.5309, -0.0952
15:26:01, 6.30, 189, 63.99, 13.23, 355.54, 0.8394, 0.0772, 0.5297, -0.0938
15:26:01, 6.30, 189, 63.89, 13.17, 355.63, 0.8400, 0.0772, 0.5290, -0.0928
15:26:01, 6.33, 190, 63.77, 13.18, 355.74, 0.8407, 0.0779, 0.5280, -0.0919
15:26:01, 6.33, 190, 63.61, 13.20, 355.89, 0.8415, 0.0789, 0.5267, -0.0909
15:26:01, 6.37, 191, 63.40, 13.20, 355.98, 0.8425, 0.0794, 0.5251, -0.0900
15:26:01, 6.37, 191, 63.20, 13.16, 356.08, 0.8436, 0.0797, 0.5236, -0.0890
15:26:01, 6.37, 191, 63.01, 13.13, 356.18, 0.8445, 0.0802, 0.5221, -0.0879
15:26:01, 6.40, 192, 62.85, 13.09, 356.23, 0.8453, 0.0802, 0.5209, -0.0873
15:26:01, 6.40, 192, 62.67, 13.06, 356.31, 0.8463, 0.0804, 0.5195, -0.0864
15:26:01, 6.43, 193, 62.49, 13.07, 356.36, 0.8471, 0.0809, 0.5182, -0.0860
15:26:01, 6.43, 193, 62.28, 13.08, 356.40, 0.8481, 0.0813, 0.5165, -0.0856
15:26:01, 6.43, 193, 62.06, 13.09, 356.43, 0.8491, 0.0817, 0.5149, -0.0853
15:26:01, 6.47, 194, 61.86, 13.08, 356.41, 0.8500, 0.0817, 0.5135, -0.0852
15:26:01, 6.47, 194, 61.66, 13.07, 356.39, 0.8509, 0.0816, 0.5120, -0.0852
15:26:01, 6.50, 195, 61.50, 13.03, 356.37, 0.8516, 0.0814, 0.5108, -0.0850
15:26:01, 6.50, 195, 61.37, 13.04, 356.33, 0.8521, 0.0814, 0.5099, -0.0853
15:26:01, 6.53, 196, 61.21, 13.04, 356.30, 0.8528, 0.0814, 0.5087, -0.0854
15:26:01, 6.53, 196, 61.05, 13.10, 356.28, 0.8535, 0.0819, 0.5075, -0.0857
15:26:01, 6.53, 196, 60.88, 13.15, 356.28, 0.8541, 0.0823, 0.5063, -0.0858
15:26:01, 6.57, 197, 60.73, 13.17, 356.27, 0.8548, 0.0826, 0.5051, -0.0858
15:26:01, 6.57, 197, 60.62, 13.21, 356.25, 0.8552, 0.0828, 0.5043, -0.0861
15:26:01, 6.60, 198, 60.48, 13.23, 356.25, 0.8558, 0.0831, 0.5033, -0.0861
15:26:01, 6.60, 198, 60.37, 13.28, 356.29, 0.8563, 0.0837, 0.5024, -0.0859
15:26:01, 6.60, 198, 60.18, 13.34, 356.32, 0.8571, 0.0844, 0.5009, -0.0858
15:26:01, 6.63, 199, 60.01, 13.37, 356.35, 0.8578, 0.0849, 0.4997, -0.0856
15:26:01, 6.63, 199, 59.77, 13.43, 356.37, 0.8588, 0.0857, 0.4978, -0.0855
15:26:01, 6.67, 200, 59.54, 13.47, 356.41, 0.8598, 0.0863, 0.4960, -0.0852
15:26:01, 6.67, 200, 59.28, 13.52, 356.44, 0.8609, 0.0869, 0.4941, -0.0850
15:26:01, 6.70, 201, 59.01, 13.54, 356.40, 0.8620, 0.0872, 0.4921, -0.0852
15:26:01, 6.70, 201, 58.70, 13.60, 356.40, 0.8633, 0.0878, 0.4897, -0.0852
15:26:01, 6.70, 201, 58.39, 13.60, 356.40, 0.8646, 0.0881, 0.4874, -0.0849
15:26:01, 6.73, 202, 58.06, 13.61, 356.37, 0.8660, 0.0883, 0.4849, -0.0849
15:26:01, 6.73, 202, 57.70, 13.64, 356.35, 0.8674, 0.0887, 0.4821, -0.0849
15:26:01, 6.77, 203, 57.30, 13.63, 356.29, 0.8691, 0.0887, 0.4792, -0.0850
15:26:01, 6.77, 203, 56.88, 13.65, 356.26, 0.8708, 0.0890, 0.4761, -0.0850
15:26:01, 6.77, 203, 56.39, 13.58, 356.19, 0.8728, 0.0885, 0.4724, -0.0849
15:26:01, 6.80, 204, 55.82, 13.57, 356.13, 0.8751, 0.0887, 0.4680, -0.0849
15:26:01, 6.80, 204, 55.22, 13.54, 356.05, 0.8776, 0.0886, 0.4635, -0.0849
15:26:02, 6.83, 205, 54.41, 13.45, 355.94, 0.8808, 0.0880, 0.4574, -0.0848
15:26:02, 6.83, 205, 53.44, 13.39, 355.75, 0.8846, 0.0875, 0.4501, -0.0852
15:26:02, 6.87, 206, 52.23, 13.34, 355.50, 0.8891, 0.0870, 0.4410, -0.0861
15:26:02, 6.87, 206, 50.88, 13.22, 355.11, 0.8941, 0.0857, 0.4308, -0.0877
15:26:02, 6.87, 206, 49.39, 13.15, 354.63, 0.8994, 0.0845, 0.4194, -0.0901
15:26:02, 6.90, 207, 47.71, 13.06, 354.15, 0.9051, 0.0833, 0.4066, -0.0923
15:26:02, 6.90, 207, 45.99, 12.88, 353.66, 0.9109, 0.0816, 0.3933, -0.0944
15:26:02, 6.93, 208, 44.00, 12.67, 353.15, 0.9174, 0.0799, 0.3778, -0.0963
15:26:02, 6.93, 208, 41.88, 12.39, 352.66, 0.9241, 0.0779, 0.3610, -0.0979
15:26:02, 6.93, 208, 39.60, 12.10, 352.23, 0.9311, 0.0761, 0.3428, -0.0990
15:26:02, 6.97, 209, 37.31, 11.87, 351.79, 0.9376, 0.0750, 0.3243, -0.1004
15:26:02, 6.97, 209, 35.01, 11.62, 351.42, 0.9439, 0.0739, 0.3056, -0.1013
15:26:02, 7.00, 210, 32.70, 11.37, 350.97, 0.9497, 0.0727, 0.2867, -0.1030
15:26:02, 7.00, 210, 30.27, 11.03, 350.55, 0.9555, 0.0710, 0.2666, -0.1042
15:26:02, 7.03, 211, 27.90, 10.70, 350.11, 0.9607, 0.0695, 0.2469, -0.1057
15:26:02, 7.03, 211, 25.62, 10.33, 349.69, 0.9654, 0.0676, 0.2278, -0.1071
15:26:02, 7.03, 211, 23.58, 9.96, 349.49, 0.9695, 0.0660, 0.2105, -0.1070
15:26:02, 7.07, 212, 21.79, 9.51, 349.41, 0.9730, 0.0637, 0.1951, -0.1060
15:26:02, 7.07, 212, 20.22, 8.92, 349.38, 0.9760, 0.0600, 0.1814, -0.1044
15:26:02, 7.10, 213, 18.70, 8.44, 349.30, 0.9786, 0.0572, 0.1681, -0.1037
15:26:02, 7.10, 213, 17.23, 7.99, 349.41, 0.9811, 0.0548, 0.1552, -0.1014
15:26:02, 7.10, 213, 15.83, 7.65, 349.38, 0.9832, 0.0531, 0.1429, -0.1006
15:26:02, 7.13, 214, 14.60, 7.43, 349.49, 0.9849, 0.0524, 0.1322, -0.0988
15:26:02, 7.13, 214, 13.28, 7.10, 349.56, 0.9866, 0.0507, 0.1205, -0.0973
15:26:02, 7.17, 215, 11.96, 6.69, 349.53, 0.9882, 0.0483, 0.1089, -0.0966
15:26:02, 7.17, 215, 10.65, 6.25, 349.50, 0.9896, 0.0456, 0.0972, -0.0960
15:26:02, 7.20, 216, 9.27, 5.90, 349.48, 0.9908, 0.0437, 0.0850, -0.0954
15:26:02, 7.20, 216, 7.95, 5.59, 349.51, 0.9919, 0.0421, 0.0734, -0.0944
15:26:02, 7.20, 216, 6.65, 5.26, 349.53, 0.9929, 0.0404, 0.0619, -0.0936
15:26:02, 7.23, 217, 5.35, 5.02, 349.55, 0.9936, 0.0393, 0.0505, -0.0929
15:26:02, 7.23, 217, 3.99, 4.71, 349.53, 0.9943, 0.0378, 0.0384, -0.0925
15:26:02, 7.27, 218, 2.79, 4.51, 349.49, 0.9946, 0.0369, 0.0278, -0.0924
15:26:02, 7.27, 218, 1.61, 4.36, 349.55, 0.9950, 0.0366, 0.0174, -0.0915
15:26:02, 7.27, 218, 0.49, 4.26, 349.71, 0.9953, 0.0366, 0.0076, -0.0898
15:26:02, 7.30, 219, 359.47, 4.11, 349.89, 0.9955, 0.0362, -0.0015, -0.0879
15:26:02, 7.30, 219, 358.58, 4.09, 350.09, 0.9956, 0.0366, -0.0092, -0.0859
15:26:02, 7.33, 220, 357.62, 4.08, 350.27, 0.9956, 0.0373, -0.0177, -0.0840
15:26:02, 7.33, 220, 356.78, 4.11, 350.40, 0.9955, 0.0381, -0.0250, -0.0826
15:26:02, 7.37, 221, 355.99, 4.11, 350.55, 0.9955, 0.0386, -0.0319, -0.0810
15:26:02, 7.37, 221, 355.38, 4.17, 350.75, 0.9954, 0.0395, -0.0372, -0.0790
15:26:02, 7.37, 221, 354.79, 4.10, 350.96, 0.9954, 0.0392, -0.0425, -0.0770
15:26:02, 7.40, 222, 354.31, 3.99, 351.04, 0.9953, 0.0385, -0.0467, -0.0762
15:26:02, 7.40, 222, 353.76, 4.24, 351.18, 0.9950, 0.0410, -0.0514, -0.0747
15:26:02, 7.43, 223, 353.20, 4.45, 351.51, 0.9949, 0.0430, -0.0563, -0.0715
15:26:02, 7.43, 223, 352.73, 4.43, 351.76, 0.9948, 0.0430, -0.0604, -0.0692
15:26:02, 7.43, 223, 352.38, 4.38, 351.90, 0.9947, 0.0427, -0.0636, -0.0679
15:26:02, 7.47, 224, 351.99, 4.32, 352.00, 0.9946, 0.0423, -0.0670, -0.0669
15:26:02, 7.47, 224, 351.53, 4.24, 352.11, 0.9944, 0.0419, -0.0711, -0.0658
15:26:02, 7.50, 225, 351.16, 4.27, 352.21, 0.9942, 0.0423, -0.0743, -0.0648
15:26:02, 7.50, 225, 350.76, 4.35, 352.27, 0.9940, 0.0431, -0.0778, -0.0641
15:26:02, 7.53, 226, 350.36, 4.39, 352.34, 0.9937, 0.0437, -0.0812, -0.0633
15:26:02, 7.53, 226, 349.94, 4.42, 352.46, 0.9935, 0.0441, -0.0849, -0.0620
15:26:02, 7.53, 226, 349.54, 4.43, 352.54, 0.9932, 0.0443, -0.0884, -0.0612
15:26:02, 7.57, 227, 349.14, 4.42, 352.64, 0.9930, 0.0444, -0.0919, -0.0602
15:26:02, 7.57, 227, 348.62, 4.45, 352.66, 0.9925, 0.0449, -0.0964, -0.0598
15:26:02, 7.60, 228, 348.13, 4.54, 352.80, 0.9922, 0.0458, -0.1006, -0.0583
15:26:02, 7.60, 228, 347.68, 4.57, 352.85, 0.9918, 0.0463, -0.1045, -0.0577
15:26:02, 7.60, 228, 347.18, 4.72, 352.99, 0.9913, 0.0476, -0.1088, -0.0562
15:26:02, 7.63, 229, 346.68, 4.83, 353.05, 0.9908, 0.0488, -0.1131, -0.0553
15:26:02, 7.63, 229, 346.19, 4.90, 353.09, 0.9903, 0.0496, -0.1173, -0.0546
15:26:02, 7.67, 230, 345.69, 4.98, 353.17, 0.9898, 0.0504, -0.1216, -0.0537
15:26:02, 7.67, 230, 345.12, 4.98, 353.24, 0.9893, 0.0506, -0.1266, -0.0528
15:26:02, 7.70, 231, 344.66, 5.13, 353.33, 0.9887, 0.0520, -0.1305, -0.0517
15:26:02, 7.70, 231, 344.15, 5.19, 353.40, 0.9881, 0.0527, -0.1349, -0.0508
15:26:02, 7.70, 231, 343.68, 5.28, 353.55, 0.9876, 0.0535, -0.1390, -0.0491
15:26:02, 7.73, 232, 343.15, 5.31, 353.72, 0.9870, 0.0538, -0.1436, -0.0474
15:26:02, 7.73, 232, 342.62, 5.27, 353.86, 0.9864, 0.0535, -0.1483, -0.0459
15:26:02, 7.77, 233, 342.11, 5.14, 354.03, 0.9859, 0.0523, -0.1528, -0.0444
15:26:02, 7.77, 233, 341.57, 4.98, 354.19, 0.9852, 0.0509, -0.1576, -0.0430
15:26:02, 7.77, 233, 341.03, 4.80, 354.37, 0.9846, 0.0493, -0.1624, -0.0415
15:26:02, 7.80, 234, 340.48, 4.73, 354.48, 0.9839, 0.0488, -0.1672, -0.0404
15:26:02, 7.80, 234, 339.98, 4.64, 354.57, 0.9832, 0.0480, -0.1716, -0.0396
15:26:03, 7.83, 235, 339.48, 4.47, 354.72, 0.9825, 0.0465, -0.1760, -0.0384
15:26:03, 7.83, 235, 338.96, 4.27, 354.84, 0.9818, 0.0448, -0.1806, -0.0374
15:26:03, 7.87, 236, 338.45, 4.07, 354.93, 0.9811, 0.0431, -0.1851, -0.0368
15:26:03, 7.87, 236, 337.92, 3.76, 355.09, 0.9803, 0.0404, -0.1898, -0.0358
15:26:03, 7.87, 236, 337.53, 3.55, 355.18, 0.9798, 0.0385, -0.1933, -0.0352
15:26:03, 7.90, 237, 337.17, 3.37, 355.28, 0.9792, 0.0370, -0.1964, -0.0345
15:26:03, 7.90, 237, 336.83, 3.15, 355.37, 0.9787, 0.0350, -0.1995, -0.0340
15:26:03, 7.93, 238, 336.50, 2.91, 355.47, 0.9782, 0.0329, -0.2025, -0.0335
15:26:03, 7.93, 238, 336.18, 2.65, 355.65, 0.9777, 0.0304, -0.2053, -0.0323
15:26:03, 7.93, 238, 335.89, 2.43, 355.76, 0.9772, 0.0284, -0.2079, -0.0318
15:26:03, 7.97, 239, 335.52, 2.17, 355.84, 0.9766, 0.0262, -0.2111, -0.0315
15:26:03, 7.97, 239, 335.21, 1.91, 355.94, 0.9761, 0.0239, -0.2139, -0.0310
15:26:03, 8.00, 240, 334.91, 1.61, 355.90, 0.9755, 0.0215, -0.2166, -0.0319
15:26:03, 8.00, 240, 334.60, 1.40, 355.97, 0.9749, 0.0196, -0.2193, -0.0316
15:26:03, 8.03, 241, 334.24, 1.14, 355.95, 0.9743, 0.0176, -0.2224, -0.0323
15:26:03, 8.03, 241, 333.87, 0.86, 356.03, 0.9736, 0.0152, -0.2257, -0.0321
15:26:03, 8.03, 241, 333.59, 0.64, 355.91, 0.9730, 0.0135, -0.2281, -0.0335
15:26:03, 8.07, 242, 333.25, 0.39, 355.91, 0.9723, 0.0116, -0.2311, -0.0340
15:26:03, 8.07, 242, 332.93, 0.10, 355.87, 0.9716, 0.0092, -0.2339, -0.0348
15:26:03, 8.10, 243, 332.61, 359.85, 355.92, 0.9709, 0.0072, -0.2367, -0.0349
15:26:03, 8.10, 243, 332.28, 359.79, 355.89, 0.9702, 0.0068, -0.2395, -0.0353
15:26:03, 8.10, 243, 331.93, 359.66, 355.94, 0.9695, 0.0057, -0.2425, -0.0351
15:26:03, 8.13, 244, 331.66, 359.54, 355.94, 0.9689, 0.0048, -0.2448, -0.0353
15:26:03, 8.13, 244, 331.32, 359.43, 355.98, 0.9682, 0.0039, -0.2477, -0.0352
15:26:03, 8.17, 245, 330.98, 359.34, 356.01, 0.9675, 0.0031, -0.2506, -0.0352
15:26:03, 8.17, 245, 330.68, 359.20, 356.03, 0.9668, 0.0020, -0.2531, -0.0353
15:26:03, 8.20, 246, 330.35, 359.14, 356.06, 0.9660, 0.0015, -0.2560, -0.0352
15:26:03, 8.20, 246, 330.05, 359.08, 356.08, 0.9654, 0.0011, -0.2585, -0.0351
15:26:03, 8.20, 246, 329.75, 359.12, 356.09, 0.9647, 0.0015, -0.2610, -0.0349
15:26:03, 8.23, 247, 329.42, 359.22, 356.11, 0.9640, 0.0024, -0.2638, -0.0345
15:26:03, 8.23, 247, 329.09, 359.32, 356.11, 0.9632, 0.0033, -0.2665, -0.0343
15:26:03, 8.27, 248, 328.72, 359.41, 356.17, 0.9624, 0.0041, -0.2696, -0.0336
15:26:03, 8.27, 248, 328.44, 359.48, 356.21, 0.9617, 0.0047, -0.2719, -0.0331
15:26:03, 8.27, 248, 328.10, 359.51, 356.22, 0.9609, 0.0050, -0.2748, -0.0329
15:26:03, 8.30, 249, 327.78, 359.63, 356.21, 0.9602, 0.0061, -0.2774, -0.0327
15:26:03, 8.30, 249, 327.46, 359.71, 356.21, 0.9594, 0.0069, -0.2801, -0.0324
15:26:03, 8.33, 250, 327.16, 359.76, 356.25, 0.9587, 0.0073, -0.2826, -0.0320
15:26:03, 8.33, 250, 326.86, 359.82, 356.22, 0.9579, 0.0079, -0.2851, -0.0320
15:26:03, 8.37, 251, 326.57, 359.88, 356.19, 0.9572, 0.0086, -0.2875, -0.0322
15:26:03, 8.37, 251, 326.31, 359.89, 356.12, 0.9565, 0.0089, -0.2896, -0.0327
15:26:03, 8.37, 251, 326.13, 359.89, 356.05, 0.9561, 0.0091, -0.2911, -0.0333
15:26:03, 8.40, 252, 325.92, 359.87, 355.94, 0.9555, 0.0093, -0.2929, -0.0342
15:26:03, 8.40, 252, 325.76, 359.84, 355.90, 0.9551, 0.0092, -0.2942, -0.0346
15:26:03, 8.43, 253, 325.57, 359.78, 355.85, 0.9545, 0.0089, -0.2958, -0.0351
15:26:03, 8.43, 253, 325.37, 359.74, 355.86, 0.9540, 0.0086, -0.2975, -0.0352
15:26:03, 8.43, 253, 325.19, 359.73, 355.84, 0.9536, 0.0086, -0.2990, -0.0353
15:26:03, 8.47, 254, 324.99, 359.75, 355.85, 0.9531, 0.0088, -0.3006, -0.0352
15:26:03, 8.47, 254, 324.81, 359.74, 355.81, 0.9525, 0.0088, -0.3022, -0.0355
15:26:03, 8.50, 255, 324.60, 359.73, 355.80, 0.9520, 0.0089, -0.3039, -0.0356
15:26:03, 8.50, 255, 324.42, 359.73, 355.80, 0.9515, 0.0089, -0.3054, -0.0356
15:26:03, 8.53, 256, 324.25, 359.70, 355.82, 0.9511, 0.0087, -0.3068, -0.0355
15:26:03, 8.53, 256, 324.04, 359.62, 355.85, 0.9505, 0.0080, -0.3086, -0.0355
15:26:03, 8.53, 256, 323.82, 359.52, 355.87, 0.9499, 0.0072, -0.3104, -0.0356
15:26:03, 8.57, 257, 323.60, 359.43, 355.87, 0.9493, 0.0066, -0.3123, -0.0358
15:26:03, 8.57, 257, 323.38, 359.41, 355.87, 0.9487, 0.0064, -0.3141, -0.0358
15:26:03, 8.60, 258, 323.16, 359.40, 355.83, 0.9481, 0.0066, -0.3160, -0.0361
15:26:03, 8.60, 258, 322.94, 359.38, 355.76, 0.9474, 0.0067, -0.3178, -0.0368
15:26:03, 8.60, 258, 322.74, 359.39, 355.72, 0.9469, 0.0069, -0.3194, -0.0371
15:26:03, 8.63, 259, 322.51, 359.39, 355.66, 0.9462, 0.0071, -0.3213, -0.0375
15:26:03, 8.63, 259, 322.27, 359.34, 355.58, 0.9455, 0.0070, -0.3233, -0.0384
15:26:03, 8.67, 260, 322.02, 359.32, 355.48, 0.9448, 0.0072, -0.3253, -0.0392
15:26:03, 8.67, 260, 321.74, 359.24, 355.40, 0.9439, 0.0069, -0.3277, -0.0401
15:26:03, 8.70, 261, 321.47, 359.14, 355.31, 0.9431, 0.0064, -0.3300, -0.0411
15:26:03, 8.70, 261, 321.22, 359.08, 355.19, 0.9423, 0.0063, -0.3320, -0.0423
15:26:03, 8.70, 261, 321.03, 359.08, 354.98, 0.9417, 0.0070, -0.3336, -0.0440
15:26:03, 8.73, 262, 320.87, 359.07, 354.72, 0.9411, 0.0078, -0.3349, -0.0461
15:26:03, 8.73, 262, 320.84, 359.19, 354.34, 0.9409, 0.0099, -0.3350, -0.0489
15:26:03, 8.77, 263, 320.87, 359.28, 353.99, 0.9408, 0.0117, -0.3347, -0.0514
15:26:03, 8.77, 263, 320.91, 359.41, 353.83, 0.9409, 0.0132, -0.3343, -0.0525
15:26:03, 8.77, 263, 320.93, 359.57, 353.77, 0.9410, 0.0146, -0.3341, -0.0524
15:26:03, 8.80, 264, 320.89, 359.72, 353.87, 0.9409, 0.0156, -0.3343, -0.0512
15:26:03, 8.80, 264, 320.84, 359.86, 353.97, 0.9408, 0.0164, -0.3347, -0.0499
15:26:04, 8.83, 265, 320.78, 0.04, 354.16, 0.9408, 0.0174, -0.3352, -0.0479
15:26:04, 8.83, 265, 320.70, 0.23, 354.33, 0.9406, 0.0185, -0.3358, -0.0459
15:26:04, 8.87, 266, 320.61, 0.45, 354.52, 0.9405, 0.0198, -0.3364, -0.0437
15:26:04, 8.87, 266, 320.53, 0.68, 354.71, 0.9403, 0.0212, -0.3371, -0.0414
15:26:04, 8.87, 266, 320.45, 0.86, 354.85, 0.9402, 0.0222, -0.3377, -0.0398
15:26:04, 8.90, 267, 320.33, 1.00, 354.99, 0.9399, 0.0230, -0.3387, -0.0382
15:26:04, 8.90, 267, 320.22, 1.14, 355.09, 0.9396, 0.0239, -0.3395, -0.0369
15:26:04, 8.93, 268, 320.08, 1.29, 355.15, 0.9392, 0.0251, -0.3406, -0.0360
15:26:04, 8.93, 268, 319.98, 1.42, 355.20, 0.9389, 0.0259, -0.3414, -0.0351
15:26:04, 8.93, 268, 319.90, 1.53, 355.23, 0.9387, 0.0268, -0.3420, -0.0345
15:26:04, 8.97, 269, 319.79, 1.59, 355.29, 0.9384, 0.0272, -0.3429, -0.0338
15:26:04, 8.97, 269, 319.71, 1.64, 355.34, 0.9382, 0.0275, -0.3435, -0.0332
15:26:04, 9.00, 270, 319.68, 1.62, 355.34, 0.9381, 0.0273, -0.3438, -0.0333
15:26:04, 9.00, 270, 319.67, 1.62, 355.31, 0.9380, 0.0273, -0.3439, -0.0335
15:26:04, 9.03, 271, 319.66, 1.61, 355.32, 0.9380, 0.0272, -0.3440, -0.0335
15:26:04, 9.03, 271, 319.66, 1.58, 355.32, 0.9380, 0.0270, -0.3440, -0.0335
15:26:04, 9.03, 271, 319.67, 1.55, 355.35, 0.9380, 0.0267, -0.3439, -0.0334
15:26:04, 9.07, 272, 319.68, 1.50, 355.36, 0.9381, 0.0263, -0.3438, -0.0335
15:26:04, 9.07, 272, 319.68, 1.45, 355.38, 0.9381, 0.0257, -0.3439, -0.0335
15:26:04, 9.10, 273, 319.69, 1.38, 355.39, 0.9381, 0.0252, -0.3438, -0.0336
15:26:04, 9.10, 273, 319.72, 1.34, 355.41, 0.9382, 0.0247, -0.3435, -0.0336
15:26:04, 9.10, 273, 319.77, 1.24, 355.42, 0.9383, 0.0239, -0.3432, -0.0338
15:26:04, 9.13, 274, 319.83, 1.13, 355.46, 0.9385, 0.0229, -0.3428, -0.0338
15:26:04, 9.13, 274, 319.88, 0.96, 355.44, 0.9387, 0.0215, -0.3424, -0.0345
15:26:04, 9.17, 275, 319.94, 0.79, 355.39, 0.9388, 0.0202, -0.3420, -0.0354
15:26:04, 9.17, 275, 320.00, 0.61, 355.32, 0.9390, 0.0190, -0.3415, -0.0365
15:26:04, 9.20, 276, 320.08, 0.44, 355.27, 0.9392, 0.0177, -0.3409, -0.0375
15:26:04, 9.20, 276, 320.14, 0.32, 355.21, 0.9393, 0.0168, -0.3405, -0.0383
15:26:04, 9.20, 276, 320.19, 0.22, 355.18, 0.9395, 0.0161, -0.3401, -0.0389
15:26:04, 9.23, 277, 320.24, 0.13, 355.14, 0.9396, 0.0155, -0.3397, -0.0395
15:26:04, 9.23, 277, 320.27, 0.07, 355.14, 0.9397, 0.0150, -0.3395, -0.0397
15:26:04, 9.27, 278, 320.32, 0.00, 355.16, 0.9398, 0.0143, -0.3391, -0.0397
15:26:04, 9.27, 278, 320.37, 359.95, 355.16, 0.9400, 0.0139, -0.3387, -0.0399
15:26:04, 9.27, 278, 320.47, 359.85, 355.16, 0.9402, 0.0131, -0.3379, -0.0402
15:26:04, 9.30, 279, 320.60, 359.75, 355.17, 0.9406, 0.0122, -0.3369, -0.0404
15:26:04, 9.30, 279, 320.79, 359.63, 355.21, 0.9411, 0.0110, -0.3354, -0.0404
15:26:04, 9.33, 280, 320.97, 359.54, 355.23, 0.9417, 0.0101, -0.3339, -0.0406
15:26:04, 9.33, 280, 321.21, 359.47, 355.25, 0.9424, 0.0094, -0.3320, -0.0406
15:26:04, 9.37, 281, 321.41, 359.46, 355.28, 0.9429, 0.0091, -0.3304, -0.0404
15:26:04, 9.37, 281, 321.63, 359.47, 355.31, 0.9436, 0.0091, -0.3286, -0.0401
15:26:04, 9.37, 281, 321.82, 359.53, 355.37, 0.9442, 0.0093, -0.3269, -0.0395
15:26:04, 9.40, 282, 322.00, 359.55, 355.40, 0.9447, 0.0094, -0.3255, -0.0393
15:26:04, 9.40, 282, 322.15, 359.57, 355.44, 0.9451, 0.0094, -0.3242, -0.0389
15:26:04, 9.43, 283, 322.26, 359.58, 355.44, 0.9454, 0.0094, -0.3233, -0.0388
15:26:04, 9.43, 283, 322.35, 359.60, 355.41, 0.9457, 0.0097, -0.3226, -0.0390
15:26:04, 9.43, 283, 322.40, 359.60, 355.38, 0.9458, 0.0097, -0.3221, -0.0392
15:26:04, 9.47, 284, 322.45, 359.62, 355.34, 0.9460, 0.0099, -0.3217, -0.0396
15:26:04, 9.47, 284, 322.46, 359.63, 355.28, 0.9460, 0.0102, -0.3216, -0.0400
15:26:04, 9.50, 285, 322.51, 359.62, 355.25, 0.9461, 0.0102, -0.3212, -0.0403
15:26:04, 9.50, 285, 322.51, 359.62, 355.20, 0.9461, 0.0103, -0.3212, -0.0407
15:26:04, 9.53, 286, 322.56, 359.63, 355.15, 0.9462, 0.0105, -0.3208, -0.0411
15:26:04, 9.53, 286, 322.61, 359.64, 355.15, 0.9463, 0.0106, -0.3204, -0.0411
15:26:04, 9.53, 286, 322.64, 359.68, 355.15, 0.9464, 0.0109, -0.3201, -0.0410
15:26:04, 9.57, 287, 322.69, 359.70, 355.16, 0.9466, 0.0110, -0.3197, -0.0408
15:26:04, 9.57, 287, 322.74, 359.71, 355.17, 0.9467, 0.0111, -0.3193, -0.0407
15:26:04, 9.60, 288, 322.82, 359.68, 355.19, 0.9469, 0.0108, -0.3186, -0.0407
15:26:04, 9.60, 288, 322.89, 359.66, 355.22, 0.9471, 0.0105, -0.3181, -0.0405
15:26:04, 9.60, 288, 322.99, 359.60, 355.25, 0.9474, 0.0098, -0.3173, -0.0404
15:26:04, 9.63, 289, 323.06, 359.59, 355.28, 0.9476, 0.0096, -0.3167, -0.0402
15:26:04, 9.63, 289, 323.14, 359.58, 355.30, 0.9479, 0.0095, -0.3160, -0.0400
15:26:04, 9.67, 290, 323.24, 359.53, 355.28, 0.9481, 0.0091, -0.3152, -0.0403
15:26:04, 9.67, 290, 323.37, 359.54, 355.24, 0.9485, 0.0092, -0.3141, -0.0407
15:26:04, 9.70, 291, 323.52, 359.62, 355.18, 0.9489, 0.0100, -0.3129, -0.0409
15:26:04, 9.70, 291, 323.62, 359.70, 355.16, 0.9491, 0.0107, -0.3120, -0.0409
15:26:04, 9.70, 291, 323.72, 359.81, 355.16, 0.9494, 0.0116, -0.3111, -0.0406
15:26:04, 9.73, 292, 323.82, 359.96, 355.16, 0.9497, 0.0128, -0.3103, -0.0402
15:26:04, 9.73, 292, 323.91, 0.05, 355.16, 0.9500, 0.0135, -0.3095, -0.0400
15:26:04, 9.77, 293, 323.98, 0.11, 355.13, 0.9502, 0.0141, -0.3088, -0.0401
15:26:04, 9.77, 293, 324.09, 0.17, 355.10, 0.9504, 0.0146, -0.3080, -0.0402
15:26:04, 9.77, 293, 324.19, 0.21, 355.10, 0.9507, 0.0149, -0.3071, -0.0401
15:26:04, 9.80, 294, 324.31, 0.25, 355.12, 0.9510, 0.0151, -0.3061, -0.0398
15:26:04, 9.80, 294, 324.42, 0.24, 355.15, 0.9513, 0.0149, -0.3052, -0.0397
15:26:05, 9.83, 295, 324.54, 0.25, 355.16, 0.9517, 0.0149, -0.3042, -0.0395
15:26:05, 9.83, 295, 324.65, 0.27, 355.17, 0.9520, 0.0150, -0.3033, -0.0395
15:26:05, 9.87, 296, 324.74, 0.30, 355.17, 0.9522, 0.0152, -0.3025, -0.0394
15:26:05, 9.87, 296, 324.85, 0.29, 355.13, 0.9525, 0.0153, -0.3015, -0.0398
15:26:05, 9.87, 296, 324.98, 0.30, 355.11, 0.9528, 0.0153, -0.3005, -0.0399
15:26:05, 9.90, 297, 325.13, 0.30, 355.10, 0.9532, 0.0153, -0.2992, -0.0400
15:26:05, 9.90, 297, 325.28, 0.32, 355.08, 0.9536, 0.0155, -0.2980, -0.0401
15:26:05, 9.93, 298, 325.43, 0.30, 355.07, 0.9540, 0.0153, -0.2968, -0.0403
15:26:05, 9.93, 298, 325.57, 0.31, 355.07, 0.9543, 0.0153, -0.2956, -0.0403
15:26:05, 9.93, 298, 325.71, 0.32, 355.10, 0.9547, 0.0152, -0.2944, -0.0400
15:26:05, 9.97, 299, 325.86, 0.34, 355.13, 0.9551, 0.0153, -0.2931, -0.0398
15:26:05, 9.97, 299, 326.03, 0.37, 355.18, 0.9556, 0.0154, -0.2917, -0.0392
