Timestamp, VideoTime, VideoFrame, HeadYaw, HeadPitch, HeadRoll, HeadQuatW, HeadQuatX, HeadQuatY, HeadQuatZ
15:28:48, 0.00, 0, 353.03, 354.82, 355.99, 0.9964, -0.0430, -0.0623, -0.0376
15:28:48, 0.00, 0, 353.16, 354.94, 355.91, 0.9965, -0.0419, -0.0612, -0.0382
15:28:48, 0.03, 1, 353.28, 355.06, 355.80, 0.9966, -0.0409, -0.0601, -0.0391
15:28:48, 0.03, 1, 353.43, 355.16, 355.69, 0.9967, -0.0400, -0.0588, -0.0399
15:28:48, 0.03, 1, 353.54, 355.26, 355.63, 0.9967, -0.0391, -0.0578, -0.0404
15:28:48, 0.07, 2, 353.62, 355.40, 355.65, 0.9968, -0.0380, -0.0571, -0.0401
15:28:48, 0.07, 2, 353.65, 355.56, 355.72, 0.9969, -0.0366, -0.0567, -0.0394
15:28:48, 0.10, 3, 353.68, 355.69, 355.79, 0.9970, -0.0355, -0.0564, -0.0387
15:28:48, 0.10, 3, 353.68, 355.83, 355.91, 0.9971, -0.0344, -0.0564, -0.0376
15:28:48, 0.10, 3, 353.65, 355.97, 356.05, 0.9972, -0.0332, -0.0566, -0.0363
15:28:48, 0.13, 4, 353.60, 356.15, 356.23, 0.9973, -0.0317, -0.0569, -0.0347
15:28:48, 0.13, 4, 353.48, 356.32, 356.39, 0.9973, -0.0303, -0.0578, -0.0332
15:28:48, 0.17, 5, 353.39, 356.49, 356.56, 0.9974, -0.0288, -0.0585, -0.0317
15:28:48, 0.17, 5, 353.25, 356.65, 356.69, 0.9974, -0.0275, -0.0596, -0.0305
15:28:48, 0.17, 5, 353.12, 356.81, 356.78, 0.9974, -0.0261, -0.0607, -0.0297
15:28:48, 0.20, 6, 352.98, 356.96, 356.84, 0.9973, -0.0248, -0.0619, -0.0291
15:28:48, 0.20, 6, 352.85, 357.10, 356.88, 0.9973, -0.0236, -0.0630, -0.0287
15:28:48, 0.23, 7, 352.68, 357.21, 356.98, 0.9973, -0.0226, -0.0644, -0.0279
15:28:48, 0.23, 7, 352.49, 357.30, 357.04, 0.9972, -0.0218, -0.0661, -0.0273
15:28:48, 0.27, 8, 352.30, 357.31, 357.09, 0.9971, -0.0217, -0.0677, -0.0269
15:28:48, 0.27, 8, 352.09, 357.31, 357.10, 0.9970, -0.0217, -0.0695, -0.0268
15:28:48, 0.27, 8, 351.88, 357.30, 357.15, 0.9969, -0.0217, -0.0713, -0.0265
15:28:48, 0.30, 9, 351.68, 357.27, 357.18, 0.9967, -0.0219, -0.0731, -0.0262
15:28:48, 0.30, 9, 351.44, 357.26, 357.23, 0.9966, -0.0220, -0.0751, -0.0259
15:28:48, 0.33, 10, 351.17, 357.26, 357.28, 0.9964, -0.0220, -0.0775, -0.0255
15:28:48, 0.33, 10, 350.88, 357.18, 357.36, 0.9962, -0.0227, -0.0800, -0.0250
15:28:48, 0.33, 10, 350.59, 357.15, 357.44, 0.9960, -0.0229, -0.0825, -0.0243
15:28:48, 0.37, 11, 350.27, 357.07, 357.50, 0.9958, -0.0236, -0.0853, -0.0239
15:28:48, 0.37, 11, 349.93, 357.00, 357.55, 0.9955, -0.0242, -0.0883, -0.0236
15:28:48, 0.40, 12, 349.58, 356.92, 357.62, 0.9952, -0.0249, -0.0913, -0.0231
15:28:49, 0.40, 12, 349.24, 356.87, 357.72, 0.9950, -0.0253, -0.0943, -0.0224
15:28:49, 0.43, 13, 348.88, 356.80, 357.79, 0.9947, -0.0259, -0.0974, -0.0219
15:28:49, 0.43, 13, 348.51, 356.68, 357.89, 0.9943, -0.0270, -0.1006, -0.0212
15:28:49, 0.43, 13, 348.16, 356.54, 357.99, 0.9940, -0.0282, -0.1036, -0.0206
15:28:49, 0.47, 14, 347.80, 356.37, 358.09, 0.9936, -0.0297, -0.1067, -0.0199
15:28:49, 0.47, 14, 347.41, 356.29, 358.21, 0.9933, -0.0305, -0.1101, -0.0190
15:28:49, 0.50, 15, 347.02, 356.10, 358.34, 0.9929, -0.0322, -0.1134, -0.0182
15:28:49, 0.50, 15, 346.63, 355.94, 358.49, 0.9924, -0.0337, -0.1168, -0.0172
15:28:49, 0.50, 15, 346.24, 355.77, 358.62, 0.9920, -0.0352, -0.1202, -0.0164
15:28:49, 0.53, 16, 345.84, 355.54, 358.74, 0.9915, -0.0372, -0.1236, -0.0157
15:28:49, 0.53, 16, 345.47, 355.41, 358.86, 0.9911, -0.0385, -0.1267, -0.0150
15:28:49, 0.57, 17, 345.10, 355.41, 359.01, 0.9907, -0.0386, -0.1299, -0.0137
15:28:49, 0.57, 17, 344.73, 355.30, 359.12, 0.9902, -0.0396, -0.1330, -0.0131
15:28:49, 0.60, 18, 344.38, 355.33, 359.18, 0.9898, -0.0394, -0.1361, -0.0126
15:28:49, 0.60, 18, 344.02, 355.24, 359.31, 0.9894, -0.0403, -0.1392, -0.0117
15:28:49, 0.60, 18, 343.72, 355.25, 359.37, 0.9890, -0.0402, -0.1417, -0.0113
15:28:49, 0.63, 19, 343.41, 355.28, 359.40, 0.9887, -0.0400, -0.1443, -0.0111
15:28:49, 0.63, 19, 343.14, 355.32, 359.41, 0.9883, -0.0397, -0.1467, -0.0111
15:28:49, 0.67, 20, 342.93, 355.32, 359.41, 0.9881, -0.0396, -0.1485, -0.0112
15:28:49, 0.67, 20, 342.74, 355.30, 359.38, 0.9878, -0.0397, -0.1501, -0.0115
15:28:49, 0.67, 20, 342.60, 355.26, 359.40, 0.9876, -0.0401, -0.1514, -0.0114
15:28:49, 0.70, 21, 342.55, 355.25, 359.36, 0.9875, -0.0401, -0.1518, -0.0118
15:28:49, 0.70, 21, 342.51, 355.28, 359.29, 0.9875, -0.0397, -0.1522, -0.0123
15:28:49, 0.73, 22, 342.48, 355.35, 359.27, 0.9875, -0.0391, -0.1525, -0.0125
15:28:49, 0.73, 22, 342.52, 355.47, 359.26, 0.9876, -0.0381, -0.1521, -0.0124
15:28:49, 0.77, 23, 342.54, 355.60, 359.27, 0.9876, -0.0370, -0.1519, -0.0121
15:28:49, 0.77, 23, 342.64, 355.74, 359.29, 0.9878, -0.0358, -0.1510, -0.0118
15:28:49, 0.77, 23, 342.75, 355.88, 359.30, 0.9880, -0.0346, -0.1501, -0.0114
15:28:49, 0.80, 24, 342.90, 356.03, 359.20, 0.9882, -0.0332, -0.1488, -0.0120
15:28:49, 0.80, 24, 343.08, 356.21, 359.08, 0.9885, -0.0315, -0.1473, -0.0128
15:28:49, 0.83, 25, 343.30, 356.43, 358.90, 0.9888, -0.0294, -0.1454, -0.0140
15:28:49, 0.83, 25, 343.55, 356.67, 358.70, 0.9892, -0.0271, -0.1433, -0.0154
15:28:49, 0.83, 25, 343.82, 356.92, 358.48, 0.9895, -0.0247, -0.1410, -0.0169
15:28:49, 0.87, 26, 344.06, 357.14, 358.26, 0.9899, -0.0226, -0.1390, -0.0185
15:28:49, 0.87, 26, 344.36, 357.43, 357.98, 0.9902, -0.0198, -0.1364, -0.0205
15:28:49, 0.90, 27, 344.64, 357.65, 357.73, 0.9906, -0.0177, -0.1340, -0.0223
15:28:49, 0.90, 27, 344.88, 357.93, 357.50, 0.9909, -0.0150, -0.1319, -0.0240
15:28:49, 0.93, 28, 345.14, 358.23, 357.26, 0.9912, -0.0123, -0.1296, -0.0257
15:28:49, 0.93, 28, 345.40, 358.50, 357.01, 0.9914, -0.0097, -0.1273, -0.0275
15:28:49, 0.93, 28, 345.61, 358.78, 356.76, 0.9916, -0.0070, -0.1255, -0.0294
15:28:49, 0.97, 29, 345.83, 359.06, 356.53, 0.9918, -0.0044, -0.1235, -0.0311
15:28:49, 0.97, 29, 346.06, 359.41, 356.38, 0.9921, -0.0013, -0.1215, -0.0320
15:28:49, 1.00, 30, 346.18, 359.70, 356.20, 0.9922, 0.0014, -0.1203, -0.0332
15:28:49, 1.00, 30, 346.29, 359.98, 356.11, 0.9923, 0.0039, -0.1193, -0.0337
15:28:49, 1.00, 30, 346.36, 0.37, 356.00, 0.9923, 0.0074, -0.1186, -0.0343
15:28:49, 1.03, 31, 346.36, 0.74, 355.95, 0.9923, 0.0106, -0.1185, -0.0343
15:28:49, 1.03, 31, 346.34, 1.11, 355.98, 0.9923, 0.0138, -0.1185, -0.0337
15:28:49, 1.07, 32, 346.36, 1.41, 355.93, 0.9923, 0.0165, -0.1182, -0.0338
15:28:49, 1.07, 32, 346.27, 1.73, 355.92, 0.9921, 0.0193, -0.1189, -0.0335
15:28:49, 1.10, 33, 346.12, 2.06, 355.95, 0.9920, 0.0221, -0.1201, -0.0329
15:28:49, 1.10, 33, 346.02, 2.36, 355.97, 0.9918, 0.0247, -0.1209, -0.0324
15:28:49, 1.10, 33, 345.84, 2.64, 355.98, 0.9916, 0.0271, -0.1223, -0.0320
15:28:49, 1.13, 34, 345.66, 2.88, 355.96, 0.9914, 0.0293, -0.1239, -0.0318
15:28:49, 1.13, 34, 345.41, 2.99, 355.99, 0.9911, 0.0303, -0.1260, -0.0314
15:28:49, 1.17, 35, 345.19, 3.11, 356.01, 0.9908, 0.0313, -0.1278, -0.0310
15:28:49, 1.17, 35, 345.00, 3.09, 356.03, 0.9906, 0.0312, -0.1295, -0.0308
15:28:49, 1.17, 35, 344.76, 3.09, 356.06, 0.9904, 0.0312, -0.1315, -0.0305
15:28:49, 1.20, 36, 344.54, 2.99, 356.08, 0.9901, 0.0304, -0.1335, -0.0304
15:28:49, 1.20, 36, 344.36, 2.89, 356.13, 0.9899, 0.0296, -0.1351, -0.0300
15:28:49, 1.23, 37, 344.18, 2.81, 356.16, 0.9897, 0.0289, -0.1367, -0.0298
15:28:49, 1.23, 37, 344.04, 2.72, 356.19, 0.9896, 0.0281, -0.1380, -0.0296
15:28:49, 1.27, 38, 343.90, 2.65, 356.19, 0.9894, 0.0276, -0.1391, -0.0297
15:28:49, 1.27, 38, 343.80, 2.58, 356.18, 0.9893, 0.0269, -0.1400, -0.0298
15:28:49, 1.27, 38, 343.71, 2.46, 356.18, 0.9892, 0.0259, -0.1408, -0.0299
15:28:49, 1.30, 39, 343.69, 2.33, 356.19, 0.9892, 0.0248, -0.1411, -0.0300
15:28:49, 1.30, 39, 343.65, 2.19, 356.15, 0.9892, 0.0237, -0.1415, -0.0305
15:28:49, 1.33, 40, 343.65, 2.03, 356.08, 0.9892, 0.0224, -0.1415, -0.0313
15:28:49, 1.33, 40, 343.66, 1.91, 356.08, 0.9892, 0.0213, -0.1415, -0.0315
15:28:49, 1.37, 41, 343.70, 1.76, 356.02, 0.9893, 0.0201, -0.1412, -0.0322
15:28:49, 1.37, 41, 343.75, 1.60, 355.91, 0.9893, 0.0189, -0.1407, -0.0333
15:28:49, 1.37, 41, 343.85, 1.45, 355.76, 0.9894, 0.0177, -0.1399, -0.0348
15:28:49, 1.40, 42, 343.93, 1.29, 355.66, 0.9895, 0.0164, -0.1392, -0.0359
15:28:50, 1.40, 42, 344.04, 1.15, 355.55, 0.9896, 0.0153, -0.1383, -0.0371
15:28:50, 1.43, 43, 344.15, 1.00, 355.46, 0.9897, 0.0141, -0.1374, -0.0380
15:28:50, 1.43, 43, 344.26, 0.85, 355.35, 0.9898, 0.0129, -0.1365, -0.0392
15:28:50, 1.43, 43, 344.36, 0.74, 355.25, 0.9899, 0.0120, -0.1357, -0.0402
15:28:50, 1.47, 44, 344.49, 0.60, 355.12, 0.9900, 0.0109, -0.1346, -0.0415
15:28:50, 1.47, 44, 344.62, 0.45, 354.97, 0.9901, 0.0098, -0.1335, -0.0430
15:28:50, 1.50, 45, 344.77, 0.32, 354.80, 0.9902, 0.0088, -0.1323, -0.0446
15:28:50, 1.50, 45, 344.88, 0.22, 354.65, 0.9902, 0.0081, -0.1313, -0.0460
15:28:50, 1.53, 46, 345.00, 0.13, 354.51, 0.9903, 0.0074, -0.1303, -0.0474
15:28:50, 1.53, 46, 345.14, 0.07, 354.36, 0.9904, 0.0070, -0.1292, -0.0487
15:28:50, 1.53, 46, 345.26, 0.02, 354.20, 0.9905, 0.0066, -0.1281, -0.0501
15:28:50, 1.57, 47, 345.37, 359.96, 354.07, 0.9905, 0.0063, -0.1272, -0.0514
15:28:50, 1.57, 47, 345.47, 359.97, 353.96, 0.9906, 0.0064, -0.1263, -0.0523
15:28:50, 1.60, 48, 345.57, 359.95, 353.87, 0.9907, 0.0063, -0.1254, -0.0531
15:28:50, 1.60, 48, 345.66, 359.90, 353.76, 0.9907, 0.0059, -0.1247, -0.0541
15:28:50, 1.60, 48, 345.77, 359.82, 353.66, 0.9908, 0.0053, -0.1238, -0.0551
15:28:50, 1.63, 49, 345.83, 359.75, 353.60, 0.9908, 0.0047, -0.1232, -0.0557
15:28:50, 1.63, 49, 345.89, 359.66, 353.56, 0.9908, 0.0040, -0.1228, -0.0561
15:28:50, 1.67, 50, 345.93, 359.56, 353.51, 0.9909, 0.0031, -0.1225, -0.0566
15:28:50, 1.67, 50, 345.95, 359.44, 353.49, 0.9908, 0.0021, -0.1224, -0.0569
15:28:50, 1.70, 51, 345.97, 359.36, 353.46, 0.9908, 0.0014, -0.1223, -0.0573
15:28:50, 1.70, 51, 345.96, 359.25, 353.46, 0.9908, 0.0005, -0.1224, -0.0574
15:28:50, 1.70, 51, 345.95, 359.15, 353.45, 0.9908, -0.0004, -0.1226, -0.0576
15:28:50, 1.73, 52, 345.94, 359.05, 353.46, 0.9908, -0.0013, -0.1227, -0.0576
15:28:50, 1.73, 52, 345.89, 358.91, 353.48, 0.9907, -0.0024, -0.1231, -0.0576
15:28:50, 1.77, 53, 345.84, 358.83, 353.48, 0.9906, -0.0031, -0.1236, -0.0577
15:28:50, 1.77, 53, 345.77, 358.69, 353.48, 0.9906, -0.0043, -0.1243, -0.0578
15:28:50, 1.77, 53, 345.73, 358.57, 353.46, 0.9905, -0.0053, -0.1247, -0.0581
15:28:50, 1.80, 54, 345.67, 358.48, 353.48, 0.9904, -0.0061, -0.1253, -0.0581
15:28:50, 1.80, 54, 345.62, 358.36, 353.49, 0.9903, -0.0071, -0.1257, -0.0581
15:28:50, 1.83, 55, 345.57, 358.26, 353.49, 0.9903, -0.0079, -0.1263, -0.0582
15:28:50, 1.83, 55, 345.51, 358.14, 353.52, 0.9902, -0.0090, -0.1268, -0.0581
15:28:50, 1.87, 56, 345.46, 358.08, 353.53, 0.9901, -0.0095, -0.1273, -0.0581
15:28:50, 1.87, 56, 345.43, 358.00, 353.56, 0.9901, -0.0101, -0.1275, -0.0579
15:28:50, 1.87, 56, 345.40, 357.95, 353.59, 0.9901, -0.0106, -0.1279, -0.0577
15:28:50, 1.90, 57, 345.36, 357.90, 353.60, 0.9900, -0.0110, -0.1282, -0.0577
15:28:50, 1.90, 57, 345.35, 357.85, 353.59, 0.9900, -0.0115, -0.1284, -0.0579
15:28:50, 1.93, 58, 345.33, 357.77, 353.57, 0.9899, -0.0121, -0.1285, -0.0581
15:28:50, 1.93, 58, 345.34, 357.72, 353.56, 0.9899, -0.0125, -0.1284, -0.0582
15:28:50, 1.93, 58, 345.35, 357.66, 353.55, 0.9899, -0.0130, -0.1284, -0.0584
15:28:50, 1.97, 59, 345.37, 357.61, 353.52, 0.9899, -0.0135, -0.1283, -0.0587
15:28:50, 1.97, 59, 345.38, 357.54, 353.51, 0.9899, -0.0141, -0.1282, -0.0589
15:28:50, 2.00, 60, 345.42, 357.52, 353.50, 0.9899, -0.0143, -0.1279, -0.0590
15:28:50, 2.00, 60, 345.43, 357.52, 353.51, 0.9899, -0.0143, -0.1278, -0.0589
15:28:50, 2.03, 61, 345.43, 357.52, 353.49, 0.9899, -0.0142, -0.1278, -0.0590
15:28:50, 2.03, 61, 345.45, 357.59, 353.49, 0.9900, -0.0136, -0.1276, -0.0590
15:28:50, 2.03, 61, 345.49, 357.67, 353.47, 0.9900, -0.0129, -0.1272, -0.0591
15:28:50, 2.07, 62, 345.51, 357.77, 353.45, 0.9901, -0.0121, -0.1269, -0.0591
15:28:50, 2.07, 62, 345.55, 357.82, 353.44, 0.9901, -0.0116, -0.1266, -0.0591
15:28:50, 2.10, 63, 345.60, 357.90, 353.43, 0.9902, -0.0110, -0.1261, -0.0591
15:28:50, 2.10, 63, 345.64, 358.01, 353.44, 0.9903, -0.0101, -0.1258, -0.0589
15:28:50, 2.10, 63, 345.68, 358.08, 353.46, 0.9903, -0.0095, -0.1254, -0.0586
15:28:50, 2.13, 64, 345.73, 358.13, 353.47, 0.9904, -0.0091, -0.1249, -0.0585
15:28:50, 2.13, 64, 345.77, 358.18, 353.46, 0.9905, -0.0087, -0.1245, -0.0585
15:28:50, 2.17, 65, 345.80, 358.20, 353.47, 0.9905, -0.0086, -0.1243, -0.0585
15:28:50, 2.17, 65, 345.82, 358.27, 353.49, 0.9905, -0.0079, -0.1240, -0.0582
15:28:50, 2.20, 66, 345.87, 358.32, 353.43, 0.9906, -0.0075, -0.1236, -0.0587
15:28:50, 2.20, 66, 345.92, 358.36, 353.36, 0.9906, -0.0071, -0.1231, -0.0592
15:28:50, 2.20, 66, 345.96, 358.41, 353.32, 0.9906, -0.0066, -0.1228, -0.0595
15:28:50, 2.23, 67, 345.98, 358.49, 353.33, 0.9907, -0.0059, -0.1226, -0.0594
15:28:50, 2.23, 67, 346.03, 358.57, 353.35, 0.9907, -0.0053, -0.1222, -0.0591
15:28:50, 2.27, 68, 346.02, 358.67, 353.38, 0.9908, -0.0045, -0.1222, -0.0587
15:28:50, 2.27, 68, 346.03, 358.77, 353.43, 0.9908, -0.0036, -0.1220, -0.0582
15:28:50, 2.27, 68, 346.05, 358.87, 353.45, 0.9909, -0.0028, -0.1218, -0.0579
15:28:50, 2.30, 69, 346.05, 358.97, 353.45, 0.9909, -0.0020, -0.1217, -0.0578
15:28:50, 2.30, 69, 346.04, 359.05, 353.47, 0.9909, -0.0013, -0.1218, -0.0576
15:28:50, 2.33, 70, 346.06, 359.12, 353.47, 0.9909, -0.0007, -0.1216, -0.0575
15:28:50, 2.33, 70, 346.07, 359.16, 353.46, 0.9909, -0.0004, -0.1214, -0.0575
15:28:50, 2.37, 71, 346.09, 359.22, 353.48, 0.9910, 0.0001, -0.1212, -0.0572
15:28:50, 2.37, 71, 346.09, 359.29, 353.50, 0.9910, 0.0007, -0.1212, -0.0570
15:28:50, 2.37, 71, 346.11, 359.32, 353.50, 0.9910, 0.0009, -0.1211, -0.0570
15:28:50, 2.40, 72, 346.11, 359.33, 353.53, 0.9910, 0.0010, -0.1211, -0.0567
15:28:51, 2.40, 72, 346.12, 359.34, 353.53, 0.9910, 0.0011, -0.1210, -0.0567
15:28:51, 2.43, 73, 346.15, 359.36, 353.53, 0.9911, 0.0012, -0.1207, -0.0567
15:28:51, 2.43, 73, 346.15, 359.35, 353.48, 0.9911, 0.0012, -0.1207, -0.0571
15:28:51, 2.43, 73, 346.19, 359.33, 353.45, 0.9911, 0.0011, -0.1203, -0.0574
15:28:51, 2.47, 74, 346.23, 359.33, 353.41, 0.9911, 0.0011, -0.1200, -0.0577
15:28:51, 2.47, 74, 346.26, 359.33, 353.42, 0.9911, 0.0011, -0.1198, -0.0577
15:28:51, 2.50, 75, 346.33, 359.35, 353.38, 0.9912, 0.0013, -0.1192, -0.0580
15:28:51, 2.50, 75, 346.38, 359.35, 353.37, 0.9912, 0.0012, -0.1187, -0.0580
15:28:51, 2.53, 76, 346.44, 359.37, 353.36, 0.9913, 0.0014, -0.1182, -0.0582
15:28:51, 2.53, 76, 346.52, 359.39, 353.33, 0.9914, 0.0016, -0.1175, -0.0584
15:28:51, 2.53, 76, 346.59, 359.40, 353.30, 0.9914, 0.0017, -0.1168, -0.0587
15:28:51, 2.57, 77, 346.68, 359.45, 353.27, 0.9915, 0.0021, -0.1161, -0.0588
15:28:51, 2.57, 77, 346.79, 359.47, 353.23, 0.9916, 0.0022, -0.1151, -0.0592
15:28:51, 2.60, 78, 346.89, 359.47, 353.21, 0.9917, 0.0022, -0.1143, -0.0594
15:28:51, 2.60, 78, 347.02, 359.51, 353.15, 0.9918, 0.0025, -0.1131, -0.0598
15:28:51, 2.60, 78, 347.15, 359.54, 353.12, 0.9919, 0.0028, -0.1119, -0.0601
15:28:51, 2.63, 79, 347.30, 359.62, 353.08, 0.9920, 0.0034, -0.1106, -0.0604
15:28:51, 2.63, 79, 347.48, 359.70, 353.02, 0.9922, 0.0040, -0.1090, -0.0608
15:28:51, 2.67, 80, 347.67, 359.81, 352.94, 0.9923, 0.0050, -0.1073, -0.0614
15:28:51, 2.67, 80, 347.87, 359.94, 352.89, 0.9925, 0.0061, -0.1055, -0.0617
15:28:51, 2.70, 81, 348.05, 0.09, 352.82, 0.9926, 0.0073, -0.1039, -0.0622
15:28:51, 2.70, 81, 348.28, 0.30, 352.76, 0.9928, 0.0091, -0.1017, -0.0626
15:28:51, 2.70, 81, 348.48, 0.55, 352.67, 0.9929, 0.0112, -0.0999, -0.0631
15:28:51, 2.73, 82, 348.68, 0.85, 352.56, 0.9931, 0.0138, -0.0979, -0.0638
15:28:51, 2.73, 82, 348.91, 1.15, 352.44, 0.9932, 0.0163, -0.0958, -0.0646
15:28:51, 2.77, 83, 349.13, 1.49, 352.37, 0.9933, 0.0192, -0.0936, -0.0650
15:28:51, 2.77, 83, 349.34, 1.88, 352.23, 0.9934, 0.0226, -0.0915, -0.0659
15:28:51, 2.77, 83, 349.60, 2.25, 352.21, 0.9935, 0.0257, -0.0890, -0.0659
15:28:51, 2.80, 84, 349.88, 2.54, 352.11, 0.9936, 0.0281, -0.0865, -0.0665
15:28:51, 2.80, 84, 350.15, 2.95, 352.02, 0.9937, 0.0315, -0.0838, -0.0671
15:28:51, 2.83, 85, 350.45, 3.28, 351.91, 0.9938, 0.0343, -0.0810, -0.0679
15:28:51, 2.83, 85, 350.74, 3.58, 351.77, 0.9939, 0.0369, -0.0782, -0.0690
15:28:51, 2.87, 86, 351.08, 4.02, 351.70, 0.9939, 0.0405, -0.0750, -0.0694
15:28:51, 2.87, 86, 351.43, 4.44, 351.55, 0.9940, 0.0441, -0.0716, -0.0705
15:28:51, 2.87, 86, 351.83, 4.84, 351.38, 0.9940, 0.0473, -0.0678, -0.0719
15:28:51, 2.90, 87, 352.21, 5.32, 351.23, 0.9939, 0.0513, -0.0641, -0.0731
15:28:51, 2.90, 87, 352.61, 5.74, 351.14, 0.9939, 0.0548, -0.0603, -0.0738
15:28:51, 2.93, 88, 353.02, 6.17, 350.99, 0.9939, 0.0584, -0.0564, -0.0750
15:28:51, 2.93, 88, 353.40, 6.71, 350.86, 0.9937, 0.0628, -0.0526, -0.0761
15:28:51, 2.93, 88, 353.85, 7.04, 350.74, 0.9937, 0.0654, -0.0484, -0.0772
15:28:51, 2.97, 89, 354.30, 7.44, 350.57, 0.9936, 0.0687, -0.0441, -0.0787
15:28:51, 2.97, 89, 354.71, 7.83, 350.46, 0.9934, 0.0718, -0.0402, -0.0797
15:28:51, 3.00, 90, 355.09, 8.17, 350.38, 0.9933, 0.0745, -0.0366, -0.0805
15:28:51, 3.00, 90, 355.52, 8.60, 350.31, 0.9931, 0.0780, -0.0325, -0.0812
15:28:51, 3.03, 91, 355.84, 8.99, 350.20, 0.9929, 0.0811, -0.0293, -0.0823
15:28:51, 3.03, 91, 356.23, 9.33, 350.09, 0.9927, 0.0838, -0.0256, -0.0834
15:28:51, 3.03, 91, 356.56, 9.71, 349.99, 0.9924, 0.0869, -0.0224, -0.0844
15:28:51, 3.07, 92, 356.87, 10.04, 349.90, 0.9921, 0.0895, -0.0194, -0.0853
15:28:51, 3.07, 92, 357.19, 10.37, 349.88, 0.9919, 0.0922, -0.0164, -0.0856
15:28:51, 3.10, 93, 357.38, 10.73, 349.82, 0.9916, 0.0952, -0.0144, -0.0862
15:28:51, 3.10, 93, 357.66, 10.99, 349.78, 0.9914, 0.0972, -0.0117, -0.0867
15:28:51, 3.10, 93, 357.91, 11.29, 349.77, 0.9912, 0.0996, -0.0093, -0.0869
15:28:51, 3.13, 94, 358.15, 11.47, 349.68, 0.9910, 0.1009, -0.0071, -0.0878
15:28:51, 3.13, 94, 358.38, 11.71, 349.67, 0.9908, 0.1029, -0.0048, -0.0881
15:28:51, 3.17, 95, 358.58, 11.84, 349.66, 0.9907, 0.1038, -0.0030, -0.0883
15:28:51, 3.17, 95, 358.73, 12.05, 349.62, 0.9904, 0.1055, -0.0015, -0.0888
15:28:51, 3.20, 96, 358.87, 12.20, 349.56, 0.9903, 0.1067, -0.0001, -0.0894
15:28:51, 3.20, 96, 358.98, 12.35, 349.48, 0.9901, 0.1079, 0.0011, -0.0902
15:28:51, 3.20, 96, 359.09, 12.50, 349.43, 0.9899, 0.1091, 0.0022, -0.0907
15:28:51, 3.23, 97, 359.20, 12.64, 349.37, 0.9897, 0.1103, 0.0033, -0.0913
15:28:51, 3.23, 97, 359.26, 12.80, 349.31, 0.9895, 0.1116, 0.0040, -0.0918
15:28:51, 3.27, 98, 359.31, 12.94, 349.28, 0.9893, 0.1128, 0.0045, -0.0921
15:28:51, 3.27, 98, 359.32, 13.04, 349.23, 0.9892, 0.1136, 0.0048, -0.0925
15:28:51, 3.27, 98, 359.35, 13.17, 349.14, 0.9890, 0.1147, 0.0052, -0.0934
15:28:51, 3.30, 99, 359.38, 13.27, 349.09, 0.9888, 0.1155, 0.0057, -0.0938
15:28:51, 3.30, 99, 359.41, 13.41, 349.05, 0.9887, 0.1167, 0.0061, -0.0941
15:28:51, 3.33, 100, 359.43, 13.53, 349.01, 0.9885, 0.1177, 0.0064, -0.0945
15:28:51, 3.33, 100, 359.47, 13.61, 349.00, 0.9884, 0.1184, 0.0068, -0.0947
15:28:51, 3.37, 101, 359.50, 13.72, 349.00, 0.9883, 0.1193, 0.0072, -0.0947
15:28:51, 3.37, 101, 359.52, 13.81, 348.99, 0.9882, 0.1201, 0.0074, -0.0948
15:28:51, 3.37, 101, 359.55, 13.86, 348.96, 0.9881, 0.1205, 0.0077, -0.0950
15:28:51, 3.40, 102, 359.58, 13.95, 348.97, 0.9880, 0.1212, 0.0080, -0.0949
15:28:52, 3.40, 102, 359.62, 14.00, 348.95, 0.9880, 0.1216, 0.0084, -0.0951
15:28:52, 3.43, 103, 359.62, 14.03, 348.93, 0.9879, 0.1219, 0.0085, -0.0953
15:28:52, 3.43, 103, 359.64, 14.06, 348.93, 0.9879, 0.1221, 0.0087, -0.0954
15:28:52, 3.43, 103, 359.66, 14.08, 348.90, 0.9878, 0.1223, 0.0089, -0.0956
15:28:52, 3.47, 104, 359.66, 14.12, 348.91, 0.9878, 0.1226, 0.0090, -0.0955
15:28:52, 3.47, 104, 359.69, 14.12, 348.90, 0.9878, 0.1226, 0.0092, -0.0957
15:28:52, 3.50, 105, 359.69, 14.14, 348.88, 0.9878, 0.1227, 0.0093, -0.0958
15:28:52, 3.50, 105, 359.72, 14.13, 348.90, 0.9878, 0.1226, 0.0095, -0.0957
15:28:52, 3.53, 106, 359.72, 14.11, 348.89, 0.9878, 0.1225, 0.0095, -0.0958
15:28:52, 3.53, 106, 359.73, 14.10, 348.87, 0.9878, 0.1224, 0.0096, -0.0959
15:28:52, 3.53, 106, 359.78, 14.09, 348.87, 0.9878, 0.1223, 0.0100, -0.0960
15:28:52, 3.57, 107, 359.86, 13.98, 348.92, 0.9879, 0.1213, 0.0106, -0.0956
15:28:52, 3.57, 107, 0.07, 13.84, 349.00, 0.9881, 0.1199, 0.0121, -0.0952
15:28:52, 3.60, 108, 0.42, 13.59, 349.17, 0.9885, 0.1174, 0.0148, -0.0941
15:28:52, 3.60, 108, 0.88, 13.42, 349.43, 0.9888, 0.1156, 0.0184, -0.0923
15:28:52, 3.60, 108, 1.36, 13.40, 349.71, 0.9890, 0.1151, 0.0222, -0.0904
15:28:52, 3.63, 109, 1.83, 13.37, 349.95, 0.9891, 0.1145, 0.0260, -0.0889
15:28:52, 3.63, 109, 2.35, 13.35, 350.10, 0.9891, 0.1140, 0.0303, -0.0880
15:28:52, 3.67, 110, 2.81, 13.25, 350.23, 0.9892, 0.1128, 0.0341, -0.0874
15:28:52, 3.67, 110, 3.24, 13.12, 350.37, 0.9893, 0.1114, 0.0376, -0.0865
15:28:52, 3.70, 111, 3.60, 12.86, 350.51, 0.9895, 0.1090, 0.0404, -0.0857
15:28:52, 3.70, 111, 3.95, 12.57, 350.63, 0.9898, 0.1062, 0.0431, -0.0849
15:28:52, 3.70, 111, 4.27, 12.29, 350.70, 0.9900, 0.1036, 0.0456, -0.0846
15:28:52, 3.73, 112, 4.51, 11.98, 350.79, 0.9902, 0.1008, 0.0473, -0.0839
15:28:52, 3.73, 112, 4.62, 11.73, 350.86, 0.9905, 0.0986, 0.0481, -0.0833
15:28:52, 3.77, 113, 4.74, 11.46, 350.93, 0.9907, 0.0962, 0.0489, -0.0828
15:28:52, 3.77, 113, 4.73, 11.25, 350.93, 0.9909, 0.0943, 0.0486, -0.0827
15:28:52, 3.77, 113, 4.67, 11.06, 350.90, 0.9911, 0.0928, 0.0480, -0.0828
15:28:52, 3.80, 114, 4.57, 10.84, 350.84, 0.9913, 0.0909, 0.0471, -0.0832
15:28:52, 3.80, 114, 4.46, 10.65, 350.75, 0.9914, 0.0893, 0.0461, -0.0838
15:28:52, 3.83, 115, 4.24, 10.47, 350.65, 0.9916, 0.0878, 0.0441, -0.0844
15:28:52, 3.83, 115, 3.99, 10.33, 350.58, 0.9917, 0.0868, 0.0419, -0.0848
15:28:52, 3.87, 116, 3.69, 10.19, 350.54, 0.9919, 0.0858, 0.0393, -0.0849
15:28:52, 3.87, 116, 3.37, 10.01, 350.48, 0.9921, 0.0845, 0.0364, -0.0852
15:28:52, 3.87, 116, 3.06, 9.88, 350.43, 0.9923, 0.0835, 0.0337, -0.0853
15:28:52, 3.90, 117, 2.71, 9.68, 350.39, 0.9925, 0.0821, 0.0306, -0.0855
15:28:52, 3.90, 117, 2.27, 9.60, 350.37, 0.9926, 0.0817, 0.0267, -0.0853
15:28:52, 3.93, 118, 1.79, 9.50, 350.36, 0.9928, 0.0812, 0.0225, -0.0850
15:28:52, 3.93, 118, 1.31, 9.32, 350.36, 0.9930, 0.0800, 0.0182, -0.0847
15:28:52, 3.93, 118, 0.82, 9.05, 350.38, 0.9933, 0.0780, 0.0137, -0.0842
15:28:52, 3.97, 119, 0.33, 8.68, 350.66, 0.9938, 0.0751, 0.0090, -0.0814
15:28:52, 3.97, 119, 359.81, 8.03, 351.05, 0.9945, 0.0700, 0.0038, -0.0778
15:28:52, 4.00, 120, 359.32, 7.37, 351.46, 0.9952, 0.0645, -0.0011, -0.0739
15:28:52, 4.00, 120, 358.83, 6.69, 351.98, 0.9958, 0.0589, -0.0061, -0.0692
15:28:52, 4.03, 121, 358.25, 6.10, 352.45, 0.9964, 0.0541, -0.0117, -0.0650
15:28:52, 4.03, 121, 357.58, 5.65, 352.93, 0.9967, 0.0505, -0.0180, -0.0606
15:28:52, 4.03, 121, 356.82, 5.20, 353.39, 0.9970, 0.0469, -0.0250, -0.0563
15:28:52, 4.07, 122, 355.89, 4.78, 353.84, 0.9971, 0.0436, -0.0336, -0.0521
15:28:52, 4.07, 122, 354.74, 4.42, 354.20, 0.9970, 0.0408, -0.0438, -0.0487
15:28:52, 4.10, 123, 353.48, 4.14, 354.49, 0.9967, 0.0388, -0.0550, -0.0459
15:28:52, 4.10, 123, 352.22, 3.91, 354.67, 0.9961, 0.0371, -0.0661, -0.0441
15:28:52, 4.10, 123, 350.90, 3.67, 354.85, 0.9954, 0.0355, -0.0777, -0.0422
15:28:52, 4.13, 124, 349.55, 3.43, 355.08, 0.9946, 0.0337, -0.0897, -0.0400
15:28:52, 4.13, 124, 348.28, 3.31, 355.26, 0.9936, 0.0330, -0.1008, -0.0382
15:28:52, 4.17, 125, 346.88, 3.16, 355.48, 0.9924, 0.0318, -0.1130, -0.0360
15:28:52, 4.17, 125, 345.56, 3.08, 355.68, 0.9911, 0.0314, -0.1245, -0.0340
15:28:52, 4.20, 126, 344.23, 2.95, 355.90, 0.9897, 0.0304, -0.1361, -0.0319
15:28:52, 4.20, 126, 342.88, 2.90, 356.07, 0.9881, 0.0301, -0.1478, -0.0302
15:28:52, 4.20, 126, 341.58, 2.85, 356.25, 0.9864, 0.0297, -0.1591, -0.0283
15:28:52, 4.23, 127, 340.29, 2.83, 356.46, 0.9846, 0.0296, -0.1702, -0.0262
15:28:52, 4.23, 127, 338.97, 2.77, 356.58, 0.9826, 0.0292, -0.1816, -0.0249
15:28:52, 4.27, 128, 337.69, 2.76, 356.72, 0.9806, 0.0292, -0.1926, -0.0234
15:28:52, 4.27, 128, 336.47, 2.73, 356.83, 0.9785, 0.0289, -0.2031, -0.0222
15:28:52, 4.27, 128, 335.23, 2.79, 356.86, 0.9762, 0.0296, -0.2137, -0.0215
15:28:52, 4.30, 129, 334.11, 2.75, 356.97, 0.9741, 0.0293, -0.2233, -0.0204
15:28:52, 4.30, 129, 333.05, 2.80, 357.01, 0.9720, 0.0298, -0.2322, -0.0197
15:28:52, 4.33, 130, 332.05, 2.75, 357.10, 0.9700, 0.0294, -0.2408, -0.0187
15:28:52, 4.33, 130, 331.16, 2.77, 357.14, 0.9681, 0.0297, -0.2483, -0.0182
15:28:52, 4.37, 131, 330.35, 2.81, 357.22, 0.9663, 0.0299, -0.2552, -0.0172
15:28:52, 4.37, 131, 329.51, 2.84, 357.32, 0.9644, 0.0301, -0.2622, -0.0161
15:28:52, 4.37, 131, 328.83, 2.88, 357.43, 0.9628, 0.0302, -0.2680, -0.0149
15:28:52, 4.40, 132, 328.21, 2.93, 357.58, 0.9614, 0.0303, -0.2732, -0.0134
15:28:53, 4.40, 132, 327.61, 3.06, 357.72, 0.9599, 0.0312, -0.2782, -0.0116
15:28:53, 4.43, 133, 327.08, 3.11, 357.86, 0.9586, 0.0313, -0.2827, -0.0102
15:28:53, 4.43, 133, 326.65, 3.20, 358.01, 0.9576, 0.0317, -0.2863, -0.0086
15:28:53, 4.43, 133, 326.23, 3.27, 358.17, 0.9565, 0.0319, -0.2898, -0.0070
15:28:53, 4.47, 134, 325.91, 3.29, 358.30, 0.9557, 0.0318, -0.2925, -0.0058
15:28:53, 4.47, 134, 325.60, 3.39, 358.47, 0.9549, 0.0322, -0.2951, -0.0040
15:28:53, 4.50, 135, 325.37, 3.42, 358.57, 0.9543, 0.0322, -0.2971, -0.0030
15:28:53, 4.50, 135, 325.12, 3.50, 358.69, 0.9536, 0.0326, -0.2993, -0.0017
15:28:53, 4.53, 136, 324.97, 3.62, 358.88, 0.9532, 0.0331, -0.3005, 0.0001
15:28:53, 4.53, 136, 324.79, 3.69, 358.99, 0.9527, 0.0334, -0.3020, 0.0013
15:28:53, 4.53, 136, 324.63, 3.74, 359.11, 0.9523, 0.0334, -0.3034, 0.0025
15:28:53, 4.57, 137, 324.51, 3.78, 359.20, 0.9519, 0.0335, -0.3044, 0.0034
15:28:53, 4.57, 137, 324.35, 3.81, 359.29, 0.9515, 0.0336, -0.3057, 0.0043
15:28:53, 4.60, 138, 324.22, 3.84, 359.36, 0.9512, 0.0336, -0.3068, 0.0050
15:28:53, 4.60, 138, 324.14, 3.89, 359.41, 0.9509, 0.0339, -0.3075, 0.0055
15:28:53, 4.60, 138, 324.04, 3.90, 359.46, 0.9507, 0.0338, -0.3083, 0.0060
15:28:53, 4.63, 139, 323.93, 3.91, 359.49, 0.9503, 0.0339, -0.3093, 0.0063
15:28:53, 4.63, 139, 323.86, 3.90, 359.49, 0.9502, 0.0337, -0.3098, 0.0064
15:28:53, 4.67, 140, 323.78, 3.90, 359.50, 0.9499, 0.0337, -0.3105, 0.0064
15:28:53, 4.67, 140, 323.73, 3.89, 359.49, 0.9498, 0.0336, -0.3110, 0.0063
15:28:53, 4.70, 141, 323.69, 3.91, 359.47, 0.9497, 0.0338, -0.3113, 0.0062
15:28:53, 4.70, 141, 323.65, 3.93, 359.44, 0.9496, 0.0341, -0.3116, 0.0060
15:28:53, 4.70, 141, 323.65, 3.91, 359.38, 0.9496, 0.0341, -0.3116, 0.0055
15:28:53, 4.73, 142, 323.67, 3.92, 359.36, 0.9496, 0.0342, -0.3114, 0.0054
15:28:53, 4.73, 142, 323.68, 3.91, 359.33, 0.9497, 0.0342, -0.3113, 0.0051
15:28:53, 4.77, 143, 323.70, 3.92, 359.30, 0.9497, 0.0344, -0.3111, 0.0048
15:28:53, 4.77, 143, 323.73, 3.91, 359.29, 0.9498, 0.0344, -0.3108, 0.0048
15:28:53, 4.80, 144, 323.75, 3.93, 359.29, 0.9499, 0.0345, -0.3107, 0.0048
15:28:53, 4.80, 144, 323.74, 3.94, 359.30, 0.9498, 0.0345, -0.3108, 0.0049
15:28:53, 4.80, 144, 323.75, 3.94, 359.32, 0.9499, 0.0345, -0.3107, 0.0050
15:28:53, 4.83, 145, 323.76, 3.94, 359.33, 0.9499, 0.0345, -0.3107, 0.0052
15:28:53, 4.83, 145, 323.75, 3.91, 359.34, 0.9499, 0.0342, -0.3107, 0.0051
15:28:53, 4.87, 146, 323.75, 3.88, 359.34, 0.9499, 0.0340, -0.3107, 0.0050
15:28:53, 4.87, 146, 323.75, 3.83, 359.34, 0.9499, 0.0335, -0.3108, 0.0049
15:28:53, 4.87, 146, 323.72, 3.83, 359.36, 0.9498, 0.0335, -0.3110, 0.0051
15:28:53, 4.90, 147, 323.70, 3.82, 359.37, 0.9498, 0.0333, -0.3111, 0.0052
15:28:53, 4.90, 147, 323.70, 3.81, 359.35, 0.9498, 0.0334, -0.3111, 0.0049
15:28:53, 4.93, 148, 323.71, 3.80, 359.30, 0.9498, 0.0334, -0.3111, 0.0045
15:28:53, 4.93, 148, 323.69, 3.78, 359.30, 0.9498, 0.0333, -0.3112, 0.0045
15:28:53, 4.97, 149, 323.70, 3.78, 359.32, 0.9498, 0.0332, -0.3111, 0.0046
15:28:53, 4.97, 149, 323.71, 3.78, 359.32, 0.9498, 0.0332, -0.3111, 0.0047
15:28:53, 4.97, 149, 323.70, 3.77, 359.35, 0.9498, 0.0330, -0.3111, 0.0048
15:28:53, 5.00, 150, 323.69, 3.77, 359.38, 0.9498, 0.0329, -0.3112, 0.0051
15:28:53, 5.00, 150, 323.70, 3.78, 359.40, 0.9498, 0.0330, -0.3112, 0.0053
15:28:53, 5.03, 151, 323.70, 3.80, 359.42, 0.9498, 0.0331, -0.3112, 0.0055
15:28:53, 5.03, 151, 323.68, 3.82, 359.44, 0.9497, 0.0332, -0.3114, 0.0058
15:28:53, 5.03, 151, 323.68, 3.84, 359.43, 0.9497, 0.0334, -0.3114, 0.0057
15:28:53, 5.07, 152, 323.68, 3.85, 359.46, 0.9497, 0.0334, -0.3114, 0.0060
15:28:53, 5.07, 152, 323.68, 3.87, 359.47, 0.9497, 0.0335, -0.3114, 0.0061
15:28:53, 5.10, 153, 323.66, 3.87, 359.48, 0.9496, 0.0335, -0.3115, 0.0062
15:28:53, 5.10, 153, 323.65, 3.88, 359.47, 0.9496, 0.0336, -0.3116, 0.0062
15:28:53, 5.13, 154, 323.65, 3.90, 359.47, 0.9496, 0.0338, -0.3116, 0.0063
15:28:53, 5.13, 154, 323.65, 3.91, 359.52, 0.9496, 0.0337, -0.3116, 0.0066
15:28:53, 5.13, 154, 323.64, 3.88, 359.54, 0.9496, 0.0334, -0.3117, 0.0067
15:28:53, 5.17, 155, 323.65, 3.89, 359.53, 0.9496, 0.0335, -0.3116, 0.0067
15:28:53, 5.17, 155, 323.66, 3.87, 359.52, 0.9496, 0.0334, -0.3115, 0.0066
15:28:53, 5.20, 156, 323.68, 3.87, 359.52, 0.9497, 0.0334, -0.3113, 0.0065
15:28:53, 5.20, 156, 323.75, 3.88, 359.53, 0.9499, 0.0334, -0.3108, 0.0066
15:28:53, 5.20, 156, 323.81, 3.89, 359.54, 0.9500, 0.0335, -0.3103, 0.0067
15:28:53, 5.23, 157, 323.90, 3.88, 359.54, 0.9503, 0.0334, -0.3095, 0.0066
15:28:53, 5.23, 157, 323.99, 3.88, 359.55, 0.9505, 0.0335, -0.3088, 0.0067
15:28:53, 5.27, 158, 324.11, 3.89, 359.53, 0.9508, 0.0336, -0.3078, 0.0066
15:28:53, 5.27, 158, 324.26, 3.90, 359.51, 0.9513, 0.0337, -0.3065, 0.0063
15:28:53, 5.27, 158, 324.44, 3.90, 359.50, 0.9517, 0.0337, -0.3050, 0.0062
15:28:53, 5.30, 159, 324.69, 3.90, 359.49, 0.9524, 0.0338, -0.3030, 0.0060
15:28:53, 5.30, 159, 325.00, 3.87, 359.49, 0.9532, 0.0335, -0.3004, 0.0059
15:28:53, 5.33, 160, 325.33, 3.82, 359.50, 0.9541, 0.0331, -0.2977, 0.0058
15:28:53, 5.33, 160, 325.70, 3.82, 359.49, 0.9550, 0.0332, -0.2946, 0.0056
15:28:53, 5.37, 161, 326.15, 3.81, 359.48, 0.9562, 0.0331, -0.2908, 0.0053
15:28:53, 5.37, 161, 326.66, 3.78, 359.51, 0.9575, 0.0328, -0.2866, 0.0054
15:28:53, 5.37, 161, 327.30, 3.72, 359.52, 0.9591, 0.0323, -0.2812, 0.0051
15:28:53, 5.40, 162, 328.07, 3.68, 359.59, 0.9610, 0.0319, -0.2748, 0.0054
15:28:54, 5.40, 162, 328.90, 3.62, 359.66, 0.9629, 0.0312, -0.2678, 0.0056
15:28:54, 5.43, 163, 329.82, 3.64, 359.79, 0.9650, 0.0311, -0.2602, 0.0065
15:28:54, 5.43, 163, 330.79, 3.67, 359.89, 0.9672, 0.0313, -0.2520, 0.0072
15:28:54, 5.43, 163, 331.76, 3.77, 359.86, 0.9693, 0.0322, -0.2438, 0.0069
15:28:54, 5.47, 164, 332.82, 3.70, 0.02, 0.9715, 0.0314, -0.2349, 0.0078
15:28:54, 5.47, 164, 334.10, 3.67, 0.17, 0.9740, 0.0309, -0.2241, 0.0086
15:28:54, 5.50, 165, 335.37, 3.65, 0.29, 0.9765, 0.0306, -0.2133, 0.0093
15:28:54, 5.50, 165, 336.55, 3.69, 0.38, 0.9786, 0.0308, -0.2032, 0.0098
15:28:54, 5.53, 166, 337.73, 3.80, 0.45, 0.9806, 0.0318, -0.1931, 0.0102
15:28:54, 5.53, 166, 338.87, 3.80, 0.54, 0.9825, 0.0317, -0.1834, 0.0107
15:28:54, 5.53, 166, 339.95, 3.80, 0.61, 0.9841, 0.0317, -0.1742, 0.0110
15:28:54, 5.57, 167, 341.06, 3.83, 0.63, 0.9858, 0.0321, -0.1647, 0.0109
15:28:54, 5.57, 167, 342.07, 3.81, 0.65, 0.9872, 0.0320, -0.1559, 0.0108
15:28:54, 5.60, 168, 342.99, 3.89, 0.66, 0.9884, 0.0328, -0.1480, 0.0107
15:28:54, 5.60, 168, 343.71, 3.88, 0.58, 0.9893, 0.0328, -0.1417, 0.0098
15:28:54, 5.63, 169, 344.50, 3.85, 0.61, 0.9903, 0.0326, -0.1350, 0.0098
15:28:54, 5.63, 169, 345.21, 3.82, 0.56, 0.9911, 0.0324, -0.1288, 0.0091
15:28:54, 5.63, 169, 345.92, 3.76, 0.52, 0.9919, 0.0320, -0.1227, 0.0085
15:28:54, 5.67, 170, 346.58, 3.68, 0.42, 0.9926, 0.0315, -0.1169, 0.0074
15:28:54, 5.67, 170, 347.12, 3.65, 0.41, 0.9932, 0.0313, -0.1122, 0.0071
15:28:54, 5.70, 171, 347.66, 3.57, 0.28, 0.9937, 0.0307, -0.1075, 0.0058
15:28:54, 5.70, 171, 348.15, 3.55, 0.19, 0.9942, 0.0306, -0.1032, 0.0049
15:28:54, 5.70, 171, 348.61, 3.51, 0.15, 0.9946, 0.0303, -0.0992, 0.0044
15:28:54, 5.73, 172, 349.12, 3.52, 0.09, 0.9950, 0.0305, -0.0948, 0.0037
15:28:54, 5.73, 172, 349.61, 3.50, 0.06, 0.9954, 0.0304, -0.0905, 0.0033
15:28:54, 5.77, 173, 350.00, 3.42, 359.98, 0.9958, 0.0297, -0.0871, 0.0025
15:28:54, 5.77, 173, 350.36, 3.44, 359.92, 0.9960, 0.0300, -0.0840, 0.0019
15:28:54, 5.77, 173, 350.74, 3.46, 359.81, 0.9963, 0.0302, -0.0806, 0.0008
15:28:54, 5.80, 174, 351.13, 3.36, 359.69, 0.9966, 0.0294, -0.0772, -0.0004
15:28:54, 5.80, 174, 351.48, 3.36, 359.55, 0.9968, 0.0295, -0.0742, -0.0017
15:28:54, 5.83, 175, 351.91, 3.34, 359.46, 0.9971, 0.0294, -0.0704, -0.0026
15:28:54, 5.83, 175, 352.23, 3.28, 359.45, 0.9973, 0.0289, -0.0675, -0.0029
15:28:54, 5.87, 176, 352.59, 3.25, 359.27, 0.9975, 0.0287, -0.0644, -0.0046
15:28:54, 5.87, 176, 352.81, 3.26, 359.13, 0.9976, 0.0288, -0.0624, -0.0058
15:28:54, 5.87, 176, 353.15, 3.30, 358.95, 0.9978, 0.0293, -0.0594, -0.0075
15:28:54, 5.90, 177, 353.45, 3.29, 358.81, 0.9979, 0.0293, -0.0568, -0.0087
15:28:54, 5.90, 177, 353.75, 3.23, 358.67, 0.9981, 0.0288, -0.0541, -0.0100
15:28:54, 5.93, 178, 354.11, 3.23, 358.57, 0.9982, 0.0288, -0.0510, -0.0110
15:28:54, 5.93, 178, 354.39, 3.20, 358.44, 0.9983, 0.0285, -0.0485, -0.0123
15:28:54, 5.93, 178, 354.72, 3.23, 358.36, 0.9985, 0.0288, -0.0457, -0.0130
15:28:54, 5.97, 179, 355.04, 3.25, 358.24, 0.9986, 0.0290, -0.0428, -0.0141
15:28:54, 5.97, 179, 355.36, 3.27, 358.13, 0.9987, 0.0292, -0.0400, -0.0151
15:28:54, 6.00, 180, 355.71, 3.18, 358.03, 0.9988, 0.0283, -0.0370, -0.0161
15:28:54, 6.00, 180, 356.11, 3.14, 357.92, 0.9989, 0.0280, -0.0335, -0.0172
15:28:54, 6.03, 181, 356.50, 3.12, 357.81, 0.9990, 0.0278, -0.0300, -0.0183
15:28:54, 6.03, 181, 356.90, 3.20, 357.74, 0.9991, 0.0285, -0.0265, -0.0189
15:28:54, 6.03, 181, 357.29, 3.21, 357.63, 0.9991, 0.0284, -0.0230, -0.0200
15:28:54, 6.07, 182, 357.75, 3.19, 357.44, 0.9992, 0.0282, -0.0190, -0.0218
15:28:54, 6.07, 182, 358.27, 3.20, 357.19, 0.9992, 0.0283, -0.0144, -0.0241
15:28:54, 6.10, 183, 358.79, 3.22, 356.87, 0.9992, 0.0284, -0.0098, -0.0270
15:28:54, 6.10, 183, 359.28, 3.20, 356.49, 0.9991, 0.0281, -0.0054, -0.0304
15:28:54, 6.10, 183, 359.82, 3.21, 356.10, 0.9990, 0.0280, -0.0006, -0.0340
15:28:54, 6.13, 184, 0.33, 3.24, 355.66, 0.9989, 0.0281, 0.0039, -0.0380
15:28:54, 6.13, 184, 0.84, 3.22, 355.27, 0.9987, 0.0277, 0.0085, -0.0415
15:28:54, 6.17, 185, 1.46, 3.17, 354.94, 0.9985, 0.0271, 0.0140, -0.0445
15:28:54, 6.17, 185, 1.96, 3.21, 354.66, 0.9984, 0.0272, 0.0183, -0.0470
15:28:54, 6.20, 186, 2.43, 3.21, 354.31, 0.9981, 0.0269, 0.0226, -0.0502
15:28:54, 6.20, 186, 2.88, 3.27, 354.02, 0.9979, 0.0271, 0.0266, -0.0529
15:28:54, 6.20, 186, 3.34, 3.29, 353.76, 0.9976, 0.0271, 0.0306, -0.0552
15:28:54, 6.23, 187, 3.83, 3.36, 353.54, 0.9974, 0.0274, 0.0350, -0.0573
15:28:54, 6.23, 187, 4.29, 3.36, 353.26, 0.9971, 0.0270, 0.0391, -0.0598
15:28:54, 6.27, 188, 4.70, 3.37, 353.02, 0.9968, 0.0268, 0.0427, -0.0620
15:28:54, 6.27, 188, 5.15, 3.34, 352.83, 0.9965, 0.0262, 0.0467, -0.0637
15:28:54, 6.27, 188, 5.51, 3.43, 352.59, 0.9962, 0.0267, 0.0499, -0.0659
15:28:54, 6.30, 189, 5.94, 3.42, 352.32, 0.9959, 0.0263, 0.0537, -0.0684
15:28:54, 6.30, 189, 6.26, 3.43, 352.13, 0.9956, 0.0260, 0.0565, -0.0701
15:28:54, 6.33, 190, 6.60, 3.41, 351.98, 0.9953, 0.0256, 0.0595, -0.0715
15:28:54, 6.33, 190, 6.89, 3.44, 351.82, 0.9951, 0.0256, 0.0621, -0.0729
15:28:54, 6.37, 191, 7.14, 3.42, 351.62, 0.9948, 0.0252, 0.0643, -0.0748
15:28:54, 6.37, 191, 7.37, 3.39, 351.50, 0.9946, 0.0247, 0.0662, -0.0758
15:28:54, 6.37, 191, 7.55, 3.44, 351.35, 0.9944, 0.0249, 0.0679, -0.0772
15:28:54, 6.40, 192, 7.71, 3.43, 351.24, 0.9942, 0.0247, 0.0693, -0.0782
15:28:55, 6.40, 192, 7.84, 3.44, 351.09, 0.9940, 0.0245, 0.0705, -0.0795
15:28:55, 6.43, 193, 7.90, 3.44, 350.93, 0.9939, 0.0244, 0.0710, -0.0809
15:28:55, 6.43, 193, 7.96, 3.45, 350.80, 0.9938, 0.0244, 0.0715, -0.0821
15:28:55, 6.43, 193, 7.99, 3.47, 350.69, 0.9937, 0.0244, 0.0718, -0.0831
15:28:55, 6.47, 194, 8.00, 3.46, 350.57, 0.9936, 0.0243, 0.0720, -0.0841
15:28:55, 6.47, 194, 7.97, 3.47, 350.46, 0.9935, 0.0244, 0.0718, -0.0850
15:28:55, 6.50, 195, 7.94, 3.48, 350.34, 0.9934, 0.0244, 0.0716, -0.0861
15:28:55, 6.50, 195, 7.92, 3.52, 350.20, 0.9933, 0.0246, 0.0714, -0.0873
15:28:55, 6.53, 196, 7.91, 3.52, 350.10, 0.9932, 0.0246, 0.0713, -0.0882
15:28:55, 6.53, 196, 7.89, 3.50, 349.99, 0.9932, 0.0243, 0.0711, -0.0890
15:28:55, 6.53, 196, 7.90, 3.50, 349.87, 0.9931, 0.0243, 0.0713, -0.0901
15:28:55, 6.57, 197, 7.91, 3.50, 349.73, 0.9930, 0.0241, 0.0714, -0.0913
15:28:55, 6.57, 197, 7.91, 3.56, 349.57, 0.9928, 0.0246, 0.0715, -0.0927
15:28:55, 6.60, 198, 7.94, 3.60, 349.39, 0.9926, 0.0248, 0.0718, -0.0944
15:28:55, 6.60, 198, 7.96, 3.64, 349.12, 0.9924, 0.0250, 0.0720, -0.0967
15:28:55, 6.60, 198, 7.95, 3.61, 348.76, 0.9921, 0.0245, 0.0721, -0.0998
15:28:55, 6.63, 199, 7.81, 3.38, 348.29, 0.9918, 0.0223, 0.0707, -0.1038
15:28:55, 6.63, 199, 7.62, 3.24, 347.84, 0.9916, 0.0210, 0.0690, -0.1075
15:28:55, 6.67, 200, 7.35, 3.09, 347.54, 0.9915, 0.0198, 0.0666, -0.1100
15:28:55, 6.67, 200, 7.16, 3.08, 347.34, 0.9914, 0.0198, 0.0650, -0.1116
15:28:55, 6.70, 201, 7.03, 3.07, 347.22, 0.9914, 0.0198, 0.0639, -0.1127
15:28:55, 6.70, 201, 6.99, 3.06, 347.15, 0.9913, 0.0197, 0.0635, -0.1133
15:28:55, 6.70, 201, 6.98, 3.10, 347.06, 0.9912, 0.0199, 0.0635, -0.1141
15:28:55, 6.73, 202, 7.02, 3.11, 346.96, 0.9911, 0.0199, 0.0639, -0.1150
15:28:55, 6.73, 202, 7.08, 3.19, 346.91, 0.9910, 0.0206, 0.0645, -0.1154
15:28:55, 6.77, 203, 7.18, 3.23, 346.85, 0.9909, 0.0208, 0.0654, -0.1160
15:28:55, 6.77, 203, 7.29, 3.30, 346.83, 0.9908, 0.0213, 0.0665, -0.1162
15:28:55, 6.77, 203, 7.41, 3.31, 346.84, 0.9907, 0.0212, 0.0674, -0.1162
15:28:55, 6.80, 204, 7.50, 3.32, 346.86, 0.9907, 0.0212, 0.0683, -0.1160
15:28:55, 6.80, 204, 7.62, 3.37, 346.88, 0.9906, 0.0216, 0.0694, -0.1159
15:28:55, 6.83, 205, 7.72, 3.43, 346.87, 0.9905, 0.0220, 0.0703, -0.1160
15:28:55, 6.83, 205, 7.79, 3.42, 346.88, 0.9905, 0.0218, 0.0709, -0.1159
15:28:55, 6.87, 206, 7.85, 3.42, 346.88, 0.9905, 0.0217, 0.0714, -0.1159
15:28:55, 6.87, 206, 7.84, 3.41, 346.87, 0.9904, 0.0217, 0.0713, -0.1160
15:28:55, 6.87, 206, 7.80, 3.41, 346.88, 0.9905, 0.0217, 0.0710, -0.1159
15:28:55, 6.90, 207, 7.76, 3.42, 346.90, 0.9905, 0.0218, 0.0706, -0.1158
15:28:55, 6.90, 207, 7.73, 3.43, 346.89, 0.9905, 0.0220, 0.0703, -0.1159
15:28:55, 6.93, 208, 7.64, 3.41, 346.92, 0.9906, 0.0219, 0.0696, -0.1156
15:28:55, 6.93, 208, 7.58, 3.44, 346.94, 0.9907, 0.0223, 0.0690, -0.1154
15:28:55, 6.93, 208, 7.52, 3.45, 346.95, 0.9907, 0.0224, 0.0686, -0.1153
15:28:55, 6.97, 209, 7.47, 3.47, 346.94, 0.9907, 0.0226, 0.0681, -0.1154
15:28:55, 6.97, 209, 7.47, 3.51, 346.91, 0.9907, 0.0229, 0.0682, -0.1156
15:28:55, 7.00, 210, 7.47, 3.57, 346.87, 0.9906, 0.0234, 0.0682, -0.1161
15:28:55, 7.00, 210, 7.52, 3.64, 346.83, 0.9905, 0.0239, 0.0687, -0.1164
15:28:55, 7.03, 211, 7.55, 3.69, 346.80, 0.9905, 0.0243, 0.0690, -0.1167
15:28:55, 7.03, 211, 7.59, 3.73, 346.80, 0.9904, 0.0246, 0.0694, -0.1167
15:28:55, 7.03, 211, 7.64, 3.79, 346.79, 0.9904, 0.0251, 0.0700, -0.1169
15:28:55, 7.07, 212, 7.68, 3.82, 346.77, 0.9903, 0.0253, 0.0703, -0.1171
15:28:55, 7.07, 212, 7.70, 3.84, 346.76, 0.9903, 0.0255, 0.0705, -0.1172
15:28:55, 7.10, 213, 7.77, 3.85, 346.73, 0.9902, 0.0255, 0.0711, -0.1175
15:28:55, 7.10, 213, 7.79, 3.85, 346.72, 0.9902, 0.0255, 0.0713, -0.1176
15:28:55, 7.10, 213, 7.83, 3.87, 346.70, 0.9901, 0.0256, 0.0717, -0.1178
15:28:55, 7.13, 214, 7.85, 3.88, 346.67, 0.9901, 0.0256, 0.0719, -0.1180
15:28:55, 7.13, 214, 7.86, 3.88, 346.63, 0.9900, 0.0256, 0.0720, -0.1183
15:28:55, 7.17, 215, 7.89, 3.86, 346.60, 0.9900, 0.0254, 0.0722, -0.1186
15:28:55, 7.17, 215, 7.88, 3.85, 346.57, 0.9900, 0.0253, 0.0721, -0.1189
15:28:55, 7.20, 216, 7.88, 3.86, 346.56, 0.9900, 0.0253, 0.0721, -0.1190
15:28:55, 7.20, 216, 7.91, 3.82, 346.57, 0.9900, 0.0250, 0.0724, -0.1189
15:28:55, 7.20, 216, 7.92, 3.82, 346.54, 0.9899, 0.0249, 0.0724, -0.1192
15:28:55, 7.23, 217, 7.92, 3.84, 346.55, 0.9899, 0.0251, 0.0725, -0.1191
15:28:55, 7.23, 217, 7.92, 3.81, 346.55, 0.9899, 0.0249, 0.0724, -0.1190
15:28:55, 7.27, 218, 7.93, 3.80, 346.58, 0.9900, 0.0248, 0.0725, -0.1188
15:28:55, 7.27, 218, 7.93, 3.79, 346.59, 0.9900, 0.0247, 0.0725, -0.1187
15:28:55, 7.27, 218, 7.94, 3.77, 346.61, 0.9900, 0.0246, 0.0725, -0.1185
15:28:55, 7.30, 219, 7.95, 3.76, 346.64, 0.9900, 0.0244, 0.0726, -0.1182
15:28:55, 7.30, 219, 7.94, 3.77, 346.65, 0.9900, 0.0245, 0.0725, -0.1182
15:28:55, 7.33, 220, 7.92, 3.78, 346.68, 0.9901, 0.0247, 0.0724, -0.1179
15:28:55, 7.33, 220, 7.91, 3.78, 346.71, 0.9901, 0.0247, 0.0723, -0.1176
15:28:55, 7.37, 221, 7.89, 3.80, 346.75, 0.9902, 0.0249, 0.0722, -0.1173
15:28:55, 7.37, 221, 7.87, 3.83, 346.77, 0.9902, 0.0252, 0.0719, -0.1171
15:28:55, 7.37, 221, 7.85, 3.84, 346.81, 0.9902, 0.0253, 0.0718, -0.1168
15:28:55, 7.40, 222, 7.83, 3.85, 346.85, 0.9903, 0.0255, 0.0716, -0.1165
15:28:56, 7.40, 222, 7.82, 3.89, 346.88, 0.9903, 0.0259, 0.0716, -0.1162
15:28:56, 7.43, 223, 7.81, 3.92, 346.92, 0.9903, 0.0262, 0.0715, -0.1159
15:28:56, 7.43, 223, 7.79, 3.95, 346.95, 0.9904, 0.0264, 0.0714, -0.1157
15:28:56, 7.43, 223, 7.77, 3.98, 346.98, 0.9904, 0.0267, 0.0712, -0.1154
15:28:56, 7.47, 224, 7.77, 4.00, 346.95, 0.9904, 0.0269, 0.0713, -0.1156
15:28:56, 7.47, 224, 7.73, 4.01, 346.96, 0.9904, 0.0270, 0.0709, -0.1156
15:28:56, 7.50, 225, 7.69, 4.03, 347.00, 0.9905, 0.0273, 0.0706, -0.1152
15:28:56, 7.50, 225, 7.60, 4.07, 347.04, 0.9905, 0.0277, 0.0698, -0.1149
15:28:56, 7.53, 226, 7.49, 4.12, 347.05, 0.9906, 0.0283, 0.0689, -0.1148
15:28:56, 7.53, 226, 7.26, 4.22, 347.08, 0.9907, 0.0294, 0.0670, -0.1145
15:28:56, 7.53, 226, 7.00, 4.30, 347.07, 0.9908, 0.0304, 0.0649, -0.1146
15:28:56, 7.57, 227, 6.72, 4.37, 347.04, 0.9909, 0.0312, 0.0625, -0.1148
15:28:56, 7.57, 227, 6.43, 4.39, 347.04, 0.9911, 0.0317, 0.0600, -0.1147
15:28:56, 7.60, 228, 6.14, 4.33, 347.04, 0.9912, 0.0315, 0.0574, -0.1146
15:28:56, 7.60, 228, 5.87, 4.31, 347.02, 0.9914, 0.0315, 0.0551, -0.1147
15:28:56, 7.60, 228, 5.58, 4.28, 347.01, 0.9915, 0.0315, 0.0526, -0.1147
15:28:56, 7.63, 229, 5.33, 4.23, 347.00, 0.9916, 0.0314, 0.0503, -0.1147
15:28:56, 7.63, 229, 5.06, 4.18, 346.97, 0.9917, 0.0312, 0.0479, -0.1148
15:28:56, 7.67, 230, 4.88, 4.10, 346.96, 0.9918, 0.0307, 0.0463, -0.1149
15:28:56, 7.67, 230, 4.66, 4.04, 346.94, 0.9919, 0.0304, 0.0443, -0.1150
15:28:56, 7.70, 231, 4.50, 4.01, 346.94, 0.9920, 0.0303, 0.0429, -0.1149
15:28:56, 7.70, 231, 4.35, 3.98, 346.98, 0.9921, 0.0301, 0.0416, -0.1145
15:28:56, 7.70, 231, 4.20, 3.95, 346.99, 0.9922, 0.0301, 0.0403, -0.1144
15:28:56, 7.73, 232, 4.06, 3.91, 347.05, 0.9923, 0.0299, 0.0390, -0.1138
15:28:56, 7.73, 232, 3.95, 3.89, 347.10, 0.9924, 0.0298, 0.0380, -0.1133
15:28:56, 7.77, 233, 3.85, 3.84, 347.12, 0.9924, 0.0295, 0.0371, -0.1131
15:28:56, 7.77, 233, 3.78, 3.81, 347.12, 0.9925, 0.0293, 0.0365, -0.1131
15:28:56, 7.77, 233, 3.72, 3.77, 347.13, 0.9925, 0.0291, 0.0359, -0.1130
15:28:56, 7.80, 234, 3.66, 3.78, 347.17, 0.9926, 0.0292, 0.0354, -0.1127
15:28:56, 7.80, 234, 3.62, 3.79, 347.19, 0.9926, 0.0294, 0.0350, -0.1124
15:28:56, 7.83, 235, 3.57, 3.76, 347.24, 0.9927, 0.0291, 0.0346, -0.1120
15:28:56, 7.83, 235, 3.50, 3.76, 347.28, 0.9927, 0.0292, 0.0340, -0.1116
15:28:56, 7.87, 236, 3.38, 3.82, 347.32, 0.9928, 0.0298, 0.0330, -0.1113
15:28:56, 7.87, 236, 3.24, 3.87, 347.37, 0.9929, 0.0305, 0.0318, -0.1109
15:28:56, 7.87, 236, 3.01, 3.98, 347.40, 0.9929, 0.0316, 0.0299, -0.1105
15:28:56, 7.90, 237, 2.69, 4.09, 347.40, 0.9930, 0.0329, 0.0272, -0.1105
15:28:56, 7.90, 237, 2.28, 4.23, 347.32, 0.9929, 0.0345, 0.0239, -0.1111
15:28:56, 7.93, 238, 1.79, 4.35, 347.26, 0.9929, 0.0360, 0.0198, -0.1114
15:28:56, 7.93, 238, 1.25, 4.38, 347.21, 0.9929, 0.0368, 0.0151, -0.1117
15:28:56, 7.93, 238, 0.71, 4.33, 347.10, 0.9929, 0.0369, 0.0104, -0.1125
15:28:56, 7.97, 239, 0.22, 4.14, 347.08, 0.9930, 0.0357, 0.0060, -0.1125
15:28:56, 7.97, 239, 359.78, 3.93, 347.09, 0.9931, 0.0343, 0.0019, -0.1123
15:28:56, 8.00, 240, 359.37, 3.75, 347.11, 0.9932, 0.0331, -0.0018, -0.1120
15:28:56, 8.00, 240, 358.98, 3.66, 347.12, 0.9932, 0.0327, -0.0053, -0.1118
15:28:56, 8.03, 241, 358.62, 3.53, 347.23, 0.9933, 0.0320, -0.0085, -0.1108
15:28:56, 8.03, 241, 358.34, 3.41, 347.28, 0.9934, 0.0311, -0.0111, -0.1103
15:28:56, 8.03, 241, 358.14, 3.35, 347.35, 0.9934, 0.0308, -0.0129, -0.1096
15:28:56, 8.07, 242, 357.92, 3.26, 347.42, 0.9935, 0.0302, -0.0149, -0.1090
15:28:56, 8.07, 242, 357.67, 3.20, 347.52, 0.9935, 0.0300, -0.0172, -0.1080
15:28:56, 8.10, 243, 357.50, 3.16, 347.62, 0.9936, 0.0298, -0.0187, -0.1072
15:28:56, 8.10, 243, 357.28, 3.12, 347.66, 0.9936, 0.0296, -0.0206, -0.1067
15:28:56, 8.10, 243, 357.09, 3.09, 347.72, 0.9937, 0.0295, -0.0223, -0.1062
15:28:56, 8.13, 244, 356.91, 3.03, 347.73, 0.9936, 0.0292, -0.0240, -0.1060
15:28:56, 8.13, 244, 356.75, 3.03, 347.75, 0.9936, 0.0293, -0.0253, -0.1058
15:28:56, 8.17, 245, 356.55, 3.01, 347.75, 0.9936, 0.0293, -0.0271, -0.1059
15:28:56, 8.17, 245, 356.33, 3.03, 347.73, 0.9935, 0.0297, -0.0290, -0.1059
15:28:56, 8.20, 246, 356.01, 3.04, 347.68, 0.9934, 0.0301, -0.0318, -0.1063
15:28:56, 8.20, 246, 355.62, 3.07, 347.60, 0.9932, 0.0308, -0.0351, -0.1068
15:28:56, 8.20, 246, 355.10, 3.18, 347.51, 0.9929, 0.0322, -0.0395, -0.1075
15:28:56, 8.23, 247, 354.51, 3.30, 347.44, 0.9926, 0.0338, -0.0445, -0.1078
15:28:56, 8.23, 247, 353.92, 3.41, 347.28, 0.9922, 0.0354, -0.0494, -0.1090
15:28:56, 8.27, 248, 353.26, 3.54, 347.18, 0.9918, 0.0372, -0.0549, -0.1096
15:28:56, 8.27, 248, 352.69, 3.59, 347.11, 0.9914, 0.0382, -0.0598, -0.1099
15:28:56, 8.27, 248, 352.12, 3.45, 347.00, 0.9910, 0.0376, -0.0648, -0.1109
15:28:56, 8.30, 249, 351.64, 3.34, 346.98, 0.9907, 0.0371, -0.0691, -0.1109
15:28:56, 8.30, 249, 351.26, 3.25, 346.96, 0.9905, 0.0368, -0.0725, -0.1110
15:28:56, 8.33, 250, 350.92, 3.15, 346.96, 0.9903, 0.0362, -0.0755, -0.1110
15:28:56, 8.33, 250, 350.67, 3.12, 346.96, 0.9901, 0.0362, -0.0777, -0.1109
15:28:56, 8.37, 251, 350.37, 3.12, 346.96, 0.9899, 0.0365, -0.0803, -0.1108
15:28:56, 8.37, 251, 350.19, 3.09, 347.02, 0.9899, 0.0364, -0.0819, -0.1103
15:28:56, 8.37, 251, 350.02, 3.08, 347.06, 0.9898, 0.0364, -0.0834, -0.1099
15:28:56, 8.40, 252, 349.87, 3.07, 347.11, 0.9897, 0.0364, -0.0847, -0.1094
15:28:57, 8.40, 252, 349.81, 3.05, 347.17, 0.9897, 0.0363, -0.0853, -0.1089
15:28:57, 8.43, 253, 349.72, 3.07, 347.21, 0.9897, 0.0365, -0.0860, -0.1085
15:28:57, 8.43, 253, 349.68, 3.07, 347.24, 0.9897, 0.0365, -0.0864, -0.1083
15:28:57, 8.43, 253, 349.66, 3.08, 347.29, 0.9897, 0.0366, -0.0866, -0.1078
15:28:57, 8.47, 254, 349.67, 3.10, 347.34, 0.9898, 0.0367, -0.0865, -0.1074
15:28:57, 8.47, 254, 349.70, 3.13, 347.39, 0.9898, 0.0369, -0.0862, -0.1069
15:28:57, 8.50, 255, 349.73, 3.14, 347.41, 0.9899, 0.0369, -0.0859, -0.1067
15:28:57, 8.50, 255, 349.80, 3.13, 347.44, 0.9900, 0.0368, -0.0853, -0.1065
15:28:57, 8.53, 256, 349.86, 3.16, 347.46, 0.9900, 0.0370, -0.0848, -0.1064
15:28:57, 8.53, 256, 349.94, 3.18, 347.47, 0.9901, 0.0371, -0.0841, -0.1062
15:28:57, 8.53, 256, 349.99, 3.18, 347.44, 0.9901, 0.0370, -0.0836, -0.1065
15:28:57, 8.57, 257, 350.06, 3.18, 347.38, 0.9901, 0.0370, -0.0830, -0.1070
15:28:57, 8.57, 257, 350.13, 3.21, 347.37, 0.9901, 0.0372, -0.0824, -0.1072
15:28:57, 8.60, 258, 350.21, 3.19, 347.33, 0.9901, 0.0369, -0.0817, -0.1076
15:28:57, 8.60, 258, 350.29, 3.19, 347.34, 0.9902, 0.0369, -0.0810, -0.1075
15:28:57, 8.60, 258, 350.34, 3.19, 347.32, 0.9902, 0.0368, -0.0806, -0.1076
15:28:57, 8.63, 259, 350.41, 3.17, 347.29, 0.9903, 0.0367, -0.0800, -0.1080
15:28:57, 8.63, 259, 350.52, 3.18, 347.28, 0.9903, 0.0366, -0.0790, -0.1081
15:28:57, 8.67, 260, 350.60, 3.20, 347.27, 0.9904, 0.0367, -0.0784, -0.1082
15:28:57, 8.67, 260, 350.67, 3.21, 347.27, 0.9904, 0.0367, -0.0777, -0.1082
15:28:57, 8.70, 261, 350.74, 3.19, 347.24, 0.9904, 0.0366, -0.0771, -0.1085
15:28:57, 8.70, 261, 350.82, 3.19, 347.21, 0.9904, 0.0365, -0.0764, -0.1088
15:28:57, 8.70, 261, 350.87, 3.15, 347.19, 0.9905, 0.0361, -0.0760, -0.1090
15:28:57, 8.73, 262, 350.94, 3.14, 347.18, 0.9905, 0.0360, -0.0754, -0.1091
15:28:57, 8.73, 262, 350.99, 3.08, 347.14, 0.9905, 0.0355, -0.0750, -0.1095
15:28:57, 8.77, 263, 351.04, 3.07, 347.13, 0.9905, 0.0353, -0.0746, -0.1096
15:28:57, 8.77, 263, 351.10, 3.06, 347.10, 0.9905, 0.0352, -0.0741, -0.1099
15:28:57, 8.77, 263, 351.12, 3.03, 347.10, 0.9906, 0.0349, -0.0740, -0.1099
15:28:57, 8.80, 264, 351.13, 3.04, 347.11, 0.9906, 0.0349, -0.0739, -0.1099
15:28:57, 8.80, 264, 351.13, 3.04, 347.08, 0.9906, 0.0350, -0.0738, -0.1101
15:28:57, 8.83, 265, 351.14, 3.07, 347.08, 0.9906, 0.0352, -0.0737, -0.1101
15:28:57, 8.83, 265, 351.14, 3.08, 347.09, 0.9906, 0.0353, -0.0737, -0.1100
15:28:57, 8.87, 266, 351.15, 3.08, 347.11, 0.9906, 0.0353, -0.0736, -0.1098
15:28:57, 8.87, 266, 351.13, 3.07, 347.22, 0.9907, 0.0351, -0.0739, -0.1088
15:28:57, 8.87, 266, 351.05, 3.08, 347.36, 0.9908, 0.0352, -0.0745, -0.1076
15:28:57, 8.90, 267, 350.97, 3.08, 347.46, 0.9908, 0.0352, -0.0753, -0.1067
15:28:57, 8.90, 267, 350.87, 3.09, 347.55, 0.9908, 0.0354, -0.0762, -0.1059
15:28:57, 8.93, 268, 350.79, 3.06, 347.61, 0.9908, 0.0351, -0.0769, -0.1054
15:28:57, 8.93, 268, 350.68, 3.02, 347.67, 0.9908, 0.0349, -0.0779, -0.1049
15:28:57, 8.93, 268, 350.61, 3.00, 347.67, 0.9908, 0.0348, -0.0786, -0.1049
15:28:57, 8.97, 269, 350.55, 2.95, 347.58, 0.9907, 0.0344, -0.0791, -0.1056
15:28:57, 8.97, 269, 350.47, 2.90, 347.52, 0.9906, 0.0341, -0.0798, -0.1062
15:28:57, 9.00, 270, 350.43, 2.86, 347.43, 0.9904, 0.0338, -0.0802, -0.1070
15:28:57, 9.00, 270, 350.36, 2.76, 347.40, 0.9904, 0.0331, -0.0808, -0.1073
15:28:57, 9.03, 271, 350.28, 2.71, 347.36, 0.9903, 0.0327, -0.0816, -0.1076
15:28:57, 9.03, 271, 350.15, 2.65, 347.32, 0.9902, 0.0324, -0.0828, -0.1080
15:28:57, 9.03, 271, 350.03, 2.55, 347.29, 0.9901, 0.0316, -0.0839, -0.1084
15:28:57, 9.07, 272, 349.91, 2.44, 347.24, 0.9899, 0.0309, -0.0850, -0.1088
15:28:57, 9.07, 272, 349.75, 2.42, 347.24, 0.9898, 0.0308, -0.0864, -0.1088
15:28:57, 9.10, 273, 349.61, 2.37, 347.31, 0.9898, 0.0305, -0.0876, -0.1082
15:28:57, 9.10, 273, 349.50, 2.35, 347.38, 0.9898, 0.0304, -0.0887, -0.1076
15:28:57, 9.10, 273, 349.38, 2.35, 347.45, 0.9897, 0.0304, -0.0897, -0.1070
15:28:57, 9.13, 274, 349.28, 2.35, 347.51, 0.9897, 0.0304, -0.0906, -0.1064
15:28:57, 9.13, 274, 349.20, 2.39, 347.59, 0.9897, 0.0308, -0.0913, -0.1056
15:28:57, 9.17, 275, 349.14, 2.48, 347.65, 0.9897, 0.0316, -0.0917, -0.1050
15:28:57, 9.17, 275, 349.09, 2.59, 347.72, 0.9897, 0.0325, -0.0921, -0.1044
15:28:57, 9.20, 276, 349.05, 2.75, 347.73, 0.9897, 0.0339, -0.0923, -0.1041
15:28:57, 9.20, 276, 349.04, 2.87, 347.74, 0.9897, 0.0350, -0.0923, -0.1039
15:28:57, 9.20, 276, 349.07, 3.02, 347.67, 0.9896, 0.0363, -0.0918, -0.1043
15:28:57, 9.23, 277, 349.13, 3.14, 347.63, 0.9896, 0.0373, -0.0912, -0.1047
15:28:57, 9.23, 277, 349.23, 3.27, 347.58, 0.9896, 0.0384, -0.0902, -0.1050
15:28:57, 9.27, 278, 349.35, 3.40, 347.56, 0.9897, 0.0394, -0.0890, -0.1051
15:28:57, 9.27, 278, 349.50, 3.53, 347.48, 0.9897, 0.0404, -0.0876, -0.1057
15:28:57, 9.27, 278, 349.68, 3.65, 347.42, 0.9898, 0.0414, -0.0859, -0.1062
15:28:57, 9.30, 279, 349.86, 3.76, 347.31, 0.9898, 0.0422, -0.0842, -0.1071
15:28:57, 9.30, 279, 350.09, 3.89, 347.18, 0.9898, 0.0432, -0.0820, -0.1083
15:28:57, 9.33, 280, 350.31, 4.06, 347.07, 0.9898, 0.0446, -0.0799, -0.1092
15:28:57, 9.33, 280, 350.55, 4.25, 346.96, 0.9898, 0.0460, -0.0776, -0.1100
15:28:57, 9.37, 281, 350.77, 4.42, 346.91, 0.9899, 0.0474, -0.0755, -0.1104
15:28:57, 9.37, 281, 351.01, 4.59, 346.85, 0.9899, 0.0486, -0.0732, -0.1110
15:28:57, 9.37, 281, 351.30, 4.80, 346.79, 0.9900, 0.0502, -0.0705, -0.1114
15:28:57, 9.40, 282, 351.55, 4.96, 346.72, 0.9900, 0.0514, -0.0682, -0.1121
15:28:58, 9.40, 282, 351.79, 5.18, 346.64, 0.9900, 0.0531, -0.0658, -0.1127
15:28:58, 9.43, 283, 352.02, 5.33, 346.61, 0.9901, 0.0542, -0.0636, -0.1129
15:28:58, 9.43, 283, 352.29, 5.48, 346.54, 0.9901, 0.0552, -0.0611, -0.1136
15:28:58, 9.43, 283, 352.54, 5.62, 346.48, 0.9901, 0.0562, -0.0588, -0.1141
15:28:58, 9.47, 284, 352.75, 5.71, 346.41, 0.9901, 0.0568, -0.0568, -0.1148
15:28:58, 9.47, 284, 352.95, 5.84, 346.36, 0.9901, 0.0578, -0.0549, -0.1152
15:28:58, 9.50, 285, 353.15, 5.92, 346.28, 0.9901, 0.0583, -0.0531, -0.1160
15:28:58, 9.50, 285, 353.33, 6.01, 346.28, 0.9902, 0.0589, -0.0514, -0.1161
15:28:58, 9.53, 286, 353.44, 6.15, 346.24, 0.9901, 0.0600, -0.0503, -0.1164
15:28:58, 9.53, 286, 353.54, 6.25, 346.22, 0.9901, 0.0608, -0.0493, -0.1166
15:28:58, 9.53, 286, 353.64, 6.38, 346.23, 0.9901, 0.0618, -0.0483, -0.1164
15:28:58, 9.57, 287, 353.71, 6.51, 346.28, 0.9901, 0.0628, -0.0476, -0.1160
15:28:58, 9.57, 287, 353.81, 6.58, 346.34, 0.9902, 0.0633, -0.0467, -0.1155
15:28:58, 9.60, 288, 353.96, 6.56, 346.49, 0.9904, 0.0629, -0.0455, -0.1143
15:28:58, 9.60, 288, 354.22, 6.31, 346.74, 0.9909, 0.0604, -0.0437, -0.1124
15:28:58, 9.60, 288, 354.56, 5.92, 347.10, 0.9915, 0.0565, -0.0413, -0.1097
15:28:58, 9.63, 289, 354.97, 5.52, 347.44, 0.9921, 0.0526, -0.0383, -0.1071
15:28:58, 9.63, 289, 355.39, 5.42, 347.73, 0.9926, 0.0513, -0.0349, -0.1048
15:28:58, 9.67, 290, 355.68, 5.48, 347.99, 0.9929, 0.0514, -0.0324, -0.1026
15:28:58, 9.67, 290, 356.00, 5.66, 348.26, 0.9931, 0.0526, -0.0296, -0.1004
15:28:58, 9.70, 291, 356.20, 5.94, 348.39, 0.9932, 0.0548, -0.0277, -0.0992
15:28:58, 9.70, 291, 356.45, 6.13, 348.55, 0.9933, 0.0563, -0.0255, -0.0979
15:28:58, 9.70, 291, 356.63, 6.39, 348.64, 0.9933, 0.0583, -0.0237, -0.0972
15:28:58, 9.73, 292, 356.85, 6.53, 348.67, 0.9933, 0.0594, -0.0217, -0.0970
15:28:58, 9.73, 292, 357.05, 6.68, 348.69, 0.9933, 0.0605, -0.0198, -0.0969
15:28:58, 9.77, 293, 357.24, 6.69, 348.70, 0.9933, 0.0604, -0.0182, -0.0969
15:28:58, 9.77, 293, 357.43, 6.50, 348.77, 0.9935, 0.0586, -0.0168, -0.0964
15:28:58, 9.77, 293, 357.71, 6.13, 348.94, 0.9938, 0.0551, -0.0147, -0.0952
15:28:58, 9.80, 294, 358.07, 5.63, 349.09, 0.9942, 0.0505, -0.0121, -0.0941
15:28:58, 9.80, 294, 358.51, 5.14, 349.21, 0.9945, 0.0459, -0.0087, -0.0934
15:28:58, 9.83, 295, 358.88, 4.82, 349.26, 0.9947, 0.0428, -0.0058, -0.0931
15:28:58, 9.83, 295, 359.36, 4.62, 349.32, 0.9949, 0.0406, -0.0018, -0.0927
15:28:58, 9.87, 296, 359.76, 4.44, 349.38, 0.9950, 0.0387, 0.0015, -0.0924
15:28:58, 9.87, 296, 0.22, 4.41, 349.43, 0.9950, 0.0382, 0.0055, -0.0921
15:28:58, 9.87, 296, 0.60, 4.34, 349.42, 0.9950, 0.0372, 0.0087, -0.0923
15:28:58, 9.90, 297, 1.02, 4.25, 349.45, 0.9950, 0.0361, 0.0122, -0.0922
15:28:58, 9.90, 297, 1.45, 4.18, 349.44, 0.9950, 0.0351, 0.0159, -0.0924
15:28:58, 9.93, 298, 1.84, 4.13, 349.41, 0.9949, 0.0344, 0.0193, -0.0928
15:28:58, 9.93, 298, 2.21, 4.09, 349.41, 0.9949, 0.0337, 0.0224, -0.0929
15:28:58, 9.93, 298, 2.56, 4.11, 349.37, 0.9947, 0.0336, 0.0256, -0.0934
15:28:58, 9.97, 299, 2.93, 4.12, 349.37, 0.9946, 0.0334, 0.0288, -0.0934
15:28:58, 9.97, 299, 3.19, 4.21, 349.31, 0.9945, 0.0340, 0.0311, -0.0941
