Timestamp, VideoTime, VideoFrame, HeadYaw, HeadPitch, HeadRoll, HeadQuatW, HeadQuatX, HeadQuatY, HeadQuatZ
15:27:53, 0.00, 0, 10.91, 342.45, 348.25, 0.9801, -0.1607, 0.0779, -0.0863
15:27:53, 0.03, 1, 10.72, 342.69, 348.48, 0.9807, -0.1583, 0.0769, -0.0848
15:27:53, 0.03, 1, 10.49, 342.94, 348.69, 0.9813, -0.1559, 0.0754, -0.0836
15:27:54, 0.03, 1, 10.16, 343.27, 349.06, 0.9822, -0.1526, 0.0734, -0.0811
15:27:54, 0.07, 2, 9.74, 343.72, 349.57, 0.9834, -0.1481, 0.0709, -0.0777
15:27:54, 0.07, 2, 9.31, 344.01, 350.00, 0.9842, -0.1451, 0.0680, -0.0748
15:27:54, 0.10, 3, 8.76, 344.31, 350.38, 0.9851, -0.1420, 0.0639, -0.0725
15:27:54, 0.10, 3, 8.31, 344.65, 350.64, 0.9859, -0.1386, 0.0607, -0.0710
15:27:54, 0.10, 3, 7.78, 344.78, 350.72, 0.9864, -0.1371, 0.0563, -0.0710
15:27:54, 0.13, 4, 7.43, 345.02, 350.75, 0.9868, -0.1348, 0.0535, -0.0714
15:27:54, 0.13, 4, 7.08, 345.33, 350.78, 0.9874, -0.1319, 0.0508, -0.0717
15:27:54, 0.13, 4, 6.94, 345.53, 350.62, 0.9875, -0.1302, 0.0496, -0.0734
15:27:54, 0.17, 5, 6.91, 345.81, 350.32, 0.9876, -0.1279, 0.0491, -0.0762
15:27:54, 0.17, 5, 6.92, 346.18, 350.11, 0.9879, -0.1248, 0.0494, -0.0782
15:27:54, 0.20, 6, 6.97, 346.59, 350.03, 0.9882, -0.1213, 0.0501, -0.0790
15:27:54, 0.20, 6, 7.27, 347.05, 349.96, 0.9884, -0.1176, 0.0529, -0.0796
15:27:54, 0.23, 7, 7.59, 347.53, 349.79, 0.9886, -0.1138, 0.0559, -0.0811
15:27:54, 0.23, 7, 8.04, 347.96, 349.66, 0.9887, -0.1105, 0.0600, -0.0821
15:27:54, 0.23, 7, 8.24, 348.42, 349.94, 0.9891, -0.1065, 0.0624, -0.0798
15:27:54, 0.27, 8, 8.37, 348.77, 350.42, 0.9897, -0.1033, 0.0643, -0.0758
15:27:54, 0.27, 8, 8.41, 348.76, 351.03, 0.9900, -0.1031, 0.0651, -0.0704
15:27:54, 0.30, 9, 8.45, 348.55, 351.58, 0.9902, -0.1046, 0.0658, -0.0655
15:27:54, 0.30, 9, 8.47, 348.18, 351.99, 0.9901, -0.1075, 0.0661, -0.0617
15:27:54, 0.33, 10, 8.37, 348.02, 352.40, 0.9902, -0.1087, 0.0655, -0.0582
15:27:54, 0.33, 10, 8.06, 347.72, 352.92, 0.9904, -0.1108, 0.0631, -0.0537
15:27:54, 0.33, 10, 7.73, 347.48, 353.49, 0.9906, -0.1124, 0.0607, -0.0489
15:27:54, 0.37, 11, 7.23, 347.27, 353.88, 0.9908, -0.1138, 0.0567, -0.0460
15:27:54, 0.37, 11, 6.79, 347.15, 354.20, 0.9910, -0.1146, 0.0531, -0.0436
15:27:54, 0.40, 12, 6.29, 347.20, 354.43, 0.9914, -0.1138, 0.0491, -0.0421
15:27:54, 0.40, 12, 5.81, 347.28, 354.73, 0.9918, -0.1128, 0.0453, -0.0400
15:27:54, 0.40, 12, 5.45, 347.46, 354.90, 0.9921, -0.1111, 0.0423, -0.0390
15:27:54, 0.43, 13, 5.14, 347.52, 354.88, 0.9923, -0.1105, 0.0397, -0.0395
15:27:54, 0.43, 13, 4.84, 347.67, 354.73, 0.9925, -0.1091, 0.0370, -0.0412
15:27:54, 0.47, 14, 4.66, 347.75, 354.63, 0.9926, -0.1084, 0.0354, -0.0422
15:27:54, 0.47, 14, 4.50, 347.91, 354.71, 0.9928, -0.1069, 0.0341, -0.0417
15:27:54, 0.50, 15, 4.29, 348.19, 354.90, 0.9932, -0.1044, 0.0326, -0.0404
15:27:54, 0.50, 15, 4.12, 348.45, 355.05, 0.9935, -0.1020, 0.0314, -0.0393
15:27:54, 0.50, 15, 3.93, 348.76, 355.15, 0.9939, -0.0992, 0.0300, -0.0387
15:27:54, 0.53, 16, 3.77, 349.04, 355.14, 0.9941, -0.0968, 0.0287, -0.0390
15:27:54, 0.53, 16, 3.65, 349.34, 355.07, 0.9944, -0.0941, 0.0277, -0.0398
15:27:54, 0.57, 17, 3.46, 349.73, 355.14, 0.9948, -0.0906, 0.0263, -0.0395
15:27:54, 0.57, 17, 3.31, 350.25, 355.07, 0.9951, -0.0861, 0.0251, -0.0404
15:27:54, 0.57, 17, 3.15, 350.66, 355.04, 0.9955, -0.0825, 0.0238, -0.0409
15:27:54, 0.60, 18, 3.02, 351.23, 354.96, 0.9959, -0.0775, 0.0229, -0.0418
15:27:54, 0.60, 18, 2.95, 351.81, 354.83, 0.9962, -0.0725, 0.0224, -0.0432
15:27:54, 0.63, 19, 2.89, 352.39, 354.75, 0.9965, -0.0674, 0.0221, -0.0440
15:27:54, 0.63, 19, 2.95, 352.94, 354.58, 0.9967, -0.0627, 0.0228, -0.0456
15:27:54, 0.67, 20, 2.99, 353.45, 354.46, 0.9969, -0.0583, 0.0233, -0.0468
15:27:54, 0.67, 20, 3.02, 354.00, 354.31, 0.9971, -0.0536, 0.0236, -0.0482
15:27:54, 0.67, 20, 3.19, 354.61, 354.27, 0.9973, -0.0483, 0.0254, -0.0486
15:27:54, 0.70, 21, 3.27, 355.21, 354.40, 0.9976, -0.0431, 0.0264, -0.0476
15:27:54, 0.70, 21, 3.34, 355.64, 354.60, 0.9978, -0.0393, 0.0273, -0.0459
15:27:54, 0.73, 22, 3.36, 356.00, 354.77, 0.9980, -0.0362, 0.0277, -0.0446
15:27:54, 0.73, 22, 3.40, 356.31, 354.75, 0.9980, -0.0335, 0.0281, -0.0448
15:27:54, 0.73, 22, 3.42, 356.87, 354.64, 0.9981, -0.0287, 0.0285, -0.0459
15:27:54, 0.77, 23, 3.42, 357.40, 354.55, 0.9982, -0.0241, 0.0287, -0.0468
15:27:54, 0.77, 23, 3.36, 357.93, 354.64, 0.9983, -0.0194, 0.0284, -0.0462
15:27:54, 0.80, 24, 3.17, 358.34, 354.93, 0.9986, -0.0157, 0.0270, -0.0438
15:27:54, 0.80, 24, 2.97, 358.57, 355.10, 0.9987, -0.0136, 0.0253, -0.0424
15:27:54, 0.83, 25, 2.80, 358.72, 355.08, 0.9987, -0.0122, 0.0239, -0.0427
15:27:54, 0.83, 25, 2.72, 358.71, 355.02, 0.9987, -0.0122, 0.0232, -0.0431
15:27:54, 0.83, 25, 2.68, 358.70, 355.07, 0.9987, -0.0123, 0.0229, -0.0427
15:27:54, 0.87, 26, 2.70, 358.50, 355.06, 0.9987, -0.0141, 0.0230, -0.0428
15:27:54, 0.87, 26, 2.67, 358.10, 355.17, 0.9987, -0.0176, 0.0226, -0.0418
15:27:54, 0.90, 27, 2.60, 358.02, 355.23, 0.9987, -0.0182, 0.0220, -0.0412
15:27:54, 0.90, 27, 2.56, 358.04, 355.09, 0.9987, -0.0181, 0.0216, -0.0424
15:27:54, 0.90, 27, 2.54, 358.04, 355.10, 0.9987, -0.0181, 0.0214, -0.0424
15:27:54, 0.93, 28, 2.49, 357.97, 355.18, 0.9987, -0.0186, 0.0209, -0.0416
15:27:54, 0.93, 28, 2.42, 357.63, 355.35, 0.9988, -0.0215, 0.0203, -0.0401
15:27:54, 0.97, 29, 2.20, 357.28, 355.65, 0.9988, -0.0244, 0.0183, -0.0375
15:27:54, 0.97, 29, 1.91, 357.03, 355.90, 0.9989, -0.0265, 0.0157, -0.0353
15:27:54, 1.00, 30, 1.61, 356.84, 355.97, 0.9989, -0.0281, 0.0131, -0.0347
15:27:54, 1.00, 30, 1.36, 356.75, 355.93, 0.9989, -0.0288, 0.0108, -0.0351
15:27:54, 1.00, 30, 1.13, 356.63, 355.79, 0.9989, -0.0298, 0.0087, -0.0364
15:27:54, 1.03, 31, 0.97, 356.52, 355.67, 0.9988, -0.0306, 0.0073, -0.0375
15:27:54, 1.03, 31, 0.76, 356.39, 355.63, 0.9988, -0.0317, 0.0054, -0.0379
15:27:55, 1.07, 32, 0.55, 356.38, 355.56, 0.9987, -0.0318, 0.0036, -0.0385
15:27:55, 1.07, 32, 0.28, 356.50, 355.50, 0.9988, -0.0306, 0.0013, -0.0391
15:27:55, 1.07, 32, 0.05, 356.58, 355.40, 0.9988, -0.0298, -0.0007, -0.0401
15:27:55, 1.10, 33, 359.93, 356.64, 355.25, 0.9987, -0.0292, -0.0018, -0.0414
15:27:55, 1.10, 33, 359.85, 356.68, 355.10, 0.9987, -0.0289, -0.0025, -0.0427
15:27:55, 1.13, 34, 359.76, 356.68, 355.00, 0.9986, -0.0289, -0.0034, -0.0436
15:27:55, 1.13, 34, 359.68, 356.64, 354.92, 0.9986, -0.0292, -0.0041, -0.0443
15:27:55, 1.17, 35, 359.56, 356.67, 354.90, 0.9986, -0.0288, -0.0051, -0.0446
15:27:55, 1.17, 35, 359.43, 356.78, 354.89, 0.9986, -0.0279, -0.0062, -0.0447
15:27:55, 1.17, 35, 359.31, 356.94, 354.89, 0.9986, -0.0264, -0.0072, -0.0448
15:27:55, 1.20, 36, 359.19, 357.17, 354.86, 0.9987, -0.0243, -0.0082, -0.0450
15:27:55, 1.20, 36, 359.13, 357.36, 354.86, 0.9987, -0.0226, -0.0086, -0.0450
15:27:55, 1.23, 37, 359.08, 357.55, 354.80, 0.9987, -0.0210, -0.0090, -0.0455
15:27:55, 1.23, 37, 359.08, 357.66, 354.82, 0.9987, -0.0201, -0.0090, -0.0453
15:27:55, 1.27, 38, 359.04, 357.70, 354.85, 0.9987, -0.0197, -0.0092, -0.0451
15:27:55, 1.27, 38, 358.98, 357.64, 354.89, 0.9987, -0.0202, -0.0098, -0.0447
15:27:55, 1.27, 38, 358.95, 357.45, 354.91, 0.9987, -0.0218, -0.0101, -0.0446
15:27:55, 1.30, 39, 358.86, 357.27, 354.95, 0.9987, -0.0234, -0.0110, -0.0443
15:27:55, 1.30, 39, 358.77, 357.03, 355.00, 0.9986, -0.0254, -0.0119, -0.0439
15:27:55, 1.33, 40, 358.67, 356.83, 355.08, 0.9986, -0.0272, -0.0128, -0.0432
15:27:55, 1.33, 40, 358.55, 356.64, 355.18, 0.9986, -0.0288, -0.0138, -0.0424
15:27:55, 1.33, 40, 358.43, 356.50, 355.25, 0.9986, -0.0299, -0.0149, -0.0419
15:27:55, 1.37, 41, 358.30, 356.39, 355.27, 0.9985, -0.0309, -0.0161, -0.0417
15:27:55, 1.37, 41, 358.18, 356.35, 355.32, 0.9985, -0.0312, -0.0172, -0.0413
15:27:55, 1.40, 42, 358.08, 356.36, 355.32, 0.9985, -0.0311, -0.0180, -0.0413
15:27:55, 1.40, 42, 358.02, 356.45, 355.34, 0.9985, -0.0302, -0.0185, -0.0412
15:27:55, 1.43, 43, 357.97, 356.55, 355.37, 0.9986, -0.0294, -0.0189, -0.0409
15:27:55, 1.43, 43, 357.96, 356.65, 355.43, 0.9986, -0.0285, -0.0189, -0.0403
15:27:55, 1.43, 43, 357.93, 356.79, 355.54, 0.9987, -0.0273, -0.0191, -0.0394
15:27:55, 1.47, 44, 357.87, 356.97, 355.67, 0.9987, -0.0257, -0.0196, -0.0383
15:27:55, 1.47, 44, 357.79, 357.14, 355.82, 0.9988, -0.0242, -0.0202, -0.0369
15:27:55, 1.50, 45, 357.69, 357.29, 355.98, 0.9989, -0.0230, -0.0210, -0.0355
15:27:55, 1.50, 45, 357.59, 357.41, 356.14, 0.9989, -0.0219, -0.0218, -0.0341
15:27:55, 1.50, 45, 357.42, 357.46, 356.31, 0.9990, -0.0214, -0.0232, -0.0326
15:27:55, 1.53, 46, 357.27, 357.48, 356.43, 0.9990, -0.0212, -0.0245, -0.0317
15:27:55, 1.53, 46, 357.18, 357.42, 356.44, 0.9989, -0.0217, -0.0253, -0.0316
15:27:55, 1.57, 47, 357.08, 357.39, 356.44, 0.9989, -0.0220, -0.0261, -0.0316
15:27:55, 1.57, 47, 356.96, 357.34, 356.50, 0.9989, -0.0224, -0.0272, -0.0311
15:27:55, 1.60, 48, 356.86, 357.27, 356.49, 0.9989, -0.0230, -0.0281, -0.0312
15:27:55, 1.60, 48, 356.78, 357.15, 356.45, 0.9988, -0.0240, -0.0289, -0.0316
15:27:55, 1.60, 48, 356.72, 357.04, 356.40, 0.9987, -0.0249, -0.0294, -0.0321
15:27:55, 1.63, 49, 356.70, 356.91, 356.38, 0.9987, -0.0260, -0.0296, -0.0323
15:27:55, 1.63, 49, 356.68, 356.82, 356.33, 0.9987, -0.0268, -0.0298, -0.0328
15:27:55, 1.67, 50, 356.63, 356.71, 356.35, 0.9986, -0.0277, -0.0303, -0.0327
15:27:55, 1.67, 50, 356.59, 356.67, 356.38, 0.9986, -0.0281, -0.0307, -0.0324
15:27:55, 1.67, 50, 356.59, 356.58, 356.33, 0.9986, -0.0288, -0.0307, -0.0329
15:27:55, 1.70, 51, 356.61, 356.45, 356.23, 0.9985, -0.0299, -0.0306, -0.0338
15:27:55, 1.70, 51, 356.67, 356.36, 356.10, 0.9985, -0.0307, -0.0301, -0.0349
15:27:55, 1.73, 52, 356.73, 356.33, 355.99, 0.9984, -0.0310, -0.0296, -0.0358
15:27:55, 1.73, 52, 356.75, 356.28, 355.99, 0.9984, -0.0315, -0.0294, -0.0359
15:27:55, 1.77, 53, 356.76, 356.28, 355.99, 0.9984, -0.0315, -0.0294, -0.0359
15:27:55, 1.77, 53, 356.80, 356.25, 355.90, 0.9984, -0.0317, -0.0290, -0.0366
15:27:55, 1.77, 53, 356.86, 356.17, 355.76, 0.9983, -0.0324, -0.0286, -0.0379
15:27:55, 1.80, 54, 356.96, 356.14, 355.57, 0.9983, -0.0326, -0.0278, -0.0395
15:27:55, 1.80, 54, 357.06, 356.07, 355.42, 0.9983, -0.0332, -0.0270, -0.0408
15:27:55, 1.83, 55, 357.20, 356.04, 355.29, 0.9982, -0.0335, -0.0258, -0.0419
15:27:55, 1.83, 55, 357.30, 356.02, 355.21, 0.9982, -0.0337, -0.0250, -0.0426
15:27:55, 1.83, 55, 357.40, 356.03, 355.13, 0.9982, -0.0337, -0.0241, -0.0432
15:27:55, 1.87, 56, 357.52, 356.00, 355.07, 0.9982, -0.0339, -0.0231, -0.0437
15:27:55, 1.87, 56, 357.63, 355.98, 354.97, 0.9982, -0.0341, -0.0222, -0.0445
15:27:55, 1.90, 57, 357.76, 356.04, 354.84, 0.9982, -0.0336, -0.0211, -0.0457
15:27:55, 1.90, 57, 357.90, 356.14, 354.73, 0.9982, -0.0328, -0.0198, -0.0466
15:27:55, 1.93, 58, 358.03, 356.27, 354.61, 0.9982, -0.0317, -0.0187, -0.0475
15:27:55, 1.93, 58, 358.18, 356.46, 354.52, 0.9982, -0.0301, -0.0173, -0.0483
15:27:55, 1.93, 58, 358.29, 356.68, 354.45, 0.9983, -0.0282, -0.0163, -0.0488
15:27:55, 1.97, 59, 358.41, 356.94, 354.33, 0.9983, -0.0260, -0.0152, -0.0498
15:27:55, 1.97, 59, 358.50, 357.27, 354.20, 0.9983, -0.0231, -0.0143, -0.0509
15:27:55, 2.00, 60, 358.53, 357.57, 354.16, 0.9984, -0.0205, -0.0139, -0.0512
15:27:55, 2.00, 60, 358.54, 357.96, 354.19, 0.9985, -0.0172, -0.0136, -0.0509
15:27:55, 2.00, 60, 358.50, 358.35, 354.24, 0.9985, -0.0137, -0.0138, -0.0504
15:27:55, 2.03, 61, 358.42, 358.81, 354.22, 0.9986, -0.0097, -0.0143, -0.0505
15:27:55, 2.03, 61, 358.23, 359.24, 354.27, 0.9986, -0.0059, -0.0157, -0.0501
15:27:56, 2.07, 62, 358.08, 359.68, 354.33, 0.9986, -0.0020, -0.0169, -0.0495
15:27:56, 2.07, 62, 357.86, 359.98, 354.38, 0.9986, 0.0007, -0.0186, -0.0490
15:27:56, 2.10, 63, 357.56, 0.34, 354.53, 0.9986, 0.0040, -0.0211, -0.0476
15:27:56, 2.10, 63, 357.21, 0.60, 354.73, 0.9986, 0.0064, -0.0241, -0.0458
15:27:56, 2.10, 63, 356.79, 0.78, 354.99, 0.9986, 0.0080, -0.0277, -0.0435
15:27:56, 2.13, 64, 356.36, 0.91, 355.24, 0.9986, 0.0092, -0.0314, -0.0413
15:27:56, 2.13, 64, 355.90, 0.91, 355.49, 0.9986, 0.0093, -0.0354, -0.0390
15:27:56, 2.17, 65, 355.44, 0.83, 355.72, 0.9985, 0.0087, -0.0394, -0.0370
15:27:56, 2.17, 65, 354.90, 0.78, 356.03, 0.9984, 0.0083, -0.0442, -0.0343
15:27:56, 2.17, 65, 354.38, 0.73, 356.36, 0.9983, 0.0080, -0.0488, -0.0314
15:27:56, 2.20, 66, 353.85, 0.78, 356.68, 0.9981, 0.0083, -0.0534, -0.0285
15:27:56, 2.20, 66, 353.30, 0.77, 356.94, 0.9979, 0.0083, -0.0582, -0.0262
15:27:56, 2.23, 67, 352.80, 0.74, 357.23, 0.9977, 0.0079, -0.0626, -0.0237
15:27:56, 2.23, 67, 352.25, 0.78, 357.46, 0.9975, 0.0082, -0.0674, -0.0217
15:27:56, 2.27, 68, 351.81, 0.91, 357.69, 0.9972, 0.0094, -0.0713, -0.0195
15:27:56, 2.27, 68, 351.36, 1.00, 357.84, 0.9970, 0.0101, -0.0752, -0.0181
15:27:56, 2.27, 68, 350.97, 1.19, 358.00, 0.9967, 0.0117, -0.0785, -0.0166
15:27:56, 2.30, 69, 350.56, 1.33, 358.15, 0.9964, 0.0129, -0.0821, -0.0151
15:27:56, 2.30, 69, 350.23, 1.44, 358.26, 0.9962, 0.0138, -0.0850, -0.0140
15:27:56, 2.33, 70, 349.93, 1.59, 358.30, 0.9960, 0.0151, -0.0875, -0.0136
15:27:56, 2.33, 70, 349.75, 1.71, 358.28, 0.9958, 0.0162, -0.0891, -0.0136
15:27:56, 2.37, 71, 349.51, 1.86, 358.25, 0.9956, 0.0175, -0.0911, -0.0137
15:27:56, 2.37, 71, 349.38, 2.04, 358.18, 0.9954, 0.0192, -0.0923, -0.0142
15:27:56, 2.37, 71, 349.23, 2.08, 358.05, 0.9953, 0.0196, -0.0935, -0.0153
15:27:56, 2.40, 72, 349.18, 2.06, 357.88, 0.9952, 0.0196, -0.0939, -0.0167
15:27:56, 2.40, 72, 349.16, 2.05, 357.77, 0.9952, 0.0197, -0.0941, -0.0177
15:27:56, 2.43, 73, 349.20, 2.01, 357.67, 0.9952, 0.0194, -0.0937, -0.0186
15:27:56, 2.43, 73, 349.24, 1.98, 357.57, 0.9953, 0.0192, -0.0933, -0.0195
15:27:56, 2.43, 73, 349.34, 1.94, 357.48, 0.9953, 0.0189, -0.0925, -0.0203
15:27:56, 2.47, 74, 349.46, 1.91, 357.40, 0.9954, 0.0187, -0.0915, -0.0210
15:27:56, 2.47, 74, 349.58, 1.92, 357.33, 0.9955, 0.0188, -0.0904, -0.0217
15:27:56, 2.50, 75, 349.74, 1.94, 357.27, 0.9956, 0.0190, -0.0890, -0.0222
15:27:56, 2.50, 75, 349.91, 1.95, 357.20, 0.9957, 0.0191, -0.0874, -0.0228
15:27:56, 2.53, 76, 350.08, 1.89, 357.12, 0.9958, 0.0186, -0.0860, -0.0236
15:27:56, 2.53, 76, 350.24, 1.82, 357.07, 0.9960, 0.0180, -0.0846, -0.0241
15:27:56, 2.53, 76, 350.43, 1.72, 357.03, 0.9961, 0.0171, -0.0830, -0.0246
15:27:56, 2.57, 77, 350.59, 1.63, 356.99, 0.9962, 0.0163, -0.0816, -0.0250
15:27:56, 2.57, 77, 350.71, 1.52, 356.97, 0.9963, 0.0153, -0.0806, -0.0253
15:27:56, 2.60, 78, 350.82, 1.40, 356.90, 0.9964, 0.0143, -0.0796, -0.0260
15:27:56, 2.60, 78, 350.88, 1.27, 356.83, 0.9964, 0.0133, -0.0791, -0.0267
15:27:56, 2.60, 78, 350.91, 1.23, 356.79, 0.9964, 0.0129, -0.0789, -0.0271
15:27:56, 2.63, 79, 350.91, 1.24, 356.76, 0.9964, 0.0130, -0.0789, -0.0274
15:27:56, 2.63, 79, 350.84, 1.23, 356.80, 0.9964, 0.0130, -0.0795, -0.0270
15:27:56, 2.67, 80, 350.78, 1.27, 356.80, 0.9963, 0.0133, -0.0800, -0.0269
15:27:56, 2.67, 80, 350.71, 1.27, 356.84, 0.9963, 0.0133, -0.0807, -0.0266
15:27:56, 2.67, 80, 350.62, 1.21, 356.83, 0.9962, 0.0128, -0.0815, -0.0267
15:27:56, 2.70, 81, 350.50, 1.18, 356.79, 0.9961, 0.0126, -0.0825, -0.0271
15:27:56, 2.70, 81, 350.42, 1.10, 356.77, 0.9961, 0.0120, -0.0832, -0.0273
15:27:56, 2.73, 82, 350.31, 1.06, 356.75, 0.9960, 0.0116, -0.0842, -0.0275
15:27:56, 2.73, 82, 350.21, 1.01, 356.76, 0.9959, 0.0112, -0.0851, -0.0274
15:27:56, 2.77, 83, 350.11, 1.02, 356.76, 0.9959, 0.0113, -0.0859, -0.0274
15:27:56, 2.77, 83, 350.01, 1.03, 356.75, 0.9958, 0.0114, -0.0868, -0.0275
15:27:56, 2.77, 83, 349.90, 1.05, 356.72, 0.9957, 0.0117, -0.0877, -0.0277
15:27:56, 2.80, 84, 349.81, 1.09, 356.73, 0.9956, 0.0120, -0.0885, -0.0276
15:27:56, 2.80, 84, 349.72, 1.18, 356.73, 0.9955, 0.0128, -0.0893, -0.0275
15:27:56, 2.83, 85, 349.64, 1.23, 356.69, 0.9955, 0.0133, -0.0900, -0.0278
15:27:56, 2.83, 85, 349.56, 1.30, 356.67, 0.9954, 0.0139, -0.0906, -0.0279
15:27:56, 2.83, 85, 349.49, 1.34, 356.68, 0.9953, 0.0143, -0.0912, -0.0278
15:27:56, 2.87, 86, 349.38, 1.41, 356.71, 0.9953, 0.0149, -0.0921, -0.0275
15:27:56, 2.87, 86, 349.27, 1.50, 356.76, 0.9952, 0.0157, -0.0931, -0.0269
15:27:56, 2.90, 87, 349.14, 1.59, 356.81, 0.9951, 0.0165, -0.0942, -0.0264
15:27:56, 2.90, 87, 348.99, 1.71, 356.88, 0.9949, 0.0174, -0.0955, -0.0257
15:27:56, 2.93, 88, 348.82, 1.84, 356.93, 0.9948, 0.0186, -0.0970, -0.0251
15:27:56, 2.93, 88, 348.64, 1.97, 356.98, 0.9946, 0.0197, -0.0985, -0.0245
15:27:56, 2.93, 88, 348.44, 2.12, 357.03, 0.9945, 0.0210, -0.1002, -0.0239
15:27:56, 2.97, 89, 348.23, 2.28, 357.09, 0.9943, 0.0224, -0.1020, -0.0232
15:27:56, 2.97, 89, 348.07, 2.41, 357.10, 0.9941, 0.0236, -0.1033, -0.0230
15:27:56, 3.00, 90, 347.87, 2.53, 357.11, 0.9939, 0.0246, -0.1050, -0.0227
15:27:56, 3.00, 90, 347.70, 2.61, 357.18, 0.9937, 0.0253, -0.1066, -0.0220
15:27:56, 3.00, 90, 347.50, 2.67, 357.20, 0.9936, 0.0258, -0.1082, -0.0218
15:27:56, 3.03, 91, 347.30, 2.72, 357.23, 0.9934, 0.0262, -0.1100, -0.0214
15:27:56, 3.03, 91, 347.07, 2.74, 357.28, 0.9931, 0.0264, -0.1120, -0.0209
15:27:57, 3.07, 92, 346.87, 2.80, 357.30, 0.9929, 0.0270, -0.1137, -0.0206
15:27:57, 3.07, 92, 346.65, 2.87, 357.31, 0.9927, 0.0276, -0.1156, -0.0204
15:27:57, 3.10, 93, 346.50, 2.95, 357.32, 0.9925, 0.0283, -0.1169, -0.0202
15:27:57, 3.10, 93, 346.32, 3.02, 357.32, 0.9923, 0.0289, -0.1184, -0.0201
15:27:57, 3.10, 93, 346.13, 3.04, 357.34, 0.9921, 0.0291, -0.1200, -0.0198
15:27:57, 3.13, 94, 345.97, 3.05, 357.35, 0.9920, 0.0292, -0.1215, -0.0197
15:27:57, 3.13, 94, 345.80, 3.02, 357.36, 0.9918, 0.0290, -0.1229, -0.0196
15:27:57, 3.17, 95, 345.63, 3.00, 357.39, 0.9916, 0.0288, -0.1244, -0.0193
15:27:57, 3.17, 95, 345.45, 2.93, 357.42, 0.9914, 0.0282, -0.1260, -0.0190
15:27:57, 3.17, 95, 345.25, 2.91, 357.49, 0.9912, 0.0280, -0.1277, -0.0184
15:27:57, 3.20, 96, 345.06, 2.86, 357.53, 0.9910, 0.0275, -0.1294, -0.0181
15:27:57, 3.20, 96, 344.88, 2.81, 357.44, 0.9908, 0.0272, -0.1309, -0.0189
15:27:57, 3.23, 97, 344.69, 2.75, 357.37, 0.9906, 0.0268, -0.1326, -0.0196
15:27:57, 3.23, 97, 344.52, 2.74, 357.37, 0.9904, 0.0268, -0.1341, -0.0195
15:27:57, 3.27, 98, 344.33, 2.68, 357.35, 0.9902, 0.0264, -0.1357, -0.0197
15:27:57, 3.27, 98, 344.13, 2.71, 357.37, 0.9900, 0.0266, -0.1375, -0.0194
15:27:57, 3.27, 98, 343.92, 2.69, 357.40, 0.9897, 0.0264, -0.1392, -0.0192
15:27:57, 3.30, 99, 343.71, 2.71, 357.40, 0.9895, 0.0266, -0.1411, -0.0191
15:27:57, 3.30, 99, 343.51, 2.70, 357.38, 0.9892, 0.0266, -0.1428, -0.0193
15:27:57, 3.33, 100, 343.31, 2.73, 357.33, 0.9889, 0.0270, -0.1445, -0.0196
15:27:57, 3.33, 100, 343.06, 2.75, 357.37, 0.9886, 0.0271, -0.1466, -0.0192
15:27:57, 3.33, 100, 342.78, 2.73, 357.45, 0.9883, 0.0269, -0.1491, -0.0184
15:27:57, 3.37, 101, 342.46, 2.83, 357.46, 0.9878, 0.0278, -0.1518, -0.0181
15:27:57, 3.37, 101, 342.10, 2.92, 357.39, 0.9873, 0.0287, -0.1549, -0.0185
15:27:57, 3.40, 102, 341.71, 3.04, 357.31, 0.9868, 0.0299, -0.1582, -0.0190
15:27:57, 3.40, 102, 341.23, 3.15, 357.21, 0.9861, 0.0310, -0.1623, -0.0195
15:27:57, 3.43, 103, 340.81, 3.27, 357.12, 0.9854, 0.0323, -0.1659, -0.0200
15:27:57, 3.43, 103, 340.40, 3.33, 356.99, 0.9848, 0.0331, -0.1694, -0.0209
15:27:57, 3.43, 103, 339.97, 3.31, 356.85, 0.9841, 0.0332, -0.1730, -0.0221
15:27:57, 3.47, 104, 339.57, 3.34, 356.68, 0.9835, 0.0338, -0.1763, -0.0233
15:27:57, 3.47, 104, 339.21, 3.38, 356.61, 0.9829, 0.0343, -0.1794, -0.0238
15:27:57, 3.50, 105, 338.84, 3.45, 356.50, 0.9823, 0.0352, -0.1826, -0.0245
15:27:57, 3.50, 105, 338.44, 3.58, 356.44, 0.9816, 0.0365, -0.1859, -0.0246
15:27:57, 3.50, 105, 338.03, 3.69, 356.40, 0.9809, 0.0376, -0.1894, -0.0247
15:27:57, 3.53, 106, 337.60, 3.76, 356.37, 0.9801, 0.0383, -0.1930, -0.0246
15:27:57, 3.53, 106, 336.92, 3.74, 356.30, 0.9790, 0.0384, -0.1988, -0.0251
15:27:57, 3.57, 107, 335.81, 3.47, 356.14, 0.9770, 0.0367, -0.2084, -0.0266
15:27:57, 3.57, 107, 334.26, 3.30, 355.97, 0.9741, 0.0359, -0.2215, -0.0278
15:27:57, 3.60, 108, 332.34, 3.03, 355.79, 0.9702, 0.0344, -0.2379, -0.0293
15:27:57, 3.60, 108, 330.00, 2.76, 355.55, 0.9652, 0.0333, -0.2576, -0.0312
15:27:57, 3.60, 108, 327.54, 2.44, 355.00, 0.9593, 0.0326, -0.2782, -0.0359
15:27:57, 3.63, 109, 324.87, 2.05, 354.36, 0.9523, 0.0319, -0.3006, -0.0415
15:27:57, 3.63, 109, 322.16, 1.90, 353.76, 0.9447, 0.0333, -0.3228, -0.0462
15:27:57, 3.67, 110, 319.53, 1.83, 353.34, 0.9369, 0.0351, -0.3444, -0.0490
15:27:57, 3.67, 110, 317.13, 1.86, 352.89, 0.9293, 0.0378, -0.3637, -0.0518
15:27:57, 3.67, 110, 314.88, 1.88, 352.51, 0.9218, 0.0402, -0.3818, -0.0540
15:27:57, 3.70, 111, 312.74, 1.74, 352.09, 0.9143, 0.0415, -0.3988, -0.0571
15:27:57, 3.70, 111, 310.80, 1.61, 351.63, 0.9072, 0.0431, -0.4142, -0.0605
15:27:57, 3.73, 112, 308.99, 1.24, 351.24, 0.9002, 0.0426, -0.4286, -0.0643
15:27:57, 3.73, 112, 307.29, 1.04, 351.06, 0.8936, 0.0427, -0.4420, -0.0658
15:27:57, 3.77, 113, 305.76, 0.84, 350.79, 0.8874, 0.0432, -0.4539, -0.0681
15:27:57, 3.77, 113, 304.35, 0.60, 350.52, 0.8816, 0.0432, -0.4648, -0.0706
15:27:57, 3.77, 113, 302.94, 0.33, 350.28, 0.8755, 0.0430, -0.4757, -0.0730
15:27:57, 3.80, 114, 301.56, 0.19, 350.11, 0.8696, 0.0435, -0.4862, -0.0744
15:27:57, 3.80, 114, 300.37, 0.08, 350.03, 0.8644, 0.0438, -0.4953, -0.0750
15:27:57, 3.83, 115, 299.29, 0.06, 349.98, 0.8596, 0.0446, -0.5034, -0.0751
15:27:57, 3.83, 115, 298.38, 359.96, 349.91, 0.8555, 0.0447, -0.5103, -0.0757
15:27:57, 3.83, 115, 297.47, 359.72, 349.87, 0.8513, 0.0437, -0.5171, -0.0768
15:27:57, 3.87, 116, 296.73, 359.53, 349.83, 0.8479, 0.0430, -0.5227, -0.0776
15:27:57, 3.87, 116, 296.04, 359.38, 349.88, 0.8447, 0.0421, -0.5279, -0.0777
15:27:57, 3.90, 117, 295.47, 359.28, 349.91, 0.8420, 0.0416, -0.5322, -0.0777
15:27:57, 3.90, 117, 294.97, 359.19, 349.92, 0.8396, 0.0413, -0.5360, -0.0779
15:27:57, 3.93, 118, 294.46, 359.21, 349.95, 0.8372, 0.0416, -0.5397, -0.0774
15:27:57, 3.93, 118, 294.11, 359.17, 349.93, 0.8356, 0.0417, -0.5423, -0.0775
15:27:57, 3.93, 118, 293.69, 359.20, 349.97, 0.8336, 0.0420, -0.5453, -0.0769
15:27:57, 3.97, 119, 293.43, 359.25, 350.06, 0.8325, 0.0421, -0.5472, -0.0760
15:27:57, 3.97, 119, 293.12, 359.36, 350.19, 0.8311, 0.0425, -0.5495, -0.0745
15:27:57, 4.00, 120, 292.84, 359.39, 350.28, 0.8299, 0.0425, -0.5514, -0.0735
15:27:57, 4.00, 120, 292.53, 359.43, 350.42, 0.8285, 0.0422, -0.5537, -0.0722
15:27:57, 4.03, 121, 292.27, 359.44, 350.50, 0.8273, 0.0421, -0.5556, -0.0715
15:27:57, 4.03, 121, 292.04, 359.44, 350.55, 0.8262, 0.0420, -0.5573, -0.0710
15:27:57, 4.03, 121, 291.81, 359.49, 350.61, 0.8251, 0.0422, -0.5590, -0.0703
15:27:58, 4.07, 122, 291.53, 359.54, 350.73, 0.8238, 0.0422, -0.5610, -0.0691
15:27:58, 4.07, 122, 291.28, 359.59, 350.77, 0.8227, 0.0424, -0.5628, -0.0684
15:27:58, 4.10, 123, 290.96, 359.62, 350.83, 0.8211, 0.0426, -0.5651, -0.0677
15:27:58, 4.10, 123, 290.62, 359.63, 350.86, 0.8195, 0.0427, -0.5675, -0.0673
15:27:58, 4.10, 123, 290.23, 359.69, 350.95, 0.8176, 0.0429, -0.5703, -0.0662
15:27:58, 4.13, 124, 289.84, 359.71, 351.08, 0.8158, 0.0426, -0.5731, -0.0651
15:27:58, 4.13, 124, 289.40, 359.68, 351.13, 0.8136, 0.0424, -0.5763, -0.0647
15:27:58, 4.17, 125, 288.94, 359.63, 351.18, 0.8113, 0.0421, -0.5796, -0.0645
15:27:58, 4.17, 125, 288.41, 359.56, 351.18, 0.8085, 0.0419, -0.5834, -0.0647
15:27:58, 4.20, 126, 287.98, 359.52, 351.20, 0.8064, 0.0417, -0.5864, -0.0645
15:27:58, 4.20, 126, 287.47, 359.54, 351.29, 0.8038, 0.0417, -0.5901, -0.0636
15:27:58, 4.20, 126, 287.03, 359.54, 351.32, 0.8015, 0.0418, -0.5931, -0.0633
15:27:58, 4.23, 127, 286.62, 359.47, 351.44, 0.7994, 0.0409, -0.5961, -0.0626
15:27:58, 4.23, 127, 286.16, 359.37, 351.48, 0.7970, 0.0403, -0.5994, -0.0627
15:27:58, 4.27, 128, 285.78, 359.30, 351.50, 0.7950, 0.0398, -0.6020, -0.0628
15:27:58, 4.27, 128, 285.42, 359.30, 351.57, 0.7932, 0.0397, -0.6045, -0.0622
15:27:58, 4.27, 128, 285.08, 359.30, 351.55, 0.7914, 0.0399, -0.6069, -0.0622
15:27:58, 4.30, 129, 284.79, 359.29, 351.58, 0.7898, 0.0399, -0.6089, -0.0619
15:27:58, 4.30, 129, 284.48, 359.32, 351.64, 0.7882, 0.0400, -0.6111, -0.0612
15:27:58, 4.33, 130, 284.20, 359.28, 351.70, 0.7867, 0.0395, -0.6130, -0.0609
15:27:58, 4.33, 130, 283.96, 359.22, 351.75, 0.7854, 0.0390, -0.6147, -0.0608
15:27:58, 4.37, 131, 283.71, 359.16, 351.81, 0.7841, 0.0384, -0.6165, -0.0607
15:27:58, 4.37, 131, 283.42, 359.14, 351.85, 0.7826, 0.0381, -0.6185, -0.0604
15:27:58, 4.37, 131, 283.16, 359.10, 351.88, 0.7811, 0.0379, -0.6203, -0.0604
15:27:58, 4.40, 132, 282.89, 359.07, 351.94, 0.7797, 0.0375, -0.6221, -0.0600
15:27:58, 4.40, 132, 282.60, 359.08, 351.99, 0.7782, 0.0374, -0.6241, -0.0595
15:27:58, 4.43, 133, 282.34, 359.10, 352.04, 0.7768, 0.0374, -0.6259, -0.0590
15:27:58, 4.43, 133, 282.08, 359.12, 352.10, 0.7754, 0.0373, -0.6277, -0.0584
15:27:58, 4.43, 133, 281.84, 359.16, 352.16, 0.7741, 0.0374, -0.6293, -0.0577
15:27:58, 4.47, 134, 281.63, 359.21, 352.23, 0.7730, 0.0375, -0.6307, -0.0569
15:27:58, 4.47, 134, 281.43, 359.27, 352.33, 0.7720, 0.0374, -0.6321, -0.0558
15:27:58, 4.50, 135, 281.24, 359.33, 352.40, 0.7710, 0.0375, -0.6333, -0.0549
15:27:58, 4.50, 135, 281.08, 359.34, 352.40, 0.7701, 0.0377, -0.6344, -0.0548
15:27:58, 4.50, 135, 280.92, 359.27, 352.41, 0.7692, 0.0372, -0.6356, -0.0551
15:27:58, 4.53, 136, 280.71, 359.21, 352.39, 0.7680, 0.0370, -0.6370, -0.0555
15:27:58, 4.53, 136, 280.50, 359.22, 352.38, 0.7669, 0.0372, -0.6383, -0.0555
15:27:58, 4.57, 137, 280.30, 359.26, 352.40, 0.7657, 0.0375, -0.6397, -0.0550
15:27:58, 4.57, 137, 280.08, 359.37, 352.40, 0.7645, 0.0383, -0.6411, -0.0544
15:27:58, 4.60, 138, 279.88, 359.44, 352.38, 0.7635, 0.0390, -0.6424, -0.0540
15:27:58, 4.60, 138, 279.70, 359.50, 352.36, 0.7625, 0.0396, -0.6436, -0.0537
15:27:58, 4.60, 138, 279.52, 359.57, 352.36, 0.7615, 0.0402, -0.6447, -0.0532
15:27:58, 4.63, 139, 279.35, 359.62, 352.38, 0.7605, 0.0405, -0.6459, -0.0528
15:27:58, 4.63, 139, 279.18, 359.70, 352.43, 0.7596, 0.0408, -0.6470, -0.0519
15:27:58, 4.67, 140, 279.04, 359.76, 352.42, 0.7589, 0.0414, -0.6479, -0.0516
15:27:58, 4.67, 140, 278.92, 359.78, 352.41, 0.7582, 0.0416, -0.6486, -0.0515
15:27:58, 4.67, 140, 278.81, 359.84, 352.44, 0.7576, 0.0419, -0.6494, -0.0510
15:27:58, 4.70, 141, 278.70, 359.90, 352.48, 0.7570, 0.0421, -0.6501, -0.0503
15:27:58, 4.70, 141, 278.60, 359.93, 352.48, 0.7565, 0.0423, -0.6507, -0.0501
15:27:58, 4.73, 142, 278.47, 0.01, 352.51, 0.7558, 0.0427, -0.6515, -0.0494
15:27:58, 4.73, 142, 278.33, 0.14, 352.54, 0.7551, 0.0434, -0.6524, -0.0484
15:27:58, 4.77, 143, 278.20, 0.30, 352.51, 0.7544, 0.0448, -0.6532, -0.0477
15:27:58, 4.77, 143, 278.13, 0.36, 352.36, 0.7539, 0.0461, -0.6536, -0.0483
15:27:58, 4.77, 143, 278.07, 0.33, 352.26, 0.7535, 0.0464, -0.6540, -0.0491
15:27:58, 4.80, 144, 278.05, 0.25, 352.20, 0.7533, 0.0462, -0.6541, -0.0500
15:27:58, 4.80, 144, 278.08, 0.10, 352.13, 0.7534, 0.0456, -0.6540, -0.0513
15:27:58, 4.83, 145, 278.13, 359.96, 352.08, 0.7537, 0.0450, -0.6536, -0.0524
15:27:58, 4.83, 145, 278.24, 359.85, 351.97, 0.7542, 0.0448, -0.6529, -0.0538
15:27:58, 4.83, 145, 278.38, 359.78, 351.91, 0.7549, 0.0446, -0.6521, -0.0546
15:27:58, 4.87, 146, 278.48, 359.77, 351.91, 0.7555, 0.0445, -0.6514, -0.0548
15:27:58, 4.87, 146, 278.57, 359.76, 351.91, 0.7560, 0.0444, -0.6508, -0.0548
15:27:58, 4.90, 147, 278.66, 359.75, 351.93, 0.7565, 0.0442, -0.6502, -0.0548
15:27:58, 4.90, 147, 278.78, 359.78, 351.86, 0.7571, 0.0448, -0.6494, -0.0551
15:27:58, 4.93, 148, 278.93, 359.76, 351.78, 0.7580, 0.0450, -0.6483, -0.0558
15:27:58, 4.93, 148, 279.12, 359.78, 351.68, 0.7590, 0.0456, -0.6471, -0.0564
15:27:58, 4.93, 148, 279.31, 359.81, 351.58, 0.7600, 0.0462, -0.6457, -0.0570
15:27:58, 4.97, 149, 279.52, 359.83, 351.51, 0.7612, 0.0467, -0.6443, -0.0574
15:27:58, 4.97, 149, 279.77, 359.83, 351.44, 0.7625, 0.0470, -0.6426, -0.0580
15:27:58, 5.00, 150, 280.02, 359.89, 351.35, 0.7639, 0.0477, -0.6409, -0.0584
15:27:58, 5.00, 150, 280.30, 359.96, 351.25, 0.7655, 0.0486, -0.6389, -0.0587
15:27:58, 5.00, 150, 280.61, 0.01, 351.14, 0.7671, 0.0494, -0.6368, -0.0593
15:27:58, 5.03, 151, 280.90, 0.14, 351.04, 0.7688, 0.0507, -0.6347, -0.0594
15:27:58, 5.03, 151, 281.27, 0.19, 350.97, 0.7708, 0.0512, -0.6322, -0.0598
15:27:59, 5.07, 152, 281.64, 0.27, 350.89, 0.7728, 0.0520, -0.6296, -0.0601
15:27:59, 5.07, 152, 281.97, 0.34, 350.84, 0.7746, 0.0525, -0.6273, -0.0602
15:27:59, 5.10, 153, 282.35, 0.41, 350.85, 0.7767, 0.0528, -0.6247, -0.0599
15:27:59, 5.10, 153, 282.70, 0.55, 350.86, 0.7787, 0.0534, -0.6223, -0.0592
15:27:59, 5.10, 153, 283.04, 0.65, 350.87, 0.7806, 0.0540, -0.6199, -0.0588
15:27:59, 5.13, 154, 283.39, 0.78, 350.84, 0.7825, 0.0548, -0.6174, -0.0584
15:27:59, 5.13, 154, 283.79, 0.88, 350.88, 0.7847, 0.0551, -0.6147, -0.0578
15:27:59, 5.17, 155, 284.15, 1.01, 350.84, 0.7867, 0.0560, -0.6121, -0.0576
15:27:59, 5.17, 155, 284.54, 1.14, 350.94, 0.7889, 0.0562, -0.6094, -0.0564
15:27:59, 5.17, 155, 284.92, 1.19, 350.90, 0.7909, 0.0566, -0.6067, -0.0566
15:27:59, 5.20, 156, 285.26, 1.31, 350.98, 0.7928, 0.0568, -0.6043, -0.0555
15:27:59, 5.20, 156, 285.63, 1.33, 350.99, 0.7947, 0.0567, -0.6018, -0.0556
15:27:59, 5.23, 157, 286.03, 1.39, 350.99, 0.7968, 0.0569, -0.5989, -0.0555
15:27:59, 5.23, 157, 286.43, 1.45, 351.02, 0.7990, 0.0570, -0.5961, -0.0551
15:27:59, 5.27, 158, 286.84, 1.57, 351.07, 0.8011, 0.0574, -0.5932, -0.0544
15:27:59, 5.27, 158, 287.23, 1.60, 351.12, 0.8032, 0.0571, -0.5905, -0.0541
15:27:59, 5.27, 158, 287.68, 1.63, 351.20, 0.8056, 0.0567, -0.5873, -0.0535
15:27:59, 5.30, 159, 288.05, 1.69, 351.23, 0.8075, 0.0568, -0.5847, -0.0532
15:27:59, 5.30, 159, 288.49, 1.76, 351.30, 0.8098, 0.0567, -0.5816, -0.0526
15:27:59, 5.33, 160, 288.94, 1.80, 351.39, 0.8121, 0.0564, -0.5785, -0.0520
15:27:59, 5.33, 160, 289.43, 1.82, 351.40, 0.8146, 0.0562, -0.5750, -0.0520
15:27:59, 5.33, 160, 289.80, 1.85, 351.46, 0.8165, 0.0560, -0.5723, -0.0516
15:27:59, 5.37, 161, 290.27, 1.92, 351.57, 0.8189, 0.0557, -0.5690, -0.0507
15:27:59, 5.37, 161, 290.72, 1.92, 351.66, 0.8211, 0.0551, -0.5659, -0.0503
15:27:59, 5.40, 162, 291.16, 1.95, 351.73, 0.8233, 0.0548, -0.5627, -0.0499
15:27:59, 5.40, 162, 291.61, 1.97, 351.87, 0.8256, 0.0540, -0.5595, -0.0490
15:27:59, 5.43, 163, 292.03, 1.99, 352.05, 0.8277, 0.0531, -0.5566, -0.0478
15:27:59, 5.43, 163, 292.49, 1.99, 352.11, 0.8300, 0.0526, -0.5532, -0.0476
15:27:59, 5.43, 163, 292.95, 1.99, 352.22, 0.8323, 0.0519, -0.5499, -0.0470
15:27:59, 5.47, 164, 293.44, 2.00, 352.24, 0.8346, 0.0517, -0.5464, -0.0470
15:27:59, 5.47, 164, 293.93, 1.99, 352.19, 0.8369, 0.0516, -0.5428, -0.0476
15:27:59, 5.50, 165, 294.41, 1.91, 352.17, 0.8391, 0.0509, -0.5393, -0.0483
15:27:59, 5.50, 165, 294.90, 2.00, 352.24, 0.8415, 0.0511, -0.5358, -0.0477
15:27:59, 5.53, 166, 295.42, 2.02, 352.18, 0.8439, 0.0513, -0.5318, -0.0483
15:27:59, 5.53, 166, 295.93, 2.12, 352.19, 0.8463, 0.0518, -0.5280, -0.0479
15:27:59, 5.53, 166, 296.47, 2.14, 352.19, 0.8488, 0.0517, -0.5240, -0.0481
15:27:59, 5.57, 167, 297.03, 2.20, 352.14, 0.8513, 0.0521, -0.5198, -0.0484
15:27:59, 5.57, 167, 297.58, 2.24, 352.12, 0.8538, 0.0522, -0.5157, -0.0487
15:27:59, 5.60, 168, 298.20, 2.30, 352.15, 0.8566, 0.0524, -0.5111, -0.0485
15:27:59, 5.60, 168, 298.76, 2.38, 352.10, 0.8591, 0.0529, -0.5068, -0.0487
15:27:59, 5.60, 168, 299.31, 2.41, 352.07, 0.8615, 0.0531, -0.5026, -0.0491
15:27:59, 5.63, 169, 299.87, 2.42, 352.06, 0.8639, 0.0529, -0.4984, -0.0493
15:27:59, 5.63, 169, 300.45, 2.43, 352.07, 0.8664, 0.0527, -0.4941, -0.0495
15:27:59, 5.67, 170, 300.94, 2.43, 352.10, 0.8686, 0.0524, -0.4903, -0.0495
15:27:59, 5.67, 170, 301.46, 2.43, 352.07, 0.8707, 0.0522, -0.4864, -0.0500
15:27:59, 5.70, 171, 302.03, 2.43, 352.05, 0.8732, 0.0521, -0.4820, -0.0503
15:27:59, 5.70, 171, 302.53, 2.46, 352.02, 0.8753, 0.0523, -0.4782, -0.0507
15:27:59, 5.70, 171, 303.05, 2.45, 351.97, 0.8774, 0.0521, -0.4742, -0.0514
15:27:59, 5.73, 172, 303.53, 2.40, 351.99, 0.8794, 0.0514, -0.4705, -0.0516
15:27:59, 5.73, 172, 304.05, 2.46, 352.02, 0.8815, 0.0516, -0.4665, -0.0514
15:27:59, 5.77, 173, 304.54, 2.45, 352.04, 0.8835, 0.0512, -0.4628, -0.0515
15:27:59, 5.77, 173, 304.95, 2.54, 352.12, 0.8852, 0.0513, -0.4595, -0.0507
15:27:59, 5.77, 173, 305.40, 2.54, 352.16, 0.8870, 0.0510, -0.4561, -0.0506
15:27:59, 5.80, 174, 305.87, 2.62, 352.23, 0.8889, 0.0511, -0.4525, -0.0499
15:27:59, 5.80, 174, 306.37, 2.65, 352.36, 0.8909, 0.0506, -0.4486, -0.0490
15:27:59, 5.83, 175, 306.81, 2.64, 352.35, 0.8927, 0.0504, -0.4452, -0.0493
15:27:59, 5.83, 175, 307.27, 2.65, 352.44, 0.8945, 0.0499, -0.4417, -0.0488
15:27:59, 5.87, 176, 307.70, 2.58, 352.56, 0.8962, 0.0488, -0.4383, -0.0483
15:27:59, 5.87, 176, 308.22, 2.61, 352.60, 0.8982, 0.0486, -0.4343, -0.0482
15:27:59, 5.87, 176, 308.72, 2.59, 352.63, 0.9000, 0.0481, -0.4304, -0.0482
15:27:59, 5.90, 177, 309.20, 2.53, 352.65, 0.9019, 0.0474, -0.4266, -0.0484
15:27:59, 5.90, 177, 309.63, 2.45, 352.72, 0.9035, 0.0463, -0.4233, -0.0484
15:27:59, 5.93, 178, 310.13, 2.45, 352.74, 0.9053, 0.0461, -0.4195, -0.0484
15:27:59, 5.93, 178, 310.53, 2.42, 352.73, 0.9068, 0.0457, -0.4162, -0.0488
15:27:59, 5.93, 178, 310.97, 2.43, 352.81, 0.9084, 0.0453, -0.4128, -0.0483
15:27:59, 5.97, 179, 311.46, 2.48, 352.83, 0.9102, 0.0454, -0.4089, -0.0481
15:27:59, 5.97, 179, 311.84, 2.45, 352.84, 0.9115, 0.0449, -0.4059, -0.0483
15:27:59, 6.00, 180, 312.31, 2.42, 352.87, 0.9132, 0.0444, -0.4022, -0.0483
15:27:59, 6.00, 180, 312.79, 2.42, 352.84, 0.9149, 0.0443, -0.3983, -0.0487
15:27:59, 6.00, 180, 313.28, 2.35, 352.87, 0.9166, 0.0435, -0.3945, -0.0489
15:27:59, 6.03, 181, 313.70, 2.35, 352.88, 0.9180, 0.0432, -0.3911, -0.0490
15:27:59, 6.03, 181, 314.20, 2.37, 352.90, 0.9197, 0.0431, -0.3871, -0.0490
15:28:00, 6.07, 182, 314.64, 2.32, 352.89, 0.9212, 0.0425, -0.3836, -0.0494
15:28:00, 6.07, 182, 315.12, 2.37, 352.96, 0.9228, 0.0425, -0.3797, -0.0488
15:28:00, 6.10, 183, 315.60, 2.43, 353.02, 0.9244, 0.0426, -0.3758, -0.0484
15:28:00, 6.10, 183, 316.10, 2.48, 353.07, 0.9261, 0.0426, -0.3718, -0.0480
15:28:00, 6.10, 183, 316.60, 2.56, 353.04, 0.9277, 0.0432, -0.3677, -0.0481
15:28:00, 6.13, 184, 317.28, 2.61, 352.88, 0.9298, 0.0438, -0.3621, -0.0496
15:28:00, 6.13, 184, 318.14, 2.71, 352.63, 0.9324, 0.0450, -0.3550, -0.0516
15:28:00, 6.17, 185, 319.12, 2.92, 352.50, 0.9353, 0.0467, -0.3468, -0.0524
15:28:00, 6.17, 185, 320.17, 3.16, 352.37, 0.9384, 0.0485, -0.3380, -0.0532
15:28:00, 6.17, 185, 321.32, 3.46, 352.35, 0.9417, 0.0505, -0.3284, -0.0530
15:28:00, 6.20, 186, 322.56, 3.65, 352.40, 0.9452, 0.0513, -0.3181, -0.0525
15:28:00, 6.20, 186, 323.80, 3.80, 352.47, 0.9486, 0.0518, -0.3077, -0.0521
15:28:00, 6.23, 187, 325.08, 3.97, 352.62, 0.9520, 0.0523, -0.2971, -0.0510
15:28:00, 6.23, 187, 326.46, 4.13, 352.76, 0.9556, 0.0526, -0.2856, -0.0500
15:28:00, 6.27, 188, 327.80, 4.31, 352.92, 0.9589, 0.0531, -0.2744, -0.0489
15:28:00, 6.27, 188, 329.31, 4.52, 353.17, 0.9625, 0.0537, -0.2617, -0.0469
15:28:00, 6.27, 188, 330.82, 4.75, 353.32, 0.9659, 0.0547, -0.2490, -0.0459
15:28:00, 6.30, 189, 332.47, 4.95, 353.62, 0.9694, 0.0551, -0.2350, -0.0438
15:28:00, 6.30, 189, 334.30, 5.13, 353.90, 0.9731, 0.0554, -0.2196, -0.0419
15:28:00, 6.33, 190, 336.23, 5.29, 354.21, 0.9767, 0.0555, -0.2032, -0.0399
15:28:00, 6.33, 190, 338.49, 5.44, 354.39, 0.9806, 0.0557, -0.1839, -0.0392
15:28:00, 6.33, 190, 341.11, 5.57, 354.74, 0.9846, 0.0554, -0.1615, -0.0372
15:28:00, 6.37, 191, 343.98, 5.77, 355.15, 0.9884, 0.0557, -0.1369, -0.0349
15:28:00, 6.37, 191, 347.06, 6.01, 355.56, 0.9918, 0.0564, -0.1104, -0.0325
15:28:00, 6.40, 192, 350.48, 6.37, 356.15, 0.9946, 0.0582, -0.0809, -0.0288
15:28:00, 6.40, 192, 353.86, 6.72, 356.98, 0.9966, 0.0599, -0.0519, -0.0232
15:28:00, 6.43, 193, 357.06, 7.07, 357.88, 0.9976, 0.0621, -0.0245, -0.0168
15:28:00, 6.43, 193, 0.19, 7.28, 358.76, 0.9979, 0.0634, 0.0023, -0.0109
15:28:00, 6.43, 193, 3.25, 7.19, 359.44, 0.9976, 0.0625, 0.0286, -0.0066
15:28:00, 6.47, 194, 6.15, 6.97, 0.01, 0.9967, 0.0607, 0.0535, -0.0031
15:28:00, 6.47, 194, 8.99, 6.61, 0.63, 0.9953, 0.0579, 0.0779, 0.0009
15:28:00, 6.50, 195, 11.71, 6.36, 1.18, 0.9933, 0.0562, 0.1013, 0.0046
15:28:00, 6.50, 195, 14.28, 6.13, 1.63, 0.9908, 0.0549, 0.1233, 0.0075
15:28:00, 6.50, 195, 16.66, 5.70, 2.00, 0.9882, 0.0517, 0.1439, 0.0100
15:28:00, 6.53, 196, 18.89, 5.08, 2.27, 0.9854, 0.0470, 0.1630, 0.0122
15:28:00, 6.53, 196, 20.92, 4.56, 2.46, 0.9825, 0.0430, 0.1805, 0.0138
15:28:00, 6.57, 197, 22.72, 4.00, 2.54, 0.9797, 0.0386, 0.1961, 0.0149
15:28:00, 6.57, 197, 24.37, 3.57, 2.54, 0.9769, 0.0351, 0.2102, 0.0151
15:28:00, 6.60, 198, 25.85, 3.18, 2.61, 0.9742, 0.0321, 0.2229, 0.0159
15:28:00, 6.60, 198, 27.28, 2.62, 2.54, 0.9714, 0.0274, 0.2352, 0.0162
15:28:00, 6.60, 198, 28.57, 2.11, 2.61, 0.9688, 0.0235, 0.2462, 0.0175
15:28:00, 6.63, 199, 29.72, 1.65, 2.62, 0.9663, 0.0198, 0.2561, 0.0184
15:28:00, 6.63, 199, 30.80, 1.18, 2.54, 0.9639, 0.0158, 0.2653, 0.0186
15:28:00, 6.67, 200, 31.71, 0.89, 2.52, 0.9618, 0.0134, 0.2729, 0.0190
15:28:00, 6.67, 200, 32.48, 0.63, 2.54, 0.9599, 0.0114, 0.2794, 0.0197
15:28:00, 6.67, 200, 33.24, 0.41, 2.50, 0.9580, 0.0096, 0.2858, 0.0199
15:28:00, 6.70, 201, 33.85, 0.36, 2.46, 0.9565, 0.0093, 0.2910, 0.0196
15:28:00, 6.70, 201, 34.48, 0.32, 2.33, 0.9549, 0.0087, 0.2963, 0.0186
15:28:00, 6.73, 202, 34.96, 0.43, 2.25, 0.9536, 0.0095, 0.3003, 0.0176
15:28:00, 6.73, 202, 35.44, 0.55, 2.17, 0.9524, 0.0104, 0.3043, 0.0166
15:28:00, 6.77, 203, 35.94, 0.68, 2.14, 0.9511, 0.0114, 0.3084, 0.0160
15:28:00, 6.77, 203, 36.31, 0.71, 2.01, 0.9501, 0.0113, 0.3114, 0.0148
15:28:00, 6.77, 203, 36.73, 0.59, 1.78, 0.9490, 0.0098, 0.3149, 0.0131
15:28:00, 6.80, 204, 37.11, 0.44, 1.53, 0.9480, 0.0079, 0.3181, 0.0115
15:28:00, 6.80, 204, 37.51, 0.32, 1.43, 0.9468, 0.0067, 0.3215, 0.0109
15:28:00, 6.83, 205, 37.81, 0.14, 1.40, 0.9460, 0.0051, 0.3240, 0.0112
15:28:00, 6.83, 205, 38.07, 359.98, 1.42, 0.9452, 0.0039, 0.3261, 0.0118
15:28:00, 6.83, 205, 38.35, 359.72, 1.35, 0.9444, 0.0016, 0.3285, 0.0119
15:28:00, 6.87, 206, 38.60, 359.53, 1.24, 0.9437, -0.0003, 0.3305, 0.0116
15:28:00, 6.87, 206, 38.83, 359.43, 1.17, 0.9431, -0.0013, 0.3325, 0.0113
15:28:00, 6.90, 207, 39.12, 359.39, 1.11, 0.9422, -0.0018, 0.3348, 0.0109
15:28:00, 6.90, 207, 39.40, 359.32, 1.12, 0.9414, -0.0023, 0.3371, 0.0112
15:28:00, 6.93, 208, 39.65, 359.26, 1.05, 0.9407, -0.0030, 0.3392, 0.0108
15:28:00, 6.93, 208, 39.96, 359.25, 1.03, 0.9397, -0.0031, 0.3417, 0.0106
15:28:00, 6.93, 208, 40.27, 359.22, 0.96, 0.9388, -0.0035, 0.3443, 0.0102
15:28:00, 6.97, 209, 40.61, 359.30, 0.93, 0.9378, -0.0029, 0.3471, 0.0097
15:28:00, 6.97, 209, 40.96, 359.36, 0.91, 0.9367, -0.0024, 0.3499, 0.0094
15:28:00, 7.00, 210, 41.37, 359.38, 0.85, 0.9355, -0.0025, 0.3533, 0.0089
15:28:00, 7.00, 210, 41.80, 359.41, 0.84, 0.9341, -0.0022, 0.3568, 0.0087
15:28:00, 7.00, 210, 42.24, 359.34, 0.82, 0.9328, -0.0028, 0.3604, 0.0088
15:28:00, 7.03, 211, 42.68, 359.34, 0.76, 0.9314, -0.0029, 0.3639, 0.0083
15:28:00, 7.03, 211, 43.03, 359.34, 0.75, 0.9303, -0.0029, 0.3667, 0.0082
15:28:01, 7.07, 212, 43.38, 359.35, 0.65, 0.9292, -0.0032, 0.3696, 0.0073
15:28:01, 7.07, 212, 43.68, 359.39, 0.58, 0.9282, -0.0031, 0.3720, 0.0067
15:28:01, 7.10, 213, 43.97, 359.33, 0.51, 0.9273, -0.0037, 0.3744, 0.0063
15:28:01, 7.10, 213, 44.25, 359.22, 0.33, 0.9263, -0.0053, 0.3766, 0.0052
15:28:01, 7.10, 213, 44.50, 359.11, 0.17, 0.9255, -0.0066, 0.3787, 0.0043
15:28:01, 7.13, 214, 44.67, 359.00, 0.07, 0.9249, -0.0079, 0.3800, 0.0039
15:28:01, 7.13, 214, 44.77, 358.83, 359.95, 0.9246, -0.0096, 0.3808, 0.0035
15:28:01, 7.17, 215, 44.82, 358.60, 359.80, 0.9244, -0.0120, 0.3811, 0.0030
15:28:01, 7.17, 215, 44.83, 358.28, 359.59, 0.9244, -0.0152, 0.3812, 0.0024
15:28:01, 7.17, 215, 44.78, 358.04, 359.46, 0.9245, -0.0176, 0.3808, 0.0022
15:28:01, 7.20, 216, 44.62, 357.88, 359.35, 0.9250, -0.0192, 0.3794, 0.0017
15:28:01, 7.20, 216, 44.27, 357.75, 359.18, 0.9261, -0.0209, 0.3766, 0.0008
15:28:01, 7.23, 217, 43.76, 357.69, 358.90, 0.9278, -0.0223, 0.3724, -0.0014
15:28:01, 7.23, 217, 43.09, 357.72, 358.53, 0.9299, -0.0232, 0.3669, -0.0046
15:28:01, 7.27, 218, 42.26, 357.89, 358.11, 0.9326, -0.0232, 0.3601, -0.0087
15:28:01, 7.27, 218, 41.27, 358.15, 357.64, 0.9356, -0.0224, 0.3520, -0.0136
15:28:01, 7.27, 218, 40.28, 358.41, 357.18, 0.9386, -0.0215, 0.3439, -0.0183
15:28:01, 7.30, 219, 39.34, 358.46, 356.86, 0.9413, -0.0219, 0.3361, -0.0213
15:28:01, 7.30, 219, 38.46, 358.32, 356.61, 0.9438, -0.0236, 0.3288, -0.0231
15:28:01, 7.33, 220, 37.71, 358.10, 356.47, 0.9459, -0.0257, 0.3225, -0.0238
15:28:01, 7.33, 220, 37.10, 357.78, 356.25, 0.9476, -0.0287, 0.3173, -0.0248
15:28:01, 7.33, 220, 36.63, 357.55, 356.08, 0.9488, -0.0310, 0.3133, -0.0258
15:28:01, 7.37, 221, 36.23, 357.37, 355.93, 0.9498, -0.0328, 0.3099, -0.0266
15:28:01, 7.37, 221, 35.90, 357.31, 355.80, 0.9507, -0.0336, 0.3071, -0.0276
15:28:01, 7.40, 222, 35.51, 357.35, 355.74, 0.9517, -0.0333, 0.3039, -0.0283
15:28:01, 7.40, 222, 35.02, 357.43, 355.69, 0.9530, -0.0326, 0.2998, -0.0291
15:28:01, 7.43, 223, 34.56, 357.44, 355.66, 0.9542, -0.0325, 0.2959, -0.0295
15:28:01, 7.43, 223, 34.11, 357.38, 355.64, 0.9553, -0.0330, 0.2922, -0.0297
15:28:01, 7.43, 223, 33.69, 357.30, 355.56, 0.9564, -0.0338, 0.2886, -0.0303
15:28:01, 7.47, 224, 33.30, 357.11, 355.53, 0.9573, -0.0353, 0.2853, -0.0301
15:28:01, 7.47, 224, 32.90, 357.11, 355.47, 0.9583, -0.0354, 0.2819, -0.0307
15:28:01, 7.50, 225, 32.43, 357.14, 355.41, 0.9594, -0.0351, 0.2780, -0.0314
15:28:01, 7.50, 225, 32.01, 357.14, 355.35, 0.9604, -0.0352, 0.2745, -0.0321
15:28:01, 7.50, 225, 31.62, 357.10, 355.28, 0.9613, -0.0356, 0.2711, -0.0327
15:28:01, 7.53, 226, 31.28, 356.99, 355.23, 0.9621, -0.0365, 0.2682, -0.0330
15:28:01, 7.53, 226, 30.95, 356.93, 355.14, 0.9628, -0.0371, 0.2654, -0.0337
15:28:01, 7.57, 227, 30.62, 356.88, 355.13, 0.9636, -0.0375, 0.2626, -0.0338
15:28:01, 7.57, 227, 30.28, 356.89, 355.11, 0.9644, -0.0373, 0.2597, -0.0341
15:28:01, 7.60, 228, 29.88, 356.84, 355.11, 0.9652, -0.0376, 0.2564, -0.0341
15:28:01, 7.60, 228, 29.53, 356.82, 355.03, 0.9660, -0.0378, 0.2533, -0.0348
15:28:01, 7.60, 228, 29.14, 356.78, 354.96, 0.9668, -0.0382, 0.2500, -0.0355
15:28:01, 7.63, 229, 28.75, 356.74, 354.93, 0.9677, -0.0385, 0.2467, -0.0358
15:28:01, 7.63, 229, 28.29, 356.71, 354.93, 0.9686, -0.0386, 0.2428, -0.0359
15:28:01, 7.67, 230, 27.74, 356.68, 354.95, 0.9698, -0.0386, 0.2382, -0.0358
15:28:01, 7.67, 230, 27.20, 356.64, 354.91, 0.9709, -0.0389, 0.2335, -0.0362
15:28:01, 7.67, 230, 26.51, 356.67, 354.87, 0.9723, -0.0385, 0.2277, -0.0369
15:28:01, 7.70, 231, 25.86, 356.68, 354.78, 0.9735, -0.0384, 0.2222, -0.0379
15:28:01, 7.70, 231, 25.12, 356.69, 354.85, 0.9750, -0.0379, 0.2158, -0.0375
15:28:01, 7.73, 232, 24.29, 356.69, 354.85, 0.9765, -0.0377, 0.2088, -0.0378
15:28:01, 7.73, 232, 23.38, 356.69, 354.80, 0.9781, -0.0374, 0.2011, -0.0385
15:28:01, 7.77, 233, 22.32, 356.69, 354.94, 0.9800, -0.0368, 0.1920, -0.0377
15:28:01, 7.77, 233, 21.10, 356.70, 355.27, 0.9821, -0.0359, 0.1817, -0.0352
15:28:01, 7.77, 233, 19.54, 356.78, 355.69, 0.9846, -0.0340, 0.1684, -0.0323
15:28:01, 7.80, 234, 17.60, 356.61, 356.08, 0.9874, -0.0344, 0.1518, -0.0293
15:28:01, 7.80, 234, 15.15, 356.29, 356.23, 0.9904, -0.0364, 0.1306, -0.0283
15:28:01, 7.83, 235, 12.38, 355.99, 356.18, 0.9931, -0.0384, 0.1065, -0.0293
15:28:01, 7.83, 235, 9.38, 355.82, 356.03, 0.9955, -0.0392, 0.0804, -0.0315
15:28:01, 7.83, 235, 6.49, 355.66, 355.91, 0.9971, -0.0398, 0.0552, -0.0335
15:28:01, 7.87, 236, 3.70, 355.75, 355.94, 0.9982, -0.0382, 0.0309, -0.0342
15:28:01, 7.87, 236, 0.98, 355.86, 356.04, 0.9987, -0.0364, 0.0073, -0.0343
15:28:01, 7.90, 237, 358.38, 356.04, 356.16, 0.9987, -0.0341, -0.0153, -0.0339
15:28:01, 7.90, 237, 355.99, 356.29, 356.27, 0.9983, -0.0312, -0.0360, -0.0336
15:28:01, 7.93, 238, 353.82, 356.47, 356.45, 0.9975, -0.0290, -0.0548, -0.0326
15:28:01, 7.93, 238, 351.78, 356.71, 356.62, 0.9965, -0.0265, -0.0725, -0.0314
15:28:01, 7.93, 238, 349.96, 356.87, 356.79, 0.9953, -0.0247, -0.0882, -0.0303
15:28:01, 7.97, 239, 348.33, 356.89, 356.99, 0.9940, -0.0243, -0.1023, -0.0289
15:28:01, 7.97, 239, 346.92, 356.91, 357.25, 0.9928, -0.0240, -0.1145, -0.0269
15:28:01, 8.00, 240, 345.77, 356.95, 357.52, 0.9916, -0.0237, -0.1244, -0.0248
15:28:01, 8.00, 240, 344.77, 357.04, 357.82, 0.9906, -0.0231, -0.1329, -0.0223
15:28:01, 8.00, 240, 343.82, 357.24, 357.98, 0.9895, -0.0214, -0.1411, -0.0208
15:28:01, 8.03, 241, 343.17, 357.35, 358.21, 0.9888, -0.0206, -0.1466, -0.0188
15:28:01, 8.03, 241, 342.58, 357.36, 358.45, 0.9881, -0.0208, -0.1517, -0.0169
15:28:02, 8.07, 242, 342.15, 357.37, 358.58, 0.9875, -0.0208, -0.1554, -0.0158
15:28:02, 8.07, 242, 341.88, 357.51, 358.72, 0.9872, -0.0197, -0.1576, -0.0145
15:28:02, 8.10, 243, 341.72, 357.60, 358.89, 0.9870, -0.0191, -0.1590, -0.0128
15:28:02, 8.10, 243, 341.61, 357.72, 359.08, 0.9869, -0.0184, -0.1599, -0.0111
15:28:02, 8.10, 243, 341.62, 357.78, 359.15, 0.9869, -0.0179, -0.1598, -0.0104
15:28:02, 8.13, 244, 341.68, 357.78, 359.21, 0.9870, -0.0180, -0.1593, -0.0099
15:28:02, 8.13, 244, 341.76, 357.77, 359.19, 0.9871, -0.0181, -0.1586, -0.0100
15:28:02, 8.17, 245, 341.93, 357.75, 359.18, 0.9874, -0.0183, -0.1571, -0.0101
15:28:02, 8.17, 245, 342.11, 357.73, 359.19, 0.9876, -0.0185, -0.1556, -0.0101
15:28:02, 8.17, 245, 342.35, 357.69, 359.24, 0.9879, -0.0189, -0.1535, -0.0096
15:28:02, 8.20, 246, 342.58, 357.63, 359.31, 0.9882, -0.0195, -0.1515, -0.0091
15:28:02, 8.20, 246, 342.85, 357.58, 359.37, 0.9886, -0.0200, -0.1492, -0.0085
15:28:02, 8.23, 247, 343.13, 357.55, 359.40, 0.9889, -0.0204, -0.1467, -0.0083
15:28:02, 8.23, 247, 343.38, 357.50, 359.45, 0.9892, -0.0209, -0.1446, -0.0079
15:28:02, 8.27, 248, 343.61, 357.48, 359.46, 0.9895, -0.0211, -0.1426, -0.0078
15:28:02, 8.27, 248, 343.85, 357.46, 359.47, 0.9898, -0.0213, -0.1406, -0.0077
15:28:02, 8.27, 248, 344.07, 357.41, 359.52, 0.9901, -0.0218, -0.1386, -0.0073
15:28:02, 8.30, 249, 344.29, 357.34, 359.54, 0.9903, -0.0224, -0.1367, -0.0071
15:28:02, 8.30, 249, 344.46, 357.29, 359.54, 0.9905, -0.0229, -0.1353, -0.0072
15:28:02, 8.33, 250, 344.62, 357.32, 359.55, 0.9907, -0.0227, -0.1338, -0.0070
15:28:02, 8.33, 250, 344.76, 357.33, 359.57, 0.9909, -0.0226, -0.1327, -0.0069
15:28:02, 8.33, 250, 344.85, 357.32, 359.58, 0.9910, -0.0227, -0.1319, -0.0067
15:28:02, 8.37, 251, 344.92, 357.27, 359.53, 0.9911, -0.0230, -0.1313, -0.0072
15:28:02, 8.37, 251, 344.96, 357.21, 359.50, 0.9911, -0.0235, -0.1309, -0.0075
15:28:02, 8.40, 252, 344.97, 357.19, 359.47, 0.9911, -0.0237, -0.1308, -0.0078
15:28:02, 8.40, 252, 344.96, 357.17, 359.40, 0.9911, -0.0238, -0.1310, -0.0084
15:28:02, 8.43, 253, 344.92, 357.14, 359.33, 0.9910, -0.0240, -0.1313, -0.0091
15:28:02, 8.43, 253, 344.87, 357.13, 359.29, 0.9909, -0.0240, -0.1317, -0.0094
15:28:02, 8.43, 253, 344.82, 357.08, 359.23, 0.9909, -0.0244, -0.1322, -0.0100
15:28:02, 8.47, 254, 344.74, 357.07, 359.16, 0.9908, -0.0244, -0.1329, -0.0107
15:28:02, 8.47, 254, 344.64, 357.03, 359.10, 0.9906, -0.0246, -0.1338, -0.0112
15:28:02, 8.50, 255, 344.56, 357.00, 359.02, 0.9905, -0.0248, -0.1345, -0.0120
15:28:02, 8.50, 255, 344.48, 356.95, 358.94, 0.9904, -0.0251, -0.1352, -0.0127
15:28:02, 8.50, 255, 344.36, 356.88, 358.85, 0.9902, -0.0256, -0.1363, -0.0136
15:28:02, 8.53, 256, 344.24, 356.78, 358.78, 0.9901, -0.0264, -0.1373, -0.0144
15:28:02, 8.53, 256, 344.10, 356.71, 358.68, 0.9899, -0.0269, -0.1386, -0.0154
15:28:02, 8.57, 257, 343.89, 356.61, 358.60, 0.9896, -0.0276, -0.1404, -0.0162
15:28:02, 8.57, 257, 343.56, 356.49, 358.61, 0.9891, -0.0285, -0.1432, -0.0163
15:28:02, 8.60, 258, 343.00, 356.36, 358.66, 0.9884, -0.0297, -0.1481, -0.0162
15:28:02, 8.60, 258, 342.02, 356.13, 358.60, 0.9870, -0.0314, -0.1566, -0.0174
15:28:02, 8.60, 258, 340.75, 355.87, 358.56, 0.9851, -0.0335, -0.1675, -0.0184
15:28:02, 8.63, 259, 339.01, 355.37, 358.47, 0.9823, -0.0373, -0.1825, -0.0205
15:28:02, 8.63, 259, 336.90, 354.88, 358.34, 0.9785, -0.0409, -0.2006, -0.0232
15:28:02, 8.67, 260, 334.65, 354.48, 358.22, 0.9742, -0.0435, -0.2199, -0.0257
15:28:02, 8.67, 260, 332.42, 353.97, 357.97, 0.9695, -0.0469, -0.2389, -0.0297
15:28:02, 8.67, 260, 330.11, 353.49, 357.70, 0.9641, -0.0497, -0.2585, -0.0340
15:28:02, 8.70, 261, 328.04, 353.02, 357.55, 0.9590, -0.0526, -0.2760, -0.0373
15:28:02, 8.70, 261, 326.14, 352.63, 357.58, 0.9541, -0.0553, -0.2918, -0.0388
15:28:02, 8.73, 262, 324.36, 352.35, 357.64, 0.9493, -0.0572, -0.3066, -0.0400
15:28:02, 8.73, 262, 322.89, 352.15, 357.72, 0.9452, -0.0585, -0.3187, -0.0406
15:28:02, 8.77, 263, 321.53, 351.94, 357.83, 0.9412, -0.0601, -0.3298, -0.0410
15:28:02, 8.77, 263, 320.44, 351.73, 357.96, 0.9380, -0.0618, -0.3386, -0.0411
15:28:02, 8.77, 263, 319.55, 351.64, 358.01, 0.9353, -0.0624, -0.3459, -0.0415
15:28:02, 8.80, 264, 318.87, 351.47, 358.16, 0.9331, -0.0640, -0.3514, -0.0411
15:28:02, 8.80, 264, 318.39, 351.47, 358.30, 0.9317, -0.0642, -0.3552, -0.0402
15:28:02, 8.83, 265, 318.07, 351.52, 358.48, 0.9308, -0.0643, -0.3577, -0.0388
15:28:02, 8.83, 265, 317.93, 351.58, 358.67, 0.9305, -0.0644, -0.3588, -0.0372
15:28:02, 8.87, 266, 317.86, 351.60, 358.83, 0.9303, -0.0647, -0.3592, -0.0359
15:28:02, 8.87, 266, 317.85, 351.65, 358.94, 0.9303, -0.0646, -0.3593, -0.0348
15:28:02, 8.87, 266, 317.96, 351.73, 359.08, 0.9308, -0.0645, -0.3583, -0.0333
15:28:02, 8.90, 267, 318.08, 351.75, 359.17, 0.9312, -0.0646, -0.3572, -0.0325
15:28:02, 8.90, 267, 318.26, 351.81, 359.27, 0.9318, -0.0645, -0.3557, -0.0313
15:28:02, 8.93, 268, 318.39, 351.86, 359.33, 0.9323, -0.0643, -0.3547, -0.0307
15:28:02, 8.93, 268, 318.57, 351.90, 359.35, 0.9329, -0.0640, -0.3532, -0.0303
15:28:02, 8.93, 268, 318.67, 351.91, 359.40, 0.9332, -0.0642, -0.3524, -0.0298
15:28:02, 8.97, 269, 318.75, 351.97, 359.42, 0.9335, -0.0638, -0.3517, -0.0294
15:28:02, 8.97, 269, 318.82, 352.04, 359.46, 0.9337, -0.0633, -0.3511, -0.0288
15:28:02, 9.00, 270, 318.85, 352.06, 359.45, 0.9338, -0.0631, -0.3509, -0.0288
15:28:02, 9.00, 270, 318.91, 352.05, 359.43, 0.9340, -0.0631, -0.3504, -0.0290
15:28:02, 9.03, 271, 318.92, 352.02, 359.41, 0.9340, -0.0634, -0.3503, -0.0292
15:28:02, 9.03, 271, 318.93, 351.97, 359.44, 0.9340, -0.0638, -0.3503, -0.0291
15:28:02, 9.03, 271, 318.90, 351.92, 359.41, 0.9339, -0.0642, -0.3505, -0.0295
15:28:03, 9.07, 272, 318.92, 351.90, 359.42, 0.9339, -0.0644, -0.3504, -0.0295
15:28:03, 9.07, 272, 318.90, 351.87, 359.46, 0.9339, -0.0648, -0.3505, -0.0293
15:28:03, 9.10, 273, 318.89, 351.88, 359.51, 0.9339, -0.0648, -0.3505, -0.0288
15:28:03, 9.10, 273, 318.90, 351.89, 359.52, 0.9339, -0.0647, -0.3505, -0.0288
15:28:03, 9.10, 273, 318.93, 351.91, 359.54, 0.9340, -0.0646, -0.3502, -0.0285
15:28:03, 9.13, 274, 318.97, 351.91, 359.54, 0.9341, -0.0647, -0.3499, -0.0285
15:28:03, 9.13, 274, 319.01, 351.91, 359.53, 0.9343, -0.0646, -0.3495, -0.0285
15:28:03, 9.17, 275, 319.02, 351.90, 359.57, 0.9343, -0.0648, -0.3494, -0.0282
15:28:03, 9.17, 275, 319.04, 351.89, 359.60, 0.9344, -0.0650, -0.3492, -0.0280
15:28:03, 9.20, 276, 319.05, 351.87, 359.61, 0.9344, -0.0652, -0.3491, -0.0280
15:28:03, 9.20, 276, 319.10, 351.86, 359.65, 0.9345, -0.0655, -0.3487, -0.0277
15:28:03, 9.20, 276, 319.11, 351.85, 359.67, 0.9346, -0.0656, -0.3486, -0.0275
15:28:03, 9.23, 277, 319.12, 351.84, 359.66, 0.9346, -0.0657, -0.3486, -0.0276
15:28:03, 9.23, 277, 319.14, 351.83, 359.67, 0.9346, -0.0657, -0.3484, -0.0275
15:28:03, 9.27, 278, 319.14, 351.80, 359.68, 0.9346, -0.0660, -0.3484, -0.0276
15:28:03, 9.27, 278, 319.12, 351.82, 359.71, 0.9346, -0.0660, -0.3485, -0.0273
15:28:03, 9.27, 278, 319.11, 351.81, 359.72, 0.9346, -0.0661, -0.3486, -0.0272
15:28:03, 9.30, 279, 319.11, 351.79, 359.73, 0.9345, -0.0663, -0.3486, -0.0272
15:28:03, 9.30, 279, 319.11, 351.77, 359.72, 0.9345, -0.0664, -0.3485, -0.0273
15:28:03, 9.33, 280, 319.14, 351.76, 359.72, 0.9346, -0.0665, -0.3484, -0.0274
15:28:03, 9.33, 280, 319.17, 351.78, 359.71, 0.9347, -0.0663, -0.3481, -0.0274
15:28:03, 9.37, 281, 319.21, 351.78, 359.70, 0.9348, -0.0662, -0.3478, -0.0274
15:28:03, 9.37, 281, 319.23, 351.75, 359.72, 0.9349, -0.0665, -0.3476, -0.0274
15:28:03, 9.37, 281, 319.24, 351.77, 359.72, 0.9349, -0.0664, -0.3475, -0.0273
15:28:03, 9.40, 282, 319.27, 351.77, 359.74, 0.9350, -0.0665, -0.3473, -0.0271
15:28:03, 9.40, 282, 319.30, 351.75, 359.74, 0.9351, -0.0666, -0.3470, -0.0271
15:28:03, 9.43, 283, 319.34, 351.74, 359.69, 0.9352, -0.0666, -0.3467, -0.0275
15:28:03, 9.43, 283, 319.38, 351.70, 359.70, 0.9353, -0.0669, -0.3464, -0.0276
15:28:03, 9.43, 283, 319.39, 351.66, 359.72, 0.9353, -0.0673, -0.3463, -0.0275
15:28:03, 9.47, 284, 319.40, 351.66, 359.75, 0.9353, -0.0675, -0.3462, -0.0272
15:28:03, 9.47, 284, 319.40, 351.67, 359.78, 0.9354, -0.0675, -0.3462, -0.0270
15:28:03, 9.50, 285, 319.38, 351.71, 359.80, 0.9353, -0.0672, -0.3463, -0.0267
15:28:03, 9.50, 285, 319.36, 351.71, 359.81, 0.9353, -0.0672, -0.3465, -0.0266
15:28:03, 9.53, 286, 319.36, 351.70, 359.81, 0.9353, -0.0673, -0.3465, -0.0267
15:28:03, 9.53, 286, 319.36, 351.70, 359.82, 0.9353, -0.0673, -0.3465, -0.0266
15:28:03, 9.53, 286, 319.35, 351.70, 359.83, 0.9353, -0.0673, -0.3465, -0.0266
15:28:03, 9.57, 287, 319.37, 351.70, 359.83, 0.9353, -0.0673, -0.3463, -0.0265
15:28:03, 9.57, 287, 319.37, 351.71, 359.90, 0.9353, -0.0674, -0.3463, -0.0259
15:28:03, 9.60, 288, 319.36, 351.70, 359.92, 0.9353, -0.0676, -0.3464, -0.0257
15:28:03, 9.60, 288, 319.34, 351.70, 359.97, 0.9352, -0.0678, -0.3465, -0.0254
15:28:03, 9.60, 288, 319.30, 351.70, 0.04, 0.9351, -0.0680, -0.3468, -0.0249
15:28:03, 9.63, 289, 319.27, 351.69, 0.11, 0.9351, -0.0683, -0.3470, -0.0243
15:28:03, 9.63, 289, 319.24, 351.66, 0.16, 0.9350, -0.0687, -0.3472, -0.0240
15:28:03, 9.67, 290, 319.22, 351.66, 0.19, 0.9349, -0.0687, -0.3474, -0.0238
15:28:03, 9.67, 290, 319.19, 351.64, 0.22, 0.9348, -0.0690, -0.3476, -0.0236
15:28:03, 9.70, 291, 319.19, 351.67, 0.27, 0.9348, -0.0689, -0.3476, -0.0231
15:28:03, 9.70, 291, 319.15, 351.68, 0.32, 0.9347, -0.0689, -0.3479, -0.0227
15:28:03, 9.70, 291, 319.12, 351.70, 0.37, 0.9346, -0.0689, -0.3481, -0.0223
15:28:03, 9.73, 292, 319.11, 351.71, 0.39, 0.9346, -0.0689, -0.3482, -0.0221
15:28:03, 9.73, 292, 319.07, 351.72, 0.41, 0.9345, -0.0689, -0.3485, -0.0219
15:28:03, 9.77, 293, 319.07, 351.73, 0.42, 0.9345, -0.0688, -0.3485, -0.0217
15:28:03, 9.77, 293, 319.09, 351.75, 0.43, 0.9346, -0.0688, -0.3483, -0.0216
15:28:03, 9.77, 293, 319.07, 351.72, 0.44, 0.9345, -0.0690, -0.3484, -0.0217
15:28:03, 9.80, 294, 319.07, 351.68, 0.43, 0.9345, -0.0693, -0.3485, -0.0219
15:28:03, 9.80, 294, 319.07, 351.58, 0.40, 0.9344, -0.0700, -0.3484, -0.0224
15:28:03, 9.83, 295, 319.07, 351.46, 0.36, 0.9343, -0.0708, -0.3485, -0.0231
15:28:03, 9.83, 295, 319.05, 351.35, 0.28, 0.9342, -0.0715, -0.3486, -0.0241
15:28:03, 9.87, 296, 319.03, 351.21, 0.24, 0.9341, -0.0726, -0.3487, -0.0248
15:28:03, 9.87, 296, 319.04, 351.12, 0.22, 0.9340, -0.0732, -0.3487, -0.0253
15:28:03, 9.87, 296, 319.04, 351.05, 0.16, 0.9340, -0.0736, -0.3487, -0.0260
15:28:03, 9.90, 297, 319.03, 350.99, 0.09, 0.9339, -0.0738, -0.3488, -0.0268
15:28:03, 9.90, 297, 319.01, 350.92, 0.02, 0.9338, -0.0742, -0.3490, -0.0275
15:28:03, 9.93, 298, 319.02, 350.90, 359.92, 0.9338, -0.0741, -0.3490, -0.0284
15:28:03, 9.93, 298, 319.05, 350.87, 359.84, 0.9338, -0.0740, -0.3488, -0.0291
15:28:03, 9.93, 298, 319.11, 350.89, 359.80, 0.9340, -0.0738, -0.3484, -0.0294
15:28:03, 9.97, 299, 319.14, 350.95, 359.78, 0.9341, -0.0732, -0.3481, -0.0293
15:28:03, 9.97, 299, 319.20, 351.01, 359.78, 0.9344, -0.0728, -0.3476, -0.0291
