Timestamp, VideoTime, VideoFrame, HeadYaw, HeadPitch, HeadRoll, HeadQuatW, HeadQuatX, HeadQuatY, HeadQuatZ
15:30:38, 0.00, 0, 64.65, 0.30, 351.38, 0.8426, -0.0380, 0.5333, -0.0649
15:30:38, 0.03, 1, 64.70, 0.40, 351.25, 0.8422, -0.0379, 0.5337, -0.0663
15:30:38, 0.03, 1, 64.76, 0.45, 351.16, 0.8418, -0.0379, 0.5342, -0.0672
15:30:38, 0.03, 1, 64.56, 0.51, 351.10, 0.8427, -0.0377, 0.5328, -0.0679
15:30:38, 0.07, 2, 64.42, 0.55, 350.99, 0.8433, -0.0378, 0.5317, -0.0690
15:30:38, 0.07, 2, 64.29, 0.59, 350.93, 0.8438, -0.0377, 0.5307, -0.0697
15:30:38, 0.10, 3, 64.16, 0.62, 350.90, 0.8444, -0.0376, 0.5298, -0.0701
15:30:38, 0.10, 3, 64.02, 0.66, 350.87, 0.8450, -0.0373, 0.5287, -0.0706
15:30:38, 0.10, 3, 63.92, 0.71, 350.81, 0.8454, -0.0372, 0.5280, -0.0712
15:30:38, 0.13, 4, 63.74, 0.67, 350.83, 0.8463, -0.0373, 0.5267, -0.0710
15:30:38, 0.13, 4, 63.64, 0.65, 350.83, 0.8467, -0.0373, 0.5259, -0.0710
15:30:38, 0.13, 4, 63.53, 0.59, 350.81, 0.8473, -0.0378, 0.5251, -0.0708
15:30:38, 0.17, 5, 63.45, 0.52, 350.82, 0.8477, -0.0382, 0.5244, -0.0704
15:30:38, 0.17, 5, 63.35, 0.47, 350.85, 0.8482, -0.0384, 0.5237, -0.0701
15:30:38, 0.20, 6, 63.28, 0.47, 350.86, 0.8485, -0.0383, 0.5232, -0.0700
15:30:38, 0.20, 6, 63.23, 0.47, 350.90, 0.8487, -0.0381, 0.5228, -0.0697
15:30:38, 0.20, 6, 63.19, 0.49, 350.88, 0.8489, -0.0380, 0.5226, -0.0699
15:30:38, 0.23, 7, 63.21, 0.48, 350.88, 0.8488, -0.0381, 0.5226, -0.0699
15:30:38, 0.23, 7, 63.24, 0.45, 350.84, 0.8487, -0.0385, 0.5229, -0.0700
15:30:38, 0.27, 8, 63.26, 0.40, 350.82, 0.8486, -0.0391, 0.5230, -0.0700
15:30:38, 0.27, 8, 63.24, 0.33, 350.76, 0.8487, -0.0398, 0.5227, -0.0701
15:30:38, 0.30, 9, 63.27, 0.30, 350.72, 0.8485, -0.0402, 0.5230, -0.0702
15:30:38, 0.30, 9, 63.30, 0.24, 350.67, 0.8484, -0.0409, 0.5231, -0.0703
15:30:38, 0.30, 9, 63.37, 0.23, 350.64, 0.8480, -0.0412, 0.5237, -0.0705
15:30:38, 0.33, 10, 63.43, 0.26, 350.57, 0.8477, -0.0413, 0.5240, -0.0711
15:30:38, 0.33, 10, 63.47, 0.30, 350.50, 0.8474, -0.0414, 0.5244, -0.0718
15:30:38, 0.37, 11, 63.51, 0.38, 350.42, 0.8472, -0.0411, 0.5247, -0.0727
15:30:38, 0.37, 11, 63.54, 0.43, 350.39, 0.8470, -0.0409, 0.5250, -0.0732
15:30:38, 0.40, 12, 63.54, 0.47, 350.34, 0.8470, -0.0409, 0.5249, -0.0737
15:30:38, 0.40, 12, 63.51, 0.44, 350.27, 0.8471, -0.0414, 0.5247, -0.0741
15:30:38, 0.40, 12, 63.46, 0.44, 350.23, 0.8473, -0.0416, 0.5243, -0.0744
15:30:38, 0.43, 13, 63.42, 0.42, 350.17, 0.8474, -0.0419, 0.5240, -0.0748
15:30:38, 0.43, 13, 63.43, 0.41, 350.14, 0.8473, -0.0422, 0.5240, -0.0750
15:30:38, 0.47, 14, 63.39, 0.41, 350.15, 0.8476, -0.0421, 0.5237, -0.0749
15:30:38, 0.47, 14, 63.33, 0.40, 350.15, 0.8478, -0.0421, 0.5233, -0.0749
15:30:38, 0.47, 14, 63.23, 0.39, 350.13, 0.8483, -0.0422, 0.5225, -0.0751
15:30:38, 0.50, 15, 63.15, 0.41, 350.11, 0.8486, -0.0421, 0.5219, -0.0753
15:30:38, 0.50, 15, 63.09, 0.44, 350.06, 0.8488, -0.0421, 0.5215, -0.0758
15:30:38, 0.53, 16, 63.05, 0.40, 350.04, 0.8490, -0.0424, 0.5212, -0.0758
15:30:38, 0.53, 16, 63.03, 0.37, 350.08, 0.8492, -0.0425, 0.5210, -0.0754
15:30:38, 0.57, 17, 62.95, 0.40, 350.13, 0.8495, -0.0420, 0.5205, -0.0752
15:30:38, 0.57, 17, 62.94, 0.39, 350.18, 0.8496, -0.0418, 0.5204, -0.0748
15:30:38, 0.57, 17, 62.94, 0.34, 350.19, 0.8497, -0.0421, 0.5203, -0.0745
15:30:38, 0.60, 18, 62.98, 0.34, 350.15, 0.8495, -0.0423, 0.5206, -0.0747
15:30:38, 0.60, 18, 62.99, 0.33, 350.21, 0.8494, -0.0421, 0.5208, -0.0743
15:30:38, 0.63, 19, 62.99, 0.37, 350.27, 0.8495, -0.0416, 0.5207, -0.0740
15:30:38, 0.63, 19, 62.94, 0.38, 350.29, 0.8497, -0.0414, 0.5204, -0.0739
15:30:38, 0.67, 20, 62.91, 0.39, 350.26, 0.8498, -0.0414, 0.5202, -0.0742
15:30:38, 0.67, 20, 62.84, 0.38, 350.22, 0.8501, -0.0416, 0.5197, -0.0745
15:30:38, 0.67, 20, 62.77, 0.35, 350.21, 0.8504, -0.0418, 0.5191, -0.0745
15:30:38, 0.70, 21, 62.69, 0.35, 350.20, 0.8508, -0.0418, 0.5185, -0.0746
15:30:38, 0.70, 21, 62.59, 0.35, 350.16, 0.8512, -0.0420, 0.5178, -0.0748
15:30:38, 0.73, 22, 62.50, 0.35, 350.15, 0.8516, -0.0419, 0.5170, -0.0750
15:30:38, 0.73, 22, 62.44, 0.38, 350.10, 0.8518, -0.0419, 0.5166, -0.0755
15:30:38, 0.73, 22, 62.38, 0.36, 350.07, 0.8521, -0.0421, 0.5162, -0.0757
15:30:38, 0.77, 23, 62.38, 0.39, 350.03, 0.8521, -0.0421, 0.5162, -0.0761
15:30:38, 0.77, 23, 62.36, 0.43, 350.00, 0.8521, -0.0420, 0.5160, -0.0765
15:30:38, 0.80, 24, 62.35, 0.50, 349.98, 0.8521, -0.0415, 0.5160, -0.0770
15:30:39, 0.80, 24, 62.34, 0.54, 349.97, 0.8521, -0.0412, 0.5160, -0.0772
15:30:39, 0.83, 25, 62.35, 0.62, 349.96, 0.8520, -0.0407, 0.5161, -0.0777
15:30:39, 0.83, 25, 62.42, 0.70, 349.88, 0.8516, -0.0405, 0.5166, -0.0786
15:30:39, 0.83, 25, 62.49, 0.76, 349.84, 0.8513, -0.0403, 0.5171, -0.0791
15:30:39, 0.87, 26, 62.56, 0.85, 349.81, 0.8509, -0.0398, 0.5177, -0.0797
15:30:39, 0.87, 26, 62.62, 0.91, 349.83, 0.8506, -0.0393, 0.5182, -0.0798
15:30:39, 0.90, 27, 62.70, 0.99, 349.86, 0.8502, -0.0386, 0.5188, -0.0800
15:30:39, 0.90, 27, 62.74, 1.10, 349.88, 0.8500, -0.0377, 0.5192, -0.0803
15:30:39, 0.90, 27, 62.80, 1.11, 349.94, 0.8498, -0.0374, 0.5197, -0.0799
15:30:39, 0.93, 28, 62.82, 1.13, 349.97, 0.8497, -0.0371, 0.5199, -0.0797
15:30:39, 0.93, 28, 62.84, 1.11, 350.02, 0.8497, -0.0371, 0.5200, -0.0793
15:30:39, 0.97, 29, 62.77, 1.03, 350.09, 0.8501, -0.0373, 0.5195, -0.0784
15:30:39, 0.97, 29, 62.71, 0.96, 350.11, 0.8504, -0.0377, 0.5190, -0.0780
15:30:39, 1.00, 30, 62.65, 0.92, 350.17, 0.8507, -0.0377, 0.5185, -0.0773
15:30:39, 1.00, 30, 62.54, 0.87, 350.22, 0.8513, -0.0378, 0.5177, -0.0768
15:30:39, 1.00, 30, 62.44, 0.83, 350.26, 0.8518, -0.0379, 0.5170, -0.0763
15:30:39, 1.03, 31, 62.33, 0.83, 350.30, 0.8523, -0.0376, 0.5161, -0.0761
15:30:39, 1.03, 31, 62.21, 0.84, 350.34, 0.8528, -0.0372, 0.5153, -0.0759
15:30:39, 1.07, 32, 62.06, 0.85, 350.41, 0.8535, -0.0367, 0.5142, -0.0754
15:30:39, 1.07, 32, 61.91, 0.81, 350.50, 0.8543, -0.0366, 0.5131, -0.0747
15:30:39, 1.07, 32, 61.70, 0.74, 350.58, 0.8553, -0.0366, 0.5115, -0.0738
15:30:39, 1.10, 33, 61.49, 0.64, 350.66, 0.8564, -0.0368, 0.5099, -0.0728
15:30:39, 1.10, 33, 61.22, 0.50, 350.75, 0.8577, -0.0373, 0.5078, -0.0716
15:30:39, 1.13, 34, 60.91, 0.38, 350.86, 0.8591, -0.0375, 0.5055, -0.0704
15:30:39, 1.13, 34, 60.54, 0.29, 350.93, 0.8609, -0.0377, 0.5027, -0.0695
15:30:39, 1.17, 35, 60.12, 0.17, 351.06, 0.8628, -0.0378, 0.4995, -0.0682
15:30:39, 1.17, 35, 59.62, 0.09, 351.18, 0.8651, -0.0376, 0.4957, -0.0671
15:30:39, 1.17, 35, 59.02, 0.07, 351.23, 0.8677, -0.0371, 0.4912, -0.0669
15:30:39, 1.20, 36, 58.34, 0.08, 351.26, 0.8706, -0.0366, 0.4860, -0.0669
15:30:39, 1.20, 36, 57.61, 0.06, 351.31, 0.8737, -0.0360, 0.4805, -0.0666
15:30:39, 1.23, 37, 56.77, 0.15, 351.46, 0.8773, -0.0343, 0.4741, -0.0661
15:30:39, 1.23, 37, 55.94, 0.28, 351.58, 0.8807, -0.0323, 0.4679, -0.0660
15:30:39, 1.23, 37, 55.11, 0.36, 351.72, 0.8841, -0.0306, 0.4616, -0.0655
15:30:39, 1.27, 38, 54.31, 0.51, 351.66, 0.8873, -0.0293, 0.4555, -0.0667
15:30:39, 1.27, 38, 53.57, 0.55, 351.56, 0.8901, -0.0289, 0.4497, -0.0678
15:30:39, 1.30, 39, 52.86, 0.57, 351.62, 0.8929, -0.0280, 0.4443, -0.0676
15:30:39, 1.30, 39, 52.23, 0.62, 351.61, 0.8953, -0.0273, 0.4393, -0.0680
15:30:39, 1.33, 40, 51.55, 0.57, 351.64, 0.8979, -0.0272, 0.4340, -0.0678
15:30:39, 1.33, 40, 50.77, 0.64, 351.65, 0.9009, -0.0262, 0.4279, -0.0682
15:30:39, 1.33, 40, 49.84, 0.74, 351.76, 0.9043, -0.0244, 0.4207, -0.0679
15:30:39, 1.37, 41, 48.89, 0.87, 351.67, 0.9077, -0.0232, 0.4132, -0.0692
15:30:39, 1.37, 41, 47.89, 0.99, 351.60, 0.9112, -0.0219, 0.4053, -0.0704
15:30:39, 1.40, 42, 46.88, 1.07, 351.51, 0.9146, -0.0209, 0.3973, -0.0716
15:30:39, 1.40, 42, 45.85, 1.12, 351.37, 0.9181, -0.0203, 0.3891, -0.0731
15:30:39, 1.43, 43, 44.82, 1.16, 351.25, 0.9215, -0.0198, 0.3808, -0.0744
15:30:39, 1.43, 43, 43.80, 1.01, 351.12, 0.9248, -0.0207, 0.3725, -0.0751
15:30:39, 1.43, 43, 42.88, 0.94, 351.02, 0.9277, -0.0210, 0.3650, -0.0759
15:30:39, 1.47, 44, 42.16, 0.83, 350.97, 0.9299, -0.0216, 0.3591, -0.0760
15:30:39, 1.47, 44, 41.76, 0.61, 351.01, 0.9313, -0.0230, 0.3557, -0.0751
15:30:39, 1.50, 45, 41.75, 0.36, 351.18, 0.9315, -0.0245, 0.3555, -0.0730
15:30:39, 1.50, 45, 42.02, 0.04, 351.33, 0.9308, -0.0268, 0.3576, -0.0707
15:30:39, 1.50, 45, 42.60, 359.78, 351.49, 0.9292, -0.0287, 0.3621, -0.0684
15:30:39, 1.53, 46, 43.22, 359.64, 351.70, 0.9274, -0.0296, 0.3671, -0.0661
15:30:39, 1.53, 46, 43.77, 359.60, 351.85, 0.9257, -0.0297, 0.3715, -0.0647
15:30:39, 1.57, 47, 44.19, 359.65, 351.95, 0.9243, -0.0292, 0.3750, -0.0639
15:30:39, 1.57, 47, 44.52, 359.73, 351.97, 0.9233, -0.0287, 0.3777, -0.0639
15:30:39, 1.60, 48, 44.70, 359.75, 351.96, 0.9227, -0.0287, 0.3792, -0.0640
15:30:39, 1.60, 48, 44.75, 359.75, 351.92, 0.9225, -0.0288, 0.3795, -0.0643
15:30:39, 1.60, 48, 44.71, 359.68, 351.76, 0.9225, -0.0299, 0.3792, -0.0653
15:30:39, 1.63, 49, 44.59, 359.60, 351.60, 0.9228, -0.0310, 0.3781, -0.0664
15:30:39, 1.63, 49, 44.42, 359.55, 351.41, 0.9233, -0.0320, 0.3767, -0.0679
15:30:39, 1.67, 50, 44.16, 359.49, 351.26, 0.9241, -0.0327, 0.3745, -0.0690
15:30:39, 1.67, 50, 43.86, 359.46, 351.13, 0.9250, -0.0332, 0.3720, -0.0700
15:30:39, 1.67, 50, 43.55, 359.48, 351.04, 0.9259, -0.0332, 0.3695, -0.0708
15:30:39, 1.70, 51, 43.25, 359.48, 350.96, 0.9268, -0.0332, 0.3671, -0.0716
15:30:39, 1.70, 51, 42.98, 359.53, 350.90, 0.9277, -0.0328, 0.3649, -0.0723
15:30:39, 1.73, 52, 42.70, 359.61, 350.85, 0.9285, -0.0322, 0.3627, -0.0731
15:30:39, 1.73, 52, 42.42, 359.73, 350.78, 0.9293, -0.0313, 0.3605, -0.0741
15:30:39, 1.77, 53, 42.14, 359.80, 350.73, 0.9301, -0.0307, 0.3582, -0.0748
15:30:39, 1.77, 53, 41.87, 359.88, 350.71, 0.9310, -0.0299, 0.3561, -0.0752
15:30:39, 1.77, 53, 41.66, 359.92, 350.70, 0.9316, -0.0295, 0.3543, -0.0755
15:30:39, 1.80, 54, 41.44, 359.93, 350.76, 0.9323, -0.0290, 0.3526, -0.0751
15:30:40, 1.80, 54, 41.19, 359.93, 350.82, 0.9331, -0.0288, 0.3506, -0.0747
15:30:40, 1.83, 55, 40.93, 359.94, 350.93, 0.9340, -0.0281, 0.3485, -0.0739
15:30:40, 1.83, 55, 40.64, 359.92, 350.97, 0.9349, -0.0280, 0.3462, -0.0736
15:30:40, 1.83, 55, 40.35, 359.90, 351.04, 0.9358, -0.0277, 0.3437, -0.0730
15:30:40, 1.87, 56, 40.03, 359.85, 351.06, 0.9368, -0.0279, 0.3411, -0.0728
15:30:40, 1.87, 56, 39.70, 359.84, 351.10, 0.9378, -0.0277, 0.3384, -0.0725
15:30:40, 1.90, 57, 39.38, 359.77, 351.13, 0.9388, -0.0279, 0.3358, -0.0721
15:30:40, 1.90, 57, 38.97, 359.75, 351.18, 0.9400, -0.0277, 0.3324, -0.0718
15:30:40, 1.93, 58, 38.53, 359.69, 351.24, 0.9413, -0.0277, 0.3288, -0.0712
15:30:40, 1.93, 58, 38.16, 359.64, 351.29, 0.9424, -0.0278, 0.3257, -0.0708
15:30:40, 1.93, 58, 37.73, 359.66, 351.27, 0.9436, -0.0274, 0.3222, -0.0711
15:30:40, 1.97, 59, 37.39, 359.63, 351.36, 0.9446, -0.0272, 0.3194, -0.0703
15:30:40, 1.97, 59, 36.98, 359.75, 351.41, 0.9458, -0.0258, 0.3161, -0.0703
15:30:40, 2.00, 60, 36.63, 359.83, 351.48, 0.9468, -0.0247, 0.3133, -0.0700
15:30:40, 2.00, 60, 36.20, 359.93, 351.62, 0.9480, -0.0233, 0.3098, -0.0693
15:30:40, 2.00, 60, 35.78, 0.03, 351.68, 0.9491, -0.0221, 0.3064, -0.0691
15:30:40, 2.03, 61, 35.37, 0.07, 351.61, 0.9502, -0.0217, 0.3030, -0.0699
15:30:40, 2.03, 61, 35.06, 0.20, 351.57, 0.9509, -0.0205, 0.3005, -0.0706
15:30:40, 2.07, 62, 34.81, 0.27, 351.55, 0.9516, -0.0198, 0.2985, -0.0710
15:30:40, 2.07, 62, 34.62, 0.34, 351.45, 0.9520, -0.0194, 0.2970, -0.0721
15:30:40, 2.10, 63, 34.49, 0.41, 351.49, 0.9523, -0.0186, 0.2959, -0.0719
15:30:40, 2.10, 63, 34.44, 0.50, 351.53, 0.9525, -0.0177, 0.2955, -0.0718
15:30:40, 2.10, 63, 34.36, 0.56, 351.54, 0.9527, -0.0171, 0.2949, -0.0719
15:30:40, 2.13, 64, 34.28, 0.61, 351.57, 0.9529, -0.0166, 0.2943, -0.0718
15:30:40, 2.13, 64, 34.19, 0.65, 351.57, 0.9531, -0.0162, 0.2935, -0.0719
15:30:40, 2.17, 65, 34.12, 0.68, 351.59, 0.9533, -0.0158, 0.2930, -0.0718
15:30:40, 2.17, 65, 34.00, 0.70, 351.59, 0.9536, -0.0156, 0.2920, -0.0719
15:30:40, 2.17, 65, 33.85, 0.70, 351.58, 0.9539, -0.0156, 0.2908, -0.0720
15:30:40, 2.20, 66, 33.67, 0.69, 351.61, 0.9544, -0.0154, 0.2892, -0.0717
15:30:40, 2.20, 66, 33.39, 0.64, 351.64, 0.9552, -0.0156, 0.2869, -0.0715
15:30:40, 2.23, 67, 33.09, 0.58, 351.67, 0.9560, -0.0159, 0.2843, -0.0711
15:30:40, 2.23, 67, 32.78, 0.51, 351.69, 0.9568, -0.0162, 0.2817, -0.0707
15:30:40, 2.27, 68, 32.40, 0.41, 351.78, 0.9577, -0.0166, 0.2785, -0.0699
15:30:40, 2.27, 68, 31.95, 0.35, 351.92, 0.9589, -0.0165, 0.2748, -0.0685
15:30:40, 2.27, 68, 31.46, 0.26, 352.09, 0.9602, -0.0165, 0.2706, -0.0670
15:30:40, 2.30, 69, 30.90, 0.20, 352.21, 0.9616, -0.0164, 0.2659, -0.0659
15:30:40, 2.30, 69, 30.38, 0.13, 352.31, 0.9629, -0.0165, 0.2615, -0.0650
15:30:40, 2.33, 70, 29.81, 0.02, 352.38, 0.9642, -0.0169, 0.2567, -0.0643
15:30:40, 2.33, 70, 29.17, 359.99, 352.50, 0.9657, -0.0166, 0.2512, -0.0633
15:30:40, 2.33, 70, 28.58, 0.01, 352.61, 0.9670, -0.0158, 0.2463, -0.0625
15:30:40, 2.37, 71, 27.85, 359.94, 352.73, 0.9687, -0.0158, 0.2401, -0.0614
15:30:40, 2.37, 71, 27.02, 359.94, 352.87, 0.9704, -0.0151, 0.2331, -0.0604
15:30:40, 2.40, 72, 26.13, 359.96, 352.96, 0.9723, -0.0142, 0.2256, -0.0597
15:30:40, 2.40, 72, 24.97, 359.86, 353.03, 0.9746, -0.0144, 0.2157, -0.0591
15:30:40, 2.43, 73, 23.48, 359.64, 352.86, 0.9772, -0.0158, 0.2029, -0.0603
15:30:40, 2.43, 73, 21.79, 359.24, 352.30, 0.9798, -0.0192, 0.1882, -0.0647
15:30:40, 2.43, 73, 20.04, 358.92, 351.67, 0.9822, -0.0219, 0.1728, -0.0699
15:30:40, 2.47, 74, 18.48, 358.53, 351.29, 0.9842, -0.0248, 0.1592, -0.0729
15:30:40, 2.47, 74, 17.05, 358.20, 351.19, 0.9861, -0.0269, 0.1466, -0.0736
15:30:40, 2.50, 75, 15.87, 357.93, 351.20, 0.9875, -0.0284, 0.1363, -0.0735
15:30:40, 2.50, 75, 14.87, 357.73, 351.21, 0.9887, -0.0295, 0.1274, -0.0734
15:30:40, 2.50, 75, 14.06, 357.62, 351.35, 0.9896, -0.0298, 0.1205, -0.0723
15:30:40, 2.53, 76, 13.46, 357.59, 351.44, 0.9903, -0.0296, 0.1152, -0.0717
15:30:40, 2.53, 76, 13.13, 357.56, 351.57, 0.9907, -0.0295, 0.1124, -0.0706
15:30:40, 2.57, 77, 12.98, 357.65, 351.70, 0.9910, -0.0285, 0.1112, -0.0696
15:30:40, 2.57, 77, 12.83, 357.78, 351.79, 0.9912, -0.0272, 0.1100, -0.0690
15:30:40, 2.60, 78, 12.85, 357.78, 351.89, 0.9912, -0.0271, 0.1103, -0.0681
15:30:40, 2.60, 78, 12.86, 357.92, 351.97, 0.9913, -0.0258, 0.1104, -0.0676
15:30:40, 2.60, 78, 12.94, 358.02, 352.10, 0.9913, -0.0249, 0.1112, -0.0665
15:30:40, 2.63, 79, 13.10, 358.09, 352.18, 0.9912, -0.0243, 0.1126, -0.0658
15:30:40, 2.63, 79, 13.28, 358.15, 352.29, 0.9910, -0.0238, 0.1143, -0.0649
15:30:40, 2.67, 80, 13.49, 358.22, 352.35, 0.9909, -0.0232, 0.1162, -0.0644
15:30:40, 2.67, 80, 13.71, 358.30, 352.44, 0.9907, -0.0226, 0.1181, -0.0637
15:30:40, 2.70, 81, 13.89, 358.38, 352.53, 0.9906, -0.0219, 0.1197, -0.0630
15:30:40, 2.70, 81, 14.01, 358.46, 352.62, 0.9905, -0.0211, 0.1208, -0.0622
15:30:40, 2.70, 81, 14.09, 358.57, 352.66, 0.9904, -0.0202, 0.1216, -0.0620
15:30:40, 2.73, 82, 14.13, 358.65, 352.67, 0.9904, -0.0196, 0.1220, -0.0620
15:30:40, 2.73, 82, 14.15, 358.68, 352.66, 0.9904, -0.0193, 0.1222, -0.0621
15:30:40, 2.77, 83, 14.14, 358.68, 352.64, 0.9904, -0.0193, 0.1221, -0.0623
15:30:40, 2.77, 83, 14.10, 358.66, 352.60, 0.9904, -0.0195, 0.1217, -0.0626
15:30:40, 2.77, 83, 14.05, 358.65, 352.58, 0.9904, -0.0196, 0.1213, -0.0628
15:30:40, 2.80, 84, 13.98, 358.64, 352.55, 0.9905, -0.0197, 0.1206, -0.0631
15:30:41, 2.80, 84, 13.83, 358.64, 352.54, 0.9906, -0.0196, 0.1194, -0.0631
15:30:41, 2.83, 85, 13.68, 358.66, 352.51, 0.9908, -0.0193, 0.1181, -0.0635
15:30:41, 2.83, 85, 13.52, 358.68, 352.50, 0.9909, -0.0191, 0.1167, -0.0636
15:30:41, 2.87, 86, 13.33, 358.67, 352.47, 0.9911, -0.0191, 0.1150, -0.0638
15:30:41, 2.87, 86, 13.18, 358.67, 352.47, 0.9913, -0.0190, 0.1137, -0.0639
15:30:41, 2.87, 86, 13.01, 358.68, 352.49, 0.9914, -0.0188, 0.1123, -0.0637
15:30:41, 2.90, 87, 12.84, 358.69, 352.51, 0.9916, -0.0186, 0.1108, -0.0636
15:30:41, 2.90, 87, 12.64, 358.76, 352.54, 0.9918, -0.0179, 0.1091, -0.0634
15:30:41, 2.93, 88, 12.39, 358.78, 352.58, 0.9921, -0.0175, 0.1070, -0.0632
15:30:41, 2.93, 88, 12.16, 358.82, 352.59, 0.9923, -0.0170, 0.1050, -0.0632
15:30:41, 2.93, 88, 11.89, 358.89, 352.60, 0.9926, -0.0163, 0.1027, -0.0632
15:30:41, 2.97, 89, 11.69, 358.92, 352.57, 0.9927, -0.0160, 0.1010, -0.0635
15:30:41, 2.97, 89, 11.50, 358.95, 352.57, 0.9929, -0.0156, 0.0994, -0.0636
15:30:41, 3.00, 90, 11.24, 359.03, 352.57, 0.9931, -0.0148, 0.0972, -0.0636
15:30:41, 3.00, 90, 11.02, 359.08, 352.60, 0.9933, -0.0142, 0.0953, -0.0634
15:30:41, 3.03, 91, 10.75, 359.17, 352.58, 0.9935, -0.0132, 0.0930, -0.0637
15:30:41, 3.03, 91, 10.47, 359.24, 352.54, 0.9937, -0.0125, 0.0906, -0.0642
15:30:41, 3.03, 91, 10.19, 359.28, 352.51, 0.9939, -0.0120, 0.0882, -0.0645
15:30:41, 3.07, 92, 9.96, 359.34, 352.46, 0.9941, -0.0114, 0.0862, -0.0650
15:30:41, 3.07, 92, 9.74, 359.37, 352.42, 0.9942, -0.0111, 0.0843, -0.0654
15:30:41, 3.10, 93, 9.51, 359.44, 352.39, 0.9944, -0.0103, 0.0824, -0.0657
15:30:41, 3.10, 93, 9.24, 359.49, 352.36, 0.9945, -0.0098, 0.0801, -0.0660
15:30:41, 3.10, 93, 8.94, 359.53, 352.31, 0.9947, -0.0093, 0.0774, -0.0665
15:30:41, 3.13, 94, 8.67, 359.55, 352.20, 0.9948, -0.0090, 0.0751, -0.0675
15:30:41, 3.13, 94, 8.39, 359.55, 352.12, 0.9950, -0.0089, 0.0727, -0.0683
15:30:41, 3.17, 95, 8.08, 359.54, 351.98, 0.9951, -0.0089, 0.0700, -0.0694
15:30:41, 3.17, 95, 7.78, 359.48, 351.88, 0.9952, -0.0093, 0.0674, -0.0703
15:30:41, 3.20, 96, 7.54, 359.34, 351.77, 0.9953, -0.0104, 0.0652, -0.0712
15:30:41, 3.20, 96, 7.28, 359.22, 351.69, 0.9954, -0.0114, 0.0628, -0.0719
15:30:41, 3.20, 96, 7.04, 359.12, 351.60, 0.9954, -0.0121, 0.0607, -0.0726
15:30:41, 3.23, 97, 6.79, 359.02, 351.53, 0.9955, -0.0129, 0.0584, -0.0732
15:30:41, 3.23, 97, 6.55, 358.90, 351.42, 0.9956, -0.0139, 0.0563, -0.0741
15:30:41, 3.27, 98, 6.27, 358.82, 351.33, 0.9956, -0.0143, 0.0538, -0.0749
15:30:41, 3.27, 98, 6.02, 358.71, 351.29, 0.9957, -0.0152, 0.0515, -0.0752
15:30:41, 3.27, 98, 5.72, 358.65, 351.29, 0.9958, -0.0156, 0.0489, -0.0753
15:30:41, 3.30, 99, 5.42, 358.56, 351.27, 0.9959, -0.0161, 0.0462, -0.0755
15:30:41, 3.30, 99, 5.12, 358.49, 351.21, 0.9960, -0.0166, 0.0435, -0.0760
15:30:41, 3.33, 100, 4.81, 358.36, 351.21, 0.9961, -0.0174, 0.0408, -0.0760
15:30:41, 3.33, 100, 4.52, 358.28, 351.21, 0.9962, -0.0179, 0.0382, -0.0760
15:30:41, 3.37, 101, 4.19, 358.22, 351.17, 0.9963, -0.0183, 0.0353, -0.0764
15:30:41, 3.37, 101, 3.85, 358.11, 351.20, 0.9964, -0.0190, 0.0322, -0.0761
15:30:41, 3.37, 101, 3.50, 358.06, 351.21, 0.9965, -0.0192, 0.0292, -0.0761
15:30:41, 3.40, 102, 3.10, 358.02, 351.25, 0.9966, -0.0193, 0.0257, -0.0758
15:30:41, 3.40, 102, 2.72, 357.98, 351.30, 0.9967, -0.0193, 0.0223, -0.0754
15:30:41, 3.43, 103, 2.30, 357.91, 351.30, 0.9968, -0.0197, 0.0187, -0.0754
15:30:41, 3.43, 103, 1.86, 357.86, 351.35, 0.9969, -0.0199, 0.0148, -0.0751
15:30:41, 3.43, 103, 1.43, 357.84, 351.33, 0.9969, -0.0198, 0.0110, -0.0753
15:30:41, 3.47, 104, 0.99, 357.74, 351.39, 0.9970, -0.0203, 0.0072, -0.0749
15:30:41, 3.47, 104, 0.56, 357.67, 351.42, 0.9970, -0.0206, 0.0033, -0.0747
15:30:41, 3.50, 105, 0.16, 357.64, 351.41, 0.9970, -0.0206, -0.0002, -0.0748
15:30:41, 3.50, 105, 359.73, 357.57, 351.42, 0.9970, -0.0210, -0.0040, -0.0748
15:30:41, 3.53, 106, 359.42, 357.53, 351.43, 0.9970, -0.0211, -0.0067, -0.0748
15:30:41, 3.53, 106, 359.02, 357.49, 351.51, 0.9970, -0.0213, -0.0102, -0.0742
15:30:41, 3.53, 106, 358.72, 357.43, 351.51, 0.9969, -0.0215, -0.0128, -0.0742
15:30:41, 3.57, 107, 358.38, 357.41, 351.52, 0.9969, -0.0215, -0.0158, -0.0743
15:30:41, 3.57, 107, 358.10, 357.35, 351.55, 0.9968, -0.0219, -0.0183, -0.0740
15:30:41, 3.60, 108, 357.88, 357.31, 351.57, 0.9968, -0.0220, -0.0201, -0.0739
15:30:41, 3.60, 108, 357.71, 357.27, 351.59, 0.9968, -0.0223, -0.0217, -0.0738
15:30:41, 3.60, 108, 357.54, 357.25, 351.62, 0.9968, -0.0223, -0.0231, -0.0736
15:30:41, 3.63, 109, 357.39, 357.19, 351.62, 0.9967, -0.0228, -0.0245, -0.0736
15:30:41, 3.63, 109, 357.27, 357.16, 351.62, 0.9967, -0.0229, -0.0256, -0.0736
15:30:41, 3.67, 110, 357.20, 357.18, 351.62, 0.9967, -0.0228, -0.0262, -0.0736
15:30:41, 3.67, 110, 357.09, 357.14, 351.61, 0.9966, -0.0230, -0.0271, -0.0738
15:30:41, 3.70, 111, 357.01, 357.12, 351.59, 0.9966, -0.0231, -0.0278, -0.0739
15:30:41, 3.70, 111, 356.91, 357.09, 351.56, 0.9966, -0.0233, -0.0288, -0.0742
15:30:41, 3.70, 111, 356.78, 357.07, 351.55, 0.9965, -0.0234, -0.0299, -0.0744
15:30:41, 3.73, 112, 356.64, 357.05, 351.51, 0.9964, -0.0235, -0.0312, -0.0747
15:30:41, 3.73, 112, 356.48, 357.03, 351.48, 0.9964, -0.0236, -0.0325, -0.0750
15:30:41, 3.77, 113, 356.31, 357.01, 351.46, 0.9963, -0.0237, -0.0340, -0.0753
15:30:41, 3.77, 113, 356.15, 356.98, 351.44, 0.9962, -0.0237, -0.0355, -0.0754
15:30:41, 3.77, 113, 355.97, 356.97, 351.42, 0.9962, -0.0237, -0.0370, -0.0756
15:30:41, 3.80, 114, 355.82, 356.96, 351.41, 0.9961, -0.0237, -0.0383, -0.0758
15:30:42, 3.80, 114, 355.72, 356.98, 351.41, 0.9961, -0.0235, -0.0392, -0.0758
15:30:42, 3.83, 115, 355.61, 356.98, 351.40, 0.9960, -0.0234, -0.0402, -0.0759
15:30:42, 3.83, 115, 355.47, 356.98, 351.41, 0.9960, -0.0233, -0.0414, -0.0758
15:30:42, 3.87, 116, 355.33, 356.98, 351.42, 0.9959, -0.0232, -0.0426, -0.0758
15:30:42, 3.87, 116, 355.17, 356.96, 351.43, 0.9959, -0.0232, -0.0440, -0.0757
15:30:42, 3.87, 116, 355.00, 356.97, 351.43, 0.9958, -0.0231, -0.0454, -0.0758
15:30:42, 3.90, 117, 354.81, 356.97, 351.41, 0.9957, -0.0230, -0.0471, -0.0760
15:30:42, 3.90, 117, 354.60, 356.99, 351.45, 0.9957, -0.0227, -0.0489, -0.0756
15:30:42, 3.93, 118, 354.30, 357.00, 351.50, 0.9956, -0.0224, -0.0515, -0.0753
15:30:42, 3.93, 118, 353.94, 356.96, 351.58, 0.9955, -0.0225, -0.0546, -0.0746
15:30:42, 3.93, 118, 353.50, 356.96, 351.60, 0.9953, -0.0222, -0.0584, -0.0746
15:30:42, 3.97, 119, 353.01, 356.91, 351.62, 0.9950, -0.0224, -0.0627, -0.0746
15:30:42, 3.97, 119, 352.44, 356.83, 351.62, 0.9946, -0.0227, -0.0677, -0.0747
15:30:42, 4.00, 120, 351.77, 356.70, 351.64, 0.9942, -0.0235, -0.0736, -0.0747
15:30:42, 4.00, 120, 350.91, 356.61, 351.66, 0.9936, -0.0236, -0.0811, -0.0748
15:30:42, 4.03, 121, 350.06, 356.46, 351.62, 0.9929, -0.0244, -0.0886, -0.0754
15:30:42, 4.03, 121, 348.93, 356.29, 351.64, 0.9919, -0.0251, -0.0985, -0.0756
15:30:42, 4.03, 121, 347.87, 356.23, 351.68, 0.9910, -0.0250, -0.1077, -0.0755
15:30:42, 4.07, 122, 346.67, 356.06, 351.68, 0.9898, -0.0256, -0.1181, -0.0760
15:30:42, 4.07, 122, 345.39, 356.00, 351.78, 0.9884, -0.0255, -0.1292, -0.0755
15:30:42, 4.10, 123, 344.04, 355.93, 351.89, 0.9869, -0.0253, -0.1409, -0.0749
15:30:42, 4.10, 123, 342.62, 355.84, 352.06, 0.9851, -0.0253, -0.1531, -0.0738
15:30:42, 4.10, 123, 341.11, 355.57, 352.40, 0.9831, -0.0272, -0.1661, -0.0716
15:30:42, 4.13, 124, 339.54, 355.32, 352.89, 0.9809, -0.0291, -0.1796, -0.0682
15:30:42, 4.13, 124, 337.93, 354.92, 353.48, 0.9785, -0.0325, -0.1934, -0.0642
15:30:42, 4.17, 125, 336.22, 354.49, 354.07, 0.9756, -0.0363, -0.2079, -0.0605
15:30:42, 4.17, 125, 334.38, 354.10, 354.80, 0.9723, -0.0401, -0.2235, -0.0556
15:30:42, 4.20, 126, 332.45, 353.72, 355.54, 0.9685, -0.0440, -0.2396, -0.0507
15:30:42, 4.20, 126, 330.45, 353.44, 356.46, 0.9644, -0.0474, -0.2562, -0.0444
15:30:42, 4.20, 126, 328.31, 353.24, 357.37, 0.9597, -0.0505, -0.2738, -0.0382
15:30:42, 4.23, 127, 326.12, 353.06, 358.04, 0.9544, -0.0529, -0.2918, -0.0340
15:30:42, 4.23, 127, 323.84, 352.94, 358.49, 0.9485, -0.0544, -0.3105, -0.0316
15:30:42, 4.27, 128, 321.52, 352.85, 359.01, 0.9421, -0.0560, -0.3294, -0.0287
15:30:42, 4.27, 128, 319.04, 352.77, 359.48, 0.9348, -0.0575, -0.3495, -0.0263
15:30:42, 4.27, 128, 316.57, 352.78, 359.80, 0.9271, -0.0578, -0.3694, -0.0249
15:30:42, 4.30, 129, 314.11, 352.79, 0.02, 0.9191, -0.0579, -0.3890, -0.0243
15:30:42, 4.30, 129, 311.67, 352.92, 0.27, 0.9107, -0.0573, -0.4085, -0.0232
15:30:42, 4.33, 130, 309.26, 352.98, 0.48, 0.9020, -0.0571, -0.4274, -0.0225
15:30:42, 4.33, 130, 306.95, 353.17, 0.66, 0.8933, -0.0559, -0.4455, -0.0215
15:30:42, 4.37, 131, 304.65, 353.21, 0.80, 0.8842, -0.0557, -0.4633, -0.0214
15:30:42, 4.37, 131, 302.42, 353.29, 0.89, 0.8751, -0.0550, -0.4804, -0.0214
15:30:42, 4.37, 131, 300.44, 353.37, 0.88, 0.8667, -0.0540, -0.4954, -0.0220
15:30:42, 4.40, 132, 298.45, 353.56, 0.98, 0.8580, -0.0526, -0.5104, -0.0214
15:30:42, 4.40, 132, 296.65, 353.71, 1.06, 0.8500, -0.0515, -0.5239, -0.0210
15:30:42, 4.43, 133, 294.90, 353.85, 1.11, 0.8420, -0.0504, -0.5368, -0.0207
15:30:42, 4.43, 133, 293.30, 354.02, 1.12, 0.8344, -0.0489, -0.5486, -0.0205
15:30:42, 4.43, 133, 291.73, 354.21, 1.16, 0.8269, -0.0475, -0.5600, -0.0199
15:30:42, 4.47, 134, 290.24, 354.45, 1.22, 0.8196, -0.0458, -0.5708, -0.0190
15:30:42, 4.47, 134, 288.88, 354.64, 1.21, 0.8129, -0.0442, -0.5805, -0.0186
15:30:42, 4.50, 135, 287.52, 354.80, 1.23, 0.8060, -0.0429, -0.5901, -0.0182
15:30:42, 4.50, 135, 286.19, 354.99, 1.23, 0.7991, -0.0414, -0.5995, -0.0177
15:30:42, 4.53, 136, 284.83, 355.09, 1.31, 0.7920, -0.0409, -0.6090, -0.0171
15:30:42, 4.53, 136, 283.52, 355.27, 1.35, 0.7850, -0.0397, -0.6180, -0.0163
15:30:42, 4.53, 136, 282.32, 355.41, 1.25, 0.7785, -0.0380, -0.6263, -0.0166
15:30:42, 4.57, 137, 281.20, 355.63, 1.12, 0.7724, -0.0356, -0.6340, -0.0166
15:30:42, 4.57, 137, 280.17, 355.66, 0.89, 0.7666, -0.0341, -0.6409, -0.0183
15:30:42, 4.60, 138, 279.10, 355.55, 0.44, 0.7605, -0.0320, -0.6482, -0.0223
15:30:42, 4.60, 138, 278.19, 355.45, 359.89, 0.7552, -0.0294, -0.6543, -0.0267
15:30:42, 4.60, 138, 277.29, 355.55, 359.27, 0.7499, -0.0249, -0.6604, -0.0305
15:30:42, 4.63, 139, 276.52, 355.77, 358.59, 0.7453, -0.0194, -0.6656, -0.0337
15:30:42, 4.63, 139, 275.91, 356.13, 358.06, 0.7417, -0.0137, -0.6696, -0.0351
15:30:42, 4.67, 140, 275.14, 356.59, 357.92, 0.7373, -0.0097, -0.6747, -0.0335
15:30:42, 4.67, 140, 274.37, 357.07, 357.96, 0.7329, -0.0067, -0.6797, -0.0304
15:30:42, 4.70, 141, 273.62, 357.35, 358.02, 0.7285, -0.0050, -0.6844, -0.0284
15:30:42, 4.70, 141, 272.99, 357.52, 358.03, 0.7248, -0.0039, -0.6884, -0.0274
15:30:42, 4.70, 141, 272.49, 357.62, 358.06, 0.7218, -0.0033, -0.6916, -0.0266
15:30:42, 4.73, 142, 272.17, 357.70, 358.10, 0.7199, -0.0030, -0.6936, -0.0259
15:30:42, 4.73, 142, 271.90, 357.84, 358.24, 0.7183, -0.0029, -0.6953, -0.0242
15:30:42, 4.77, 143, 271.70, 358.01, 358.38, 0.7172, -0.0026, -0.6965, -0.0222
15:30:42, 4.77, 143, 271.51, 358.17, 358.51, 0.7161, -0.0023, -0.6977, -0.0205
15:30:42, 4.77, 143, 271.44, 358.33, 358.73, 0.7157, -0.0027, -0.6981, -0.0181
15:30:42, 4.80, 144, 271.41, 358.52, 358.87, 0.7155, -0.0024, -0.6984, -0.0161
15:30:43, 4.80, 144, 271.45, 358.70, 359.00, 0.7158, -0.0021, -0.6981, -0.0142
15:30:43, 4.83, 145, 271.51, 358.81, 359.15, 0.7163, -0.0022, -0.6977, -0.0126
15:30:43, 4.83, 145, 271.58, 358.93, 359.35, 0.7167, -0.0027, -0.6973, -0.0106
15:30:43, 4.87, 146, 271.63, 358.99, 359.49, 0.7170, -0.0032, -0.6970, -0.0093
15:30:43, 4.87, 146, 271.66, 359.02, 359.60, 0.7172, -0.0037, -0.6968, -0.0084
15:30:43, 4.87, 146, 271.64, 358.96, 359.73, 0.7171, -0.0048, -0.6969, -0.0080
15:30:43, 4.90, 147, 271.61, 358.93, 359.88, 0.7169, -0.0060, -0.6971, -0.0072
15:30:43, 4.90, 147, 271.56, 358.92, 359.99, 0.7166, -0.0067, -0.6974, -0.0066
15:30:43, 4.93, 148, 271.47, 358.86, 0.14, 0.7161, -0.0079, -0.6979, -0.0061
15:30:43, 4.93, 148, 271.38, 358.79, 0.26, 0.7155, -0.0091, -0.6985, -0.0057
15:30:43, 4.93, 148, 271.30, 358.71, 0.36, 0.7151, -0.0102, -0.6990, -0.0056
15:30:43, 4.97, 149, 271.28, 358.66, 0.45, 0.7149, -0.0111, -0.6991, -0.0054
15:30:43, 4.97, 149, 271.27, 358.62, 0.55, 0.7149, -0.0120, -0.6991, -0.0050
15:30:43, 5.00, 150, 271.25, 358.55, 0.63, 0.7148, -0.0129, -0.6992, -0.0049
15:30:43, 5.00, 150, 271.24, 358.50, 0.74, 0.7147, -0.0139, -0.6993, -0.0045
15:30:43, 5.03, 151, 271.24, 358.43, 0.83, 0.7147, -0.0149, -0.6993, -0.0044
15:30:43, 5.03, 151, 271.25, 358.40, 0.94, 0.7148, -0.0157, -0.6992, -0.0039
15:30:43, 5.03, 151, 271.27, 358.37, 1.00, 0.7149, -0.0163, -0.6990, -0.0037
15:30:43, 5.07, 152, 271.33, 358.33, 1.08, 0.7153, -0.0171, -0.6986, -0.0034
15:30:43, 5.07, 152, 271.40, 358.29, 1.12, 0.7157, -0.0175, -0.6982, -0.0034
15:30:43, 5.10, 153, 271.45, 358.22, 1.18, 0.7160, -0.0183, -0.6979, -0.0035
15:30:43, 5.10, 153, 271.47, 358.18, 1.20, 0.7161, -0.0187, -0.6978, -0.0035
15:30:43, 5.10, 153, 271.52, 358.22, 1.15, 0.7164, -0.0181, -0.6974, -0.0037
15:30:43, 5.13, 154, 271.57, 358.27, 1.10, 0.7167, -0.0175, -0.6972, -0.0037
15:30:43, 5.13, 154, 271.62, 358.35, 0.96, 0.7170, -0.0162, -0.6969, -0.0040
15:30:43, 5.17, 155, 271.65, 358.36, 0.82, 0.7172, -0.0153, -0.6967, -0.0049
15:30:43, 5.17, 155, 271.64, 358.43, 0.65, 0.7171, -0.0138, -0.6968, -0.0055
15:30:43, 5.20, 156, 271.64, 358.44, 0.47, 0.7171, -0.0126, -0.6968, -0.0065
15:30:43, 5.20, 156, 271.61, 358.44, 0.25, 0.7169, -0.0112, -0.6970, -0.0079
15:30:43, 5.20, 156, 271.57, 358.45, 0.08, 0.7167, -0.0102, -0.6973, -0.0089
15:30:43, 5.23, 157, 271.54, 358.44, 359.99, 0.7165, -0.0097, -0.6975, -0.0095
15:30:43, 5.23, 157, 271.49, 358.42, 359.86, 0.7161, -0.0090, -0.6978, -0.0105
15:30:43, 5.27, 158, 271.48, 358.40, 359.74, 0.7161, -0.0084, -0.6979, -0.0114
15:30:43, 5.27, 158, 271.49, 358.39, 359.66, 0.7161, -0.0080, -0.6978, -0.0119
15:30:43, 5.27, 158, 271.53, 358.33, 359.60, 0.7164, -0.0080, -0.6976, -0.0127
15:30:43, 5.30, 159, 271.61, 358.31, 359.57, 0.7169, -0.0080, -0.6970, -0.0130
15:30:43, 5.30, 159, 271.73, 358.26, 359.56, 0.7176, -0.0082, -0.6963, -0.0133
15:30:43, 5.33, 160, 271.87, 358.22, 359.54, 0.7184, -0.0083, -0.6954, -0.0137
15:30:43, 5.33, 160, 272.03, 358.15, 359.51, 0.7194, -0.0087, -0.6944, -0.0143
15:30:43, 5.37, 161, 272.21, 358.12, 359.49, 0.7205, -0.0087, -0.6933, -0.0146
15:30:43, 5.37, 161, 272.40, 358.06, 359.46, 0.7216, -0.0090, -0.6921, -0.0151
15:30:43, 5.37, 161, 272.58, 358.04, 359.46, 0.7227, -0.0091, -0.6910, -0.0152
15:30:43, 5.40, 162, 272.74, 357.98, 359.46, 0.7236, -0.0095, -0.6899, -0.0155
15:30:43, 5.40, 162, 272.90, 357.94, 359.47, 0.7246, -0.0098, -0.6889, -0.0157
15:30:43, 5.43, 163, 273.04, 357.92, 359.51, 0.7254, -0.0102, -0.6881, -0.0156
15:30:43, 5.43, 163, 273.16, 357.93, 359.63, 0.7262, -0.0109, -0.6873, -0.0148
15:30:43, 5.43, 163, 273.25, 357.95, 359.71, 0.7267, -0.0112, -0.6867, -0.0141
15:30:43, 5.47, 164, 273.32, 357.96, 359.81, 0.7272, -0.0118, -0.6862, -0.0134
15:30:43, 5.47, 164, 273.29, 357.97, 359.93, 0.7270, -0.0125, -0.6864, -0.0126
15:30:43, 5.50, 165, 273.23, 357.96, 359.99, 0.7266, -0.0128, -0.6868, -0.0123
15:30:43, 5.50, 165, 273.16, 357.99, 0.00, 0.7262, -0.0127, -0.6873, -0.0121
15:30:43, 5.50, 165, 273.05, 357.97, 359.94, 0.7255, -0.0125, -0.6880, -0.0126
15:30:43, 5.53, 166, 272.91, 357.92, 359.87, 0.7247, -0.0124, -0.6888, -0.0133
15:30:43, 5.53, 166, 272.78, 357.81, 359.81, 0.7239, -0.0127, -0.6896, -0.0144
15:30:43, 5.57, 167, 272.67, 357.79, 359.76, 0.7232, -0.0125, -0.6903, -0.0148
15:30:43, 5.57, 167, 272.60, 357.83, 359.75, 0.7228, -0.0122, -0.6908, -0.0147
15:30:43, 5.60, 168, 272.62, 357.93, 359.74, 0.7229, -0.0115, -0.6907, -0.0141
15:30:43, 5.60, 168, 272.67, 358.06, 359.78, 0.7233, -0.0109, -0.6904, -0.0131
15:30:43, 5.60, 168, 272.74, 358.14, 359.81, 0.7237, -0.0106, -0.6899, -0.0124
15:30:43, 5.63, 169, 272.81, 358.17, 359.83, 0.7241, -0.0105, -0.6895, -0.0121
15:30:43, 5.63, 169, 272.89, 358.21, 359.86, 0.7246, -0.0105, -0.6890, -0.0116
15:30:43, 5.67, 170, 272.98, 358.19, 359.89, 0.7252, -0.0108, -0.6884, -0.0116
15:30:43, 5.67, 170, 273.04, 358.16, 359.90, 0.7255, -0.0110, -0.6880, -0.0116
15:30:43, 5.70, 171, 273.13, 358.14, 359.92, 0.7260, -0.0113, -0.6875, -0.0116
15:30:43, 5.70, 171, 273.17, 358.13, 359.93, 0.7263, -0.0114, -0.6872, -0.0117
15:30:43, 5.70, 171, 273.20, 358.13, 359.96, 0.7265, -0.0116, -0.6870, -0.0115
15:30:43, 5.73, 172, 273.22, 358.14, 359.98, 0.7266, -0.0117, -0.6869, -0.0112
15:30:43, 5.73, 172, 273.24, 358.14, 359.98, 0.7267, -0.0117, -0.6867, -0.0113
15:30:43, 5.77, 173, 273.24, 358.14, 0.01, 0.7267, -0.0118, -0.6868, -0.0111
15:30:43, 5.77, 173, 273.25, 358.15, 0.04, 0.7268, -0.0120, -0.6867, -0.0108
15:30:43, 5.77, 173, 273.30, 358.16, 0.10, 0.7271, -0.0123, -0.6864, -0.0104
15:30:43, 5.80, 174, 273.28, 358.13, 0.14, 0.7270, -0.0127, -0.6865, -0.0103
15:30:44, 5.80, 174, 273.29, 358.10, 0.19, 0.7270, -0.0132, -0.6864, -0.0102
15:30:44, 5.83, 175, 273.27, 358.04, 0.23, 0.7269, -0.0138, -0.6865, -0.0103
15:30:44, 5.83, 175, 273.24, 357.99, 0.23, 0.7267, -0.0141, -0.6867, -0.0106
15:30:44, 5.87, 176, 273.18, 357.93, 0.18, 0.7264, -0.0142, -0.6871, -0.0112
15:30:44, 5.87, 176, 272.99, 357.85, 0.06, 0.7252, -0.0139, -0.6883, -0.0125
15:30:44, 5.87, 176, 272.69, 357.75, 359.95, 0.7234, -0.0139, -0.6902, -0.0139
15:30:44, 5.90, 177, 272.39, 357.55, 359.85, 0.7215, -0.0146, -0.6921, -0.0157
15:30:44, 5.90, 177, 272.09, 357.33, 359.78, 0.7197, -0.0154, -0.6939, -0.0175
15:30:44, 5.93, 178, 271.90, 357.14, 359.66, 0.7185, -0.0158, -0.6951, -0.0195
15:30:44, 5.93, 178, 271.80, 357.04, 359.55, 0.7178, -0.0158, -0.6957, -0.0208
15:30:44, 5.93, 178, 271.80, 357.00, 359.48, 0.7178, -0.0156, -0.6957, -0.0215
15:30:44, 5.97, 179, 271.90, 357.00, 359.42, 0.7184, -0.0153, -0.6951, -0.0218
15:30:44, 5.97, 179, 272.06, 357.02, 359.39, 0.7193, -0.0150, -0.6942, -0.0219
15:30:44, 6.00, 180, 272.26, 356.99, 359.40, 0.7206, -0.0153, -0.6929, -0.0220
15:30:44, 6.00, 180, 272.51, 356.98, 359.43, 0.7221, -0.0156, -0.6913, -0.0218
15:30:44, 6.03, 181, 272.80, 357.02, 359.44, 0.7238, -0.0155, -0.6895, -0.0215
15:30:44, 6.03, 181, 273.07, 357.02, 359.43, 0.7255, -0.0154, -0.6878, -0.0215
15:30:44, 6.03, 181, 273.36, 357.02, 359.43, 0.7272, -0.0155, -0.6859, -0.0215
15:30:44, 6.07, 182, 273.64, 357.04, 359.42, 0.7289, -0.0154, -0.6842, -0.0213
15:30:44, 6.07, 182, 273.91, 357.02, 359.45, 0.7305, -0.0157, -0.6824, -0.0213
15:30:44, 6.10, 183, 274.20, 357.01, 359.47, 0.7322, -0.0159, -0.6806, -0.0211
15:30:44, 6.10, 183, 274.52, 356.98, 359.42, 0.7341, -0.0159, -0.6785, -0.0216
15:30:44, 6.10, 183, 274.93, 356.89, 359.43, 0.7365, -0.0167, -0.6759, -0.0220
15:30:44, 6.13, 184, 275.41, 356.81, 359.49, 0.7393, -0.0176, -0.6728, -0.0221
15:30:44, 6.13, 184, 276.16, 356.66, 359.66, 0.7437, -0.0196, -0.6678, -0.0217
15:30:44, 6.17, 185, 277.05, 356.67, 359.85, 0.7489, -0.0209, -0.6621, -0.0202
15:30:44, 6.17, 185, 278.05, 356.54, 0.12, 0.7547, -0.0235, -0.6554, -0.0190
15:30:44, 6.20, 186, 279.41, 356.39, 0.41, 0.7624, -0.0263, -0.6463, -0.0177
15:30:44, 6.20, 186, 280.92, 356.18, 0.82, 0.7709, -0.0303, -0.6361, -0.0157
15:30:44, 6.20, 186, 282.72, 355.94, 1.40, 0.7808, -0.0353, -0.6236, -0.0126
15:30:44, 6.23, 187, 284.79, 355.71, 2.02, 0.7920, -0.0404, -0.6091, -0.0089
15:30:44, 6.23, 187, 287.15, 355.42, 2.64, 0.8043, -0.0458, -0.5924, -0.0052
15:30:44, 6.27, 188, 289.70, 355.05, 3.21, 0.8173, -0.0515, -0.5740, -0.0020
15:30:44, 6.27, 188, 292.36, 354.61, 3.64, 0.8303, -0.0567, -0.5545, 0.0002
15:30:44, 6.27, 188, 295.14, 354.17, 4.10, 0.8434, -0.0621, -0.5337, 0.0029
15:30:44, 6.30, 189, 298.16, 353.77, 4.56, 0.8570, -0.0670, -0.5108, 0.0062
15:30:44, 6.30, 189, 301.17, 353.40, 4.99, 0.8700, -0.0715, -0.4877, 0.0096
15:30:44, 6.33, 190, 304.21, 352.93, 5.32, 0.8825, -0.0761, -0.4640, 0.0121
15:30:44, 6.33, 190, 307.22, 352.38, 5.63, 0.8942, -0.0812, -0.4400, 0.0144
15:30:44, 6.37, 191, 310.27, 351.93, 5.88, 0.9054, -0.0853, -0.4156, 0.0169
15:30:44, 6.37, 191, 313.27, 351.51, 6.08, 0.9158, -0.0889, -0.3913, 0.0192
15:30:44, 6.37, 191, 316.17, 351.14, 6.18, 0.9252, -0.0916, -0.3677, 0.0211
15:30:44, 6.40, 192, 318.75, 350.82, 6.41, 0.9330, -0.0944, -0.3464, 0.0240
15:30:44, 6.40, 192, 320.96, 350.47, 6.33, 0.9394, -0.0966, -0.3282, 0.0241
15:30:44, 6.43, 193, 322.95, 350.07, 6.04, 0.9448, -0.0986, -0.3118, 0.0223
15:30:44, 6.43, 193, 325.19, 349.59, 5.84, 0.9504, -0.1017, -0.2931, 0.0213
15:30:44, 6.43, 193, 327.56, 349.19, 5.99, 0.9560, -0.1048, -0.2730, 0.0237
15:30:44, 6.47, 194, 329.87, 348.95, 6.14, 0.9611, -0.1067, -0.2534, 0.0265
15:30:44, 6.47, 194, 332.17, 348.77, 6.15, 0.9659, -0.1077, -0.2339, 0.0283
15:30:44, 6.50, 195, 334.29, 348.63, 6.04, 0.9699, -0.1081, -0.2160, 0.0291
15:30:44, 6.50, 195, 336.28, 348.51, 5.88, 0.9735, -0.1083, -0.1992, 0.0294
15:30:44, 6.53, 196, 338.43, 348.46, 5.49, 0.9771, -0.1075, -0.1812, 0.0280
15:30:44, 6.53, 196, 340.57, 348.43, 5.27, 0.9804, -0.1070, -0.1631, 0.0281
15:30:44, 6.53, 196, 342.60, 348.35, 5.16, 0.9831, -0.1070, -0.1458, 0.0289
15:30:44, 6.57, 197, 344.51, 348.24, 5.00, 0.9853, -0.1073, -0.1295, 0.0292
15:30:44, 6.57, 197, 346.20, 348.15, 4.76, 0.9871, -0.1074, -0.1152, 0.0286
15:30:44, 6.60, 198, 347.93, 348.08, 4.54, 0.9887, -0.1073, -0.1004, 0.0282
15:30:44, 6.60, 198, 349.70, 347.95, 4.29, 0.9901, -0.1078, -0.0853, 0.0276
15:30:44, 6.60, 198, 351.48, 347.82, 4.07, 0.9913, -0.1083, -0.0701, 0.0273
15:30:44, 6.63, 199, 353.01, 347.62, 3.86, 0.9920, -0.1096, -0.0569, 0.0269
15:30:44, 6.63, 199, 354.33, 347.60, 3.52, 0.9926, -0.1094, -0.0458, 0.0251
15:30:44, 6.67, 200, 355.51, 347.52, 3.22, 0.9930, -0.1096, -0.0359, 0.0237
15:30:44, 6.67, 200, 356.52, 347.58, 2.88, 0.9934, -0.1088, -0.0275, 0.0216
15:30:44, 6.70, 201, 357.53, 347.66, 2.41, 0.9938, -0.1079, -0.0191, 0.0186
15:30:44, 6.70, 201, 358.49, 347.71, 1.98, 0.9940, -0.1072, -0.0113, 0.0158
15:30:44, 6.70, 201, 359.30, 347.90, 1.54, 0.9943, -0.1055, -0.0047, 0.0127
15:30:44, 6.73, 202, 0.08, 347.96, 1.06, 0.9944, -0.1049, 0.0016, 0.0093
15:30:44, 6.73, 202, 0.86, 348.20, 0.55, 0.9947, -0.1027, 0.0079, 0.0056
15:30:44, 6.77, 203, 1.66, 348.32, 0.10, 0.9947, -0.1017, 0.0145, 0.0024
15:30:44, 6.77, 203, 2.47, 348.59, 359.59, 0.9948, -0.0995, 0.0211, -0.0014
15:30:44, 6.77, 203, 3.21, 348.72, 359.14, 0.9948, -0.0984, 0.0272, -0.0047
15:30:44, 6.80, 204, 3.98, 348.95, 358.69, 0.9947, -0.0966, 0.0335, -0.0080
15:30:45, 6.80, 204, 4.78, 349.13, 358.25, 0.9946, -0.0953, 0.0401, -0.0112
15:30:45, 6.83, 205, 5.70, 349.35, 357.74, 0.9943, -0.0937, 0.0477, -0.0150
15:30:45, 6.83, 205, 6.67, 349.61, 357.23, 0.9940, -0.0917, 0.0557, -0.0188
15:30:45, 6.87, 206, 7.58, 349.95, 356.83, 0.9938, -0.0892, 0.0634, -0.0217
15:30:45, 6.87, 206, 8.43, 350.25, 356.53, 0.9934, -0.0870, 0.0706, -0.0239
15:30:45, 6.87, 206, 9.19, 350.53, 356.24, 0.9931, -0.0849, 0.0771, -0.0260
15:30:45, 6.90, 207, 9.97, 350.74, 356.01, 0.9926, -0.0834, 0.0838, -0.0276
15:30:45, 6.90, 207, 10.67, 350.96, 355.73, 0.9922, -0.0819, 0.0897, -0.0297
15:30:45, 6.93, 208, 11.39, 351.08, 355.45, 0.9916, -0.0812, 0.0958, -0.0316
15:30:45, 6.93, 208, 12.06, 351.26, 355.24, 0.9911, -0.0801, 0.1015, -0.0332
15:30:45, 6.93, 208, 12.67, 351.41, 355.07, 0.9905, -0.0791, 0.1067, -0.0344
15:30:45, 6.97, 209, 13.22, 351.60, 354.84, 0.9901, -0.0778, 0.1114, -0.0362
15:30:45, 6.97, 209, 13.69, 351.74, 354.66, 0.9896, -0.0770, 0.1154, -0.0375
15:30:45, 7.00, 210, 14.19, 351.94, 354.52, 0.9892, -0.0755, 0.1197, -0.0386
15:30:45, 7.00, 210, 14.60, 352.13, 354.40, 0.9888, -0.0742, 0.1233, -0.0396
15:30:45, 7.03, 211, 14.97, 352.29, 354.24, 0.9884, -0.0731, 0.1265, -0.0410
15:30:45, 7.03, 211, 15.18, 352.45, 354.12, 0.9882, -0.0719, 0.1283, -0.0421
15:30:45, 7.03, 211, 15.47, 352.64, 354.00, 0.9880, -0.0705, 0.1308, -0.0431
15:30:45, 7.07, 212, 15.61, 352.78, 353.91, 0.9878, -0.0695, 0.1320, -0.0440
15:30:45, 7.07, 212, 15.78, 352.90, 353.78, 0.9876, -0.0686, 0.1335, -0.0451
15:30:45, 7.10, 213, 15.91, 353.02, 353.67, 0.9875, -0.0678, 0.1346, -0.0461
15:30:45, 7.10, 213, 15.98, 353.17, 353.59, 0.9874, -0.0666, 0.1352, -0.0470
15:30:45, 7.10, 213, 16.02, 353.30, 353.51, 0.9874, -0.0656, 0.1356, -0.0478
15:30:45, 7.13, 214, 16.03, 353.40, 353.43, 0.9874, -0.0649, 0.1357, -0.0487
15:30:45, 7.13, 214, 16.06, 353.53, 353.34, 0.9874, -0.0639, 0.1360, -0.0496
15:30:45, 7.17, 215, 16.06, 353.63, 353.24, 0.9874, -0.0631, 0.1360, -0.0505
15:30:45, 7.17, 215, 16.05, 353.74, 353.15, 0.9874, -0.0623, 0.1359, -0.0515
15:30:45, 7.17, 215, 16.07, 353.81, 353.07, 0.9874, -0.0618, 0.1361, -0.0522
15:30:45, 7.20, 216, 16.09, 353.87, 353.04, 0.9874, -0.0614, 0.1363, -0.0525
15:30:45, 7.20, 216, 16.11, 353.94, 352.98, 0.9874, -0.0608, 0.1364, -0.0531
15:30:45, 7.23, 217, 16.11, 354.02, 352.94, 0.9874, -0.0602, 0.1365, -0.0536
15:30:45, 7.23, 217, 16.11, 354.08, 352.91, 0.9874, -0.0597, 0.1365, -0.0539
15:30:45, 7.27, 218, 16.11, 354.13, 352.85, 0.9874, -0.0594, 0.1365, -0.0545
15:30:45, 7.27, 218, 16.13, 354.13, 352.80, 0.9873, -0.0594, 0.1367, -0.0549
15:30:45, 7.27, 218, 16.13, 354.14, 352.76, 0.9873, -0.0594, 0.1367, -0.0553
15:30:45, 7.30, 219, 16.15, 354.18, 352.69, 0.9873, -0.0591, 0.1368, -0.0559
15:30:45, 7.30, 219, 16.16, 354.22, 352.67, 0.9872, -0.0588, 0.1369, -0.0561
15:30:45, 7.33, 220, 16.18, 354.21, 352.59, 0.9872, -0.0590, 0.1370, -0.0568
15:30:45, 7.33, 220, 16.22, 354.21, 352.52, 0.9871, -0.0591, 0.1373, -0.0574
15:30:45, 7.33, 220, 16.24, 354.21, 352.49, 0.9871, -0.0591, 0.1375, -0.0576
15:30:45, 7.37, 221, 16.27, 354.19, 352.47, 0.9870, -0.0594, 0.1378, -0.0577
15:30:45, 7.37, 221, 16.27, 354.18, 352.50, 0.9870, -0.0594, 0.1377, -0.0575
15:30:45, 7.40, 222, 16.28, 354.16, 352.49, 0.9870, -0.0596, 0.1378, -0.0576
15:30:45, 7.40, 222, 16.29, 354.14, 352.48, 0.9870, -0.0597, 0.1379, -0.0576
15:30:45, 7.43, 223, 16.30, 354.13, 352.48, 0.9869, -0.0599, 0.1379, -0.0576
15:30:45, 7.43, 223, 16.28, 354.14, 352.46, 0.9870, -0.0598, 0.1378, -0.0578
15:30:45, 7.43, 223, 16.26, 354.12, 352.46, 0.9870, -0.0599, 0.1376, -0.0578
15:30:45, 7.47, 224, 16.19, 354.11, 352.49, 0.9871, -0.0599, 0.1370, -0.0576
15:30:45, 7.47, 224, 16.14, 354.12, 352.49, 0.9871, -0.0598, 0.1366, -0.0575
15:30:45, 7.50, 225, 16.07, 354.11, 352.47, 0.9872, -0.0599, 0.1359, -0.0578
15:30:45, 7.50, 225, 16.01, 354.12, 352.48, 0.9873, -0.0598, 0.1354, -0.0577
15:30:45, 7.50, 225, 15.94, 354.11, 352.50, 0.9874, -0.0598, 0.1348, -0.0576
15:30:45, 7.53, 226, 15.89, 354.08, 352.52, 0.9874, -0.0600, 0.1344, -0.0574
15:30:45, 7.53, 226, 15.85, 354.07, 352.54, 0.9875, -0.0601, 0.1341, -0.0572
15:30:45, 7.57, 227, 15.83, 354.04, 352.58, 0.9875, -0.0603, 0.1339, -0.0569
15:30:45, 7.57, 227, 15.84, 354.00, 352.58, 0.9875, -0.0606, 0.1340, -0.0568
15:30:45, 7.60, 228, 15.82, 353.99, 352.58, 0.9875, -0.0607, 0.1338, -0.0568
15:30:45, 7.60, 228, 15.82, 353.98, 352.58, 0.9875, -0.0608, 0.1338, -0.0568
15:30:45, 7.60, 228, 15.82, 353.97, 352.59, 0.9875, -0.0608, 0.1337, -0.0567
15:30:45, 7.63, 229, 15.80, 354.00, 352.60, 0.9876, -0.0606, 0.1336, -0.0567
15:30:45, 7.63, 229, 15.77, 354.03, 352.58, 0.9876, -0.0603, 0.1333, -0.0569
15:30:45, 7.67, 230, 15.77, 354.02, 352.57, 0.9876, -0.0605, 0.1333, -0.0570
15:30:45, 7.67, 230, 15.74, 354.03, 352.55, 0.9876, -0.0603, 0.1331, -0.0571
15:30:45, 7.67, 230, 15.73, 354.05, 352.52, 0.9876, -0.0602, 0.1330, -0.0574
15:30:45, 7.70, 231, 15.69, 354.05, 352.51, 0.9877, -0.0602, 0.1327, -0.0575
15:30:45, 7.70, 231, 15.67, 354.09, 352.46, 0.9877, -0.0599, 0.1324, -0.0580
15:30:45, 7.73, 232, 15.64, 354.11, 352.45, 0.9877, -0.0598, 0.1322, -0.0582
15:30:45, 7.73, 232, 15.63, 354.11, 352.41, 0.9877, -0.0598, 0.1322, -0.0585
15:30:45, 7.77, 233, 15.62, 354.12, 352.37, 0.9877, -0.0597, 0.1320, -0.0589
15:30:45, 7.77, 233, 15.64, 354.13, 352.32, 0.9876, -0.0597, 0.1322, -0.0593
15:30:45, 7.77, 233, 15.66, 354.14, 352.29, 0.9876, -0.0596, 0.1324, -0.0596
15:30:45, 7.80, 234, 15.69, 354.16, 352.26, 0.9876, -0.0596, 0.1326, -0.0599
15:30:46, 7.80, 234, 15.70, 354.19, 352.22, 0.9875, -0.0593, 0.1327, -0.0602
15:30:46, 7.83, 235, 15.73, 354.20, 352.19, 0.9875, -0.0593, 0.1329, -0.0605
15:30:46, 7.83, 235, 15.77, 354.21, 352.16, 0.9874, -0.0593, 0.1332, -0.0607
15:30:46, 7.83, 235, 15.78, 354.20, 352.14, 0.9874, -0.0594, 0.1334, -0.0609
15:30:46, 7.87, 236, 15.79, 354.21, 352.13, 0.9874, -0.0593, 0.1335, -0.0610
15:30:46, 7.87, 236, 15.79, 354.24, 352.10, 0.9874, -0.0591, 0.1334, -0.0613
15:30:46, 7.90, 237, 15.81, 354.24, 352.08, 0.9874, -0.0591, 0.1336, -0.0615
15:30:46, 7.90, 237, 15.82, 354.21, 352.07, 0.9873, -0.0594, 0.1336, -0.0615
15:30:46, 7.93, 238, 15.83, 354.25, 352.05, 0.9873, -0.0591, 0.1337, -0.0617
15:30:46, 7.93, 238, 15.81, 354.24, 352.04, 0.9873, -0.0592, 0.1336, -0.0618
15:30:46, 7.93, 238, 15.79, 354.25, 352.02, 0.9874, -0.0591, 0.1334, -0.0619
15:30:46, 7.97, 239, 15.74, 354.27, 352.03, 0.9874, -0.0589, 0.1330, -0.0619
15:30:46, 7.97, 239, 15.72, 354.28, 352.04, 0.9875, -0.0588, 0.1328, -0.0619
15:30:46, 8.00, 240, 15.67, 354.27, 352.05, 0.9875, -0.0588, 0.1324, -0.0618
15:30:46, 8.00, 240, 15.62, 354.26, 352.06, 0.9876, -0.0589, 0.1319, -0.0618
15:30:46, 8.00, 240, 15.58, 354.24, 352.04, 0.9876, -0.0590, 0.1316, -0.0619
15:30:46, 8.03, 241, 15.52, 354.24, 352.07, 0.9877, -0.0590, 0.1310, -0.0617
15:30:46, 8.03, 241, 15.46, 354.23, 352.10, 0.9878, -0.0590, 0.1306, -0.0614
15:30:46, 8.07, 242, 15.41, 354.24, 352.07, 0.9878, -0.0590, 0.1302, -0.0617
15:30:46, 8.07, 242, 15.36, 354.23, 352.06, 0.9879, -0.0590, 0.1297, -0.0618
15:30:46, 8.10, 243, 15.31, 354.22, 352.08, 0.9879, -0.0590, 0.1293, -0.0617
15:30:46, 8.10, 243, 15.26, 354.23, 352.10, 0.9880, -0.0589, 0.1289, -0.0615
15:30:46, 8.10, 243, 15.25, 354.23, 352.08, 0.9880, -0.0589, 0.1287, -0.0617
15:30:46, 8.13, 244, 15.24, 354.21, 352.05, 0.9880, -0.0591, 0.1286, -0.0620
15:30:46, 8.13, 244, 15.22, 354.26, 352.07, 0.9880, -0.0587, 0.1285, -0.0618
15:30:46, 8.17, 245, 15.18, 354.29, 352.13, 0.9881, -0.0583, 0.1282, -0.0614
15:30:46, 8.17, 245, 15.16, 354.29, 352.13, 0.9882, -0.0583, 0.1280, -0.0614
15:30:46, 8.17, 245, 15.11, 354.27, 352.14, 0.9882, -0.0584, 0.1276, -0.0613
15:30:46, 8.20, 246, 15.08, 354.25, 352.15, 0.9882, -0.0585, 0.1274, -0.0612
15:30:46, 8.20, 246, 15.08, 354.26, 352.13, 0.9882, -0.0585, 0.1273, -0.0614
15:30:46, 8.23, 247, 15.08, 354.26, 352.12, 0.9882, -0.0585, 0.1273, -0.0615
15:30:46, 8.23, 247, 15.04, 354.27, 352.10, 0.9883, -0.0585, 0.1270, -0.0617
15:30:46, 8.27, 248, 15.02, 354.29, 352.10, 0.9883, -0.0582, 0.1268, -0.0617
15:30:46, 8.27, 248, 14.99, 354.34, 352.08, 0.9883, -0.0578, 0.1266, -0.0619
15:30:46, 8.27, 248, 14.95, 354.37, 352.09, 0.9884, -0.0575, 0.1263, -0.0619
15:30:46, 8.30, 249, 14.93, 354.38, 352.08, 0.9884, -0.0574, 0.1261, -0.0621
15:30:46, 8.30, 249, 14.92, 354.38, 352.05, 0.9884, -0.0574, 0.1260, -0.0623
15:30:46, 8.33, 250, 14.92, 354.39, 352.04, 0.9884, -0.0574, 0.1260, -0.0624
15:30:46, 8.33, 250, 14.90, 354.41, 352.03, 0.9884, -0.0573, 0.1259, -0.0625
15:30:46, 8.33, 250, 14.89, 354.41, 352.03, 0.9884, -0.0572, 0.1258, -0.0625
15:30:46, 8.37, 251, 14.88, 354.42, 352.01, 0.9884, -0.0572, 0.1257, -0.0627
15:30:46, 8.37, 251, 14.88, 354.40, 351.97, 0.9884, -0.0574, 0.1256, -0.0631
15:30:46, 8.40, 252, 14.87, 354.44, 351.96, 0.9884, -0.0571, 0.1256, -0.0632
15:30:46, 8.40, 252, 14.87, 354.48, 351.96, 0.9884, -0.0567, 0.1256, -0.0632
15:30:46, 8.43, 253, 14.86, 354.47, 351.96, 0.9885, -0.0568, 0.1255, -0.0632
15:30:46, 8.43, 253, 14.85, 354.47, 351.95, 0.9885, -0.0568, 0.1254, -0.0633
15:30:46, 8.43, 253, 14.86, 354.47, 351.93, 0.9884, -0.0568, 0.1255, -0.0635
15:30:46, 8.47, 254, 14.85, 354.46, 351.92, 0.9884, -0.0569, 0.1254, -0.0636
15:30:46, 8.47, 254, 14.87, 354.47, 351.91, 0.9884, -0.0568, 0.1255, -0.0636
15:30:46, 8.50, 255, 14.86, 354.47, 351.91, 0.9884, -0.0568, 0.1255, -0.0636
15:30:46, 8.50, 255, 14.84, 354.48, 351.92, 0.9885, -0.0567, 0.1253, -0.0636
15:30:46, 8.50, 255, 14.83, 354.48, 351.90, 0.9885, -0.0568, 0.1252, -0.0637
15:30:46, 8.53, 256, 14.82, 354.46, 351.89, 0.9885, -0.0569, 0.1251, -0.0638
15:30:46, 8.53, 256, 14.80, 354.45, 351.85, 0.9885, -0.0570, 0.1249, -0.0642
15:30:46, 8.57, 257, 14.80, 354.44, 351.82, 0.9884, -0.0571, 0.1249, -0.0644
15:30:46, 8.57, 257, 14.80, 354.43, 351.80, 0.9884, -0.0572, 0.1249, -0.0646
15:30:46, 8.60, 258, 14.78, 354.40, 351.78, 0.9884, -0.0575, 0.1247, -0.0647
15:30:46, 8.60, 258, 14.78, 354.39, 351.76, 0.9884, -0.0576, 0.1246, -0.0649
15:30:46, 8.60, 258, 14.76, 354.36, 351.75, 0.9884, -0.0579, 0.1245, -0.0649
15:30:46, 8.63, 259, 14.78, 354.38, 351.72, 0.9884, -0.0578, 0.1246, -0.0653
15:30:46, 8.63, 259, 14.77, 354.37, 351.73, 0.9884, -0.0578, 0.1245, -0.0651
15:30:46, 8.67, 260, 14.76, 354.37, 351.74, 0.9884, -0.0578, 0.1245, -0.0650
15:30:46, 8.67, 260, 14.73, 354.39, 351.75, 0.9884, -0.0576, 0.1242, -0.0650
15:30:46, 8.67, 260, 14.70, 354.39, 351.75, 0.9885, -0.0576, 0.1240, -0.0650
15:30:46, 8.70, 261, 14.64, 354.41, 351.78, 0.9886, -0.0573, 0.1235, -0.0648
15:30:46, 8.70, 261, 14.63, 354.44, 351.78, 0.9886, -0.0571, 0.1234, -0.0649
15:30:46, 8.73, 262, 14.60, 354.47, 351.77, 0.9886, -0.0569, 0.1231, -0.0650
15:30:46, 8.73, 262, 14.56, 354.45, 351.78, 0.9887, -0.0570, 0.1228, -0.0649
15:30:46, 8.77, 263, 14.53, 354.47, 351.79, 0.9887, -0.0568, 0.1226, -0.0648
15:30:46, 8.77, 263, 14.50, 354.49, 351.81, 0.9888, -0.0566, 0.1223, -0.0647
15:30:46, 8.77, 263, 14.45, 354.52, 351.82, 0.9888, -0.0562, 0.1219, -0.0647
15:30:46, 8.80, 264, 14.40, 354.52, 351.81, 0.9889, -0.0562, 0.1215, -0.0648
15:30:47, 8.80, 264, 14.35, 354.54, 351.85, 0.9890, -0.0560, 0.1211, -0.0645
15:30:47, 8.83, 265, 14.28, 354.57, 351.86, 0.9890, -0.0557, 0.1205, -0.0645
15:30:47, 8.83, 265, 14.19, 354.55, 351.91, 0.9892, -0.0557, 0.1197, -0.0641
15:30:47, 8.83, 265, 14.04, 354.57, 351.98, 0.9894, -0.0554, 0.1185, -0.0636
15:30:47, 8.87, 266, 13.86, 354.56, 352.02, 0.9896, -0.0553, 0.1169, -0.0633
15:30:47, 8.90, 267, 13.06, 354.50, 352.38, 0.9905, -0.0551, 0.1102, -0.0605
15:30:47, 8.90, 267, 12.29, 354.38, 352.57, 0.9913, -0.0556, 0.1035, -0.0591
15:30:47, 8.93, 268, 11.17, 354.17, 352.89, 0.9924, -0.0566, 0.0939, -0.0567
15:30:47, 8.93, 268, 9.80, 353.86, 353.03, 0.9934, -0.0584, 0.0819, -0.0559
15:30:47, 8.93, 268, 8.17, 353.44, 353.07, 0.9942, -0.0613, 0.0676, -0.0561
15:30:47, 8.97, 269, 6.60, 353.07, 353.04, 0.9949, -0.0637, 0.0537, -0.0570
15:30:47, 8.97, 269, 4.96, 352.63, 353.14, 0.9954, -0.0667, 0.0393, -0.0569
15:30:47, 9.00, 270, 3.56, 352.24, 353.07, 0.9955, -0.0694, 0.0269, -0.0582
15:30:47, 9.00, 270, 2.29, 351.92, 353.04, 0.9956, -0.0715, 0.0157, -0.0591
15:30:47, 9.00, 270, 1.17, 351.69, 353.14, 0.9956, -0.0729, 0.0059, -0.0589
15:30:47, 9.03, 271, 0.19, 351.40, 353.40, 0.9955, -0.0750, -0.0027, -0.0573
15:30:47, 9.03, 271, 359.37, 351.20, 353.64, 0.9955, -0.0763, -0.0097, -0.0558
15:30:47, 9.07, 272, 358.75, 351.02, 353.91, 0.9954, -0.0776, -0.0151, -0.0538
15:30:47, 9.07, 272, 358.22, 351.04, 354.18, 0.9955, -0.0772, -0.0195, -0.0518
15:30:47, 9.10, 273, 357.81, 351.12, 354.41, 0.9956, -0.0764, -0.0228, -0.0500
15:30:47, 9.10, 273, 357.56, 351.11, 354.74, 0.9956, -0.0764, -0.0248, -0.0474
15:30:47, 9.10, 273, 357.38, 351.27, 355.06, 0.9958, -0.0751, -0.0260, -0.0447
15:30:47, 9.13, 274, 357.47, 351.43, 355.37, 0.9961, -0.0737, -0.0250, -0.0419
15:30:47, 9.13, 274, 357.48, 351.55, 355.68, 0.9963, -0.0727, -0.0247, -0.0392
15:30:47, 9.17, 275, 357.65, 351.67, 355.99, 0.9965, -0.0719, -0.0230, -0.0363
15:30:47, 9.17, 275, 357.82, 351.81, 356.25, 0.9967, -0.0708, -0.0213, -0.0340
15:30:47, 9.17, 275, 358.10, 352.00, 356.46, 0.9969, -0.0692, -0.0187, -0.0320
15:30:47, 9.20, 276, 358.37, 352.16, 356.70, 0.9971, -0.0679, -0.0162, -0.0297
15:30:47, 9.20, 276, 358.64, 352.33, 356.89, 0.9973, -0.0665, -0.0136, -0.0278
15:30:47, 9.23, 277, 358.95, 352.52, 357.07, 0.9975, -0.0650, -0.0108, -0.0261
15:30:47, 9.23, 277, 359.24, 352.68, 357.29, 0.9976, -0.0637, -0.0081, -0.0240
15:30:47, 9.27, 278, 359.50, 352.83, 357.37, 0.9978, -0.0624, -0.0058, -0.0232
15:30:47, 9.27, 278, 359.73, 352.93, 357.50, 0.9979, -0.0616, -0.0037, -0.0219
15:30:47, 9.27, 278, 359.92, 353.02, 357.62, 0.9979, -0.0608, -0.0019, -0.0208
15:30:47, 9.30, 279, 0.02, 353.13, 357.77, 0.9980, -0.0599, -0.0010, -0.0194
15:30:47, 9.30, 279, 359.99, 353.21, 357.88, 0.9981, -0.0592, -0.0012, -0.0185
15:30:47, 9.33, 280, 359.93, 353.18, 357.94, 0.9981, -0.0594, -0.0017, -0.0180
15:30:47, 9.33, 280, 359.81, 353.14, 357.97, 0.9981, -0.0598, -0.0027, -0.0178
15:30:47, 9.37, 281, 359.61, 353.07, 357.99, 0.9980, -0.0604, -0.0044, -0.0177
15:30:47, 9.37, 281, 359.37, 353.03, 358.04, 0.9980, -0.0607, -0.0065, -0.0174
15:30:47, 9.37, 281, 359.06, 353.05, 358.16, 0.9980, -0.0605, -0.0092, -0.0166
15:30:47, 9.40, 282, 358.67, 353.06, 358.26, 0.9980, -0.0603, -0.0125, -0.0159
15:30:47, 9.40, 282, 358.23, 353.01, 358.34, 0.9979, -0.0608, -0.0163, -0.0154
15:30:47, 9.43, 283, 357.80, 352.95, 358.40, 0.9978, -0.0612, -0.0200, -0.0151
15:30:47, 9.43, 283, 357.36, 352.91, 358.52, 0.9977, -0.0615, -0.0237, -0.0143
15:30:47, 9.43, 283, 356.95, 352.89, 358.66, 0.9976, -0.0617, -0.0273, -0.0133
15:30:47, 9.47, 284, 356.57, 352.87, 358.82, 0.9975, -0.0618, -0.0305, -0.0122
15:30:47, 9.47, 284, 356.15, 352.92, 358.95, 0.9975, -0.0614, -0.0341, -0.0112
15:30:47, 9.50, 285, 355.89, 352.91, 359.09, 0.9974, -0.0615, -0.0362, -0.0101
15:30:47, 9.50, 285, 355.58, 352.92, 359.36, 0.9973, -0.0614, -0.0388, -0.0079
15:30:47, 9.50, 285, 355.16, 352.96, 359.82, 0.9972, -0.0613, -0.0422, -0.0041
15:30:47, 9.53, 286, 354.56, 352.97, 0.33, 0.9970, -0.0614, -0.0472, 0.0000
15:30:47, 9.53, 286, 353.86, 352.89, 0.68, 0.9966, -0.0622, -0.0531, 0.0026
15:30:47, 9.57, 287, 353.19, 352.83, 0.81, 0.9963, -0.0629, -0.0588, 0.0033
15:30:47, 9.57, 287, 352.60, 352.76, 0.91, 0.9959, -0.0635, -0.0639, 0.0038
15:30:47, 9.60, 288, 352.12, 352.70, 0.98, 0.9956, -0.0641, -0.0680, 0.0041
15:30:47, 9.60, 288, 351.73, 352.64, 1.03, 0.9953, -0.0646, -0.0714, 0.0043
15:30:47, 9.60, 288, 351.38, 352.70, 1.14, 0.9951, -0.0642, -0.0744, 0.0051
15:30:47, 9.63, 289, 351.14, 352.64, 1.26, 0.9949, -0.0649, -0.0764, 0.0060
15:30:47, 9.63, 289, 350.98, 352.69, 1.34, 0.9949, -0.0645, -0.0777, 0.0066
15:30:47, 9.67, 290, 350.91, 352.65, 1.46, 0.9948, -0.0649, -0.0782, 0.0076
15:30:47, 9.67, 290, 350.96, 352.67, 1.55, 0.9948, -0.0648, -0.0777, 0.0084
15:30:47, 9.70, 291, 351.10, 352.66, 1.65, 0.9949, -0.0649, -0.0765, 0.0094
15:30:47, 9.70, 291, 351.26, 352.64, 1.69, 0.9950, -0.0651, -0.0751, 0.0098
15:30:47, 9.70, 291, 351.46, 352.61, 1.69, 0.9951, -0.0654, -0.0733, 0.0099
15:30:47, 9.73, 292, 351.70, 352.57, 1.68, 0.9952, -0.0656, -0.0713, 0.0099
15:30:47, 9.73, 292, 351.94, 352.55, 1.69, 0.9954, -0.0658, -0.0691, 0.0101
15:30:47, 9.77, 293, 352.15, 352.56, 1.70, 0.9955, -0.0658, -0.0673, 0.0103
15:30:47, 9.77, 293, 352.36, 352.54, 1.68, 0.9956, -0.0659, -0.0655, 0.0103
15:30:47, 9.77, 293, 352.57, 352.52, 1.60, 0.9957, -0.0660, -0.0638, 0.0097
15:30:47, 9.80, 294, 352.78, 352.51, 1.51, 0.9959, -0.0660, -0.0620, 0.0090
15:30:48, 9.80, 294, 352.99, 352.50, 1.43, 0.9960, -0.0661, -0.0602, 0.0084
15:30:48, 9.83, 295, 353.21, 352.48, 1.37, 0.9961, -0.0662, -0.0583, 0.0080
15:30:48, 9.83, 295, 353.42, 352.45, 1.27, 0.9962, -0.0663, -0.0565, 0.0073
15:30:48, 9.87, 296, 353.64, 352.43, 1.19, 0.9963, -0.0665, -0.0547, 0.0067
15:30:48, 9.87, 296, 353.88, 352.39, 1.11, 0.9964, -0.0667, -0.0526, 0.0062
15:30:48, 9.87, 296, 354.18, 352.33, 1.04, 0.9965, -0.0673, -0.0500, 0.0057
15:30:48, 9.90, 297, 354.49, 352.25, 0.98, 0.9966, -0.0679, -0.0474, 0.0053
15:30:48, 9.90, 297, 354.82, 352.19, 0.92, 0.9967, -0.0684, -0.0445, 0.0049
15:30:48, 9.93, 298, 355.20, 352.09, 0.87, 0.9967, -0.0693, -0.0412, 0.0047
15:30:48, 9.93, 298, 355.58, 351.96, 0.87, 0.9968, -0.0704, -0.0379, 0.0049
15:30:48, 9.93, 298, 356.00, 351.90, 0.84, 0.9969, -0.0708, -0.0343, 0.0049
15:30:48, 9.97, 299, 356.47, 351.82, 0.81, 0.9970, -0.0715, -0.0302, 0.0049
15:30:48, 9.97, 299, 356.91, 351.73, 0.80, 0.9970, -0.0723, -0.0264, 0.0050
