Timestamp, VideoTime, VideoFrame, HeadYaw, HeadPitch, HeadRoll, HeadQuatW, HeadQuatX, HeadQuatY, HeadQuatZ
13:36:10, 0.00, 0, 3.83, 3.34, 2.45, 0.9988, 0.0298, 0.0328, 0.0204
13:36:10, 0.03, 1, 3.83, 3.30, 2.46, 0.9988, 0.0295, 0.0327, 0.0205
13:36:10, 0.03, 1, 3.83, 3.24, 2.45, 0.9988, 0.0289, 0.0328, 0.0204
13:36:10, 0.03, 1, 3.82, 3.17, 2.45, 0.9989, 0.0284, 0.0327, 0.0205
13:36:10, 0.07, 2, 3.81, 3.09, 2.46, 0.9989, 0.0277, 0.0326, 0.0206
13:36:10, 0.07, 2, 3.82, 3.05, 2.45, 0.9989, 0.0273, 0.0327, 0.0204
13:36:10, 0.10, 3, 3.81, 2.98, 2.45, 0.9989, 0.0267, 0.0327, 0.0205
13:36:10, 0.10, 3, 3.80, 2.90, 2.46, 0.9989, 0.0260, 0.0326, 0.0206
13:36:10, 0.10, 3, 3.79, 2.89, 2.46, 0.9989, 0.0259, 0.0325, 0.0206
13:36:10, 0.13, 4, 3.78, 2.85, 2.46, 0.9989, 0.0256, 0.0324, 0.0206
13:36:10, 0.13, 4, 3.76, 2.79, 2.45, 0.9990, 0.0250, 0.0323, 0.0206
13:36:10, 0.17, 5, 3.75, 2.77, 2.45, 0.9990, 0.0248, 0.0322, 0.0206
13:36:10, 0.17, 5, 3.74, 2.71, 2.47, 0.9990, 0.0243, 0.0321, 0.0208
13:36:10, 0.17, 5, 3.71, 2.67, 2.48, 0.9990, 0.0240, 0.0319, 0.0208
13:36:10, 0.20, 6, 3.71, 2.65, 2.46, 0.9990, 0.0238, 0.0318, 0.0207
13:36:11, 0.20, 6, 3.68, 2.64, 2.48, 0.9990, 0.0238, 0.0316, 0.0209
13:36:11, 0.23, 7, 3.67, 2.61, 2.49, 0.9990, 0.0234, 0.0315, 0.0210
13:36:11, 0.23, 7, 3.65, 2.58, 2.52, 0.9990, 0.0232, 0.0314, 0.0213
13:36:11, 0.23, 7, 3.64, 2.56, 2.54, 0.9990, 0.0230, 0.0312, 0.0214
13:36:11, 0.27, 8, 3.62, 2.55, 2.53, 0.9990, 0.0230, 0.0311, 0.0214
13:36:11, 0.27, 8, 3.63, 2.56, 2.52, 0.9990, 0.0230, 0.0311, 0.0213
13:36:11, 0.30, 9, 3.62, 2.54, 2.54, 0.9990, 0.0229, 0.0311, 0.0214
13:36:11, 0.30, 9, 3.61, 2.55, 2.56, 0.9990, 0.0229, 0.0310, 0.0217
13:36:11, 0.33, 10, 3.59, 2.54, 2.54, 0.9990, 0.0229, 0.0308, 0.0214
13:36:11, 0.33, 10, 3.59, 2.53, 2.50, 0.9990, 0.0227, 0.0308, 0.0211
13:36:11, 0.33, 10, 3.62, 2.53, 2.46, 0.9990, 0.0227, 0.0311, 0.0208
13:36:11, 0.37, 11, 3.61, 2.53, 2.46, 0.9990, 0.0227, 0.0310, 0.0207
13:36:11, 0.37, 11, 3.61, 2.55, 2.48, 0.9990, 0.0229, 0.0310, 0.0209
13:36:11, 0.40, 12, 3.62, 2.56, 2.48, 0.9990, 0.0230, 0.0311, 0.0210
13:36:11, 0.40, 12, 3.62, 2.57, 2.49, 0.9990, 0.0231, 0.0311, 0.0210
13:36:11, 0.40, 12, 3.63, 2.61, 2.48, 0.9990, 0.0234, 0.0312, 0.0209
13:36:11, 0.43, 13, 3.67, 2.63, 2.46, 0.9990, 0.0236, 0.0315, 0.0207
13:36:11, 0.43, 13, 3.67, 2.63, 2.49, 0.9990, 0.0236, 0.0315, 0.0210
13:36:11, 0.47, 14, 3.68, 2.63, 2.48, 0.9990, 0.0236, 0.0316, 0.0209
13:36:11, 0.47, 14, 3.69, 2.64, 2.51, 0.9990, 0.0238, 0.0317, 0.0211
13:36:11, 0.50, 15, 3.67, 2.63, 2.52, 0.9990, 0.0236, 0.0315, 0.0213
13:36:11, 0.50, 15, 3.66, 2.61, 2.53, 0.9990, 0.0235, 0.0314, 0.0213
13:36:11, 0.50, 15, 3.66, 2.61, 2.52, 0.9990, 0.0234, 0.0314, 0.0212
13:36:11, 0.53, 16, 3.67, 2.61, 2.49, 0.9990, 0.0235, 0.0315, 0.0210
13:36:11, 0.53, 16, 3.66, 2.62, 2.49, 0.9990, 0.0235, 0.0314, 0.0209
13:36:11, 0.57, 17, 3.63, 2.63, 2.49, 0.9990, 0.0237, 0.0312, 0.0210
13:36:11, 0.57, 17, 3.62, 2.64, 2.47, 0.9990, 0.0237, 0.0310, 0.0208
13:36:11, 0.60, 18, 3.59, 2.64, 2.45, 0.9990, 0.0237, 0.0309, 0.0206
13:36:11, 0.60, 18, 3.60, 2.64, 2.44, 0.9990, 0.0237, 0.0309, 0.0205
13:36:11, 0.60, 18, 3.63, 2.64, 2.43, 0.9990, 0.0237, 0.0312, 0.0204
13:36:11, 0.63, 19, 3.65, 2.65, 2.42, 0.9990, 0.0238, 0.0313, 0.0203
13:36:11, 0.63, 19, 3.65, 2.66, 2.41, 0.9990, 0.0238, 0.0313, 0.0203
13:36:11, 0.67, 20, 3.66, 2.67, 2.41, 0.9990, 0.0240, 0.0314, 0.0202
13:36:11, 0.67, 20, 3.66, 2.69, 2.40, 0.9990, 0.0241, 0.0314, 0.0202
13:36:11, 0.67, 20, 3.67, 2.73, 2.39, 0.9990, 0.0245, 0.0315, 0.0201
13:36:11, 0.70, 21, 3.69, 2.76, 2.39, 0.9990, 0.0247, 0.0317, 0.0201
13:36:11, 0.70, 21, 3.72, 2.77, 2.38, 0.9990, 0.0248, 0.0320, 0.0200
13:36:11, 0.73, 22, 3.73, 2.77, 2.40, 0.9990, 0.0248, 0.0320, 0.0202
13:36:11, 0.73, 22, 3.73, 2.76, 2.40, 0.9990, 0.0248, 0.0320, 0.0201
13:36:11, 0.77, 23, 3.73, 2.74, 2.40, 0.9990, 0.0246, 0.0321, 0.0201
13:36:11, 0.77, 23, 3.76, 2.72, 2.38, 0.9990, 0.0244, 0.0323, 0.0200
13:36:11, 0.77, 23, 3.80, 2.65, 2.37, 0.9990, 0.0238, 0.0326, 0.0199
13:36:11, 0.80, 24, 3.83, 2.58, 2.36, 0.9990, 0.0232, 0.0330, 0.0198
13:36:11, 0.80, 24, 3.86, 2.52, 2.37, 0.9990, 0.0226, 0.0332, 0.0199
13:36:11, 0.83, 25, 3.90, 2.49, 2.33, 0.9990, 0.0224, 0.0336, 0.0196
13:36:11, 0.83, 25, 3.93, 2.43, 2.33, 0.9990, 0.0218, 0.0338, 0.0196
13:36:11, 0.83, 25, 3.97, 2.40, 2.32, 0.9990, 0.0217, 0.0342, 0.0195
13:36:11, 0.87, 26, 3.99, 2.34, 2.33, 0.9990, 0.0211, 0.0344, 0.0196
13:36:11, 0.87, 26, 4.02, 2.28, 2.32, 0.9990, 0.0206, 0.0346, 0.0195
13:36:11, 0.90, 27, 4.05, 2.25, 2.30, 0.9990, 0.0203, 0.0349, 0.0194
13:36:11, 0.90, 27, 4.08, 2.25, 2.27, 0.9990, 0.0203, 0.0352, 0.0191
13:36:11, 0.93, 28, 4.12, 2.27, 2.27, 0.9990, 0.0205, 0.0355, 0.0191
13:36:11, 0.93, 28, 4.15, 2.33, 2.26, 0.9990, 0.0210, 0.0358, 0.0189
13:36:11, 0.93, 28, 4.20, 2.37, 2.23, 0.9989, 0.0214, 0.0362, 0.0187
13:36:11, 0.97, 29, 4.28, 2.49, 2.19, 0.9989, 0.0224, 0.0369, 0.0183
13:36:11, 0.97, 29, 4.38, 2.66, 2.15, 0.9988, 0.0239, 0.0377, 0.0179
13:36:11, 1.00, 30, 4.48, 2.91, 2.06, 0.9988, 0.0261, 0.0386, 0.0170
13:36:11, 1.00, 30, 4.62, 3.07, 1.99, 0.9987, 0.0275, 0.0398, 0.0163
13:36:11, 1.00, 30, 4.78, 3.30, 1.92, 0.9986, 0.0295, 0.0412, 0.0155
13:36:11, 1.03, 31, 4.92, 3.47, 1.89, 0.9985, 0.0309, 0.0424, 0.0152
13:36:11, 1.03, 31, 5.08, 3.62, 1.85, 0.9984, 0.0322, 0.0438, 0.0147
13:36:11, 1.07, 32, 5.20, 3.78, 1.84, 0.9983, 0.0337, 0.0448, 0.0145
13:36:11, 1.07, 32, 5.33, 4.05, 1.80, 0.9982, 0.0360, 0.0459, 0.0140
13:36:11, 1.10, 33, 5.44, 4.34, 1.73, 0.9981, 0.0385, 0.0468, 0.0132
13:36:11, 1.10, 33, 5.59, 4.75, 1.62, 0.9979, 0.0420, 0.0481, 0.0120
13:36:11, 1.10, 33, 5.77, 5.26, 1.54, 0.9976, 0.0465, 0.0496, 0.0111
13:36:11, 1.13, 34, 5.93, 5.59, 1.61, 0.9974, 0.0494, 0.0510, 0.0115
13:36:11, 1.13, 34, 6.05, 5.83, 1.61, 0.9973, 0.0515, 0.0520, 0.0113
13:36:11, 1.17, 35, 6.20, 5.95, 1.49, 0.9971, 0.0526, 0.0533, 0.0102
13:36:11, 1.17, 35, 6.30, 6.18, 1.44, 0.9970, 0.0545, 0.0542, 0.0096
13:36:11, 1.17, 35, 6.44, 6.50, 1.46, 0.9968, 0.0573, 0.0554, 0.0095
13:36:11, 1.20, 36, 6.59, 6.81, 1.48, 0.9965, 0.0600, 0.0566, 0.0094
13:36:12, 1.20, 36, 6.65, 6.98, 1.51, 0.9964, 0.0616, 0.0571, 0.0096
13:36:12, 1.23, 37, 6.71, 7.00, 1.48, 0.9964, 0.0617, 0.0577, 0.0093
13:36:12, 1.23, 37, 6.77, 6.91, 1.43, 0.9964, 0.0609, 0.0582, 0.0089
13:36:12, 1.27, 38, 6.80, 6.88, 1.43, 0.9964, 0.0606, 0.0585, 0.0089
13:36:12, 1.27, 38, 6.83, 6.94, 1.43, 0.9964, 0.0612, 0.0587, 0.0088
13:36:12, 1.27, 38, 6.83, 7.07, 1.44, 0.9963, 0.0623, 0.0586, 0.0089
13:36:12, 1.30, 39, 6.82, 7.25, 1.44, 0.9962, 0.0639, 0.0585, 0.0087
13:36:12, 1.30, 39, 6.80, 7.44, 1.40, 0.9961, 0.0655, 0.0584, 0.0083
13:36:12, 1.33, 40, 6.79, 7.67, 1.37, 0.9960, 0.0675, 0.0583, 0.0079
13:36:12, 1.33, 40, 6.78, 7.84, 1.30, 0.9959, 0.0689, 0.0582, 0.0072
13:36:12, 1.33, 40, 6.78, 7.96, 1.22, 0.9958, 0.0699, 0.0583, 0.0065
13:36:12, 1.37, 41, 6.76, 8.16, 1.13, 0.9957, 0.0716, 0.0581, 0.0057
13:36:12, 1.37, 41, 6.75, 8.45, 1.05, 0.9956, 0.0741, 0.0580, 0.0048
13:36:12, 1.40, 42, 6.76, 8.84, 0.96, 0.9953, 0.0774, 0.0581, 0.0038
13:36:12, 1.40, 42, 6.76, 9.29, 0.87, 0.9950, 0.0813, 0.0581, 0.0028
13:36:12, 1.43, 43, 6.75, 9.67, 0.78, 0.9947, 0.0845, 0.0581, 0.0018
13:36:12, 1.43, 43, 6.79, 10.01, 0.75, 0.9945, 0.0875, 0.0584, 0.0014
13:36:12, 1.43, 43, 6.81, 10.27, 0.69, 0.9942, 0.0897, 0.0586, 0.0007
13:36:12, 1.47, 44, 6.85, 10.52, 0.67, 0.9940, 0.0919, 0.0589, 0.0003
13:36:12, 1.47, 44, 6.88, 10.87, 0.63, 0.9937, 0.0948, 0.0592, -0.0002
13:36:12, 1.50, 45, 6.93, 11.27, 0.58, 0.9934, 0.0983, 0.0596, -0.0009
13:36:12, 1.50, 45, 7.05, 11.64, 0.59, 0.9930, 0.1016, 0.0607, -0.0012
13:36:12, 1.50, 45, 7.11, 11.90, 0.55, 0.9927, 0.1037, 0.0612, -0.0016
13:36:12, 1.53, 46, 7.27, 12.05, 0.54, 0.9925, 0.1050, 0.0626, -0.0019
13:36:12, 1.53, 46, 7.34, 12.17, 0.53, 0.9924, 0.1061, 0.0631, -0.0022
13:36:12, 1.57, 47, 7.46, 12.29, 0.52, 0.9922, 0.1071, 0.0642, -0.0025
13:36:12, 1.57, 47, 7.60, 12.37, 0.53, 0.9920, 0.1078, 0.0654, -0.0026
13:36:12, 1.60, 48, 7.76, 12.40, 0.49, 0.9919, 0.1081, 0.0668, -0.0031
13:36:12, 1.60, 48, 7.96, 12.40, 0.50, 0.9918, 0.1081, 0.0685, -0.0031
13:36:12, 1.60, 48, 8.17, 12.39, 0.51, 0.9917, 0.1079, 0.0703, -0.0033
13:36:12, 1.63, 49, 8.39, 12.37, 0.50, 0.9915, 0.1078, 0.0722, -0.0036
13:36:12, 1.63, 49, 8.65, 12.42, 0.48, 0.9913, 0.1082, 0.0745, -0.0040
13:36:12, 1.67, 50, 8.93, 12.51, 0.41, 0.9911, 0.1089, 0.0770, -0.0049
13:36:12, 1.67, 50, 9.30, 12.63, 0.34, 0.9907, 0.1099, 0.0802, -0.0060
13:36:12, 1.67, 50, 9.77, 12.71, 0.18, 0.9903, 0.1104, 0.0844, -0.0078
13:36:12, 1.70, 51, 10.31, 12.84, 359.97, 0.9897, 0.1113, 0.0893, -0.0103
13:36:12, 1.70, 51, 10.84, 12.99, 359.76, 0.9891, 0.1124, 0.0941, -0.0128
13:36:12, 1.73, 52, 11.49, 13.22, 359.50, 0.9883, 0.1141, 0.1000, -0.0158
13:36:12, 1.73, 52, 12.17, 13.47, 359.30, 0.9874, 0.1160, 0.1060, -0.0185
13:36:12, 1.77, 53, 12.86, 13.69, 359.06, 0.9865, 0.1175, 0.1122, -0.0214
13:36:12, 1.77, 53, 13.48, 13.93, 358.86, 0.9856, 0.1192, 0.1177, -0.0241
13:36:12, 1.77, 53, 14.16, 14.16, 358.77, 0.9846, 0.1210, 0.1236, -0.0258
13:36:12, 1.80, 54, 14.78, 14.38, 358.61, 0.9836, 0.1225, 0.1291, -0.0281
13:36:12, 1.80, 54, 15.46, 14.59, 358.46, 0.9826, 0.1240, 0.1351, -0.0303
13:36:12, 1.83, 55, 16.19, 14.87, 358.30, 0.9813, 0.1260, 0.1415, -0.0328
13:36:12, 1.83, 55, 16.95, 15.12, 358.23, 0.9801, 0.1279, 0.1481, -0.0345
13:36:12, 1.83, 55, 17.60, 15.24, 358.13, 0.9790, 0.1286, 0.1537, -0.0363
13:36:12, 1.87, 56, 18.25, 15.36, 358.11, 0.9780, 0.1293, 0.1594, -0.0373
13:36:12, 1.87, 56, 18.92, 15.50, 358.03, 0.9769, 0.1302, 0.1651, -0.0390
13:36:12, 1.90, 57, 19.48, 15.60, 358.02, 0.9759, 0.1308, 0.1699, -0.0399
13:36:12, 1.90, 57, 20.06, 15.73, 358.01, 0.9749, 0.1317, 0.1748, -0.0408
13:36:12, 1.93, 58, 20.54, 15.84, 358.02, 0.9740, 0.1325, 0.1789, -0.0414
13:36:12, 1.93, 58, 20.96, 15.95, 358.09, 0.9732, 0.1334, 0.1824, -0.0415
13:36:12, 1.93, 58, 21.33, 16.05, 358.09, 0.9725, 0.1341, 0.1855, -0.0421
13:36:12, 1.97, 59, 21.58, 16.13, 358.07, 0.9720, 0.1347, 0.1877, -0.0426
13:36:12, 1.97, 59, 21.83, 16.24, 358.06, 0.9715, 0.1355, 0.1898, -0.0432
13:36:12, 2.00, 60, 22.06, 16.35, 358.02, 0.9709, 0.1362, 0.1917, -0.0440
13:36:12, 2.00, 60, 22.26, 16.42, 357.91, 0.9705, 0.1366, 0.1936, -0.0453
13:36:12, 2.00, 60, 22.44, 16.47, 357.80, 0.9701, 0.1367, 0.1953, -0.0465
13:36:12, 2.03, 61, 22.59, 16.58, 357.72, 0.9696, 0.1375, 0.1966, -0.0476
13:36:12, 2.03, 61, 22.69, 16.73, 357.61, 0.9692, 0.1385, 0.1976, -0.0488
13:36:12, 2.07, 62, 22.79, 16.84, 357.54, 0.9689, 0.1393, 0.1984, -0.0497
13:36:12, 2.07, 62, 22.79, 17.03, 357.48, 0.9686, 0.1408, 0.1985, -0.0505
13:36:12, 2.10, 63, 22.78, 17.16, 357.43, 0.9684, 0.1418, 0.1985, -0.0512
13:36:12, 2.10, 63, 22.76, 17.31, 357.33, 0.9682, 0.1430, 0.1984, -0.0522
13:36:12, 2.10, 63, 22.76, 17.43, 357.26, 0.9680, 0.1438, 0.1986, -0.0531
13:36:12, 2.13, 64, 22.75, 17.58, 357.18, 0.9678, 0.1450, 0.1985, -0.0540
13:36:12, 2.13, 64, 22.74, 17.80, 357.19, 0.9675, 0.1468, 0.1984, -0.0542
13:36:12, 2.17, 65, 22.70, 17.99, 357.18, 0.9673, 0.1484, 0.1981, -0.0546
13:36:12, 2.17, 65, 22.66, 18.17, 357.22, 0.9672, 0.1500, 0.1977, -0.0545
13:36:12, 2.17, 65, 22.60, 18.29, 357.22, 0.9671, 0.1511, 0.1972, -0.0547
13:36:12, 2.20, 66, 22.57, 18.39, 357.22, 0.9670, 0.1519, 0.1969, -0.0547
13:36:13, 2.20, 66, 22.53, 18.46, 357.21, 0.9670, 0.1526, 0.1966, -0.0549
13:36:13, 2.23, 67, 22.47, 18.55, 357.20, 0.9670, 0.1533, 0.1961, -0.0551
13:36:13, 2.23, 67, 22.42, 18.57, 357.21, 0.9670, 0.1535, 0.1956, -0.0550
13:36:13, 2.27, 68, 22.37, 18.59, 357.17, 0.9671, 0.1536, 0.1952, -0.0552
13:36:13, 2.27, 68, 22.28, 18.56, 357.15, 0.9672, 0.1534, 0.1946, -0.0552
13:36:13, 2.27, 68, 22.21, 18.53, 357.15, 0.9674, 0.1532, 0.1940, -0.0551
13:36:13, 2.30, 69, 22.13, 18.49, 357.12, 0.9676, 0.1529, 0.1933, -0.0551
13:36:13, 2.30, 69, 22.04, 18.44, 357.15, 0.9678, 0.1526, 0.1926, -0.0547
13:36:13, 2.33, 70, 21.96, 18.38, 357.16, 0.9680, 0.1520, 0.1919, -0.0544
13:36:13, 2.33, 70, 21.86, 18.33, 357.16, 0.9683, 0.1517, 0.1910, -0.0542
13:36:13, 2.33, 70, 21.77, 18.29, 357.16, 0.9685, 0.1515, 0.1903, -0.0540
13:36:13, 2.37, 71, 21.67, 18.27, 357.17, 0.9687, 0.1513, 0.1894, -0.0538
13:36:13, 2.37, 71, 21.58, 18.26, 357.18, 0.9689, 0.1513, 0.1886, -0.0536
13:36:13, 2.40, 72, 21.48, 18.27, 357.19, 0.9690, 0.1515, 0.1878, -0.0534
13:36:13, 2.40, 72, 21.42, 18.26, 357.22, 0.9691, 0.1514, 0.1872, -0.0530
13:36:13, 2.43, 73, 21.32, 18.28, 357.23, 0.9693, 0.1516, 0.1864, -0.0528
13:36:13, 2.43, 73, 21.23, 18.28, 357.27, 0.9694, 0.1517, 0.1855, -0.0524
13:36:13, 2.43, 73, 21.16, 18.30, 357.25, 0.9695, 0.1519, 0.1850, -0.0525
13:36:13, 2.47, 74, 21.11, 18.33, 357.24, 0.9696, 0.1522, 0.1845, -0.0525
13:36:13, 2.47, 74, 21.04, 18.41, 357.24, 0.9695, 0.1529, 0.1840, -0.0525
13:36:13, 2.50, 75, 21.00, 18.53, 357.28, 0.9695, 0.1539, 0.1835, -0.0524
13:36:13, 2.50, 75, 20.93, 18.66, 357.28, 0.9694, 0.1552, 0.1830, -0.0525
13:36:13, 2.50, 75, 20.91, 18.79, 357.32, 0.9692, 0.1563, 0.1827, -0.0523
13:36:13, 2.53, 76, 20.86, 18.92, 357.33, 0.9691, 0.1575, 0.1823, -0.0524
13:36:13, 2.53, 76, 20.83, 18.99, 357.34, 0.9691, 0.1580, 0.1820, -0.0523
13:36:13, 2.57, 77, 20.79, 19.09, 357.38, 0.9690, 0.1590, 0.1816, -0.0521
13:36:13, 2.57, 77, 20.77, 19.17, 357.39, 0.9690, 0.1597, 0.1814, -0.0521
13:36:13, 2.60, 78, 20.72, 19.31, 357.42, 0.9688, 0.1610, 0.1810, -0.0520
13:36:13, 2.60, 78, 20.67, 19.43, 357.47, 0.9688, 0.1620, 0.1805, -0.0516
13:36:13, 2.60, 78, 20.62, 19.58, 357.52, 0.9686, 0.1634, 0.1800, -0.0514
13:36:13, 2.63, 79, 20.57, 19.72, 357.55, 0.9685, 0.1647, 0.1795, -0.0513
13:36:13, 2.63, 79, 20.52, 19.88, 357.57, 0.9684, 0.1661, 0.1790, -0.0513
13:36:13, 2.67, 80, 20.46, 20.04, 357.55, 0.9682, 0.1674, 0.1785, -0.0516
13:36:13, 2.67, 80, 20.39, 20.26, 357.58, 0.9680, 0.1694, 0.1778, -0.0516
13:36:13, 2.67, 80, 20.29, 20.53, 357.61, 0.9677, 0.1718, 0.1770, -0.0516
13:36:13, 2.70, 81, 20.22, 20.77, 357.63, 0.9675, 0.1739, 0.1763, -0.0517
13:36:13, 2.70, 81, 20.14, 20.93, 357.67, 0.9674, 0.1753, 0.1756, -0.0515
13:36:13, 2.73, 82, 20.06, 21.03, 357.67, 0.9673, 0.1762, 0.1749, -0.0515
13:36:13, 2.73, 82, 20.02, 21.12, 357.63, 0.9672, 0.1769, 0.1746, -0.0519
13:36:13, 2.77, 83, 19.97, 21.26, 357.60, 0.9671, 0.1781, 0.1742, -0.0522
13:36:13, 2.77, 83, 19.91, 21.50, 357.60, 0.9668, 0.1801, 0.1736, -0.0525
13:36:13, 2.77, 83, 19.87, 21.78, 357.59, 0.9664, 0.1825, 0.1733, -0.0529
13:36:13, 2.80, 84, 19.81, 22.14, 357.56, 0.9658, 0.1855, 0.1728, -0.0536
13:36:13, 2.80, 84, 19.74, 22.53, 357.55, 0.9653, 0.1888, 0.1722, -0.0541
13:36:13, 2.83, 85, 19.69, 22.93, 357.54, 0.9647, 0.1922, 0.1717, -0.0547
13:36:13, 2.83, 85, 19.66, 23.33, 357.54, 0.9640, 0.1956, 0.1714, -0.0553
13:36:13, 2.83, 85, 19.65, 23.70, 357.49, 0.9633, 0.1986, 0.1714, -0.0561
13:36:13, 2.87, 86, 19.59, 24.14, 357.45, 0.9626, 0.2023, 0.1709, -0.0570
13:36:13, 2.87, 86, 19.57, 24.62, 357.42, 0.9618, 0.2063, 0.1707, -0.0579
13:36:13, 2.90, 87, 19.49, 24.97, 357.43, 0.9612, 0.2093, 0.1700, -0.0582
13:36:13, 2.90, 87, 19.53, 25.18, 357.42, 0.9607, 0.2110, 0.1704, -0.0586
13:36:13, 2.93, 88, 19.55, 25.33, 357.43, 0.9604, 0.2123, 0.1705, -0.0588
13:36:13, 2.93, 88, 19.52, 25.41, 357.35, 0.9603, 0.2129, 0.1703, -0.0595
13:36:13, 2.93, 88, 19.51, 25.59, 357.33, 0.9599, 0.2144, 0.1703, -0.0599
13:36:13, 2.97, 89, 19.50, 25.81, 357.33, 0.9595, 0.2162, 0.1702, -0.0602
13:36:13, 2.97, 89, 19.46, 26.03, 357.36, 0.9592, 0.2181, 0.1698, -0.0602
13:36:13, 3.00, 90, 19.46, 26.14, 357.41, 0.9590, 0.2191, 0.1696, -0.0599
13:36:13, 3.00, 90, 19.45, 26.14, 357.41, 0.9590, 0.2191, 0.1695, -0.0599
13:36:13, 3.03, 91, 19.43, 26.05, 357.40, 0.9592, 0.2184, 0.1694, -0.0598
13:36:13, 3.03, 91, 19.39, 26.03, 357.39, 0.9593, 0.2182, 0.1691, -0.0598
13:36:13, 3.03, 91, 19.36, 26.07, 357.40, 0.9593, 0.2185, 0.1688, -0.0597
13:36:13, 3.07, 92, 19.32, 26.06, 357.40, 0.9593, 0.2185, 0.1685, -0.0596
13:36:13, 3.07, 92, 19.28, 26.02, 357.41, 0.9595, 0.2182, 0.1681, -0.0593
13:36:13, 3.10, 93, 19.24, 25.94, 357.41, 0.9597, 0.2176, 0.1678, -0.0592
13:36:13, 3.10, 93, 19.22, 25.82, 357.41, 0.9599, 0.2166, 0.1677, -0.0590
13:36:13, 3.10, 93, 19.20, 25.71, 357.40, 0.9602, 0.2156, 0.1675, -0.0589
13:36:13, 3.13, 94, 19.17, 25.67, 357.41, 0.9603, 0.2153, 0.1673, -0.0587
13:36:13, 3.13, 94, 19.12, 25.63, 357.42, 0.9605, 0.2150, 0.1668, -0.0584
13:36:13, 3.17, 95, 19.08, 25.57, 357.43, 0.9607, 0.2145, 0.1665, -0.0582
13:36:13, 3.17, 95, 19.06, 25.50, 357.47, 0.9608, 0.2140, 0.1662, -0.0578
13:36:13, 3.17, 95, 19.00, 25.46, 357.45, 0.9610, 0.2137, 0.1658, -0.0578
13:36:13, 3.20, 96, 18.96, 25.42, 357.44, 0.9611, 0.2134, 0.1654, -0.0577
13:36:14, 3.20, 96, 18.93, 25.44, 357.45, 0.9611, 0.2135, 0.1652, -0.0576
13:36:14, 3.23, 97, 18.90, 25.42, 357.45, 0.9612, 0.2134, 0.1649, -0.0575
13:36:14, 3.23, 97, 18.88, 25.43, 357.46, 0.9612, 0.2135, 0.1648, -0.0574
13:36:14, 3.27, 98, 18.84, 25.44, 357.47, 0.9613, 0.2136, 0.1644, -0.0573
13:36:14, 3.27, 98, 18.80, 25.46, 357.46, 0.9613, 0.2138, 0.1641, -0.0573
13:36:14, 3.27, 98, 18.79, 25.49, 357.46, 0.9613, 0.2140, 0.1640, -0.0574
13:36:14, 3.30, 99, 18.79, 25.51, 357.47, 0.9612, 0.2142, 0.1640, -0.0573
13:36:14, 3.30, 99, 18.75, 25.53, 357.45, 0.9612, 0.2144, 0.1637, -0.0574
13:36:14, 3.33, 100, 18.77, 25.53, 357.46, 0.9612, 0.2144, 0.1639, -0.0574
13:36:14, 3.33, 100, 18.77, 25.53, 357.47, 0.9612, 0.2144, 0.1638, -0.0573
13:36:14, 3.37, 101, 18.77, 25.52, 357.47, 0.9612, 0.2143, 0.1638, -0.0572
13:36:14, 3.37, 101, 18.78, 25.50, 357.49, 0.9613, 0.2142, 0.1638, -0.0570
13:36:14, 3.37, 101, 18.77, 25.47, 357.53, 0.9613, 0.2140, 0.1637, -0.0567
13:36:14, 3.40, 102, 18.77, 25.40, 357.55, 0.9615, 0.2134, 0.1637, -0.0564
13:36:14, 3.40, 102, 18.76, 25.33, 357.57, 0.9616, 0.2129, 0.1636, -0.0561
13:36:14, 3.43, 103, 18.74, 25.23, 357.60, 0.9619, 0.2121, 0.1634, -0.0557
13:36:14, 3.43, 103, 18.71, 25.15, 357.61, 0.9621, 0.2115, 0.1631, -0.0555
13:36:14, 3.43, 103, 18.68, 25.07, 357.61, 0.9623, 0.2108, 0.1628, -0.0553
13:36:14, 3.47, 104, 18.65, 24.97, 357.59, 0.9625, 0.2100, 0.1626, -0.0552
13:36:14, 3.47, 104, 18.66, 24.85, 357.56, 0.9627, 0.2089, 0.1628, -0.0554
13:36:14, 3.50, 105, 18.63, 24.79, 357.55, 0.9629, 0.2084, 0.1625, -0.0553
13:36:14, 3.50, 105, 18.61, 24.75, 357.53, 0.9630, 0.2080, 0.1624, -0.0554
13:36:14, 3.50, 105, 18.59, 24.73, 357.55, 0.9630, 0.2079, 0.1623, -0.0552
13:36:14, 3.53, 106, 18.56, 24.71, 357.52, 0.9631, 0.2077, 0.1620, -0.0553
13:36:14, 3.53, 106, 18.53, 24.68, 357.53, 0.9632, 0.2075, 0.1618, -0.0551
13:36:14, 3.57, 107, 18.55, 24.65, 357.53, 0.9632, 0.2072, 0.1619, -0.0552
13:36:14, 3.57, 107, 18.54, 24.63, 357.51, 0.9633, 0.2070, 0.1620, -0.0553
13:36:14, 3.60, 108, 18.55, 24.61, 357.53, 0.9633, 0.2068, 0.1620, -0.0551
13:36:14, 3.60, 108, 18.55, 24.56, 357.53, 0.9634, 0.2065, 0.1619, -0.0550
13:36:14, 3.60, 108, 18.54, 24.54, 357.52, 0.9634, 0.2063, 0.1619, -0.0551
13:36:14, 3.63, 109, 18.54, 24.51, 357.54, 0.9635, 0.2060, 0.1619, -0.0549
13:36:14, 3.63, 109, 18.52, 24.53, 357.54, 0.9635, 0.2063, 0.1617, -0.0549
13:36:14, 3.67, 110, 18.52, 24.52, 357.54, 0.9635, 0.2062, 0.1617, -0.0549
13:36:14, 3.67, 110, 18.51, 24.54, 357.54, 0.9635, 0.2063, 0.1616, -0.0549
13:36:14, 3.67, 110, 18.45, 24.55, 357.55, 0.9635, 0.2064, 0.1611, -0.0547
13:36:14, 3.70, 111, 18.46, 24.52, 357.54, 0.9636, 0.2062, 0.1612, -0.0548
13:36:14, 3.70, 111, 18.42, 24.44, 357.51, 0.9638, 0.2055, 0.1609, -0.0548
13:36:14, 3.73, 112, 18.41, 24.42, 357.49, 0.9638, 0.2053, 0.1609, -0.0550
13:36:14, 3.73, 112, 18.42, 24.36, 357.48, 0.9639, 0.2048, 0.1610, -0.0549
13:36:14, 3.77, 113, 18.39, 24.33, 357.48, 0.9640, 0.2045, 0.1608, -0.0549
13:36:14, 3.77, 113, 18.35, 24.26, 357.50, 0.9642, 0.2040, 0.1604, -0.0545
13:36:14, 3.77, 113, 18.30, 24.18, 357.53, 0.9644, 0.2034, 0.1599, -0.0541
13:36:14, 3.80, 114, 18.23, 24.11, 357.50, 0.9646, 0.2028, 0.1594, -0.0541
13:36:14, 3.80, 114, 18.20, 24.04, 357.52, 0.9648, 0.2023, 0.1591, -0.0538
13:36:14, 3.83, 115, 18.13, 23.96, 357.52, 0.9651, 0.2016, 0.1586, -0.0536
13:36:14, 3.83, 115, 18.07, 23.90, 357.47, 0.9652, 0.2011, 0.1581, -0.0538
13:36:14, 3.83, 115, 18.02, 23.84, 357.47, 0.9654, 0.2005, 0.1577, -0.0537
13:36:14, 3.87, 116, 17.95, 23.77, 357.44, 0.9656, 0.1999, 0.1572, -0.0537
13:36:14, 3.87, 116, 17.90, 23.70, 357.43, 0.9658, 0.1994, 0.1568, -0.0536
13:36:14, 3.90, 117, 17.83, 23.61, 357.42, 0.9661, 0.1986, 0.1562, -0.0535
13:36:14, 3.90, 117, 17.78, 23.56, 357.40, 0.9662, 0.1982, 0.1558, -0.0535
13:36:14, 3.93, 118, 17.73, 23.52, 357.37, 0.9663, 0.1979, 0.1555, -0.0536
13:36:14, 3.93, 118, 17.69, 23.48, 357.35, 0.9664, 0.1975, 0.1552, -0.0537
13:36:14, 3.93, 118, 17.65, 23.46, 357.34, 0.9665, 0.1974, 0.1548, -0.0536
13:36:14, 3.97, 119, 17.61, 23.43, 357.33, 0.9667, 0.1971, 0.1545, -0.0536
13:36:14, 3.97, 119, 17.57, 23.41, 357.34, 0.9667, 0.1970, 0.1542, -0.0534
13:36:14, 4.00, 120, 17.56, 23.39, 357.34, 0.9668, 0.1968, 0.1541, -0.0534
13:36:14, 4.00, 120, 17.55, 23.39, 357.36, 0.9668, 0.1969, 0.1540, -0.0532
13:36:14, 4.00, 120, 17.52, 23.39, 357.37, 0.9669, 0.1968, 0.1537, -0.0531
13:36:14, 4.03, 121, 17.54, 23.39, 357.41, 0.9668, 0.1969, 0.1538, -0.0527
13:36:14, 4.03, 121, 17.55, 23.36, 357.45, 0.9669, 0.1967, 0.1538, -0.0524
13:36:14, 4.07, 122, 17.53, 23.34, 357.50, 0.9670, 0.1966, 0.1536, -0.0520
13:36:14, 4.07, 122, 17.51, 23.29, 357.51, 0.9671, 0.1962, 0.1534, -0.0517
13:36:14, 4.10, 123, 17.51, 23.22, 357.53, 0.9672, 0.1957, 0.1534, -0.0515
13:36:14, 4.10, 123, 17.52, 23.13, 357.55, 0.9674, 0.1949, 0.1534, -0.0512
13:36:14, 4.10, 123, 17.49, 23.08, 357.61, 0.9676, 0.1945, 0.1530, -0.0506
13:36:14, 4.13, 124, 17.47, 22.99, 357.65, 0.9678, 0.1939, 0.1528, -0.0501
13:36:14, 4.13, 124, 17.42, 22.90, 357.67, 0.9680, 0.1932, 0.1523, -0.0497
13:36:14, 4.17, 125, 17.36, 22.81, 357.70, 0.9682, 0.1925, 0.1518, -0.0493
13:36:14, 4.17, 125, 17.29, 22.69, 357.72, 0.9685, 0.1915, 0.1512, -0.0489
13:36:14, 4.20, 126, 17.23, 22.56, 357.72, 0.9689, 0.1904, 0.1507, -0.0485
13:36:14, 4.20, 126, 17.13, 22.42, 357.75, 0.9692, 0.1893, 0.1498, -0.0480
13:36:15, 4.20, 126, 17.04, 22.28, 357.76, 0.9696, 0.1882, 0.1490, -0.0475
13:36:15, 4.23, 127, 16.87, 22.14, 357.82, 0.9701, 0.1871, 0.1475, -0.0466
13:36:15, 4.23, 127, 16.69, 22.04, 357.83, 0.9705, 0.1864, 0.1461, -0.0462
13:36:15, 4.27, 128, 16.51, 21.92, 357.82, 0.9709, 0.1854, 0.1445, -0.0458
13:36:15, 4.27, 128, 16.32, 21.85, 357.79, 0.9712, 0.1849, 0.1429, -0.0456
13:36:15, 4.27, 128, 16.11, 21.79, 357.84, 0.9716, 0.1845, 0.1411, -0.0448
13:36:15, 4.30, 129, 15.86, 21.75, 357.88, 0.9720, 0.1843, 0.1389, -0.0441
13:36:15, 4.30, 129, 15.61, 21.69, 357.91, 0.9724, 0.1840, 0.1367, -0.0433
13:36:15, 4.33, 130, 15.31, 21.67, 357.94, 0.9728, 0.1840, 0.1342, -0.0425
13:36:15, 4.33, 130, 15.07, 21.66, 357.94, 0.9731, 0.1839, 0.1321, -0.0421
13:36:15, 4.37, 131, 14.82, 21.64, 357.98, 0.9734, 0.1839, 0.1300, -0.0414
13:36:15, 4.37, 131, 14.60, 21.64, 357.96, 0.9737, 0.1839, 0.1281, -0.0411
13:36:15, 4.37, 131, 14.39, 21.62, 357.95, 0.9739, 0.1838, 0.1263, -0.0409
13:36:15, 4.40, 132, 14.23, 21.57, 357.98, 0.9742, 0.1835, 0.1250, -0.0404
13:36:15, 4.40, 132, 14.08, 21.54, 358.01, 0.9744, 0.1833, 0.1236, -0.0398
13:36:15, 4.43, 133, 13.93, 21.49, 358.02, 0.9747, 0.1829, 0.1224, -0.0395
13:36:15, 4.43, 133, 13.87, 21.43, 358.05, 0.9749, 0.1825, 0.1217, -0.0390
13:36:15, 4.43, 133, 13.84, 21.41, 358.08, 0.9749, 0.1824, 0.1214, -0.0387
13:36:15, 4.47, 134, 13.81, 21.35, 358.14, 0.9751, 0.1820, 0.1211, -0.0381
13:36:15, 4.47, 134, 13.84, 21.32, 358.21, 0.9751, 0.1818, 0.1212, -0.0375
13:36:15, 4.50, 135, 13.84, 21.25, 358.25, 0.9752, 0.1812, 0.1212, -0.0371
13:36:15, 4.50, 135, 13.88, 21.15, 358.28, 0.9754, 0.1804, 0.1215, -0.0368
13:36:15, 4.50, 135, 13.93, 21.06, 358.28, 0.9755, 0.1796, 0.1219, -0.0368
13:36:15, 4.53, 136, 14.01, 20.96, 358.29, 0.9755, 0.1787, 0.1226, -0.0367
13:36:15, 4.53, 136, 14.10, 20.87, 358.33, 0.9756, 0.1780, 0.1233, -0.0364
13:36:15, 4.57, 137, 14.16, 20.79, 358.38, 0.9757, 0.1773, 0.1237, -0.0360
13:36:15, 4.57, 137, 14.23, 20.71, 358.42, 0.9757, 0.1767, 0.1243, -0.0357
13:36:15, 4.60, 138, 14.28, 20.63, 358.47, 0.9758, 0.1760, 0.1247, -0.0353
13:36:15, 4.60, 138, 14.37, 20.54, 358.49, 0.9759, 0.1752, 0.1254, -0.0352
13:36:15, 4.60, 138, 14.44, 20.48, 358.50, 0.9759, 0.1748, 0.1260, -0.0351
13:36:15, 4.63, 139, 14.51, 20.41, 358.51, 0.9759, 0.1742, 0.1265, -0.0351
13:36:15, 4.63, 139, 14.55, 20.34, 358.52, 0.9760, 0.1735, 0.1269, -0.0350
13:36:15, 4.67, 140, 14.64, 20.28, 358.53, 0.9760, 0.1730, 0.1277, -0.0350
13:36:15, 4.67, 140, 14.69, 20.20, 358.51, 0.9760, 0.1723, 0.1281, -0.0351
13:36:15, 4.67, 140, 14.73, 20.14, 358.48, 0.9761, 0.1717, 0.1285, -0.0354
13:36:15, 4.70, 141, 14.76, 20.10, 358.48, 0.9761, 0.1714, 0.1288, -0.0354
13:36:15, 4.70, 141, 14.80, 20.04, 358.49, 0.9762, 0.1708, 0.1291, -0.0352
13:36:15, 4.73, 142, 14.81, 19.97, 358.50, 0.9763, 0.1703, 0.1291, -0.0351
13:36:15, 4.73, 142, 14.81, 19.89, 358.49, 0.9764, 0.1696, 0.1292, -0.0352
13:36:15, 4.77, 143, 14.80, 19.84, 358.49, 0.9765, 0.1692, 0.1292, -0.0351
13:36:15, 4.77, 143, 14.80, 19.81, 358.48, 0.9765, 0.1689, 0.1291, -0.0351
13:36:15, 4.77, 143, 14.76, 19.77, 358.48, 0.9766, 0.1685, 0.1288, -0.0350
13:36:15, 4.80, 144, 14.76, 19.72, 358.49, 0.9767, 0.1682, 0.1288, -0.0348
13:36:15, 4.80, 144, 14.70, 19.69, 358.48, 0.9768, 0.1679, 0.1283, -0.0348
13:36:15, 4.83, 145, 14.67, 19.62, 358.51, 0.9769, 0.1674, 0.1280, -0.0345
13:36:15, 4.83, 145, 14.63, 19.61, 358.49, 0.9770, 0.1673, 0.1277, -0.0346
13:36:15, 4.83, 145, 14.61, 19.58, 358.48, 0.9771, 0.1670, 0.1275, -0.0346
13:36:15, 4.87, 146, 14.57, 19.58, 358.46, 0.9771, 0.1670, 0.1272, -0.0347
13:36:15, 4.87, 146, 14.54, 19.62, 358.44, 0.9771, 0.1673, 0.1270, -0.0349
13:36:15, 4.90, 147, 14.51, 19.66, 358.43, 0.9770, 0.1676, 0.1267, -0.0349
13:36:15, 4.90, 147, 14.49, 19.68, 358.43, 0.9770, 0.1679, 0.1266, -0.0349
13:36:15, 4.93, 148, 14.48, 19.69, 358.46, 0.9770, 0.1680, 0.1264, -0.0347
13:36:15, 4.93, 148, 14.45, 19.72, 358.48, 0.9770, 0.1682, 0.1261, -0.0345
13:36:15, 4.93, 148, 14.42, 19.77, 358.48, 0.9770, 0.1686, 0.1259, -0.0345
13:36:15, 4.97, 149, 14.40, 19.81, 358.50, 0.9770, 0.1690, 0.1257, -0.0344
13:36:15, 4.97, 149, 14.36, 19.82, 358.53, 0.9770, 0.1691, 0.1253, -0.0341
13:36:15, 5.00, 150, 14.34, 19.82, 358.53, 0.9770, 0.1691, 0.1251, -0.0341
13:36:15, 5.00, 150, 14.35, 19.76, 358.52, 0.9771, 0.1687, 0.1252, -0.0341
13:36:15, 5.03, 151, 14.31, 19.71, 358.48, 0.9772, 0.1682, 0.1250, -0.0343
13:36:15, 5.03, 151, 14.31, 19.67, 358.49, 0.9773, 0.1678, 0.1250, -0.0342
13:36:15, 5.03, 151, 14.30, 19.68, 358.49, 0.9773, 0.1679, 0.1248, -0.0341
13:36:15, 5.07, 152, 14.28, 19.67, 358.49, 0.9773, 0.1678, 0.1247, -0.0341
13:36:15, 5.07, 152, 14.28, 19.65, 358.52, 0.9773, 0.1677, 0.1246, -0.0338
13:36:15, 5.10, 153, 14.26, 19.58, 358.52, 0.9775, 0.1672, 0.1245, -0.0337
13:36:15, 5.10, 153, 14.27, 19.56, 358.51, 0.9775, 0.1670, 0.1246, -0.0338
13:36:15, 5.10, 153, 14.30, 19.50, 358.52, 0.9775, 0.1664, 0.1248, -0.0337
13:36:15, 5.13, 154, 14.29, 19.43, 358.52, 0.9776, 0.1659, 0.1248, -0.0336
13:36:15, 5.13, 154, 14.32, 19.37, 358.56, 0.9777, 0.1653, 0.1249, -0.0332
13:36:15, 5.17, 155, 14.32, 19.29, 358.60, 0.9779, 0.1648, 0.1249, -0.0328
13:36:15, 5.17, 155, 14.29, 19.22, 358.62, 0.9780, 0.1641, 0.1246, -0.0325
13:36:15, 5.17, 155, 14.30, 19.15, 358.65, 0.9781, 0.1636, 0.1247, -0.0323
13:36:15, 5.20, 156, 14.27, 19.09, 358.65, 0.9782, 0.1631, 0.1245, -0.0321
13:36:16, 5.20, 156, 14.28, 19.02, 358.68, 0.9783, 0.1625, 0.1245, -0.0318
13:36:16, 5.23, 157, 14.25, 18.96, 358.69, 0.9784, 0.1620, 0.1242, -0.0316
13:36:16, 5.23, 157, 14.22, 18.89, 358.69, 0.9786, 0.1614, 0.1239, -0.0315
13:36:16, 5.27, 158, 14.19, 18.82, 358.67, 0.9787, 0.1608, 0.1237, -0.0316
13:36:16, 5.27, 158, 14.18, 18.79, 358.65, 0.9787, 0.1605, 0.1237, -0.0317
13:36:16, 5.27, 158, 14.17, 18.77, 358.63, 0.9788, 0.1603, 0.1236, -0.0318
13:36:16, 5.30, 159, 14.16, 18.75, 358.64, 0.9788, 0.1602, 0.1235, -0.0317
13:36:16, 5.30, 159, 14.16, 18.73, 358.66, 0.9788, 0.1600, 0.1235, -0.0315
13:36:16, 5.33, 160, 14.14, 18.68, 358.67, 0.9789, 0.1597, 0.1233, -0.0313
13:36:16, 5.33, 160, 14.12, 18.66, 358.67, 0.9790, 0.1595, 0.1231, -0.0313
13:36:16, 5.33, 160, 14.13, 18.69, 358.68, 0.9789, 0.1597, 0.1232, -0.0313
13:36:16, 5.37, 161, 14.14, 18.69, 358.69, 0.9789, 0.1598, 0.1233, -0.0312
13:36:16, 5.37, 161, 14.15, 18.71, 358.68, 0.9789, 0.1599, 0.1234, -0.0313
13:36:16, 5.40, 162, 14.16, 18.73, 358.68, 0.9788, 0.1601, 0.1235, -0.0313
13:36:16, 5.40, 162, 14.18, 18.74, 358.70, 0.9788, 0.1602, 0.1236, -0.0312
13:36:16, 5.43, 163, 14.19, 18.74, 358.71, 0.9788, 0.1602, 0.1237, -0.0311
13:36:16, 5.43, 163, 14.19, 18.74, 358.73, 0.9788, 0.1602, 0.1237, -0.0309
13:36:16, 5.43, 163, 14.20, 18.75, 358.75, 0.9788, 0.1603, 0.1237, -0.0308
13:36:16, 5.47, 164, 14.21, 18.77, 358.76, 0.9788, 0.1605, 0.1238, -0.0308
13:36:16, 5.47, 164, 14.22, 18.76, 358.76, 0.9788, 0.1604, 0.1238, -0.0308
13:36:16, 5.50, 165, 14.22, 18.75, 358.75, 0.9788, 0.1603, 0.1238, -0.0308
13:36:16, 5.50, 165, 14.23, 18.72, 358.75, 0.9788, 0.1600, 0.1240, -0.0309
13:36:16, 5.50, 165, 14.25, 18.64, 358.73, 0.9789, 0.1593, 0.1242, -0.0310
13:36:16, 5.53, 166, 14.27, 18.59, 358.72, 0.9789, 0.1589, 0.1244, -0.0310
13:36:16, 5.53, 166, 14.29, 18.61, 358.72, 0.9789, 0.1590, 0.1245, -0.0310
13:36:16, 5.57, 167, 14.31, 18.63, 358.71, 0.9788, 0.1592, 0.1247, -0.0312
13:36:16, 5.57, 167, 14.33, 18.65, 358.71, 0.9788, 0.1594, 0.1249, -0.0312
13:36:16, 5.60, 168, 14.34, 18.66, 358.72, 0.9788, 0.1595, 0.1249, -0.0311
13:36:16, 5.60, 168, 14.35, 18.66, 358.73, 0.9788, 0.1595, 0.1250, -0.0311
13:36:16, 5.60, 168, 14.35, 18.66, 358.75, 0.9788, 0.1595, 0.1250, -0.0310
13:36:16, 5.63, 169, 14.36, 18.68, 358.75, 0.9787, 0.1597, 0.1251, -0.0310
13:36:16, 5.63, 169, 14.36, 18.75, 358.72, 0.9786, 0.1602, 0.1251, -0.0313
13:36:16, 5.67, 170, 14.37, 18.81, 358.71, 0.9785, 0.1608, 0.1252, -0.0314
13:36:16, 5.67, 170, 14.38, 18.83, 358.73, 0.9785, 0.1609, 0.1253, -0.0314
13:36:16, 5.70, 171, 14.38, 18.84, 358.73, 0.9785, 0.1610, 0.1253, -0.0314
13:36:16, 5.70, 171, 14.41, 18.86, 358.74, 0.9784, 0.1612, 0.1255, -0.0313
13:36:16, 5.70, 171, 14.42, 18.89, 358.72, 0.9784, 0.1614, 0.1256, -0.0315
13:36:16, 5.73, 172, 14.43, 18.94, 358.73, 0.9783, 0.1619, 0.1256, -0.0315
13:36:16, 5.73, 172, 14.43, 19.03, 358.75, 0.9781, 0.1627, 0.1256, -0.0314
13:36:16, 5.77, 173, 14.42, 19.11, 358.74, 0.9780, 0.1633, 0.1256, -0.0316
13:36:16, 5.77, 173, 14.44, 19.22, 358.69, 0.9778, 0.1642, 0.1258, -0.0321
13:36:16, 5.77, 173, 14.46, 19.33, 358.64, 0.9777, 0.1651, 0.1260, -0.0327
13:36:16, 5.80, 174, 14.48, 19.49, 358.63, 0.9774, 0.1664, 0.1262, -0.0330
13:36:16, 5.80, 174, 14.50, 19.69, 358.63, 0.9771, 0.1681, 0.1263, -0.0333
13:36:16, 5.83, 175, 14.50, 19.93, 358.62, 0.9767, 0.1701, 0.1263, -0.0336
13:36:16, 5.83, 175, 14.53, 20.09, 358.62, 0.9764, 0.1716, 0.1266, -0.0338
13:36:16, 5.87, 176, 14.55, 20.25, 358.60, 0.9762, 0.1729, 0.1268, -0.0341
13:36:16, 5.87, 176, 14.59, 20.42, 358.58, 0.9758, 0.1742, 0.1272, -0.0346
13:36:16, 5.87, 176, 14.67, 20.61, 358.55, 0.9754, 0.1758, 0.1278, -0.0352
13:36:16, 5.90, 177, 14.73, 20.86, 358.53, 0.9750, 0.1779, 0.1284, -0.0357
13:36:16, 5.90, 177, 14.81, 21.14, 358.51, 0.9744, 0.1803, 0.1290, -0.0363
13:36:16, 5.93, 178, 14.87, 21.46, 358.49, 0.9738, 0.1829, 0.1296, -0.0370
13:36:16, 5.93, 178, 14.98, 21.76, 358.45, 0.9732, 0.1854, 0.1306, -0.0377
13:36:16, 5.93, 178, 15.07, 21.99, 358.43, 0.9727, 0.1873, 0.1313, -0.0383
13:36:16, 5.97, 179, 15.17, 22.22, 358.43, 0.9722, 0.1892, 0.1321, -0.0387
13:36:16, 5.97, 179, 15.27, 22.46, 358.45, 0.9717, 0.1912, 0.1329, -0.0390
13:36:16, 6.00, 180, 15.41, 22.76, 358.44, 0.9710, 0.1938, 0.1340, -0.0397
13:36:16, 6.00, 180, 15.49, 22.98, 358.45, 0.9706, 0.1956, 0.1347, -0.0400
13:36:16, 6.03, 181, 15.62, 23.17, 358.42, 0.9701, 0.1971, 0.1358, -0.0407
13:36:16, 6.03, 181, 15.75, 23.26, 358.38, 0.9698, 0.1977, 0.1370, -0.0413
13:36:16, 6.03, 181, 15.86, 23.34, 358.36, 0.9695, 0.1984, 0.1379, -0.0418
13:36:16, 6.07, 182, 15.95, 23.43, 358.35, 0.9692, 0.1991, 0.1388, -0.0421
13:36:16, 6.07, 182, 16.06, 23.61, 358.36, 0.9687, 0.2006, 0.1397, -0.0425
13:36:16, 6.10, 183, 16.13, 23.78, 358.36, 0.9684, 0.2020, 0.1402, -0.0428
13:36:16, 6.10, 183, 16.20, 23.98, 358.34, 0.9679, 0.2037, 0.1408, -0.0433
13:36:16, 6.10, 183, 16.31, 24.10, 358.35, 0.9676, 0.2046, 0.1417, -0.0435
13:36:16, 6.13, 184, 16.39, 24.16, 358.36, 0.9674, 0.2051, 0.1423, -0.0437
13:36:16, 6.13, 184, 16.51, 24.10, 358.37, 0.9673, 0.2046, 0.1434, -0.0438
13:36:16, 6.17, 185, 16.61, 23.82, 358.33, 0.9677, 0.2022, 0.1443, -0.0439
13:36:16, 6.17, 185, 16.74, 23.38, 358.31, 0.9683, 0.1984, 0.1454, -0.0438
13:36:16, 6.20, 186, 16.89, 22.72, 358.31, 0.9693, 0.1927, 0.1468, -0.0433
13:36:16, 6.20, 186, 17.06, 22.28, 358.25, 0.9698, 0.1888, 0.1485, -0.0435
13:36:17, 6.20, 186, 17.22, 22.12, 358.27, 0.9698, 0.1874, 0.1498, -0.0434
13:36:17, 6.23, 187, 17.36, 22.21, 358.36, 0.9695, 0.1882, 0.1508, -0.0429
13:36:17, 6.23, 187, 17.46, 22.40, 358.48, 0.9691, 0.1900, 0.1514, -0.0423
13:36:17, 6.27, 188, 17.51, 22.58, 358.58, 0.9688, 0.1917, 0.1517, -0.0418
13:36:17, 6.27, 188, 17.55, 22.62, 358.65, 0.9687, 0.1920, 0.1519, -0.0413
13:36:17, 6.27, 188, 17.61, 22.59, 358.70, 0.9687, 0.1918, 0.1523, -0.0410
13:36:17, 6.30, 189, 17.64, 22.54, 358.76, 0.9687, 0.1914, 0.1525, -0.0405
13:36:17, 6.30, 189, 17.65, 22.52, 358.78, 0.9688, 0.1913, 0.1525, -0.0403
13:36:17, 6.33, 190, 17.62, 22.56, 358.76, 0.9687, 0.1917, 0.1523, -0.0405
13:36:17, 6.33, 190, 17.51, 22.60, 358.74, 0.9688, 0.1920, 0.1514, -0.0405
13:36:17, 6.37, 191, 17.42, 22.61, 358.71, 0.9689, 0.1921, 0.1507, -0.0406
13:36:17, 6.37, 191, 17.32, 22.64, 358.71, 0.9690, 0.1924, 0.1498, -0.0405
13:36:17, 6.37, 191, 17.21, 22.65, 358.66, 0.9691, 0.1924, 0.1489, -0.0407
13:36:17, 6.40, 192, 17.12, 22.64, 358.64, 0.9692, 0.1924, 0.1482, -0.0407
13:36:17, 6.40, 192, 16.98, 22.70, 358.61, 0.9693, 0.1929, 0.1471, -0.0408
13:36:17, 6.43, 193, 16.88, 22.73, 358.60, 0.9693, 0.1931, 0.1463, -0.0408
13:36:17, 6.43, 193, 16.77, 22.74, 358.61, 0.9695, 0.1933, 0.1453, -0.0405
13:36:17, 6.43, 193, 16.67, 22.76, 358.60, 0.9696, 0.1934, 0.1445, -0.0405
13:36:17, 6.47, 194, 16.56, 22.74, 358.60, 0.9697, 0.1933, 0.1435, -0.0402
13:36:17, 6.47, 194, 16.43, 22.70, 358.58, 0.9700, 0.1931, 0.1425, -0.0402
13:36:17, 6.50, 195, 16.33, 22.72, 358.64, 0.9701, 0.1933, 0.1415, -0.0395
13:36:17, 6.50, 195, 16.23, 22.67, 358.62, 0.9703, 0.1929, 0.1407, -0.0395
13:36:17, 6.53, 196, 16.11, 22.66, 358.62, 0.9704, 0.1928, 0.1397, -0.0392
13:36:17, 6.53, 196, 15.99, 22.64, 358.60, 0.9706, 0.1927, 0.1387, -0.0391
13:36:17, 6.53, 196, 15.86, 22.62, 358.62, 0.9708, 0.1926, 0.1376, -0.0388
13:36:17, 6.57, 197, 15.72, 22.59, 358.67, 0.9710, 0.1925, 0.1363, -0.0380
13:36:17, 6.57, 197, 15.53, 22.55, 358.68, 0.9713, 0.1922, 0.1347, -0.0376
13:36:17, 6.60, 198, 15.35, 22.48, 358.71, 0.9717, 0.1917, 0.1331, -0.0369
13:36:17, 6.60, 198, 15.15, 22.43, 358.70, 0.9720, 0.1913, 0.1315, -0.0366
13:36:17, 6.60, 198, 14.97, 22.36, 358.74, 0.9723, 0.1908, 0.1299, -0.0359
13:36:17, 6.63, 199, 14.75, 22.29, 358.77, 0.9727, 0.1904, 0.1280, -0.0353
13:36:17, 6.63, 199, 14.49, 22.19, 358.80, 0.9732, 0.1896, 0.1257, -0.0344
13:36:17, 6.67, 200, 14.22, 22.07, 358.86, 0.9737, 0.1887, 0.1234, -0.0334
13:36:17, 6.67, 200, 13.90, 21.96, 358.90, 0.9742, 0.1879, 0.1206, -0.0324
13:36:17, 6.70, 201, 13.59, 21.86, 358.93, 0.9747, 0.1872, 0.1179, -0.0315
13:36:17, 6.70, 201, 13.27, 21.76, 358.93, 0.9752, 0.1864, 0.1152, -0.0309
13:36:17, 6.70, 201, 12.96, 21.70, 358.90, 0.9756, 0.1859, 0.1126, -0.0306
13:36:17, 6.73, 202, 12.71, 21.63, 358.92, 0.9760, 0.1854, 0.1105, -0.0299
13:36:17, 6.73, 202, 12.41, 21.51, 358.91, 0.9764, 0.1845, 0.1080, -0.0294
13:36:17, 6.77, 203, 12.12, 21.38, 358.94, 0.9769, 0.1835, 0.1054, -0.0286
13:36:17, 6.77, 203, 11.91, 21.23, 358.93, 0.9774, 0.1822, 0.1036, -0.0282
13:36:17, 6.77, 203, 11.66, 21.06, 358.93, 0.9779, 0.1809, 0.1016, -0.0277
13:36:17, 6.80, 204, 11.39, 20.88, 358.99, 0.9784, 0.1794, 0.0992, -0.0266
13:36:17, 6.80, 204, 11.17, 20.71, 359.05, 0.9789, 0.1781, 0.0972, -0.0256
13:36:17, 6.83, 205, 10.96, 20.52, 359.11, 0.9794, 0.1766, 0.0953, -0.0246
13:36:17, 6.83, 205, 10.76, 20.40, 359.21, 0.9797, 0.1756, 0.0935, -0.0234
13:36:17, 6.87, 206, 10.53, 20.17, 359.31, 0.9803, 0.1738, 0.0914, -0.0220
13:36:17, 6.87, 206, 10.32, 19.96, 359.42, 0.9808, 0.1722, 0.0894, -0.0205
13:36:17, 6.87, 206, 10.11, 19.71, 359.49, 0.9813, 0.1701, 0.0876, -0.0194
13:36:17, 6.90, 207, 9.91, 19.53, 359.59, 0.9818, 0.1686, 0.0857, -0.0182
13:36:17, 6.90, 207, 9.67, 19.37, 359.64, 0.9822, 0.1673, 0.0836, -0.0173
13:36:17, 6.93, 208, 9.47, 19.23, 359.74, 0.9826, 0.1663, 0.0818, -0.0161
13:36:17, 6.93, 208, 9.25, 19.10, 359.82, 0.9829, 0.1653, 0.0797, -0.0149
13:36:17, 6.93, 208, 9.01, 18.96, 359.90, 0.9833, 0.1642, 0.0776, -0.0138
13:36:17, 6.97, 209, 8.77, 18.86, 359.97, 0.9836, 0.1633, 0.0754, -0.0128
13:36:17, 6.97, 209, 8.52, 18.73, 0.04, 0.9839, 0.1623, 0.0733, -0.0118
13:36:17, 7.00, 210, 8.28, 18.60, 0.12, 0.9843, 0.1612, 0.0711, -0.0107
13:36:17, 7.00, 210, 8.06, 18.46, 0.25, 0.9846, 0.1601, 0.0690, -0.0092
13:36:17, 7.03, 211, 7.82, 18.34, 0.34, 0.9849, 0.1592, 0.0668, -0.0079
13:36:17, 7.03, 211, 7.57, 18.20, 0.42, 0.9853, 0.1581, 0.0646, -0.0068
13:36:17, 7.03, 211, 7.31, 18.11, 0.52, 0.9856, 0.1574, 0.0622, -0.0055
13:36:17, 7.07, 212, 7.10, 17.97, 0.63, 0.9859, 0.1562, 0.0603, -0.0042
13:36:17, 7.07, 212, 6.85, 17.88, 0.74, 0.9861, 0.1555, 0.0580, -0.0029
13:36:17, 7.10, 213, 6.65, 17.70, 0.85, 0.9865, 0.1540, 0.0561, -0.0016
13:36:17, 7.10, 213, 6.43, 17.53, 0.96, 0.9868, 0.1526, 0.0542, -0.0003
13:36:17, 7.10, 213, 6.23, 17.38, 1.08, 0.9871, 0.1514, 0.0523, 0.0011
13:36:17, 7.13, 214, 6.00, 17.21, 1.19, 0.9874, 0.1499, 0.0502, 0.0024
13:36:17, 7.13, 214, 5.82, 17.04, 1.30, 0.9877, 0.1485, 0.0485, 0.0037
13:36:17, 7.17, 215, 5.65, 16.89, 1.41, 0.9880, 0.1473, 0.0470, 0.0049
13:36:17, 7.17, 215, 5.49, 16.71, 1.54, 0.9883, 0.1457, 0.0454, 0.0063
13:36:17, 7.20, 216, 5.38, 16.52, 1.66, 0.9885, 0.1442, 0.0444, 0.0076
13:36:17, 7.20, 216, 5.30, 16.31, 1.75, 0.9888, 0.1424, 0.0436, 0.0085
13:36:18, 7.20, 216, 5.20, 16.12, 1.87, 0.9891, 0.1408, 0.0427, 0.0098
13:36:18, 7.23, 217, 5.15, 15.91, 2.02, 0.9893, 0.1390, 0.0420, 0.0112
13:36:18, 7.23, 217, 5.09, 15.70, 2.10, 0.9896, 0.1373, 0.0415, 0.0121
13:36:18, 7.27, 218, 5.10, 15.52, 2.18, 0.9898, 0.1357, 0.0415, 0.0128
13:36:18, 7.27, 218, 5.14, 15.36, 2.25, 0.9900, 0.1343, 0.0418, 0.0135
13:36:18, 7.27, 218, 5.23, 15.23, 2.32, 0.9901, 0.1333, 0.0425, 0.0140
13:36:18, 7.30, 219, 5.29, 15.09, 2.37, 0.9902, 0.1321, 0.0430, 0.0145
13:36:18, 7.30, 219, 5.38, 15.01, 2.43, 0.9903, 0.1314, 0.0437, 0.0149
13:36:18, 7.33, 220, 5.48, 14.91, 2.48, 0.9903, 0.1306, 0.0446, 0.0152
13:36:18, 7.33, 220, 5.60, 14.85, 2.52, 0.9903, 0.1301, 0.0456, 0.0155
13:36:18, 7.37, 221, 5.70, 14.81, 2.56, 0.9903, 0.1298, 0.0464, 0.0157
13:36:18, 7.37, 221, 5.77, 14.75, 2.58, 0.9904, 0.1293, 0.0470, 0.0159
13:36:18, 7.37, 221, 5.86, 14.72, 2.62, 0.9904, 0.1290, 0.0477, 0.0161
13:36:18, 7.40, 222, 5.91, 14.64, 2.65, 0.9904, 0.1284, 0.0482, 0.0163
13:36:18, 7.40, 222, 5.96, 14.61, 2.67, 0.9904, 0.1281, 0.0486, 0.0165
13:36:18, 7.43, 223, 5.99, 14.58, 2.67, 0.9904, 0.1279, 0.0489, 0.0165
13:36:18, 7.43, 223, 6.05, 14.52, 2.67, 0.9905, 0.1274, 0.0494, 0.0164
13:36:18, 7.43, 223, 6.05, 14.45, 2.69, 0.9906, 0.1268, 0.0494, 0.0166
13:36:18, 7.47, 224, 6.05, 14.40, 2.70, 0.9906, 0.1264, 0.0494, 0.0167
13:36:18, 7.47, 224, 6.05, 14.34, 2.68, 0.9907, 0.1258, 0.0494, 0.0166
13:36:18, 7.50, 225, 6.05, 14.33, 2.64, 0.9907, 0.1257, 0.0494, 0.0163
13:36:18, 7.50, 225, 6.04, 14.33, 2.61, 0.9907, 0.1257, 0.0494, 0.0160
13:36:18, 7.53, 226, 6.02, 14.34, 2.59, 0.9907, 0.1258, 0.0493, 0.0158
13:36:18, 7.53, 226, 6.03, 14.39, 2.56, 0.9907, 0.1262, 0.0494, 0.0155
13:36:18, 7.53, 226, 6.00, 14.44, 2.54, 0.9906, 0.1266, 0.0492, 0.0154
13:36:18, 7.57, 227, 5.96, 14.50, 2.55, 0.9906, 0.1271, 0.0488, 0.0155
13:36:18, 7.57, 227, 5.94, 14.53, 2.57, 0.9905, 0.1274, 0.0486, 0.0157
13:36:18, 7.60, 228, 5.94, 14.52, 2.55, 0.9905, 0.1273, 0.0486, 0.0155
13:36:18, 7.60, 228, 5.93, 14.49, 2.55, 0.9906, 0.1270, 0.0485, 0.0155
13:36:18, 7.60, 228, 5.90, 14.49, 2.54, 0.9906, 0.1271, 0.0483, 0.0155
13:36:18, 7.63, 229, 5.89, 14.50, 2.53, 0.9906, 0.1271, 0.0482, 0.0154
13:36:18, 7.63, 229, 5.88, 14.50, 2.53, 0.9906, 0.1271, 0.0481, 0.0154
13:36:18, 7.67, 230, 5.86, 14.50, 2.52, 0.9906, 0.1271, 0.0479, 0.0154
13:36:18, 7.67, 230, 5.84, 14.52, 2.51, 0.9906, 0.1273, 0.0477, 0.0152
13:36:18, 7.70, 231, 5.81, 14.61, 2.46, 0.9905, 0.1280, 0.0475, 0.0148
13:36:18, 7.70, 231, 5.77, 14.66, 2.41, 0.9905, 0.1285, 0.0473, 0.0144
13:36:18, 7.70, 231, 5.75, 14.74, 2.37, 0.9904, 0.1291, 0.0471, 0.0141
13:36:18, 7.73, 232, 5.72, 14.82, 2.36, 0.9903, 0.1298, 0.0468, 0.0140
13:36:18, 7.73, 232, 5.68, 14.87, 2.32, 0.9903, 0.1302, 0.0465, 0.0136
13:36:18, 7.77, 233, 5.66, 14.90, 2.29, 0.9903, 0.1305, 0.0464, 0.0134
13:36:18, 7.77, 233, 5.61, 14.95, 2.28, 0.9902, 0.1309, 0.0459, 0.0134
13:36:18, 7.77, 233, 5.56, 14.99, 2.25, 0.9902, 0.1312, 0.0456, 0.0131
13:36:18, 7.80, 234, 5.54, 15.05, 2.22, 0.9902, 0.1317, 0.0454, 0.0128
13:36:18, 7.80, 234, 5.50, 15.15, 2.21, 0.9901, 0.1326, 0.0450, 0.0128
13:36:18, 7.83, 235, 5.49, 15.23, 2.22, 0.9900, 0.1333, 0.0449, 0.0128
13:36:18, 7.83, 235, 5.45, 15.33, 2.22, 0.9899, 0.1341, 0.0445, 0.0128
13:36:18, 7.87, 236, 5.40, 15.39, 2.23, 0.9898, 0.1346, 0.0441, 0.0129
13:36:18, 7.87, 236, 5.35, 15.36, 2.24, 0.9899, 0.1344, 0.0436, 0.0131
13:36:18, 7.87, 236, 5.32, 15.31, 2.27, 0.9900, 0.1339, 0.0433, 0.0135
13:36:18, 7.90, 237, 5.25, 15.25, 2.26, 0.9900, 0.1334, 0.0428, 0.0135
13:36:18, 7.90, 237, 5.18, 15.22, 2.29, 0.9901, 0.1332, 0.0422, 0.0138
13:36:18, 7.93, 238, 5.14, 15.21, 2.27, 0.9901, 0.1331, 0.0418, 0.0137
13:36:18, 7.93, 238, 5.09, 15.27, 2.25, 0.9901, 0.1336, 0.0414, 0.0135
13:36:18, 7.93, 238, 5.04, 15.34, 2.21, 0.9900, 0.1342, 0.0410, 0.0132
13:36:18, 7.97, 239, 4.97, 15.43, 2.19, 0.9899, 0.1349, 0.0404, 0.0131
13:36:18, 7.97, 239, 4.91, 15.52, 2.21, 0.9899, 0.1357, 0.0398, 0.0133
13:36:18, 8.00, 240, 4.84, 15.53, 2.18, 0.9899, 0.1358, 0.0393, 0.0131
13:36:18, 8.00, 240, 4.80, 15.59, 2.16, 0.9898, 0.1363, 0.0390, 0.0130
13:36:18, 8.03, 241, 4.77, 15.63, 2.14, 0.9898, 0.1366, 0.0386, 0.0128
13:36:18, 8.03, 241, 4.71, 15.63, 2.15, 0.9898, 0.1366, 0.0382, 0.0130
13:36:18, 8.03, 241, 4.63, 15.62, 2.17, 0.9898, 0.1365, 0.0375, 0.0132
13:36:18, 8.07, 242, 4.58, 15.61, 2.15, 0.9899, 0.1365, 0.0370, 0.0131
13:36:18, 8.07, 242, 4.51, 15.61, 2.12, 0.9899, 0.1364, 0.0365, 0.0130
13:36:18, 8.10, 243, 4.43, 15.62, 2.12, 0.9899, 0.1364, 0.0358, 0.0131
13:36:18, 8.10, 243, 4.37, 15.64, 2.11, 0.9899, 0.1366, 0.0352, 0.0130
13:36:18, 8.10, 243, 4.29, 15.73, 2.09, 0.9898, 0.1374, 0.0345, 0.0130
13:36:18, 8.13, 244, 4.21, 15.84, 2.06, 0.9897, 0.1383, 0.0339, 0.0127
13:36:18, 8.13, 244, 4.13, 16.00, 2.02, 0.9896, 0.1397, 0.0332, 0.0125
13:36:18, 8.17, 245, 4.05, 16.17, 1.97, 0.9894, 0.1411, 0.0326, 0.0121
13:36:18, 8.17, 245, 3.96, 16.38, 1.93, 0.9892, 0.1429, 0.0318, 0.0117
13:36:18, 8.17, 245, 3.89, 16.56, 1.89, 0.9890, 0.1444, 0.0312, 0.0114
13:36:18, 8.20, 246, 3.81, 16.76, 1.89, 0.9887, 0.1462, 0.0305, 0.0115
13:36:19, 8.20, 246, 3.73, 16.97, 1.90, 0.9885, 0.1480, 0.0297, 0.0116
13:36:19, 8.23, 247, 3.64, 17.15, 1.90, 0.9883, 0.1495, 0.0289, 0.0117
13:36:19, 8.23, 247, 3.56, 17.39, 1.90, 0.9880, 0.1516, 0.0282, 0.0117
13:36:19, 8.27, 248, 3.47, 17.65, 1.92, 0.9876, 0.1538, 0.0273, 0.0119
13:36:19, 8.27, 248, 3.39, 17.88, 1.92, 0.9874, 0.1558, 0.0266, 0.0120
13:36:19, 8.27, 248, 3.30, 18.13, 1.93, 0.9870, 0.1579, 0.0258, 0.0121
13:36:19, 8.30, 249, 3.20, 18.35, 1.94, 0.9868, 0.1598, 0.0249, 0.0123
13:36:19, 8.30, 249, 3.11, 18.53, 1.95, 0.9865, 0.1614, 0.0240, 0.0124
13:36:19, 8.33, 250, 2.99, 18.67, 1.93, 0.9863, 0.1626, 0.0230, 0.0123
13:36:19, 8.33, 250, 2.89, 18.78, 1.94, 0.9862, 0.1635, 0.0221, 0.0125
13:36:19, 8.37, 251, 2.78, 18.90, 1.92, 0.9861, 0.1645, 0.0212, 0.0125
13:36:19, 8.37, 251, 2.66, 19.01, 1.88, 0.9859, 0.1654, 0.0202, 0.0124
13:36:19, 8.37, 251, 2.51, 19.11, 1.88, 0.9858, 0.1663, 0.0189, 0.0125
13:36:19, 8.40, 252, 2.34, 19.21, 1.84, 0.9857, 0.1671, 0.0175, 0.0124
13:36:19, 8.40, 252, 2.18, 19.28, 1.79, 0.9856, 0.1677, 0.0161, 0.0122
13:36:19, 8.43, 253, 2.00, 19.35, 1.75, 0.9856, 0.1683, 0.0146, 0.0121
13:36:19, 8.43, 253, 1.82, 19.36, 1.70, 0.9856, 0.1684, 0.0132, 0.0119
13:36:19, 8.43, 253, 1.64, 19.41, 1.66, 0.9855, 0.1688, 0.0117, 0.0119
13:36:19, 8.47, 254, 1.43, 19.47, 1.62, 0.9854, 0.1693, 0.0099, 0.0118
13:36:19, 8.47, 254, 1.24, 19.55, 1.58, 0.9854, 0.1699, 0.0083, 0.0118
13:36:19, 8.50, 255, 1.02, 19.67, 1.52, 0.9852, 0.1709, 0.0065, 0.0116
13:36:19, 8.50, 255, 0.82, 19.77, 1.49, 0.9851, 0.1717, 0.0048, 0.0116
13:36:19, 8.53, 256, 0.60, 19.88, 1.45, 0.9849, 0.1727, 0.0030, 0.0116
13:36:19, 8.53, 256, 0.37, 19.99, 1.41, 0.9848, 0.1736, 0.0010, 0.0115
13:36:19, 8.53, 256, 0.15, 20.08, 1.35, 0.9846, 0.1744, -0.0007, 0.0114
13:36:19, 8.57, 257, 359.91, 20.21, 1.33, 0.9844, 0.1754, -0.0028, 0.0115
13:36:19, 8.57, 257, 359.62, 20.38, 1.28, 0.9842, 0.1768, -0.0053, 0.0116
13:36:19, 8.60, 258, 359.36, 20.60, 1.23, 0.9838, 0.1787, -0.0074, 0.0115
13:36:19, 8.60, 258, 359.11, 20.80, 1.14, 0.9835, 0.1805, -0.0095, 0.0112
13:36:19, 8.60, 258, 358.91, 20.95, 0.98, 0.9832, 0.1817, -0.0109, 0.0101
13:36:19, 8.63, 259, 358.72, 21.05, 0.76, 0.9831, 0.1826, -0.0122, 0.0085
13:36:19, 8.63, 259, 358.58, 21.18, 0.55, 0.9829, 0.1837, -0.0130, 0.0070
13:36:19, 8.67, 260, 358.46, 21.34, 0.41, 0.9826, 0.1851, -0.0138, 0.0060
13:36:19, 8.67, 260, 358.33, 21.63, 0.24, 0.9821, 0.1876, -0.0147, 0.0048
13:36:19, 8.70, 261, 358.17, 21.95, 0.08, 0.9816, 0.1903, -0.0159, 0.0038
13:36:19, 8.70, 261, 357.98, 22.36, 0.03, 0.9809, 0.1938, -0.0173, 0.0037
13:36:19, 8.70, 261, 357.77, 22.82, 0.01, 0.9800, 0.1978, -0.0191, 0.0039
13:36:19, 8.73, 262, 357.50, 23.31, 0.02, 0.9792, 0.2019, -0.0214, 0.0046
13:36:19, 8.73, 262, 357.24, 23.77, 359.99, 0.9783, 0.2059, -0.0236, 0.0049
13:36:19, 8.77, 263, 357.01, 24.24, 0.03, 0.9774, 0.2099, -0.0256, 0.0057
13:36:19, 8.77, 263, 356.72, 24.75, 0.02, 0.9764, 0.2142, -0.0280, 0.0063
13:36:19, 8.77, 263, 356.45, 25.25, 359.91, 0.9754, 0.2185, -0.0300, 0.0060
13:36:19, 8.80, 264, 356.19, 25.68, 359.89, 0.9745, 0.2221, -0.0322, 0.0065
13:36:19, 8.80, 264, 355.84, 26.31, 359.85, 0.9731, 0.2275, -0.0351, 0.0070
13:36:19, 8.83, 265, 355.52, 26.89, 359.93, 0.9719, 0.2323, -0.0379, 0.0085
13:36:19, 8.83, 265, 355.07, 27.37, 359.93, 0.9707, 0.2364, -0.0417, 0.0096
13:36:19, 8.87, 266, 354.63, 27.63, 359.94, 0.9700, 0.2386, -0.0454, 0.0107
13:36:19, 8.87, 266, 354.17, 27.75, 359.78, 0.9696, 0.2396, -0.0489, 0.0103
13:36:19, 8.87, 266, 353.85, 27.90, 359.74, 0.9691, 0.2409, -0.0515, 0.0107
13:36:19, 8.90, 267, 353.44, 28.09, 359.60, 0.9686, 0.2425, -0.0546, 0.0105
13:36:19, 8.90, 267, 353.08, 28.33, 359.46, 0.9679, 0.2445, -0.0574, 0.0102
13:36:19, 8.93, 268, 352.70, 28.67, 359.33, 0.9670, 0.2475, -0.0602, 0.0101
13:36:19, 8.93, 268, 352.34, 28.87, 359.18, 0.9664, 0.2492, -0.0629, 0.0097
13:36:19, 8.93, 268, 351.98, 28.89, 359.12, 0.9661, 0.2493, -0.0658, 0.0100
13:36:19, 8.97, 269, 351.66, 28.85, 359.03, 0.9660, 0.2491, -0.0683, 0.0099
13:36:19, 8.97, 269, 351.44, 28.77, 358.94, 0.9661, 0.2484, -0.0700, 0.0096
13:36:19, 9.00, 270, 351.24, 28.85, 358.84, 0.9658, 0.2492, -0.0715, 0.0093
13:36:19, 9.00, 270, 351.06, 28.97, 358.78, 0.9654, 0.2501, -0.0728, 0.0092
13:36:19, 9.03, 271, 350.95, 29.14, 358.78, 0.9650, 0.2516, -0.0737, 0.0095
13:36:19, 9.03, 271, 350.86, 29.29, 358.77, 0.9646, 0.2528, -0.0744, 0.0098
13:36:19, 9.03, 271, 350.78, 29.29, 358.81, 0.9645, 0.2528, -0.0751, 0.0103
13:36:19, 9.07, 272, 350.72, 29.24, 358.88, 0.9646, 0.2524, -0.0758, 0.0110
13:36:19, 9.07, 272, 350.65, 29.27, 358.99, 0.9645, 0.2525, -0.0766, 0.0121
13:36:19, 9.10, 273, 350.56, 29.33, 359.13, 0.9643, 0.2529, -0.0777, 0.0135
13:36:19, 9.10, 273, 350.46, 29.51, 359.26, 0.9638, 0.2543, -0.0787, 0.0150
13:36:19, 9.10, 273, 350.32, 29.72, 359.37, 0.9632, 0.2560, -0.0802, 0.0164
13:36:19, 9.13, 274, 350.15, 29.92, 359.45, 0.9626, 0.2576, -0.0817, 0.0175
13:36:19, 9.13, 274, 350.01, 30.08, 359.49, 0.9622, 0.2589, -0.0829, 0.0183
13:36:19, 9.17, 275, 349.85, 30.21, 359.50, 0.9617, 0.2600, -0.0843, 0.0189
13:36:19, 9.17, 275, 349.69, 30.39, 359.48, 0.9612, 0.2614, -0.0855, 0.0192
13:36:19, 9.20, 276, 349.53, 30.59, 359.49, 0.9606, 0.2631, -0.0869, 0.0198
13:36:19, 9.20, 276, 349.37, 30.75, 359.48, 0.9602, 0.2644, -0.0881, 0.0202
13:36:20, 9.20, 276, 349.22, 30.84, 359.50, 0.9599, 0.2651, -0.0894, 0.0208
13:36:20, 9.23, 277, 349.11, 30.87, 359.48, 0.9597, 0.2654, -0.0902, 0.0209
13:36:20, 9.23, 277, 349.06, 30.84, 359.44, 0.9597, 0.2652, -0.0906, 0.0207
13:36:20, 9.27, 278, 349.04, 30.86, 359.40, 0.9597, 0.2653, -0.0907, 0.0204
13:36:20, 9.27, 278, 349.02, 30.85, 359.40, 0.9597, 0.2652, -0.0909, 0.0204
13:36:20, 9.27, 278, 349.00, 30.87, 359.39, 0.9596, 0.2654, -0.0910, 0.0204
13:36:20, 9.30, 279, 349.01, 30.89, 359.42, 0.9596, 0.2655, -0.0910, 0.0206
13:36:20, 9.30, 279, 349.00, 30.92, 359.46, 0.9595, 0.2658, -0.0911, 0.0210
13:36:20, 9.33, 280, 349.02, 30.98, 359.50, 0.9594, 0.2662, -0.0910, 0.0214
13:36:20, 9.33, 280, 349.02, 31.01, 359.56, 0.9593, 0.2664, -0.0912, 0.0219
13:36:20, 9.37, 281, 349.00, 31.06, 359.56, 0.9591, 0.2669, -0.0913, 0.0220
13:36:20, 9.37, 281, 349.02, 31.08, 359.55, 0.9591, 0.2671, -0.0911, 0.0218
13:36:20, 9.37, 281, 349.07, 31.10, 359.54, 0.9591, 0.2672, -0.0907, 0.0217
13:36:20, 9.40, 282, 349.16, 31.11, 359.49, 0.9592, 0.2673, -0.0898, 0.0211
13:36:20, 9.40, 282, 349.24, 31.12, 359.49, 0.9592, 0.2675, -0.0891, 0.0209
13:36:20, 9.43, 283, 349.37, 31.20, 359.54, 0.9591, 0.2681, -0.0881, 0.0211
13:36:20, 9.43, 283, 349.44, 31.29, 359.56, 0.9590, 0.2688, -0.0876, 0.0212
13:36:20, 9.43, 283, 349.46, 31.39, 359.63, 0.9587, 0.2696, -0.0875, 0.0218
13:36:20, 9.47, 284, 349.48, 31.48, 359.70, 0.9585, 0.2704, -0.0876, 0.0224
13:36:20, 9.47, 284, 349.49, 31.56, 359.72, 0.9583, 0.2710, -0.0875, 0.0226
13:36:20, 9.50, 285, 349.54, 31.61, 359.77, 0.9582, 0.2714, -0.0871, 0.0229
13:36:20, 9.50, 285, 349.54, 31.60, 359.81, 0.9582, 0.2713, -0.0872, 0.0232
13:36:20, 9.50, 285, 349.57, 31.58, 359.81, 0.9583, 0.2711, -0.0870, 0.0232
13:36:20, 9.53, 286, 349.62, 31.52, 359.83, 0.9585, 0.2706, -0.0867, 0.0231
13:36:20, 9.53, 286, 349.65, 31.52, 359.85, 0.9585, 0.2706, -0.0865, 0.0233
13:36:20, 9.57, 287, 349.67, 31.54, 359.83, 0.9585, 0.2708, -0.0862, 0.0231
13:36:20, 9.57, 287, 349.73, 31.49, 359.83, 0.9586, 0.2704, -0.0858, 0.0229
13:36:20, 9.60, 288, 349.76, 31.48, 359.89, 0.9587, 0.2702, -0.0856, 0.0233
13:36:20, 9.60, 288, 349.82, 31.47, 359.91, 0.9588, 0.2702, -0.0852, 0.0233
13:36:20, 9.60, 288, 349.87, 31.44, 359.94, 0.9588, 0.2699, -0.0849, 0.0235
13:36:20, 9.63, 289, 349.94, 31.35, 359.98, 0.9591, 0.2692, -0.0844, 0.0235
13:36:20, 9.63, 289, 350.04, 31.32, 0.00, 0.9592, 0.2689, -0.0836, 0.0234
13:36:20, 9.67, 290, 350.13, 31.29, 0.00, 0.9594, 0.2687, -0.0828, 0.0232
13:36:20, 9.67, 290, 350.25, 31.24, 0.04, 0.9596, 0.2683, -0.0819, 0.0232
13:36:20, 9.70, 291, 350.40, 31.15, 0.09, 0.9599, 0.2675, -0.0808, 0.0232
13:36:20, 9.70, 291, 350.52, 31.04, 0.14, 0.9602, 0.2666, -0.0800, 0.0233
13:36:20, 9.70, 291, 350.67, 30.94, 0.23, 0.9605, 0.2657, -0.0789, 0.0236
13:36:20, 9.73, 292, 350.83, 30.84, 0.28, 0.9609, 0.2648, -0.0777, 0.0236
13:36:20, 9.73, 292, 351.00, 30.74, 0.42, 0.9612, 0.2639, -0.0766, 0.0243
13:36:20, 9.77, 293, 351.24, 30.71, 0.51, 0.9614, 0.2637, -0.0748, 0.0245
13:36:20, 9.77, 293, 351.43, 30.63, 0.61, 0.9617, 0.2630, -0.0735, 0.0249
13:36:20, 9.77, 293, 351.60, 30.56, 0.72, 0.9619, 0.2623, -0.0723, 0.0254
13:36:20, 9.80, 294, 351.79, 30.50, 0.85, 0.9622, 0.2618, -0.0710, 0.0259
13:36:20, 9.80, 294, 352.01, 30.42, 0.97, 0.9624, 0.2611, -0.0694, 0.0264
13:36:20, 9.83, 295, 352.23, 30.38, 1.09, 0.9626, 0.2608, -0.0679, 0.0269
13:36:20, 9.83, 295, 352.44, 30.33, 1.19, 0.9628, 0.2604, -0.0663, 0.0272
13:36:20, 9.87, 296, 352.65, 30.26, 1.27, 0.9631, 0.2598, -0.0647, 0.0274
13:36:20, 9.87, 296, 352.86, 30.16, 1.31, 0.9635, 0.2589, -0.0631, 0.0272
13:36:20, 9.87, 296, 353.05, 30.03, 1.38, 0.9638, 0.2579, -0.0616, 0.0273
13:36:20, 9.90, 297, 353.23, 29.93, 1.37, 0.9642, 0.2571, -0.0601, 0.0268
13:36:20, 9.90, 297, 353.38, 29.80, 1.35, 0.9645, 0.2560, -0.0588, 0.0262
13:36:20, 9.93, 298, 353.56, 29.71, 1.36, 0.9648, 0.2553, -0.0573, 0.0258
13:36:20, 9.93, 298, 353.69, 29.63, 1.35, 0.9650, 0.2547, -0.0562, 0.0255
13:36:20, 9.93, 298, 353.84, 29.54, 1.29, 0.9654, 0.2539, -0.0548, 0.0246
13:36:20, 9.97, 299, 353.91, 29.43, 1.22, 0.9656, 0.2531, -0.0541, 0.0238
13:36:20, 9.97, 299, 354.04, 29.31, 1.18, 0.9660, 0.2521, -0.0529, 0.0231
