Timestamp, VideoTime, VideoFrame, HeadYaw, HeadPitch, HeadRoll, HeadQuatW, HeadQuatX, HeadQuatY, HeadQuatZ
13:43:38, 0.00, 0, 306.06, 4.42, 2.40, 0.8900, 0.0249, -0.4538, 0.0361
13:43:38, 0.03, 1, 305.87, 4.23, 2.87, 0.8892, 0.0215, -0.4553, 0.0391
13:43:38, 0.03, 1, 305.69, 3.98, 3.24, 0.8884, 0.0180, -0.4568, 0.0410
13:43:38, 0.03, 1, 305.56, 3.81, 3.63, 0.8878, 0.0150, -0.4579, 0.0433
13:43:38, 0.07, 2, 305.42, 3.59, 4.10, 0.8872, 0.0114, -0.4590, 0.0462
13:43:38, 0.10, 3, 305.12, 3.32, 4.98, 0.8857, 0.0057, -0.4613, 0.0518
13:43:38, 0.10, 3, 304.95, 3.18, 5.35, 0.8849, 0.0030, -0.4626, 0.0542
13:43:38, 0.10, 3, 304.83, 3.20, 5.65, 0.8843, 0.0019, -0.4635, 0.0566
13:43:38, 0.13, 4, 304.67, 3.26, 5.94, 0.8834, 0.0012, -0.4648, 0.0591
13:43:38, 0.13, 4, 304.63, 3.24, 6.11, 0.8832, 0.0003, -0.4651, 0.0603
13:43:38, 0.17, 5, 304.61, 3.36, 6.30, 0.8830, 0.0004, -0.4653, 0.0622
13:43:38, 0.17, 5, 304.63, 3.48, 6.49, 0.8829, 0.0006, -0.4652, 0.0642
13:43:38, 0.20, 6, 304.65, 3.65, 6.62, 0.8828, 0.0013, -0.4650, 0.0659
13:43:38, 0.20, 6, 304.75, 3.81, 6.73, 0.8831, 0.0022, -0.4644, 0.0674
13:43:38, 0.20, 6, 304.90, 4.01, 6.75, 0.8836, 0.0037, -0.4633, 0.0684
13:43:38, 0.23, 7, 305.09, 4.24, 6.74, 0.8842, 0.0057, -0.4619, 0.0692
13:43:38, 0.23, 7, 305.40, 4.48, 6.72, 0.8854, 0.0078, -0.4596, 0.0699
13:43:38, 0.27, 8, 305.65, 4.60, 6.77, 0.8862, 0.0087, -0.4577, 0.0708
13:43:38, 0.27, 8, 305.85, 4.64, 6.88, 0.8870, 0.0087, -0.4562, 0.0718
13:43:38, 0.27, 8, 306.00, 4.67, 6.96, 0.8875, 0.0087, -0.4550, 0.0726
13:43:38, 0.30, 9, 306.04, 4.69, 7.05, 0.8876, 0.0085, -0.4547, 0.0732
13:43:38, 0.30, 9, 306.09, 4.71, 7.10, 0.8877, 0.0085, -0.4543, 0.0737
13:43:38, 0.33, 10, 306.06, 4.73, 7.22, 0.8875, 0.0082, -0.4545, 0.0747
13:43:38, 0.33, 10, 305.98, 4.74, 7.32, 0.8872, 0.0078, -0.4552, 0.0756
13:43:38, 0.37, 11, 305.87, 4.71, 7.37, 0.8867, 0.0073, -0.4560, 0.0759
13:43:38, 0.37, 11, 305.73, 4.68, 7.41, 0.8861, 0.0068, -0.4571, 0.0761
13:43:38, 0.37, 11, 305.56, 4.64, 7.46, 0.8854, 0.0062, -0.4584, 0.0763
13:43:38, 0.40, 12, 305.36, 4.64, 7.45, 0.8846, 0.0061, -0.4600, 0.0762
13:43:38, 0.40, 12, 305.17, 4.63, 7.40, 0.8839, 0.0061, -0.4614, 0.0758
13:43:38, 0.43, 13, 305.00, 4.63, 7.33, 0.8833, 0.0063, -0.4627, 0.0752
13:43:38, 0.43, 13, 304.87, 4.61, 7.22, 0.8828, 0.0065, -0.4637, 0.0744
13:43:38, 0.43, 13, 304.77, 4.55, 7.07, 0.8826, 0.0065, -0.4645, 0.0730
13:43:38, 0.47, 14, 304.65, 4.46, 6.96, 0.8822, 0.0062, -0.4654, 0.0717
13:43:38, 0.47, 14, 304.53, 4.37, 6.89, 0.8818, 0.0058, -0.4662, 0.0709
13:43:38, 0.50, 15, 304.33, 4.22, 6.78, 0.8811, 0.0049, -0.4677, 0.0694
13:43:38, 0.50, 15, 304.13, 4.13, 6.63, 0.8804, 0.0047, -0.4692, 0.0679
13:43:38, 0.53, 16, 303.92, 4.00, 6.52, 0.8797, 0.0040, -0.4708, 0.0665
13:43:38, 0.53, 16, 303.73, 3.83, 6.36, 0.8791, 0.0033, -0.4722, 0.0646
13:43:38, 0.53, 16, 303.53, 3.61, 6.18, 0.8785, 0.0022, -0.4736, 0.0623
13:43:38, 0.57, 17, 303.31, 3.39, 6.02, 0.8778, 0.0011, -0.4753, 0.0602
13:43:38, 0.57, 17, 303.03, 3.13, 5.93, 0.8768, -0.0007, -0.4774, 0.0585
13:43:38, 0.60, 18, 302.66, 3.04, 5.86, 0.8753, -0.0013, -0.4802, 0.0575
13:43:38, 0.60, 18, 302.26, 2.82, 5.75, 0.8738, -0.0027, -0.4831, 0.0558
13:43:38, 0.60, 18, 301.82, 2.61, 5.59, 0.8720, -0.0038, -0.4865, 0.0537
13:43:38, 0.63, 19, 301.36, 2.36, 5.52, 0.8702, -0.0056, -0.4898, 0.0521
13:43:38, 0.63, 19, 300.90, 2.16, 5.34, 0.8684, -0.0066, -0.4933, 0.0498
13:43:38, 0.67, 20, 300.49, 1.80, 5.20, 0.8668, -0.0089, -0.4963, 0.0471
13:43:38, 0.67, 20, 300.05, 1.47, 5.00, 0.8651, -0.0107, -0.4996, 0.0442
13:43:38, 0.70, 21, 299.63, 1.23, 4.83, 0.8634, -0.0119, -0.5027, 0.0418
13:43:38, 0.70, 21, 299.18, 1.05, 4.63, 0.8615, -0.0125, -0.5060, 0.0395
13:43:38, 0.70, 21, 298.79, 0.89, 4.38, 0.8599, -0.0128, -0.5090, 0.0369
13:43:38, 0.73, 22, 298.44, 0.69, 4.22, 0.8584, -0.0137, -0.5116, 0.0347
13:43:38, 0.73, 22, 298.17, 0.46, 4.09, 0.8573, -0.0149, -0.5136, 0.0327
13:43:38, 0.77, 23, 297.88, 0.29, 3.92, 0.8561, -0.0155, -0.5157, 0.0306
13:43:38, 0.77, 23, 297.60, 0.02, 3.78, 0.8549, -0.0169, -0.5177, 0.0283
13:43:38, 0.77, 23, 297.40, 359.88, 3.62, 0.8540, -0.0173, -0.5193, 0.0264
13:43:38, 0.80, 24, 297.18, 359.76, 3.46, 0.8531, -0.0175, -0.5208, 0.0247
13:43:38, 0.80, 24, 297.03, 359.74, 3.30, 0.8525, -0.0170, -0.5220, 0.0234
13:43:38, 0.83, 25, 296.84, 359.69, 3.14, 0.8516, -0.0166, -0.5235, 0.0219
13:43:38, 0.83, 25, 296.72, 359.73, 2.99, 0.8511, -0.0157, -0.5244, 0.0210
13:43:38, 0.87, 26, 296.60, 359.77, 2.84, 0.8506, -0.0147, -0.5253, 0.0200
13:43:38, 0.87, 26, 296.40, 359.85, 2.76, 0.8497, -0.0138, -0.5267, 0.0198
13:43:38, 0.87, 26, 296.23, 359.88, 2.72, 0.8489, -0.0134, -0.5280, 0.0196
13:43:38, 0.90, 27, 296.03, 359.85, 2.66, 0.8480, -0.0134, -0.5296, 0.0189
13:43:38, 0.90, 27, 295.84, 359.74, 2.61, 0.8471, -0.0140, -0.5309, 0.0181
13:43:38, 0.93, 28, 295.64, 359.63, 2.56, 0.8462, -0.0146, -0.5324, 0.0172
13:43:39, 0.93, 28, 295.46, 359.50, 2.49, 0.8454, -0.0153, -0.5337, 0.0160
13:43:39, 0.93, 28, 295.26, 359.44, 2.42, 0.8444, -0.0154, -0.5352, 0.0153
13:43:39, 0.97, 29, 295.08, 359.30, 2.33, 0.8436, -0.0160, -0.5365, 0.0139
13:43:39, 0.97, 29, 294.91, 359.14, 2.20, 0.8429, -0.0166, -0.5377, 0.0121
13:43:39, 1.00, 30, 294.73, 358.96, 2.01, 0.8421, -0.0171, -0.5390, 0.0099
13:43:39, 1.00, 30, 294.56, 358.89, 1.86, 0.8413, -0.0169, -0.5403, 0.0084
13:43:39, 1.03, 31, 294.37, 358.82, 1.70, 0.8404, -0.0167, -0.5417, 0.0069
13:43:39, 1.03, 31, 294.19, 358.72, 1.53, 0.8395, -0.0166, -0.5430, 0.0051
13:43:39, 1.03, 31, 294.00, 358.63, 1.35, 0.8386, -0.0164, -0.5444, 0.0034
13:43:39, 1.07, 32, 293.82, 358.56, 1.22, 0.8378, -0.0163, -0.5458, 0.0020
13:43:39, 1.07, 32, 293.62, 358.53, 1.09, 0.8368, -0.0159, -0.5472, 0.0009
13:43:39, 1.10, 33, 293.41, 358.45, 1.00, 0.8358, -0.0161, -0.5488, -0.0001
13:43:39, 1.10, 33, 293.13, 358.26, 0.98, 0.8345, -0.0174, -0.5508, -0.0013
13:43:39, 1.10, 33, 292.85, 358.09, 1.04, 0.8331, -0.0189, -0.5528, -0.0017
13:43:39, 1.13, 34, 292.58, 358.14, 1.07, 0.8318, -0.0187, -0.5548, -0.0012
13:43:39, 1.13, 34, 292.28, 358.25, 1.18, 0.8303, -0.0184, -0.5569, 0.0001
13:43:39, 1.17, 35, 291.95, 358.37, 1.28, 0.8287, -0.0180, -0.5594, 0.0013
13:43:39, 1.17, 35, 291.51, 358.41, 1.24, 0.8266, -0.0175, -0.5625, 0.0011
13:43:39, 1.20, 36, 291.08, 358.49, 1.23, 0.8245, -0.0169, -0.5657, 0.0014
13:43:39, 1.20, 36, 290.66, 358.53, 1.14, 0.8224, -0.0162, -0.5686, 0.0009
13:43:39, 1.20, 36, 290.28, 358.61, 1.07, 0.8205, -0.0153, -0.5714, 0.0007
13:43:39, 1.23, 37, 289.81, 358.58, 1.04, 0.8181, -0.0153, -0.5748, 0.0003
13:43:39, 1.23, 37, 289.33, 358.63, 0.90, 0.8157, -0.0143, -0.5783, -0.0005
13:43:39, 1.27, 38, 288.76, 358.67, 0.72, 0.8129, -0.0131, -0.5823, -0.0017
13:43:39, 1.27, 38, 288.28, 358.69, 0.58, 0.8104, -0.0122, -0.5857, -0.0026
13:43:39, 1.27, 38, 287.76, 358.65, 0.45, 0.8077, -0.0119, -0.5894, -0.0038
13:43:39, 1.30, 39, 287.32, 358.58, 0.39, 0.8055, -0.0120, -0.5925, -0.0046
13:43:39, 1.30, 39, 286.87, 358.40, 0.31, 0.8031, -0.0128, -0.5957, -0.0061
13:43:39, 1.33, 40, 286.40, 358.33, 0.24, 0.8007, -0.0129, -0.5989, -0.0070
13:43:39, 1.33, 40, 285.97, 358.30, 0.17, 0.7984, -0.0127, -0.6019, -0.0078
13:43:39, 1.37, 41, 285.44, 358.17, 0.14, 0.7956, -0.0135, -0.6056, -0.0087
13:43:39, 1.37, 41, 285.02, 358.09, 0.01, 0.7933, -0.0133, -0.6086, -0.0100
13:43:39, 1.37, 41, 284.64, 357.97, 359.96, 0.7913, -0.0138, -0.6112, -0.0111
13:43:39, 1.40, 42, 284.27, 357.79, 359.89, 0.7893, -0.0146, -0.6137, -0.0126
13:43:39, 1.40, 42, 283.91, 357.69, 359.87, 0.7873, -0.0152, -0.6162, -0.0133
13:43:39, 1.43, 43, 283.56, 357.56, 359.84, 0.7854, -0.0158, -0.6186, -0.0143
13:43:39, 1.43, 43, 283.21, 357.52, 359.77, 0.7835, -0.0157, -0.6210, -0.0150
13:43:39, 1.43, 43, 282.92, 357.43, 359.73, 0.7819, -0.0160, -0.6229, -0.0158
13:43:39, 1.47, 44, 282.60, 357.34, 359.66, 0.7802, -0.0162, -0.6251, -0.0168
13:43:39, 1.47, 44, 282.35, 357.32, 359.53, 0.7788, -0.0157, -0.6268, -0.0179
13:43:39, 1.50, 45, 282.09, 357.25, 359.45, 0.7773, -0.0157, -0.6286, -0.0188
13:43:39, 1.50, 45, 281.89, 357.14, 359.38, 0.7762, -0.0160, -0.6299, -0.0200
13:43:39, 1.53, 46, 281.69, 357.06, 359.27, 0.7751, -0.0159, -0.6313, -0.0211
13:43:39, 1.53, 46, 281.51, 357.00, 359.18, 0.7740, -0.0157, -0.6326, -0.0221
13:43:39, 1.53, 46, 281.33, 357.02, 359.07, 0.7730, -0.0150, -0.6338, -0.0228
13:43:39, 1.57, 47, 281.16, 357.02, 358.97, 0.7721, -0.0143, -0.6349, -0.0234
13:43:39, 1.57, 47, 281.03, 356.97, 358.90, 0.7713, -0.0143, -0.6358, -0.0242
13:43:39, 1.60, 48, 280.92, 356.92, 358.81, 0.7707, -0.0141, -0.6366, -0.0251
13:43:39, 1.60, 48, 280.81, 356.84, 358.77, 0.7700, -0.0144, -0.6373, -0.0258
13:43:39, 1.60, 48, 280.68, 356.77, 358.76, 0.7693, -0.0148, -0.6382, -0.0263
13:43:39, 1.63, 49, 280.53, 356.74, 358.77, 0.7685, -0.0150, -0.6392, -0.0264
13:43:39, 1.63, 49, 280.42, 356.76, 358.77, 0.7678, -0.0149, -0.6399, -0.0263
13:43:39, 1.67, 50, 280.31, 356.82, 358.77, 0.7673, -0.0144, -0.6407, -0.0260
13:43:39, 1.67, 50, 280.19, 356.91, 358.83, 0.7666, -0.0141, -0.6415, -0.0251
13:43:39, 1.70, 51, 280.05, 356.98, 358.94, 0.7658, -0.0143, -0.6424, -0.0240
13:43:39, 1.70, 51, 279.92, 356.94, 359.03, 0.7651, -0.0150, -0.6433, -0.0237
13:43:39, 1.70, 51, 279.76, 356.85, 359.10, 0.7643, -0.0160, -0.6443, -0.0238
13:43:39, 1.73, 52, 279.58, 356.69, 359.14, 0.7632, -0.0172, -0.6455, -0.0243
13:43:39, 1.73, 52, 279.32, 356.57, 359.20, 0.7617, -0.0183, -0.6472, -0.0247
13:43:39, 1.77, 53, 279.04, 356.42, 359.18, 0.7601, -0.0191, -0.6490, -0.0257
13:43:39, 1.77, 53, 278.80, 356.37, 359.12, 0.7587, -0.0191, -0.6506, -0.0264
13:43:39, 1.77, 53, 278.54, 356.34, 359.04, 0.7572, -0.0187, -0.6523, -0.0272
13:43:39, 1.80, 54, 278.31, 356.31, 358.99, 0.7559, -0.0186, -0.6539, -0.0277
13:43:39, 1.80, 54, 278.11, 356.31, 358.92, 0.7547, -0.0182, -0.6552, -0.0282
13:43:39, 1.83, 55, 277.90, 356.29, 358.88, 0.7535, -0.0180, -0.6566, -0.0286
13:43:39, 1.83, 55, 277.66, 356.25, 358.80, 0.7521, -0.0178, -0.6582, -0.0294
13:43:39, 1.87, 56, 277.46, 356.29, 358.77, 0.7509, -0.0172, -0.6595, -0.0294
13:43:39, 1.87, 56, 277.30, 356.34, 358.68, 0.7500, -0.0163, -0.6605, -0.0297
13:43:39, 1.87, 56, 277.12, 356.38, 358.64, 0.7490, -0.0158, -0.6617, -0.0298
13:43:39, 1.90, 57, 276.95, 356.47, 358.63, 0.7480, -0.0152, -0.6628, -0.0294
13:43:39, 1.90, 57, 276.73, 356.50, 358.58, 0.7467, -0.0146, -0.6643, -0.0295
13:43:39, 1.93, 58, 276.52, 356.56, 358.54, 0.7455, -0.0139, -0.6657, -0.0295
13:43:40, 1.93, 58, 276.28, 356.62, 358.47, 0.7441, -0.0130, -0.6672, -0.0296
13:43:40, 1.93, 58, 276.08, 356.73, 358.37, 0.7430, -0.0117, -0.6685, -0.0296
13:43:40, 1.97, 59, 275.89, 356.88, 358.32, 0.7419, -0.0104, -0.6698, -0.0291
13:43:40, 1.97, 59, 275.67, 356.99, 358.26, 0.7406, -0.0093, -0.6712, -0.0289
13:43:40, 2.00, 60, 275.45, 357.03, 358.20, 0.7393, -0.0086, -0.6727, -0.0291
13:43:40, 2.00, 60, 275.21, 357.00, 358.12, 0.7378, -0.0083, -0.6743, -0.0298
13:43:40, 2.03, 61, 274.95, 356.94, 358.01, 0.7363, -0.0079, -0.6759, -0.0309
13:43:40, 2.03, 61, 274.70, 356.89, 357.84, 0.7348, -0.0072, -0.6775, -0.0322
13:43:40, 2.03, 61, 274.41, 356.80, 357.71, 0.7330, -0.0069, -0.6794, -0.0336
13:43:40, 2.07, 62, 274.03, 356.76, 357.58, 0.7307, -0.0062, -0.6818, -0.0347
13:43:40, 2.07, 62, 273.66, 356.71, 357.43, 0.7284, -0.0056, -0.6842, -0.0360
13:43:40, 2.10, 63, 273.14, 356.62, 357.13, 0.7252, -0.0042, -0.6875, -0.0384
13:43:40, 2.10, 63, 272.59, 356.51, 356.91, 0.7218, -0.0034, -0.6909, -0.0405
13:43:40, 2.10, 63, 271.92, 356.50, 356.60, 0.7176, -0.0013, -0.6952, -0.0425
13:43:40, 2.13, 64, 271.08, 356.52, 356.40, 0.7124, 0.0003, -0.7005, -0.0436
13:43:40, 2.13, 64, 270.15, 356.50, 356.15, 0.7066, 0.0021, -0.7062, -0.0453
13:43:40, 2.17, 65, 269.09, 356.43, 355.94, 0.6999, 0.0034, -0.7127, -0.0470
13:43:40, 2.17, 65, 268.01, 356.36, 355.68, 0.6930, 0.0051, -0.7193, -0.0490
13:43:40, 2.20, 66, 266.64, 356.34, 355.57, 0.6843, 0.0062, -0.7275, -0.0497
13:43:40, 2.20, 66, 265.27, 356.18, 355.50, 0.6755, 0.0063, -0.7356, -0.0511
13:43:40, 2.20, 66, 264.07, 356.06, 355.31, 0.6676, 0.0074, -0.7426, -0.0528
13:43:40, 2.23, 67, 262.85, 355.90, 355.16, 0.6595, 0.0080, -0.7497, -0.0547
13:43:40, 2.23, 67, 261.61, 355.87, 355.02, 0.6513, 0.0093, -0.7568, -0.0557
13:43:40, 2.27, 68, 260.37, 355.74, 354.83, 0.6428, 0.0105, -0.7638, -0.0574
13:43:40, 2.27, 68, 259.10, 355.58, 354.64, 0.6342, 0.0115, -0.7708, -0.0594
13:43:40, 2.27, 68, 257.82, 355.37, 354.49, 0.6254, 0.0120, -0.7778, -0.0615
13:43:40, 2.30, 69, 256.59, 355.15, 354.35, 0.6168, 0.0125, -0.7844, -0.0637
13:43:40, 2.30, 69, 255.39, 354.92, 354.28, 0.6083, 0.0124, -0.7909, -0.0655
13:43:40, 2.33, 70, 254.29, 354.71, 354.22, 0.6005, 0.0123, -0.7967, -0.0671
13:43:40, 2.33, 70, 253.07, 354.41, 354.22, 0.5918, 0.0115, -0.8030, -0.0691
13:43:40, 2.37, 71, 251.96, 354.02, 354.26, 0.5839, 0.0098, -0.8086, -0.0715
13:43:40, 2.37, 71, 250.89, 353.61, 354.36, 0.5761, 0.0078, -0.8140, -0.0739
13:43:40, 2.37, 71, 250.01, 353.10, 354.26, 0.5694, 0.0065, -0.8183, -0.0779
13:43:40, 2.40, 72, 249.30, 352.59, 354.19, 0.5640, 0.0049, -0.8217, -0.0819
13:43:40, 2.40, 72, 248.65, 352.16, 354.14, 0.5589, 0.0036, -0.8248, -0.0851
13:43:40, 2.43, 73, 248.12, 351.75, 354.09, 0.5548, 0.0024, -0.8273, -0.0884
13:43:40, 2.43, 73, 247.62, 351.46, 354.07, 0.5509, 0.0015, -0.8296, -0.0905
13:43:40, 2.43, 73, 247.21, 351.19, 353.98, 0.5477, 0.0012, -0.8315, -0.0929
13:43:40, 2.47, 74, 246.97, 350.89, 353.99, 0.5457, -0.0002, -0.8326, -0.0950
13:43:40, 2.47, 74, 246.83, 350.64, 354.03, 0.5446, -0.0015, -0.8331, -0.0966
13:43:40, 2.50, 75, 246.65, 350.40, 354.09, 0.5431, -0.0030, -0.8339, -0.0981
13:43:40, 2.50, 75, 246.48, 350.22, 354.07, 0.5417, -0.0036, -0.8346, -0.0995
13:43:40, 2.53, 76, 246.38, 350.07, 354.02, 0.5408, -0.0038, -0.8351, -0.1008
13:43:40, 2.53, 76, 246.22, 349.95, 354.05, 0.5396, -0.0045, -0.8358, -0.1015
13:43:40, 2.53, 76, 246.10, 349.97, 354.10, 0.5388, -0.0047, -0.8363, -0.1011
13:43:40, 2.57, 77, 245.87, 350.05, 354.22, 0.5373, -0.0049, -0.8374, -0.1000
13:43:40, 2.57, 77, 245.52, 350.20, 354.45, 0.5350, -0.0056, -0.8391, -0.0979
13:43:40, 2.60, 78, 245.10, 350.33, 354.65, 0.5322, -0.0061, -0.8411, -0.0960
13:43:40, 2.60, 78, 244.66, 350.51, 354.91, 0.5293, -0.0068, -0.8432, -0.0935
13:43:40, 2.60, 78, 244.15, 350.69, 355.21, 0.5260, -0.0078, -0.8456, -0.0908
13:43:40, 2.63, 79, 243.62, 350.90, 355.53, 0.5224, -0.0088, -0.8481, -0.0879
13:43:40, 2.63, 79, 242.99, 351.12, 355.91, 0.5181, -0.0101, -0.8510, -0.0846
13:43:40, 2.67, 80, 242.28, 351.26, 356.35, 0.5133, -0.0122, -0.8542, -0.0816
13:43:40, 2.67, 80, 241.56, 351.60, 356.73, 0.5084, -0.0130, -0.8575, -0.0775
13:43:40, 2.70, 81, 240.84, 352.05, 357.25, 0.5036, -0.0144, -0.8608, -0.0719
13:43:40, 2.70, 81, 240.12, 352.77, 357.75, 0.4987, -0.0146, -0.8642, -0.0644
13:43:40, 2.70, 81, 239.59, 353.53, 358.16, 0.4953, -0.0141, -0.8668, -0.0570
13:43:40, 2.73, 82, 239.05, 354.37, 358.46, 0.4916, -0.0126, -0.8694, -0.0494
13:43:40, 2.73, 82, 238.59, 355.16, 358.74, 0.4884, -0.0111, -0.8715, -0.0422
13:43:40, 2.77, 83, 238.03, 355.85, 358.90, 0.4844, -0.0092, -0.8741, -0.0363
13:43:40, 2.77, 83, 237.47, 356.48, 359.03, 0.4803, -0.0073, -0.8765, -0.0310
13:43:40, 2.77, 83, 236.91, 357.12, 359.11, 0.4761, -0.0052, -0.8790, -0.0258
13:43:40, 2.80, 84, 236.28, 357.63, 359.21, 0.4714, -0.0037, -0.8817, -0.0215
13:43:40, 2.80, 84, 235.56, 357.92, 359.22, 0.4659, -0.0025, -0.8846, -0.0192
13:43:40, 2.83, 85, 234.85, 358.14, 359.13, 0.4604, -0.0007, -0.8875, -0.0179
13:43:40, 2.83, 85, 234.12, 358.22, 359.10, 0.4548, -0.0001, -0.8904, -0.0174
13:43:40, 2.87, 86, 233.41, 358.31, 359.00, 0.4492, 0.0012, -0.8933, -0.0171
13:43:40, 2.87, 86, 232.77, 358.44, 358.93, 0.4443, 0.0023, -0.8958, -0.0163
13:43:40, 2.87, 86, 232.14, 358.40, 358.95, 0.4393, 0.0021, -0.8982, -0.0165
13:43:40, 2.90, 87, 231.51, 358.28, 358.89, 0.4343, 0.0022, -0.9006, -0.0177
13:43:40, 2.90, 87, 230.91, 358.22, 358.89, 0.4296, 0.0020, -0.9028, -0.0182
13:43:40, 2.93, 88, 230.36, 358.12, 358.89, 0.4252, 0.0018, -0.9049, -0.0189
13:43:41, 2.93, 88, 229.89, 358.08, 358.88, 0.4215, 0.0018, -0.9066, -0.0193
13:43:41, 2.93, 88, 229.45, 358.10, 358.88, 0.4180, 0.0020, -0.9082, -0.0191
13:43:41, 2.97, 89, 228.97, 358.12, 359.04, 0.4142, 0.0008, -0.9100, -0.0184
13:43:41, 2.97, 89, 228.54, 358.12, 359.12, 0.4109, 0.0002, -0.9115, -0.0181
13:43:41, 3.00, 90, 228.15, 358.12, 359.22, 0.4078, -0.0005, -0.9129, -0.0178
13:43:41, 3.00, 90, 227.74, 358.11, 359.23, 0.4045, -0.0006, -0.9144, -0.0178
13:43:41, 3.03, 91, 227.29, 358.05, 359.30, 0.4009, -0.0012, -0.9160, -0.0181
13:43:41, 3.03, 91, 226.93, 358.03, 359.39, 0.3980, -0.0020, -0.9172, -0.0179
13:43:41, 3.03, 91, 226.53, 358.07, 359.45, 0.3948, -0.0022, -0.9186, -0.0174
13:43:41, 3.07, 92, 226.09, 358.08, 359.58, 0.3913, -0.0032, -0.9201, -0.0168
13:43:41, 3.07, 92, 225.65, 358.02, 359.68, 0.3878, -0.0041, -0.9216, -0.0170
13:43:41, 3.10, 93, 225.25, 357.95, 359.65, 0.3846, -0.0041, -0.9229, -0.0176
13:43:41, 3.10, 93, 224.90, 357.95, 359.66, 0.3818, -0.0041, -0.9241, -0.0177
13:43:41, 3.10, 93, 224.55, 357.96, 359.67, 0.3789, -0.0040, -0.9252, -0.0176
13:43:41, 3.13, 94, 224.14, 358.09, 359.63, 0.3756, -0.0033, -0.9266, -0.0166
13:43:41, 3.13, 94, 223.74, 358.22, 359.58, 0.3724, -0.0024, -0.9279, -0.0158
13:43:41, 3.17, 95, 223.35, 358.41, 359.50, 0.3693, -0.0010, -0.9292, -0.0145
13:43:41, 3.17, 95, 223.02, 358.56, 359.41, 0.3665, 0.0001, -0.9303, -0.0136
13:43:41, 3.20, 96, 222.53, 358.76, 359.50, 0.3626, 0.0002, -0.9319, -0.0117
13:43:41, 3.20, 96, 222.05, 358.89, 359.56, 0.3588, 0.0001, -0.9334, -0.0104
13:43:41, 3.20, 96, 221.58, 359.04, 359.56, 0.3549, 0.0006, -0.9349, -0.0092
13:43:41, 3.23, 97, 221.12, 359.13, 359.51, 0.3512, 0.0013, -0.9363, -0.0086
13:43:41, 3.23, 97, 220.74, 359.17, 359.43, 0.3481, 0.0022, -0.9374, -0.0085
13:43:41, 3.27, 98, 220.35, 359.23, 359.36, 0.3448, 0.0030, -0.9386, -0.0082
13:43:41, 3.27, 98, 219.89, 359.35, 359.27, 0.3411, 0.0040, -0.9400, -0.0075
13:43:41, 3.27, 98, 219.38, 359.45, 359.22, 0.3369, 0.0048, -0.9415, -0.0068
13:43:41, 3.30, 99, 218.85, 359.51, 359.07, 0.3326, 0.0062, -0.9430, -0.0067
13:43:41, 3.30, 99, 218.28, 359.49, 358.92, 0.3278, 0.0075, -0.9447, -0.0073
13:43:41, 3.33, 100, 217.84, 359.47, 358.75, 0.3242, 0.0088, -0.9459, -0.0079
13:43:41, 3.33, 100, 217.35, 359.42, 358.65, 0.3201, 0.0096, -0.9473, -0.0086
13:43:41, 3.37, 101, 216.81, 359.32, 358.55, 0.3156, 0.0101, -0.9488, -0.0096
13:43:41, 3.37, 101, 216.32, 359.22, 358.45, 0.3115, 0.0108, -0.9501, -0.0107
13:43:41, 3.37, 101, 215.91, 359.02, 358.27, 0.3081, 0.0117, -0.9512, -0.0128
13:43:41, 3.40, 102, 215.46, 358.84, 358.02, 0.3043, 0.0133, -0.9524, -0.0149
13:43:41, 3.40, 102, 215.19, 358.68, 357.87, 0.3020, 0.0142, -0.9531, -0.0166
13:43:41, 3.43, 103, 214.91, 358.65, 357.69, 0.2996, 0.0157, -0.9538, -0.0173
13:43:41, 3.43, 103, 214.68, 358.57, 357.54, 0.2977, 0.0168, -0.9543, -0.0183
13:43:41, 3.43, 103, 214.48, 358.55, 357.37, 0.2960, 0.0181, -0.9548, -0.0189
13:43:41, 3.47, 104, 214.30, 358.52, 357.25, 0.2945, 0.0191, -0.9553, -0.0195
13:43:41, 3.47, 104, 214.10, 358.48, 357.20, 0.2928, 0.0195, -0.9558, -0.0199
13:43:41, 3.50, 105, 213.95, 358.49, 357.10, 0.2915, 0.0203, -0.9561, -0.0200
13:43:41, 3.50, 105, 213.80, 358.42, 357.02, 0.2902, 0.0209, -0.9565, -0.0208
13:43:41, 3.53, 106, 213.67, 358.39, 356.91, 0.2891, 0.0218, -0.9568, -0.0213
13:43:41, 3.53, 106, 213.60, 358.35, 356.83, 0.2885, 0.0223, -0.9570, -0.0217
13:43:41, 3.53, 106, 213.57, 358.39, 356.82, 0.2883, 0.0225, -0.9570, -0.0215
13:43:41, 3.57, 107, 213.57, 358.38, 356.74, 0.2883, 0.0231, -0.9570, -0.0218
13:43:41, 3.57, 107, 213.60, 358.33, 356.70, 0.2885, 0.0234, -0.9569, -0.0223
13:43:41, 3.60, 108, 213.66, 358.24, 356.68, 0.2890, 0.0233, -0.9568, -0.0231
13:43:41, 3.60, 108, 213.76, 358.20, 356.70, 0.2898, 0.0230, -0.9565, -0.0234
13:43:41, 3.60, 108, 213.89, 358.12, 356.72, 0.2909, 0.0226, -0.9562, -0.0240
13:43:41, 3.63, 109, 214.03, 358.06, 356.78, 0.2920, 0.0219, -0.9559, -0.0244
13:43:41, 3.63, 109, 214.18, 357.94, 356.81, 0.2932, 0.0213, -0.9555, -0.0253
13:43:41, 3.67, 110, 214.42, 357.91, 356.82, 0.2952, 0.0211, -0.9549, -0.0257
13:43:41, 3.67, 110, 214.68, 357.79, 356.85, 0.2974, 0.0205, -0.9542, -0.0266
13:43:41, 3.70, 111, 214.93, 357.73, 356.91, 0.2994, 0.0197, -0.9535, -0.0270
13:43:41, 3.70, 111, 215.23, 357.67, 356.90, 0.3019, 0.0196, -0.9527, -0.0275
13:43:41, 3.70, 111, 215.59, 357.69, 356.89, 0.3049, 0.0197, -0.9518, -0.0275
13:43:41, 3.73, 112, 215.96, 357.65, 356.99, 0.3080, 0.0187, -0.9508, -0.0276
13:43:41, 3.73, 112, 216.41, 357.66, 357.11, 0.3118, 0.0176, -0.9496, -0.0273
13:43:41, 3.77, 113, 216.89, 357.57, 357.13, 0.3157, 0.0171, -0.9483, -0.0281
13:43:41, 3.77, 113, 217.34, 357.51, 357.33, 0.3194, 0.0151, -0.9471, -0.0280
13:43:41, 3.77, 113, 217.86, 357.39, 357.44, 0.3238, 0.0137, -0.9456, -0.0288
13:43:41, 3.80, 114, 218.43, 357.35, 357.52, 0.3285, 0.0128, -0.9440, -0.0290
13:43:41, 3.80, 114, 219.17, 357.36, 357.62, 0.3346, 0.0118, -0.9419, -0.0287
13:43:41, 3.83, 115, 219.94, 357.26, 357.83, 0.3410, 0.0096, -0.9396, -0.0289
13:43:41, 3.83, 115, 220.80, 357.00, 358.08, 0.3480, 0.0066, -0.9370, -0.0304
13:43:41, 3.87, 116, 221.74, 356.79, 358.29, 0.3557, 0.0040, -0.9341, -0.0315
13:43:41, 3.87, 116, 222.58, 356.44, 358.47, 0.3625, 0.0011, -0.9314, -0.0338
13:43:41, 3.87, 116, 223.54, 356.23, 358.60, 0.3703, -0.0009, -0.9283, -0.0351
13:43:41, 3.90, 117, 224.50, 355.95, 358.70, 0.3780, -0.0029, -0.9251, -0.0370
13:43:41, 3.90, 117, 225.40, 355.76, 358.85, 0.3853, -0.0050, -0.9220, -0.0380
13:43:41, 3.93, 118, 226.22, 355.57, 358.91, 0.3918, -0.0064, -0.9192, -0.0393
13:43:42, 3.93, 118, 227.07, 355.41, 359.09, 0.3987, -0.0087, -0.9162, -0.0398
13:43:42, 3.93, 118, 227.78, 355.21, 359.16, 0.4044, -0.0102, -0.9136, -0.0412
13:43:42, 3.97, 119, 228.57, 355.07, 359.24, 0.4106, -0.0117, -0.9108, -0.0420
13:43:42, 3.97, 119, 229.27, 354.87, 359.26, 0.4162, -0.0128, -0.9082, -0.0434
13:43:42, 4.00, 120, 229.99, 354.71, 359.28, 0.4218, -0.0138, -0.9055, -0.0444
13:43:42, 4.00, 120, 230.70, 354.58, 359.29, 0.4274, -0.0147, -0.9028, -0.0454
13:43:42, 4.03, 121, 231.38, 354.53, 359.32, 0.4327, -0.0154, -0.9002, -0.0456
13:43:42, 4.03, 121, 232.10, 354.43, 359.30, 0.4383, -0.0159, -0.8975, -0.0463
13:43:42, 4.03, 121, 232.78, 354.33, 359.31, 0.4436, -0.0166, -0.8948, -0.0470
13:43:42, 4.07, 122, 233.44, 354.24, 359.27, 0.4488, -0.0169, -0.8922, -0.0477
13:43:42, 4.07, 122, 234.21, 354.14, 359.31, 0.4548, -0.0179, -0.8891, -0.0482
13:43:42, 4.10, 123, 235.00, 354.06, 359.37, 0.4609, -0.0191, -0.8859, -0.0485
13:43:42, 4.10, 123, 235.69, 353.94, 359.40, 0.4662, -0.0201, -0.8831, -0.0492
13:43:42, 4.10, 123, 236.38, 353.83, 359.51, 0.4715, -0.0216, -0.8802, -0.0494
13:43:42, 4.13, 124, 237.04, 353.75, 359.52, 0.4766, -0.0223, -0.8774, -0.0499
13:43:42, 4.13, 124, 237.69, 353.67, 359.55, 0.4815, -0.0232, -0.8747, -0.0503
13:43:42, 4.17, 125, 238.38, 353.63, 359.59, 0.4868, -0.0240, -0.8717, -0.0503
13:43:42, 4.17, 125, 239.03, 353.50, 359.55, 0.4917, -0.0245, -0.8689, -0.0512
13:43:42, 4.20, 126, 239.61, 353.28, 359.63, 0.4961, -0.0263, -0.8663, -0.0525
13:43:42, 4.20, 126, 240.24, 353.08, 359.63, 0.5007, -0.0275, -0.8635, -0.0538
13:43:42, 4.20, 126, 240.83, 352.97, 359.64, 0.5051, -0.0284, -0.8609, -0.0544
13:43:42, 4.23, 127, 241.38, 352.91, 359.62, 0.5092, -0.0287, -0.8584, -0.0548
13:43:42, 4.23, 127, 241.92, 352.84, 359.53, 0.5132, -0.0287, -0.8560, -0.0557
13:43:42, 4.27, 128, 242.53, 352.84, 359.44, 0.5178, -0.0283, -0.8532, -0.0559
13:43:42, 4.27, 128, 243.07, 352.87, 359.38, 0.5217, -0.0279, -0.8508, -0.0559
13:43:42, 4.27, 128, 243.63, 352.94, 359.25, 0.5258, -0.0269, -0.8483, -0.0557
13:43:42, 4.30, 129, 244.16, 353.02, 359.16, 0.5297, -0.0261, -0.8460, -0.0555
13:43:42, 4.30, 129, 244.68, 353.03, 359.08, 0.5335, -0.0257, -0.8436, -0.0557
13:43:42, 4.33, 130, 245.15, 353.13, 358.96, 0.5369, -0.0246, -0.8414, -0.0554
13:43:42, 4.33, 130, 245.71, 353.13, 358.81, 0.5410, -0.0238, -0.8388, -0.0559
13:43:42, 4.37, 131, 246.23, 353.19, 358.69, 0.5447, -0.0229, -0.8364, -0.0559
13:43:42, 4.37, 131, 246.70, 353.32, 358.62, 0.5482, -0.0220, -0.8342, -0.0553
13:43:42, 4.37, 131, 247.16, 353.41, 358.53, 0.5516, -0.0211, -0.8321, -0.0550
13:43:42, 4.40, 132, 247.68, 353.53, 358.48, 0.5553, -0.0204, -0.8296, -0.0542
13:43:42, 4.40, 132, 248.15, 353.71, 358.34, 0.5587, -0.0187, -0.8274, -0.0535
13:43:42, 4.43, 133, 248.60, 353.73, 358.31, 0.5620, -0.0187, -0.8252, -0.0534
13:43:42, 4.43, 133, 249.07, 353.90, 358.25, 0.5654, -0.0176, -0.8230, -0.0524
13:43:42, 4.43, 133, 249.48, 353.99, 358.19, 0.5683, -0.0169, -0.8210, -0.0521
13:43:42, 4.47, 134, 249.88, 354.04, 358.12, 0.5711, -0.0163, -0.8190, -0.0520
13:43:42, 4.47, 134, 250.31, 354.16, 358.01, 0.5742, -0.0152, -0.8169, -0.0516
13:43:42, 4.50, 135, 250.74, 354.28, 357.94, 0.5773, -0.0143, -0.8148, -0.0510
13:43:42, 4.50, 135, 251.20, 354.35, 357.90, 0.5806, -0.0138, -0.8125, -0.0507
13:43:42, 4.53, 136, 251.61, 354.41, 357.89, 0.5835, -0.0136, -0.8104, -0.0503
13:43:42, 4.53, 136, 252.06, 354.51, 357.90, 0.5867, -0.0134, -0.8082, -0.0495
13:43:42, 4.53, 136, 252.52, 354.61, 357.93, 0.5900, -0.0133, -0.8058, -0.0485
13:43:42, 4.57, 137, 252.94, 354.71, 357.96, 0.5930, -0.0131, -0.8037, -0.0477
13:43:42, 4.57, 137, 253.42, 354.80, 357.95, 0.5964, -0.0128, -0.8012, -0.0470
13:43:42, 4.60, 138, 253.89, 354.93, 358.02, 0.5997, -0.0128, -0.7988, -0.0457
13:43:42, 4.60, 138, 254.30, 355.00, 358.06, 0.6027, -0.0129, -0.7966, -0.0450
13:43:42, 4.60, 138, 254.75, 355.07, 358.04, 0.6058, -0.0125, -0.7943, -0.0445
13:43:42, 4.63, 139, 255.24, 355.14, 358.08, 0.6092, -0.0126, -0.7917, -0.0438
13:43:42, 4.63, 139, 255.77, 355.22, 358.12, 0.6129, -0.0127, -0.7889, -0.0429
13:43:42, 4.67, 140, 256.25, 355.27, 358.17, 0.6163, -0.0130, -0.7863, -0.0423
13:43:42, 4.67, 140, 256.77, 355.37, 358.23, 0.6199, -0.0129, -0.7835, -0.0412
13:43:42, 4.70, 141, 257.29, 355.53, 358.31, 0.6235, -0.0129, -0.7807, -0.0397
13:43:42, 4.70, 141, 257.73, 355.65, 358.40, 0.6266, -0.0130, -0.7783, -0.0383
13:43:42, 4.70, 141, 258.15, 355.71, 358.45, 0.6295, -0.0131, -0.7760, -0.0376
13:43:42, 4.73, 142, 258.63, 355.89, 358.53, 0.6327, -0.0128, -0.7734, -0.0359
13:43:42, 4.73, 142, 259.01, 356.00, 358.56, 0.6354, -0.0125, -0.7713, -0.0349
13:43:42, 4.77, 143, 259.40, 356.14, 358.56, 0.6380, -0.0118, -0.7692, -0.0340
13:43:42, 4.77, 143, 259.73, 356.31, 358.61, 0.6403, -0.0113, -0.7673, -0.0325
13:43:42, 4.77, 143, 260.00, 356.50, 358.61, 0.6421, -0.0103, -0.7659, -0.0312
13:43:42, 4.80, 144, 260.29, 356.64, 358.64, 0.6441, -0.0098, -0.7643, -0.0301
13:43:42, 4.80, 144, 260.53, 356.80, 358.63, 0.6458, -0.0089, -0.7629, -0.0291
13:43:42, 4.83, 145, 260.82, 356.99, 358.54, 0.6477, -0.0073, -0.7613, -0.0282
13:43:42, 4.83, 145, 261.20, 357.25, 358.40, 0.6503, -0.0050, -0.7592, -0.0273
13:43:42, 4.87, 146, 261.67, 357.54, 358.25, 0.6534, -0.0025, -0.7566, -0.0262
13:43:42, 4.87, 146, 262.12, 357.87, 358.16, 0.6564, -0.0001, -0.7540, -0.0246
13:43:42, 4.87, 146, 262.55, 358.13, 358.16, 0.6593, 0.0013, -0.7515, -0.0228
13:43:42, 4.90, 147, 263.06, 358.42, 358.22, 0.6627, 0.0025, -0.7486, -0.0206
13:43:42, 4.90, 147, 263.54, 358.75, 358.17, 0.6659, 0.0046, -0.7458, -0.0187
13:43:42, 4.93, 148, 264.07, 359.05, 358.25, 0.6694, 0.0058, -0.7427, -0.0164
13:43:43, 4.93, 148, 264.51, 359.34, 358.40, 0.6723, 0.0065, -0.7401, -0.0137
13:43:43, 4.93, 148, 265.00, 359.48, 358.51, 0.6755, 0.0065, -0.7373, -0.0122
13:43:43, 4.97, 149, 265.42, 359.71, 358.68, 0.6782, 0.0067, -0.7348, -0.0097
13:43:43, 4.97, 149, 265.93, 359.81, 358.78, 0.6815, 0.0066, -0.7318, -0.0085
13:43:43, 5.00, 150, 266.42, 359.95, 358.87, 0.6847, 0.0069, -0.7288, -0.0071
13:43:43, 5.00, 150, 266.97, 0.18, 359.00, 0.6881, 0.0074, -0.7255, -0.0049
13:43:43, 5.03, 151, 267.37, 0.39, 359.07, 0.6907, 0.0082, -0.7231, -0.0031
13:43:43, 5.03, 151, 267.72, 0.51, 359.25, 0.6929, 0.0078, -0.7210, -0.0013
13:43:43, 5.03, 151, 267.98, 0.62, 359.34, 0.6945, 0.0079, -0.7194, -0.0002
13:43:43, 5.07, 152, 268.22, 0.70, 359.32, 0.6961, 0.0085, -0.7179, 0.0002
13:43:43, 5.07, 152, 268.39, 0.75, 359.33, 0.6971, 0.0088, -0.7169, 0.0006
13:43:43, 5.10, 153, 268.56, 0.88, 359.31, 0.6982, 0.0097, -0.7159, 0.0013
13:43:43, 5.10, 153, 268.58, 0.98, 359.30, 0.6983, 0.0104, -0.7158, 0.0018
13:43:43, 5.10, 153, 268.48, 1.05, 359.25, 0.6976, 0.0111, -0.7164, 0.0020
13:43:43, 5.13, 154, 268.27, 1.11, 359.18, 0.6964, 0.0119, -0.7176, 0.0020
13:43:43, 5.13, 154, 268.02, 1.14, 359.05, 0.6948, 0.0129, -0.7191, 0.0014
13:43:43, 5.17, 155, 267.71, 1.12, 358.88, 0.6929, 0.0138, -0.7209, 0.0002
13:43:43, 5.17, 155, 267.38, 1.08, 358.71, 0.6908, 0.0147, -0.7229, -0.0010
13:43:43, 5.20, 156, 267.03, 1.02, 358.52, 0.6886, 0.0155, -0.7250, -0.0025
13:43:43, 5.20, 156, 266.67, 0.91, 358.32, 0.6862, 0.0161, -0.7272, -0.0043
13:43:43, 5.20, 156, 266.22, 0.79, 358.16, 0.6834, 0.0164, -0.7299, -0.0059
13:43:43, 5.23, 157, 265.79, 0.68, 358.01, 0.6806, 0.0168, -0.7324, -0.0075
13:43:43, 5.23, 157, 265.27, 0.56, 357.86, 0.6773, 0.0170, -0.7355, -0.0090
13:43:43, 5.27, 158, 264.78, 0.51, 357.69, 0.6741, 0.0179, -0.7383, -0.0103
13:43:43, 5.27, 158, 264.31, 0.43, 357.61, 0.6710, 0.0180, -0.7411, -0.0112
13:43:43, 5.27, 158, 263.78, 0.22, 357.57, 0.6676, 0.0171, -0.7442, -0.0128
13:43:43, 5.30, 159, 263.27, 0.00, 357.48, 0.6642, 0.0165, -0.7472, -0.0146
13:43:43, 5.30, 159, 262.75, 359.84, 357.32, 0.6608, 0.0166, -0.7502, -0.0166
13:43:43, 5.33, 160, 262.12, 359.72, 357.24, 0.6566, 0.0165, -0.7538, -0.0177
13:43:43, 5.33, 160, 261.38, 359.72, 357.40, 0.6517, 0.0156, -0.7581, -0.0166
13:43:43, 5.37, 161, 260.56, 359.81, 357.62, 0.6464, 0.0148, -0.7628, -0.0147
13:43:43, 5.37, 161, 259.70, 359.98, 357.74, 0.6406, 0.0150, -0.7676, -0.0128
13:43:43, 5.37, 161, 258.78, 0.21, 357.80, 0.6345, 0.0160, -0.7727, -0.0107
13:43:43, 5.40, 162, 258.00, 0.54, 357.80, 0.6293, 0.0179, -0.7769, -0.0084
13:43:43, 5.40, 162, 257.19, 0.79, 357.74, 0.6238, 0.0197, -0.7813, -0.0069
13:43:43, 5.43, 163, 256.49, 1.03, 357.59, 0.6190, 0.0221, -0.7851, -0.0059
13:43:43, 5.43, 163, 255.86, 1.21, 357.54, 0.6147, 0.0234, -0.7884, -0.0049
13:43:43, 5.43, 163, 255.20, 1.33, 357.45, 0.6102, 0.0247, -0.7919, -0.0044
13:43:43, 5.47, 164, 254.62, 1.41, 357.41, 0.6061, 0.0254, -0.7949, -0.0039
13:43:43, 5.47, 164, 253.96, 1.41, 357.34, 0.6015, 0.0260, -0.7984, -0.0041
13:43:43, 5.50, 165, 253.39, 1.42, 357.22, 0.5976, 0.0268, -0.8013, -0.0045
13:43:43, 5.50, 165, 252.73, 1.41, 357.04, 0.5929, 0.0281, -0.8047, -0.0054
13:43:43, 5.53, 166, 252.06, 1.43, 356.86, 0.5882, 0.0295, -0.8081, -0.0061
13:43:43, 5.53, 166, 251.42, 1.41, 356.73, 0.5837, 0.0304, -0.8114, -0.0067
13:43:43, 5.53, 166, 250.79, 1.35, 356.54, 0.5792, 0.0315, -0.8146, -0.0079
13:43:43, 5.57, 167, 250.15, 1.28, 356.43, 0.5746, 0.0319, -0.8178, -0.0087
13:43:43, 5.57, 167, 249.57, 1.15, 356.36, 0.5704, 0.0318, -0.8207, -0.0099
13:43:43, 5.60, 168, 248.97, 0.90, 356.30, 0.5661, 0.0311, -0.8237, -0.0118
13:43:43, 5.60, 168, 248.33, 0.76, 356.31, 0.5614, 0.0304, -0.8269, -0.0126
13:43:43, 5.60, 168, 247.78, 0.60, 356.31, 0.5575, 0.0296, -0.8296, -0.0136
13:43:43, 5.63, 169, 247.14, 0.48, 356.31, 0.5528, 0.0291, -0.8327, -0.0143
13:43:43, 5.63, 169, 246.47, 0.35, 356.37, 0.5479, 0.0282, -0.8360, -0.0148
13:43:43, 5.67, 170, 245.79, 0.24, 356.40, 0.5429, 0.0275, -0.8392, -0.0153
13:43:43, 5.67, 170, 245.15, 0.16, 356.44, 0.5382, 0.0269, -0.8422, -0.0155
13:43:43, 5.70, 171, 244.50, 0.00, 356.36, 0.5334, 0.0269, -0.8453, -0.0169
13:43:43, 5.70, 171, 243.77, 359.94, 356.38, 0.5279, 0.0265, -0.8487, -0.0171
13:43:43, 5.70, 171, 242.97, 359.87, 356.43, 0.5220, 0.0260, -0.8524, -0.0172
13:43:43, 5.73, 172, 242.05, 359.86, 356.42, 0.5152, 0.0262, -0.8565, -0.0171
13:43:43, 5.73, 172, 241.10, 359.97, 356.39, 0.5081, 0.0270, -0.8607, -0.0162
13:43:43, 5.77, 173, 240.04, 0.13, 356.38, 0.5001, 0.0279, -0.8654, -0.0148
13:43:43, 5.77, 173, 238.91, 0.33, 356.38, 0.4916, 0.0289, -0.8702, -0.0130
13:43:43, 5.77, 173, 237.76, 0.67, 356.32, 0.4829, 0.0310, -0.8751, -0.0104
13:43:43, 5.80, 174, 236.47, 1.00, 356.21, 0.4731, 0.0332, -0.8803, -0.0079
13:43:43, 5.80, 174, 235.09, 1.34, 356.06, 0.4625, 0.0359, -0.8859, -0.0055
13:43:43, 5.83, 175, 233.66, 1.59, 355.89, 0.4515, 0.0383, -0.8915, -0.0038
13:43:43, 5.83, 175, 232.26, 1.83, 355.66, 0.4406, 0.0410, -0.8968, -0.0023
13:43:43, 5.87, 176, 230.90, 1.95, 355.41, 0.4299, 0.0434, -0.9018, -0.0018
13:43:43, 5.87, 176, 229.59, 2.11, 355.11, 0.4196, 0.0465, -0.9065, -0.0012
13:43:43, 5.87, 176, 228.32, 2.18, 354.84, 0.4096, 0.0488, -0.9110, -0.0011
13:43:43, 5.90, 177, 227.10, 2.29, 354.59, 0.3999, 0.0512, -0.9151, -0.0005
13:43:43, 5.90, 177, 225.95, 2.43, 354.35, 0.3907, 0.0537, -0.9190, 0.0002
13:43:43, 5.93, 178, 224.77, 2.57, 354.16, 0.3813, 0.0556, -0.9228, 0.0013
13:43:44, 5.93, 178, 223.68, 2.70, 353.99, 0.3726, 0.0574, -0.9262, 0.0024
13:43:44, 5.93, 178, 222.63, 2.76, 354.00, 0.3640, 0.0575, -0.9296, 0.0034
13:43:44, 5.97, 179, 221.63, 2.83, 353.97, 0.3560, 0.0579, -0.9327, 0.0044
13:43:44, 5.97, 179, 220.68, 2.86, 353.95, 0.3483, 0.0581, -0.9356, 0.0051
13:43:44, 6.00, 180, 219.79, 2.86, 354.03, 0.3410, 0.0574, -0.9383, 0.0057
13:43:44, 6.00, 180, 218.97, 2.82, 354.13, 0.3342, 0.0565, -0.9408, 0.0061
13:43:44, 6.03, 181, 218.19, 2.72, 354.24, 0.3278, 0.0552, -0.9431, 0.0060
13:43:44, 6.03, 181, 217.43, 2.60, 354.44, 0.3214, 0.0532, -0.9454, 0.0059
13:43:44, 6.03, 181, 216.70, 2.48, 354.64, 0.3153, 0.0512, -0.9476, 0.0058
13:43:44, 6.07, 182, 215.97, 2.29, 354.75, 0.3092, 0.0497, -0.9497, 0.0049
13:43:44, 6.07, 182, 215.32, 2.09, 354.93, 0.3038, 0.0477, -0.9515, 0.0039
13:43:44, 6.10, 183, 214.69, 1.86, 355.03, 0.2984, 0.0462, -0.9533, 0.0025
13:43:44, 6.10, 183, 214.05, 1.62, 355.15, 0.2930, 0.0446, -0.9551, 0.0011
13:43:44, 6.10, 183, 213.45, 1.33, 355.30, 0.2880, 0.0426, -0.9567, -0.0007
13:43:44, 6.13, 184, 212.77, 1.01, 355.44, 0.2822, 0.0407, -0.9585, -0.0028
13:43:44, 6.13, 184, 212.11, 0.72, 355.54, 0.2765, 0.0391, -0.9602, -0.0047
13:43:44, 6.17, 185, 211.41, 0.40, 355.55, 0.2706, 0.0383, -0.9619, -0.0072
13:43:44, 6.17, 185, 210.71, 0.14, 355.57, 0.2646, 0.0376, -0.9636, -0.0090
13:43:44, 6.20, 186, 209.89, 359.94, 355.47, 0.2576, 0.0380, -0.9654, -0.0107
13:43:44, 6.20, 186, 208.98, 359.84, 355.14, 0.2499, 0.0407, -0.9673, -0.0119
13:43:44, 6.20, 186, 207.86, 359.74, 354.81, 0.2404, 0.0434, -0.9696, -0.0131
13:43:44, 6.23, 187, 206.57, 359.68, 354.45, 0.2294, 0.0465, -0.9721, -0.0138
13:43:44, 6.23, 187, 205.19, 359.73, 354.15, 0.2177, 0.0493, -0.9747, -0.0134
13:43:44, 6.27, 188, 203.80, 359.80, 353.82, 0.2058, 0.0524, -0.9771, -0.0129
13:43:44, 6.27, 188, 202.44, 359.92, 353.52, 0.1942, 0.0553, -0.9793, -0.0117
13:43:44, 6.27, 188, 201.03, 0.03, 353.20, 0.1822, 0.0583, -0.9815, -0.0106
13:43:44, 6.30, 189, 199.74, 0.20, 353.08, 0.1712, 0.0598, -0.9834, -0.0086
13:43:44, 6.30, 189, 198.49, 0.43, 352.95, 0.1605, 0.0613, -0.9851, -0.0062
13:43:44, 6.33, 190, 197.32, 0.57, 352.91, 0.1506, 0.0618, -0.9867, -0.0044
13:43:44, 6.33, 190, 196.21, 0.66, 352.87, 0.1411, 0.0624, -0.9880, -0.0031
13:43:44, 6.37, 191, 195.23, 0.74, 352.97, 0.1326, 0.0617, -0.9892, -0.0017
13:43:44, 6.37, 191, 194.34, 0.74, 353.02, 0.1250, 0.0612, -0.9903, -0.0012
13:43:44, 6.37, 191, 193.47, 0.73, 353.11, 0.1175, 0.0604, -0.9912, -0.0007
13:43:44, 6.40, 192, 192.79, 0.73, 353.28, 0.1116, 0.0590, -0.9920, -0.0002
13:43:44, 6.40, 192, 192.13, 0.81, 353.40, 0.1059, 0.0580, -0.9927, 0.0009
13:43:44, 6.43, 193, 191.54, 0.84, 353.63, 0.1008, 0.0560, -0.9933, 0.0017
13:43:44, 6.43, 193, 190.96, 0.94, 353.83, 0.0958, 0.0543, -0.9939, 0.0030
13:43:44, 6.43, 193, 190.40, 0.98, 354.01, 0.0909, 0.0528, -0.9944, 0.0037
13:43:44, 6.47, 194, 189.79, 1.00, 354.14, 0.0856, 0.0517, -0.9950, 0.0043
13:43:44, 6.47, 194, 189.22, 1.03, 354.30, 0.0807, 0.0503, -0.9955, 0.0050
13:43:44, 6.50, 195, 188.67, 0.97, 354.43, 0.0759, 0.0491, -0.9959, 0.0048
13:43:44, 6.50, 195, 188.04, 0.90, 354.50, 0.0704, 0.0484, -0.9963, 0.0045
13:43:44, 6.53, 196, 187.38, 0.84, 354.60, 0.0646, 0.0475, -0.9968, 0.0043
13:43:44, 6.53, 196, 186.79, 0.68, 354.68, 0.0594, 0.0467, -0.9971, 0.0032
13:43:44, 6.53, 196, 186.22, 0.49, 354.71, 0.0544, 0.0463, -0.9974, 0.0018
13:43:44, 6.57, 197, 185.68, 0.37, 354.70, 0.0496, 0.0463, -0.9977, 0.0009
13:43:44, 6.57, 197, 185.15, 0.18, 354.77, 0.0450, 0.0457, -0.9979, -0.0005
13:43:44, 6.60, 198, 184.68, 0.08, 354.78, 0.0408, 0.0455, -0.9981, -0.0011
13:43:44, 6.60, 198, 184.21, 359.99, 354.82, 0.0367, 0.0452, -0.9983, -0.0017
13:43:44, 6.60, 198, 183.75, 359.88, 354.93, 0.0326, 0.0442, -0.9985, -0.0025
13:43:44, 6.63, 199, 183.27, 359.85, 355.02, 0.0284, 0.0434, -0.9986, -0.0025
13:43:44, 6.63, 199, 182.79, 359.82, 355.16, 0.0243, 0.0422, -0.9988, -0.0026
13:43:44, 6.67, 200, 182.31, 359.79, 355.23, 0.0200, 0.0416, -0.9989, -0.0026
13:43:44, 6.67, 200, 181.81, 359.77, 355.32, 0.0157, 0.0408, -0.9990, -0.0026
13:43:44, 6.70, 201, 181.31, 359.81, 355.40, 0.0114, 0.0401, -0.9991, -0.0021
13:43:44, 6.70, 201, 180.76, 359.79, 355.55, 0.0065, 0.0388, -0.9992, -0.0021
13:43:44, 6.70, 201, 180.26, 359.76, 355.59, 0.0022, 0.0385, -0.9993, -0.0022
13:43:44, 6.73, 202, 179.71, 359.67, 355.68, -0.0027, 0.0377, -0.9993, -0.0028
13:43:44, 6.73, 202, 179.21, 359.54, 355.84, -0.0071, 0.0363, -0.9993, -0.0038
13:43:44, 6.77, 203, 178.73, 359.38, 355.94, -0.0112, 0.0355, -0.9993, -0.0050
13:43:44, 6.77, 203, 178.30, 359.29, 356.01, -0.0151, 0.0349, -0.9993, -0.0056
13:43:44, 6.77, 203, 177.80, 359.18, 356.12, -0.0194, 0.0340, -0.9992, -0.0065
13:43:44, 6.80, 204, 177.35, 359.03, 356.18, -0.0234, 0.0335, -0.9991, -0.0077
13:43:44, 6.80, 204, 176.92, 358.93, 356.15, -0.0271, 0.0339, -0.9990, -0.0085
13:43:44, 6.83, 205, 176.59, 358.75, 356.22, -0.0301, 0.0333, -0.9989, -0.0099
13:43:44, 6.83, 205, 176.29, 358.60, 356.21, -0.0328, 0.0335, -0.9988, -0.0111
13:43:44, 6.87, 206, 176.03, 358.51, 356.23, -0.0351, 0.0333, -0.9988, -0.0118
13:43:44, 6.87, 206, 175.88, 358.30, 356.33, -0.0364, 0.0325, -0.9987, -0.0137
13:43:44, 6.87, 206, 175.73, 358.13, 356.42, -0.0378, 0.0318, -0.9987, -0.0151
13:43:44, 6.90, 207, 175.59, 357.93, 356.56, -0.0390, 0.0307, -0.9986, -0.0169
13:43:44, 6.90, 207, 175.52, 357.71, 356.63, -0.0397, 0.0302, -0.9986, -0.0188
13:43:44, 6.93, 208, 175.53, 357.45, 356.68, -0.0396, 0.0298, -0.9985, -0.0211
13:43:45, 6.93, 208, 175.58, 357.24, 356.75, -0.0392, 0.0293, -0.9985, -0.0229
13:43:45, 6.93, 208, 175.62, 357.01, 356.80, -0.0389, 0.0289, -0.9985, -0.0250
13:43:45, 6.97, 209, 175.72, 356.81, 356.82, -0.0381, 0.0288, -0.9985, -0.0268
13:43:45, 6.97, 209, 175.75, 356.64, 356.86, -0.0378, 0.0284, -0.9985, -0.0283
13:43:45, 7.00, 210, 175.75, 356.48, 356.89, -0.0379, 0.0282, -0.9984, -0.0297
13:43:45, 7.00, 210, 175.73, 356.33, 356.90, -0.0381, 0.0282, -0.9984, -0.0309
13:43:45, 7.00, 210, 175.71, 356.20, 356.93, -0.0383, 0.0280, -0.9984, -0.0321
13:43:45, 7.03, 211, 175.70, 356.00, 357.00, -0.0384, 0.0275, -0.9983, -0.0339
13:43:45, 7.03, 211, 175.67, 355.77, 357.06, -0.0387, 0.0270, -0.9982, -0.0359
13:43:45, 7.07, 212, 175.64, 355.58, 357.08, -0.0390, 0.0269, -0.9982, -0.0376
13:43:45, 7.07, 212, 175.64, 355.40, 357.13, -0.0390, 0.0265, -0.9981, -0.0391
13:43:45, 7.10, 213, 175.63, 355.29, 357.17, -0.0391, 0.0263, -0.9981, -0.0401
13:43:45, 7.10, 213, 175.64, 355.15, 357.17, -0.0390, 0.0263, -0.9980, -0.0414
13:43:45, 7.10, 213, 175.63, 355.09, 357.24, -0.0391, 0.0257, -0.9980, -0.0418
13:43:45, 7.13, 214, 175.62, 354.99, 357.25, -0.0392, 0.0257, -0.9980, -0.0427
13:43:45, 7.13, 214, 175.56, 354.91, 357.27, -0.0397, 0.0255, -0.9979, -0.0435
13:43:45, 7.17, 215, 175.47, 354.85, 357.36, -0.0405, 0.0248, -0.9979, -0.0440
13:43:45, 7.17, 215, 175.40, 354.74, 357.34, -0.0411, 0.0250, -0.9978, -0.0449
13:43:45, 7.17, 215, 175.30, 354.66, 357.34, -0.0420, 0.0251, -0.9978, -0.0456
13:43:45, 7.20, 216, 175.20, 354.61, 357.33, -0.0429, 0.0252, -0.9977, -0.0460
13:43:45, 7.20, 216, 175.12, 354.59, 357.30, -0.0437, 0.0255, -0.9977, -0.0462
13:43:45, 7.23, 217, 175.01, 354.54, 357.27, -0.0446, 0.0259, -0.9976, -0.0466
13:43:45, 7.23, 217, 174.91, 354.47, 357.24, -0.0455, 0.0262, -0.9975, -0.0471
13:43:45, 7.27, 218, 174.81, 354.37, 357.20, -0.0464, 0.0266, -0.9974, -0.0479
13:43:45, 7.27, 218, 174.76, 354.22, 357.18, -0.0469, 0.0268, -0.9973, -0.0492
13:43:45, 7.27, 218, 174.71, 354.06, 357.17, -0.0473, 0.0270, -0.9972, -0.0506
13:43:45, 7.30, 219, 174.65, 353.92, 357.12, -0.0480, 0.0275, -0.9971, -0.0518
13:43:45, 7.30, 219, 174.57, 353.81, 357.09, -0.0486, 0.0279, -0.9970, -0.0527
13:43:45, 7.33, 220, 174.46, 353.70, 357.07, -0.0496, 0.0282, -0.9969, -0.0536
13:43:45, 7.33, 220, 174.31, 353.59, 356.97, -0.0510, 0.0292, -0.9968, -0.0545
13:43:45, 7.33, 220, 174.18, 353.47, 356.83, -0.0522, 0.0305, -0.9966, -0.0555
13:43:45, 7.37, 221, 174.01, 353.31, 356.72, -0.0538, 0.0316, -0.9964, -0.0567
13:43:45, 7.37, 221, 173.83, 353.16, 356.65, -0.0554, 0.0323, -0.9963, -0.0580
13:43:45, 7.40, 222, 173.82, 352.94, 356.53, -0.0556, 0.0335, -0.9961, -0.0598
13:43:45, 7.40, 222, 173.63, 352.52, 356.29, -0.0575, 0.0359, -0.9957, -0.0633
13:43:45, 7.43, 223, 173.37, 352.20, 356.22, -0.0599, 0.0368, -0.9953, -0.0660
13:43:45, 7.43, 223, 173.18, 352.09, 356.16, -0.0616, 0.0375, -0.9952, -0.0668
13:43:45, 7.43, 223, 173.13, 352.15, 356.04, -0.0621, 0.0385, -0.9951, -0.0662
13:43:45, 7.47, 224, 173.15, 351.88, 355.87, -0.0621, 0.0401, -0.9949, -0.0685
13:43:45, 7.47, 224, 173.02, 351.33, 355.75, -0.0635, 0.0415, -0.9944, -0.0731
13:43:45, 7.50, 225, 172.75, 350.73, 355.47, -0.0661, 0.0444, -0.9938, -0.0781
13:43:45, 7.50, 225, 172.40, 350.15, 355.25, -0.0695, 0.0469, -0.9930, -0.0828
13:43:45, 7.50, 225, 172.16, 349.83, 355.17, -0.0717, 0.0479, -0.9926, -0.0855
13:43:45, 7.53, 226, 172.06, 349.58, 355.11, -0.0727, 0.0487, -0.9923, -0.0875
13:43:45, 7.53, 226, 171.98, 349.40, 354.97, -0.0736, 0.0500, -0.9920, -0.0890
13:43:45, 7.57, 227, 171.80, 349.01, 354.80, -0.0754, 0.0519, -0.9915, -0.0922
13:43:45, 7.57, 227, 171.50, 348.48, 354.74, -0.0783, 0.0529, -0.9908, -0.0966
13:43:45, 7.60, 228, 171.18, 347.97, 354.68, -0.0812, 0.0540, -0.9901, -0.1008
13:43:45, 7.60, 228, 170.82, 347.65, 354.58, -0.0845, 0.0554, -0.9895, -0.1034
13:43:45, 7.60, 228, 170.49, 347.11, 354.55, -0.0876, 0.0564, -0.9887, -0.1078
13:43:45, 7.63, 229, 170.05, 346.45, 354.50, -0.0916, 0.0577, -0.9876, -0.1133
13:43:45, 7.63, 229, 169.60, 345.84, 354.27, -0.0960, 0.0605, -0.9865, -0.1181
13:43:45, 7.67, 230, 168.97, 344.93, 354.23, -0.1018, 0.0623, -0.9849, -0.1256
13:43:45, 7.67, 230, 168.24, 344.07, 354.52, -0.1079, 0.0613, -0.9833, -0.1328
13:43:45, 7.67, 230, 167.44, 343.27, 354.81, -0.1147, 0.0604, -0.9817, -0.1396
13:43:45, 7.70, 231, 166.74, 342.50, 355.11, -0.1204, 0.0594, -0.9801, -0.1461
13:43:45, 7.70, 231, 166.06, 341.80, 355.40, -0.1260, 0.0585, -0.9786, -0.1520
13:43:45, 7.73, 232, 165.43, 341.37, 355.82, -0.1309, 0.0562, -0.9774, -0.1559
13:43:45, 7.73, 232, 164.97, 341.00, 356.29, -0.1343, 0.0533, -0.9766, -0.1594
13:43:45, 7.77, 233, 164.52, 340.69, 356.84, -0.1373, 0.0495, -0.9759, -0.1624
13:43:45, 7.77, 233, 164.16, 340.42, 357.41, -0.1395, 0.0455, -0.9753, -0.1653
13:43:45, 7.77, 233, 163.90, 340.11, 357.89, -0.1411, 0.0422, -0.9747, -0.1685
13:43:45, 7.80, 234, 163.67, 339.67, 358.37, -0.1423, 0.0389, -0.9739, -0.1727
13:43:45, 7.80, 234, 163.56, 339.24, 358.82, -0.1425, 0.0357, -0.9732, -0.1768
13:43:45, 7.83, 235, 163.35, 338.77, 359.23, -0.1436, 0.0332, -0.9723, -0.1813
13:43:45, 7.83, 235, 163.30, 338.30, 359.61, -0.1433, 0.0306, -0.9716, -0.1858
13:43:45, 7.83, 235, 163.26, 337.83, 359.84, -0.1431, 0.0293, -0.9709, -0.1900
13:43:45, 7.87, 236, 163.45, 337.64, 359.87, -0.1414, 0.0290, -0.9708, -0.1918
13:43:45, 7.87, 236, 163.67, 337.04, 359.83, -0.1395, 0.0297, -0.9700, -0.1968
13:43:45, 7.90, 237, 163.82, 336.09, 359.71, -0.1382, 0.0316, -0.9685, -0.2047
13:43:45, 7.90, 237, 164.07, 335.02, 359.34, -0.1365, 0.0355, -0.9667, -0.2134
13:43:45, 7.93, 238, 164.21, 333.90, 358.86, -0.1360, 0.0406, -0.9646, -0.2223
13:43:46, 7.93, 238, 164.14, 332.81, 358.47, -0.1372, 0.0453, -0.9622, -0.2310
13:43:46, 7.93, 238, 164.02, 331.87, 358.17, -0.1387, 0.0492, -0.9599, -0.2385
13:43:46, 7.97, 239, 163.80, 331.02, 357.83, -0.1411, 0.0534, -0.9577, -0.2451
13:43:46, 7.97, 239, 163.62, 330.33, 357.42, -0.1434, 0.0580, -0.9557, -0.2502
13:43:46, 8.00, 240, 163.27, 329.82, 357.20, -0.1467, 0.0612, -0.9540, -0.2540
13:43:46, 8.00, 240, 162.97, 329.43, 357.06, -0.1495, 0.0635, -0.9527, -0.2570
13:43:46, 8.00, 240, 162.81, 329.15, 356.94, -0.1511, 0.0652, -0.9517, -0.2591
13:43:46, 8.03, 241, 162.67, 328.98, 356.95, -0.1521, 0.0656, -0.9512, -0.2604
13:43:46, 8.03, 241, 162.72, 328.99, 357.00, -0.1516, 0.0651, -0.9513, -0.2604
13:43:46, 8.07, 242, 162.86, 328.93, 357.05, -0.1504, 0.0644, -0.9514, -0.2610
13:43:46, 8.07, 242, 162.95, 329.08, 357.20, -0.1492, 0.0628, -0.9519, -0.2601
13:43:46, 8.10, 243, 163.12, 329.33, 357.42, -0.1474, 0.0603, -0.9528, -0.2583
13:43:46, 8.10, 243, 163.31, 329.67, 357.70, -0.1453, 0.0571, -0.9540, -0.2560
13:43:46, 8.10, 243, 163.48, 330.15, 358.02, -0.1432, 0.0536, -0.9555, -0.2524
13:43:46, 8.13, 244, 163.59, 330.64, 358.19, -0.1420, 0.0513, -0.9568, -0.2486
13:43:46, 8.13, 244, 163.58, 331.06, 358.43, -0.1416, 0.0488, -0.9578, -0.2454
13:43:46, 8.17, 245, 163.59, 331.50, 358.53, -0.1414, 0.0474, -0.9588, -0.2418
13:43:46, 8.17, 245, 163.58, 332.03, 358.68, -0.1413, 0.0456, -0.9600, -0.2376
13:43:46, 8.17, 245, 163.65, 332.58, 358.70, -0.1408, 0.0446, -0.9612, -0.2330
13:43:46, 8.20, 246, 163.68, 333.14, 358.71, -0.1406, 0.0438, -0.9624, -0.2283
13:43:46, 8.20, 246, 163.61, 333.58, 358.77, -0.1412, 0.0429, -0.9632, -0.2247
13:43:46, 8.23, 247, 163.57, 333.87, 358.76, -0.1416, 0.0427, -0.9637, -0.2222
13:43:46, 8.23, 247, 163.44, 334.15, 358.76, -0.1427, 0.0426, -0.9641, -0.2198
13:43:46, 8.27, 248, 163.39, 334.44, 358.72, -0.1433, 0.0428, -0.9646, -0.2173
13:43:46, 8.27, 248, 163.31, 334.93, 358.67, -0.1442, 0.0427, -0.9654, -0.2131
13:43:46, 8.27, 248, 163.25, 335.49, 358.58, -0.1449, 0.0429, -0.9663, -0.2082
13:43:46, 8.30, 249, 163.10, 336.05, 358.54, -0.1464, 0.0428, -0.9671, -0.2034
13:43:46, 8.30, 249, 163.02, 336.56, 358.47, -0.1472, 0.0429, -0.9679, -0.1989
13:43:46, 8.33, 250, 163.00, 336.97, 358.29, -0.1477, 0.0439, -0.9686, -0.1953
13:43:46, 8.33, 250, 163.02, 337.41, 358.14, -0.1479, 0.0446, -0.9693, -0.1913
13:43:46, 8.33, 250, 163.06, 337.71, 358.09, -0.1477, 0.0446, -0.9698, -0.1887
13:43:46, 8.37, 251, 163.09, 338.09, 358.03, -0.1476, 0.0447, -0.9705, -0.1855
13:43:46, 8.37, 251, 163.14, 338.45, 357.90, -0.1474, 0.0452, -0.9711, -0.1823
13:43:46, 8.40, 252, 163.10, 338.67, 357.84, -0.1478, 0.0455, -0.9714, -0.1803
13:43:46, 8.40, 252, 163.01, 338.90, 357.86, -0.1486, 0.0452, -0.9716, -0.1784
13:43:46, 8.43, 253, 162.94, 339.20, 357.80, -0.1493, 0.0454, -0.9720, -0.1757
13:43:46, 8.43, 253, 162.89, 339.41, 357.74, -0.1498, 0.0458, -0.9722, -0.1738
13:43:46, 8.43, 253, 162.85, 339.59, 357.67, -0.1503, 0.0462, -0.9724, -0.1721
13:43:46, 8.47, 254, 162.78, 339.74, 357.65, -0.1509, 0.0463, -0.9726, -0.1709
13:43:46, 8.47, 254, 162.74, 339.94, 357.59, -0.1514, 0.0466, -0.9728, -0.1690
13:43:46, 8.50, 255, 162.60, 340.10, 357.54, -0.1526, 0.0470, -0.9728, -0.1676
13:43:46, 8.50, 255, 162.53, 340.30, 357.49, -0.1533, 0.0473, -0.9730, -0.1658
13:43:46, 8.50, 255, 162.48, 340.55, 357.43, -0.1538, 0.0475, -0.9733, -0.1635
13:43:46, 8.53, 256, 162.42, 340.93, 357.41, -0.1544, 0.0473, -0.9738, -0.1602
13:43:46, 8.53, 256, 162.36, 341.48, 357.43, -0.1548, 0.0465, -0.9745, -0.1556
13:43:46, 8.57, 257, 162.35, 342.14, 357.53, -0.1548, 0.0449, -0.9754, -0.1501
13:43:46, 8.57, 257, 162.39, 343.08, 357.62, -0.1544, 0.0428, -0.9768, -0.1422
13:43:46, 8.60, 258, 162.51, 344.19, 357.87, -0.1531, 0.0391, -0.9784, -0.1331
13:43:46, 8.60, 258, 162.69, 345.66, 358.04, -0.1514, 0.0356, -0.9804, -0.1208
13:43:46, 8.60, 258, 163.04, 347.49, 358.22, -0.1482, 0.0313, -0.9828, -0.1055
13:43:46, 8.63, 259, 163.65, 349.47, 358.24, -0.1430, 0.0282, -0.9853, -0.0887
13:43:46, 8.63, 259, 164.54, 351.83, 358.23, -0.1353, 0.0248, -0.9881, -0.0685
13:43:46, 8.67, 260, 165.68, 354.25, 358.25, -0.1252, 0.0214, -0.9907, -0.0479
13:43:46, 8.67, 260, 167.12, 356.64, 358.33, -0.1126, 0.0178, -0.9931, -0.0275
13:43:46, 8.67, 260, 168.55, 359.06, 358.55, -0.0998, 0.0134, -0.9949, -0.0069
13:43:46, 8.70, 261, 169.72, 1.43, 358.88, -0.0895, 0.0086, -0.9959, 0.0133
13:43:46, 8.70, 261, 170.63, 3.77, 359.12, -0.0813, 0.0050, -0.9961, 0.0334
13:43:46, 8.73, 262, 171.23, 6.06, 359.13, -0.0760, 0.0035, -0.9957, 0.0533
13:43:46, 8.73, 262, 171.76, 8.12, 358.94, -0.0710, 0.0042, -0.9949, 0.0713
13:43:46, 8.77, 263, 172.29, 9.82, 358.92, -0.0662, 0.0037, -0.9941, 0.0860
13:43:46, 8.77, 263, 172.49, 11.14, 359.07, -0.0644, 0.0017, -0.9932, 0.0974
13:43:46, 8.77, 263, 172.54, 12.23, 358.99, -0.0638, 0.0019, -0.9922, 0.1069
13:43:46, 8.80, 264, 172.38, 12.91, 358.71, -0.0648, 0.0037, -0.9915, 0.1129
13:43:46, 8.80, 264, 172.14, 13.45, 358.26, -0.0663, 0.0070, -0.9908, 0.1179
13:43:46, 8.83, 265, 171.82, 13.94, 357.84, -0.0685, 0.0100, -0.9901, 0.1224
13:43:46, 8.83, 265, 171.47, 14.41, 357.38, -0.0709, 0.0133, -0.9893, 0.1268
13:43:46, 8.83, 265, 171.07, 14.78, 356.79, -0.0736, 0.0177, -0.9886, 0.1303
13:43:46, 8.87, 266, 170.65, 15.08, 356.23, -0.0764, 0.0219, -0.9879, 0.1333
13:43:46, 8.87, 266, 170.20, 15.17, 355.64, -0.0796, 0.0263, -0.9873, 0.1347
13:43:46, 8.90, 267, 169.86, 15.28, 355.04, -0.0818, 0.0310, -0.9868, 0.1361
13:43:46, 8.90, 267, 169.50, 15.43, 354.60, -0.0843, 0.0342, -0.9863, 0.1378
13:43:46, 8.93, 268, 169.20, 15.53, 354.21, -0.0863, 0.0372, -0.9858, 0.1390
13:43:47, 8.93, 268, 168.99, 15.64, 353.88, -0.0877, 0.0396, -0.9854, 0.1403
13:43:47, 8.93, 268, 168.83, 15.71, 353.52, -0.0886, 0.0424, -0.9851, 0.1412
13:43:47, 8.97, 269, 168.78, 15.83, 353.37, -0.0888, 0.0436, -0.9849, 0.1424
13:43:47, 8.97, 269, 168.74, 15.90, 353.28, -0.0889, 0.0442, -0.9847, 0.1431
13:43:47, 9.00, 270, 168.78, 16.00, 353.23, -0.0884, 0.0446, -0.9846, 0.1440
13:43:47, 9.00, 270, 168.86, 16.07, 353.19, -0.0876, 0.0450, -0.9846, 0.1446
13:43:47, 9.00, 270, 169.08, 16.08, 353.08, -0.0856, 0.0462, -0.9847, 0.1447
13:43:47, 9.03, 271, 169.44, 16.06, 352.95, -0.0824, 0.0478, -0.9849, 0.1444
13:43:47, 9.03, 271, 170.03, 16.05, 352.81, -0.0772, 0.0497, -0.9853, 0.1442
13:43:47, 9.07, 272, 170.66, 16.06, 352.68, -0.0715, 0.0516, -0.9856, 0.1441
13:43:47, 9.07, 272, 171.30, 16.05, 352.58, -0.0659, 0.0534, -0.9860, 0.1438
13:43:47, 9.10, 273, 171.90, 16.12, 352.53, -0.0607, 0.0544, -0.9862, 0.1441
13:43:47, 9.10, 273, 172.54, 16.20, 352.54, -0.0551, 0.0552, -0.9864, 0.1445
13:43:47, 9.10, 273, 173.18, 16.33, 352.44, -0.0494, 0.0567, -0.9865, 0.1454
13:43:47, 9.13, 274, 173.84, 16.54, 352.29, -0.0434, 0.0587, -0.9865, 0.1469
13:43:47, 9.13, 274, 174.62, 16.89, 352.10, -0.0362, 0.0612, -0.9862, 0.1496
13:43:47, 9.17, 275, 175.54, 17.30, 351.90, -0.0278, 0.0639, -0.9858, 0.1526
13:43:47, 9.17, 275, 176.39, 17.68, 351.95, -0.0203, 0.0645, -0.9855, 0.1554
13:43:47, 9.17, 275, 177.05, 18.06, 352.22, -0.0147, 0.0629, -0.9853, 0.1582
13:43:47, 9.20, 276, 177.53, 18.37, 352.38, -0.0107, 0.0621, -0.9850, 0.1606
13:43:47, 9.20, 276, 178.01, 18.66, 352.43, -0.0064, 0.0623, -0.9847, 0.1629
13:43:47, 9.23, 277, 178.44, 18.95, 352.47, -0.0026, 0.0625, -0.9843, 0.1652
13:43:47, 9.23, 277, 178.84, 19.13, 352.53, 0.0009, 0.0626, -0.9841, 0.1664
13:43:47, 9.27, 278, 179.16, 19.37, 352.55, 0.0037, 0.0628, -0.9837, 0.1683
13:43:47, 9.27, 278, 179.39, 19.49, 352.64, 0.0056, 0.0624, -0.9836, 0.1693
13:43:47, 9.27, 278, 179.46, 19.64, 352.70, 0.0062, 0.0619, -0.9834, 0.1705
13:43:47, 9.30, 279, 179.44, 19.74, 352.61, 0.0062, 0.0626, -0.9832, 0.1714
13:43:47, 9.30, 279, 179.39, 19.85, 352.44, 0.0062, 0.0641, -0.9829, 0.1724
13:43:47, 9.33, 280, 179.34, 19.92, 352.31, 0.0059, 0.0650, -0.9828, 0.1730
13:43:47, 9.33, 280, 179.25, 20.00, 352.18, 0.0054, 0.0660, -0.9826, 0.1737
13:43:47, 9.33, 280, 179.15, 19.96, 352.04, 0.0048, 0.0671, -0.9826, 0.1734
13:43:47, 9.37, 281, 179.12, 19.90, 351.88, 0.0047, 0.0684, -0.9826, 0.1728
13:43:47, 9.37, 281, 179.06, 19.77, 351.76, 0.0042, 0.0693, -0.9827, 0.1718
13:43:47, 9.40, 282, 179.06, 19.69, 351.69, 0.0043, 0.0700, -0.9827, 0.1711
13:43:47, 9.40, 282, 179.02, 19.63, 351.57, 0.0041, 0.0710, -0.9828, 0.1706
13:43:47, 9.43, 283, 179.01, 19.63, 351.46, 0.0042, 0.0719, -0.9827, 0.1706
13:43:47, 9.43, 283, 179.02, 19.64, 351.37, 0.0044, 0.0726, -0.9826, 0.1707
13:43:47, 9.43, 283, 179.07, 19.70, 351.32, 0.0050, 0.0732, -0.9825, 0.1712
13:43:47, 9.47, 284, 179.14, 19.75, 351.27, 0.0057, 0.0737, -0.9824, 0.1715
13:43:47, 9.47, 284, 179.25, 19.81, 351.17, 0.0068, 0.0747, -0.9822, 0.1720
13:43:47, 9.50, 285, 179.39, 19.88, 351.11, 0.0081, 0.0754, -0.9821, 0.1725
13:43:47, 9.50, 285, 179.49, 19.93, 351.07, 0.0091, 0.0759, -0.9820, 0.1728
13:43:47, 9.50, 285, 179.57, 19.98, 351.04, 0.0098, 0.0762, -0.9819, 0.1733
13:43:47, 9.53, 286, 179.65, 19.94, 351.00, 0.0106, 0.0768, -0.9819, 0.1728
13:43:47, 9.53, 286, 179.72, 19.84, 350.88, 0.0113, 0.0779, -0.9820, 0.1719
13:43:47, 9.57, 287, 179.87, 19.63, 350.79, 0.0126, 0.0789, -0.9822, 0.1700
13:43:47, 9.57, 287, 180.01, 19.32, 350.69, 0.0137, 0.0800, -0.9826, 0.1672
13:43:47, 9.60, 288, 180.19, 18.92, 350.62, 0.0151, 0.0810, -0.9831, 0.1637
13:43:47, 9.60, 288, 180.33, 18.40, 350.52, 0.0160, 0.0821, -0.9837, 0.1591
13:43:47, 9.60, 288, 180.44, 17.80, 350.44, 0.0166, 0.0829, -0.9845, 0.1538
13:43:47, 9.63, 289, 180.61, 17.13, 350.35, 0.0178, 0.0840, -0.9853, 0.1480
13:43:47, 9.63, 289, 180.74, 16.47, 350.26, 0.0185, 0.0850, -0.9860, 0.1421
13:43:47, 9.67, 290, 180.89, 15.86, 350.16, 0.0195, 0.0860, -0.9867, 0.1368
13:43:47, 9.67, 290, 180.96, 15.27, 350.02, 0.0198, 0.0873, -0.9873, 0.1316
13:43:47, 9.67, 290, 181.04, 14.78, 349.92, 0.0203, 0.0883, -0.9877, 0.1273
13:43:47, 9.70, 291, 181.12, 14.30, 349.88, 0.0206, 0.0888, -0.9882, 0.1231
13:43:47, 9.70, 291, 181.13, 13.86, 349.82, 0.0205, 0.0893, -0.9886, 0.1193
13:43:47, 9.73, 292, 181.13, 13.39, 349.80, 0.0201, 0.0895, -0.9891, 0.1152
13:43:47, 9.73, 292, 181.04, 12.99, 349.77, 0.0191, 0.0896, -0.9895, 0.1118
13:43:47, 9.77, 293, 180.99, 12.57, 349.67, 0.0184, 0.0904, -0.9898, 0.1083
13:43:47, 9.77, 293, 181.01, 12.14, 349.55, 0.0184, 0.0915, -0.9901, 0.1045
13:43:47, 9.77, 293, 181.12, 11.71, 349.43, 0.0191, 0.0926, -0.9904, 0.1007
13:43:47, 9.80, 294, 181.31, 11.11, 349.28, 0.0204, 0.0941, -0.9908, 0.0953
13:43:47, 9.80, 294, 181.61, 10.51, 349.06, 0.0227, 0.0962, -0.9910, 0.0898
13:43:47, 9.83, 295, 182.03, 9.78, 348.78, 0.0259, 0.0989, -0.9913, 0.0831
13:43:47, 9.83, 295, 182.57, 9.08, 348.49, 0.0302, 0.1017, -0.9914, 0.0765
13:43:47, 9.83, 295, 183.16, 8.31, 348.31, 0.0348, 0.1035, -0.9916, 0.0692
13:43:47, 9.87, 296, 183.75, 7.63, 348.16, 0.0393, 0.1050, -0.9917, 0.0628
13:43:47, 9.87, 296, 184.49, 6.88, 348.10, 0.0451, 0.1057, -0.9918, 0.0556
13:43:47, 9.90, 297, 185.12, 6.35, 348.01, 0.0501, 0.1067, -0.9917, 0.0504
13:43:47, 9.90, 297, 185.65, 5.84, 347.89, 0.0543, 0.1078, -0.9917, 0.0454
13:43:47, 9.93, 298, 186.20, 5.34, 347.82, 0.0586, 0.1083, -0.9916, 0.0405
13:43:48, 9.93, 298, 186.63, 5.07, 347.76, 0.0622, 0.1089, -0.9914, 0.0377
13:43:48, 9.93, 298, 187.05, 4.86, 347.73, 0.0656, 0.1092, -0.9912, 0.0355
13:43:48, 9.97, 299, 187.39, 4.74, 347.75, 0.0684, 0.1090, -0.9911, 0.0342
13:43:48, 9.97, 299, 187.66, 4.63, 347.82, 0.0707, 0.1084, -0.9910, 0.0330
