Timestamp, VideoTime, VideoFrame, HeadYaw, HeadPitch, HeadRoll, HeadQuatW, HeadQuatX, HeadQuatY, HeadQuatZ
13:47:28, 0.00, 0, 18.99, 356.83, 353.85, 0.9848, -0.0361, 0.1632, -0.0484
13:47:28, 0.03, 1, 18.86, 356.69, 353.85, 0.9849, -0.0372, 0.1620, -0.0482
13:47:28, 0.03, 1, 18.75, 356.51, 353.89, 0.9850, -0.0387, 0.1610, -0.0476
13:47:28, 0.03, 1, 18.66, 356.36, 353.92, 0.9852, -0.0399, 0.1602, -0.0472
13:47:28, 0.07, 2, 18.53, 356.24, 353.97, 0.9853, -0.0408, 0.1590, -0.0466
13:47:28, 0.07, 2, 18.40, 356.12, 354.04, 0.9855, -0.0417, 0.1578, -0.0459
13:47:28, 0.10, 3, 18.24, 356.01, 354.10, 0.9857, -0.0425, 0.1565, -0.0453
13:47:28, 0.10, 3, 18.09, 355.92, 354.13, 0.9859, -0.0432, 0.1551, -0.0449
13:47:28, 0.10, 3, 17.95, 355.78, 354.14, 0.9861, -0.0443, 0.1538, -0.0447
13:47:28, 0.13, 4, 17.84, 355.68, 354.16, 0.9862, -0.0450, 0.1529, -0.0444
13:47:28, 0.13, 4, 17.74, 355.63, 354.23, 0.9864, -0.0454, 0.1520, -0.0438
13:47:28, 0.17, 5, 17.60, 355.57, 354.30, 0.9866, -0.0458, 0.1507, -0.0432
13:47:28, 0.17, 5, 17.44, 355.48, 354.38, 0.9868, -0.0464, 0.1494, -0.0424
13:47:28, 0.17, 5, 17.29, 355.39, 354.43, 0.9870, -0.0470, 0.1480, -0.0420
13:47:28, 0.20, 6, 17.15, 355.34, 354.47, 0.9872, -0.0474, 0.1468, -0.0416
13:47:28, 0.20, 6, 17.06, 355.25, 354.48, 0.9872, -0.0481, 0.1461, -0.0415
13:47:28, 0.23, 7, 16.98, 355.19, 354.51, 0.9873, -0.0485, 0.1453, -0.0411
13:47:28, 0.23, 7, 16.91, 355.13, 354.55, 0.9874, -0.0489, 0.1447, -0.0408
13:47:28, 0.27, 8, 16.81, 355.05, 354.61, 0.9875, -0.0495, 0.1438, -0.0401
13:47:28, 0.27, 8, 16.67, 355.01, 354.65, 0.9877, -0.0498, 0.1426, -0.0398
13:47:28, 0.27, 8, 16.56, 354.91, 354.67, 0.9878, -0.0505, 0.1417, -0.0396
13:47:28, 0.30, 9, 16.50, 354.86, 354.65, 0.9879, -0.0510, 0.1411, -0.0397
13:47:28, 0.30, 9, 16.47, 354.82, 354.62, 0.9879, -0.0514, 0.1408, -0.0399
13:47:28, 0.33, 10, 16.43, 354.77, 354.62, 0.9879, -0.0518, 0.1405, -0.0399
13:47:28, 0.33, 10, 16.35, 354.69, 354.66, 0.9880, -0.0524, 0.1398, -0.0395
13:47:28, 0.37, 11, 16.28, 354.67, 354.71, 0.9881, -0.0525, 0.1392, -0.0391
13:47:28, 0.37, 11, 16.21, 354.63, 354.72, 0.9882, -0.0528, 0.1385, -0.0390
13:47:28, 0.40, 12, 16.11, 354.60, 354.71, 0.9883, -0.0531, 0.1377, -0.0391
13:47:28, 0.40, 12, 16.05, 354.60, 354.72, 0.9884, -0.0530, 0.1371, -0.0390
13:47:28, 0.43, 13, 15.96, 354.61, 354.73, 0.9885, -0.0529, 0.1364, -0.0390
13:47:28, 0.43, 13, 15.86, 354.65, 354.74, 0.9886, -0.0525, 0.1355, -0.0390
13:47:28, 0.43, 13, 15.74, 354.67, 354.80, 0.9888, -0.0522, 0.1346, -0.0385
13:47:28, 0.47, 14, 15.59, 354.68, 354.87, 0.9890, -0.0520, 0.1333, -0.0380
13:47:28, 0.47, 14, 15.41, 354.66, 354.93, 0.9892, -0.0521, 0.1318, -0.0375
13:47:28, 0.50, 15, 15.22, 354.60, 354.99, 0.9894, -0.0524, 0.1301, -0.0371
13:47:28, 0.50, 15, 15.02, 354.57, 355.01, 0.9896, -0.0526, 0.1284, -0.0369
13:47:28, 0.50, 15, 14.85, 354.58, 355.04, 0.9898, -0.0524, 0.1270, -0.0368
13:47:28, 0.53, 16, 14.71, 354.60, 355.13, 0.9900, -0.0521, 0.1258, -0.0361
13:47:28, 0.53, 16, 14.53, 354.62, 355.20, 0.9903, -0.0518, 0.1243, -0.0355
13:47:28, 0.57, 17, 14.32, 354.57, 355.30, 0.9905, -0.0521, 0.1224, -0.0347
13:47:28, 0.57, 17, 14.13, 354.56, 355.38, 0.9907, -0.0520, 0.1209, -0.0342
13:47:29, 0.60, 18, 13.94, 354.57, 355.45, 0.9909, -0.0518, 0.1193, -0.0337
13:47:29, 0.60, 18, 13.80, 354.57, 355.49, 0.9911, -0.0518, 0.1181, -0.0333
13:47:29, 0.60, 18, 13.74, 354.60, 355.54, 0.9912, -0.0514, 0.1175, -0.0329
13:47:29, 0.63, 19, 13.67, 354.62, 355.61, 0.9913, -0.0511, 0.1170, -0.0324
13:47:29, 0.63, 19, 13.65, 354.62, 355.63, 0.9913, -0.0511, 0.1168, -0.0322
13:47:29, 0.67, 20, 13.60, 354.63, 355.66, 0.9914, -0.0510, 0.1165, -0.0320
13:47:29, 0.67, 20, 13.53, 354.58, 355.70, 0.9914, -0.0513, 0.1159, -0.0317
13:47:29, 0.67, 20, 13.47, 354.51, 355.69, 0.9915, -0.0519, 0.1153, -0.0317
13:47:29, 0.70, 21, 13.41, 354.50, 355.68, 0.9915, -0.0520, 0.1147, -0.0318
13:47:29, 0.70, 21, 13.37, 354.51, 355.68, 0.9916, -0.0520, 0.1144, -0.0319
13:47:29, 0.73, 22, 13.35, 354.52, 355.69, 0.9916, -0.0518, 0.1143, -0.0318
13:47:29, 0.73, 22, 13.34, 354.53, 355.72, 0.9916, -0.0517, 0.1142, -0.0315
13:47:29, 0.77, 23, 13.31, 354.54, 355.74, 0.9917, -0.0516, 0.1139, -0.0314
13:47:29, 0.77, 23, 13.31, 354.55, 355.75, 0.9917, -0.0514, 0.1139, -0.0313
13:47:29, 0.77, 23, 13.30, 354.56, 355.78, 0.9917, -0.0513, 0.1139, -0.0310
13:47:29, 0.80, 24, 13.32, 354.57, 355.80, 0.9917, -0.0512, 0.1140, -0.0308
13:47:29, 0.80, 24, 13.30, 354.56, 355.84, 0.9917, -0.0513, 0.1139, -0.0305
13:47:29, 0.83, 25, 13.33, 354.57, 355.82, 0.9917, -0.0512, 0.1142, -0.0307
13:47:29, 0.83, 25, 13.35, 354.59, 355.80, 0.9916, -0.0511, 0.1144, -0.0308
13:47:29, 0.83, 25, 13.39, 354.65, 355.81, 0.9916, -0.0506, 0.1147, -0.0309
13:47:29, 0.87, 26, 13.40, 354.73, 355.80, 0.9917, -0.0499, 0.1148, -0.0310
13:47:29, 0.87, 26, 13.42, 354.85, 355.82, 0.9917, -0.0489, 0.1150, -0.0309
13:47:29, 0.90, 27, 13.41, 354.91, 355.82, 0.9917, -0.0483, 0.1149, -0.0310
13:47:29, 0.90, 27, 13.40, 354.95, 355.84, 0.9917, -0.0479, 0.1149, -0.0309
13:47:29, 0.93, 28, 13.39, 355.00, 355.83, 0.9918, -0.0475, 0.1148, -0.0310
13:47:29, 0.93, 28, 13.38, 355.06, 355.82, 0.9918, -0.0470, 0.1147, -0.0312
13:47:29, 0.93, 28, 13.39, 355.08, 355.81, 0.9918, -0.0469, 0.1149, -0.0313
13:47:29, 0.97, 29, 13.39, 355.11, 355.83, 0.9918, -0.0466, 0.1149, -0.0311
13:47:29, 0.97, 29, 13.38, 355.12, 355.82, 0.9918, -0.0465, 0.1148, -0.0312
13:47:29, 1.00, 30, 13.34, 355.12, 355.83, 0.9919, -0.0465, 0.1144, -0.0312
13:47:29, 1.00, 30, 13.31, 355.10, 355.81, 0.9919, -0.0467, 0.1142, -0.0314
13:47:29, 1.00, 30, 13.31, 355.12, 355.81, 0.9919, -0.0465, 0.1142, -0.0313
13:47:29, 1.03, 31, 13.30, 355.13, 355.81, 0.9919, -0.0464, 0.1141, -0.0314
13:47:29, 1.03, 31, 13.29, 355.19, 355.83, 0.9919, -0.0459, 0.1140, -0.0313
13:47:29, 1.07, 32, 13.25, 355.21, 355.87, 0.9920, -0.0456, 0.1137, -0.0309
13:47:29, 1.07, 32, 13.23, 355.24, 355.86, 0.9920, -0.0454, 0.1135, -0.0311
13:47:29, 1.10, 33, 13.21, 355.27, 355.89, 0.9921, -0.0451, 0.1134, -0.0308
13:47:29, 1.10, 33, 13.20, 355.32, 355.89, 0.9921, -0.0446, 0.1133, -0.0309
13:47:29, 1.10, 33, 13.20, 355.39, 355.91, 0.9921, -0.0440, 0.1134, -0.0308
13:47:29, 1.13, 34, 13.20, 355.45, 355.91, 0.9921, -0.0435, 0.1134, -0.0308
13:47:29, 1.13, 34, 13.20, 355.55, 355.96, 0.9922, -0.0426, 0.1134, -0.0305
13:47:29, 1.17, 35, 13.19, 355.61, 355.99, 0.9922, -0.0421, 0.1134, -0.0304
13:47:29, 1.17, 35, 13.21, 355.67, 355.99, 0.9922, -0.0415, 0.1136, -0.0304
13:47:29, 1.17, 35, 13.23, 355.74, 356.00, 0.9922, -0.0409, 0.1138, -0.0303
13:47:29, 1.20, 36, 13.24, 355.78, 356.02, 0.9922, -0.0405, 0.1139, -0.0302
13:47:29, 1.20, 36, 13.24, 355.80, 356.00, 0.9922, -0.0404, 0.1138, -0.0304
13:47:29, 1.23, 37, 13.22, 355.81, 356.00, 0.9922, -0.0403, 0.1137, -0.0305
13:47:29, 1.23, 37, 13.16, 355.83, 356.00, 0.9923, -0.0401, 0.1132, -0.0305
13:47:29, 1.27, 38, 13.07, 355.85, 356.00, 0.9924, -0.0399, 0.1124, -0.0305
13:47:29, 1.27, 38, 13.00, 355.91, 355.98, 0.9925, -0.0394, 0.1118, -0.0307
13:47:29, 1.27, 38, 12.93, 355.98, 355.96, 0.9926, -0.0388, 0.1112, -0.0310
13:47:29, 1.30, 39, 12.87, 356.04, 355.99, 0.9926, -0.0382, 0.1107, -0.0309
13:47:29, 1.30, 39, 12.80, 356.07, 356.02, 0.9927, -0.0379, 0.1101, -0.0306
13:47:29, 1.33, 40, 12.74, 356.11, 356.08, 0.9928, -0.0375, 0.1096, -0.0303
13:47:29, 1.33, 40, 12.69, 356.14, 356.15, 0.9929, -0.0371, 0.1093, -0.0297
13:47:29, 1.33, 40, 12.67, 356.17, 356.21, 0.9929, -0.0368, 0.1091, -0.0292
13:47:29, 1.37, 41, 12.65, 356.25, 356.29, 0.9930, -0.0360, 0.1090, -0.0286
13:47:29, 1.37, 41, 12.65, 356.35, 356.36, 0.9930, -0.0351, 0.1091, -0.0281
13:47:29, 1.40, 42, 12.65, 356.49, 356.43, 0.9931, -0.0339, 0.1091, -0.0276
13:47:29, 1.40, 42, 12.64, 356.64, 356.47, 0.9931, -0.0325, 0.1091, -0.0273
13:47:29, 1.43, 43, 12.68, 356.83, 356.49, 0.9931, -0.0309, 0.1095, -0.0274
13:47:29, 1.43, 43, 12.70, 357.04, 356.50, 0.9932, -0.0290, 0.1098, -0.0275
13:47:29, 1.43, 43, 12.71, 357.25, 356.52, 0.9932, -0.0272, 0.1099, -0.0275
13:47:29, 1.47, 44, 12.67, 357.53, 356.50, 0.9933, -0.0248, 0.1096, -0.0280
13:47:29, 1.47, 44, 12.62, 357.87, 356.45, 0.9934, -0.0218, 0.1093, -0.0287
13:47:29, 1.50, 45, 12.50, 358.38, 356.41, 0.9935, -0.0175, 0.1084, -0.0296
13:47:29, 1.50, 45, 12.33, 358.90, 356.29, 0.9937, -0.0130, 0.1071, -0.0311
13:47:29, 1.50, 45, 12.12, 359.44, 356.18, 0.9939, -0.0084, 0.1053, -0.0326
13:47:29, 1.53, 46, 11.85, 359.92, 356.01, 0.9941, -0.0043, 0.1032, -0.0345
13:47:29, 1.53, 46, 11.54, 0.40, 355.82, 0.9943, -0.0002, 0.1006, -0.0366
13:47:29, 1.57, 47, 11.29, 0.89, 355.58, 0.9943, 0.0039, 0.0986, -0.0391
13:47:30, 1.57, 47, 10.96, 1.47, 355.39, 0.9945, 0.0089, 0.0959, -0.0412
13:47:30, 1.60, 48, 10.60, 2.19, 355.14, 0.9946, 0.0151, 0.0931, -0.0440
13:47:30, 1.60, 48, 10.23, 3.09, 354.93, 0.9946, 0.0229, 0.0902, -0.0464
13:47:30, 1.60, 48, 9.96, 4.03, 354.74, 0.9944, 0.0310, 0.0882, -0.0487
13:47:30, 1.63, 49, 9.63, 5.03, 354.63, 0.9942, 0.0397, 0.0858, -0.0503
13:47:30, 1.63, 49, 9.32, 6.05, 354.58, 0.9940, 0.0487, 0.0835, -0.0513
13:47:30, 1.67, 50, 9.08, 7.26, 354.41, 0.9934, 0.0592, 0.0819, -0.0535
13:47:30, 1.67, 50, 8.96, 8.46, 354.32, 0.9927, 0.0696, 0.0815, -0.0550
13:47:30, 1.70, 51, 8.85, 9.69, 354.25, 0.9919, 0.0802, 0.0810, -0.0564
13:47:30, 1.70, 51, 8.69, 10.99, 354.18, 0.9909, 0.0916, 0.0802, -0.0576
13:47:30, 1.70, 51, 8.63, 12.19, 354.21, 0.9899, 0.1020, 0.0801, -0.0580
13:47:30, 1.73, 52, 8.58, 13.33, 354.24, 0.9888, 0.1119, 0.0800, -0.0584
13:47:30, 1.73, 52, 8.62, 14.23, 354.31, 0.9878, 0.1196, 0.0806, -0.0584
13:47:30, 1.77, 53, 8.62, 15.06, 354.43, 0.9869, 0.1269, 0.0807, -0.0579
13:47:30, 1.77, 53, 8.69, 15.72, 354.41, 0.9861, 0.1325, 0.0816, -0.0585
13:47:30, 1.77, 53, 8.83, 16.32, 354.43, 0.9852, 0.1376, 0.0830, -0.0589
13:47:30, 1.80, 54, 8.87, 16.73, 354.38, 0.9847, 0.1411, 0.0835, -0.0596
13:47:30, 1.80, 54, 8.94, 17.14, 354.38, 0.9841, 0.1446, 0.0843, -0.0600
13:47:30, 1.83, 55, 9.06, 17.38, 354.44, 0.9837, 0.1467, 0.0853, -0.0598
13:47:30, 1.83, 55, 9.18, 17.52, 354.46, 0.9834, 0.1478, 0.0863, -0.0598
13:47:30, 1.83, 55, 9.24, 17.56, 354.42, 0.9833, 0.1481, 0.0869, -0.0602
13:47:30, 1.87, 56, 9.36, 17.63, 354.47, 0.9831, 0.1487, 0.0879, -0.0600
13:47:30, 1.87, 56, 9.47, 17.65, 354.53, 0.9831, 0.1488, 0.0887, -0.0596
13:47:30, 1.90, 57, 9.52, 17.67, 354.56, 0.9830, 0.1490, 0.0891, -0.0594
13:47:30, 1.90, 57, 9.58, 17.68, 354.56, 0.9830, 0.1490, 0.0897, -0.0596
13:47:30, 1.93, 58, 9.64, 17.65, 354.51, 0.9829, 0.1487, 0.0903, -0.0600
13:47:30, 1.93, 58, 9.70, 17.67, 354.47, 0.9828, 0.1488, 0.0909, -0.0605
13:47:30, 1.93, 58, 9.74, 17.72, 354.44, 0.9827, 0.1493, 0.0912, -0.0608
13:47:30, 1.97, 59, 9.77, 17.82, 354.47, 0.9826, 0.1501, 0.0915, -0.0607
13:47:30, 1.97, 59, 9.75, 17.94, 354.47, 0.9824, 0.1512, 0.0913, -0.0607
13:47:30, 2.00, 60, 9.69, 18.20, 354.49, 0.9821, 0.1534, 0.0909, -0.0606
13:47:30, 2.00, 60, 9.63, 18.55, 354.52, 0.9817, 0.1564, 0.0904, -0.0605
13:47:30, 2.03, 61, 9.56, 19.03, 354.57, 0.9811, 0.1607, 0.0898, -0.0603
13:47:30, 2.03, 61, 9.39, 19.75, 354.67, 0.9802, 0.1670, 0.0885, -0.0597
13:47:30, 2.03, 61, 9.28, 20.55, 354.79, 0.9791, 0.1740, 0.0876, -0.0590
13:47:30, 2.07, 62, 8.97, 21.68, 355.00, 0.9776, 0.1839, 0.0849, -0.0574
13:47:30, 2.07, 62, 8.79, 23.31, 355.28, 0.9750, 0.1981, 0.0833, -0.0556
13:47:30, 2.10, 63, 8.47, 25.20, 355.55, 0.9719, 0.2146, 0.0804, -0.0539
13:47:30, 2.10, 63, 8.37, 27.47, 355.91, 0.9676, 0.2341, 0.0793, -0.0519
13:47:30, 2.10, 63, 8.11, 29.82, 356.24, 0.9628, 0.2543, 0.0767, -0.0498
13:47:30, 2.13, 64, 7.95, 32.11, 356.70, 0.9577, 0.2738, 0.0745, -0.0468
13:47:30, 2.13, 64, 7.78, 34.33, 357.37, 0.9525, 0.2929, 0.0716, -0.0419
13:47:30, 2.17, 65, 7.62, 36.13, 357.98, 0.9481, 0.3082, 0.0686, -0.0373
13:47:30, 2.17, 65, 7.55, 37.63, 358.32, 0.9441, 0.3209, 0.0671, -0.0351
13:47:30, 2.20, 66, 7.60, 38.73, 358.49, 0.9410, 0.3300, 0.0669, -0.0343
13:47:30, 2.20, 66, 7.62, 39.62, 358.64, 0.9384, 0.3374, 0.0665, -0.0337
13:47:30, 2.20, 66, 7.69, 40.40, 358.85, 0.9361, 0.3439, 0.0664, -0.0325
13:47:30, 2.23, 67, 7.77, 41.25, 359.04, 0.9335, 0.3509, 0.0663, -0.0317
13:47:30, 2.23, 67, 7.87, 42.02, 359.22, 0.9311, 0.3572, 0.0665, -0.0309
13:47:30, 2.27, 68, 7.89, 42.79, 359.34, 0.9287, 0.3636, 0.0662, -0.0305
13:47:30, 2.27, 68, 7.97, 43.54, 359.55, 0.9263, 0.3697, 0.0660, -0.0294
13:47:30, 2.27, 68, 8.06, 44.43, 359.77, 0.9234, 0.3770, 0.0658, -0.0284
13:47:30, 2.30, 69, 8.11, 45.11, 359.81, 0.9212, 0.3825, 0.0659, -0.0286
13:47:30, 2.30, 69, 8.33, 45.55, 359.92, 0.9196, 0.3861, 0.0672, -0.0288
13:47:30, 2.33, 70, 8.54, 45.83, 359.97, 0.9185, 0.3883, 0.0687, -0.0293
13:47:30, 2.33, 70, 8.71, 45.95, 0.04, 0.9180, 0.3892, 0.0698, -0.0293
13:47:30, 2.37, 71, 8.96, 46.06, 0.20, 0.9175, 0.3902, 0.0712, -0.0290
13:47:30, 2.37, 71, 9.20, 46.20, 0.35, 0.9169, 0.3913, 0.0726, -0.0286
13:47:30, 2.37, 71, 9.40, 46.17, 0.48, 0.9169, 0.3911, 0.0738, -0.0283
13:47:30, 2.40, 72, 9.57, 46.03, 0.52, 0.9173, 0.3900, 0.0751, -0.0285
13:47:30, 2.40, 72, 9.73, 45.88, 0.54, 0.9177, 0.3887, 0.0763, -0.0287
13:47:30, 2.43, 73, 9.86, 45.71, 0.57, 0.9182, 0.3873, 0.0772, -0.0288
13:47:30, 2.43, 73, 9.96, 45.62, 0.60, 0.9185, 0.3866, 0.0780, -0.0289
13:47:30, 2.43, 73, 10.05, 45.51, 0.59, 0.9188, 0.3857, 0.0788, -0.0291
13:47:30, 2.47, 74, 10.13, 45.39, 0.59, 0.9191, 0.3847, 0.0794, -0.0293
13:47:30, 2.47, 74, 10.19, 45.21, 0.56, 0.9197, 0.3832, 0.0801, -0.0296
13:47:30, 2.50, 75, 10.22, 45.12, 0.49, 0.9199, 0.3825, 0.0806, -0.0302
13:47:30, 2.50, 75, 10.28, 45.08, 0.46, 0.9200, 0.3821, 0.0812, -0.0306
13:47:30, 2.53, 76, 10.33, 45.06, 0.44, 0.9200, 0.3819, 0.0817, -0.0310
13:47:30, 2.53, 76, 10.41, 45.11, 0.45, 0.9198, 0.3823, 0.0823, -0.0312
13:47:30, 2.53, 76, 10.51, 45.14, 0.43, 0.9197, 0.3825, 0.0831, -0.0317
13:47:30, 2.57, 77, 10.61, 45.15, 0.41, 0.9195, 0.3826, 0.0840, -0.0322
13:47:31, 2.57, 77, 10.80, 45.20, 0.41, 0.9192, 0.3829, 0.0855, -0.0328
13:47:31, 2.60, 78, 10.95, 45.22, 0.37, 0.9190, 0.3830, 0.0868, -0.0337
13:47:31, 2.60, 78, 11.14, 45.35, 0.36, 0.9185, 0.3840, 0.0883, -0.0345
13:47:31, 2.60, 78, 11.34, 45.48, 0.32, 0.9179, 0.3849, 0.0901, -0.0356
13:47:31, 2.63, 79, 11.61, 45.66, 0.30, 0.9170, 0.3863, 0.0922, -0.0369
13:47:31, 2.63, 79, 11.97, 45.97, 0.30, 0.9157, 0.3886, 0.0950, -0.0383
13:47:31, 2.67, 80, 12.52, 46.58, 0.40, 0.9132, 0.3933, 0.0988, -0.0399
13:47:31, 2.67, 80, 13.11, 47.26, 0.64, 0.9104, 0.3988, 0.1023, -0.0406
13:47:31, 2.67, 80, 13.85, 48.31, 1.17, 0.9063, 0.4073, 0.1058, -0.0401
13:47:31, 2.70, 81, 14.73, 49.48, 1.83, 0.9015, 0.4168, 0.1098, -0.0393
13:47:31, 2.70, 81, 15.58, 50.54, 2.42, 0.8970, 0.4254, 0.1136, -0.0389
13:47:31, 2.73, 82, 16.62, 51.54, 3.14, 0.8925, 0.4336, 0.1183, -0.0384
13:47:31, 2.73, 82, 17.69, 52.36, 3.81, 0.8885, 0.4403, 0.1235, -0.0384
13:47:31, 2.77, 83, 18.92, 53.19, 4.69, 0.8843, 0.4473, 0.1288, -0.0374
13:47:31, 2.77, 83, 20.19, 54.20, 5.73, 0.8793, 0.4557, 0.1334, -0.0359
13:47:31, 2.77, 83, 21.42, 55.32, 6.93, 0.8739, 0.4653, 0.1367, -0.0335
13:47:31, 2.80, 84, 22.36, 56.67, 7.95, 0.8678, 0.4763, 0.1380, -0.0320
13:47:31, 2.80, 84, 23.41, 57.77, 8.79, 0.8624, 0.4852, 0.1408, -0.0320
13:47:31, 2.83, 85, 24.14, 58.46, 9.21, 0.8588, 0.4906, 0.1436, -0.0333
13:47:31, 2.83, 85, 24.65, 58.95, 9.16, 0.8562, 0.4940, 0.1469, -0.0368
13:47:31, 2.83, 85, 24.95, 59.15, 9.00, 0.8549, 0.4951, 0.1495, -0.0397
13:47:31, 2.87, 86, 25.17, 59.50, 8.91, 0.8532, 0.4975, 0.1510, -0.0420
13:47:31, 2.87, 86, 25.29, 59.94, 8.85, 0.8512, 0.5006, 0.1515, -0.0438
13:47:31, 2.90, 87, 25.43, 60.45, 8.82, 0.8489, 0.5042, 0.1518, -0.0456
13:47:31, 2.90, 87, 25.60, 60.84, 8.80, 0.8471, 0.5069, 0.1526, -0.0473
13:47:31, 2.93, 88, 25.65, 61.06, 8.71, 0.8460, 0.5084, 0.1530, -0.0486
13:47:31, 2.93, 88, 25.61, 61.14, 8.55, 0.8457, 0.5088, 0.1533, -0.0498
13:47:31, 2.93, 88, 25.64, 61.19, 8.56, 0.8454, 0.5091, 0.1535, -0.0500
13:47:31, 2.97, 89, 25.73, 61.31, 8.67, 0.8448, 0.5101, 0.1534, -0.0498
13:47:31, 2.97, 89, 25.78, 61.48, 8.79, 0.8441, 0.5115, 0.1529, -0.0494
13:47:31, 3.00, 90, 25.83, 61.64, 8.90, 0.8434, 0.5127, 0.1526, -0.0492
13:47:31, 3.00, 90, 25.81, 61.63, 8.88, 0.8435, 0.5127, 0.1526, -0.0492
13:47:31, 3.00, 90, 25.73, 61.42, 8.79, 0.8444, 0.5110, 0.1528, -0.0492
13:47:31, 3.03, 91, 25.63, 61.08, 8.67, 0.8460, 0.5085, 0.1530, -0.0489
13:47:31, 3.03, 91, 25.61, 60.78, 8.61, 0.8472, 0.5063, 0.1536, -0.0487
13:47:31, 3.07, 92, 25.64, 60.56, 8.62, 0.8481, 0.5047, 0.1541, -0.0483
13:47:31, 3.07, 92, 25.76, 60.38, 8.74, 0.8487, 0.5034, 0.1548, -0.0476
13:47:31, 3.10, 93, 25.85, 60.28, 8.85, 0.8491, 0.5028, 0.1551, -0.0470
13:47:31, 3.10, 93, 25.91, 60.15, 8.93, 0.8495, 0.5020, 0.1554, -0.0464
13:47:31, 3.10, 93, 25.98, 60.04, 9.01, 0.8499, 0.5013, 0.1557, -0.0459
13:47:31, 3.13, 94, 26.02, 59.95, 9.04, 0.8503, 0.5006, 0.1560, -0.0456
13:47:31, 3.13, 94, 25.98, 59.87, 9.06, 0.8506, 0.5001, 0.1558, -0.0452
13:47:31, 3.17, 95, 25.86, 59.78, 8.95, 0.8511, 0.4994, 0.1555, -0.0453
13:47:31, 3.17, 95, 25.73, 59.70, 8.83, 0.8516, 0.4987, 0.1551, -0.0454
13:47:31, 3.17, 95, 25.65, 59.61, 8.75, 0.8520, 0.4979, 0.1551, -0.0454
13:47:31, 3.20, 96, 25.52, 59.55, 8.61, 0.8524, 0.4974, 0.1548, -0.0458
13:47:31, 3.20, 96, 25.38, 59.49, 8.43, 0.8527, 0.4968, 0.1546, -0.0464
13:47:31, 3.23, 97, 25.23, 59.43, 8.24, 0.8531, 0.4961, 0.1544, -0.0471
13:47:31, 3.23, 97, 25.13, 59.43, 8.13, 0.8532, 0.4960, 0.1542, -0.0474
13:47:31, 3.27, 98, 24.99, 59.44, 7.99, 0.8533, 0.4960, 0.1537, -0.0479
13:47:31, 3.27, 98, 24.87, 59.49, 7.83, 0.8532, 0.4961, 0.1534, -0.0486
13:47:31, 3.27, 98, 24.83, 59.51, 7.71, 0.8531, 0.4962, 0.1536, -0.0494
13:47:31, 3.30, 99, 24.82, 59.48, 7.62, 0.8532, 0.4958, 0.1540, -0.0500
13:47:31, 3.30, 99, 24.77, 59.43, 7.51, 0.8534, 0.4953, 0.1542, -0.0505
13:47:31, 3.33, 100, 24.80, 59.38, 7.44, 0.8536, 0.4949, 0.1547, -0.0510
13:47:31, 3.33, 100, 24.76, 59.31, 7.35, 0.8539, 0.4942, 0.1550, -0.0514
13:47:31, 3.33, 100, 24.74, 59.20, 7.29, 0.8543, 0.4933, 0.1552, -0.0516
13:47:31, 3.37, 101, 24.75, 59.07, 7.24, 0.8548, 0.4923, 0.1556, -0.0517
13:47:31, 3.37, 101, 24.69, 58.85, 7.19, 0.8558, 0.4907, 0.1558, -0.0515
13:47:31, 3.40, 102, 24.61, 58.61, 7.10, 0.8568, 0.4888, 0.1559, -0.0514
13:47:31, 3.40, 102, 24.54, 58.30, 6.96, 0.8581, 0.4864, 0.1564, -0.0516
13:47:31, 3.43, 103, 24.46, 57.90, 6.76, 0.8597, 0.4832, 0.1572, -0.0520
13:47:31, 3.43, 103, 24.36, 57.38, 6.48, 0.8619, 0.4789, 0.1583, -0.0527
13:47:31, 3.43, 103, 24.24, 56.74, 6.24, 0.8644, 0.4739, 0.1592, -0.0528
13:47:31, 3.47, 104, 24.03, 55.92, 5.91, 0.8678, 0.4675, 0.1600, -0.0529
13:47:31, 3.47, 104, 24.06, 54.99, 5.37, 0.8711, 0.4597, 0.1635, -0.0555
13:47:31, 3.50, 105, 24.42, 53.72, 4.56, 0.8751, 0.4487, 0.1709, -0.0608
13:47:31, 3.50, 105, 25.00, 52.33, 4.10, 0.8791, 0.4372, 0.1787, -0.0641
13:47:31, 3.50, 105, 25.30, 50.71, 3.71, 0.8843, 0.4240, 0.1843, -0.0652
13:47:31, 3.53, 106, 25.67, 48.96, 3.81, 0.8900, 0.4105, 0.1886, -0.0625
13:47:31, 3.53, 106, 25.85, 47.07, 3.71, 0.8960, 0.3957, 0.1924, -0.0604
13:47:31, 3.57, 107, 26.19, 45.22, 3.49, 0.9014, 0.3806, 0.1977, -0.0597
13:47:32, 3.57, 107, 26.53, 43.21, 3.18, 0.9069, 0.3642, 0.2033, -0.0593
13:47:32, 3.60, 108, 26.74, 41.26, 3.00, 0.9123, 0.3483, 0.2074, -0.0576
13:47:32, 3.60, 108, 27.07, 39.23, 2.98, 0.9176, 0.3320, 0.2119, -0.0547
13:47:32, 3.60, 108, 27.19, 37.22, 2.94, 0.9228, 0.3158, 0.2147, -0.0514
13:47:32, 3.63, 109, 27.28, 35.23, 2.78, 0.9277, 0.2995, 0.2175, -0.0489
13:47:32, 3.63, 109, 27.37, 33.22, 2.72, 0.9324, 0.2830, 0.2200, -0.0455
13:47:32, 3.67, 110, 27.32, 31.21, 2.62, 0.9371, 0.2665, 0.2215, -0.0422
13:47:32, 3.67, 110, 27.22, 29.15, 2.44, 0.9417, 0.2494, 0.2225, -0.0392
13:47:32, 3.67, 110, 27.18, 27.25, 2.41, 0.9456, 0.2337, 0.2235, -0.0355
13:47:32, 3.70, 111, 27.05, 25.52, 2.40, 0.9491, 0.2195, 0.2235, -0.0317
13:47:32, 3.70, 111, 26.97, 24.04, 2.43, 0.9519, 0.2073, 0.2237, -0.0283
13:47:32, 3.73, 112, 26.94, 22.58, 2.55, 0.9545, 0.1954, 0.2241, -0.0244
13:47:32, 3.73, 112, 26.89, 21.27, 2.62, 0.9566, 0.1847, 0.2243, -0.0211
13:47:32, 3.77, 113, 26.90, 20.23, 2.57, 0.9581, 0.1759, 0.2251, -0.0194
13:47:32, 3.77, 113, 27.01, 19.40, 2.44, 0.9591, 0.1687, 0.2266, -0.0189
13:47:32, 3.77, 113, 27.26, 18.73, 2.51, 0.9595, 0.1632, 0.2290, -0.0174
13:47:32, 3.80, 114, 27.58, 18.20, 2.69, 0.9596, 0.1590, 0.2317, -0.0152
13:47:32, 3.80, 114, 27.87, 17.82, 2.89, 0.9595, 0.1563, 0.2340, -0.0131
13:47:32, 3.83, 115, 27.95, 17.42, 3.13, 0.9598, 0.1534, 0.2347, -0.0104
13:47:32, 3.83, 115, 28.02, 17.13, 3.13, 0.9601, 0.1510, 0.2353, -0.0098
13:47:32, 3.83, 115, 28.05, 16.96, 3.03, 0.9602, 0.1493, 0.2358, -0.0104
13:47:32, 3.87, 116, 28.11, 16.93, 2.96, 0.9601, 0.1490, 0.2364, -0.0110
13:47:32, 3.87, 116, 28.12, 17.02, 2.85, 0.9600, 0.1495, 0.2366, -0.0121
13:47:32, 3.90, 117, 28.04, 17.22, 2.79, 0.9599, 0.1511, 0.2359, -0.0129
13:47:32, 3.90, 117, 27.86, 17.45, 2.72, 0.9600, 0.1529, 0.2344, -0.0137
13:47:32, 3.93, 118, 27.54, 17.66, 2.48, 0.9603, 0.1542, 0.2319, -0.0157
13:47:32, 3.93, 118, 27.22, 17.77, 2.21, 0.9608, 0.1546, 0.2295, -0.0178
13:47:32, 3.93, 118, 26.87, 17.82, 1.90, 0.9614, 0.1545, 0.2270, -0.0201
13:47:32, 3.97, 119, 26.53, 17.77, 1.67, 0.9621, 0.1536, 0.2245, -0.0214
13:47:32, 3.97, 119, 26.19, 17.75, 1.51, 0.9627, 0.1532, 0.2219, -0.0223
13:47:32, 4.00, 120, 25.87, 17.70, 1.38, 0.9634, 0.1526, 0.2194, -0.0229
13:47:32, 4.00, 120, 25.48, 17.65, 1.15, 0.9641, 0.1518, 0.2164, -0.0241
13:47:32, 4.00, 120, 25.14, 17.63, 0.95, 0.9648, 0.1513, 0.2138, -0.0253
13:47:32, 4.03, 121, 24.90, 17.62, 0.87, 0.9652, 0.1511, 0.2119, -0.0257
13:47:32, 4.03, 121, 24.64, 17.63, 0.81, 0.9656, 0.1512, 0.2098, -0.0259
13:47:32, 4.07, 122, 24.42, 17.57, 0.71, 0.9661, 0.1506, 0.2081, -0.0263
13:47:32, 4.07, 122, 24.29, 17.41, 0.50, 0.9665, 0.1489, 0.2073, -0.0276
13:47:32, 4.10, 123, 24.22, 17.24, 0.35, 0.9668, 0.1472, 0.2070, -0.0285
13:47:32, 4.10, 123, 24.21, 17.04, 0.29, 0.9671, 0.1453, 0.2070, -0.0286
13:47:32, 4.10, 123, 24.16, 16.88, 0.29, 0.9673, 0.1441, 0.2066, -0.0282
13:47:32, 4.13, 124, 24.05, 16.81, 0.35, 0.9676, 0.1436, 0.2056, -0.0275
13:47:32, 4.13, 124, 23.85, 16.76, 0.38, 0.9681, 0.1432, 0.2039, -0.0269
13:47:32, 4.17, 125, 23.54, 16.64, 0.36, 0.9688, 0.1423, 0.2014, -0.0265
13:47:32, 4.17, 125, 23.14, 16.48, 0.28, 0.9696, 0.1409, 0.1982, -0.0264
13:47:32, 4.20, 126, 22.82, 16.31, 0.07, 0.9703, 0.1392, 0.1957, -0.0275
13:47:32, 4.20, 126, 22.53, 16.13, 359.99, 0.9710, 0.1376, 0.1934, -0.0275
13:47:32, 4.20, 126, 22.22, 15.84, 359.95, 0.9719, 0.1352, 0.1909, -0.0270
13:47:32, 4.23, 127, 21.91, 15.53, 359.89, 0.9728, 0.1325, 0.1884, -0.0266
13:47:32, 4.23, 127, 21.58, 15.18, 359.77, 0.9737, 0.1294, 0.1858, -0.0267
13:47:32, 4.27, 128, 21.33, 14.87, 359.63, 0.9744, 0.1266, 0.1840, -0.0271
13:47:32, 4.27, 128, 21.17, 14.55, 359.57, 0.9750, 0.1238, 0.1827, -0.0269
13:47:32, 4.27, 128, 21.02, 14.29, 359.61, 0.9755, 0.1217, 0.1814, -0.0260
13:47:32, 4.30, 129, 20.97, 14.02, 359.72, 0.9759, 0.1196, 0.1809, -0.0246
13:47:32, 4.30, 129, 20.97, 13.73, 359.75, 0.9762, 0.1172, 0.1809, -0.0239
13:47:32, 4.33, 130, 21.04, 13.41, 359.80, 0.9764, 0.1145, 0.1815, -0.0231
13:47:32, 4.33, 130, 21.19, 13.07, 359.85, 0.9765, 0.1117, 0.1828, -0.0222
13:47:32, 4.37, 131, 21.34, 12.77, 359.98, 0.9766, 0.1092, 0.1841, -0.0208
13:47:32, 4.37, 131, 21.48, 12.49, 0.07, 0.9767, 0.1070, 0.1852, -0.0197
13:47:32, 4.37, 131, 21.63, 12.27, 0.11, 0.9766, 0.1052, 0.1864, -0.0191
13:47:32, 4.40, 132, 21.75, 12.08, 0.19, 0.9766, 0.1037, 0.1875, -0.0182
13:47:32, 4.40, 132, 21.84, 11.88, 0.22, 0.9767, 0.1020, 0.1882, -0.0178
13:47:32, 4.43, 133, 21.90, 11.72, 0.25, 0.9767, 0.1007, 0.1887, -0.0173
13:47:32, 4.43, 133, 21.92, 11.55, 0.23, 0.9768, 0.0992, 0.1889, -0.0172
13:47:32, 4.43, 133, 22.06, 11.29, 0.05, 0.9768, 0.0966, 0.1904, -0.0184
13:47:32, 4.47, 134, 22.30, 10.97, 359.73, 0.9766, 0.0933, 0.1927, -0.0207
13:47:32, 4.47, 134, 22.55, 10.69, 359.50, 0.9763, 0.0905, 0.1951, -0.0225
13:47:32, 4.50, 135, 22.85, 10.39, 359.21, 0.9760, 0.0874, 0.1979, -0.0247
13:47:32, 4.50, 135, 23.14, 10.20, 358.93, 0.9756, 0.0852, 0.2006, -0.0269
13:47:32, 4.50, 135, 23.48, 9.95, 358.74, 0.9751, 0.0827, 0.2036, -0.0283
13:47:32, 4.53, 136, 23.80, 9.65, 358.50, 0.9747, 0.0796, 0.2065, -0.0301
13:47:32, 4.53, 136, 24.20, 9.37, 358.35, 0.9742, 0.0769, 0.2100, -0.0312
13:47:32, 4.57, 137, 24.57, 9.08, 358.21, 0.9737, 0.0740, 0.2133, -0.0320
13:47:33, 4.57, 137, 25.04, 8.80, 358.04, 0.9729, 0.0712, 0.2174, -0.0333
13:47:33, 4.60, 138, 25.34, 8.57, 357.90, 0.9725, 0.0689, 0.2201, -0.0342
13:47:33, 4.60, 138, 25.70, 8.32, 357.77, 0.9719, 0.0664, 0.2232, -0.0351
13:47:33, 4.60, 138, 26.00, 8.08, 357.62, 0.9714, 0.0639, 0.2258, -0.0360
13:47:33, 4.63, 139, 26.20, 7.82, 357.43, 0.9711, 0.0613, 0.2275, -0.0372
13:47:33, 4.63, 139, 26.39, 7.59, 357.30, 0.9708, 0.0591, 0.2292, -0.0380
13:47:33, 4.67, 140, 26.51, 7.39, 357.14, 0.9707, 0.0570, 0.2303, -0.0390
13:47:33, 4.67, 140, 26.64, 7.15, 357.00, 0.9705, 0.0546, 0.2314, -0.0398
13:47:33, 4.67, 140, 26.68, 7.05, 356.88, 0.9704, 0.0536, 0.2318, -0.0407
13:47:33, 4.70, 141, 26.66, 6.97, 356.71, 0.9705, 0.0525, 0.2317, -0.0419
13:47:33, 4.70, 141, 26.64, 6.97, 356.56, 0.9704, 0.0522, 0.2316, -0.0431
13:47:33, 4.73, 142, 26.60, 7.00, 356.50, 0.9705, 0.0524, 0.2313, -0.0437
13:47:33, 4.73, 142, 26.51, 7.12, 356.43, 0.9706, 0.0533, 0.2306, -0.0445
13:47:33, 4.77, 143, 26.42, 7.28, 356.39, 0.9706, 0.0546, 0.2299, -0.0451
13:47:33, 4.77, 143, 26.32, 7.41, 356.33, 0.9707, 0.0556, 0.2291, -0.0458
13:47:33, 4.77, 143, 26.21, 7.53, 356.33, 0.9709, 0.0567, 0.2281, -0.0460
13:47:33, 4.80, 144, 26.12, 7.61, 356.30, 0.9710, 0.0573, 0.2275, -0.0464
13:47:33, 4.80, 144, 26.06, 7.66, 356.22, 0.9710, 0.0576, 0.2270, -0.0471
13:47:33, 4.83, 145, 25.99, 7.70, 356.16, 0.9711, 0.0579, 0.2265, -0.0477
13:47:33, 4.83, 145, 25.94, 7.79, 356.14, 0.9712, 0.0586, 0.2260, -0.0480
13:47:33, 4.83, 145, 25.88, 7.89, 356.16, 0.9712, 0.0595, 0.2256, -0.0479
13:47:33, 4.87, 146, 25.87, 8.00, 356.18, 0.9712, 0.0605, 0.2255, -0.0480
13:47:33, 4.87, 146, 25.86, 8.06, 356.19, 0.9712, 0.0610, 0.2254, -0.0480
13:47:33, 4.90, 147, 25.84, 8.15, 356.18, 0.9711, 0.0618, 0.2252, -0.0483
13:47:33, 4.90, 147, 25.85, 8.23, 356.20, 0.9711, 0.0625, 0.2253, -0.0483
13:47:33, 4.93, 148, 25.83, 8.29, 356.26, 0.9711, 0.0631, 0.2251, -0.0479
13:47:33, 4.93, 148, 25.84, 8.33, 356.28, 0.9711, 0.0635, 0.2252, -0.0478
13:47:33, 4.93, 148, 25.86, 8.38, 356.28, 0.9710, 0.0639, 0.2254, -0.0479
13:47:33, 4.97, 149, 25.91, 8.42, 356.29, 0.9709, 0.0643, 0.2258, -0.0479
13:47:33, 4.97, 149, 25.96, 8.46, 356.30, 0.9708, 0.0646, 0.2262, -0.0479
13:47:33, 5.00, 150, 26.00, 8.44, 356.31, 0.9707, 0.0645, 0.2266, -0.0479
13:47:33, 5.00, 150, 26.06, 8.43, 356.36, 0.9706, 0.0644, 0.2270, -0.0475
13:47:33, 5.03, 151, 26.08, 8.42, 356.39, 0.9706, 0.0644, 0.2272, -0.0472
13:47:33, 5.03, 151, 26.13, 8.43, 356.43, 0.9705, 0.0645, 0.2275, -0.0468
13:47:33, 5.03, 151, 26.14, 8.42, 356.47, 0.9705, 0.0645, 0.2277, -0.0465
13:47:33, 5.07, 152, 26.16, 8.44, 356.54, 0.9705, 0.0648, 0.2277, -0.0460
13:47:33, 5.07, 152, 26.11, 8.43, 356.55, 0.9706, 0.0648, 0.2273, -0.0458
13:47:33, 5.10, 153, 26.06, 8.40, 356.55, 0.9707, 0.0646, 0.2269, -0.0458
13:47:33, 5.10, 153, 26.02, 8.34, 356.52, 0.9708, 0.0640, 0.2266, -0.0459
13:47:33, 5.10, 153, 25.98, 8.31, 356.51, 0.9709, 0.0638, 0.2262, -0.0459
13:47:33, 5.13, 154, 25.93, 8.29, 356.51, 0.9710, 0.0636, 0.2258, -0.0458
13:47:33, 5.13, 154, 25.90, 8.24, 356.52, 0.9711, 0.0632, 0.2255, -0.0456
13:47:33, 5.17, 155, 25.86, 8.20, 356.54, 0.9712, 0.0629, 0.2252, -0.0453
13:47:33, 5.17, 155, 25.80, 8.18, 356.55, 0.9714, 0.0628, 0.2247, -0.0452
13:47:33, 5.17, 155, 25.78, 8.12, 356.56, 0.9714, 0.0624, 0.2245, -0.0449
13:47:33, 5.20, 156, 25.74, 8.09, 356.60, 0.9716, 0.0621, 0.2241, -0.0446
13:47:33, 5.20, 156, 25.73, 8.06, 356.64, 0.9716, 0.0620, 0.2240, -0.0441
13:47:33, 5.23, 157, 25.72, 8.03, 356.70, 0.9717, 0.0618, 0.2239, -0.0436
13:47:33, 5.23, 157, 25.69, 8.02, 356.74, 0.9718, 0.0618, 0.2236, -0.0432
13:47:33, 5.27, 158, 25.66, 8.00, 356.78, 0.9718, 0.0618, 0.2234, -0.0428
13:47:33, 5.27, 158, 25.64, 7.98, 356.83, 0.9719, 0.0617, 0.2232, -0.0423
13:47:33, 5.27, 158, 25.63, 8.00, 356.86, 0.9719, 0.0619, 0.2230, -0.0421
13:47:33, 5.30, 159, 25.67, 8.02, 356.92, 0.9719, 0.0622, 0.2234, -0.0417
13:47:33, 5.30, 159, 25.69, 8.00, 357.01, 0.9719, 0.0622, 0.2235, -0.0409
13:47:33, 5.33, 160, 25.73, 8.05, 357.04, 0.9718, 0.0626, 0.2238, -0.0408
13:47:33, 5.33, 160, 25.77, 8.10, 357.10, 0.9717, 0.0632, 0.2241, -0.0403
13:47:33, 5.37, 161, 25.79, 8.16, 357.16, 0.9716, 0.0638, 0.2242, -0.0399
13:47:33, 5.37, 161, 25.79, 8.19, 357.23, 0.9716, 0.0642, 0.2242, -0.0395
13:47:33, 5.37, 161, 25.78, 8.27, 357.24, 0.9716, 0.0649, 0.2242, -0.0395
13:47:33, 5.40, 162, 25.82, 8.33, 357.21, 0.9715, 0.0653, 0.2245, -0.0399
13:47:33, 5.40, 162, 25.82, 8.38, 357.22, 0.9714, 0.0658, 0.2245, -0.0399
13:47:33, 5.43, 163, 25.83, 8.46, 357.21, 0.9714, 0.0665, 0.2246, -0.0401
13:47:33, 5.43, 163, 25.78, 8.50, 357.23, 0.9714, 0.0669, 0.2241, -0.0400
13:47:33, 5.43, 163, 25.74, 8.58, 357.26, 0.9715, 0.0676, 0.2238, -0.0399
13:47:33, 5.47, 164, 25.73, 8.63, 357.26, 0.9715, 0.0680, 0.2237, -0.0399
13:47:33, 5.47, 164, 25.70, 8.66, 357.30, 0.9715, 0.0684, 0.2234, -0.0397
13:47:33, 5.50, 165, 25.70, 8.71, 357.34, 0.9715, 0.0688, 0.2234, -0.0395
13:47:33, 5.50, 165, 25.70, 8.74, 357.37, 0.9715, 0.0691, 0.2234, -0.0393
13:47:33, 5.50, 165, 25.70, 8.76, 357.41, 0.9715, 0.0695, 0.2233, -0.0389
13:47:33, 5.53, 166, 25.68, 8.75, 357.41, 0.9715, 0.0693, 0.2232, -0.0389
13:47:33, 5.53, 166, 25.64, 8.73, 357.42, 0.9716, 0.0692, 0.2228, -0.0387
13:47:33, 5.57, 167, 25.62, 8.69, 357.44, 0.9717, 0.0689, 0.2227, -0.0385
13:47:34, 5.57, 167, 25.63, 8.68, 357.42, 0.9717, 0.0688, 0.2227, -0.0386
13:47:34, 5.60, 168, 25.62, 8.64, 357.44, 0.9717, 0.0685, 0.2227, -0.0384
13:47:34, 5.60, 168, 25.62, 8.64, 357.47, 0.9717, 0.0685, 0.2226, -0.0382
13:47:34, 5.60, 168, 25.58, 8.63, 357.51, 0.9718, 0.0686, 0.2223, -0.0377
13:47:34, 5.63, 169, 25.59, 8.63, 357.54, 0.9718, 0.0686, 0.2223, -0.0376
13:47:34, 5.63, 169, 25.60, 8.58, 357.53, 0.9718, 0.0682, 0.2225, -0.0376
13:47:34, 5.67, 170, 25.65, 8.58, 357.52, 0.9717, 0.0681, 0.2229, -0.0376
13:47:34, 5.67, 170, 25.67, 8.61, 357.55, 0.9717, 0.0684, 0.2230, -0.0374
13:47:34, 5.67, 170, 25.70, 8.63, 357.57, 0.9716, 0.0687, 0.2233, -0.0373
13:47:34, 5.70, 171, 25.70, 8.66, 357.57, 0.9716, 0.0689, 0.2233, -0.0374
13:47:34, 5.70, 171, 25.70, 8.66, 357.57, 0.9716, 0.0689, 0.2233, -0.0374
13:47:34, 5.73, 172, 25.70, 8.67, 357.58, 0.9716, 0.0690, 0.2233, -0.0373
13:47:34, 5.73, 172, 25.67, 8.65, 357.57, 0.9717, 0.0688, 0.2231, -0.0373
13:47:34, 5.77, 173, 25.65, 8.63, 357.56, 0.9717, 0.0686, 0.2229, -0.0374
13:47:34, 5.77, 173, 25.61, 8.57, 357.51, 0.9718, 0.0681, 0.2226, -0.0377
13:47:34, 5.77, 173, 25.58, 8.55, 357.46, 0.9719, 0.0678, 0.2224, -0.0381
13:47:34, 5.80, 174, 25.56, 8.53, 357.42, 0.9719, 0.0675, 0.2222, -0.0383
13:47:34, 5.80, 174, 25.55, 8.50, 357.41, 0.9720, 0.0673, 0.2221, -0.0384
13:47:34, 5.83, 175, 25.49, 8.45, 357.37, 0.9721, 0.0668, 0.2216, -0.0386
13:47:34, 5.83, 175, 25.45, 8.38, 357.35, 0.9722, 0.0662, 0.2213, -0.0386
13:47:34, 5.83, 175, 25.40, 8.32, 357.30, 0.9723, 0.0656, 0.2209, -0.0388
13:47:34, 5.87, 176, 25.33, 8.25, 357.29, 0.9725, 0.0650, 0.2203, -0.0388
13:47:34, 5.87, 176, 25.26, 8.18, 357.26, 0.9727, 0.0643, 0.2197, -0.0388
13:47:34, 5.90, 177, 25.20, 8.08, 357.25, 0.9728, 0.0635, 0.2192, -0.0388
13:47:34, 5.90, 177, 25.13, 7.97, 357.26, 0.9730, 0.0626, 0.2186, -0.0384
13:47:34, 5.93, 178, 25.06, 7.86, 357.25, 0.9732, 0.0617, 0.2180, -0.0382
13:47:34, 5.93, 178, 24.98, 7.72, 357.26, 0.9735, 0.0606, 0.2173, -0.0379
13:47:34, 5.93, 178, 24.90, 7.64, 357.26, 0.9737, 0.0599, 0.2166, -0.0376
13:47:34, 5.97, 179, 24.80, 7.50, 357.30, 0.9740, 0.0588, 0.2158, -0.0370
13:47:34, 5.97, 179, 24.69, 7.41, 357.29, 0.9742, 0.0581, 0.2148, -0.0368
13:47:34, 6.00, 180, 24.59, 7.33, 357.33, 0.9745, 0.0575, 0.2139, -0.0363
13:47:34, 6.00, 180, 24.52, 7.33, 357.37, 0.9746, 0.0576, 0.2133, -0.0360
13:47:34, 6.03, 181, 24.47, 7.39, 357.43, 0.9747, 0.0582, 0.2128, -0.0355
13:47:34, 6.03, 181, 24.41, 7.48, 357.50, 0.9748, 0.0591, 0.2123, -0.0351
13:47:34, 6.03, 181, 24.40, 7.58, 357.66, 0.9748, 0.0603, 0.2121, -0.0339
13:47:34, 6.07, 182, 24.43, 7.65, 357.84, 0.9747, 0.0612, 0.2123, -0.0325
13:47:34, 6.07, 182, 24.41, 7.65, 358.01, 0.9748, 0.0615, 0.2120, -0.0310
13:47:34, 6.10, 183, 24.40, 7.52, 358.06, 0.9749, 0.0605, 0.2119, -0.0304
13:47:34, 6.10, 183, 24.40, 7.37, 358.08, 0.9750, 0.0593, 0.2119, -0.0299
13:47:34, 6.10, 183, 24.43, 7.20, 358.11, 0.9751, 0.0579, 0.2121, -0.0294
13:47:34, 6.13, 184, 24.46, 7.10, 358.18, 0.9751, 0.0571, 0.2124, -0.0286
13:47:34, 6.13, 184, 24.45, 7.02, 358.22, 0.9752, 0.0566, 0.2123, -0.0281
13:47:34, 6.17, 185, 24.44, 6.96, 358.28, 0.9752, 0.0562, 0.2121, -0.0275
13:47:34, 6.17, 185, 24.42, 6.88, 358.32, 0.9753, 0.0556, 0.2119, -0.0270
13:47:34, 6.20, 186, 24.43, 6.76, 358.37, 0.9754, 0.0546, 0.2120, -0.0264
13:47:34, 6.20, 186, 24.39, 6.62, 358.40, 0.9755, 0.0535, 0.2117, -0.0258
13:47:34, 6.20, 186, 24.38, 6.50, 358.45, 0.9756, 0.0525, 0.2115, -0.0251
13:47:34, 6.23, 187, 24.35, 6.35, 358.48, 0.9758, 0.0514, 0.2113, -0.0246
13:47:34, 6.23, 187, 24.31, 6.18, 358.50, 0.9759, 0.0499, 0.2109, -0.0242
13:47:34, 6.27, 188, 24.27, 5.99, 358.50, 0.9761, 0.0483, 0.2106, -0.0238
13:47:34, 6.27, 188, 24.23, 5.79, 358.50, 0.9762, 0.0466, 0.2103, -0.0234
13:47:34, 6.27, 188, 24.19, 5.60, 358.51, 0.9764, 0.0450, 0.2099, -0.0230
13:47:34, 6.30, 189, 24.14, 5.41, 358.52, 0.9766, 0.0435, 0.2095, -0.0225
13:47:34, 6.30, 189, 24.09, 5.27, 358.56, 0.9768, 0.0424, 0.2090, -0.0219
13:47:34, 6.33, 190, 24.03, 5.14, 358.57, 0.9769, 0.0413, 0.2085, -0.0216
13:47:34, 6.33, 190, 23.94, 5.02, 358.55, 0.9771, 0.0402, 0.2078, -0.0214
13:47:34, 6.33, 190, 23.87, 4.91, 358.55, 0.9773, 0.0393, 0.2071, -0.0212
13:47:34, 6.37, 191, 23.81, 4.79, 358.48, 0.9774, 0.0381, 0.2066, -0.0216
13:47:34, 6.37, 191, 23.74, 4.64, 358.44, 0.9776, 0.0368, 0.2060, -0.0217
13:47:34, 6.40, 192, 23.67, 4.51, 358.42, 0.9778, 0.0357, 0.2054, -0.0216
13:47:34, 6.40, 192, 23.58, 4.35, 358.38, 0.9780, 0.0342, 0.2047, -0.0216
13:47:34, 6.43, 193, 23.46, 4.18, 358.39, 0.9783, 0.0329, 0.2037, -0.0212
13:47:34, 6.43, 193, 23.35, 4.00, 358.35, 0.9785, 0.0313, 0.2027, -0.0211
13:47:34, 6.43, 193, 23.24, 3.80, 358.31, 0.9788, 0.0295, 0.2017, -0.0211
13:47:34, 6.47, 194, 23.12, 3.65, 358.30, 0.9790, 0.0282, 0.2008, -0.0209
13:47:34, 6.47, 194, 22.99, 3.49, 358.29, 0.9793, 0.0268, 0.1996, -0.0207
13:47:34, 6.50, 195, 22.85, 3.36, 358.29, 0.9796, 0.0257, 0.1984, -0.0204
13:47:34, 6.50, 195, 22.74, 3.26, 358.30, 0.9798, 0.0250, 0.1974, -0.0201
13:47:34, 6.50, 195, 22.62, 3.17, 358.35, 0.9800, 0.0243, 0.1964, -0.0196
13:47:34, 6.53, 196, 22.53, 3.09, 358.37, 0.9802, 0.0237, 0.1956, -0.0192
13:47:34, 6.53, 196, 22.47, 3.01, 358.37, 0.9803, 0.0230, 0.1951, -0.0191
13:47:34, 6.57, 197, 22.40, 2.91, 358.37, 0.9805, 0.0222, 0.1945, -0.0189
13:47:34, 6.57, 197, 22.39, 2.84, 358.38, 0.9805, 0.0216, 0.1944, -0.0187
13:47:35, 6.60, 198, 22.36, 2.82, 358.42, 0.9806, 0.0215, 0.1942, -0.0183
13:47:35, 6.60, 198, 22.36, 2.80, 358.49, 0.9806, 0.0214, 0.1941, -0.0176
13:47:35, 6.60, 198, 22.33, 2.79, 358.56, 0.9806, 0.0214, 0.1939, -0.0171
13:47:35, 6.63, 199, 22.30, 2.77, 358.60, 0.9807, 0.0213, 0.1936, -0.0167
13:47:35, 6.63, 199, 22.26, 2.72, 358.57, 0.9808, 0.0209, 0.1933, -0.0168
13:47:35, 6.67, 200, 22.23, 2.69, 358.59, 0.9808, 0.0207, 0.1930, -0.0166
13:47:35, 6.67, 200, 22.20, 2.65, 358.59, 0.9809, 0.0203, 0.1928, -0.0165
13:47:35, 6.67, 200, 22.19, 2.62, 358.57, 0.9809, 0.0200, 0.1927, -0.0166
13:47:35, 6.70, 201, 22.16, 2.55, 358.58, 0.9810, 0.0194, 0.1924, -0.0164
13:47:35, 6.70, 201, 22.10, 2.47, 358.57, 0.9811, 0.0188, 0.1919, -0.0164
13:47:35, 6.73, 202, 22.02, 2.41, 358.55, 0.9813, 0.0182, 0.1912, -0.0165
13:47:35, 6.73, 202, 21.96, 2.35, 358.51, 0.9814, 0.0176, 0.1907, -0.0167
13:47:35, 6.77, 203, 21.90, 2.28, 358.46, 0.9815, 0.0170, 0.1901, -0.0170
13:47:35, 6.77, 203, 21.88, 2.20, 358.44, 0.9815, 0.0162, 0.1900, -0.0170
13:47:35, 6.77, 203, 21.87, 2.11, 358.41, 0.9815, 0.0154, 0.1899, -0.0171
13:47:35, 6.80, 204, 21.83, 2.03, 358.36, 0.9816, 0.0147, 0.1896, -0.0174
13:47:35, 6.80, 204, 21.80, 1.93, 358.32, 0.9817, 0.0138, 0.1893, -0.0176
13:47:35, 6.83, 205, 21.81, 1.86, 358.29, 0.9817, 0.0132, 0.1893, -0.0177
13:47:35, 6.83, 205, 21.76, 1.80, 358.27, 0.9817, 0.0125, 0.1890, -0.0178
13:47:35, 6.87, 206, 21.75, 1.72, 358.20, 0.9818, 0.0117, 0.1888, -0.0183
13:47:35, 6.87, 206, 21.77, 1.64, 358.15, 0.9817, 0.0110, 0.1890, -0.0186
13:47:35, 6.87, 206, 21.80, 1.56, 358.10, 0.9817, 0.0102, 0.1893, -0.0189
13:47:35, 6.90, 207, 21.86, 1.54, 358.11, 0.9816, 0.0101, 0.1898, -0.0188
13:47:35, 6.90, 207, 21.89, 1.51, 358.10, 0.9815, 0.0098, 0.1901, -0.0188
13:47:35, 6.93, 208, 21.97, 1.53, 358.14, 0.9814, 0.0100, 0.1907, -0.0184
13:47:35, 6.93, 208, 22.03, 1.49, 358.16, 0.9813, 0.0097, 0.1912, -0.0182
13:47:35, 6.93, 208, 22.08, 1.46, 358.18, 0.9812, 0.0094, 0.1917, -0.0180
13:47:35, 6.97, 209, 22.12, 1.44, 358.20, 0.9812, 0.0093, 0.1920, -0.0178
13:47:35, 6.97, 209, 22.15, 1.45, 358.22, 0.9811, 0.0094, 0.1923, -0.0177
13:47:35, 7.00, 210, 22.18, 1.44, 358.26, 0.9811, 0.0095, 0.1925, -0.0173
13:47:35, 7.00, 210, 22.20, 1.43, 358.27, 0.9811, 0.0093, 0.1927, -0.0173
13:47:35, 7.03, 211, 22.20, 1.43, 358.30, 0.9811, 0.0094, 0.1926, -0.0170
13:47:35, 7.03, 211, 22.20, 1.40, 358.30, 0.9811, 0.0091, 0.1927, -0.0169
13:47:35, 7.03, 211, 22.22, 1.39, 358.33, 0.9810, 0.0091, 0.1929, -0.0167
13:47:35, 7.07, 212, 22.24, 1.41, 358.34, 0.9810, 0.0093, 0.1930, -0.0166
13:47:35, 7.07, 212, 22.29, 1.42, 358.35, 0.9809, 0.0094, 0.1935, -0.0166
13:47:35, 7.10, 213, 22.31, 1.41, 358.38, 0.9809, 0.0093, 0.1936, -0.0162
13:47:35, 7.10, 213, 22.34, 1.38, 358.37, 0.9808, 0.0090, 0.1939, -0.0163
13:47:35, 7.10, 213, 22.36, 1.37, 358.39, 0.9808, 0.0090, 0.1941, -0.0161
13:47:35, 7.13, 214, 22.39, 1.36, 358.39, 0.9808, 0.0089, 0.1943, -0.0161
13:47:35, 7.13, 214, 22.44, 1.38, 358.38, 0.9807, 0.0090, 0.1947, -0.0162
13:47:35, 7.17, 215, 22.47, 1.39, 358.41, 0.9806, 0.0092, 0.1949, -0.0160
13:47:35, 7.17, 215, 22.47, 1.35, 358.41, 0.9806, 0.0088, 0.1950, -0.0159
13:47:35, 7.17, 215, 22.44, 1.33, 358.41, 0.9807, 0.0087, 0.1947, -0.0159
13:47:35, 7.20, 216, 22.40, 1.28, 358.42, 0.9808, 0.0083, 0.1944, -0.0157
13:47:35, 7.20, 216, 22.40, 1.27, 358.40, 0.9808, 0.0082, 0.1943, -0.0158
13:47:35, 7.23, 217, 22.41, 1.23, 358.41, 0.9808, 0.0078, 0.1944, -0.0157
13:47:35, 7.23, 217, 22.39, 1.21, 358.40, 0.9808, 0.0076, 0.1943, -0.0157
13:47:35, 7.27, 218, 22.37, 1.17, 358.38, 0.9808, 0.0072, 0.1941, -0.0158
13:47:35, 7.27, 218, 22.34, 1.12, 358.38, 0.9809, 0.0069, 0.1938, -0.0158
13:47:35, 7.27, 218, 22.32, 1.10, 358.36, 0.9809, 0.0067, 0.1936, -0.0159
13:47:35, 7.30, 219, 22.27, 1.05, 358.37, 0.9810, 0.0062, 0.1932, -0.0157
13:47:35, 7.30, 219, 22.25, 1.04, 358.35, 0.9810, 0.0062, 0.1930, -0.0159
13:47:35, 7.33, 220, 22.22, 1.02, 358.38, 0.9811, 0.0060, 0.1928, -0.0156
13:47:35, 7.33, 220, 22.22, 1.01, 358.40, 0.9811, 0.0059, 0.1927, -0.0154
13:47:35, 7.37, 221, 22.18, 0.99, 358.46, 0.9812, 0.0059, 0.1925, -0.0149
13:47:35, 7.37, 221, 22.12, 0.95, 358.45, 0.9813, 0.0056, 0.1919, -0.0149
13:47:35, 7.37, 221, 22.05, 0.93, 358.45, 0.9814, 0.0054, 0.1914, -0.0148
13:47:35, 7.40, 222, 21.94, 0.90, 358.47, 0.9816, 0.0051, 0.1904, -0.0146
13:47:35, 7.40, 222, 21.84, 0.88, 358.47, 0.9817, 0.0050, 0.1896, -0.0145
13:47:35, 7.43, 223, 21.75, 0.82, 358.47, 0.9819, 0.0045, 0.1887, -0.0144
13:47:35, 7.43, 223, 21.62, 0.77, 358.49, 0.9821, 0.0042, 0.1876, -0.0142
13:47:35, 7.43, 223, 21.54, 0.76, 358.53, 0.9823, 0.0041, 0.1869, -0.0138
13:47:35, 7.47, 224, 21.46, 0.74, 358.56, 0.9824, 0.0040, 0.1863, -0.0136
13:47:35, 7.47, 224, 21.39, 0.72, 358.61, 0.9825, 0.0039, 0.1857, -0.0131
13:47:35, 7.50, 225, 21.31, 0.69, 358.64, 0.9827, 0.0038, 0.1850, -0.0127
13:47:35, 7.50, 225, 21.21, 0.67, 358.69, 0.9828, 0.0037, 0.1841, -0.0123
13:47:35, 7.50, 225, 21.12, 0.65, 358.70, 0.9830, 0.0035, 0.1834, -0.0122
13:47:35, 7.53, 226, 21.04, 0.64, 358.72, 0.9831, 0.0034, 0.1826, -0.0120
13:47:35, 7.53, 226, 20.97, 0.63, 358.71, 0.9832, 0.0034, 0.1820, -0.0121
13:47:35, 7.57, 227, 20.90, 0.58, 358.71, 0.9833, 0.0029, 0.1814, -0.0120
13:47:36, 7.57, 227, 20.80, 0.53, 358.70, 0.9835, 0.0025, 0.1806, -0.0120
13:47:36, 7.60, 228, 20.67, 0.48, 358.69, 0.9837, 0.0021, 0.1795, -0.0120
13:47:36, 7.60, 228, 20.53, 0.46, 358.67, 0.9839, 0.0019, 0.1782, -0.0122
13:47:36, 7.60, 228, 20.35, 0.43, 358.68, 0.9842, 0.0017, 0.1767, -0.0120
13:47:36, 7.63, 229, 20.13, 0.38, 358.69, 0.9845, 0.0013, 0.1748, -0.0118
13:47:36, 7.63, 229, 19.87, 0.35, 358.68, 0.9849, 0.0011, 0.1726, -0.0119
13:47:36, 7.67, 230, 19.56, 0.34, 358.68, 0.9854, 0.0010, 0.1699, -0.0119
13:47:36, 7.67, 230, 19.23, 0.29, 358.70, 0.9859, 0.0006, 0.1670, -0.0116
13:47:36, 7.67, 230, 18.79, 0.29, 358.76, 0.9865, 0.0007, 0.1633, -0.0111
13:47:36, 7.70, 231, 18.28, 0.34, 358.84, 0.9872, 0.0013, 0.1589, -0.0105
13:47:36, 7.70, 231, 17.63, 0.33, 358.96, 0.9881, 0.0014, 0.1532, -0.0094
13:47:36, 7.73, 232, 17.03, 0.30, 358.98, 0.9889, 0.0013, 0.1481, -0.0092
13:47:36, 7.73, 232, 16.41, 0.29, 359.07, 0.9897, 0.0014, 0.1427, -0.0084
13:47:36, 7.77, 233, 15.73, 0.27, 359.19, 0.9906, 0.0014, 0.1369, -0.0073
13:47:36, 7.77, 233, 15.18, 0.30, 359.28, 0.9912, 0.0017, 0.1321, -0.0066
13:47:36, 7.77, 233, 14.62, 0.35, 359.35, 0.9919, 0.0023, 0.1272, -0.0060
13:47:36, 7.80, 234, 14.12, 0.33, 359.42, 0.9924, 0.0023, 0.1229, -0.0054
13:47:36, 7.80, 234, 13.55, 0.32, 359.53, 0.9930, 0.0023, 0.1180, -0.0044
13:47:36, 7.83, 235, 13.06, 0.33, 359.66, 0.9935, 0.0025, 0.1137, -0.0033
13:47:36, 7.83, 235, 12.50, 0.34, 359.77, 0.9940, 0.0028, 0.1089, -0.0023
13:47:36, 7.87, 236, 12.00, 0.36, 359.91, 0.9945, 0.0031, 0.1045, -0.0011
13:47:36, 7.87, 236, 11.46, 0.35, 359.98, 0.9950, 0.0031, 0.0998, -0.0005
13:47:36, 7.87, 236, 10.92, 0.38, 0.13, 0.9955, 0.0034, 0.0951, 0.0009
13:47:36, 7.90, 237, 10.35, 0.37, 0.32, 0.9959, 0.0035, 0.0902, 0.0025
13:47:36, 7.90, 237, 9.74, 0.41, 0.50, 0.9964, 0.0039, 0.0849, 0.0040
13:47:36, 7.93, 238, 9.11, 0.44, 0.64, 0.9968, 0.0043, 0.0794, 0.0053
13:47:36, 7.93, 238, 8.51, 0.44, 0.69, 0.9972, 0.0043, 0.0742, 0.0057
13:47:36, 7.93, 238, 7.92, 0.45, 0.78, 0.9976, 0.0044, 0.0690, 0.0065
13:47:36, 7.97, 239, 7.35, 0.36, 0.93, 0.9979, 0.0036, 0.0641, 0.0079
13:47:36, 7.97, 239, 6.72, 0.24, 1.13, 0.9982, 0.0027, 0.0586, 0.0097
13:47:36, 8.00, 240, 6.04, 0.14, 1.42, 0.9985, 0.0019, 0.0527, 0.0123
13:47:36, 8.00, 240, 5.38, 0.05, 1.71, 0.9988, 0.0011, 0.0469, 0.0149
13:47:36, 8.00, 240, 4.75, 359.90, 1.92, 0.9990, -0.0002, 0.0414, 0.0167
13:47:36, 8.03, 241, 4.12, 359.80, 2.17, 0.9992, -0.0011, 0.0360, 0.0190
13:47:36, 8.03, 241, 3.58, 359.66, 2.44, 0.9993, -0.0023, 0.0313, 0.0214
13:47:36, 8.07, 242, 3.08, 359.53, 2.65, 0.9994, -0.0035, 0.0269, 0.0232
13:47:36, 8.07, 242, 2.58, 359.37, 2.95, 0.9994, -0.0049, 0.0227, 0.0258
13:47:36, 8.10, 243, 2.10, 359.25, 3.27, 0.9994, -0.0060, 0.0185, 0.0286
13:47:36, 8.10, 243, 1.62, 359.14, 3.53, 0.9994, -0.0071, 0.0144, 0.0309
13:47:36, 8.10, 243, 1.10, 358.99, 3.78, 0.9994, -0.0085, 0.0099, 0.0330
13:47:36, 8.13, 244, 0.63, 358.83, 4.06, 0.9993, -0.0100, 0.0059, 0.0355
13:47:36, 8.13, 244, 0.10, 358.67, 4.34, 0.9992, -0.0115, 0.0013, 0.0379
13:47:36, 8.17, 245, 359.57, 358.56, 4.65, 0.9991, -0.0127, -0.0033, 0.0405
13:47:36, 8.17, 245, 358.96, 358.53, 4.97, 0.9989, -0.0132, -0.0085, 0.0432
13:47:36, 8.20, 246, 358.26, 358.47, 5.26, 0.9988, -0.0140, -0.0145, 0.0457
13:47:36, 8.20, 246, 357.45, 358.51, 5.65, 0.9985, -0.0141, -0.0216, 0.0490
13:47:36, 8.20, 246, 356.54, 358.61, 6.07, 0.9981, -0.0137, -0.0295, 0.0525
13:47:36, 8.23, 247, 355.54, 358.78, 6.40, 0.9977, -0.0128, -0.0382, 0.0553
13:47:36, 8.23, 247, 354.44, 359.03, 6.89, 0.9970, -0.0114, -0.0479, 0.0596
13:47:36, 8.27, 248, 353.20, 359.33, 7.42, 0.9962, -0.0097, -0.0588, 0.0642
13:47:36, 8.27, 248, 351.83, 359.78, 7.82, 0.9951, -0.0068, -0.0709, 0.0679
13:47:36, 8.27, 248, 350.48, 0.08, 8.02, 0.9941, -0.0051, -0.0828, 0.0698
13:47:36, 8.30, 249, 349.12, 0.23, 8.00, 0.9931, -0.0046, -0.0947, 0.0696
13:47:36, 8.30, 249, 347.80, 0.45, 7.86, 0.9920, -0.0034, -0.1062, 0.0685
13:47:36, 8.33, 250, 346.39, 0.83, 7.58, 0.9907, -0.0006, -0.1187, 0.0665
13:47:36, 8.33, 250, 345.02, 1.00, 7.38, 0.9893, 0.0002, -0.1306, 0.0650
13:47:36, 8.37, 251, 343.78, 1.22, 7.20, 0.9879, 0.0017, -0.1414, 0.0636
13:47:36, 8.37, 251, 342.62, 1.43, 6.98, 0.9865, 0.0032, -0.1516, 0.0620
13:47:36, 8.37, 251, 341.61, 1.53, 6.86, 0.9852, 0.0036, -0.1603, 0.0612
13:47:36, 8.40, 252, 340.61, 1.65, 6.80, 0.9837, 0.0042, -0.1689, 0.0609
13:47:36, 8.40, 252, 339.63, 1.77, 6.81, 0.9822, 0.0047, -0.1774, 0.0612
13:47:36, 8.43, 253, 338.69, 1.86, 6.94, 0.9806, 0.0048, -0.1855, 0.0625
13:47:36, 8.43, 253, 337.77, 1.91, 7.20, 0.9790, 0.0042, -0.1934, 0.0648
13:47:36, 8.43, 253, 336.78, 1.94, 7.50, 0.9771, 0.0034, -0.2019, 0.0675
13:47:36, 8.47, 254, 335.84, 1.96, 7.88, 0.9752, 0.0023, -0.2099, 0.0708
13:47:36, 8.47, 254, 334.86, 2.03, 8.39, 0.9730, 0.0013, -0.2183, 0.0753
13:47:36, 8.50, 255, 333.85, 2.13, 8.81, 0.9707, 0.0007, -0.2269, 0.0790
13:47:36, 8.50, 255, 332.94, 2.15, 9.35, 0.9685, -0.0009, -0.2346, 0.0836
13:47:36, 8.53, 256, 332.18, 2.25, 9.88, 0.9665, -0.0017, -0.2411, 0.0883
13:47:36, 8.53, 256, 331.44, 2.23, 10.33, 0.9646, -0.0034, -0.2473, 0.0920
13:47:36, 8.53, 256, 330.74, 2.22, 10.80, 0.9626, -0.0051, -0.2532, 0.0959
13:47:36, 8.57, 257, 330.09, 2.20, 11.31, 0.9608, -0.0069, -0.2586, 0.1001
13:47:37, 8.57, 257, 329.44, 2.13, 11.57, 0.9591, -0.0087, -0.2639, 0.1021
13:47:37, 8.60, 258, 328.78, 2.10, 11.82, 0.9573, -0.0101, -0.2694, 0.1040
13:47:37, 8.60, 258, 328.20, 2.14, 12.06, 0.9557, -0.0109, -0.2743, 0.1061
13:47:37, 8.60, 258, 327.60, 2.19, 12.25, 0.9541, -0.0115, -0.2793, 0.1078
13:47:37, 8.63, 259, 327.11, 2.35, 12.36, 0.9527, -0.0110, -0.2835, 0.1090
13:47:37, 8.63, 259, 326.67, 2.61, 12.40, 0.9514, -0.0093, -0.2874, 0.1100
13:47:37, 8.67, 260, 326.33, 2.91, 12.37, 0.9505, -0.0070, -0.2905, 0.1104
13:47:37, 8.67, 260, 325.90, 3.02, 12.37, 0.9493, -0.0066, -0.2941, 0.1107
13:47:37, 8.67, 260, 325.48, 2.96, 12.35, 0.9483, -0.0074, -0.2976, 0.1104
13:47:37, 8.70, 261, 325.10, 2.61, 12.36, 0.9474, -0.0106, -0.3004, 0.1095
13:47:37, 8.70, 261, 324.75, 2.51, 12.22, 0.9467, -0.0114, -0.3032, 0.1080
13:47:37, 8.73, 262, 324.49, 2.41, 12.22, 0.9461, -0.0126, -0.3053, 0.1077
13:47:37, 8.73, 262, 324.24, 2.08, 12.15, 0.9456, -0.0153, -0.3071, 0.1062
13:47:37, 8.77, 263, 324.04, 1.66, 11.99, 0.9454, -0.0186, -0.3084, 0.1038
13:47:37, 8.77, 263, 323.81, 1.50, 11.91, 0.9449, -0.0198, -0.3102, 0.1027
13:47:37, 8.77, 263, 323.69, 1.68, 11.87, 0.9446, -0.0184, -0.3113, 0.1028
13:47:37, 8.80, 264, 323.52, 1.82, 12.03, 0.9439, -0.0178, -0.3128, 0.1044
13:47:37, 8.80, 264, 323.30, 1.86, 12.14, 0.9432, -0.0180, -0.3147, 0.1054
13:47:37, 8.83, 265, 322.99, 1.88, 12.21, 0.9422, -0.0183, -0.3172, 0.1060
13:47:37, 8.83, 265, 322.62, 1.86, 12.18, 0.9413, -0.0187, -0.3202, 0.1056
13:47:37, 8.83, 265, 322.31, 1.85, 12.17, 0.9404, -0.0191, -0.3228, 0.1055
13:47:37, 8.87, 266, 322.00, 1.87, 12.07, 0.9396, -0.0188, -0.3253, 0.1047
13:47:37, 8.87, 266, 321.75, 1.91, 12.02, 0.9389, -0.0186, -0.3274, 0.1043
13:47:37, 8.90, 267, 321.52, 1.87, 11.93, 0.9383, -0.0189, -0.3293, 0.1035
13:47:37, 8.90, 267, 321.29, 1.81, 11.77, 0.9379, -0.0192, -0.3311, 0.1019
13:47:37, 8.93, 268, 321.12, 1.80, 11.57, 0.9375, -0.0188, -0.3326, 0.1003
13:47:37, 8.93, 268, 321.05, 1.89, 11.42, 0.9374, -0.0177, -0.3332, 0.0993
13:47:37, 8.93, 268, 321.01, 1.87, 11.18, 0.9375, -0.0172, -0.3336, 0.0972
13:47:37, 8.97, 269, 321.04, 1.76, 10.98, 0.9378, -0.0175, -0.3333, 0.0952
13:47:37, 8.97, 269, 321.09, 1.60, 10.76, 0.9382, -0.0181, -0.3328, 0.0930
13:47:37, 9.00, 270, 321.08, 1.43, 10.65, 0.9383, -0.0192, -0.3328, 0.0916
13:47:37, 9.00, 270, 321.06, 1.19, 10.57, 0.9384, -0.0209, -0.3328, 0.0903
13:47:37, 9.03, 271, 321.04, 0.95, 10.49, 0.9385, -0.0227, -0.3328, 0.0890
13:47:37, 9.03, 271, 321.05, 0.67, 10.47, 0.9387, -0.0249, -0.3325, 0.0879
13:47:37, 9.03, 271, 321.08, 0.44, 10.49, 0.9388, -0.0268, -0.3321, 0.0874
13:47:37, 9.07, 272, 321.09, 0.16, 10.54, 0.9389, -0.0293, -0.3318, 0.0870
13:47:37, 9.07, 272, 321.05, 359.89, 10.65, 0.9387, -0.0319, -0.3319, 0.0872
13:47:37, 9.10, 273, 321.01, 359.64, 10.77, 0.9386, -0.0343, -0.3320, 0.0874
13:47:37, 9.10, 273, 320.97, 359.30, 10.90, 0.9385, -0.0375, -0.3320, 0.0875
13:47:37, 9.10, 273, 320.97, 358.95, 10.98, 0.9385, -0.0406, -0.3317, 0.0872
13:47:37, 9.13, 274, 320.92, 358.62, 11.03, 0.9384, -0.0434, -0.3318, 0.0865
13:47:37, 9.13, 274, 320.89, 358.39, 11.06, 0.9383, -0.0454, -0.3318, 0.0861
13:47:37, 9.17, 275, 320.94, 358.21, 11.08, 0.9385, -0.0469, -0.3312, 0.0858
13:47:37, 9.17, 275, 321.04, 358.05, 11.08, 0.9388, -0.0482, -0.3303, 0.0854
13:47:37, 9.17, 275, 321.15, 357.99, 11.11, 0.9391, -0.0486, -0.3294, 0.0855
13:47:37, 9.20, 276, 321.25, 358.00, 11.09, 0.9394, -0.0485, -0.3286, 0.0854
13:47:37, 9.20, 276, 321.34, 358.06, 11.00, 0.9397, -0.0477, -0.3279, 0.0848
13:47:37, 9.23, 277, 321.45, 358.20, 10.83, 0.9401, -0.0459, -0.3272, 0.0839
13:47:37, 9.23, 277, 321.56, 358.43, 10.65, 0.9405, -0.0434, -0.3265, 0.0831
13:47:37, 9.27, 278, 321.64, 358.77, 10.45, 0.9408, -0.0400, -0.3262, 0.0825
13:47:37, 9.27, 278, 321.64, 359.07, 10.41, 0.9408, -0.0374, -0.3265, 0.0831
13:47:37, 9.27, 278, 321.57, 359.31, 10.40, 0.9406, -0.0355, -0.3273, 0.0836
13:47:37, 9.30, 279, 321.55, 359.47, 10.32, 0.9405, -0.0340, -0.3275, 0.0834
13:47:37, 9.30, 279, 321.54, 359.50, 10.23, 0.9406, -0.0334, -0.3277, 0.0828
13:47:37, 9.33, 280, 321.57, 359.55, 10.20, 0.9407, -0.0329, -0.3275, 0.0827
13:47:37, 9.33, 280, 321.65, 359.59, 10.22, 0.9409, -0.0326, -0.3268, 0.0829
13:47:37, 9.37, 281, 321.74, 359.61, 10.24, 0.9411, -0.0324, -0.3261, 0.0832
13:47:37, 9.37, 281, 321.85, 359.70, 10.33, 0.9413, -0.0319, -0.3253, 0.0842
13:47:37, 9.37, 281, 321.96, 359.80, 10.43, 0.9415, -0.0313, -0.3244, 0.0854
13:47:37, 9.40, 282, 322.05, 359.83, 10.56, 0.9417, -0.0313, -0.3236, 0.0866
13:47:37, 9.40, 282, 322.17, 359.88, 10.67, 0.9419, -0.0312, -0.3226, 0.0876
13:47:37, 9.43, 283, 322.28, 359.92, 10.78, 0.9421, -0.0311, -0.3218, 0.0887
13:47:37, 9.43, 283, 322.40, 0.00, 10.84, 0.9424, -0.0304, -0.3208, 0.0894
13:47:37, 9.43, 283, 322.50, 0.11, 10.93, 0.9426, -0.0297, -0.3201, 0.0905
13:47:37, 9.47, 284, 322.58, 0.25, 10.99, 0.9427, -0.0286, -0.3195, 0.0914
13:47:37, 9.47, 284, 322.62, 0.43, 11.05, 0.9427, -0.0273, -0.3193, 0.0924
13:47:37, 9.50, 285, 322.63, 0.61, 11.07, 0.9427, -0.0259, -0.3194, 0.0931
13:47:37, 9.50, 285, 322.64, 0.72, 11.12, 0.9427, -0.0251, -0.3193, 0.0937
13:47:37, 9.53, 286, 322.66, 0.76, 11.09, 0.9427, -0.0247, -0.3192, 0.0937
13:47:37, 9.53, 286, 322.69, 0.73, 11.08, 0.9428, -0.0248, -0.3189, 0.0935
13:47:37, 9.53, 286, 322.74, 0.66, 11.10, 0.9430, -0.0254, -0.3185, 0.0935
13:47:37, 9.57, 287, 322.78, 0.60, 11.09, 0.9431, -0.0259, -0.3181, 0.0932
13:47:38, 9.57, 287, 322.83, 0.56, 11.08, 0.9433, -0.0262, -0.3176, 0.0930
13:47:38, 9.60, 288, 322.93, 0.54, 11.04, 0.9436, -0.0262, -0.3168, 0.0927
13:47:38, 9.60, 288, 323.01, 0.48, 11.04, 0.9438, -0.0266, -0.3161, 0.0925
13:47:38, 9.60, 288, 323.13, 0.42, 11.00, 0.9442, -0.0268, -0.3151, 0.0921
13:47:38, 9.63, 289, 323.30, 0.34, 10.98, 0.9447, -0.0273, -0.3136, 0.0917
13:47:38, 9.63, 289, 323.46, 0.26, 10.96, 0.9452, -0.0278, -0.3123, 0.0914
13:47:38, 9.67, 290, 323.66, 0.18, 10.93, 0.9458, -0.0282, -0.3105, 0.0910
13:47:38, 9.67, 290, 323.89, 0.07, 10.88, 0.9465, -0.0288, -0.3086, 0.0903
13:47:38, 9.67, 290, 324.16, 359.97, 10.85, 0.9472, -0.0294, -0.3063, 0.0898
13:47:38, 9.70, 291, 324.38, 359.90, 10.87, 0.9478, -0.0298, -0.3044, 0.0899
13:47:38, 9.70, 291, 324.61, 359.85, 10.84, 0.9485, -0.0300, -0.3025, 0.0896
13:47:38, 9.73, 292, 324.87, 359.75, 10.75, 0.9492, -0.0304, -0.3003, 0.0887
13:47:38, 9.73, 292, 325.14, 359.61, 10.72, 0.9500, -0.0313, -0.2980, 0.0881
13:47:38, 9.77, 293, 325.43, 359.44, 10.68, 0.9508, -0.0323, -0.2954, 0.0874
13:47:38, 9.77, 293, 325.75, 359.25, 10.70, 0.9517, -0.0337, -0.2925, 0.0872
13:47:38, 9.77, 293, 326.09, 359.04, 10.78, 0.9525, -0.0354, -0.2896, 0.0874
13:47:38, 9.80, 294, 326.38, 358.86, 10.87, 0.9532, -0.0368, -0.2869, 0.0878
13:47:38, 9.80, 294, 326.76, 358.69, 10.90, 0.9541, -0.0381, -0.2836, 0.0878
13:47:38, 9.83, 295, 327.14, 358.55, 10.99, 0.9550, -0.0392, -0.2804, 0.0883
13:47:38, 9.83, 295, 327.58, 358.36, 11.00, 0.9561, -0.0404, -0.2765, 0.0880
13:47:38, 9.87, 296, 328.05, 358.23, 11.04, 0.9572, -0.0413, -0.2725, 0.0883
13:47:38, 9.87, 296, 328.56, 358.09, 11.04, 0.9584, -0.0420, -0.2681, 0.0881
13:47:38, 9.87, 296, 329.07, 357.91, 11.06, 0.9596, -0.0431, -0.2637, 0.0880
13:47:38, 9.90, 297, 329.59, 357.82, 11.10, 0.9608, -0.0437, -0.2592, 0.0883
13:47:38, 9.90, 297, 330.16, 357.78, 11.09, 0.9621, -0.0435, -0.2544, 0.0884
13:47:38, 9.93, 298, 330.78, 357.68, 11.08, 0.9634, -0.0439, -0.2491, 0.0884
13:47:38, 9.93, 298, 331.40, 357.61, 11.04, 0.9648, -0.0439, -0.2439, 0.0881
13:47:38, 9.93, 298, 332.07, 357.56, 11.03, 0.9662, -0.0438, -0.2382, 0.0881
13:47:38, 9.97, 299, 332.74, 357.43, 11.00, 0.9676, -0.0443, -0.2324, 0.0878
13:47:38, 9.97, 299, 333.38, 357.35, 10.98, 0.9689, -0.0444, -0.2270, 0.0878
