Timestamp, VideoTime, VideoFrame, HeadYaw, HeadPitch, HeadRoll, HeadQuatW, HeadQuatX, HeadQuatY, HeadQuatZ
17:22:44, 0.00, 0, 348.24, 357.64, 8.67, 0.9918, -0.0282, -0.1006, 0.0731
17:22:44, 0.03, 1, 348.31, 357.63, 8.60, 0.9919, -0.0282, -0.1000, 0.0725
17:22:44, 0.03, 1, 348.36, 357.63, 8.55, 0.9920, -0.0281, -0.0996, 0.0720
17:22:44, 0.07, 2, 348.41, 357.60, 8.48, 0.9921, -0.0282, -0.0991, 0.0714
17:22:44, 0.07, 2, 348.46, 357.57, 8.39, 0.9922, -0.0284, -0.0987, 0.0707
17:22:44, 0.07, 2, 348.52, 357.60, 8.33, 0.9923, -0.0280, -0.0982, 0.0701
17:22:44, 0.10, 3, 348.56, 357.58, 8.28, 0.9924, -0.0281, -0.0979, 0.0697
17:22:44, 0.10, 3, 348.60, 357.58, 8.20, 0.9924, -0.0281, -0.0975, 0.0691
17:22:44, 0.10, 3, 348.64, 357.59, 8.17, 0.9925, -0.0279, -0.0972, 0.0688
17:22:44, 0.13, 4, 348.70, 357.60, 8.12, 0.9926, -0.0278, -0.0967, 0.0684
17:22:44, 0.13, 4, 348.76, 357.61, 8.08, 0.9926, -0.0276, -0.0962, 0.0681
17:22:44, 0.17, 5, 348.82, 357.63, 8.04, 0.9927, -0.0273, -0.0957, 0.0678
17:22:44, 0.17, 5, 348.87, 357.65, 8.00, 0.9928, -0.0271, -0.0953, 0.0674
17:22:44, 0.20, 6, 348.91, 357.66, 7.98, 0.9928, -0.0270, -0.0950, 0.0673
17:22:44, 0.20, 6, 348.98, 357.66, 7.95, 0.9929, -0.0269, -0.0944, 0.0670
17:22:44, 0.20, 6, 349.05, 357.65, 7.92, 0.9930, -0.0269, -0.0937, 0.0668
17:22:44, 0.23, 7, 349.15, 357.58, 7.90, 0.9931, -0.0275, -0.0928, 0.0666
17:22:44, 0.23, 7, 349.23, 357.56, 7.89, 0.9931, -0.0276, -0.0922, 0.0665
17:22:44, 0.27, 8, 349.30, 357.53, 7.84, 0.9932, -0.0278, -0.0915, 0.0661
17:22:44, 0.27, 8, 349.39, 357.50, 7.83, 0.9933, -0.0280, -0.0907, 0.0659
17:22:44, 0.27, 8, 349.50, 357.47, 7.79, 0.9934, -0.0281, -0.0898, 0.0656
17:22:44, 0.30, 9, 349.62, 357.44, 7.77, 0.9935, -0.0283, -0.0887, 0.0654
17:22:44, 0.30, 9, 349.76, 357.38, 7.72, 0.9936, -0.0287, -0.0875, 0.0650
17:22:44, 0.33, 10, 349.88, 357.34, 7.70, 0.9937, -0.0290, -0.0864, 0.0648
17:22:44, 0.33, 10, 350.01, 357.33, 7.68, 0.9938, -0.0290, -0.0853, 0.0647
17:22:44, 0.37, 11, 350.13, 357.30, 7.67, 0.9939, -0.0292, -0.0843, 0.0646
17:22:44, 0.37, 11, 350.25, 357.26, 7.66, 0.9940, -0.0294, -0.0832, 0.0645
17:22:45, 0.37, 11, 350.35, 357.21, 7.65, 0.9941, -0.0298, -0.0823, 0.0644
17:22:45, 0.40, 12, 350.44, 357.13, 7.62, 0.9941, -0.0305, -0.0815, 0.0642
17:22:45, 0.40, 12, 350.52, 357.04, 7.60, 0.9942, -0.0312, -0.0807, 0.0639
17:22:45, 0.43, 13, 350.59, 356.98, 7.54, 0.9943, -0.0316, -0.0801, 0.0634
17:22:45, 0.43, 13, 350.68, 356.91, 7.46, 0.9944, -0.0321, -0.0793, 0.0627
17:22:45, 0.43, 13, 350.75, 356.86, 7.39, 0.9944, -0.0324, -0.0786, 0.0620
17:22:45, 0.47, 14, 350.85, 356.82, 7.33, 0.9945, -0.0327, -0.0778, 0.0615
17:22:45, 0.47, 14, 350.91, 356.76, 7.28, 0.9946, -0.0332, -0.0772, 0.0610
17:22:45, 0.50, 15, 350.96, 356.71, 7.25, 0.9946, -0.0335, -0.0768, 0.0607
17:22:45, 0.50, 15, 351.02, 356.70, 7.19, 0.9947, -0.0336, -0.0763, 0.0602
17:22:45, 0.53, 16, 351.04, 356.67, 7.13, 0.9947, -0.0337, -0.0762, 0.0597
17:22:45, 0.53, 16, 351.06, 356.68, 7.08, 0.9948, -0.0336, -0.0760, 0.0593
17:22:45, 0.53, 16, 351.09, 356.67, 7.05, 0.9948, -0.0337, -0.0757, 0.0591
17:22:45, 0.57, 17, 351.12, 356.66, 7.00, 0.9949, -0.0337, -0.0755, 0.0586
17:22:45, 0.57, 17, 351.10, 356.64, 7.00, 0.9948, -0.0339, -0.0756, 0.0586
17:22:45, 0.60, 18, 351.10, 356.62, 6.98, 0.9948, -0.0341, -0.0756, 0.0584
17:22:45, 0.60, 18, 351.09, 356.60, 6.95, 0.9948, -0.0342, -0.0757, 0.0581
17:22:45, 0.60, 18, 351.07, 356.57, 6.93, 0.9948, -0.0345, -0.0759, 0.0579
17:22:45, 0.63, 19, 351.05, 356.55, 6.92, 0.9948, -0.0347, -0.0760, 0.0578
17:22:45, 0.63, 19, 351.04, 356.54, 6.93, 0.9948, -0.0348, -0.0761, 0.0579
17:22:45, 0.67, 20, 351.02, 356.54, 6.92, 0.9948, -0.0348, -0.0763, 0.0578
17:22:45, 0.67, 20, 350.98, 356.54, 6.93, 0.9948, -0.0348, -0.0766, 0.0579
17:22:45, 0.70, 21, 350.94, 356.54, 6.90, 0.9948, -0.0348, -0.0770, 0.0575
17:22:45, 0.70, 21, 350.89, 356.56, 6.89, 0.9947, -0.0346, -0.0774, 0.0575
17:22:45, 0.70, 21, 350.84, 356.57, 6.88, 0.9947, -0.0346, -0.0779, 0.0574
17:22:45, 0.73, 22, 350.78, 356.58, 6.87, 0.9947, -0.0345, -0.0784, 0.0573
17:22:45, 0.73, 22, 350.71, 356.60, 6.86, 0.9946, -0.0343, -0.0790, 0.0572
17:22:45, 0.77, 23, 350.64, 356.62, 6.85, 0.9946, -0.0342, -0.0797, 0.0571
17:22:45, 0.77, 23, 350.53, 356.65, 6.81, 0.9945, -0.0340, -0.0807, 0.0567
17:22:45, 0.77, 23, 350.43, 356.69, 6.82, 0.9945, -0.0337, -0.0815, 0.0569
17:22:45, 0.80, 24, 350.30, 356.69, 6.81, 0.9944, -0.0337, -0.0826, 0.0567
17:22:45, 0.80, 24, 350.14, 356.71, 6.82, 0.9943, -0.0336, -0.0841, 0.0567
17:22:45, 0.83, 25, 349.92, 356.72, 6.80, 0.9941, -0.0336, -0.0860, 0.0565
17:22:45, 0.83, 25, 349.68, 356.74, 6.77, 0.9940, -0.0336, -0.0881, 0.0562
17:22:45, 0.87, 26, 349.40, 356.74, 6.73, 0.9938, -0.0337, -0.0905, 0.0558
17:22:45, 0.87, 26, 349.01, 356.77, 6.68, 0.9935, -0.0336, -0.0939, 0.0552
17:22:45, 0.87, 26, 348.66, 356.80, 6.63, 0.9932, -0.0334, -0.0970, 0.0548
17:22:45, 0.90, 27, 348.29, 356.83, 6.61, 0.9929, -0.0333, -0.1003, 0.0545
17:22:45, 0.90, 27, 347.92, 356.83, 6.58, 0.9926, -0.0335, -0.1035, 0.0541
17:22:45, 0.93, 28, 347.49, 356.86, 6.54, 0.9922, -0.0334, -0.1072, 0.0537
17:22:45, 0.93, 28, 347.04, 356.87, 6.45, 0.9918, -0.0334, -0.1111, 0.0528
17:22:45, 0.93, 28, 346.49, 356.88, 6.44, 0.9913, -0.0336, -0.1158, 0.0525
17:22:45, 0.97, 29, 346.03, 356.89, 6.38, 0.9909, -0.0337, -0.1198, 0.0519
17:22:45, 0.97, 29, 345.52, 356.93, 6.32, 0.9903, -0.0335, -0.1243, 0.0513
17:22:45, 1.00, 30, 345.05, 356.93, 6.35, 0.9898, -0.0337, -0.1283, 0.0514
17:22:45, 1.00, 30, 344.55, 356.96, 6.28, 0.9893, -0.0336, -0.1327, 0.0507
17:22:45, 1.03, 31, 344.09, 357.00, 6.28, 0.9888, -0.0334, -0.1367, 0.0506
17:22:45, 1.03, 31, 343.58, 357.04, 6.23, 0.9882, -0.0333, -0.1411, 0.0501
17:22:45, 1.03, 31, 343.10, 357.05, 6.18, 0.9876, -0.0334, -0.1453, 0.0495
17:22:45, 1.07, 32, 342.68, 357.07, 6.13, 0.9871, -0.0333, -0.1489, 0.0490
17:22:45, 1.07, 32, 342.23, 357.10, 6.17, 0.9865, -0.0333, -0.1528, 0.0493
17:22:45, 1.10, 33, 341.80, 357.12, 6.15, 0.9859, -0.0332, -0.1565, 0.0490
17:22:45, 1.10, 33, 341.42, 357.16, 6.12, 0.9854, -0.0330, -0.1598, 0.0487
17:22:45, 1.10, 33, 341.02, 357.27, 6.13, 0.9848, -0.0323, -0.1634, 0.0488
17:22:45, 1.13, 34, 340.71, 357.28, 6.11, 0.9844, -0.0323, -0.1660, 0.0486
17:22:45, 1.13, 34, 340.39, 357.31, 6.10, 0.9839, -0.0322, -0.1688, 0.0484
17:22:45, 1.17, 35, 340.13, 357.37, 6.12, 0.9836, -0.0318, -0.1710, 0.0486
17:22:45, 1.17, 35, 339.85, 357.39, 6.11, 0.9831, -0.0317, -0.1735, 0.0485
17:22:45, 1.20, 36, 339.69, 357.43, 6.13, 0.9829, -0.0314, -0.1748, 0.0486
17:22:45, 1.20, 36, 339.51, 357.47, 6.17, 0.9826, -0.0312, -0.1764, 0.0490
17:22:45, 1.20, 36, 339.33, 357.51, 6.20, 0.9823, -0.0311, -0.1779, 0.0493
17:22:45, 1.23, 37, 339.23, 357.54, 6.20, 0.9822, -0.0309, -0.1788, 0.0493
17:22:45, 1.23, 37, 339.10, 357.58, 6.18, 0.9820, -0.0306, -0.1800, 0.0492
17:22:45, 1.27, 38, 339.00, 357.59, 6.15, 0.9818, -0.0304, -0.1808, 0.0489
17:22:45, 1.27, 38, 338.94, 357.61, 6.11, 0.9818, -0.0302, -0.1813, 0.0485
17:22:45, 1.27, 38, 338.90, 357.64, 6.06, 0.9817, -0.0299, -0.1817, 0.0482
17:22:45, 1.30, 39, 338.91, 357.69, 6.04, 0.9817, -0.0295, -0.1817, 0.0481
17:22:45, 1.30, 39, 338.92, 357.70, 6.04, 0.9818, -0.0293, -0.1816, 0.0481
17:22:45, 1.33, 40, 338.95, 357.75, 6.04, 0.9818, -0.0289, -0.1813, 0.0482
17:22:45, 1.33, 40, 338.98, 357.79, 6.03, 0.9819, -0.0285, -0.1811, 0.0482
17:22:45, 1.37, 41, 339.04, 357.80, 6.01, 0.9820, -0.0284, -0.1806, 0.0481
17:22:45, 1.37, 41, 339.15, 357.82, 5.98, 0.9822, -0.0281, -0.1797, 0.0478
17:22:46, 1.37, 41, 339.27, 357.81, 5.98, 0.9823, -0.0282, -0.1787, 0.0479
17:22:46, 1.40, 42, 339.40, 357.78, 5.98, 0.9825, -0.0283, -0.1775, 0.0479
17:22:46, 1.40, 42, 339.57, 357.76, 5.97, 0.9828, -0.0284, -0.1761, 0.0478
17:22:46, 1.43, 43, 339.76, 357.74, 5.95, 0.9831, -0.0285, -0.1744, 0.0477
17:22:46, 1.43, 43, 340.00, 357.70, 5.94, 0.9835, -0.0287, -0.1723, 0.0475
17:22:46, 1.43, 43, 340.32, 357.64, 5.98, 0.9839, -0.0292, -0.1696, 0.0479
17:22:46, 1.47, 44, 340.65, 357.63, 6.00, 0.9844, -0.0292, -0.1667, 0.0481
17:22:46, 1.47, 44, 340.99, 357.61, 6.03, 0.9849, -0.0293, -0.1638, 0.0484
17:22:46, 1.50, 45, 341.33, 357.57, 6.03, 0.9854, -0.0294, -0.1608, 0.0484
17:22:46, 1.50, 45, 341.69, 357.54, 6.02, 0.9859, -0.0295, -0.1577, 0.0484
17:22:46, 1.53, 46, 342.03, 357.50, 5.97, 0.9863, -0.0297, -0.1548, 0.0480
17:22:46, 1.53, 46, 342.35, 357.46, 5.96, 0.9868, -0.0299, -0.1520, 0.0479
17:22:46, 1.53, 46, 342.66, 357.42, 5.88, 0.9872, -0.0299, -0.1494, 0.0473
17:22:46, 1.57, 47, 342.97, 357.36, 5.83, 0.9876, -0.0303, -0.1467, 0.0469
17:22:46, 1.57, 47, 343.24, 357.32, 5.78, 0.9880, -0.0305, -0.1444, 0.0465
17:22:46, 1.60, 48, 343.46, 357.27, 5.74, 0.9882, -0.0307, -0.1425, 0.0461
17:22:46, 1.60, 48, 343.62, 357.25, 5.67, 0.9885, -0.0307, -0.1411, 0.0456
17:22:46, 1.60, 48, 343.80, 357.22, 5.59, 0.9887, -0.0309, -0.1395, 0.0449
17:22:46, 1.63, 49, 343.94, 357.19, 5.53, 0.9889, -0.0310, -0.1383, 0.0443
17:22:46, 1.63, 49, 344.02, 357.18, 5.48, 0.9890, -0.0310, -0.1376, 0.0439
17:22:46, 1.67, 50, 344.07, 357.15, 5.40, 0.9891, -0.0311, -0.1372, 0.0432
17:22:46, 1.67, 50, 344.05, 357.12, 5.34, 0.9891, -0.0314, -0.1374, 0.0427
17:22:46, 1.70, 51, 343.97, 357.11, 5.29, 0.9890, -0.0314, -0.1381, 0.0422
17:22:46, 1.70, 51, 343.82, 357.10, 5.25, 0.9889, -0.0314, -0.1394, 0.0418
17:22:46, 1.70, 51, 343.60, 357.11, 5.20, 0.9886, -0.0314, -0.1413, 0.0413
17:22:46, 1.73, 52, 343.34, 357.10, 5.18, 0.9883, -0.0316, -0.1436, 0.0410
17:22:46, 1.73, 52, 342.96, 357.07, 5.13, 0.9878, -0.0319, -0.1469, 0.0404
17:22:46, 1.77, 53, 342.50, 357.01, 5.08, 0.9872, -0.0325, -0.1508, 0.0398
17:22:46, 1.77, 53, 341.88, 356.91, 5.01, 0.9864, -0.0335, -0.1561, 0.0389
17:22:46, 1.77, 53, 341.06, 356.82, 4.95, 0.9853, -0.0344, -0.1631, 0.0380
17:22:46, 1.80, 54, 340.16, 356.75, 4.96, 0.9839, -0.0353, -0.1709, 0.0377
17:22:46, 1.80, 54, 339.02, 356.56, 4.88, 0.9822, -0.0372, -0.1806, 0.0364
17:22:46, 1.83, 55, 337.69, 356.36, 4.81, 0.9800, -0.0393, -0.1919, 0.0350
17:22:46, 1.83, 55, 336.12, 356.22, 4.76, 0.9773, -0.0408, -0.2052, 0.0338
17:22:46, 1.87, 56, 334.32, 356.02, 4.60, 0.9739, -0.0427, -0.2206, 0.0314
17:22:46, 1.87, 56, 332.35, 355.82, 4.52, 0.9700, -0.0448, -0.2372, 0.0296
17:22:46, 1.87, 56, 330.13, 355.65, 4.41, 0.9652, -0.0465, -0.2559, 0.0274
17:22:46, 1.90, 57, 327.67, 355.45, 4.28, 0.9594, -0.0485, -0.2766, 0.0248
17:22:46, 1.90, 57, 325.28, 355.32, 4.18, 0.9535, -0.0498, -0.2965, 0.0226
17:22:46, 1.93, 58, 322.78, 355.25, 4.10, 0.9468, -0.0506, -0.3173, 0.0207
17:22:46, 1.93, 58, 320.21, 355.04, 3.89, 0.9394, -0.0522, -0.3384, 0.0172
17:22:46, 1.93, 58, 317.66, 354.98, 3.82, 0.9316, -0.0528, -0.3592, 0.0152
17:22:46, 1.97, 59, 315.18, 354.91, 3.69, 0.9236, -0.0533, -0.3793, 0.0128
17:22:46, 1.97, 59, 312.64, 354.84, 3.62, 0.9150, -0.0539, -0.3997, 0.0108
17:22:46, 2.00, 60, 310.23, 354.85, 3.64, 0.9064, -0.0541, -0.4188, 0.0099
17:22:46, 2.00, 60, 307.84, 354.96, 3.58, 0.8975, -0.0532, -0.4377, 0.0087
17:22:46, 2.03, 61, 305.55, 355.07, 3.52, 0.8886, -0.0523, -0.4557, 0.0076
17:22:46, 2.03, 61, 303.29, 355.22, 3.34, 0.8795, -0.0505, -0.4733, 0.0058
17:22:46, 2.03, 61, 301.08, 355.43, 3.22, 0.8702, -0.0486, -0.4903, 0.0049
17:22:46, 2.07, 62, 299.02, 355.69, 3.14, 0.8613, -0.0462, -0.5059, 0.0045
17:22:46, 2.07, 62, 297.06, 355.92, 2.96, 0.8526, -0.0439, -0.5208, 0.0034
17:22:46, 2.10, 63, 295.24, 356.14, 2.81, 0.8442, -0.0415, -0.5344, 0.0027
17:22:46, 2.10, 63, 293.47, 356.37, 2.67, 0.8359, -0.0393, -0.5474, 0.0021
17:22:46, 2.10, 63, 291.77, 356.61, 2.54, 0.8277, -0.0369, -0.5599, 0.0018
17:22:46, 2.13, 64, 290.07, 356.80, 2.47, 0.8193, -0.0353, -0.5722, 0.0016
17:22:46, 2.13, 64, 288.37, 356.96, 2.31, 0.8108, -0.0333, -0.5844, 0.0008
17:22:46, 2.17, 65, 286.76, 357.11, 2.22, 0.8025, -0.0318, -0.5958, 0.0005
17:22:46, 2.17, 65, 285.13, 357.28, 2.13, 0.7939, -0.0301, -0.6073, 0.0003
17:22:46, 2.20, 66, 283.55, 357.48, 2.00, 0.7855, -0.0281, -0.6182, 0.0001
17:22:46, 2.20, 66, 281.94, 357.62, 1.83, 0.7767, -0.0262, -0.6293, -0.0007
17:22:46, 2.20, 66, 280.40, 357.77, 1.64, 0.7682, -0.0241, -0.6397, -0.0014
17:22:46, 2.23, 67, 278.93, 357.84, 1.63, 0.7600, -0.0236, -0.6495, -0.0014
17:22:46, 2.23, 67, 277.60, 357.99, 1.52, 0.7524, -0.0219, -0.6584, -0.0016
17:22:46, 2.27, 68, 276.37, 358.02, 1.37, 0.7452, -0.0209, -0.6665, -0.0026
17:22:46, 2.27, 68, 275.22, 358.03, 1.33, 0.7386, -0.0206, -0.6739, -0.0030
17:22:46, 2.27, 68, 274.14, 358.02, 1.32, 0.7321, -0.0205, -0.6808, -0.0033
17:22:46, 2.30, 69, 273.12, 357.98, 1.30, 0.7261, -0.0206, -0.6873, -0.0039
17:22:46, 2.30, 69, 272.20, 357.87, 1.23, 0.7205, -0.0208, -0.6931, -0.0052
17:22:46, 2.33, 70, 271.26, 357.87, 1.24, 0.7148, -0.0209, -0.6990, -0.0053
17:22:46, 2.33, 70, 270.40, 357.77, 1.23, 0.7096, -0.0214, -0.7043, -0.0061
17:22:46, 2.37, 71, 269.58, 357.71, 1.26, 0.7045, -0.0219, -0.7094, -0.0064
17:22:46, 2.37, 71, 268.72, 357.71, 1.23, 0.6991, -0.0216, -0.7146, -0.0068
17:22:47, 2.37, 71, 267.88, 357.63, 1.25, 0.6938, -0.0222, -0.7197, -0.0074
17:22:47, 2.40, 72, 267.04, 357.46, 1.24, 0.6886, -0.0231, -0.7247, -0.0087
17:22:47, 2.40, 72, 266.17, 357.37, 1.28, 0.6831, -0.0238, -0.7299, -0.0091
17:22:47, 2.43, 73, 265.33, 357.31, 1.35, 0.6777, -0.0246, -0.7349, -0.0093
17:22:47, 2.43, 73, 264.51, 357.13, 1.39, 0.6724, -0.0258, -0.7397, -0.0104
17:22:47, 2.43, 73, 263.66, 356.99, 1.43, 0.6669, -0.0268, -0.7446, -0.0112
17:22:47, 2.47, 74, 262.86, 356.85, 1.50, 0.6617, -0.0280, -0.7492, -0.0119
17:22:47, 2.47, 74, 262.05, 356.73, 1.65, 0.6564, -0.0296, -0.7538, -0.0120
17:22:47, 2.50, 75, 261.23, 356.62, 1.73, 0.6509, -0.0307, -0.7584, -0.0125
17:22:47, 2.50, 75, 260.42, 356.47, 1.80, 0.6456, -0.0319, -0.7629, -0.0134
17:22:47, 2.53, 76, 259.64, 356.35, 1.89, 0.6404, -0.0330, -0.7672, -0.0139
17:22:47, 2.53, 76, 258.88, 356.16, 2.01, 0.6353, -0.0349, -0.7714, -0.0148
17:22:47, 2.53, 76, 258.09, 356.05, 2.08, 0.6300, -0.0358, -0.7757, -0.0153
17:22:47, 2.57, 77, 257.34, 355.89, 2.17, 0.6249, -0.0372, -0.7797, -0.0162
17:22:47, 2.57, 77, 256.54, 355.78, 2.22, 0.6194, -0.0379, -0.7840, -0.0169
17:22:47, 2.60, 78, 255.67, 355.66, 2.31, 0.6135, -0.0391, -0.7886, -0.0176
17:22:47, 2.60, 78, 254.83, 355.63, 2.32, 0.6076, -0.0392, -0.7931, -0.0180
17:22:47, 2.60, 78, 254.05, 355.62, 2.33, 0.6022, -0.0392, -0.7972, -0.0183
17:22:47, 2.63, 79, 253.31, 355.65, 2.40, 0.5970, -0.0394, -0.8010, -0.0179
17:22:47, 2.63, 79, 252.58, 355.71, 2.46, 0.5920, -0.0394, -0.8048, -0.0175
17:22:47, 2.67, 80, 251.86, 355.69, 2.50, 0.5869, -0.0397, -0.8085, -0.0177
17:22:47, 2.67, 80, 251.10, 355.73, 2.50, 0.5815, -0.0394, -0.8124, -0.0177
17:22:47, 2.67, 80, 250.41, 355.78, 2.46, 0.5766, -0.0387, -0.8159, -0.0177
17:22:47, 2.70, 81, 249.75, 355.78, 2.55, 0.5719, -0.0393, -0.8192, -0.0174
17:22:47, 2.70, 81, 249.08, 355.80, 2.62, 0.5672, -0.0396, -0.8225, -0.0172
17:22:47, 2.73, 82, 248.37, 355.75, 2.67, 0.5620, -0.0401, -0.8259, -0.0176
17:22:47, 2.73, 82, 247.68, 355.73, 2.76, 0.5571, -0.0407, -0.8293, -0.0175
17:22:47, 2.77, 83, 246.91, 355.78, 2.74, 0.5515, -0.0402, -0.8330, -0.0176
17:22:47, 2.77, 83, 246.26, 355.74, 2.80, 0.5468, -0.0407, -0.8361, -0.0178
17:22:47, 2.77, 83, 245.61, 355.70, 2.77, 0.5420, -0.0406, -0.8392, -0.0185
17:22:47, 2.80, 84, 245.05, 355.65, 2.77, 0.5379, -0.0408, -0.8418, -0.0190
17:22:47, 2.80, 84, 244.46, 355.55, 2.77, 0.5335, -0.0411, -0.8445, -0.0200
17:22:47, 2.83, 85, 243.83, 355.48, 2.78, 0.5289, -0.0414, -0.8474, -0.0206
17:22:47, 2.83, 85, 243.24, 355.50, 2.82, 0.5245, -0.0415, -0.8501, -0.0205
17:22:47, 2.83, 85, 242.71, 355.48, 2.84, 0.5206, -0.0417, -0.8525, -0.0207
17:22:47, 2.87, 86, 242.19, 355.52, 2.81, 0.5167, -0.0412, -0.8549, -0.0208
17:22:47, 2.87, 86, 241.75, 355.50, 2.80, 0.5134, -0.0411, -0.8569, -0.0212
17:22:47, 2.90, 87, 241.30, 355.47, 2.77, 0.5101, -0.0409, -0.8589, -0.0217
17:22:47, 2.90, 87, 240.86, 355.48, 2.74, 0.5067, -0.0406, -0.8609, -0.0219
17:22:47, 2.93, 88, 240.42, 355.44, 2.80, 0.5034, -0.0412, -0.8628, -0.0221
17:22:47, 2.93, 88, 239.95, 355.47, 2.78, 0.4999, -0.0407, -0.8648, -0.0222
17:22:47, 2.93, 88, 239.44, 355.50, 2.82, 0.4960, -0.0409, -0.8671, -0.0219
17:22:47, 2.97, 89, 238.90, 355.48, 2.73, 0.4920, -0.0401, -0.8694, -0.0226
17:22:47, 2.97, 89, 238.39, 355.49, 2.74, 0.4881, -0.0401, -0.8716, -0.0227
17:22:47, 3.00, 90, 237.81, 355.48, 2.77, 0.4836, -0.0402, -0.8740, -0.0229
17:22:47, 3.00, 90, 237.21, 355.45, 2.77, 0.4791, -0.0402, -0.8765, -0.0233
17:22:47, 3.03, 91, 236.59, 355.49, 2.74, 0.4744, -0.0397, -0.8791, -0.0233
17:22:47, 3.03, 91, 235.95, 355.46, 2.69, 0.4694, -0.0393, -0.8818, -0.0240
17:22:47, 3.03, 91, 235.24, 355.45, 2.67, 0.4639, -0.0390, -0.8847, -0.0244
17:22:47, 3.07, 92, 234.51, 355.42, 2.74, 0.4583, -0.0395, -0.8876, -0.0246
17:22:47, 3.07, 92, 233.76, 355.46, 2.81, 0.4525, -0.0398, -0.8905, -0.0243
17:22:47, 3.10, 93, 232.97, 355.46, 2.87, 0.4463, -0.0401, -0.8936, -0.0242
17:22:47, 3.10, 93, 232.08, 355.47, 2.90, 0.4394, -0.0400, -0.8971, -0.0244
17:22:47, 3.10, 93, 231.21, 355.44, 2.98, 0.4326, -0.0406, -0.9003, -0.0246
17:22:47, 3.13, 94, 230.25, 355.53, 3.06, 0.4251, -0.0407, -0.9039, -0.0240
17:22:47, 3.13, 94, 229.27, 355.55, 3.12, 0.4173, -0.0409, -0.9075, -0.0239
17:22:47, 3.17, 95, 228.34, 355.67, 3.20, 0.4099, -0.0409, -0.9109, -0.0230
17:22:47, 3.17, 95, 227.44, 355.80, 3.35, 0.4028, -0.0415, -0.9141, -0.0218
17:22:47, 3.20, 96, 226.63, 355.89, 3.46, 0.3963, -0.0419, -0.9169, -0.0210
17:22:47, 3.20, 96, 225.92, 356.02, 3.57, 0.3906, -0.0423, -0.9194, -0.0198
17:22:47, 3.20, 96, 225.20, 356.13, 3.71, 0.3849, -0.0429, -0.9218, -0.0188
17:22:47, 3.23, 97, 224.54, 356.14, 3.80, 0.3796, -0.0434, -0.9240, -0.0186
17:22:47, 3.23, 97, 223.89, 356.29, 3.96, 0.3744, -0.0441, -0.9261, -0.0171
17:22:47, 3.27, 98, 223.22, 356.42, 4.14, 0.3689, -0.0450, -0.9282, -0.0158
17:22:47, 3.27, 98, 222.64, 356.48, 4.21, 0.3642, -0.0454, -0.9301, -0.0153
17:22:47, 3.27, 98, 221.99, 356.56, 4.32, 0.3589, -0.0459, -0.9321, -0.0145
17:22:47, 3.30, 99, 221.34, 356.61, 4.35, 0.3536, -0.0459, -0.9342, -0.0143
17:22:47, 3.30, 99, 220.79, 356.71, 4.44, 0.3491, -0.0462, -0.9359, -0.0134
17:22:47, 3.33, 100, 220.22, 356.82, 4.49, 0.3445, -0.0463, -0.9376, -0.0126
17:22:47, 3.33, 100, 219.74, 356.89, 4.58, 0.3405, -0.0468, -0.9390, -0.0119
17:22:47, 3.37, 101, 219.19, 356.98, 4.71, 0.3360, -0.0475, -0.9406, -0.0111
17:22:47, 3.37, 101, 218.70, 357.02, 4.83, 0.3319, -0.0484, -0.9420, -0.0106
17:22:48, 3.37, 101, 218.17, 357.08, 4.94, 0.3276, -0.0490, -0.9435, -0.0100
17:22:48, 3.40, 102, 217.60, 357.04, 5.02, 0.3229, -0.0498, -0.9451, -0.0103
17:22:48, 3.40, 102, 217.02, 357.04, 5.02, 0.3182, -0.0497, -0.9467, -0.0105
17:22:48, 3.43, 103, 216.44, 357.03, 5.07, 0.3134, -0.0501, -0.9482, -0.0107
17:22:48, 3.43, 103, 215.90, 357.01, 5.14, 0.3089, -0.0507, -0.9497, -0.0110
17:22:48, 3.43, 103, 215.31, 357.02, 5.24, 0.3040, -0.0514, -0.9512, -0.0109
17:22:48, 3.47, 104, 214.80, 357.00, 5.30, 0.2998, -0.0519, -0.9525, -0.0111
17:22:48, 3.47, 104, 214.25, 356.96, 5.37, 0.2953, -0.0526, -0.9539, -0.0116
17:22:48, 3.50, 105, 213.74, 356.94, 5.51, 0.2910, -0.0538, -0.9551, -0.0116
17:22:48, 3.50, 105, 213.29, 356.91, 5.59, 0.2873, -0.0544, -0.9562, -0.0118
17:22:48, 3.53, 106, 212.79, 356.85, 5.68, 0.2831, -0.0552, -0.9574, -0.0123
17:22:48, 3.53, 106, 212.42, 356.81, 5.71, 0.2800, -0.0555, -0.9583, -0.0128
17:22:48, 3.53, 106, 212.02, 356.72, 5.77, 0.2767, -0.0562, -0.9592, -0.0136
17:22:48, 3.57, 107, 211.62, 356.60, 5.83, 0.2735, -0.0570, -0.9601, -0.0147
17:22:48, 3.57, 107, 211.32, 356.56, 5.84, 0.2710, -0.0571, -0.9608, -0.0151
17:22:48, 3.60, 108, 210.99, 356.53, 5.85, 0.2682, -0.0573, -0.9615, -0.0155
17:22:48, 3.60, 108, 210.64, 356.45, 5.89, 0.2653, -0.0577, -0.9623, -0.0163
17:22:48, 3.60, 108, 210.32, 356.46, 5.93, 0.2626, -0.0580, -0.9630, -0.0163
17:22:48, 3.63, 109, 210.03, 356.44, 5.99, 0.2601, -0.0585, -0.9637, -0.0164
17:22:48, 3.63, 109, 209.68, 356.42, 6.01, 0.2573, -0.0587, -0.9644, -0.0168
17:22:48, 3.67, 110, 209.40, 356.40, 6.02, 0.2549, -0.0588, -0.9650, -0.0170
17:22:48, 3.67, 110, 209.08, 356.40, 6.03, 0.2522, -0.0587, -0.9657, -0.0172
17:22:48, 3.70, 111, 208.80, 356.43, 6.05, 0.2498, -0.0588, -0.9664, -0.0170
17:22:48, 3.70, 111, 208.50, 356.48, 6.05, 0.2472, -0.0587, -0.9670, -0.0167
17:22:48, 3.70, 111, 208.17, 356.54, 6.04, 0.2444, -0.0584, -0.9678, -0.0164
17:22:48, 3.73, 112, 207.87, 356.58, 6.06, 0.2419, -0.0585, -0.9684, -0.0162
17:22:48, 3.73, 112, 207.55, 356.63, 6.12, 0.2392, -0.0588, -0.9691, -0.0158
17:22:48, 3.77, 113, 207.25, 356.66, 6.12, 0.2367, -0.0587, -0.9697, -0.0157
17:22:48, 3.77, 113, 206.92, 356.68, 6.14, 0.2338, -0.0588, -0.9704, -0.0157
17:22:48, 3.77, 113, 206.60, 356.72, 6.18, 0.2311, -0.0590, -0.9710, -0.0154
17:22:48, 3.80, 114, 206.36, 356.71, 6.24, 0.2291, -0.0595, -0.9715, -0.0155
17:22:48, 3.80, 114, 206.06, 356.72, 6.31, 0.2265, -0.0600, -0.9720, -0.0154
17:22:48, 3.83, 115, 205.80, 356.74, 6.38, 0.2244, -0.0605, -0.9725, -0.0153
17:22:48, 3.83, 115, 205.58, 356.75, 6.41, 0.2225, -0.0607, -0.9729, -0.0153
17:22:48, 3.87, 116, 205.33, 356.78, 6.48, 0.2204, -0.0613, -0.9734, -0.0150
17:22:48, 3.87, 116, 205.13, 356.80, 6.54, 0.2187, -0.0617, -0.9737, -0.0148
17:22:48, 3.87, 116, 204.96, 356.81, 6.61, 0.2173, -0.0622, -0.9740, -0.0146
17:22:48, 3.90, 117, 204.80, 356.84, 6.67, 0.2158, -0.0627, -0.9743, -0.0144
17:22:48, 3.90, 117, 204.64, 356.86, 6.73, 0.2145, -0.0631, -0.9746, -0.0142
17:22:48, 3.93, 118, 204.52, 356.88, 6.79, 0.2134, -0.0636, -0.9748, -0.0140
17:22:48, 3.93, 118, 204.37, 356.89, 6.85, 0.2122, -0.0641, -0.9750, -0.0139
17:22:48, 3.93, 118, 204.24, 356.88, 6.91, 0.2111, -0.0646, -0.9752, -0.0139
17:22:48, 3.97, 119, 204.12, 356.89, 6.92, 0.2101, -0.0646, -0.9754, -0.0139
17:22:48, 3.97, 119, 204.00, 356.90, 6.97, 0.2090, -0.0651, -0.9756, -0.0138
17:22:48, 4.00, 120, 203.90, 356.89, 7.00, 0.2082, -0.0654, -0.9758, -0.0139
17:22:48, 4.00, 120, 203.80, 356.88, 7.00, 0.2074, -0.0653, -0.9760, -0.0140
17:22:48, 4.03, 121, 203.72, 356.90, 7.02, 0.2067, -0.0655, -0.9761, -0.0138
17:22:48, 4.03, 121, 203.70, 356.92, 7.04, 0.2065, -0.0656, -0.9762, -0.0137
17:22:48, 4.03, 121, 203.67, 356.95, 7.04, 0.2063, -0.0655, -0.9762, -0.0134
17:22:48, 4.07, 122, 203.67, 356.95, 7.06, 0.2063, -0.0657, -0.9762, -0.0134
17:22:48, 4.07, 122, 203.66, 356.95, 7.05, 0.2062, -0.0656, -0.9762, -0.0134
17:22:48, 4.10, 123, 203.68, 356.96, 7.00, 0.2063, -0.0652, -0.9762, -0.0134
17:22:48, 4.10, 123, 203.68, 356.98, 6.99, 0.2063, -0.0651, -0.9762, -0.0132
17:22:48, 4.10, 123, 203.67, 357.01, 7.00, 0.2062, -0.0651, -0.9763, -0.0129
17:22:48, 4.13, 124, 203.68, 357.10, 7.01, 0.2063, -0.0650, -0.9763, -0.0122
17:22:48, 4.13, 124, 203.68, 357.17, 7.03, 0.2062, -0.0650, -0.9763, -0.0115
17:22:48, 4.17, 125, 203.69, 357.24, 7.05, 0.2063, -0.0651, -0.9763, -0.0109
17:22:48, 4.17, 125, 203.73, 357.30, 7.06, 0.2066, -0.0651, -0.9762, -0.0103
17:22:48, 4.20, 126, 203.78, 357.37, 7.09, 0.2070, -0.0652, -0.9761, -0.0096
17:22:48, 4.20, 126, 203.83, 357.40, 7.12, 0.2074, -0.0654, -0.9760, -0.0094
17:22:48, 4.20, 126, 203.87, 357.42, 7.10, 0.2077, -0.0652, -0.9760, -0.0092
17:22:48, 4.23, 127, 203.90, 357.46, 7.11, 0.2079, -0.0653, -0.9759, -0.0088
17:22:48, 4.23, 127, 204.00, 357.52, 7.09, 0.2088, -0.0649, -0.9758, -0.0083
17:22:48, 4.27, 128, 204.09, 357.54, 7.11, 0.2096, -0.0651, -0.9756, -0.0080
17:22:48, 4.27, 128, 204.21, 357.57, 7.11, 0.2106, -0.0650, -0.9754, -0.0077
17:22:48, 4.27, 128, 204.37, 357.56, 7.09, 0.2119, -0.0649, -0.9751, -0.0077
17:22:48, 4.30, 129, 204.54, 357.58, 7.08, 0.2133, -0.0648, -0.9748, -0.0075
17:22:48, 4.30, 129, 204.72, 357.58, 7.12, 0.2148, -0.0651, -0.9745, -0.0073
17:22:48, 4.33, 130, 204.91, 357.58, 7.17, 0.2165, -0.0656, -0.9741, -0.0071
17:22:48, 4.33, 130, 205.07, 357.55, 7.18, 0.2179, -0.0658, -0.9737, -0.0072
17:22:48, 4.37, 131, 205.24, 357.48, 7.19, 0.2193, -0.0659, -0.9734, -0.0077
17:22:48, 4.37, 131, 205.42, 357.43, 7.19, 0.2209, -0.0661, -0.9730, -0.0080
17:22:49, 4.37, 131, 205.64, 357.35, 7.22, 0.2228, -0.0665, -0.9726, -0.0086
17:22:49, 4.40, 132, 205.91, 357.26, 7.24, 0.2252, -0.0669, -0.9720, -0.0091
17:22:49, 4.40, 132, 206.16, 357.18, 7.26, 0.2273, -0.0672, -0.9715, -0.0096
17:22:49, 4.43, 133, 206.42, 357.11, 7.22, 0.2295, -0.0670, -0.9709, -0.0101
17:22:49, 4.43, 133, 206.65, 357.03, 7.21, 0.2315, -0.0672, -0.9705, -0.0107
17:22:49, 4.43, 133, 206.90, 356.94, 7.17, 0.2337, -0.0669, -0.9699, -0.0114
17:22:49, 4.47, 134, 207.12, 356.87, 7.13, 0.2356, -0.0668, -0.9695, -0.0119
17:22:49, 4.47, 134, 207.38, 356.78, 7.09, 0.2378, -0.0667, -0.9689, -0.0126
17:22:49, 4.50, 135, 207.66, 356.73, 7.03, 0.2402, -0.0664, -0.9684, -0.0130
17:22:49, 4.50, 135, 207.95, 356.64, 6.98, 0.2427, -0.0661, -0.9678, -0.0137
17:22:49, 4.53, 136, 208.28, 356.57, 6.96, 0.2455, -0.0661, -0.9670, -0.0142
17:22:49, 4.53, 136, 208.64, 356.53, 6.91, 0.2486, -0.0658, -0.9663, -0.0144
17:22:49, 4.53, 136, 209.05, 356.53, 6.86, 0.2520, -0.0655, -0.9654, -0.0143
17:22:49, 4.57, 137, 209.53, 356.53, 6.82, 0.2560, -0.0652, -0.9644, -0.0141
17:22:49, 4.57, 137, 209.99, 356.51, 6.76, 0.2599, -0.0648, -0.9634, -0.0141
17:22:49, 4.60, 138, 210.52, 356.56, 6.69, 0.2643, -0.0642, -0.9622, -0.0135
17:22:49, 4.60, 138, 211.10, 356.54, 6.65, 0.2692, -0.0640, -0.9609, -0.0135
17:22:49, 4.60, 138, 211.69, 356.58, 6.56, 0.2741, -0.0631, -0.9595, -0.0131
17:22:49, 4.63, 139, 212.30, 356.58, 6.42, 0.2792, -0.0621, -0.9581, -0.0130
17:22:49, 4.63, 139, 212.96, 356.53, 6.38, 0.2847, -0.0619, -0.9565, -0.0132
17:22:49, 4.67, 140, 213.62, 356.46, 6.26, 0.2903, -0.0612, -0.9549, -0.0137
17:22:49, 4.67, 140, 214.30, 356.35, 6.12, 0.2959, -0.0604, -0.9532, -0.0147
17:22:49, 4.70, 141, 215.00, 356.32, 6.06, 0.3017, -0.0600, -0.9514, -0.0147
17:22:49, 4.70, 141, 215.58, 356.21, 5.95, 0.3066, -0.0595, -0.9499, -0.0156
17:22:49, 4.70, 141, 216.20, 356.09, 5.82, 0.3117, -0.0588, -0.9482, -0.0166
17:22:49, 4.73, 142, 216.73, 355.92, 5.67, 0.3161, -0.0581, -0.9468, -0.0182
17:22:49, 4.73, 142, 217.25, 355.84, 5.62, 0.3205, -0.0580, -0.9453, -0.0187
17:22:49, 4.77, 143, 217.71, 355.79, 5.57, 0.3243, -0.0578, -0.9440, -0.0190
17:22:49, 4.77, 143, 218.20, 355.75, 5.47, 0.3283, -0.0572, -0.9426, -0.0194
17:22:49, 4.77, 143, 218.66, 355.75, 5.46, 0.3321, -0.0572, -0.9413, -0.0192
17:22:49, 4.80, 144, 219.16, 355.79, 5.45, 0.3362, -0.0571, -0.9399, -0.0187
17:22:49, 4.80, 144, 219.67, 355.77, 5.44, 0.3403, -0.0571, -0.9384, -0.0186
17:22:49, 4.83, 145, 220.21, 355.82, 5.47, 0.3448, -0.0573, -0.9368, -0.0178
17:22:49, 4.83, 145, 220.85, 355.90, 5.54, 0.3500, -0.0577, -0.9348, -0.0166
17:22:49, 4.87, 146, 221.58, 355.94, 5.57, 0.3559, -0.0580, -0.9326, -0.0158
17:22:49, 4.87, 146, 222.35, 356.09, 5.64, 0.3621, -0.0582, -0.9302, -0.0140
17:22:49, 4.87, 146, 223.15, 356.12, 5.64, 0.3686, -0.0582, -0.9277, -0.0134
17:22:49, 4.90, 147, 224.05, 356.24, 5.67, 0.3758, -0.0582, -0.9248, -0.0118
17:22:49, 4.90, 147, 225.00, 356.33, 5.62, 0.3835, -0.0575, -0.9217, -0.0108
17:22:49, 4.93, 148, 226.09, 356.42, 5.53, 0.3922, -0.0566, -0.9181, -0.0098
17:22:49, 4.93, 148, 227.34, 356.47, 5.28, 0.4022, -0.0545, -0.9139, -0.0097
17:22:49, 4.93, 148, 228.82, 356.60, 5.08, 0.4139, -0.0526, -0.9088, -0.0087
17:22:49, 4.97, 149, 230.48, 356.73, 5.01, 0.4269, -0.0516, -0.9028, -0.0072
17:22:49, 4.97, 149, 232.26, 356.79, 4.89, 0.4409, -0.0506, -0.8961, -0.0064
17:22:49, 5.00, 150, 234.13, 356.82, 4.79, 0.4555, -0.0498, -0.8888, -0.0057
17:22:49, 5.00, 150, 236.08, 356.80, 4.69, 0.4705, -0.0493, -0.8810, -0.0054
17:22:49, 5.03, 151, 238.02, 356.80, 4.65, 0.4854, -0.0490, -0.8729, -0.0047
17:22:49, 5.03, 151, 239.90, 356.76, 4.58, 0.4996, -0.0487, -0.8649, -0.0045
17:22:49, 5.03, 151, 241.81, 356.72, 4.55, 0.5140, -0.0487, -0.8564, -0.0042
17:22:49, 5.07, 152, 243.63, 356.66, 4.35, 0.5275, -0.0476, -0.8482, -0.0048
17:22:49, 5.07, 152, 245.44, 356.59, 4.20, 0.5408, -0.0469, -0.8398, -0.0052
17:22:49, 5.10, 153, 247.17, 356.50, 4.13, 0.5535, -0.0469, -0.8315, -0.0055
17:22:49, 5.10, 153, 249.00, 356.48, 4.07, 0.5667, -0.0467, -0.8226, -0.0052
17:22:49, 5.10, 153, 250.85, 356.43, 4.01, 0.5799, -0.0465, -0.8134, -0.0051
17:22:49, 5.13, 154, 252.75, 356.44, 3.99, 0.5933, -0.0464, -0.8036, -0.0043
17:22:49, 5.13, 154, 254.77, 356.36, 3.79, 0.6073, -0.0455, -0.7931, -0.0052
17:22:49, 5.17, 155, 256.63, 356.27, 3.57, 0.6202, -0.0446, -0.7832, -0.0062
17:22:49, 5.17, 155, 258.57, 356.16, 3.32, 0.6333, -0.0436, -0.7726, -0.0076
17:22:49, 5.20, 156, 260.48, 356.06, 3.06, 0.6461, -0.0426, -0.7620, -0.0090
17:22:49, 5.20, 156, 262.43, 356.00, 2.96, 0.6589, -0.0424, -0.7510, -0.0092
17:22:49, 5.20, 156, 264.43, 356.02, 2.85, 0.6720, -0.0417, -0.7394, -0.0090
17:22:49, 5.23, 157, 266.49, 356.04, 2.66, 0.6851, -0.0405, -0.7273, -0.0093
17:22:49, 5.23, 157, 268.53, 356.08, 2.51, 0.6979, -0.0395, -0.7150, -0.0092
17:22:49, 5.27, 158, 270.60, 356.05, 2.24, 0.7107, -0.0382, -0.7024, -0.0104
17:22:49, 5.27, 158, 272.68, 356.08, 2.02, 0.7233, -0.0369, -0.6894, -0.0108
17:22:49, 5.27, 158, 274.77, 356.15, 1.83, 0.7358, -0.0355, -0.6762, -0.0110
17:22:49, 5.30, 159, 276.95, 356.26, 1.58, 0.7485, -0.0336, -0.6622, -0.0113
17:22:49, 5.30, 159, 279.20, 356.42, 1.43, 0.7614, -0.0319, -0.6474, -0.0107
17:22:49, 5.33, 160, 281.42, 356.70, 1.31, 0.7738, -0.0295, -0.6327, -0.0094
17:22:49, 5.33, 160, 283.69, 356.84, 1.09, 0.7862, -0.0276, -0.6173, -0.0095
17:22:49, 5.37, 161, 285.91, 357.02, 0.91, 0.7980, -0.0256, -0.6021, -0.0093
17:22:50, 5.37, 161, 288.10, 357.19, 0.74, 0.8094, -0.0237, -0.5867, -0.0092
17:22:50, 5.37, 161, 290.21, 357.31, 0.53, 0.8200, -0.0219, -0.5718, -0.0096
17:22:50, 5.40, 162, 292.32, 357.53, 0.41, 0.8304, -0.0199, -0.5567, -0.0090
17:22:50, 5.40, 162, 294.35, 357.80, 0.39, 0.8402, -0.0180, -0.5419, -0.0075
17:22:50, 5.43, 163, 296.32, 358.05, 0.38, 0.8494, -0.0162, -0.5274, -0.0062
17:22:50, 5.43, 163, 298.32, 358.32, 0.32, 0.8585, -0.0140, -0.5126, -0.0051
17:22:50, 5.43, 163, 300.30, 358.55, 0.27, 0.8673, -0.0122, -0.4976, -0.0043
17:22:50, 5.47, 164, 302.23, 358.77, 0.19, 0.8755, -0.0102, -0.4830, -0.0038
17:22:50, 5.47, 164, 304.22, 359.03, 0.29, 0.8838, -0.0087, -0.4678, -0.0017
17:22:50, 5.50, 165, 306.24, 359.23, 0.31, 0.8919, -0.0072, -0.4521, -0.0006
17:22:50, 5.50, 165, 308.32, 359.41, 0.39, 0.9000, -0.0061, -0.4358, 0.0008
17:22:50, 5.53, 166, 310.38, 359.58, 0.49, 0.9077, -0.0051, -0.4196, 0.0024
17:22:50, 5.53, 166, 312.38, 359.71, 0.64, 0.9149, -0.0045, -0.4037, 0.0041
17:22:50, 5.53, 166, 314.25, 359.85, 0.71, 0.9213, -0.0036, -0.3887, 0.0052
17:22:50, 5.57, 167, 316.16, 0.02, 0.81, 0.9277, -0.0025, -0.3733, 0.0067
17:22:50, 5.57, 167, 317.93, 0.09, 1.01, 0.9333, -0.0025, -0.3589, 0.0085
17:22:50, 5.60, 168, 319.66, 0.12, 1.16, 0.9386, -0.0025, -0.3448, 0.0099
17:22:50, 5.60, 168, 321.41, 0.24, 1.33, 0.9438, -0.0019, -0.3304, 0.0116
17:22:50, 5.60, 168, 323.02, 0.29, 1.47, 0.9483, -0.0016, -0.3172, 0.0130
17:22:50, 5.63, 169, 324.58, 0.39, 1.61, 0.9525, -0.0010, -0.3042, 0.0144
17:22:50, 5.63, 169, 326.06, 0.47, 1.75, 0.9563, -0.0006, -0.2919, 0.0158
17:22:50, 5.67, 170, 327.46, 0.44, 1.94, 0.9598, -0.0010, -0.2802, 0.0173
17:22:50, 5.67, 170, 328.81, 0.42, 2.07, 0.9630, -0.0013, -0.2688, 0.0184
17:22:50, 5.70, 171, 330.17, 0.36, 2.26, 0.9661, -0.0020, -0.2574, 0.0199
17:22:50, 5.70, 171, 331.46, 0.31, 2.39, 0.9689, -0.0025, -0.2465, 0.0209
17:22:50, 5.70, 171, 332.77, 0.23, 2.48, 0.9717, -0.0031, -0.2354, 0.0215
17:22:50, 5.73, 172, 333.99, 0.15, 2.55, 0.9741, -0.0038, -0.2250, 0.0220
17:22:50, 5.73, 172, 335.17, 0.05, 2.58, 0.9764, -0.0044, -0.2150, 0.0221
17:22:50, 5.77, 173, 336.36, 359.98, 2.67, 0.9785, -0.0049, -0.2048, 0.0228
17:22:50, 5.77, 173, 337.46, 359.87, 2.71, 0.9804, -0.0057, -0.1954, 0.0230
17:22:50, 5.77, 173, 338.58, 359.77, 2.79, 0.9823, -0.0065, -0.1857, 0.0236
17:22:50, 5.80, 174, 339.63, 359.67, 2.83, 0.9840, -0.0072, -0.1767, 0.0238
17:22:50, 5.80, 174, 340.70, 359.50, 2.84, 0.9856, -0.0085, -0.1675, 0.0237
17:22:50, 5.83, 175, 341.73, 359.35, 2.95, 0.9870, -0.0097, -0.1585, 0.0245
17:22:50, 5.83, 175, 342.77, 359.20, 2.97, 0.9884, -0.0108, -0.1495, 0.0246
17:22:50, 5.87, 176, 343.78, 359.01, 2.98, 0.9897, -0.0122, -0.1408, 0.0245
17:22:50, 5.87, 176, 344.72, 358.87, 3.04, 0.9908, -0.0133, -0.1326, 0.0250
17:22:50, 5.87, 176, 345.58, 358.69, 3.01, 0.9917, -0.0146, -0.1251, 0.0246
17:22:50, 5.90, 177, 346.38, 358.50, 3.03, 0.9926, -0.0161, -0.1181, 0.0247
17:22:50, 5.90, 177, 347.24, 358.30, 3.00, 0.9934, -0.0176, -0.1107, 0.0244
17:22:50, 5.93, 178, 348.06, 358.10, 2.98, 0.9941, -0.0192, -0.1035, 0.0242
17:22:50, 5.93, 178, 348.79, 357.92, 2.96, 0.9948, -0.0206, -0.0972, 0.0239
17:22:50, 5.97, 179, 349.44, 357.77, 2.94, 0.9953, -0.0217, -0.0915, 0.0237
17:22:50, 5.97, 179, 350.14, 357.65, 2.88, 0.9958, -0.0226, -0.0854, 0.0233
17:22:50, 5.97, 179, 350.74, 357.50, 2.76, 0.9963, -0.0237, -0.0802, 0.0222
17:22:50, 6.00, 180, 351.35, 357.31, 2.74, 0.9966, -0.0252, -0.0748, 0.0221
17:22:50, 6.00, 180, 351.93, 357.17, 2.69, 0.9970, -0.0262, -0.0698, 0.0216
17:22:50, 6.03, 181, 352.44, 357.08, 2.62, 0.9973, -0.0269, -0.0653, 0.0211
17:22:50, 6.03, 181, 352.94, 356.98, 2.56, 0.9975, -0.0277, -0.0610, 0.0206
17:22:50, 6.03, 181, 353.33, 356.92, 2.49, 0.9977, -0.0281, -0.0575, 0.0201
17:22:50, 6.07, 182, 353.75, 356.86, 2.47, 0.9979, -0.0285, -0.0539, 0.0200
17:22:50, 6.07, 182, 354.09, 356.77, 2.44, 0.9981, -0.0292, -0.0509, 0.0198
17:22:50, 6.10, 183, 354.39, 356.67, 2.42, 0.9982, -0.0300, -0.0483, 0.0197
17:22:50, 6.10, 183, 354.70, 356.61, 2.42, 0.9983, -0.0305, -0.0456, 0.0197
17:22:50, 6.10, 183, 354.98, 356.53, 2.41, 0.9984, -0.0311, -0.0432, 0.0197
17:22:50, 6.13, 184, 355.22, 356.46, 2.43, 0.9985, -0.0317, -0.0410, 0.0199
17:22:50, 6.13, 184, 355.46, 356.31, 2.45, 0.9985, -0.0330, -0.0389, 0.0201
17:22:50, 6.17, 185, 355.70, 356.24, 2.50, 0.9985, -0.0336, -0.0367, 0.0206
17:22:50, 6.17, 185, 355.89, 356.21, 2.52, 0.9986, -0.0339, -0.0351, 0.0207
17:22:50, 6.20, 186, 356.11, 356.17, 2.57, 0.9986, -0.0342, -0.0332, 0.0213
17:22:50, 6.20, 186, 356.29, 356.11, 2.60, 0.9987, -0.0346, -0.0316, 0.0216
17:22:50, 6.20, 186, 356.43, 356.08, 2.62, 0.9987, -0.0349, -0.0303, 0.0218
17:22:50, 6.23, 187, 356.58, 356.00, 2.68, 0.9987, -0.0355, -0.0290, 0.0223
17:22:50, 6.23, 187, 356.70, 355.90, 2.74, 0.9987, -0.0365, -0.0279, 0.0229
17:22:50, 6.27, 188, 356.82, 355.82, 2.78, 0.9987, -0.0371, -0.0269, 0.0233
17:22:50, 6.27, 188, 356.91, 355.75, 2.85, 0.9987, -0.0377, -0.0260, 0.0239
17:22:50, 6.27, 188, 357.01, 355.69, 2.90, 0.9987, -0.0382, -0.0251, 0.0243
17:22:50, 6.30, 189, 357.08, 355.62, 2.99, 0.9986, -0.0388, -0.0244, 0.0251
17:22:50, 6.30, 189, 357.14, 355.56, 3.05, 0.9986, -0.0393, -0.0239, 0.0257
17:22:50, 6.33, 190, 357.19, 355.49, 3.14, 0.9986, -0.0400, -0.0234, 0.0264
17:22:50, 6.33, 190, 357.22, 355.44, 3.25, 0.9985, -0.0405, -0.0231, 0.0274
17:22:50, 6.37, 191, 357.25, 355.39, 3.38, 0.9985, -0.0409, -0.0228, 0.0285
17:22:50, 6.37, 191, 357.29, 355.32, 3.47, 0.9985, -0.0415, -0.0224, 0.0293
17:22:51, 6.37, 191, 357.32, 355.26, 3.57, 0.9984, -0.0421, -0.0221, 0.0301
17:22:51, 6.40, 192, 357.33, 355.19, 3.70, 0.9984, -0.0427, -0.0219, 0.0313
17:22:51, 6.40, 192, 357.34, 355.14, 3.82, 0.9983, -0.0432, -0.0218, 0.0323
17:22:51, 6.43, 193, 357.35, 355.16, 3.92, 0.9983, -0.0430, -0.0216, 0.0332
17:22:51, 6.43, 193, 357.36, 355.09, 4.03, 0.9982, -0.0436, -0.0215, 0.0341
17:22:51, 6.43, 193, 357.36, 355.09, 4.12, 0.9982, -0.0436, -0.0215, 0.0349
17:22:51, 6.47, 194, 357.34, 355.07, 4.22, 0.9982, -0.0438, -0.0216, 0.0358
17:22:51, 6.47, 194, 357.28, 355.08, 4.32, 0.9981, -0.0438, -0.0221, 0.0366
17:22:51, 6.50, 195, 357.21, 355.07, 4.38, 0.9981, -0.0439, -0.0226, 0.0371
17:22:51, 6.50, 195, 357.14, 355.06, 4.43, 0.9981, -0.0440, -0.0232, 0.0375
17:22:51, 6.53, 196, 357.04, 355.08, 4.42, 0.9980, -0.0439, -0.0241, 0.0374
17:22:51, 6.53, 196, 356.95, 355.11, 4.42, 0.9980, -0.0436, -0.0249, 0.0374
17:22:51, 6.53, 196, 356.84, 355.15, 4.46, 0.9980, -0.0433, -0.0259, 0.0377
17:22:51, 6.57, 197, 356.73, 355.21, 4.49, 0.9980, -0.0428, -0.0269, 0.0379
17:22:51, 6.57, 197, 356.59, 355.31, 4.54, 0.9980, -0.0421, -0.0281, 0.0383
17:22:51, 6.60, 198, 356.44, 355.32, 4.57, 0.9979, -0.0420, -0.0294, 0.0386
17:22:51, 6.60, 198, 356.31, 355.32, 4.61, 0.9979, -0.0421, -0.0305, 0.0388
17:22:51, 6.60, 198, 356.18, 355.30, 4.65, 0.9978, -0.0423, -0.0316, 0.0391
17:22:51, 6.63, 199, 356.08, 355.32, 4.69, 0.9978, -0.0422, -0.0325, 0.0395
17:22:51, 6.63, 199, 355.96, 355.32, 4.73, 0.9978, -0.0422, -0.0335, 0.0398
17:22:51, 6.67, 200, 355.84, 355.32, 4.79, 0.9977, -0.0423, -0.0346, 0.0402
17:22:51, 6.67, 200, 355.70, 355.33, 4.84, 0.9976, -0.0423, -0.0357, 0.0406
17:22:51, 6.70, 201, 355.56, 355.33, 4.86, 0.9976, -0.0424, -0.0370, 0.0407
17:22:51, 6.70, 201, 355.43, 355.29, 4.93, 0.9975, -0.0427, -0.0381, 0.0413
17:22:51, 6.70, 201, 355.34, 355.28, 4.97, 0.9975, -0.0429, -0.0388, 0.0416
17:22:51, 6.73, 202, 355.21, 355.24, 5.03, 0.9974, -0.0433, -0.0399, 0.0421
17:22:51, 6.73, 202, 355.12, 355.22, 5.07, 0.9973, -0.0435, -0.0406, 0.0424
17:22:51, 6.77, 203, 355.02, 355.19, 5.10, 0.9973, -0.0439, -0.0415, 0.0426
17:22:51, 6.77, 203, 354.93, 355.16, 5.10, 0.9972, -0.0441, -0.0423, 0.0426
17:22:51, 6.80, 204, 354.85, 355.15, 5.13, 0.9972, -0.0443, -0.0430, 0.0427
17:22:51, 6.80, 204, 354.77, 355.13, 5.14, 0.9971, -0.0445, -0.0436, 0.0428
17:22:51, 6.80, 204, 354.67, 355.14, 5.17, 0.9971, -0.0444, -0.0445, 0.0430
17:22:51, 6.83, 205, 354.57, 355.14, 5.20, 0.9970, -0.0444, -0.0454, 0.0433
17:22:51, 6.83, 205, 354.49, 355.17, 5.20, 0.9970, -0.0442, -0.0461, 0.0432
17:22:51, 6.87, 206, 354.39, 355.16, 5.20, 0.9970, -0.0443, -0.0470, 0.0432
17:22:51, 6.87, 206, 354.30, 355.21, 5.21, 0.9970, -0.0439, -0.0478, 0.0433
17:22:51, 6.87, 206, 354.20, 355.24, 5.20, 0.9969, -0.0437, -0.0487, 0.0431
17:22:51, 6.90, 207, 354.10, 355.26, 5.19, 0.9969, -0.0436, -0.0495, 0.0430
17:22:51, 6.90, 207, 354.00, 355.29, 5.17, 0.9969, -0.0433, -0.0504, 0.0428
17:22:51, 6.93, 208, 353.91, 355.32, 5.15, 0.9968, -0.0431, -0.0512, 0.0427
17:22:51, 6.93, 208, 353.81, 355.39, 5.09, 0.9968, -0.0425, -0.0521, 0.0421
17:22:51, 6.97, 209, 353.74, 355.39, 5.01, 0.9968, -0.0425, -0.0527, 0.0414
17:22:51, 6.97, 209, 353.67, 355.41, 4.98, 0.9968, -0.0423, -0.0534, 0.0411
17:22:51, 6.97, 209, 353.61, 355.41, 4.93, 0.9968, -0.0423, -0.0539, 0.0407
17:22:51, 7.00, 210, 353.57, 355.37, 4.84, 0.9968, -0.0427, -0.0543, 0.0399
17:22:51, 7.00, 210, 353.54, 355.34, 4.77, 0.9968, -0.0429, -0.0545, 0.0392
17:22:51, 7.03, 211, 353.52, 355.28, 4.70, 0.9968, -0.0434, -0.0548, 0.0386
17:22:51, 7.03, 211, 353.54, 355.22, 4.61, 0.9968, -0.0438, -0.0546, 0.0378
17:22:51, 7.03, 211, 353.55, 355.15, 4.53, 0.9968, -0.0444, -0.0545, 0.0370
17:22:51, 7.07, 212, 353.60, 355.05, 4.43, 0.9969, -0.0452, -0.0541, 0.0361
17:22:51, 7.07, 212, 353.66, 354.93, 4.34, 0.9969, -0.0462, -0.0536, 0.0354
17:22:51, 7.10, 213, 353.71, 354.80, 4.24, 0.9969, -0.0473, -0.0531, 0.0344
17:22:51, 7.10, 213, 353.78, 354.67, 4.17, 0.9969, -0.0483, -0.0524, 0.0338
17:22:51, 7.10, 213, 353.84, 354.55, 4.08, 0.9969, -0.0493, -0.0520, 0.0330
17:22:51, 7.13, 214, 353.89, 354.39, 4.00, 0.9969, -0.0507, -0.0515, 0.0322
17:22:51, 7.13, 214, 353.97, 354.24, 3.91, 0.9969, -0.0519, -0.0508, 0.0314
17:22:51, 7.17, 215, 354.03, 354.09, 3.83, 0.9968, -0.0532, -0.0503, 0.0307
17:22:51, 7.17, 215, 354.13, 353.92, 3.73, 0.9968, -0.0546, -0.0494, 0.0298
17:22:51, 7.20, 216, 354.18, 353.75, 3.65, 0.9968, -0.0561, -0.0489, 0.0290
17:22:51, 7.20, 216, 354.26, 353.56, 3.55, 0.9968, -0.0576, -0.0483, 0.0281
17:22:51, 7.20, 216, 354.31, 353.37, 3.47, 0.9967, -0.0592, -0.0478, 0.0273
17:22:51, 7.23, 217, 354.35, 353.18, 3.43, 0.9967, -0.0608, -0.0474, 0.0269
17:22:51, 7.23, 217, 354.41, 353.01, 3.36, 0.9966, -0.0623, -0.0469, 0.0263
17:22:51, 7.27, 218, 354.42, 352.81, 3.28, 0.9965, -0.0640, -0.0468, 0.0255
17:22:51, 7.27, 218, 354.43, 352.61, 3.20, 0.9964, -0.0657, -0.0467, 0.0247
17:22:51, 7.27, 218, 354.45, 352.43, 3.10, 0.9964, -0.0672, -0.0465, 0.0237
17:22:51, 7.30, 219, 354.47, 352.26, 3.00, 0.9963, -0.0687, -0.0464, 0.0228
17:22:51, 7.30, 219, 354.48, 352.13, 2.91, 0.9962, -0.0697, -0.0462, 0.0220
17:22:51, 7.33, 220, 354.49, 351.99, 2.86, 0.9962, -0.0709, -0.0462, 0.0215
17:22:51, 7.33, 220, 354.50, 351.89, 2.82, 0.9961, -0.0718, -0.0461, 0.0211
17:22:51, 7.37, 221, 354.51, 351.79, 2.76, 0.9961, -0.0726, -0.0460, 0.0206
17:22:51, 7.37, 221, 354.51, 351.72, 2.72, 0.9960, -0.0732, -0.0461, 0.0202
17:22:52, 7.37, 221, 354.50, 351.68, 2.65, 0.9960, -0.0736, -0.0462, 0.0195
17:22:52, 7.40, 222, 354.52, 351.64, 2.61, 0.9960, -0.0739, -0.0460, 0.0192
17:22:52, 7.40, 222, 354.54, 351.62, 2.56, 0.9960, -0.0740, -0.0459, 0.0188
17:22:52, 7.43, 223, 354.53, 351.61, 2.53, 0.9960, -0.0741, -0.0459, 0.0185
17:22:52, 7.43, 223, 354.54, 351.62, 2.51, 0.9960, -0.0740, -0.0459, 0.0184
17:22:52, 7.43, 223, 354.52, 351.64, 2.47, 0.9960, -0.0738, -0.0461, 0.0180
17:22:52, 7.47, 224, 354.54, 351.68, 2.45, 0.9961, -0.0734, -0.0460, 0.0179
17:22:52, 7.47, 224, 354.53, 351.72, 2.46, 0.9961, -0.0732, -0.0460, 0.0179
17:22:52, 7.50, 225, 354.52, 351.80, 2.46, 0.9961, -0.0724, -0.0462, 0.0179
17:22:52, 7.50, 225, 354.49, 351.86, 2.47, 0.9962, -0.0719, -0.0464, 0.0181
17:22:52, 7.53, 226, 354.46, 351.99, 2.47, 0.9962, -0.0708, -0.0467, 0.0181
17:22:52, 7.53, 226, 354.42, 352.08, 2.46, 0.9963, -0.0700, -0.0471, 0.0180
17:22:52, 7.53, 226, 354.41, 352.17, 2.45, 0.9963, -0.0692, -0.0471, 0.0180
17:22:52, 7.57, 227, 354.41, 352.28, 2.42, 0.9964, -0.0682, -0.0472, 0.0178
17:22:52, 7.57, 227, 354.40, 352.40, 2.43, 0.9965, -0.0672, -0.0473, 0.0179
17:22:52, 7.60, 228, 354.39, 352.53, 2.40, 0.9965, -0.0661, -0.0474, 0.0176
17:22:52, 7.60, 228, 354.39, 352.66, 2.38, 0.9966, -0.0650, -0.0475, 0.0176
17:22:52, 7.60, 228, 354.37, 352.76, 2.39, 0.9967, -0.0640, -0.0477, 0.0177
17:22:52, 7.63, 229, 354.35, 352.87, 2.39, 0.9967, -0.0631, -0.0479, 0.0178
17:22:52, 7.63, 229, 354.34, 352.99, 2.39, 0.9968, -0.0621, -0.0480, 0.0178
17:22:52, 7.67, 230, 354.31, 353.08, 2.40, 0.9968, -0.0613, -0.0483, 0.0178
17:22:52, 7.67, 230, 354.29, 353.16, 2.39, 0.9968, -0.0606, -0.0485, 0.0179
17:22:52, 7.70, 231, 354.29, 353.22, 2.41, 0.9969, -0.0601, -0.0484, 0.0180
17:22:52, 7.70, 231, 354.30, 353.26, 2.38, 0.9969, -0.0597, -0.0484, 0.0178
17:22:52, 7.70, 231, 354.26, 353.30, 2.38, 0.9969, -0.0594, -0.0488, 0.0178
17:22:52, 7.73, 232, 354.25, 353.34, 2.41, 0.9969, -0.0591, -0.0488, 0.0180
17:22:52, 7.73, 232, 354.24, 353.35, 2.39, 0.9969, -0.0590, -0.0490, 0.0179
17:22:52, 7.77, 233, 354.22, 353.38, 2.40, 0.9969, -0.0587, -0.0491, 0.0180
17:22:52, 7.77, 233, 354.20, 353.41, 2.41, 0.9969, -0.0584, -0.0493, 0.0181
17:22:52, 7.80, 234, 354.20, 353.43, 2.40, 0.9969, -0.0583, -0.0493, 0.0180
17:22:52, 7.80, 234, 354.17, 353.44, 2.42, 0.9969, -0.0582, -0.0496, 0.0181
17:22:52, 7.80, 234, 354.15, 353.46, 2.43, 0.9969, -0.0580, -0.0497, 0.0182
17:22:52, 7.83, 235, 354.14, 353.48, 2.44, 0.9969, -0.0578, -0.0498, 0.0183
17:22:52, 7.83, 235, 354.12, 353.49, 2.45, 0.9969, -0.0578, -0.0500, 0.0184
17:22:52, 7.87, 236, 354.11, 353.50, 2.44, 0.9969, -0.0577, -0.0501, 0.0183
17:22:52, 7.87, 236, 354.09, 353.53, 2.45, 0.9969, -0.0575, -0.0503, 0.0184
17:22:52, 7.87, 236, 354.06, 353.54, 2.48, 0.9969, -0.0574, -0.0505, 0.0186
17:22:52, 7.90, 237, 354.04, 353.57, 2.51, 0.9969, -0.0572, -0.0507, 0.0189
17:22:52, 7.90, 237, 354.01, 353.59, 2.53, 0.9969, -0.0569, -0.0509, 0.0191
17:22:52, 7.93, 238, 353.99, 353.62, 2.56, 0.9969, -0.0567, -0.0511, 0.0194
17:22:52, 7.93, 238, 353.95, 353.67, 2.60, 0.9969, -0.0563, -0.0514, 0.0197
17:22:52, 7.97, 239, 353.89, 353.71, 2.63, 0.9969, -0.0560, -0.0519, 0.0199
17:22:52, 7.97, 239, 353.87, 353.75, 2.65, 0.9969, -0.0557, -0.0521, 0.0201
17:22:52, 7.97, 239, 353.83, 353.82, 2.70, 0.9969, -0.0551, -0.0525, 0.0206
17:22:52, 8.00, 240, 353.78, 353.84, 2.74, 0.9969, -0.0549, -0.0528, 0.0209
17:22:52, 8.00, 240, 353.72, 353.89, 2.80, 0.9969, -0.0545, -0.0534, 0.0214
17:22:52, 8.03, 241, 353.64, 353.92, 2.86, 0.9968, -0.0543, -0.0541, 0.0219
17:22:52, 8.03, 241, 353.59, 353.92, 2.89, 0.9968, -0.0543, -0.0545, 0.0222
17:22:52, 8.03, 241, 353.51, 353.93, 2.91, 0.9968, -0.0542, -0.0552, 0.0223
17:22:52, 8.07, 242, 353.44, 353.94, 2.91, 0.9967, -0.0542, -0.0557, 0.0223
17:22:52, 8.07, 242, 353.39, 353.99, 2.90, 0.9967, -0.0538, -0.0562, 0.0222
17:22:52, 8.10, 243, 353.36, 353.98, 2.94, 0.9967, -0.0539, -0.0565, 0.0226
17:22:52, 8.10, 243, 353.30, 354.03, 2.98, 0.9967, -0.0535, -0.0570, 0.0229
17:22:52, 8.13, 244, 353.26, 354.06, 3.03, 0.9967, -0.0533, -0.0573, 0.0233
17:22:52, 8.13, 244, 353.22, 354.08, 3.05, 0.9966, -0.0531, -0.0577, 0.0235
17:22:52, 8.13, 244, 353.17, 354.08, 3.09, 0.9966, -0.0531, -0.0581, 0.0238
17:22:52, 8.17, 245, 353.14, 354.09, 3.11, 0.9966, -0.0530, -0.0583, 0.0239
17:22:52, 8.17, 245, 353.12, 354.08, 3.15, 0.9966, -0.0532, -0.0585, 0.0243
17:22:52, 8.20, 246, 353.10, 354.08, 3.18, 0.9966, -0.0532, -0.0587, 0.0245
17:22:52, 8.20, 246, 353.07, 354.06, 3.21, 0.9965, -0.0534, -0.0589, 0.0248
17:22:52, 8.20, 246, 353.03, 354.01, 3.27, 0.9965, -0.0538, -0.0592, 0.0253
17:22:52, 8.23, 247, 352.98, 353.99, 3.30, 0.9964, -0.0541, -0.0596, 0.0255
17:22:52, 8.23, 247, 352.92, 353.97, 3.32, 0.9964, -0.0543, -0.0601, 0.0256
17:22:52, 8.27, 248, 352.87, 353.90, 3.37, 0.9963, -0.0549, -0.0605, 0.0260
17:22:52, 8.27, 248, 352.83, 353.89, 3.38, 0.9963, -0.0550, -0.0608, 0.0261
17:22:52, 8.27, 248, 352.77, 353.82, 3.42, 0.9962, -0.0557, -0.0613, 0.0263
17:22:52, 8.30, 249, 352.71, 353.80, 3.44, 0.9962, -0.0559, -0.0618, 0.0264
17:22:52, 8.30, 249, 352.63, 353.73, 3.43, 0.9961, -0.0564, -0.0625, 0.0263
17:22:52, 8.33, 250, 352.57, 353.70, 3.45, 0.9960, -0.0567, -0.0630, 0.0265
17:22:52, 8.33, 250, 352.51, 353.67, 3.46, 0.9960, -0.0570, -0.0636, 0.0264
17:22:52, 8.37, 251, 352.47, 353.62, 3.47, 0.9959, -0.0575, -0.0639, 0.0265
17:22:53, 8.37, 251, 352.40, 353.60, 3.48, 0.9959, -0.0577, -0.0645, 0.0265
17:22:53, 8.37, 251, 352.34, 353.54, 3.48, 0.9958, -0.0582, -0.0650, 0.0265
17:22:53, 8.40, 252, 352.27, 353.51, 3.49, 0.9958, -0.0585, -0.0655, 0.0265
17:22:53, 8.40, 252, 352.22, 353.46, 3.50, 0.9957, -0.0589, -0.0660, 0.0265
17:22:53, 8.43, 253, 352.16, 353.43, 3.52, 0.9957, -0.0592, -0.0665, 0.0267
17:22:53, 8.43, 253, 352.10, 353.39, 3.53, 0.9956, -0.0596, -0.0670, 0.0267
17:22:53, 8.43, 253, 352.03, 353.36, 3.55, 0.9956, -0.0599, -0.0675, 0.0268
17:22:53, 8.47, 254, 351.94, 353.34, 3.57, 0.9955, -0.0601, -0.0683, 0.0270
17:22:53, 8.47, 254, 351.88, 353.29, 3.58, 0.9954, -0.0606, -0.0689, 0.0270
17:22:53, 8.50, 255, 351.82, 353.26, 3.59, 0.9954, -0.0608, -0.0694, 0.0270
17:22:53, 8.50, 255, 351.76, 353.21, 3.60, 0.9953, -0.0613, -0.0698, 0.0271
17:22:53, 8.53, 256, 351.69, 353.20, 3.61, 0.9953, -0.0614, -0.0705, 0.0271
17:22:53, 8.53, 256, 351.63, 353.15, 3.62, 0.9952, -0.0619, -0.0709, 0.0271
17:22:53, 8.53, 256, 351.60, 353.12, 3.65, 0.9952, -0.0621, -0.0712, 0.0273
17:22:53, 8.57, 257, 351.56, 353.10, 3.67, 0.9951, -0.0623, -0.0715, 0.0275
17:22:53, 8.57, 257, 351.51, 353.05, 3.70, 0.9950, -0.0628, -0.0719, 0.0277
17:22:53, 8.60, 258, 351.46, 353.03, 3.75, 0.9950, -0.0631, -0.0723, 0.0280
17:22:53, 8.60, 258, 351.42, 353.00, 3.79, 0.9949, -0.0634, -0.0726, 0.0283
17:22:53, 8.63, 259, 351.40, 352.99, 3.82, 0.9949, -0.0635, -0.0727, 0.0286
17:22:53, 8.63, 259, 351.36, 352.98, 3.86, 0.9949, -0.0635, -0.0731, 0.0289
17:22:53, 8.63, 259, 351.31, 352.97, 3.90, 0.9948, -0.0637, -0.0735, 0.0292
17:22:53, 8.67, 260, 351.28, 352.96, 3.94, 0.9948, -0.0638, -0.0737, 0.0295
17:22:53, 8.67, 260, 351.27, 352.93, 3.96, 0.9948, -0.0641, -0.0738, 0.0297
17:22:53, 8.70, 261, 351.23, 352.93, 4.00, 0.9947, -0.0641, -0.0742, 0.0300
17:22:53, 8.70, 261, 351.20, 352.95, 4.05, 0.9947, -0.0640, -0.0744, 0.0304
17:22:53, 8.70, 261, 351.15, 352.96, 4.11, 0.9947, -0.0639, -0.0748, 0.0310
17:22:53, 8.73, 262, 351.11, 352.97, 4.16, 0.9946, -0.0639, -0.0750, 0.0313
17:22:53, 8.73, 262, 351.08, 352.98, 4.19, 0.9946, -0.0638, -0.0753, 0.0317
17:22:53, 8.77, 263, 351.07, 353.02, 4.22, 0.9946, -0.0635, -0.0755, 0.0319
17:22:53, 8.77, 263, 351.03, 353.02, 4.26, 0.9946, -0.0635, -0.0757, 0.0322
17:22:53, 8.80, 264, 351.00, 353.08, 4.31, 0.9946, -0.0631, -0.0760, 0.0327
17:22:53, 8.80, 264, 350.97, 353.11, 4.36, 0.9946, -0.0629, -0.0762, 0.0332
17:22:53, 8.80, 264, 350.93, 353.13, 4.42, 0.9945, -0.0628, -0.0766, 0.0337
17:22:53, 8.83, 265, 350.89, 353.14, 4.50, 0.9945, -0.0627, -0.0769, 0.0343
17:22:53, 8.83, 265, 350.84, 353.15, 4.56, 0.9944, -0.0627, -0.0773, 0.0348
17:22:53, 8.87, 266, 350.80, 353.12, 4.58, 0.9944, -0.0629, -0.0776, 0.0350
17:22:53, 8.87, 266, 350.77, 353.15, 4.60, 0.9944, -0.0627, -0.0779, 0.0351
17:22:53, 8.87, 266, 350.73, 353.15, 4.59, 0.9943, -0.0627, -0.0782, 0.0350
17:22:53, 8.90, 267, 350.70, 353.19, 4.61, 0.9943, -0.0624, -0.0785, 0.0352
17:22:53, 8.90, 267, 350.68, 353.21, 4.68, 0.9943, -0.0623, -0.0786, 0.0358
17:22:53, 8.93, 268, 350.65, 353.21, 4.73, 0.9943, -0.0623, -0.0788, 0.0362
17:22:53, 8.93, 268, 350.62, 353.24, 4.79, 0.9943, -0.0621, -0.0791, 0.0368
17:22:53, 8.97, 269, 350.58, 353.26, 4.82, 0.9942, -0.0620, -0.0794, 0.0370
17:22:53, 8.97, 269, 350.58, 353.26, 4.85, 0.9942, -0.0620, -0.0794, 0.0373
17:22:53, 8.97, 269, 350.57, 353.26, 4.91, 0.9942, -0.0620, -0.0795, 0.0378
17:22:53, 9.00, 270, 350.55, 353.26, 4.97, 0.9942, -0.0621, -0.0796, 0.0383
17:22:53, 9.00, 270, 350.54, 353.25, 5.05, 0.9941, -0.0622, -0.0797, 0.0390
17:22:53, 9.03, 271, 350.50, 353.24, 5.15, 0.9940, -0.0624, -0.0800, 0.0398
17:22:53, 9.03, 271, 350.44, 353.22, 5.20, 0.9940, -0.0626, -0.0804, 0.0402
17:22:53, 9.03, 271, 350.39, 353.23, 5.27, 0.9939, -0.0626, -0.0809, 0.0408
17:22:53, 9.07, 272, 350.33, 353.19, 5.34, 0.9938, -0.0630, -0.0813, 0.0413
17:22:53, 9.07, 272, 350.30, 353.20, 5.41, 0.9938, -0.0630, -0.0815, 0.0420
17:22:53, 9.10, 273, 350.22, 353.20, 5.50, 0.9937, -0.0631, -0.0822, 0.0427
17:22:53, 9.10, 273, 350.17, 353.19, 5.55, 0.9936, -0.0632, -0.0826, 0.0431
17:22:53, 9.13, 274, 350.11, 353.20, 5.60, 0.9936, -0.0632, -0.0831, 0.0434
17:22:53, 9.13, 274, 350.04, 353.19, 5.66, 0.9935, -0.0634, -0.0836, 0.0440
17:22:53, 9.13, 274, 350.02, 353.17, 5.69, 0.9935, -0.0636, -0.0838, 0.0442
17:22:53, 9.17, 275, 349.99, 353.17, 5.73, 0.9934, -0.0637, -0.0840, 0.0445
17:22:53, 9.17, 275, 349.97, 353.15, 5.76, 0.9934, -0.0639, -0.0842, 0.0447
17:22:53, 9.20, 276, 349.97, 353.13, 5.78, 0.9934, -0.0640, -0.0841, 0.0449
17:22:53, 9.20, 276, 349.99, 353.13, 5.80, 0.9934, -0.0640, -0.0840, 0.0450
17:22:53, 9.20, 276, 350.01, 353.10, 5.82, 0.9934, -0.0643, -0.0838, 0.0453
17:22:53, 9.23, 277, 350.07, 353.08, 5.83, 0.9934, -0.0644, -0.0832, 0.0454
17:22:53, 9.23, 277, 350.11, 353.07, 5.83, 0.9934, -0.0645, -0.0829, 0.0454
17:22:53, 9.27, 278, 350.18, 353.04, 5.81, 0.9935, -0.0647, -0.0822, 0.0452
17:22:53, 9.27, 278, 350.26, 352.98, 5.78, 0.9935, -0.0652, -0.0815, 0.0450
17:22:53, 9.30, 279, 350.34, 352.93, 5.78, 0.9936, -0.0656, -0.0808, 0.0449
17:22:53, 9.30, 279, 350.44, 352.89, 5.76, 0.9936, -0.0659, -0.0800, 0.0448
17:22:53, 9.30, 279, 350.52, 352.85, 5.72, 0.9937, -0.0662, -0.0793, 0.0445
17:22:53, 9.33, 280, 350.61, 352.79, 5.69, 0.9937, -0.0666, -0.0784, 0.0443
17:22:53, 9.33, 280, 350.71, 352.76, 5.65, 0.9938, -0.0668, -0.0776, 0.0440
17:22:53, 9.37, 281, 350.79, 352.72, 5.62, 0.9938, -0.0671, -0.0769, 0.0436
17:22:54, 9.37, 281, 350.89, 352.69, 5.58, 0.9939, -0.0674, -0.0761, 0.0433
17:22:54, 9.37, 281, 350.96, 352.68, 5.52, 0.9939, -0.0673, -0.0755, 0.0429
17:22:54, 9.40, 282, 351.07, 352.65, 5.47, 0.9940, -0.0676, -0.0745, 0.0425
17:22:54, 9.40, 282, 351.14, 352.64, 5.42, 0.9941, -0.0676, -0.0739, 0.0421
17:22:54, 9.43, 283, 351.21, 352.63, 5.40, 0.9941, -0.0676, -0.0734, 0.0419
17:22:54, 9.43, 283, 351.29, 352.64, 5.33, 0.9942, -0.0675, -0.0727, 0.0414
17:22:54, 9.47, 284, 351.34, 352.65, 5.28, 0.9943, -0.0673, -0.0723, 0.0410
17:22:54, 9.47, 284, 351.40, 352.66, 5.25, 0.9943, -0.0672, -0.0718, 0.0408
17:22:54, 9.47, 284, 351.45, 352.68, 5.21, 0.9944, -0.0669, -0.0714, 0.0405
17:22:54, 9.50, 285, 351.49, 352.74, 5.18, 0.9944, -0.0664, -0.0711, 0.0403
17:22:54, 9.50, 285, 351.53, 352.79, 5.16, 0.9945, -0.0659, -0.0708, 0.0402
17:22:54, 9.53, 286, 351.53, 352.90, 5.15, 0.9946, -0.0650, -0.0708, 0.0401
17:22:54, 9.53, 286, 351.55, 352.98, 5.12, 0.9946, -0.0643, -0.0707, 0.0400
17:22:54, 9.53, 286, 351.56, 353.06, 5.12, 0.9947, -0.0636, -0.0707, 0.0400
17:22:54, 9.57, 287, 351.58, 353.16, 5.10, 0.9947, -0.0627, -0.0706, 0.0399
17:22:54, 9.57, 287, 351.57, 353.24, 5.11, 0.9948, -0.0620, -0.0707, 0.0401
17:22:54, 9.60, 288, 351.57, 353.36, 5.12, 0.9948, -0.0610, -0.0707, 0.0402
17:22:54, 9.60, 288, 351.54, 353.44, 5.14, 0.9948, -0.0603, -0.0710, 0.0405
17:22:54, 9.63, 289, 351.52, 353.51, 5.17, 0.9948, -0.0597, -0.0712, 0.0407
17:22:54, 9.63, 289, 351.47, 353.59, 5.20, 0.9948, -0.0590, -0.0717, 0.0410
17:22:54, 9.63, 289, 351.40, 353.66, 5.22, 0.9948, -0.0585, -0.0723, 0.0412
17:22:54, 9.67, 290, 351.36, 353.74, 5.21, 0.9948, -0.0578, -0.0727, 0.0411
17:22:54, 9.67, 290, 351.31, 353.82, 5.20, 0.9948, -0.0571, -0.0732, 0.0410
17:22:54, 9.70, 291, 351.26, 353.92, 5.22, 0.9948, -0.0563, -0.0736, 0.0413
17:22:54, 9.70, 291, 351.22, 354.01, 5.25, 0.9948, -0.0556, -0.0740, 0.0416
17:22:54, 9.70, 291, 351.20, 354.11, 5.27, 0.9949, -0.0547, -0.0742, 0.0418
17:22:54, 9.73, 292, 351.17, 354.18, 5.31, 0.9949, -0.0541, -0.0745, 0.0422
17:22:54, 9.73, 292, 351.13, 354.25, 5.34, 0.9948, -0.0536, -0.0748, 0.0426
17:22:54, 9.77, 293, 351.09, 354.28, 5.37, 0.9948, -0.0533, -0.0752, 0.0428
17:22:54, 9.77, 293, 351.07, 354.32, 5.41, 0.9948, -0.0530, -0.0753, 0.0431
17:22:54, 9.80, 294, 351.08, 354.34, 5.42, 0.9948, -0.0528, -0.0752, 0.0433
17:22:54, 9.80, 294, 351.06, 354.38, 5.46, 0.9948, -0.0525, -0.0754, 0.0436
17:22:54, 9.80, 294, 351.03, 354.37, 5.50, 0.9948, -0.0526, -0.0757, 0.0439
17:22:54, 9.83, 295, 351.01, 354.39, 5.54, 0.9948, -0.0525, -0.0758, 0.0443
17:22:54, 9.83, 295, 351.01, 354.40, 5.55, 0.9947, -0.0524, -0.0759, 0.0444
17:22:54, 9.87, 296, 350.98, 354.41, 5.59, 0.9947, -0.0524, -0.0761, 0.0447
17:22:54, 9.87, 296, 350.95, 354.40, 5.64, 0.9947, -0.0525, -0.0763, 0.0451
17:22:54, 9.87, 296, 350.94, 354.39, 5.66, 0.9947, -0.0526, -0.0764, 0.0453
17:22:54, 9.90, 297, 350.92, 354.40, 5.68, 0.9946, -0.0526, -0.0766, 0.0454
17:22:54, 9.90, 297, 350.90, 354.39, 5.65, 0.9946, -0.0526, -0.0768, 0.0452
17:22:54, 9.93, 298, 350.89, 354.40, 5.67, 0.9946, -0.0525, -0.0768, 0.0454
17:22:54, 9.93, 298, 350.88, 354.38, 5.68, 0.9946, -0.0527, -0.0769, 0.0454
17:22:54, 9.97, 299, 350.88, 354.38, 5.69, 0.9946, -0.0527, -0.0769, 0.0455
17:22:54, 9.97, 299, 350.88, 354.38, 5.69, 0.9946, -0.0527, -0.0769, 0.0455
17:22:54, 9.97, 299, 350.89, 354.39, 5.71, 0.9946, -0.0526, -0.0768, 0.0457
