Timestamp, VideoTime, VideoFrame, HeadYaw, HeadPitch, HeadRoll, HeadQuatW, HeadQuatX, HeadQuatY, HeadQuatZ
17:26:47, 0.00, 0, 30.06, 2.72, 357.24, 0.9651, 0.0167, 0.2597, -0.0294
17:26:47, 0.03, 1, 29.97, 2.72, 357.23, 0.9653, 0.0167, 0.2590, -0.0295
17:26:47, 0.03, 1, 29.91, 2.73, 357.25, 0.9654, 0.0168, 0.2584, -0.0293
17:26:47, 0.03, 1, 29.84, 2.74, 357.26, 0.9656, 0.0170, 0.2579, -0.0293
17:26:47, 0.07, 2, 29.78, 2.72, 357.27, 0.9657, 0.0168, 0.2573, -0.0291
17:26:47, 0.07, 2, 29.73, 2.69, 357.30, 0.9658, 0.0166, 0.2570, -0.0288
17:26:47, 0.10, 3, 29.68, 2.68, 357.29, 0.9660, 0.0165, 0.2565, -0.0289
17:26:47, 0.10, 3, 29.63, 2.66, 357.28, 0.9661, 0.0164, 0.2561, -0.0288
17:26:47, 0.10, 3, 29.58, 2.63, 357.29, 0.9662, 0.0161, 0.2557, -0.0287
17:26:47, 0.13, 4, 29.51, 2.63, 357.30, 0.9664, 0.0162, 0.2551, -0.0286
17:26:47, 0.13, 4, 29.50, 2.65, 357.28, 0.9664, 0.0163, 0.2550, -0.0288
17:26:47, 0.17, 5, 29.47, 2.66, 357.30, 0.9664, 0.0165, 0.2547, -0.0287
17:26:47, 0.17, 5, 29.44, 2.66, 357.31, 0.9665, 0.0165, 0.2545, -0.0286
17:26:47, 0.17, 5, 29.44, 2.62, 357.28, 0.9665, 0.0161, 0.2545, -0.0288
17:26:47, 0.20, 6, 29.43, 2.57, 357.29, 0.9665, 0.0157, 0.2544, -0.0286
17:26:47, 0.23, 7, 29.45, 2.55, 357.28, 0.9665, 0.0154, 0.2546, -0.0286
17:26:47, 0.23, 7, 29.50, 2.52, 357.25, 0.9664, 0.0152, 0.2549, -0.0288
17:26:47, 0.27, 8, 29.57, 2.49, 357.26, 0.9663, 0.0149, 0.2555, -0.0286
17:26:47, 0.27, 8, 29.61, 2.44, 357.25, 0.9662, 0.0145, 0.2559, -0.0286
17:26:47, 0.27, 8, 29.64, 2.42, 357.23, 0.9661, 0.0142, 0.2562, -0.0287
17:26:47, 0.30, 9, 29.67, 2.38, 357.21, 0.9660, 0.0138, 0.2564, -0.0289
17:26:47, 0.30, 9, 29.72, 2.38, 357.18, 0.9659, 0.0137, 0.2568, -0.0291
17:26:47, 0.33, 10, 29.75, 2.34, 357.17, 0.9659, 0.0134, 0.2571, -0.0291
17:26:47, 0.33, 10, 29.80, 2.31, 357.13, 0.9658, 0.0130, 0.2575, -0.0294
17:26:47, 0.33, 10, 29.82, 2.28, 357.08, 0.9657, 0.0127, 0.2577, -0.0297
17:26:47, 0.37, 11, 29.87, 2.26, 357.07, 0.9656, 0.0125, 0.2581, -0.0298
17:26:47, 0.37, 11, 29.92, 2.24, 357.05, 0.9655, 0.0122, 0.2585, -0.0300
17:26:47, 0.40, 12, 29.99, 2.25, 357.04, 0.9653, 0.0123, 0.2591, -0.0300
17:26:47, 0.40, 12, 30.04, 2.25, 357.02, 0.9652, 0.0122, 0.2596, -0.0302
17:26:47, 0.43, 13, 30.10, 2.24, 356.99, 0.9651, 0.0121, 0.2600, -0.0304
17:26:47, 0.43, 13, 30.14, 2.24, 357.00, 0.9650, 0.0121, 0.2604, -0.0304
17:26:47, 0.43, 13, 30.18, 2.23, 357.00, 0.9649, 0.0120, 0.2607, -0.0303
17:26:47, 0.47, 14, 30.23, 2.23, 357.01, 0.9648, 0.0119, 0.2611, -0.0303
17:26:47, 0.47, 14, 30.27, 2.24, 357.00, 0.9647, 0.0121, 0.2615, -0.0304
17:26:47, 0.50, 15, 30.28, 2.25, 356.99, 0.9646, 0.0121, 0.2615, -0.0305
17:26:47, 0.50, 15, 30.31, 2.26, 356.98, 0.9646, 0.0121, 0.2618, -0.0305
17:26:47, 0.50, 15, 30.34, 2.27, 357.00, 0.9645, 0.0122, 0.2621, -0.0305
17:26:47, 0.53, 16, 30.34, 2.27, 356.97, 0.9645, 0.0122, 0.2621, -0.0307
17:26:47, 0.53, 16, 30.37, 2.29, 356.98, 0.9644, 0.0124, 0.2623, -0.0307
17:26:47, 0.57, 17, 30.33, 2.30, 356.96, 0.9645, 0.0124, 0.2620, -0.0308
17:26:47, 0.57, 17, 30.35, 2.32, 356.96, 0.9644, 0.0126, 0.2622, -0.0309
17:26:47, 0.60, 18, 30.35, 2.32, 356.94, 0.9644, 0.0125, 0.2622, -0.0311
17:26:47, 0.60, 18, 30.36, 2.32, 356.93, 0.9644, 0.0126, 0.2622, -0.0311
17:26:47, 0.60, 18, 30.35, 2.33, 356.94, 0.9644, 0.0126, 0.2622, -0.0311
17:26:47, 0.63, 19, 30.36, 2.33, 356.93, 0.9644, 0.0126, 0.2622, -0.0312
17:26:47, 0.63, 19, 30.36, 2.33, 356.95, 0.9644, 0.0126, 0.2622, -0.0310
17:26:47, 0.67, 20, 30.36, 2.32, 356.96, 0.9644, 0.0126, 0.2623, -0.0309
17:26:47, 0.67, 20, 30.38, 2.31, 356.95, 0.9644, 0.0125, 0.2624, -0.0310
17:26:48, 0.67, 20, 30.38, 2.29, 356.95, 0.9644, 0.0124, 0.2624, -0.0309
17:26:48, 0.70, 21, 30.39, 2.31, 356.95, 0.9644, 0.0124, 0.2625, -0.0310
17:26:48, 0.70, 21, 30.39, 2.30, 356.95, 0.9644, 0.0124, 0.2625, -0.0310
17:26:48, 0.73, 22, 30.39, 2.30, 356.96, 0.9644, 0.0124, 0.2625, -0.0308
17:26:48, 0.73, 22, 30.40, 2.30, 356.97, 0.9644, 0.0124, 0.2625, -0.0308
17:26:48, 0.77, 23, 30.39, 2.28, 356.97, 0.9644, 0.0123, 0.2624, -0.0308
17:26:48, 0.77, 23, 30.39, 2.28, 356.96, 0.9644, 0.0123, 0.2624, -0.0308
17:26:48, 0.77, 23, 30.37, 2.27, 356.96, 0.9644, 0.0122, 0.2623, -0.0308
17:26:48, 0.80, 24, 30.35, 2.26, 356.96, 0.9645, 0.0121, 0.2622, -0.0307
17:26:48, 0.80, 24, 30.32, 2.25, 356.96, 0.9645, 0.0120, 0.2619, -0.0308
17:26:48, 0.83, 25, 30.29, 2.21, 356.95, 0.9646, 0.0117, 0.2616, -0.0307
17:26:48, 0.83, 25, 30.26, 2.20, 356.97, 0.9647, 0.0116, 0.2613, -0.0306
17:26:48, 0.83, 25, 30.23, 2.15, 356.93, 0.9648, 0.0111, 0.2611, -0.0307
17:26:48, 0.87, 26, 30.17, 2.10, 356.91, 0.9649, 0.0107, 0.2606, -0.0308
17:26:48, 0.87, 26, 30.16, 2.07, 356.89, 0.9649, 0.0104, 0.2605, -0.0309
17:26:48, 0.90, 27, 30.13, 2.06, 356.88, 0.9650, 0.0103, 0.2602, -0.0310
17:26:48, 0.90, 27, 30.11, 2.07, 356.85, 0.9650, 0.0103, 0.2601, -0.0312
17:26:48, 0.93, 28, 30.10, 2.06, 356.88, 0.9651, 0.0102, 0.2600, -0.0309
17:26:48, 0.93, 28, 30.08, 2.03, 356.93, 0.9651, 0.0102, 0.2598, -0.0305
17:26:48, 0.93, 28, 30.06, 2.03, 356.92, 0.9652, 0.0101, 0.2597, -0.0305
17:26:48, 0.97, 29, 30.07, 1.98, 356.95, 0.9652, 0.0098, 0.2597, -0.0302
17:26:48, 0.97, 29, 30.04, 1.96, 356.96, 0.9652, 0.0096, 0.2594, -0.0300
17:26:48, 1.00, 30, 30.04, 1.98, 356.96, 0.9652, 0.0098, 0.2595, -0.0301
17:26:48, 1.00, 30, 30.02, 1.95, 356.99, 0.9653, 0.0097, 0.2593, -0.0298
17:26:48, 1.00, 30, 29.99, 1.93, 357.02, 0.9654, 0.0096, 0.2590, -0.0295
17:26:48, 1.03, 31, 29.96, 1.88, 357.03, 0.9655, 0.0092, 0.2588, -0.0293
17:26:48, 1.03, 31, 29.92, 1.82, 357.02, 0.9656, 0.0087, 0.2584, -0.0292
17:26:48, 1.07, 32, 29.87, 1.79, 357.02, 0.9657, 0.0084, 0.2580, -0.0292
17:26:48, 1.07, 32, 29.84, 1.78, 357.05, 0.9657, 0.0084, 0.2578, -0.0289
17:26:48, 1.10, 33, 29.81, 1.75, 357.06, 0.9658, 0.0082, 0.2574, -0.0287
17:26:48, 1.10, 33, 29.76, 1.72, 357.06, 0.9659, 0.0079, 0.2570, -0.0287
17:26:48, 1.10, 33, 29.72, 1.67, 357.05, 0.9660, 0.0075, 0.2567, -0.0287
17:26:48, 1.13, 34, 29.65, 1.65, 357.07, 0.9662, 0.0074, 0.2561, -0.0284
17:26:48, 1.13, 34, 29.61, 1.64, 357.07, 0.9663, 0.0073, 0.2558, -0.0284
17:26:48, 1.17, 35, 29.59, 1.60, 357.07, 0.9663, 0.0070, 0.2556, -0.0283
17:26:48, 1.17, 35, 29.56, 1.57, 357.08, 0.9664, 0.0068, 0.2553, -0.0281
17:26:48, 1.17, 35, 29.56, 1.55, 357.07, 0.9664, 0.0065, 0.2554, -0.0282
17:26:48, 1.20, 36, 29.56, 1.50, 357.09, 0.9664, 0.0062, 0.2553, -0.0279
17:26:48, 1.20, 36, 29.57, 1.49, 357.10, 0.9664, 0.0061, 0.2554, -0.0278
17:26:48, 1.23, 37, 29.56, 1.40, 357.12, 0.9664, 0.0054, 0.2553, -0.0274
17:26:48, 1.23, 37, 29.58, 1.34, 357.15, 0.9664, 0.0050, 0.2554, -0.0270
17:26:48, 1.27, 38, 29.64, 1.27, 357.15, 0.9663, 0.0043, 0.2560, -0.0269
17:26:48, 1.27, 38, 29.72, 1.17, 357.14, 0.9661, 0.0035, 0.2566, -0.0267
17:26:48, 1.27, 38, 29.79, 1.07, 357.15, 0.9660, 0.0026, 0.2572, -0.0264
17:26:48, 1.30, 39, 29.90, 0.96, 357.16, 0.9658, 0.0017, 0.2581, -0.0261
17:26:48, 1.30, 39, 30.04, 0.87, 357.15, 0.9655, 0.0009, 0.2592, -0.0259
17:26:48, 1.33, 40, 30.17, 0.76, 357.15, 0.9652, -0.0001, 0.2603, -0.0257
17:26:48, 1.33, 40, 30.33, 0.68, 357.14, 0.9648, -0.0008, 0.2616, -0.0256
17:26:48, 1.33, 40, 30.47, 0.57, 357.12, 0.9645, -0.0018, 0.2628, -0.0255
17:26:48, 1.37, 41, 30.66, 0.46, 357.15, 0.9641, -0.0027, 0.2644, -0.0250
17:26:48, 1.37, 41, 30.83, 0.30, 357.12, 0.9637, -0.0041, 0.2657, -0.0249
17:26:48, 1.40, 42, 31.01, 0.17, 357.12, 0.9633, -0.0053, 0.2673, -0.0246
17:26:48, 1.40, 42, 31.20, 0.04, 357.13, 0.9629, -0.0064, 0.2689, -0.0242
17:26:48, 1.43, 43, 31.43, 359.90, 357.13, 0.9623, -0.0076, 0.2708, -0.0239
17:26:48, 1.43, 43, 31.63, 359.76, 357.12, 0.9619, -0.0089, 0.2724, -0.0236
17:26:48, 1.43, 43, 31.85, 359.62, 357.13, 0.9613, -0.0100, 0.2742, -0.0232
17:26:48, 1.47, 44, 32.08, 359.47, 357.15, 0.9608, -0.0113, 0.2761, -0.0227
17:26:48, 1.47, 44, 32.28, 359.34, 357.14, 0.9603, -0.0125, 0.2778, -0.0223
17:26:48, 1.50, 45, 32.51, 359.22, 357.15, 0.9598, -0.0135, 0.2796, -0.0220
17:26:48, 1.50, 45, 32.72, 359.07, 357.16, 0.9592, -0.0148, 0.2814, -0.0215
17:26:48, 1.50, 45, 32.91, 358.95, 357.17, 0.9588, -0.0158, 0.2830, -0.0211
17:26:48, 1.53, 46, 33.13, 358.81, 357.16, 0.9582, -0.0170, 0.2847, -0.0208
17:26:48, 1.53, 46, 33.31, 358.65, 357.17, 0.9578, -0.0184, 0.2862, -0.0202
17:26:48, 1.57, 47, 33.51, 358.50, 357.18, 0.9573, -0.0197, 0.2879, -0.0198
17:26:48, 1.57, 47, 33.65, 358.28, 357.15, 0.9569, -0.0215, 0.2890, -0.0195
17:26:48, 1.60, 48, 33.83, 358.14, 357.13, 0.9564, -0.0228, 0.2904, -0.0192
17:26:48, 1.60, 48, 33.97, 357.96, 357.10, 0.9561, -0.0244, 0.2915, -0.0190
17:26:48, 1.60, 48, 34.07, 357.79, 357.07, 0.9558, -0.0259, 0.2923, -0.0188
17:26:48, 1.63, 49, 34.20, 357.61, 357.00, 0.9554, -0.0276, 0.2934, -0.0189
17:26:48, 1.63, 49, 34.32, 357.39, 356.96, 0.9551, -0.0296, 0.2943, -0.0187
17:26:48, 1.67, 50, 34.44, 357.18, 356.87, 0.9547, -0.0316, 0.2952, -0.0188
17:26:48, 1.67, 50, 34.56, 357.00, 356.76, 0.9544, -0.0334, 0.2961, -0.0192
17:26:49, 1.67, 50, 34.65, 356.82, 356.69, 0.9541, -0.0351, 0.2968, -0.0193
17:26:49, 1.70, 51, 34.74, 356.63, 356.64, 0.9538, -0.0368, 0.2975, -0.0192
17:26:49, 1.70, 51, 34.82, 356.43, 356.59, 0.9536, -0.0386, 0.2980, -0.0191
17:26:49, 1.73, 52, 34.85, 356.20, 356.53, 0.9534, -0.0407, 0.2982, -0.0190
17:26:49, 1.73, 52, 34.87, 355.91, 356.43, 0.9533, -0.0433, 0.2982, -0.0190
17:26:49, 1.77, 53, 34.83, 355.59, 356.33, 0.9533, -0.0463, 0.2977, -0.0191
17:26:49, 1.77, 53, 34.76, 355.25, 356.22, 0.9534, -0.0494, 0.2970, -0.0191
17:26:49, 1.77, 53, 34.65, 354.96, 356.12, 0.9536, -0.0520, 0.2959, -0.0192
17:26:49, 1.80, 54, 34.48, 354.60, 356.04, 0.9539, -0.0552, 0.2943, -0.0190
17:26:49, 1.80, 54, 34.26, 354.29, 355.94, 0.9544, -0.0580, 0.2923, -0.0192
17:26:49, 1.83, 55, 34.06, 353.94, 355.84, 0.9548, -0.0611, 0.2904, -0.0192
17:26:49, 1.83, 55, 33.86, 353.63, 355.81, 0.9551, -0.0638, 0.2886, -0.0187
17:26:49, 1.83, 55, 33.60, 353.29, 355.73, 0.9557, -0.0668, 0.2862, -0.0187
17:26:49, 1.87, 56, 33.35, 352.93, 355.63, 0.9561, -0.0700, 0.2840, -0.0188
17:26:49, 1.87, 56, 33.01, 352.59, 355.57, 0.9568, -0.0729, 0.2809, -0.0187
17:26:49, 1.90, 57, 32.69, 352.16, 355.50, 0.9574, -0.0765, 0.2780, -0.0184
17:26:49, 1.90, 57, 32.37, 351.80, 355.44, 0.9580, -0.0797, 0.2750, -0.0182
17:26:49, 1.93, 58, 32.01, 351.41, 355.36, 0.9586, -0.0830, 0.2718, -0.0182
17:26:49, 1.93, 58, 31.63, 350.96, 355.27, 0.9592, -0.0870, 0.2683, -0.0181
17:26:49, 1.93, 58, 31.21, 350.51, 355.22, 0.9599, -0.0908, 0.2645, -0.0178
17:26:49, 1.97, 59, 30.75, 350.11, 355.17, 0.9607, -0.0942, 0.2604, -0.0176
17:26:49, 1.97, 59, 30.29, 349.71, 355.11, 0.9615, -0.0976, 0.2562, -0.0176
17:26:49, 2.00, 60, 29.75, 349.26, 355.08, 0.9624, -0.1013, 0.2514, -0.0173
17:26:49, 2.00, 60, 29.29, 348.82, 354.93, 0.9631, -0.1053, 0.2472, -0.0180
17:26:49, 2.00, 60, 28.81, 348.41, 354.86, 0.9638, -0.1088, 0.2428, -0.0182
17:26:49, 2.03, 61, 28.32, 347.99, 354.84, 0.9645, -0.1123, 0.2385, -0.0179
17:26:49, 2.03, 61, 27.82, 347.59, 354.86, 0.9652, -0.1155, 0.2341, -0.0173
17:26:49, 2.07, 62, 27.40, 347.21, 354.81, 0.9657, -0.1187, 0.2302, -0.0174
17:26:49, 2.07, 62, 27.08, 346.86, 354.72, 0.9660, -0.1219, 0.2272, -0.0177
17:26:49, 2.10, 63, 26.74, 346.45, 354.73, 0.9663, -0.1252, 0.2241, -0.0172
17:26:49, 2.10, 63, 26.38, 346.10, 354.70, 0.9667, -0.1282, 0.2208, -0.0171
17:26:49, 2.10, 63, 26.12, 345.70, 354.66, 0.9668, -0.1316, 0.2184, -0.0170
17:26:49, 2.13, 64, 25.86, 345.46, 354.64, 0.9671, -0.1336, 0.2160, -0.0169
17:26:49, 2.13, 64, 25.68, 345.22, 354.61, 0.9672, -0.1356, 0.2142, -0.0169
17:26:49, 2.17, 65, 25.45, 344.89, 354.61, 0.9673, -0.1384, 0.2121, -0.0165
17:26:49, 2.17, 65, 25.36, 344.64, 354.60, 0.9672, -0.1405, 0.2112, -0.0162
17:26:49, 2.17, 65, 25.21, 344.47, 354.52, 0.9673, -0.1420, 0.2097, -0.0168
17:26:49, 2.20, 66, 25.10, 344.22, 354.53, 0.9672, -0.1441, 0.2086, -0.0163
17:26:49, 2.20, 66, 25.03, 344.07, 354.52, 0.9672, -0.1454, 0.2078, -0.0162
17:26:49, 2.23, 67, 24.93, 343.90, 354.52, 0.9671, -0.1468, 0.2069, -0.0160
17:26:49, 2.23, 67, 24.91, 343.76, 354.48, 0.9670, -0.1480, 0.2067, -0.0161
17:26:49, 2.27, 68, 24.90, 343.61, 354.46, 0.9669, -0.1493, 0.2064, -0.0160
17:26:49, 2.27, 68, 24.94, 343.45, 354.41, 0.9666, -0.1508, 0.2066, -0.0161
17:26:49, 2.27, 68, 24.98, 343.29, 354.39, 0.9663, -0.1522, 0.2068, -0.0159
17:26:49, 2.30, 69, 25.01, 343.13, 354.37, 0.9661, -0.1535, 0.2069, -0.0157
17:26:49, 2.30, 69, 25.07, 343.00, 354.33, 0.9659, -0.1547, 0.2072, -0.0157
17:26:49, 2.33, 70, 25.13, 342.86, 354.29, 0.9656, -0.1559, 0.2076, -0.0157
17:26:49, 2.33, 70, 25.21, 342.73, 354.23, 0.9653, -0.1572, 0.2081, -0.0158
17:26:49, 2.33, 70, 25.28, 342.60, 354.17, 0.9650, -0.1584, 0.2085, -0.0160
17:26:49, 2.37, 71, 25.34, 342.46, 354.13, 0.9647, -0.1597, 0.2089, -0.0159
17:26:49, 2.37, 71, 25.41, 342.33, 354.10, 0.9644, -0.1608, 0.2093, -0.0159
17:26:49, 2.40, 72, 25.45, 342.21, 354.04, 0.9642, -0.1620, 0.2095, -0.0161
17:26:49, 2.40, 72, 25.49, 342.08, 353.96, 0.9639, -0.1631, 0.2096, -0.0164
17:26:49, 2.43, 73, 25.51, 341.94, 353.92, 0.9637, -0.1644, 0.2096, -0.0165
17:26:49, 2.43, 73, 25.53, 341.82, 353.85, 0.9635, -0.1656, 0.2096, -0.0168
17:26:49, 2.43, 73, 25.54, 341.69, 353.73, 0.9633, -0.1669, 0.2094, -0.0175
17:26:49, 2.47, 74, 25.53, 341.56, 353.62, 0.9632, -0.1682, 0.2090, -0.0182
17:26:49, 2.47, 74, 25.55, 341.43, 353.52, 0.9629, -0.1694, 0.2090, -0.0188
17:26:49, 2.50, 75, 25.53, 341.34, 353.46, 0.9629, -0.1703, 0.2087, -0.0192
17:26:49, 2.50, 75, 25.51, 341.26, 353.38, 0.9628, -0.1711, 0.2083, -0.0197
17:26:49, 2.50, 75, 25.48, 341.14, 353.33, 0.9627, -0.1722, 0.2079, -0.0199
17:26:49, 2.53, 76, 25.41, 341.04, 353.29, 0.9627, -0.1731, 0.2072, -0.0201
17:26:49, 2.53, 76, 25.34, 340.96, 353.26, 0.9627, -0.1738, 0.2065, -0.0203
17:26:49, 2.57, 77, 25.28, 340.89, 353.20, 0.9627, -0.1745, 0.2058, -0.0208
17:26:49, 2.57, 77, 25.24, 340.89, 353.16, 0.9628, -0.1745, 0.2054, -0.0212
17:26:49, 2.60, 78, 25.21, 340.91, 353.09, 0.9628, -0.1745, 0.2050, -0.0219
17:26:49, 2.60, 78, 25.19, 340.98, 353.05, 0.9629, -0.1740, 0.2049, -0.0224
17:26:49, 2.60, 78, 25.17, 341.06, 353.00, 0.9631, -0.1734, 0.2048, -0.0229
17:26:49, 2.63, 79, 25.20, 341.24, 352.94, 0.9632, -0.1720, 0.2050, -0.0238
17:26:49, 2.63, 79, 25.24, 341.43, 352.86, 0.9634, -0.1706, 0.2054, -0.0248
17:26:49, 2.67, 80, 25.28, 341.63, 352.78, 0.9635, -0.1690, 0.2058, -0.0258
17:26:49, 2.67, 80, 25.34, 341.92, 352.73, 0.9638, -0.1667, 0.2064, -0.0267
17:26:50, 2.67, 80, 25.39, 342.19, 352.68, 0.9640, -0.1646, 0.2070, -0.0276
17:26:50, 2.70, 81, 25.44, 342.40, 352.67, 0.9642, -0.1628, 0.2076, -0.0280
17:26:50, 2.70, 81, 25.51, 342.59, 352.63, 0.9642, -0.1613, 0.2083, -0.0286
17:26:50, 2.73, 82, 25.63, 342.78, 352.56, 0.9642, -0.1599, 0.2093, -0.0295
17:26:50, 2.73, 82, 25.74, 342.96, 352.51, 0.9642, -0.1585, 0.2104, -0.0301
17:26:50, 2.77, 83, 25.89, 343.22, 352.46, 0.9642, -0.1564, 0.2118, -0.0308
17:26:50, 2.77, 83, 26.01, 343.46, 352.42, 0.9642, -0.1546, 0.2129, -0.0315
17:26:50, 2.77, 83, 26.13, 343.67, 352.40, 0.9642, -0.1529, 0.2141, -0.0319
17:26:50, 2.80, 84, 26.25, 343.82, 352.39, 0.9642, -0.1517, 0.2152, -0.0321
17:26:50, 2.80, 84, 26.38, 343.99, 352.38, 0.9641, -0.1503, 0.2164, -0.0324
17:26:50, 2.83, 85, 26.49, 344.11, 352.37, 0.9640, -0.1494, 0.2175, -0.0325
17:26:50, 2.83, 85, 26.62, 344.29, 352.34, 0.9640, -0.1479, 0.2187, -0.0330
17:26:50, 2.83, 85, 26.70, 344.43, 352.33, 0.9639, -0.1468, 0.2195, -0.0332
17:26:50, 2.87, 86, 26.79, 344.58, 352.32, 0.9639, -0.1456, 0.2203, -0.0336
17:26:50, 2.87, 86, 26.86, 344.72, 352.29, 0.9639, -0.1445, 0.2209, -0.0340
17:26:50, 2.90, 87, 26.90, 344.84, 352.29, 0.9640, -0.1435, 0.2214, -0.0342
17:26:50, 2.90, 87, 26.90, 344.95, 352.32, 0.9641, -0.1425, 0.2216, -0.0342
17:26:50, 2.93, 88, 26.89, 345.07, 352.31, 0.9642, -0.1415, 0.2216, -0.0345
17:26:50, 2.93, 88, 26.88, 345.19, 352.33, 0.9643, -0.1405, 0.2216, -0.0347
17:26:50, 2.93, 88, 26.84, 345.27, 352.35, 0.9645, -0.1397, 0.2214, -0.0346
17:26:50, 2.97, 89, 26.80, 345.37, 352.35, 0.9647, -0.1390, 0.2211, -0.0349
17:26:50, 2.97, 89, 26.74, 345.47, 352.39, 0.9649, -0.1380, 0.2207, -0.0349
17:26:50, 3.00, 90, 26.70, 345.56, 352.41, 0.9651, -0.1372, 0.2204, -0.0350
17:26:50, 3.00, 90, 26.63, 345.66, 352.43, 0.9653, -0.1362, 0.2200, -0.0350
17:26:50, 3.00, 90, 26.54, 345.77, 352.46, 0.9656, -0.1353, 0.2194, -0.0351
17:26:50, 3.03, 91, 26.46, 345.90, 352.49, 0.9659, -0.1341, 0.2189, -0.0352
17:26:50, 3.03, 91, 26.41, 346.01, 352.52, 0.9661, -0.1331, 0.2185, -0.0353
17:26:50, 3.07, 92, 26.34, 346.16, 352.55, 0.9663, -0.1318, 0.2181, -0.0354
17:26:50, 3.07, 92, 26.25, 346.32, 352.60, 0.9667, -0.1303, 0.2175, -0.0354
17:26:50, 3.10, 93, 26.17, 346.48, 352.67, 0.9670, -0.1288, 0.2170, -0.0353
17:26:50, 3.10, 93, 26.09, 346.64, 352.71, 0.9673, -0.1273, 0.2166, -0.0353
17:26:50, 3.10, 93, 26.00, 346.80, 352.77, 0.9676, -0.1259, 0.2159, -0.0353
17:26:50, 3.13, 94, 25.94, 346.98, 352.81, 0.9679, -0.1243, 0.2156, -0.0353
17:26:50, 3.13, 94, 25.87, 347.15, 352.88, 0.9682, -0.1227, 0.2153, -0.0351
17:26:50, 3.17, 95, 25.82, 347.29, 352.94, 0.9684, -0.1214, 0.2150, -0.0350
17:26:50, 3.17, 95, 25.78, 347.44, 352.98, 0.9686, -0.1200, 0.2148, -0.0350
17:26:50, 3.17, 95, 25.71, 347.59, 353.05, 0.9689, -0.1186, 0.2144, -0.0347
17:26:50, 3.20, 96, 25.65, 347.73, 353.14, 0.9691, -0.1173, 0.2141, -0.0343
17:26:50, 3.20, 96, 25.58, 347.89, 353.19, 0.9694, -0.1158, 0.2136, -0.0343
17:26:50, 3.23, 97, 25.49, 348.06, 353.25, 0.9697, -0.1142, 0.2130, -0.0342
17:26:50, 3.23, 97, 25.36, 348.24, 353.33, 0.9701, -0.1125, 0.2122, -0.0340
17:26:50, 3.27, 98, 25.22, 348.43, 353.42, 0.9706, -0.1106, 0.2112, -0.0338
17:26:50, 3.27, 98, 25.08, 348.59, 353.50, 0.9710, -0.1092, 0.2102, -0.0335
17:26:50, 3.27, 98, 24.93, 348.74, 353.57, 0.9714, -0.1077, 0.2091, -0.0334
17:26:50, 3.30, 99, 24.73, 348.92, 353.69, 0.9719, -0.1059, 0.2076, -0.0329
17:26:50, 3.30, 99, 24.53, 349.09, 353.83, 0.9724, -0.1042, 0.2061, -0.0322
17:26:50, 3.33, 100, 24.34, 349.27, 353.93, 0.9729, -0.1024, 0.2047, -0.0319
17:26:50, 3.33, 100, 24.08, 349.50, 354.04, 0.9736, -0.1002, 0.2028, -0.0316
17:26:50, 3.33, 100, 23.80, 349.72, 354.22, 0.9743, -0.0979, 0.2007, -0.0307
17:26:50, 3.37, 101, 23.52, 350.02, 354.35, 0.9750, -0.0950, 0.1986, -0.0304
17:26:50, 3.37, 101, 23.21, 350.32, 354.49, 0.9758, -0.0922, 0.1962, -0.0300
17:26:50, 3.40, 102, 22.90, 350.59, 354.64, 0.9765, -0.0896, 0.1939, -0.0294
17:26:50, 3.40, 102, 22.59, 350.92, 354.79, 0.9772, -0.0864, 0.1915, -0.0289
17:26:50, 3.43, 103, 22.29, 351.20, 354.99, 0.9780, -0.0837, 0.1893, -0.0279
17:26:50, 3.43, 103, 22.05, 351.50, 355.14, 0.9786, -0.0807, 0.1874, -0.0274
17:26:50, 3.43, 103, 21.76, 351.85, 355.37, 0.9793, -0.0773, 0.1853, -0.0262
17:26:50, 3.47, 104, 21.57, 352.25, 355.48, 0.9798, -0.0737, 0.1839, -0.0260
17:26:50, 3.47, 104, 21.35, 352.59, 355.63, 0.9804, -0.0705, 0.1823, -0.0255
17:26:50, 3.50, 105, 21.23, 353.00, 355.85, 0.9808, -0.0666, 0.1816, -0.0243
17:26:50, 3.50, 105, 21.18, 353.30, 355.97, 0.9811, -0.0638, 0.1813, -0.0238
17:26:50, 3.50, 105, 21.13, 353.66, 356.13, 0.9813, -0.0605, 0.1811, -0.0230
17:26:50, 3.53, 106, 21.14, 353.94, 356.31, 0.9815, -0.0578, 0.1814, -0.0219
17:26:50, 3.53, 106, 21.19, 354.28, 356.45, 0.9815, -0.0547, 0.1820, -0.0213
17:26:50, 3.57, 107, 21.30, 354.61, 356.63, 0.9815, -0.0516, 0.1832, -0.0201
17:26:50, 3.57, 107, 21.45, 354.91, 356.79, 0.9814, -0.0488, 0.1846, -0.0193
17:26:50, 3.60, 108, 21.62, 355.21, 356.89, 0.9812, -0.0462, 0.1862, -0.0188
17:26:50, 3.60, 108, 21.82, 355.41, 356.98, 0.9810, -0.0443, 0.1880, -0.0183
17:26:50, 3.60, 108, 22.05, 355.62, 357.08, 0.9807, -0.0424, 0.1901, -0.0176
17:26:50, 3.63, 109, 22.31, 355.79, 357.20, 0.9803, -0.0408, 0.1924, -0.0168
17:26:50, 3.63, 109, 22.56, 355.93, 357.28, 0.9800, -0.0395, 0.1946, -0.0163
17:26:50, 3.67, 110, 22.77, 356.12, 357.34, 0.9797, -0.0378, 0.1965, -0.0161
17:26:50, 3.67, 110, 22.98, 356.23, 357.41, 0.9793, -0.0367, 0.1983, -0.0156
17:26:51, 3.67, 110, 23.18, 356.37, 357.45, 0.9790, -0.0355, 0.2001, -0.0154
17:26:51, 3.70, 111, 23.32, 356.52, 357.49, 0.9788, -0.0342, 0.2013, -0.0153
17:26:51, 3.70, 111, 23.46, 356.65, 357.54, 0.9786, -0.0330, 0.2026, -0.0151
17:26:51, 3.73, 112, 23.50, 356.77, 357.59, 0.9786, -0.0319, 0.2029, -0.0148
17:26:51, 3.73, 112, 23.48, 356.88, 357.64, 0.9786, -0.0309, 0.2028, -0.0146
17:26:51, 3.77, 113, 23.39, 356.95, 357.70, 0.9788, -0.0301, 0.2021, -0.0143
17:26:51, 3.77, 113, 23.20, 356.97, 357.75, 0.9792, -0.0298, 0.2004, -0.0139
17:26:51, 3.77, 113, 22.89, 356.98, 357.85, 0.9797, -0.0295, 0.1978, -0.0131
17:26:51, 3.80, 114, 22.32, 356.95, 358.01, 0.9807, -0.0295, 0.1930, -0.0118
17:26:51, 3.80, 114, 21.53, 356.90, 358.20, 0.9820, -0.0295, 0.1862, -0.0104
17:26:51, 3.83, 115, 20.25, 356.76, 358.38, 0.9840, -0.0303, 0.1753, -0.0089
17:26:51, 3.83, 115, 18.59, 356.71, 358.54, 0.9864, -0.0304, 0.1611, -0.0079
17:26:51, 3.83, 115, 16.56, 356.68, 358.67, 0.9891, -0.0304, 0.1436, -0.0073
17:26:51, 3.87, 116, 14.17, 356.68, 358.71, 0.9919, -0.0302, 0.1230, -0.0076
17:26:51, 3.87, 116, 11.55, 356.66, 358.79, 0.9945, -0.0301, 0.1003, -0.0076
17:26:51, 3.90, 117, 8.66, 356.70, 358.84, 0.9967, -0.0294, 0.0752, -0.0079
17:26:51, 3.90, 117, 5.76, 356.70, 358.96, 0.9983, -0.0292, 0.0500, -0.0076
17:26:51, 3.93, 118, 2.70, 356.68, 359.00, 0.9993, -0.0292, 0.0233, -0.0080
17:26:51, 3.93, 118, 359.56, 356.53, 359.09, 0.9995, -0.0302, -0.0041, -0.0081
17:26:51, 3.93, 118, 356.20, 356.29, 359.13, 0.9989, -0.0321, -0.0334, -0.0087
17:26:51, 3.97, 119, 352.73, 356.01, 359.15, 0.9973, -0.0343, -0.0636, -0.0096
17:26:51, 3.97, 119, 349.07, 355.64, 359.09, 0.9947, -0.0371, -0.0955, -0.0115
17:26:51, 4.00, 120, 345.26, 355.17, 359.10, 0.9908, -0.0408, -0.1285, -0.0132
17:26:51, 4.00, 120, 341.28, 354.66, 359.08, 0.9855, -0.0447, -0.1628, -0.0155
17:26:51, 4.03, 121, 337.28, 354.31, 359.19, 0.9791, -0.0473, -0.1971, -0.0167
17:26:51, 4.03, 121, 333.28, 354.12, 359.28, 0.9716, -0.0485, -0.2311, -0.0180
17:26:51, 4.03, 121, 329.20, 353.98, 359.49, 0.9627, -0.0494, -0.2654, -0.0182
17:26:51, 4.07, 122, 325.20, 353.90, 359.66, 0.9528, -0.0499, -0.2987, -0.0188
17:26:51, 4.07, 122, 321.19, 353.82, 359.88, 0.9418, -0.0505, -0.3318, -0.0189
17:26:51, 4.10, 123, 317.23, 353.74, 0.14, 0.9298, -0.0513, -0.3640, -0.0188
17:26:51, 4.10, 123, 313.33, 353.65, 0.42, 0.9169, -0.0524, -0.3953, -0.0186
17:26:51, 4.10, 123, 309.52, 353.63, 0.69, 0.9032, -0.0528, -0.4255, -0.0183
17:26:51, 4.13, 124, 305.73, 353.64, 0.96, 0.8887, -0.0532, -0.4550, -0.0178
17:26:51, 4.13, 124, 302.06, 353.62, 1.32, 0.8738, -0.0543, -0.4830, -0.0169
17:26:51, 4.17, 125, 298.50, 353.70, 1.68, 0.8584, -0.0547, -0.5098, -0.0155
17:26:51, 4.17, 125, 295.01, 353.72, 2.03, 0.8426, -0.0557, -0.5355, -0.0145
17:26:51, 4.17, 125, 291.74, 353.81, 2.26, 0.8270, -0.0557, -0.5593, -0.0140
17:26:51, 4.20, 126, 288.55, 353.92, 2.63, 0.8112, -0.0564, -0.5820, -0.0124
17:26:51, 4.20, 126, 285.44, 354.03, 2.93, 0.7952, -0.0569, -0.6036, -0.0112
17:26:51, 4.23, 127, 282.41, 354.18, 3.16, 0.7790, -0.0568, -0.6244, -0.0103
17:26:51, 4.23, 127, 279.49, 354.38, 3.41, 0.7629, -0.0566, -0.6440, -0.0090
17:26:51, 4.27, 128, 276.76, 354.66, 3.61, 0.7474, -0.0556, -0.6620, -0.0074
17:26:51, 4.27, 128, 274.20, 355.04, 3.92, 0.7324, -0.0549, -0.6786, -0.0044
17:26:51, 4.27, 128, 271.85, 355.47, 4.11, 0.7184, -0.0533, -0.6936, -0.0017
17:26:51, 4.30, 129, 269.82, 355.93, 4.32, 0.7060, -0.0517, -0.7063, 0.0015
17:26:51, 4.30, 129, 268.10, 356.32, 4.52, 0.6953, -0.0506, -0.7169, 0.0044
17:26:51, 4.33, 130, 266.89, 356.65, 4.71, 0.6877, -0.0499, -0.7243, 0.0070
17:26:51, 4.33, 130, 265.97, 356.88, 4.86, 0.6818, -0.0496, -0.7298, 0.0090
17:26:51, 4.33, 130, 265.34, 357.07, 5.05, 0.6777, -0.0497, -0.7336, 0.0111
17:26:51, 4.37, 131, 265.08, 357.24, 5.15, 0.6760, -0.0494, -0.7351, 0.0126
17:26:51, 4.37, 131, 264.81, 357.37, 5.26, 0.6743, -0.0493, -0.7367, 0.0140
17:26:51, 4.40, 132, 264.59, 357.48, 5.46, 0.6728, -0.0500, -0.7380, 0.0158
17:26:51, 4.40, 132, 264.37, 357.54, 5.67, 0.6713, -0.0510, -0.7392, 0.0173
17:26:51, 4.43, 133, 264.05, 357.52, 5.72, 0.6692, -0.0515, -0.7411, 0.0173
17:26:51, 4.43, 133, 263.62, 357.57, 5.72, 0.6665, -0.0513, -0.7435, 0.0175
17:26:51, 4.43, 133, 263.05, 357.51, 5.67, 0.6628, -0.0514, -0.7469, 0.0165
17:26:51, 4.47, 134, 262.39, 357.45, 5.61, 0.6585, -0.0514, -0.7507, 0.0155
17:26:51, 4.47, 134, 261.71, 357.39, 5.61, 0.6540, -0.0519, -0.7546, 0.0148
17:26:51, 4.50, 135, 261.00, 357.39, 5.63, 0.6494, -0.0522, -0.7585, 0.0146
17:26:51, 4.50, 135, 260.34, 357.39, 5.66, 0.6450, -0.0524, -0.7623, 0.0144
17:26:51, 4.50, 135, 259.70, 357.40, 5.69, 0.6407, -0.0526, -0.7659, 0.0144
17:26:51, 4.53, 136, 259.07, 357.42, 5.71, 0.6365, -0.0527, -0.7694, 0.0144
17:26:51, 4.53, 136, 258.53, 357.41, 5.74, 0.6329, -0.0530, -0.7723, 0.0142
17:26:51, 4.57, 137, 258.01, 357.47, 5.73, 0.6293, -0.0527, -0.7752, 0.0143
17:26:51, 4.57, 137, 257.53, 357.46, 5.83, 0.6260, -0.0535, -0.7778, 0.0146
17:26:51, 4.60, 138, 257.11, 357.40, 5.88, 0.6232, -0.0542, -0.7800, 0.0143
17:26:51, 4.60, 138, 256.70, 357.40, 5.91, 0.6204, -0.0545, -0.7822, 0.0142
17:26:51, 4.60, 138, 256.30, 357.41, 5.96, 0.6177, -0.0548, -0.7844, 0.0143
17:26:51, 4.63, 139, 255.89, 357.38, 6.02, 0.6148, -0.0554, -0.7866, 0.0142
17:26:51, 4.63, 139, 255.44, 357.46, 6.02, 0.6117, -0.0551, -0.7890, 0.0146
17:26:51, 4.67, 140, 254.98, 357.52, 6.03, 0.6085, -0.0549, -0.7915, 0.0149
17:26:51, 4.67, 140, 254.59, 357.61, 6.04, 0.6058, -0.0546, -0.7936, 0.0153
17:26:52, 4.67, 140, 254.19, 357.71, 6.07, 0.6030, -0.0542, -0.7957, 0.0160
17:26:52, 4.70, 141, 253.76, 357.75, 6.07, 0.6000, -0.0541, -0.7980, 0.0161
17:26:52, 4.70, 141, 253.33, 357.88, 6.06, 0.5970, -0.0534, -0.8003, 0.0168
17:26:52, 4.73, 142, 252.94, 357.99, 6.03, 0.5942, -0.0527, -0.8024, 0.0172
17:26:52, 4.73, 142, 252.46, 358.02, 6.01, 0.5909, -0.0524, -0.8049, 0.0171
17:26:52, 4.77, 143, 252.07, 358.18, 5.93, 0.5881, -0.0512, -0.8070, 0.0176
17:26:52, 4.77, 143, 251.67, 358.26, 5.87, 0.5852, -0.0503, -0.8091, 0.0177
17:26:52, 4.77, 143, 251.35, 358.38, 5.80, 0.5830, -0.0493, -0.8108, 0.0180
17:26:52, 4.80, 144, 251.03, 358.40, 5.71, 0.5807, -0.0486, -0.8125, 0.0176
17:26:52, 4.80, 144, 250.76, 358.44, 5.64, 0.5788, -0.0479, -0.8139, 0.0174
17:26:52, 4.83, 145, 250.44, 358.53, 5.61, 0.5765, -0.0474, -0.8155, 0.0177
17:26:52, 4.83, 145, 250.17, 358.57, 5.50, 0.5746, -0.0464, -0.8170, 0.0174
17:26:52, 4.87, 146, 249.88, 358.63, 5.45, 0.5725, -0.0458, -0.8184, 0.0175
17:26:52, 4.87, 146, 249.60, 358.73, 5.38, 0.5705, -0.0448, -0.8199, 0.0177
17:26:52, 4.87, 146, 249.41, 358.81, 5.33, 0.5691, -0.0441, -0.8209, 0.0179
17:26:52, 4.90, 147, 249.16, 358.89, 5.27, 0.5673, -0.0433, -0.8222, 0.0181
17:26:52, 4.90, 147, 248.90, 358.94, 5.20, 0.5654, -0.0426, -0.8235, 0.0180
17:26:52, 4.93, 148, 248.65, 359.00, 5.17, 0.5636, -0.0421, -0.8247, 0.0182
17:26:52, 4.93, 148, 248.36, 359.08, 5.13, 0.5615, -0.0416, -0.8262, 0.0185
17:26:52, 4.93, 148, 248.04, 359.16, 5.14, 0.5592, -0.0413, -0.8278, 0.0190
17:26:52, 4.97, 149, 247.70, 359.22, 5.11, 0.5567, -0.0408, -0.8295, 0.0191
17:26:52, 4.97, 149, 247.38, 359.29, 5.08, 0.5544, -0.0403, -0.8310, 0.0195
17:26:52, 5.00, 150, 247.08, 359.40, 5.08, 0.5522, -0.0399, -0.8325, 0.0201
17:26:52, 5.00, 150, 246.77, 359.51, 5.08, 0.5499, -0.0393, -0.8341, 0.0208
17:26:52, 5.03, 151, 246.53, 359.63, 5.11, 0.5481, -0.0390, -0.8352, 0.0217
17:26:52, 5.03, 151, 246.27, 359.70, 5.11, 0.5462, -0.0388, -0.8365, 0.0222
17:26:52, 5.03, 151, 246.00, 359.80, 5.09, 0.5441, -0.0382, -0.8378, 0.0227
17:26:52, 5.07, 152, 245.77, 359.84, 5.09, 0.5425, -0.0381, -0.8389, 0.0229
17:26:52, 5.07, 152, 245.52, 359.90, 5.10, 0.5406, -0.0379, -0.8401, 0.0234
17:26:52, 5.10, 153, 245.27, 359.96, 5.14, 0.5387, -0.0379, -0.8413, 0.0238
17:26:52, 5.10, 153, 245.03, 0.09, 5.18, 0.5369, -0.0377, -0.8424, 0.0250
17:26:52, 5.10, 153, 244.77, 0.20, 5.23, 0.5350, -0.0376, -0.8436, 0.0259
17:26:52, 5.13, 154, 244.52, 0.33, 5.24, 0.5331, -0.0371, -0.8448, 0.0269
17:26:52, 5.13, 154, 244.26, 0.41, 5.24, 0.5311, -0.0368, -0.8460, 0.0274
17:26:52, 5.17, 155, 244.02, 0.47, 5.25, 0.5294, -0.0366, -0.8471, 0.0278
17:26:52, 5.17, 155, 243.75, 0.55, 5.24, 0.5273, -0.0363, -0.8484, 0.0282
17:26:52, 5.20, 156, 243.52, 0.60, 5.26, 0.5256, -0.0362, -0.8495, 0.0286
17:26:52, 5.20, 156, 243.25, 0.67, 5.28, 0.5236, -0.0361, -0.8507, 0.0292
17:26:52, 5.20, 156, 243.02, 0.74, 5.32, 0.5218, -0.0362, -0.8518, 0.0298
17:26:52, 5.23, 157, 242.78, 0.81, 5.32, 0.5200, -0.0359, -0.8529, 0.0302
17:26:52, 5.23, 157, 242.56, 0.87, 5.34, 0.5183, -0.0359, -0.8539, 0.0307
17:26:52, 5.27, 158, 242.36, 0.92, 5.37, 0.5168, -0.0360, -0.8548, 0.0311
17:26:52, 5.27, 158, 242.17, 0.98, 5.39, 0.5154, -0.0358, -0.8556, 0.0316
17:26:52, 5.27, 158, 242.02, 1.00, 5.41, 0.5142, -0.0359, -0.8563, 0.0318
17:26:52, 5.30, 159, 241.84, 1.07, 5.43, 0.5129, -0.0358, -0.8571, 0.0324
17:26:52, 5.30, 159, 241.67, 1.13, 5.44, 0.5116, -0.0357, -0.8579, 0.0328
17:26:52, 5.33, 160, 241.55, 1.18, 5.44, 0.5106, -0.0355, -0.8584, 0.0331
17:26:52, 5.33, 160, 241.41, 1.21, 5.45, 0.5096, -0.0355, -0.8590, 0.0333
17:26:52, 5.33, 160, 241.27, 1.24, 5.43, 0.5085, -0.0352, -0.8597, 0.0334
17:26:52, 5.37, 161, 241.13, 1.26, 5.42, 0.5075, -0.0351, -0.8603, 0.0335
17:26:52, 5.37, 161, 241.01, 1.26, 5.39, 0.5066, -0.0350, -0.8608, 0.0333
17:26:52, 5.40, 162, 240.91, 1.26, 5.37, 0.5058, -0.0348, -0.8613, 0.0332
17:26:52, 5.40, 162, 240.80, 1.29, 5.35, 0.5050, -0.0346, -0.8618, 0.0333
17:26:52, 5.43, 163, 240.71, 1.33, 5.34, 0.5043, -0.0343, -0.8622, 0.0335
17:26:52, 5.43, 163, 240.62, 1.35, 5.32, 0.5036, -0.0341, -0.8626, 0.0336
17:26:52, 5.43, 163, 240.55, 1.38, 5.30, 0.5031, -0.0338, -0.8629, 0.0337
17:26:52, 5.47, 164, 240.47, 1.40, 5.26, 0.5025, -0.0335, -0.8633, 0.0337
17:26:52, 5.47, 164, 240.41, 1.41, 5.25, 0.5021, -0.0334, -0.8635, 0.0337
17:26:52, 5.50, 165, 240.35, 1.42, 5.22, 0.5016, -0.0332, -0.8638, 0.0336
17:26:52, 5.50, 165, 240.30, 1.42, 5.21, 0.5013, -0.0331, -0.8640, 0.0335
17:26:52, 5.53, 166, 240.26, 1.41, 5.18, 0.5009, -0.0329, -0.8642, 0.0333
17:26:52, 5.53, 166, 240.20, 1.41, 5.15, 0.5005, -0.0327, -0.8645, 0.0332
17:26:52, 5.53, 166, 240.15, 1.39, 5.14, 0.5001, -0.0328, -0.8647, 0.0330
17:26:52, 5.57, 167, 240.12, 1.41, 5.11, 0.4999, -0.0324, -0.8648, 0.0330
17:26:52, 5.57, 167, 240.07, 1.39, 5.07, 0.4995, -0.0322, -0.8651, 0.0326
17:26:52, 5.60, 168, 240.07, 1.36, 5.01, 0.4996, -0.0319, -0.8651, 0.0321
17:26:52, 5.60, 168, 240.10, 1.34, 4.96, 0.4998, -0.0316, -0.8650, 0.0318
17:26:52, 5.60, 168, 240.13, 1.35, 4.89, 0.5000, -0.0310, -0.8649, 0.0315
17:26:52, 5.63, 169, 240.16, 1.33, 4.86, 0.5003, -0.0309, -0.8647, 0.0313
17:26:52, 5.63, 169, 240.18, 1.35, 4.82, 0.5005, -0.0305, -0.8647, 0.0313
17:26:52, 5.67, 170, 240.18, 1.39, 4.79, 0.5005, -0.0301, -0.8647, 0.0314
17:26:52, 5.67, 170, 240.23, 1.40, 4.74, 0.5008, -0.0297, -0.8645, 0.0313
17:26:53, 5.70, 171, 240.27, 1.41, 4.70, 0.5012, -0.0293, -0.8643, 0.0312
17:26:53, 5.70, 171, 240.32, 1.41, 4.67, 0.5015, -0.0290, -0.8641, 0.0311
17:26:53, 5.70, 171, 240.35, 1.42, 4.64, 0.5018, -0.0288, -0.8640, 0.0311
17:26:53, 5.73, 172, 240.42, 1.46, 4.62, 0.5023, -0.0284, -0.8637, 0.0313
17:26:53, 5.73, 172, 240.43, 1.49, 4.59, 0.5024, -0.0280, -0.8636, 0.0314
17:26:53, 5.77, 173, 240.48, 1.55, 4.55, 0.5027, -0.0275, -0.8634, 0.0317
17:26:53, 5.77, 173, 240.53, 1.57, 4.50, 0.5031, -0.0271, -0.8632, 0.0316
17:26:53, 5.77, 173, 240.56, 1.63, 4.50, 0.5033, -0.0267, -0.8631, 0.0321
17:26:53, 5.80, 174, 240.58, 1.69, 4.46, 0.5034, -0.0262, -0.8630, 0.0323
17:26:53, 5.80, 174, 240.62, 1.73, 4.41, 0.5037, -0.0256, -0.8629, 0.0324
17:26:53, 5.83, 175, 240.66, 1.78, 4.37, 0.5040, -0.0251, -0.8627, 0.0327
17:26:53, 5.83, 175, 240.68, 1.84, 4.36, 0.5042, -0.0247, -0.8626, 0.0331
17:26:53, 5.87, 176, 240.72, 1.91, 4.34, 0.5044, -0.0242, -0.8625, 0.0335
17:26:53, 5.87, 176, 240.71, 1.97, 4.29, 0.5043, -0.0236, -0.8625, 0.0338
17:26:53, 5.87, 176, 240.71, 2.07, 4.26, 0.5044, -0.0230, -0.8625, 0.0343
17:26:53, 5.90, 177, 240.71, 2.17, 4.22, 0.5043, -0.0222, -0.8625, 0.0350
17:26:53, 5.90, 177, 240.69, 2.28, 4.22, 0.5041, -0.0217, -0.8626, 0.0357
17:26:53, 5.93, 178, 240.68, 2.40, 4.21, 0.5040, -0.0211, -0.8627, 0.0366
17:26:53, 5.93, 178, 240.66, 2.50, 4.21, 0.5038, -0.0207, -0.8628, 0.0373
17:26:53, 5.93, 178, 240.63, 2.58, 4.18, 0.5036, -0.0201, -0.8629, 0.0378
17:26:53, 5.97, 179, 240.59, 2.67, 4.17, 0.5033, -0.0196, -0.8631, 0.0385
17:26:53, 5.97, 179, 240.57, 2.75, 4.16, 0.5031, -0.0192, -0.8632, 0.0390
17:26:53, 6.00, 180, 240.56, 2.82, 4.17, 0.5030, -0.0190, -0.8632, 0.0396
17:26:53, 6.00, 180, 240.58, 2.88, 4.18, 0.5031, -0.0188, -0.8631, 0.0400
17:26:53, 6.03, 181, 240.57, 2.94, 4.17, 0.5030, -0.0185, -0.8632, 0.0405
17:26:53, 6.03, 181, 240.56, 3.00, 4.16, 0.5029, -0.0181, -0.8632, 0.0409
17:26:53, 6.03, 181, 240.60, 3.05, 4.18, 0.5031, -0.0180, -0.8630, 0.0414
17:26:53, 6.07, 182, 240.61, 3.07, 4.16, 0.5032, -0.0178, -0.8630, 0.0414
17:26:53, 6.07, 182, 240.63, 3.09, 4.13, 0.5034, -0.0175, -0.8629, 0.0415
17:26:53, 6.10, 183, 240.66, 3.12, 4.09, 0.5036, -0.0171, -0.8627, 0.0415
17:26:53, 6.10, 183, 240.68, 3.17, 4.07, 0.5038, -0.0167, -0.8627, 0.0418
17:26:53, 6.10, 183, 240.74, 3.20, 4.04, 0.5042, -0.0163, -0.8624, 0.0419
17:26:53, 6.13, 184, 240.78, 3.25, 4.00, 0.5046, -0.0158, -0.8622, 0.0421
17:26:53, 6.13, 184, 240.86, 3.27, 3.97, 0.5051, -0.0154, -0.8619, 0.0421
17:26:53, 6.17, 185, 240.94, 3.31, 3.92, 0.5057, -0.0148, -0.8616, 0.0422
17:26:53, 6.17, 185, 241.02, 3.32, 3.83, 0.5064, -0.0141, -0.8612, 0.0420
17:26:53, 6.20, 186, 241.11, 3.35, 3.77, 0.5070, -0.0135, -0.8608, 0.0419
17:26:53, 6.20, 186, 241.22, 3.39, 3.70, 0.5079, -0.0127, -0.8603, 0.0418
17:26:53, 6.20, 186, 241.32, 3.40, 3.63, 0.5086, -0.0121, -0.8599, 0.0416
17:26:53, 6.23, 187, 241.45, 3.41, 3.55, 0.5096, -0.0114, -0.8593, 0.0414
17:26:53, 6.23, 187, 241.57, 3.43, 3.47, 0.5106, -0.0107, -0.8588, 0.0412
17:26:53, 6.27, 188, 241.70, 3.43, 3.41, 0.5116, -0.0102, -0.8582, 0.0409
17:26:53, 6.27, 188, 241.87, 3.40, 3.32, 0.5129, -0.0096, -0.8574, 0.0404
17:26:53, 6.27, 188, 242.06, 3.44, 3.25, 0.5143, -0.0088, -0.8566, 0.0403
17:26:53, 6.30, 189, 242.23, 3.40, 3.18, 0.5157, -0.0084, -0.8558, 0.0397
17:26:53, 6.30, 189, 242.44, 3.40, 3.13, 0.5172, -0.0080, -0.8549, 0.0395
17:26:53, 6.33, 190, 242.60, 3.41, 3.05, 0.5184, -0.0073, -0.8542, 0.0392
17:26:53, 6.33, 190, 242.81, 3.38, 2.97, 0.5200, -0.0068, -0.8533, 0.0387
17:26:53, 6.37, 191, 243.01, 3.35, 2.85, 0.5216, -0.0060, -0.8523, 0.0379
17:26:53, 6.37, 191, 243.21, 3.29, 2.75, 0.5231, -0.0054, -0.8514, 0.0370
17:26:53, 6.37, 191, 243.42, 3.28, 2.66, 0.5247, -0.0047, -0.8505, 0.0365
17:26:53, 6.40, 192, 243.61, 3.27, 2.57, 0.5261, -0.0040, -0.8496, 0.0361
17:26:53, 6.40, 192, 243.77, 3.30, 2.50, 0.5273, -0.0033, -0.8489, 0.0360
17:26:53, 6.43, 193, 243.94, 3.33, 2.45, 0.5286, -0.0027, -0.8481, 0.0360
17:26:53, 6.43, 193, 244.11, 3.37, 2.41, 0.5298, -0.0022, -0.8473, 0.0361
17:26:53, 6.43, 193, 244.25, 3.41, 2.35, 0.5309, -0.0015, -0.8466, 0.0361
17:26:53, 6.47, 194, 244.42, 3.43, 2.31, 0.5322, -0.0011, -0.8459, 0.0361
17:26:53, 6.47, 194, 244.55, 3.44, 2.30, 0.5331, -0.0009, -0.8453, 0.0360
17:26:53, 6.50, 195, 244.69, 3.45, 2.30, 0.5342, -0.0009, -0.8446, 0.0362
17:26:53, 6.50, 195, 244.83, 3.51, 2.30, 0.5352, -0.0005, -0.8439, 0.0366
17:26:53, 6.53, 196, 244.95, 3.55, 2.31, 0.5361, -0.0004, -0.8434, 0.0370
17:26:53, 6.53, 196, 245.08, 3.60, 2.32, 0.5370, -0.0002, -0.8428, 0.0373
17:26:53, 6.53, 196, 245.19, 3.62, 2.34, 0.5378, -0.0002, -0.8422, 0.0376
17:26:53, 6.57, 197, 245.27, 3.64, 2.36, 0.5384, -0.0002, -0.8419, 0.0379
17:26:53, 6.57, 197, 245.36, 3.69, 2.36, 0.5390, 0.0001, -0.8415, 0.0382
17:26:53, 6.60, 198, 245.39, 3.75, 2.37, 0.5392, 0.0003, -0.8413, 0.0386
17:26:53, 6.60, 198, 245.44, 3.79, 2.34, 0.5396, 0.0007, -0.8410, 0.0389
17:26:53, 6.60, 198, 245.50, 3.88, 2.34, 0.5400, 0.0011, -0.8407, 0.0395
17:26:53, 6.63, 199, 245.58, 3.98, 2.35, 0.5405, 0.0015, -0.8404, 0.0403
17:26:53, 6.63, 199, 245.69, 4.09, 2.37, 0.5413, 0.0020, -0.8398, 0.0412
17:26:53, 6.67, 200, 245.84, 4.27, 2.38, 0.5424, 0.0028, -0.8391, 0.0425
17:26:53, 6.67, 200, 246.06, 4.42, 2.42, 0.5439, 0.0033, -0.8380, 0.0438
17:26:54, 6.70, 201, 246.32, 4.60, 2.43, 0.5457, 0.0042, -0.8368, 0.0452
17:26:54, 6.70, 201, 246.64, 4.75, 2.45, 0.5480, 0.0049, -0.8352, 0.0464
17:26:54, 6.70, 201, 246.95, 4.90, 2.47, 0.5502, 0.0056, -0.8337, 0.0475
17:26:54, 6.73, 202, 247.29, 5.03, 2.51, 0.5526, 0.0061, -0.8320, 0.0487
17:26:54, 6.73, 202, 247.60, 5.14, 2.53, 0.5548, 0.0066, -0.8305, 0.0495
17:26:54, 6.77, 203, 247.97, 5.28, 2.55, 0.5574, 0.0073, -0.8287, 0.0506
17:26:54, 6.77, 203, 248.28, 5.42, 2.54, 0.5596, 0.0082, -0.8271, 0.0515
17:26:54, 6.77, 203, 248.63, 5.54, 2.54, 0.5621, 0.0090, -0.8254, 0.0524
17:26:54, 6.80, 204, 248.98, 5.73, 2.47, 0.5645, 0.0106, -0.8236, 0.0534
17:26:54, 6.80, 204, 249.34, 5.87, 2.43, 0.5671, 0.0117, -0.8218, 0.0542
17:26:54, 6.83, 205, 249.75, 6.06, 2.38, 0.5700, 0.0132, -0.8197, 0.0552
17:26:54, 6.83, 205, 250.19, 6.27, 2.34, 0.5730, 0.0148, -0.8175, 0.0564
17:26:54, 6.83, 205, 250.65, 6.47, 2.32, 0.5763, 0.0162, -0.8151, 0.0577
17:26:54, 6.87, 206, 251.14, 6.75, 2.25, 0.5796, 0.0183, -0.8125, 0.0592
17:26:54, 6.87, 206, 251.58, 7.00, 2.18, 0.5827, 0.0203, -0.8102, 0.0606
17:26:54, 6.90, 207, 252.02, 7.22, 2.12, 0.5857, 0.0221, -0.8078, 0.0618
17:26:54, 6.90, 207, 252.41, 7.42, 2.05, 0.5884, 0.0239, -0.8058, 0.0627
17:26:54, 6.93, 208, 252.79, 7.65, 1.94, 0.5910, 0.0260, -0.8037, 0.0637
17:26:54, 6.93, 208, 253.08, 7.83, 1.82, 0.5930, 0.0279, -0.8021, 0.0643
17:26:54, 6.93, 208, 253.29, 8.03, 1.72, 0.5945, 0.0298, -0.8009, 0.0651
17:26:54, 6.97, 209, 253.28, 8.30, 1.61, 0.5944, 0.0320, -0.8008, 0.0664
17:26:54, 6.97, 209, 253.16, 8.55, 1.47, 0.5935, 0.0342, -0.8013, 0.0674
17:26:54, 7.00, 210, 252.81, 8.83, 1.41, 0.5909, 0.0358, -0.8030, 0.0693
17:26:54, 7.00, 210, 252.28, 9.09, 1.33, 0.5871, 0.0374, -0.8055, 0.0708
17:26:54, 7.03, 211, 251.63, 9.34, 1.23, 0.5825, 0.0390, -0.8087, 0.0723
17:26:54, 7.03, 211, 251.12, 9.60, 1.12, 0.5788, 0.0407, -0.8111, 0.0737
17:26:54, 7.03, 211, 250.70, 9.85, 1.07, 0.5758, 0.0421, -0.8130, 0.0754
17:26:54, 7.07, 212, 250.47, 10.13, 1.10, 0.5740, 0.0431, -0.8140, 0.0776
17:26:54, 7.07, 212, 250.31, 10.39, 1.17, 0.5726, 0.0439, -0.8147, 0.0799
17:26:54, 7.10, 213, 250.34, 10.58, 1.30, 0.5727, 0.0439, -0.8145, 0.0819
17:26:54, 7.10, 213, 250.46, 10.85, 1.46, 0.5733, 0.0442, -0.8138, 0.0845
17:26:54, 7.10, 213, 250.67, 11.00, 1.59, 0.5746, 0.0442, -0.8127, 0.0861
17:26:54, 7.13, 214, 250.89, 11.13, 1.68, 0.5759, 0.0443, -0.8116, 0.0874
17:26:54, 7.13, 214, 251.18, 11.26, 1.80, 0.5779, 0.0443, -0.8101, 0.0889
17:26:54, 7.17, 215, 251.45, 11.42, 1.94, 0.5795, 0.0444, -0.8087, 0.0906
17:26:54, 7.17, 215, 251.67, 11.60, 2.06, 0.5809, 0.0447, -0.8075, 0.0924
17:26:54, 7.20, 216, 251.84, 11.82, 2.14, 0.5819, 0.0453, -0.8065, 0.0942
17:26:54, 7.20, 216, 251.92, 11.99, 2.22, 0.5822, 0.0457, -0.8061, 0.0958
17:26:54, 7.20, 216, 251.96, 12.15, 2.27, 0.5824, 0.0462, -0.8057, 0.0972
17:26:54, 7.23, 217, 252.01, 12.30, 2.37, 0.5825, 0.0463, -0.8055, 0.0987
17:26:54, 7.23, 217, 252.05, 12.42, 2.48, 0.5826, 0.0462, -0.8052, 0.1001
17:26:54, 7.27, 218, 252.07, 12.53, 2.61, 0.5826, 0.0459, -0.8051, 0.1015
17:26:54, 7.27, 218, 252.07, 12.64, 2.78, 0.5823, 0.0452, -0.8051, 0.1032
17:26:54, 7.27, 218, 252.05, 12.72, 2.97, 0.5820, 0.0443, -0.8052, 0.1047
17:26:54, 7.30, 219, 252.07, 12.80, 3.19, 0.5818, 0.0432, -0.8051, 0.1064
17:26:54, 7.30, 219, 252.07, 12.84, 3.46, 0.5816, 0.0415, -0.8052, 0.1080
17:26:54, 7.33, 220, 252.08, 12.87, 3.73, 0.5814, 0.0398, -0.8052, 0.1096
17:26:54, 7.33, 220, 252.12, 12.87, 4.01, 0.5814, 0.0378, -0.8052, 0.1110
17:26:54, 7.37, 221, 252.09, 12.85, 4.29, 0.5809, 0.0357, -0.8054, 0.1123
17:26:54, 7.37, 221, 252.05, 12.81, 4.52, 0.5805, 0.0339, -0.8057, 0.1132
17:26:54, 7.37, 221, 251.97, 12.78, 4.73, 0.5797, 0.0322, -0.8061, 0.1141
17:26:54, 7.40, 222, 251.87, 12.77, 4.92, 0.5788, 0.0307, -0.8067, 0.1150
17:26:54, 7.40, 222, 251.76, 12.80, 5.19, 0.5777, 0.0288, -0.8073, 0.1166
17:26:54, 7.43, 223, 251.65, 12.78, 5.46, 0.5767, 0.0267, -0.8079, 0.1178
17:26:54, 7.43, 223, 251.53, 12.70, 5.69, 0.5757, 0.0245, -0.8087, 0.1185
17:26:54, 7.43, 223, 251.39, 12.61, 5.94, 0.5746, 0.0222, -0.8094, 0.1191
17:26:54, 7.47, 224, 251.26, 12.46, 6.20, 0.5735, 0.0195, -0.8102, 0.1194
17:26:54, 7.47, 224, 251.11, 12.36, 6.47, 0.5723, 0.0168, -0.8111, 0.1200
17:26:54, 7.50, 225, 250.98, 12.22, 6.73, 0.5712, 0.0141, -0.8118, 0.1204
17:26:54, 7.50, 225, 250.78, 12.12, 6.94, 0.5697, 0.0120, -0.8129, 0.1208
17:26:54, 7.50, 225, 250.58, 12.00, 7.12, 0.5681, 0.0098, -0.8140, 0.1209
17:26:54, 7.53, 226, 250.35, 11.96, 7.29, 0.5664, 0.0082, -0.8151, 0.1214
17:26:54, 7.53, 226, 250.09, 11.86, 7.43, 0.5645, 0.0064, -0.8164, 0.1214
17:26:54, 7.57, 227, 249.89, 11.81, 7.54, 0.5629, 0.0052, -0.8175, 0.1216
17:26:54, 7.57, 227, 249.61, 11.79, 7.61, 0.5609, 0.0043, -0.8189, 0.1218
17:26:54, 7.60, 228, 249.39, 11.73, 7.65, 0.5594, 0.0035, -0.8200, 0.1216
17:26:54, 7.60, 228, 249.21, 11.68, 7.68, 0.5581, 0.0028, -0.8208, 0.1214
17:26:54, 7.60, 228, 249.06, 11.63, 7.71, 0.5570, 0.0022, -0.8216, 0.1212
17:26:54, 7.63, 229, 248.91, 11.59, 7.71, 0.5560, 0.0018, -0.8223, 0.1209
17:26:54, 7.63, 229, 248.79, 11.52, 7.66, 0.5552, 0.0017, -0.8230, 0.1202
17:26:54, 7.67, 230, 248.62, 11.53, 7.61, 0.5541, 0.0020, -0.8237, 0.1200
17:26:54, 7.67, 230, 248.46, 11.57, 7.53, 0.5529, 0.0026, -0.8245, 0.1199
17:26:55, 7.70, 231, 248.26, 11.64, 7.43, 0.5516, 0.0034, -0.8255, 0.1199
17:26:55, 7.70, 231, 248.02, 11.69, 7.33, 0.5499, 0.0042, -0.8266, 0.1198
17:26:55, 7.70, 231, 247.77, 11.73, 7.19, 0.5482, 0.0051, -0.8277, 0.1194
17:26:55, 7.73, 232, 247.48, 11.77, 7.01, 0.5462, 0.0063, -0.8291, 0.1189
17:26:55, 7.73, 232, 247.12, 11.86, 6.85, 0.5438, 0.0075, -0.8308, 0.1188
17:26:55, 7.77, 233, 246.79, 11.95, 6.73, 0.5414, 0.0085, -0.8323, 0.1189
17:26:55, 7.77, 233, 246.49, 12.06, 6.61, 0.5392, 0.0096, -0.8337, 0.1191
17:26:55, 7.77, 233, 246.17, 12.18, 6.45, 0.5369, 0.0110, -0.8351, 0.1193
17:26:55, 7.80, 234, 245.88, 12.30, 6.36, 0.5348, 0.0119, -0.8364, 0.1197
17:26:55, 7.80, 234, 245.57, 12.47, 6.21, 0.5326, 0.0134, -0.8377, 0.1203
17:26:55, 7.83, 235, 245.27, 12.58, 6.13, 0.5303, 0.0143, -0.8390, 0.1208
17:26:55, 7.83, 235, 244.95, 12.67, 6.02, 0.5281, 0.0152, -0.8404, 0.1210
17:26:55, 7.87, 236, 244.62, 12.81, 5.91, 0.5256, 0.0163, -0.8418, 0.1216
17:26:55, 7.87, 236, 244.24, 12.93, 5.80, 0.5228, 0.0172, -0.8435, 0.1219
17:26:55, 7.87, 236, 243.82, 12.97, 5.67, 0.5198, 0.0179, -0.8454, 0.1217
17:26:55, 7.90, 237, 243.40, 13.08, 5.55, 0.5167, 0.0189, -0.8472, 0.1220
17:26:55, 7.90, 237, 242.90, 13.17, 5.40, 0.5131, 0.0198, -0.8494, 0.1221
17:26:55, 7.93, 238, 242.42, 13.25, 5.30, 0.5096, 0.0204, -0.8514, 0.1224
17:26:55, 7.93, 238, 241.96, 13.35, 5.22, 0.5062, 0.0210, -0.8534, 0.1228
17:26:55, 7.93, 238, 241.46, 13.47, 5.13, 0.5025, 0.0217, -0.8555, 0.1234
17:26:55, 7.97, 239, 240.95, 13.62, 5.01, 0.4987, 0.0227, -0.8576, 0.1241
17:26:55, 7.97, 239, 240.48, 13.76, 4.95, 0.4950, 0.0232, -0.8595, 0.1249
17:26:55, 8.00, 240, 239.94, 13.85, 4.89, 0.4910, 0.0235, -0.8618, 0.1255
17:26:55, 8.00, 240, 239.45, 13.89, 4.87, 0.4873, 0.0233, -0.8638, 0.1258
17:26:55, 8.03, 241, 238.98, 13.87, 4.79, 0.4838, 0.0233, -0.8658, 0.1254
17:26:55, 8.03, 241, 238.43, 13.92, 4.74, 0.4797, 0.0233, -0.8681, 0.1257
17:26:55, 8.03, 241, 237.99, 13.92, 4.77, 0.4764, 0.0226, -0.8699, 0.1259
17:26:55, 8.07, 242, 237.51, 13.90, 4.80, 0.4727, 0.0217, -0.8719, 0.1260
17:26:55, 8.07, 242, 236.99, 13.92, 4.80, 0.4687, 0.0212, -0.8740, 0.1262
17:26:55, 8.10, 243, 236.52, 13.88, 4.85, 0.4651, 0.0202, -0.8760, 0.1262
17:26:55, 8.10, 243, 236.04, 13.82, 4.87, 0.4615, 0.0193, -0.8780, 0.1259
17:26:55, 8.10, 243, 235.59, 13.83, 4.84, 0.4580, 0.0190, -0.8798, 0.1259
17:26:55, 8.13, 244, 235.09, 13.82, 4.85, 0.4542, 0.0183, -0.8818, 0.1260
17:26:55, 8.13, 244, 234.58, 13.84, 4.90, 0.4502, 0.0175, -0.8838, 0.1264
17:26:55, 8.17, 245, 234.11, 13.78, 4.88, 0.4466, 0.0169, -0.8856, 0.1260
17:26:55, 8.17, 245, 233.69, 13.80, 4.91, 0.4433, 0.0163, -0.8873, 0.1262
17:26:55, 8.20, 246, 233.19, 13.75, 4.89, 0.4395, 0.0157, -0.8892, 0.1259
17:26:55, 8.20, 246, 232.80, 13.76, 4.87, 0.4365, 0.0154, -0.8907, 0.1260
17:26:55, 8.20, 246, 232.33, 13.74, 4.87, 0.4329, 0.0148, -0.8925, 0.1259
17:26:55, 8.23, 247, 231.91, 13.78, 4.84, 0.4296, 0.0147, -0.8941, 0.1262
17:26:55, 8.23, 247, 231.52, 13.79, 4.89, 0.4265, 0.0140, -0.8955, 0.1264
17:26:55, 8.27, 248, 231.15, 13.76, 4.91, 0.4235, 0.0133, -0.8969, 0.1263
17:26:55, 8.27, 248, 230.71, 13.80, 4.91, 0.4201, 0.0130, -0.8985, 0.1267
17:26:55, 8.27, 248, 230.27, 13.82, 4.87, 0.4167, 0.0129, -0.9001, 0.1267
17:26:55, 8.30, 249, 229.85, 13.84, 4.87, 0.4134, 0.0124, -0.9016, 0.1269
17:26:55, 8.30, 249, 229.42, 13.86, 4.89, 0.4099, 0.0119, -0.9031, 0.1272
17:26:55, 8.33, 250, 229.00, 13.83, 4.85, 0.4067, 0.0117, -0.9047, 0.1269
17:26:55, 8.33, 250, 228.55, 13.87, 4.86, 0.4031, 0.0112, -0.9062, 0.1273
17:26:55, 8.37, 251, 228.11, 13.87, 4.83, 0.3996, 0.0110, -0.9078, 0.1273
17:26:55, 8.37, 251, 227.71, 13.84, 4.79, 0.3965, 0.0108, -0.9091, 0.1269
17:26:55, 8.37, 251, 227.33, 13.87, 4.79, 0.3935, 0.0104, -0.9104, 0.1271
17:26:55, 8.40, 252, 226.92, 13.91, 4.75, 0.3902, 0.0104, -0.9118, 0.1273
17:26:55, 8.40, 252, 226.51, 13.92, 4.79, 0.3869, 0.0097, -0.9132, 0.1276
17:26:55, 8.43, 253, 226.18, 13.93, 4.77, 0.3843, 0.0095, -0.9143, 0.1276
17:26:55, 8.43, 253, 225.86, 13.88, 4.74, 0.3818, 0.0093, -0.9154, 0.1272
17:26:55, 8.43, 253, 225.51, 13.89, 4.70, 0.3791, 0.0092, -0.9165, 0.1271
17:26:55, 8.47, 254, 225.14, 13.89, 4.61, 0.3762, 0.0095, -0.9178, 0.1269
17:26:55, 8.47, 254, 224.82, 13.86, 4.59, 0.3737, 0.0092, -0.9188, 0.1266
17:26:55, 8.50, 255, 224.46, 13.88, 4.48, 0.3709, 0.0097, -0.9200, 0.1264
17:26:55, 8.50, 255, 224.13, 13.91, 4.40, 0.3683, 0.0102, -0.9210, 0.1265
17:26:55, 8.53, 256, 223.82, 13.96, 4.33, 0.3659, 0.0105, -0.9219, 0.1266
17:26:55, 8.53, 256, 223.53, 13.95, 4.28, 0.3636, 0.0106, -0.9229, 0.1265
17:26:55, 8.53, 256, 223.30, 13.99, 4.28, 0.3617, 0.0104, -0.9236, 0.1268
17:26:55, 8.57, 257, 223.10, 14.04, 4.22, 0.3601, 0.0108, -0.9242, 0.1270
17:26:55, 8.57, 257, 222.92, 14.04, 4.18, 0.3587, 0.0110, -0.9247, 0.1269
17:26:55, 8.60, 258, 222.72, 14.05, 4.11, 0.3572, 0.0114, -0.9253, 0.1268
17:26:55, 8.60, 258, 222.51, 14.05, 4.06, 0.3555, 0.0116, -0.9260, 0.1267
17:26:55, 8.60, 258, 222.28, 14.05, 3.97, 0.3538, 0.0120, -0.9267, 0.1264
17:26:55, 8.63, 259, 222.08, 14.10, 3.90, 0.3522, 0.0125, -0.9272, 0.1266
17:26:55, 8.63, 259, 221.91, 14.14, 3.87, 0.3509, 0.0127, -0.9277, 0.1268
17:26:55, 8.67, 260, 221.77, 14.19, 3.86, 0.3497, 0.0128, -0.9281, 0.1273
17:26:55, 8.67, 260, 221.67, 14.22, 3.81, 0.3489, 0.0131, -0.9284, 0.1273
17:26:56, 8.70, 261, 221.58, 14.23, 3.72, 0.3483, 0.0138, -0.9286, 0.1272
17:26:56, 8.70, 261, 221.49, 14.21, 3.68, 0.3476, 0.0139, -0.9289, 0.1269
17:26:56, 8.70, 261, 221.43, 14.21, 3.62, 0.3472, 0.0144, -0.9291, 0.1267
17:26:56, 8.73, 262, 221.36, 14.23, 3.55, 0.3467, 0.0150, -0.9293, 0.1266
17:26:56, 8.73, 262, 221.29, 14.25, 3.48, 0.3462, 0.0155, -0.9295, 0.1267
17:26:56, 8.77, 263, 221.26, 14.31, 3.47, 0.3459, 0.0157, -0.9295, 0.1271
17:26:56, 8.77, 263, 221.23, 14.34, 3.44, 0.3457, 0.0160, -0.9295, 0.1273
17:26:56, 8.77, 263, 221.23, 14.34, 3.38, 0.3458, 0.0166, -0.9295, 0.1271
17:26:56, 8.80, 264, 221.25, 14.36, 3.35, 0.3459, 0.0168, -0.9295, 0.1271
17:26:56, 8.80, 264, 221.31, 14.37, 3.35, 0.3464, 0.0169, -0.9293, 0.1272
17:26:56, 8.83, 265, 221.41, 14.38, 3.33, 0.3472, 0.0173, -0.9290, 0.1273
17:26:56, 8.83, 265, 221.50, 14.41, 3.28, 0.3480, 0.0179, -0.9286, 0.1273
17:26:56, 8.87, 266, 221.65, 14.44, 3.25, 0.3493, 0.0184, -0.9281, 0.1274
17:26:56, 8.87, 266, 221.82, 14.43, 3.22, 0.3507, 0.0188, -0.9276, 0.1272
17:26:56, 8.87, 266, 222.03, 14.42, 3.19, 0.3524, 0.0192, -0.9270, 0.1270
17:26:56, 8.90, 267, 222.20, 14.41, 3.10, 0.3538, 0.0201, -0.9265, 0.1266
17:26:56, 8.90, 267, 222.38, 14.39, 3.00, 0.3555, 0.0210, -0.9259, 0.1261
17:26:56, 8.93, 268, 222.59, 14.39, 2.93, 0.3572, 0.0218, -0.9252, 0.1258
17:26:56, 8.93, 268, 222.82, 14.38, 2.86, 0.3591, 0.0227, -0.9245, 0.1255
17:26:56, 8.93, 268, 223.06, 14.36, 2.77, 0.3612, 0.0236, -0.9238, 0.1251
17:26:56, 8.97, 269, 223.34, 14.37, 2.70, 0.3635, 0.0245, -0.9229, 0.1249
17:26:56, 8.97, 269, 223.61, 14.39, 2.60, 0.3658, 0.0256, -0.9220, 0.1246
17:26:56, 9.00, 270, 223.94, 14.39, 2.46, 0.3686, 0.0271, -0.9209, 0.1241
17:26:56, 9.00, 270, 224.29, 14.34, 2.38, 0.3715, 0.0280, -0.9198, 0.1234
17:26:56, 9.03, 271, 224.68, 14.35, 2.26, 0.3748, 0.0293, -0.9185, 0.1229
17:26:56, 9.03, 271, 225.07, 14.30, 2.17, 0.3781, 0.0304, -0.9172, 0.1221
17:26:56, 9.03, 271, 225.50, 14.30, 2.10, 0.3815, 0.0313, -0.9158, 0.1218
17:26:56, 9.07, 272, 225.95, 14.29, 2.04, 0.3852, 0.0323, -0.9142, 0.1214
17:26:56, 9.07, 272, 226.44, 14.30, 1.99, 0.3892, 0.0332, -0.9126, 0.1211
17:26:56, 9.10, 273, 227.02, 14.22, 1.98, 0.3938, 0.0336, -0.9107, 0.1203
17:26:56, 9.10, 273, 227.70, 14.14, 2.03, 0.3992, 0.0337, -0.9084, 0.1197
17:26:56, 9.10, 273, 228.46, 14.04, 2.09, 0.4052, 0.0336, -0.9058, 0.1189
17:26:56, 9.13, 274, 229.42, 13.86, 2.23, 0.4128, 0.0329, -0.9026, 0.1177
17:26:56, 9.13, 274, 230.45, 13.67, 2.44, 0.4208, 0.0316, -0.8991, 0.1166
17:26:56, 9.17, 275, 231.61, 13.39, 2.78, 0.4296, 0.0291, -0.8951, 0.1154
17:26:56, 9.17, 275, 232.92, 13.03, 3.12, 0.4398, 0.0263, -0.8905, 0.1136
17:26:56, 9.20, 276, 234.48, 12.74, 3.53, 0.4516, 0.0235, -0.8848, 0.1126
17:26:56, 9.20, 276, 236.18, 12.26, 3.97, 0.4646, 0.0198, -0.8784, 0.1103
17:26:56, 9.20, 276, 238.13, 11.67, 4.45, 0.4795, 0.0156, -0.8708, 0.1075
17:26:56, 9.23, 277, 240.42, 10.94, 5.00, 0.4968, 0.0104, -0.8615, 0.1041
17:26:56, 9.23, 277, 242.96, 10.12, 5.52, 0.5160, 0.0051, -0.8507, 0.1002
17:26:56, 9.27, 278, 245.75, 9.34, 5.96, 0.5367, 0.0007, -0.8382, 0.0964
17:26:56, 9.27, 278, 248.77, 8.53, 6.47, 0.5589, -0.0045, -0.8240, 0.0930
17:26:56, 9.27, 278, 251.91, 7.83, 7.00, 0.5813, -0.0093, -0.8085, 0.0909
17:26:56, 9.30, 279, 255.04, 7.13, 7.43, 0.6034, -0.0135, -0.7924, 0.0886
17:26:56, 9.30, 279, 258.22, 6.53, 7.87, 0.6253, -0.0173, -0.7753, 0.0873
17:26:56, 9.33, 280, 261.35, 5.92, 8.25, 0.6464, -0.0209, -0.7579, 0.0859
17:26:56, 9.33, 280, 264.44, 5.30, 8.60, 0.6668, -0.0245, -0.7400, 0.0844
17:26:56, 9.37, 281, 267.50, 4.67, 8.85, 0.6866, -0.0276, -0.7218, 0.0827
17:26:56, 9.37, 281, 270.64, 3.97, 9.10, 0.7064, -0.0312, -0.7025, 0.0806
17:26:56, 9.37, 281, 273.78, 3.29, 9.28, 0.7258, -0.0344, -0.6826, 0.0785
17:26:56, 9.40, 282, 276.97, 2.59, 9.43, 0.7448, -0.0376, -0.6618, 0.0765
17:26:56, 9.40, 282, 280.12, 1.98, 9.53, 0.7630, -0.0401, -0.6408, 0.0748
17:26:56, 9.43, 283, 283.15, 1.33, 9.53, 0.7800, -0.0425, -0.6201, 0.0723
17:26:56, 9.43, 283, 286.08, 0.70, 9.41, 0.7960, -0.0444, -0.5996, 0.0692
17:26:56, 9.43, 283, 288.93, 0.21, 9.28, 0.8110, -0.0456, -0.5794, 0.0669
17:26:56, 9.47, 284, 291.68, 359.66, 9.17, 0.8250, -0.0473, -0.5595, 0.0645
17:26:56, 9.47, 284, 294.29, 359.26, 9.06, 0.8377, -0.0483, -0.5404, 0.0628
17:26:56, 9.50, 285, 296.85, 358.80, 8.92, 0.8497, -0.0496, -0.5213, 0.0607
17:26:56, 9.50, 285, 299.20, 358.45, 8.72, 0.8605, -0.0501, -0.5036, 0.0587
17:26:56, 9.53, 286, 301.50, 358.01, 8.43, 0.8706, -0.0510, -0.4861, 0.0557
17:26:56, 9.53, 286, 303.69, 357.75, 8.15, 0.8799, -0.0508, -0.4693, 0.0534
17:26:56, 9.53, 286, 305.78, 357.43, 7.93, 0.8885, -0.0514, -0.4531, 0.0513
17:26:56, 9.57, 287, 307.76, 357.22, 7.82, 0.8962, -0.0517, -0.4377, 0.0506
17:26:56, 9.57, 287, 309.69, 357.00, 7.60, 0.9036, -0.0518, -0.4224, 0.0488
17:26:56, 9.60, 288, 311.50, 356.76, 7.37, 0.9103, -0.0521, -0.4081, 0.0470
17:26:56, 9.60, 288, 313.25, 356.58, 7.14, 0.9165, -0.0520, -0.3941, 0.0453
17:26:56, 9.60, 288, 314.99, 356.29, 6.95, 0.9224, -0.0530, -0.3801, 0.0436
17:26:56, 9.63, 289, 316.49, 356.15, 6.75, 0.9274, -0.0530, -0.3680, 0.0422
17:26:56, 9.63, 289, 317.97, 356.03, 6.53, 0.9321, -0.0527, -0.3560, 0.0407
17:26:56, 9.67, 290, 319.20, 355.89, 6.26, 0.9360, -0.0526, -0.3460, 0.0386
17:26:56, 9.67, 290, 320.44, 355.87, 6.00, 0.9397, -0.0516, -0.3359, 0.0371
17:26:57, 9.70, 291, 321.55, 355.70, 5.79, 0.9430, -0.0520, -0.3269, 0.0353
17:26:57, 9.70, 291, 322.68, 355.59, 5.60, 0.9462, -0.0520, -0.3176, 0.0340
17:26:57, 9.70, 291, 323.75, 355.45, 5.45, 0.9492, -0.0525, -0.3087, 0.0328
17:26:57, 9.73, 292, 324.83, 355.32, 5.25, 0.9520, -0.0527, -0.2998, 0.0313
17:26:57, 9.73, 292, 325.89, 355.23, 5.08, 0.9548, -0.0528, -0.2910, 0.0301
17:26:57, 9.77, 293, 326.96, 355.18, 4.89, 0.9575, -0.0524, -0.2821, 0.0289
17:26:57, 9.77, 293, 328.10, 355.10, 4.69, 0.9603, -0.0523, -0.2726, 0.0276
17:26:57, 9.77, 293, 329.33, 354.98, 4.57, 0.9632, -0.0528, -0.2623, 0.0268
17:26:57, 9.80, 294, 330.51, 354.94, 4.54, 0.9658, -0.0528, -0.2524, 0.0271
17:26:57, 9.80, 294, 331.65, 354.92, 4.38, 0.9683, -0.0523, -0.2428, 0.0261
17:26:57, 9.83, 295, 332.82, 354.91, 4.23, 0.9708, -0.0518, -0.2330, 0.0254
17:26:57, 9.83, 295, 333.95, 354.90, 4.17, 0.9730, -0.0515, -0.2234, 0.0254
17:26:57, 9.87, 296, 335.04, 354.92, 4.10, 0.9751, -0.0510, -0.2142, 0.0253
17:26:57, 9.87, 296, 336.19, 354.93, 4.07, 0.9772, -0.0505, -0.2045, 0.0256
17:26:57, 9.87, 296, 337.25, 355.00, 3.93, 0.9791, -0.0495, -0.1955, 0.0250
17:26:57, 9.90, 297, 338.30, 355.07, 3.86, 0.9809, -0.0486, -0.1865, 0.0250
17:26:57, 9.90, 297, 339.33, 355.07, 3.86, 0.9826, -0.0484, -0.1777, 0.0254
17:26:57, 9.93, 298, 340.27, 355.18, 3.79, 0.9840, -0.0471, -0.1697, 0.0253
17:26:57, 9.93, 298, 341.19, 355.18, 3.76, 0.9854, -0.0468, -0.1618, 0.0255
17:26:57, 9.93, 298, 342.08, 355.26, 3.66, 0.9866, -0.0458, -0.1543, 0.0251
17:26:57, 9.97, 299, 342.91, 355.28, 3.63, 0.9878, -0.0454, -0.1471, 0.0252
17:26:57, 9.97, 299, 343.64, 355.31, 3.56, 0.9887, -0.0449, -0.1409, 0.0249
