Timestamp, VideoTime, VideoFrame, HeadYaw, HeadPitch, HeadRoll, HeadQuatW, HeadQuatX, HeadQuatY, HeadQuatZ
17:00:33, 0.00, 0, 19.20, 1.32, 0.51, 0.9859, 0.0121, 0.1667, 0.0025
17:00:33, 0.00, 0, 19.18, 1.31, 0.54, 0.9860, 0.0121, 0.1665, 0.0027
17:00:33, 0.03, 1, 19.18, 1.31, 0.57, 0.9860, 0.0121, 0.1665, 0.0030
17:00:33, 0.03, 1, 19.14, 1.29, 0.59, 0.9860, 0.0119, 0.1662, 0.0032
17:00:33, 0.03, 1, 19.14, 1.28, 0.60, 0.9860, 0.0119, 0.1661, 0.0033
17:00:33, 0.07, 2, 19.09, 1.28, 0.62, 0.9861, 0.0119, 0.1657, 0.0035
17:00:33, 0.07, 2, 19.07, 1.27, 0.64, 0.9861, 0.0119, 0.1656, 0.0037
17:00:33, 0.10, 3, 19.06, 1.27, 0.66, 0.9861, 0.0119, 0.1655, 0.0039
17:00:33, 0.10, 3, 19.03, 1.27, 0.69, 0.9862, 0.0119, 0.1653, 0.0041
17:00:33, 0.10, 3, 19.07, 1.27, 0.72, 0.9861, 0.0120, 0.1655, 0.0044
17:00:34, 0.13, 4, 19.07, 1.25, 0.72, 0.9861, 0.0118, 0.1656, 0.0044
17:00:34, 0.13, 4, 19.09, 1.24, 0.76, 0.9861, 0.0118, 0.1657, 0.0047
17:00:34, 0.17, 5, 19.08, 1.26, 0.78, 0.9861, 0.0120, 0.1656, 0.0049
17:00:34, 0.17, 5, 19.10, 1.26, 0.78, 0.9861, 0.0120, 0.1658, 0.0049
17:00:34, 0.17, 5, 19.10, 1.27, 0.79, 0.9861, 0.0121, 0.1658, 0.0049
17:00:34, 0.20, 6, 19.08, 1.28, 0.78, 0.9861, 0.0121, 0.1657, 0.0048
17:00:34, 0.20, 6, 19.08, 1.28, 0.76, 0.9861, 0.0121, 0.1656, 0.0047
17:00:34, 0.23, 7, 19.07, 1.28, 0.75, 0.9861, 0.0121, 0.1656, 0.0046
17:00:34, 0.23, 7, 19.07, 1.30, 0.74, 0.9861, 0.0123, 0.1656, 0.0045
17:00:34, 0.23, 7, 19.07, 1.30, 0.76, 0.9861, 0.0123, 0.1655, 0.0046
17:00:34, 0.27, 8, 19.08, 1.33, 0.76, 0.9861, 0.0125, 0.1656, 0.0046
17:00:34, 0.27, 8, 19.09, 1.34, 0.75, 0.9861, 0.0126, 0.1657, 0.0045
17:00:34, 0.30, 9, 19.10, 1.34, 0.75, 0.9861, 0.0126, 0.1658, 0.0046
17:00:34, 0.30, 9, 19.11, 1.35, 0.75, 0.9861, 0.0127, 0.1659, 0.0045
17:00:34, 0.33, 10, 19.12, 1.35, 0.75, 0.9860, 0.0127, 0.1660, 0.0045
17:00:34, 0.33, 10, 19.12, 1.36, 0.76, 0.9860, 0.0128, 0.1660, 0.0046
17:00:34, 0.33, 10, 19.12, 1.37, 0.75, 0.9860, 0.0129, 0.1660, 0.0045
17:00:34, 0.37, 11, 19.12, 1.38, 0.75, 0.9860, 0.0130, 0.1660, 0.0045
17:00:34, 0.37, 11, 19.12, 1.40, 0.76, 0.9860, 0.0131, 0.1660, 0.0045
17:00:34, 0.40, 12, 19.13, 1.42, 0.77, 0.9860, 0.0133, 0.1661, 0.0045
17:00:34, 0.40, 12, 19.14, 1.41, 0.79, 0.9860, 0.0133, 0.1661, 0.0047
17:00:34, 0.40, 12, 19.14, 1.40, 0.81, 0.9860, 0.0132, 0.1662, 0.0049
17:00:34, 0.43, 13, 19.15, 1.40, 0.82, 0.9860, 0.0132, 0.1662, 0.0050
17:00:34, 0.43, 13, 19.15, 1.39, 0.82, 0.9860, 0.0132, 0.1663, 0.0050
17:00:34, 0.47, 14, 19.14, 1.36, 0.84, 0.9860, 0.0129, 0.1661, 0.0053
17:00:34, 0.47, 14, 19.13, 1.35, 0.87, 0.9860, 0.0128, 0.1660, 0.0055
17:00:34, 0.50, 15, 19.10, 1.31, 0.88, 0.9861, 0.0125, 0.1658, 0.0057
17:00:34, 0.50, 15, 19.09, 1.33, 0.87, 0.9861, 0.0127, 0.1657, 0.0056
17:00:34, 0.50, 15, 19.09, 1.32, 0.85, 0.9861, 0.0126, 0.1657, 0.0054
17:00:34, 0.53, 16, 19.09, 1.31, 0.85, 0.9861, 0.0125, 0.1658, 0.0054
17:00:34, 0.53, 16, 19.12, 1.29, 0.83, 0.9860, 0.0123, 0.1660, 0.0053
17:00:34, 0.57, 17, 19.19, 1.23, 0.80, 0.9859, 0.0117, 0.1666, 0.0051
17:00:34, 0.57, 17, 19.22, 1.24, 0.81, 0.9859, 0.0119, 0.1668, 0.0051
17:00:34, 0.57, 17, 19.25, 1.24, 0.81, 0.9859, 0.0118, 0.1671, 0.0052
17:00:34, 0.60, 18, 19.29, 1.26, 0.86, 0.9858, 0.0121, 0.1675, 0.0055
17:00:34, 0.60, 18, 19.31, 1.26, 0.88, 0.9858, 0.0122, 0.1676, 0.0057
17:00:34, 0.63, 19, 19.32, 1.28, 0.88, 0.9857, 0.0123, 0.1677, 0.0057
17:00:34, 0.63, 19, 19.33, 1.28, 0.88, 0.9857, 0.0123, 0.1678, 0.0057
17:00:34, 0.67, 20, 19.33, 1.28, 0.88, 0.9857, 0.0123, 0.1678, 0.0057
17:00:34, 0.67, 20, 19.32, 1.29, 0.88, 0.9857, 0.0124, 0.1677, 0.0057
17:00:34, 0.67, 20, 19.30, 1.31, 0.90, 0.9858, 0.0125, 0.1675, 0.0058
17:00:34, 0.70, 21, 19.30, 1.33, 0.91, 0.9858, 0.0128, 0.1675, 0.0059
17:00:34, 0.70, 21, 19.31, 1.32, 0.91, 0.9858, 0.0127, 0.1676, 0.0059
17:00:34, 0.73, 22, 19.31, 1.32, 0.91, 0.9858, 0.0127, 0.1676, 0.0059
17:00:34, 0.73, 22, 19.31, 1.32, 0.91, 0.9858, 0.0127, 0.1676, 0.0059
17:00:34, 0.77, 23, 19.31, 1.30, 0.92, 0.9858, 0.0126, 0.1676, 0.0060
17:00:34, 0.77, 23, 19.31, 1.31, 0.94, 0.9858, 0.0127, 0.1676, 0.0062
17:00:34, 0.77, 23, 19.31, 1.32, 0.94, 0.9858, 0.0127, 0.1676, 0.0062
17:00:34, 0.80, 24, 19.32, 1.32, 0.95, 0.9857, 0.0127, 0.1677, 0.0062
17:00:34, 0.80, 24, 19.33, 1.29, 0.94, 0.9857, 0.0125, 0.1678, 0.0062
17:00:34, 0.83, 25, 19.35, 1.21, 0.93, 0.9857, 0.0118, 0.1679, 0.0063
17:00:34, 0.83, 25, 19.35, 1.20, 0.91, 0.9857, 0.0116, 0.1679, 0.0061
17:00:34, 0.83, 25, 19.37, 1.22, 0.90, 0.9857, 0.0118, 0.1681, 0.0060
17:00:34, 0.87, 26, 19.37, 1.22, 0.91, 0.9857, 0.0119, 0.1681, 0.0060
17:00:34, 0.87, 26, 19.38, 1.24, 0.90, 0.9857, 0.0120, 0.1683, 0.0059
17:00:34, 0.90, 27, 19.40, 1.25, 0.90, 0.9856, 0.0121, 0.1684, 0.0059
17:00:34, 0.90, 27, 19.40, 1.27, 0.90, 0.9856, 0.0122, 0.1684, 0.0059
17:00:34, 0.93, 28, 19.41, 1.29, 0.91, 0.9856, 0.0125, 0.1685, 0.0059
17:00:34, 0.93, 28, 19.43, 1.33, 0.90, 0.9856, 0.0128, 0.1687, 0.0058
17:00:34, 0.93, 28, 19.43, 1.38, 0.88, 0.9856, 0.0131, 0.1686, 0.0056
17:00:34, 0.97, 29, 19.44, 1.41, 0.88, 0.9856, 0.0134, 0.1687, 0.0055
17:00:34, 0.97, 29, 19.43, 1.42, 0.87, 0.9856, 0.0135, 0.1686, 0.0054
17:00:34, 1.00, 30, 19.44, 1.45, 0.90, 0.9856, 0.0138, 0.1687, 0.0056
17:00:34, 1.00, 30, 19.48, 1.47, 0.90, 0.9855, 0.0140, 0.1690, 0.0055
17:00:34, 1.00, 30, 19.51, 1.50, 0.90, 0.9854, 0.0143, 0.1693, 0.0056
17:00:34, 1.03, 31, 19.55, 1.54, 0.93, 0.9854, 0.0147, 0.1697, 0.0057
17:00:34, 1.03, 31, 19.58, 1.57, 0.95, 0.9853, 0.0149, 0.1699, 0.0058
17:00:34, 1.07, 32, 19.59, 1.60, 0.95, 0.9853, 0.0152, 0.1700, 0.0058
17:00:34, 1.07, 32, 19.60, 1.63, 0.95, 0.9853, 0.0154, 0.1700, 0.0058
17:00:34, 1.10, 33, 19.62, 1.64, 0.95, 0.9853, 0.0155, 0.1702, 0.0058
17:00:34, 1.10, 33, 19.62, 1.65, 0.96, 0.9853, 0.0157, 0.1702, 0.0058
17:00:34, 1.10, 33, 19.60, 1.68, 0.96, 0.9853, 0.0159, 0.1700, 0.0058
17:00:35, 1.13, 34, 19.60, 1.71, 0.95, 0.9853, 0.0161, 0.1701, 0.0057
17:00:35, 1.13, 34, 19.61, 1.74, 0.94, 0.9853, 0.0164, 0.1702, 0.0055
17:00:35, 1.17, 35, 19.65, 1.78, 0.94, 0.9852, 0.0167, 0.1705, 0.0054
17:00:35, 1.17, 35, 19.69, 1.79, 0.94, 0.9851, 0.0168, 0.1708, 0.0054
17:00:35, 1.17, 35, 19.74, 1.82, 0.97, 0.9851, 0.0171, 0.1712, 0.0056
17:00:35, 1.20, 36, 19.80, 1.85, 0.95, 0.9850, 0.0173, 0.1717, 0.0054
17:00:35, 1.20, 36, 19.87, 1.90, 0.97, 0.9849, 0.0178, 0.1724, 0.0054
17:00:35, 1.23, 37, 19.96, 1.96, 0.97, 0.9847, 0.0183, 0.1731, 0.0054
17:00:35, 1.23, 37, 20.04, 1.99, 0.95, 0.9846, 0.0185, 0.1739, 0.0051
17:00:35, 1.27, 38, 20.14, 2.04, 0.97, 0.9844, 0.0190, 0.1747, 0.0052
17:00:35, 1.27, 38, 20.23, 2.08, 0.94, 0.9843, 0.0193, 0.1754, 0.0049
17:00:35, 1.27, 38, 20.34, 2.13, 0.96, 0.9841, 0.0198, 0.1764, 0.0050
17:00:35, 1.30, 39, 20.47, 2.20, 0.94, 0.9839, 0.0204, 0.1775, 0.0047
17:00:35, 1.30, 39, 20.58, 2.29, 0.94, 0.9837, 0.0211, 0.1784, 0.0045
17:00:35, 1.33, 40, 20.71, 2.37, 0.94, 0.9835, 0.0219, 0.1795, 0.0044
17:00:35, 1.33, 40, 20.84, 2.48, 0.97, 0.9833, 0.0228, 0.1806, 0.0044
17:00:35, 1.33, 40, 21.02, 2.63, 0.97, 0.9830, 0.0241, 0.1822, 0.0041
17:00:35, 1.37, 41, 21.21, 2.78, 0.95, 0.9826, 0.0254, 0.1838, 0.0037
17:00:35, 1.37, 41, 21.41, 2.99, 0.99, 0.9823, 0.0272, 0.1855, 0.0036
17:00:35, 1.40, 42, 21.67, 3.24, 1.00, 0.9818, 0.0294, 0.1876, 0.0032
17:00:35, 1.40, 42, 22.00, 3.54, 1.02, 0.9812, 0.0320, 0.1904, 0.0029
17:00:35, 1.43, 43, 22.39, 3.95, 0.99, 0.9804, 0.0355, 0.1937, 0.0018
17:00:35, 1.43, 43, 22.86, 4.31, 0.97, 0.9795, 0.0386, 0.1977, 0.0009
17:00:35, 1.43, 43, 23.36, 4.66, 0.99, 0.9785, 0.0416, 0.2019, 0.0002
17:00:35, 1.47, 44, 23.91, 5.01, 1.05, 0.9774, 0.0447, 0.2065, -0.0001
17:00:35, 1.47, 44, 24.52, 5.25, 1.08, 0.9762, 0.0468, 0.2117, -0.0006
17:00:35, 1.50, 45, 25.10, 5.58, 1.12, 0.9750, 0.0496, 0.2166, -0.0010
17:00:35, 1.50, 45, 25.71, 5.93, 1.15, 0.9737, 0.0526, 0.2217, -0.0017
17:00:35, 1.50, 45, 26.33, 6.26, 1.20, 0.9723, 0.0556, 0.2268, -0.0022
17:00:35, 1.53, 46, 26.86, 6.57, 1.22, 0.9712, 0.0582, 0.2312, -0.0029
17:00:35, 1.53, 46, 27.51, 6.95, 1.23, 0.9696, 0.0614, 0.2367, -0.0040
17:00:35, 1.57, 47, 28.14, 7.25, 1.20, 0.9682, 0.0638, 0.2420, -0.0052
17:00:35, 1.57, 47, 28.73, 7.54, 1.24, 0.9668, 0.0664, 0.2468, -0.0059
17:00:35, 1.60, 48, 29.47, 7.84, 1.30, 0.9650, 0.0690, 0.2530, -0.0064
17:00:35, 1.60, 48, 30.16, 8.19, 1.36, 0.9632, 0.0720, 0.2587, -0.0072
17:00:35, 1.60, 48, 30.81, 8.47, 1.44, 0.9616, 0.0745, 0.2640, -0.0076
17:00:35, 1.63, 49, 31.55, 8.76, 1.56, 0.9597, 0.0772, 0.2700, -0.0077
17:00:35, 1.63, 49, 32.19, 8.96, 1.57, 0.9581, 0.0789, 0.2753, -0.0085
17:00:35, 1.67, 50, 32.88, 9.20, 1.59, 0.9562, 0.0809, 0.2810, -0.0094
17:00:35, 1.67, 50, 33.56, 9.40, 1.58, 0.9544, 0.0824, 0.2866, -0.0105
17:00:35, 1.67, 50, 34.25, 9.60, 1.67, 0.9526, 0.0843, 0.2922, -0.0108
17:00:35, 1.70, 51, 35.03, 9.87, 1.80, 0.9504, 0.0867, 0.2985, -0.0109
17:00:35, 1.70, 51, 35.83, 10.13, 1.88, 0.9481, 0.0890, 0.3050, -0.0116
17:00:35, 1.73, 52, 36.63, 10.29, 2.02, 0.9459, 0.0906, 0.3114, -0.0115
17:00:35, 1.73, 52, 37.34, 10.43, 2.07, 0.9438, 0.0919, 0.3172, -0.0120
17:00:35, 1.77, 53, 38.04, 10.61, 2.14, 0.9418, 0.0935, 0.3228, -0.0126
17:00:35, 1.77, 53, 38.74, 10.78, 2.13, 0.9396, 0.0948, 0.3285, -0.0137
17:00:35, 1.77, 53, 39.34, 10.93, 2.07, 0.9378, 0.0958, 0.3334, -0.0151
17:00:35, 1.80, 54, 39.94, 11.16, 2.03, 0.9359, 0.0974, 0.3382, -0.0166
17:00:35, 1.80, 54, 40.52, 11.34, 2.04, 0.9340, 0.0988, 0.3429, -0.0176
17:00:35, 1.83, 55, 41.09, 11.50, 2.09, 0.9322, 0.1002, 0.3474, -0.0182
17:00:35, 1.83, 55, 41.57, 11.64, 2.05, 0.9306, 0.1011, 0.3513, -0.0193
17:00:35, 1.83, 55, 42.12, 11.83, 2.09, 0.9288, 0.1027, 0.3556, -0.0201
17:00:35, 1.87, 56, 42.61, 11.96, 2.14, 0.9272, 0.1038, 0.3594, -0.0205
17:00:35, 1.87, 56, 43.16, 12.08, 2.19, 0.9253, 0.1048, 0.3638, -0.0210
17:00:35, 1.90, 57, 43.72, 12.19, 2.26, 0.9235, 0.1058, 0.3682, -0.0213
17:00:35, 1.90, 57, 44.28, 12.33, 2.30, 0.9215, 0.1070, 0.3726, -0.0220
17:00:35, 1.93, 58, 44.96, 12.39, 2.39, 0.9193, 0.1076, 0.3779, -0.0220
17:00:35, 1.93, 58, 45.58, 12.54, 2.47, 0.9171, 0.1090, 0.3828, -0.0225
17:00:35, 1.93, 58, 46.33, 12.64, 2.54, 0.9145, 0.1099, 0.3887, -0.0230
17:00:35, 1.97, 59, 47.08, 12.76, 2.69, 0.9119, 0.1112, 0.3944, -0.0230
17:00:35, 1.97, 59, 47.94, 12.84, 2.75, 0.9089, 0.1118, 0.4011, -0.0236
17:00:35, 2.00, 60, 48.89, 12.93, 2.89, 0.9055, 0.1129, 0.4085, -0.0238
17:00:35, 2.00, 60, 49.88, 13.07, 3.07, 0.9018, 0.1144, 0.4160, -0.0238
17:00:35, 2.00, 60, 51.05, 13.27, 3.38, 0.8974, 0.1169, 0.4248, -0.0233
17:00:35, 2.03, 61, 52.34, 13.47, 3.72, 0.8925, 0.1194, 0.4344, -0.0227
17:00:35, 2.03, 61, 53.74, 13.59, 4.06, 0.8871, 0.1214, 0.4448, -0.0221
17:00:35, 2.07, 62, 55.23, 13.74, 4.43, 0.8812, 0.1237, 0.4557, -0.0214
17:00:35, 2.07, 62, 56.69, 13.77, 4.77, 0.8754, 0.1251, 0.4665, -0.0205
17:00:35, 2.10, 63, 58.12, 13.85, 5.19, 0.8695, 0.1271, 0.4769, -0.0192
17:00:35, 2.10, 63, 59.59, 13.84, 5.64, 0.8634, 0.1287, 0.4875, -0.0174
17:00:35, 2.10, 63, 60.95, 13.81, 5.96, 0.8576, 0.1296, 0.4974, -0.0164
17:00:36, 2.13, 64, 62.37, 13.78, 6.35, 0.8515, 0.1310, 0.5076, -0.0150
17:00:36, 2.13, 64, 63.71, 13.73, 6.71, 0.8456, 0.1320, 0.5171, -0.0136
17:00:36, 2.17, 65, 64.97, 13.71, 7.03, 0.8399, 0.1332, 0.5260, -0.0126
17:00:36, 2.17, 65, 66.23, 13.63, 7.26, 0.8341, 0.1336, 0.5350, -0.0120
17:00:36, 2.17, 65, 67.36, 13.54, 7.54, 0.8288, 0.1341, 0.5431, -0.0109
17:00:36, 2.20, 66, 68.40, 13.40, 7.62, 0.8240, 0.1334, 0.5506, -0.0108
17:00:36, 2.20, 66, 69.40, 13.23, 7.80, 0.8193, 0.1329, 0.5577, -0.0099
17:00:36, 2.23, 67, 70.38, 13.07, 7.88, 0.8145, 0.1321, 0.5648, -0.0096
17:00:36, 2.23, 67, 71.35, 13.03, 8.01, 0.8097, 0.1324, 0.5716, -0.0097
17:00:36, 2.27, 68, 72.27, 12.95, 8.06, 0.8052, 0.1321, 0.5781, -0.0099
17:00:36, 2.27, 68, 73.13, 12.88, 8.13, 0.8008, 0.1318, 0.5841, -0.0101
17:00:36, 2.27, 68, 73.89, 12.88, 8.13, 0.7969, 0.1317, 0.5894, -0.0110
17:00:36, 2.30, 69, 74.64, 12.82, 8.10, 0.7931, 0.1312, 0.5947, -0.0117
17:00:36, 2.30, 69, 75.24, 12.83, 8.05, 0.7899, 0.1309, 0.5989, -0.0128
17:00:36, 2.33, 70, 75.86, 12.82, 7.96, 0.7867, 0.1303, 0.6032, -0.0140
17:00:36, 2.33, 70, 76.47, 12.90, 7.89, 0.7835, 0.1303, 0.6074, -0.0156
17:00:36, 2.33, 70, 77.06, 12.93, 7.93, 0.7803, 0.1307, 0.6114, -0.0162
17:00:36, 2.37, 71, 77.58, 13.00, 7.91, 0.7775, 0.1310, 0.6148, -0.0173
17:00:36, 2.37, 71, 78.07, 13.09, 7.87, 0.7748, 0.1313, 0.6181, -0.0186
17:00:36, 2.40, 72, 78.53, 13.15, 7.94, 0.7723, 0.1320, 0.6211, -0.0191
17:00:36, 2.40, 72, 78.99, 13.28, 7.91, 0.7697, 0.1326, 0.6241, -0.0205
17:00:36, 2.43, 73, 79.51, 13.37, 7.87, 0.7669, 0.1329, 0.6275, -0.0219
17:00:36, 2.43, 73, 79.93, 13.51, 7.84, 0.7645, 0.1335, 0.6302, -0.0233
17:00:36, 2.43, 73, 80.36, 13.65, 7.84, 0.7621, 0.1344, 0.6329, -0.0247
17:00:36, 2.47, 74, 80.78, 13.83, 7.84, 0.7597, 0.1354, 0.6355, -0.0261
17:00:36, 2.47, 74, 81.12, 13.89, 7.82, 0.7578, 0.1357, 0.6377, -0.0270
17:00:36, 2.50, 75, 81.45, 14.02, 7.76, 0.7558, 0.1361, 0.6398, -0.0286
17:00:36, 2.50, 75, 81.82, 14.09, 7.78, 0.7538, 0.1366, 0.6421, -0.0292
17:00:36, 2.50, 75, 82.07, 14.18, 7.72, 0.7523, 0.1367, 0.6437, -0.0304
17:00:36, 2.53, 76, 82.32, 14.24, 7.67, 0.7508, 0.1368, 0.6454, -0.0314
17:00:36, 2.53, 76, 82.53, 14.25, 7.65, 0.7497, 0.1367, 0.6468, -0.0319
17:00:36, 2.57, 77, 82.73, 14.26, 7.63, 0.7485, 0.1365, 0.6481, -0.0323
17:00:36, 2.57, 77, 82.93, 14.21, 7.59, 0.7474, 0.1359, 0.6495, -0.0325
17:00:36, 2.60, 78, 83.13, 14.19, 7.57, 0.7462, 0.1357, 0.6509, -0.0327
17:00:36, 2.60, 78, 83.30, 14.14, 7.55, 0.7453, 0.1352, 0.6521, -0.0328
17:00:36, 2.60, 78, 83.52, 14.05, 7.54, 0.7441, 0.1345, 0.6536, -0.0326
17:00:36, 2.63, 79, 83.74, 13.98, 7.51, 0.7429, 0.1338, 0.6551, -0.0327
17:00:36, 2.63, 79, 83.90, 13.85, 7.52, 0.7420, 0.1330, 0.6563, -0.0320
17:00:36, 2.67, 80, 84.09, 13.70, 7.53, 0.7410, 0.1321, 0.6577, -0.0313
17:00:36, 2.67, 80, 84.26, 13.57, 7.51, 0.7400, 0.1311, 0.6590, -0.0309
17:00:36, 2.67, 80, 84.44, 13.44, 7.51, 0.7391, 0.1302, 0.6602, -0.0303
17:00:36, 2.70, 81, 84.63, 13.34, 7.50, 0.7380, 0.1294, 0.6616, -0.0300
17:00:36, 2.70, 81, 84.82, 13.19, 7.48, 0.7370, 0.1283, 0.6630, -0.0294
17:00:36, 2.73, 82, 85.02, 13.00, 7.48, 0.7358, 0.1270, 0.6645, -0.0286
17:00:36, 2.73, 82, 85.22, 12.82, 7.49, 0.7347, 0.1259, 0.6660, -0.0277
17:00:36, 2.77, 83, 85.41, 12.65, 7.51, 0.7337, 0.1249, 0.6674, -0.0267
17:00:36, 2.77, 83, 85.61, 12.46, 7.50, 0.7326, 0.1237, 0.6688, -0.0259
17:00:36, 2.77, 83, 85.79, 12.31, 7.51, 0.7316, 0.1227, 0.6702, -0.0251
17:00:36, 2.80, 84, 85.97, 12.12, 7.48, 0.7306, 0.1213, 0.6715, -0.0244
17:00:36, 2.80, 84, 86.14, 11.92, 7.46, 0.7297, 0.1199, 0.6728, -0.0235
17:00:36, 2.83, 85, 86.31, 11.70, 7.42, 0.7287, 0.1182, 0.6741, -0.0226
17:00:36, 2.83, 85, 86.48, 11.51, 7.40, 0.7278, 0.1169, 0.6755, -0.0218
17:00:36, 2.83, 85, 86.60, 11.31, 7.35, 0.7271, 0.1153, 0.6765, -0.0210
17:00:36, 2.87, 86, 86.74, 11.13, 7.32, 0.7263, 0.1140, 0.6776, -0.0202
17:00:36, 2.87, 86, 86.88, 10.96, 7.31, 0.7255, 0.1128, 0.6786, -0.0195
17:00:36, 2.90, 87, 87.00, 10.80, 7.29, 0.7248, 0.1117, 0.6796, -0.0188
17:00:36, 2.90, 87, 87.14, 10.65, 7.26, 0.7240, 0.1106, 0.6806, -0.0181
17:00:36, 2.93, 88, 87.28, 10.50, 7.22, 0.7232, 0.1094, 0.6817, -0.0177
17:00:36, 2.93, 88, 87.39, 10.36, 7.22, 0.7226, 0.1084, 0.6825, -0.0169
17:00:36, 2.93, 88, 87.49, 10.23, 7.16, 0.7220, 0.1073, 0.6833, -0.0166
17:00:36, 2.97, 89, 87.61, 10.12, 7.15, 0.7213, 0.1065, 0.6842, -0.0162
17:00:36, 2.97, 89, 87.73, 9.99, 7.09, 0.7206, 0.1053, 0.6851, -0.0158
17:00:36, 3.00, 90, 87.82, 9.88, 7.07, 0.7201, 0.1045, 0.6858, -0.0154
17:00:36, 3.00, 90, 87.94, 9.78, 7.03, 0.7194, 0.1037, 0.6867, -0.0151
17:00:36, 3.00, 90, 88.02, 9.71, 6.96, 0.7189, 0.1027, 0.6873, -0.0152
17:00:36, 3.03, 91, 88.08, 9.62, 6.91, 0.7185, 0.1019, 0.6878, -0.0150
17:00:36, 3.03, 91, 88.15, 9.57, 6.85, 0.7181, 0.1013, 0.6883, -0.0151
17:00:36, 3.07, 92, 88.21, 9.51, 6.81, 0.7178, 0.1006, 0.6888, -0.0151
17:00:36, 3.07, 92, 88.28, 9.49, 6.75, 0.7173, 0.1001, 0.6893, -0.0154
17:00:36, 3.10, 93, 88.31, 9.47, 6.71, 0.7172, 0.0997, 0.6895, -0.0155
17:00:36, 3.10, 93, 88.33, 9.46, 6.63, 0.7170, 0.0992, 0.6898, -0.0160
17:00:36, 3.10, 93, 88.31, 9.43, 6.56, 0.7171, 0.0986, 0.6897, -0.0163
17:00:37, 3.13, 94, 88.25, 9.43, 6.50, 0.7175, 0.0982, 0.6894, -0.0166
17:00:37, 3.13, 94, 88.19, 9.43, 6.39, 0.7179, 0.0976, 0.6891, -0.0172
17:00:37, 3.17, 95, 88.11, 9.45, 6.32, 0.7183, 0.0973, 0.6887, -0.0177
17:00:37, 3.17, 95, 88.05, 9.46, 6.23, 0.7187, 0.0968, 0.6884, -0.0182
17:00:37, 3.17, 95, 87.98, 9.46, 6.17, 0.7190, 0.0965, 0.6880, -0.0186
17:00:37, 3.20, 96, 87.93, 9.46, 6.11, 0.7193, 0.0961, 0.6877, -0.0189
17:00:37, 3.20, 96, 87.89, 9.38, 6.07, 0.7196, 0.0954, 0.6876, -0.0187
17:00:37, 3.23, 97, 87.85, 9.23, 6.04, 0.7199, 0.0943, 0.6875, -0.0179
17:00:37, 3.23, 97, 87.82, 9.06, 6.02, 0.7201, 0.0932, 0.6874, -0.0170
17:00:37, 3.27, 98, 87.79, 8.85, 5.97, 0.7203, 0.0915, 0.6874, -0.0160
17:00:37, 3.27, 98, 87.72, 8.61, 5.90, 0.7207, 0.0896, 0.6873, -0.0149
17:00:37, 3.27, 98, 87.61, 8.32, 5.84, 0.7214, 0.0875, 0.6868, -0.0135
17:00:37, 3.30, 99, 87.49, 8.04, 5.74, 0.7222, 0.0851, 0.6864, -0.0123
17:00:37, 3.30, 99, 87.33, 7.75, 5.62, 0.7232, 0.0826, 0.6856, -0.0112
17:00:37, 3.33, 100, 87.14, 7.48, 5.46, 0.7243, 0.0800, 0.6847, -0.0105
17:00:37, 3.33, 100, 86.93, 7.24, 5.30, 0.7256, 0.0775, 0.6837, -0.0099
17:00:37, 3.33, 100, 86.69, 7.01, 5.06, 0.7270, 0.0747, 0.6825, -0.0099
17:00:37, 3.37, 101, 86.44, 6.78, 4.77, 0.7285, 0.0715, 0.6812, -0.0101
17:00:37, 3.37, 101, 86.10, 6.57, 4.51, 0.7305, 0.0687, 0.6793, -0.0104
17:00:37, 3.40, 102, 85.74, 6.40, 4.22, 0.7326, 0.0659, 0.6773, -0.0110
17:00:37, 3.40, 102, 85.28, 6.23, 3.94, 0.7353, 0.0632, 0.6746, -0.0116
17:00:37, 3.43, 103, 84.81, 6.16, 3.62, 0.7381, 0.0609, 0.6718, -0.0129
17:00:37, 3.43, 103, 84.30, 6.07, 3.38, 0.7411, 0.0590, 0.6687, -0.0137
17:00:37, 3.43, 103, 83.77, 6.02, 3.08, 0.7441, 0.0570, 0.6654, -0.0151
17:00:37, 3.47, 104, 83.28, 5.98, 2.82, 0.7469, 0.0553, 0.6624, -0.0163
17:00:37, 3.47, 104, 82.81, 5.99, 2.54, 0.7496, 0.0538, 0.6594, -0.0180
17:00:37, 3.50, 105, 82.31, 6.12, 2.28, 0.7524, 0.0533, 0.6562, -0.0202
17:00:37, 3.50, 105, 81.88, 6.20, 2.04, 0.7548, 0.0525, 0.6535, -0.0220
17:00:37, 3.50, 105, 81.41, 6.31, 1.85, 0.7574, 0.0522, 0.6504, -0.0236
17:00:37, 3.53, 106, 81.03, 6.38, 1.61, 0.7595, 0.0514, 0.6480, -0.0255
17:00:37, 3.53, 106, 80.67, 6.40, 1.35, 0.7615, 0.0502, 0.6457, -0.0272
17:00:37, 3.57, 107, 80.39, 6.46, 1.17, 0.7630, 0.0496, 0.6439, -0.0285
17:00:37, 3.57, 107, 80.13, 6.53, 1.08, 0.7644, 0.0497, 0.6422, -0.0294
17:00:37, 3.60, 108, 79.92, 6.53, 0.95, 0.7655, 0.0490, 0.6408, -0.0302
17:00:37, 3.60, 108, 79.83, 6.58, 0.84, 0.7660, 0.0487, 0.6402, -0.0312
17:00:37, 3.60, 108, 79.72, 6.53, 0.76, 0.7666, 0.0480, 0.6396, -0.0314
17:00:37, 3.63, 109, 79.71, 6.47, 0.68, 0.7666, 0.0471, 0.6396, -0.0316
17:00:37, 3.63, 109, 79.76, 6.40, 0.65, 0.7664, 0.0465, 0.6399, -0.0314
17:00:37, 3.67, 110, 79.82, 6.31, 0.60, 0.7661, 0.0455, 0.6404, -0.0313
17:00:37, 3.67, 110, 79.91, 6.25, 0.59, 0.7656, 0.0451, 0.6410, -0.0311
17:00:37, 3.67, 110, 80.05, 6.19, 0.59, 0.7648, 0.0447, 0.6420, -0.0308
17:00:37, 3.70, 111, 80.22, 6.11, 0.57, 0.7639, 0.0440, 0.6431, -0.0305
17:00:37, 3.70, 111, 80.43, 6.00, 0.56, 0.7627, 0.0431, 0.6446, -0.0300
17:00:37, 3.73, 112, 80.69, 5.85, 0.53, 0.7613, 0.0419, 0.6464, -0.0295
17:00:37, 3.73, 112, 80.97, 5.69, 0.50, 0.7598, 0.0406, 0.6483, -0.0289
17:00:37, 3.77, 113, 81.26, 5.54, 0.48, 0.7582, 0.0394, 0.6503, -0.0283
17:00:37, 3.77, 113, 81.58, 5.35, 0.44, 0.7564, 0.0378, 0.6524, -0.0276
17:00:37, 3.77, 113, 81.88, 5.20, 0.41, 0.7547, 0.0366, 0.6545, -0.0271
17:00:37, 3.80, 114, 82.21, 5.05, 0.34, 0.7529, 0.0351, 0.6567, -0.0267
17:00:37, 3.80, 114, 82.56, 4.92, 0.30, 0.7509, 0.0340, 0.6590, -0.0263
17:00:37, 3.83, 115, 82.89, 4.79, 0.27, 0.7490, 0.0329, 0.6612, -0.0259
17:00:37, 3.83, 115, 83.26, 4.63, 0.18, 0.7469, 0.0312, 0.6637, -0.0256
17:00:37, 3.83, 115, 83.66, 4.51, 0.18, 0.7446, 0.0304, 0.6664, -0.0250
17:00:37, 3.87, 116, 84.05, 4.39, 0.14, 0.7424, 0.0293, 0.6689, -0.0247
17:00:37, 3.87, 116, 84.48, 4.21, 0.15, 0.7399, 0.0280, 0.6717, -0.0237
17:00:37, 3.90, 117, 85.02, 4.04, 0.09, 0.7367, 0.0265, 0.6753, -0.0233
17:00:37, 3.90, 117, 85.54, 3.88, 0.12, 0.7337, 0.0256, 0.6786, -0.0222
17:00:37, 3.93, 118, 86.04, 3.81, 0.14, 0.7307, 0.0252, 0.6818, -0.0218
17:00:37, 3.93, 118, 86.70, 3.63, 0.13, 0.7269, 0.0238, 0.6861, -0.0209
17:00:37, 3.93, 118, 87.38, 3.48, 0.19, 0.7228, 0.0232, 0.6904, -0.0198
17:00:37, 3.97, 119, 88.08, 3.32, 0.18, 0.7186, 0.0219, 0.6948, -0.0191
17:00:37, 3.97, 119, 88.97, 3.23, 0.26, 0.7132, 0.0217, 0.7004, -0.0181
17:00:37, 4.00, 120, 90.00, 3.07, 0.29, 0.7069, 0.0207, 0.7068, -0.0171
17:00:37, 4.00, 120, 91.11, 3.03, 0.40, 0.7001, 0.0210, 0.7136, -0.0164
17:00:37, 4.00, 120, 92.38, 2.90, 0.54, 0.6921, 0.0209, 0.7213, -0.0150
17:00:37, 4.03, 121, 93.73, 2.75, 0.76, 0.6836, 0.0212, 0.7294, -0.0130
17:00:37, 4.03, 121, 95.12, 2.64, 0.95, 0.6747, 0.0217, 0.7376, -0.0114
17:00:37, 4.07, 122, 96.54, 2.44, 1.18, 0.6656, 0.0219, 0.7460, -0.0091
17:00:37, 4.07, 122, 97.96, 2.28, 1.40, 0.6563, 0.0222, 0.7541, -0.0070
17:00:37, 4.10, 123, 99.22, 2.02, 1.58, 0.6480, 0.0219, 0.7613, -0.0045
17:00:37, 4.10, 123, 100.41, 1.80, 1.75, 0.6401, 0.0218, 0.7680, -0.0023
17:00:37, 4.10, 123, 101.53, 1.62, 1.82, 0.6326, 0.0212, 0.7742, -0.0010
17:00:38, 4.13, 124, 102.50, 1.43, 1.85, 0.6260, 0.0204, 0.7796, 0.0004
17:00:38, 4.13, 124, 103.41, 1.29, 1.89, 0.6197, 0.0199, 0.7846, 0.0014
17:00:38, 4.17, 125, 104.31, 1.18, 1.92, 0.6135, 0.0195, 0.7894, 0.0021
17:00:38, 4.17, 125, 105.16, 1.13, 1.96, 0.6077, 0.0196, 0.7939, 0.0025
17:00:38, 4.17, 125, 106.09, 1.08, 2.02, 0.6012, 0.0198, 0.7988, 0.0031
17:00:38, 4.20, 126, 107.01, 1.11, 2.08, 0.5948, 0.0203, 0.8036, 0.0030
17:00:38, 4.20, 126, 107.92, 1.10, 2.06, 0.5884, 0.0202, 0.8083, 0.0028
17:00:38, 4.23, 127, 108.90, 1.10, 2.08, 0.5814, 0.0203, 0.8133, 0.0027
17:00:38, 4.23, 127, 109.82, 1.10, 2.05, 0.5749, 0.0202, 0.8180, 0.0024
17:00:38, 4.27, 128, 110.79, 1.16, 2.07, 0.5679, 0.0207, 0.8228, 0.0019
17:00:38, 4.27, 128, 111.72, 1.21, 2.16, 0.5612, 0.0216, 0.8274, 0.0018
17:00:38, 4.27, 128, 112.60, 1.22, 2.22, 0.5549, 0.0220, 0.8317, 0.0019
17:00:38, 4.30, 129, 113.51, 1.25, 2.26, 0.5483, 0.0225, 0.8360, 0.0017
17:00:38, 4.30, 129, 114.44, 1.20, 2.28, 0.5415, 0.0224, 0.8404, 0.0020
17:00:38, 4.33, 130, 115.33, 1.19, 2.28, 0.5349, 0.0224, 0.8446, 0.0018
17:00:38, 4.33, 130, 116.25, 1.11, 2.23, 0.5281, 0.0217, 0.8489, 0.0020
17:00:38, 4.33, 130, 117.15, 1.11, 2.28, 0.5214, 0.0220, 0.8530, 0.0021
17:00:38, 4.37, 131, 118.02, 1.05, 2.31, 0.5149, 0.0220, 0.8569, 0.0025
17:00:38, 4.37, 131, 118.92, 0.94, 2.30, 0.5081, 0.0215, 0.8610, 0.0032
17:00:38, 4.40, 132, 119.79, 0.90, 2.31, 0.5016, 0.0214, 0.8648, 0.0034
17:00:38, 4.40, 132, 120.72, 0.81, 2.34, 0.4946, 0.0213, 0.8689, 0.0039
17:00:38, 4.43, 133, 121.56, 0.66, 2.33, 0.4882, 0.0206, 0.8725, 0.0049
17:00:38, 4.43, 133, 122.46, 0.51, 2.42, 0.4812, 0.0206, 0.8763, 0.0062
17:00:38, 4.43, 133, 123.34, 0.39, 2.47, 0.4745, 0.0205, 0.8800, 0.0072
17:00:38, 4.47, 134, 124.22, 0.33, 2.57, 0.4677, 0.0212, 0.8836, 0.0079
17:00:38, 4.47, 134, 125.08, 0.18, 2.61, 0.4610, 0.0209, 0.8871, 0.0092
17:00:38, 4.50, 135, 126.02, 0.12, 2.65, 0.4537, 0.0211, 0.8908, 0.0096
17:00:38, 4.50, 135, 126.94, 0.02, 2.69, 0.4465, 0.0211, 0.8945, 0.0104
17:00:38, 4.50, 135, 127.86, 359.96, 2.79, 0.4393, 0.0217, 0.8980, 0.0110
17:00:38, 4.53, 136, 128.76, 359.84, 2.87, 0.4323, 0.0219, 0.9014, 0.0121
17:00:38, 4.53, 136, 129.65, 359.78, 2.96, 0.4252, 0.0225, 0.9047, 0.0127
17:00:38, 4.57, 137, 130.51, 359.66, 3.04, 0.4183, 0.0229, 0.9079, 0.0138
17:00:38, 4.57, 137, 131.38, 359.63, 3.12, 0.4114, 0.0234, 0.9110, 0.0142
17:00:38, 4.60, 138, 132.20, 359.53, 3.18, 0.4049, 0.0238, 0.9139, 0.0150
17:00:38, 4.60, 138, 132.98, 359.50, 3.18, 0.3986, 0.0237, 0.9167, 0.0151
17:00:38, 4.60, 138, 133.74, 359.47, 3.21, 0.3925, 0.0239, 0.9193, 0.0153
17:00:38, 4.63, 139, 134.48, 359.44, 3.20, 0.3866, 0.0238, 0.9218, 0.0153
17:00:38, 4.63, 139, 135.23, 359.41, 3.21, 0.3806, 0.0240, 0.9243, 0.0154
17:00:38, 4.67, 140, 135.91, 359.35, 3.18, 0.3750, 0.0236, 0.9266, 0.0156
17:00:38, 4.67, 140, 136.60, 359.36, 3.12, 0.3694, 0.0232, 0.9288, 0.0153
17:00:38, 4.67, 140, 137.28, 359.31, 3.09, 0.3639, 0.0229, 0.9310, 0.0154
17:00:38, 4.70, 141, 137.93, 359.28, 3.07, 0.3586, 0.0227, 0.9331, 0.0155
17:00:38, 4.70, 141, 138.56, 359.24, 3.04, 0.3535, 0.0225, 0.9350, 0.0156
17:00:38, 4.73, 142, 139.19, 359.20, 3.02, 0.3483, 0.0222, 0.9370, 0.0157
17:00:38, 4.73, 142, 139.80, 359.12, 3.03, 0.3433, 0.0222, 0.9388, 0.0163
17:00:38, 4.77, 143, 140.42, 359.06, 3.05, 0.3382, 0.0223, 0.9407, 0.0168
17:00:38, 4.77, 143, 141.01, 358.95, 3.00, 0.3334, 0.0217, 0.9424, 0.0173
17:00:38, 4.77, 143, 141.62, 358.87, 2.97, 0.3283, 0.0213, 0.9441, 0.0178
17:00:38, 4.80, 144, 142.22, 358.73, 2.86, 0.3233, 0.0200, 0.9459, 0.0186
17:00:38, 4.80, 144, 142.89, 358.55, 2.82, 0.3178, 0.0193, 0.9477, 0.0198
17:00:38, 4.83, 145, 143.41, 358.36, 2.71, 0.3135, 0.0179, 0.9492, 0.0210
17:00:38, 4.83, 145, 143.97, 358.16, 2.61, 0.3088, 0.0167, 0.9507, 0.0223
17:00:38, 4.83, 145, 144.55, 358.03, 2.53, 0.3040, 0.0158, 0.9523, 0.0230
17:00:38, 4.87, 146, 145.06, 357.84, 2.41, 0.2997, 0.0144, 0.9536, 0.0243
17:00:38, 4.87, 146, 145.64, 357.75, 2.31, 0.2949, 0.0134, 0.9551, 0.0247
17:00:38, 4.90, 147, 146.18, 357.60, 2.17, 0.2904, 0.0120, 0.9565, 0.0256
17:00:38, 4.90, 147, 146.79, 357.48, 2.07, 0.2853, 0.0111, 0.9580, 0.0262
17:00:38, 4.93, 148, 147.40, 357.38, 1.93, 0.2802, 0.0097, 0.9595, 0.0267
17:00:38, 4.93, 148, 147.97, 357.24, 1.83, 0.2754, 0.0087, 0.9609, 0.0276
17:00:38, 4.93, 148, 148.62, 357.18, 1.70, 0.2700, 0.0076, 0.9624, 0.0277
17:00:38, 4.97, 149, 149.29, 357.05, 1.66, 0.2643, 0.0072, 0.9640, 0.0286
17:00:38, 4.97, 149, 149.93, 356.94, 1.66, 0.2589, 0.0070, 0.9654, 0.0296
17:00:38, 5.00, 150, 150.60, 356.80, 1.67, 0.2532, 0.0070, 0.9669, 0.0307
17:00:38, 5.00, 150, 151.26, 356.75, 1.70, 0.2477, 0.0073, 0.9683, 0.0311
17:00:38, 5.00, 150, 151.87, 356.66, 1.73, 0.2425, 0.0076, 0.9696, 0.0319
17:00:38, 5.03, 151, 152.56, 356.60, 1.80, 0.2366, 0.0082, 0.9710, 0.0325
17:00:38, 5.03, 151, 153.21, 356.54, 1.82, 0.2311, 0.0084, 0.9723, 0.0331
17:00:38, 5.07, 152, 153.84, 356.49, 1.85, 0.2257, 0.0088, 0.9736, 0.0335
17:00:38, 5.07, 152, 154.51, 356.41, 1.86, 0.2200, 0.0089, 0.9749, 0.0342
17:00:38, 5.10, 153, 155.16, 356.41, 1.89, 0.2144, 0.0094, 0.9761, 0.0342
17:00:38, 5.10, 153, 155.77, 356.40, 1.94, 0.2093, 0.0100, 0.9772, 0.0343
17:00:38, 5.10, 153, 156.37, 356.35, 1.99, 0.2041, 0.0105, 0.9783, 0.0347
17:00:39, 5.13, 154, 157.01, 356.37, 2.02, 0.1986, 0.0110, 0.9794, 0.0345
17:00:39, 5.13, 154, 157.69, 356.41, 1.99, 0.1928, 0.0110, 0.9806, 0.0341
17:00:39, 5.17, 155, 158.26, 356.35, 2.03, 0.1879, 0.0114, 0.9815, 0.0346
17:00:39, 5.17, 155, 158.93, 356.33, 2.03, 0.1822, 0.0116, 0.9826, 0.0347
17:00:39, 5.17, 155, 159.53, 356.37, 2.10, 0.1770, 0.0124, 0.9835, 0.0344
17:00:39, 5.20, 156, 160.14, 356.39, 2.13, 0.1718, 0.0129, 0.9845, 0.0342
17:00:39, 5.20, 156, 160.76, 356.44, 2.16, 0.1664, 0.0134, 0.9854, 0.0338
17:00:39, 5.23, 157, 161.41, 356.43, 2.16, 0.1608, 0.0136, 0.9863, 0.0338
17:00:39, 5.23, 157, 162.05, 356.48, 2.24, 0.1553, 0.0145, 0.9872, 0.0334
17:00:39, 5.27, 158, 162.68, 356.49, 2.24, 0.1498, 0.0147, 0.9880, 0.0332
17:00:39, 5.27, 158, 163.32, 356.54, 2.37, 0.1443, 0.0161, 0.9889, 0.0329
17:00:39, 5.27, 158, 163.96, 356.59, 2.46, 0.1388, 0.0171, 0.9896, 0.0325
17:00:39, 5.30, 159, 164.68, 356.63, 2.51, 0.1326, 0.0178, 0.9905, 0.0320
17:00:39, 5.30, 159, 165.32, 356.63, 2.63, 0.1270, 0.0190, 0.9912, 0.0321
17:00:39, 5.33, 160, 166.00, 356.67, 2.61, 0.1212, 0.0191, 0.9919, 0.0316
17:00:39, 5.33, 160, 166.72, 356.65, 2.66, 0.1149, 0.0197, 0.9927, 0.0317
17:00:39, 5.33, 160, 167.43, 356.67, 2.74, 0.1087, 0.0205, 0.9934, 0.0315
17:00:39, 5.37, 161, 168.18, 356.67, 2.81, 0.1022, 0.0214, 0.9940, 0.0314
17:00:39, 5.37, 161, 168.88, 356.73, 2.89, 0.0961, 0.0223, 0.9946, 0.0308
17:00:39, 5.40, 162, 169.55, 356.77, 2.94, 0.0902, 0.0230, 0.9952, 0.0304
17:00:39, 5.40, 162, 170.17, 356.77, 3.01, 0.0849, 0.0238, 0.9956, 0.0303
17:00:39, 5.43, 163, 170.83, 356.82, 3.06, 0.0791, 0.0244, 0.9961, 0.0298
17:00:39, 5.43, 163, 171.46, 356.87, 3.11, 0.0737, 0.0250, 0.9965, 0.0293
17:00:39, 5.43, 163, 172.05, 356.91, 3.08, 0.0686, 0.0249, 0.9969, 0.0288
17:00:39, 5.47, 164, 172.59, 356.93, 3.15, 0.0639, 0.0257, 0.9972, 0.0285
17:00:39, 5.47, 164, 173.22, 357.02, 3.18, 0.0584, 0.0261, 0.9976, 0.0276
17:00:39, 5.50, 165, 173.73, 357.07, 3.14, 0.0539, 0.0260, 0.9978, 0.0270
17:00:39, 5.50, 165, 174.27, 357.12, 3.13, 0.0492, 0.0260, 0.9981, 0.0264
17:00:39, 5.50, 165, 174.83, 357.18, 3.13, 0.0444, 0.0262, 0.9983, 0.0258
17:00:39, 5.53, 166, 175.36, 357.31, 3.14, 0.0398, 0.0264, 0.9986, 0.0246
17:00:39, 5.53, 166, 175.85, 357.41, 3.26, 0.0356, 0.0276, 0.9987, 0.0236
17:00:39, 5.57, 167, 176.36, 357.44, 3.22, 0.0311, 0.0274, 0.9989, 0.0232
17:00:39, 5.57, 167, 176.84, 357.54, 3.31, 0.0269, 0.0282, 0.9990, 0.0223
17:00:39, 5.60, 168, 177.34, 357.62, 3.29, 0.0226, 0.0282, 0.9991, 0.0214
17:00:39, 5.60, 168, 177.88, 357.76, 3.34, 0.0180, 0.0288, 0.9992, 0.0201
17:00:39, 5.60, 168, 178.38, 357.78, 3.37, 0.0135, 0.0291, 0.9993, 0.0198
17:00:39, 5.63, 169, 178.90, 357.87, 3.36, 0.0091, 0.0292, 0.9994, 0.0188
17:00:39, 5.63, 169, 179.45, 357.95, 3.32, 0.0043, 0.0289, 0.9994, 0.0180
17:00:39, 5.67, 170, 179.99, 357.98, 3.37, -0.0004, 0.0294, 0.9994, 0.0176
17:00:39, 5.67, 170, 180.53, 358.03, 3.40, -0.0051, 0.0298, 0.9994, 0.0171
17:00:39, 5.67, 170, 181.09, 358.06, 3.38, -0.0100, 0.0297, 0.9994, 0.0166
17:00:39, 5.70, 171, 181.64, 358.15, 3.40, -0.0148, 0.0299, 0.9993, 0.0157
17:00:39, 5.70, 171, 182.24, 358.15, 3.40, -0.0200, 0.0300, 0.9992, 0.0156
17:00:39, 5.73, 172, 182.80, 358.23, 3.37, -0.0249, 0.0297, 0.9991, 0.0148
17:00:39, 5.73, 172, 183.41, 358.22, 3.41, -0.0302, 0.0302, 0.9990, 0.0146
17:00:39, 5.77, 173, 184.03, 358.32, 3.38, -0.0356, 0.0299, 0.9988, 0.0136
17:00:39, 5.77, 173, 184.65, 358.36, 3.35, -0.0410, 0.0298, 0.9986, 0.0131
17:00:39, 5.77, 173, 185.26, 358.33, 3.30, -0.0463, 0.0294, 0.9984, 0.0132
17:00:39, 5.80, 174, 185.92, 358.42, 3.28, -0.0520, 0.0293, 0.9981, 0.0123
17:00:39, 5.80, 174, 186.52, 358.48, 3.34, -0.0572, 0.0298, 0.9978, 0.0116
17:00:39, 5.83, 175, 187.16, 358.47, 3.34, -0.0628, 0.0300, 0.9975, 0.0115
17:00:39, 5.83, 175, 187.80, 358.42, 3.36, -0.0684, 0.0302, 0.9971, 0.0117
17:00:39, 5.83, 175, 188.47, 358.44, 3.31, -0.0742, 0.0298, 0.9967, 0.0114
17:00:39, 5.87, 176, 189.10, 358.43, 3.26, -0.0797, 0.0295, 0.9963, 0.0114
17:00:39, 5.87, 176, 189.79, 358.40, 3.26, -0.0857, 0.0296, 0.9958, 0.0114
17:00:39, 5.90, 177, 190.42, 358.43, 3.23, -0.0912, 0.0293, 0.9953, 0.0111
17:00:39, 5.90, 177, 191.12, 358.42, 3.24, -0.0972, 0.0295, 0.9948, 0.0110
17:00:39, 5.93, 178, 191.81, 358.42, 3.22, -0.1032, 0.0293, 0.9942, 0.0108
17:00:39, 5.93, 178, 192.47, 358.37, 3.22, -0.1089, 0.0294, 0.9936, 0.0111
17:00:39, 5.93, 178, 193.15, 358.36, 3.19, -0.1149, 0.0293, 0.9929, 0.0110
17:00:39, 5.97, 179, 193.84, 358.31, 3.25, -0.1208, 0.0299, 0.9922, 0.0112
17:00:39, 5.97, 179, 194.54, 358.35, 3.24, -0.1269, 0.0298, 0.9914, 0.0107
17:00:39, 6.00, 180, 195.20, 358.34, 3.24, -0.1326, 0.0299, 0.9907, 0.0106
17:00:39, 6.00, 180, 195.91, 358.24, 3.27, -0.1388, 0.0304, 0.9898, 0.0113
17:00:39, 6.00, 180, 196.58, 358.19, 3.31, -0.1445, 0.0308, 0.9890, 0.0115
17:00:39, 6.03, 181, 197.26, 358.14, 3.32, -0.1504, 0.0310, 0.9881, 0.0117
17:00:39, 6.03, 181, 197.95, 358.14, 3.30, -0.1564, 0.0310, 0.9871, 0.0115
17:00:39, 6.07, 182, 198.64, 358.17, 3.38, -0.1623, 0.0317, 0.9862, 0.0110
17:00:39, 6.07, 182, 199.33, 358.21, 3.40, -0.1682, 0.0319, 0.9852, 0.0104
17:00:39, 6.10, 183, 200.07, 358.35, 3.46, -0.1746, 0.0322, 0.9841, 0.0089
17:00:39, 6.10, 183, 200.81, 358.40, 3.53, -0.1810, 0.0328, 0.9829, 0.0081
17:00:39, 6.10, 183, 201.55, 358.49, 3.59, -0.1872, 0.0332, 0.9817, 0.0071
17:00:40, 6.13, 184, 202.34, 358.53, 3.57, -0.1940, 0.0330, 0.9804, 0.0066
17:00:40, 6.13, 184, 203.08, 358.61, 3.64, -0.2004, 0.0335, 0.9791, 0.0055
17:00:40, 6.17, 185, 203.89, 358.63, 3.68, -0.2072, 0.0339, 0.9777, 0.0050
17:00:40, 6.17, 185, 204.66, 358.73, 3.73, -0.2138, 0.0342, 0.9763, 0.0039
17:00:40, 6.17, 185, 205.49, 358.72, 3.87, -0.2208, 0.0354, 0.9747, 0.0034
17:00:40, 6.20, 186, 206.23, 358.81, 4.00, -0.2271, 0.0363, 0.9732, 0.0022
17:00:40, 6.20, 186, 207.00, 358.76, 4.18, -0.2337, 0.0380, 0.9716, 0.0020
17:00:40, 6.23, 187, 207.73, 358.75, 4.30, -0.2398, 0.0390, 0.9700, 0.0016
17:00:40, 6.23, 187, 208.52, 358.75, 4.37, -0.2466, 0.0397, 0.9683, 0.0012
17:00:40, 6.27, 188, 209.33, 358.75, 4.52, -0.2534, 0.0409, 0.9665, 0.0005
17:00:40, 6.27, 188, 210.05, 358.65, 4.62, -0.2595, 0.0420, 0.9648, 0.0009
17:00:40, 6.27, 188, 210.76, 358.61, 4.72, -0.2654, 0.0429, 0.9632, 0.0008
17:00:40, 6.30, 189, 211.48, 358.58, 4.80, -0.2715, 0.0437, 0.9614, 0.0005
17:00:40, 6.30, 189, 212.24, 358.50, 4.93, -0.2779, 0.0449, 0.9596, 0.0006
17:00:40, 6.33, 190, 212.90, 358.49, 5.05, -0.2834, 0.0460, 0.9579, 0.0002
17:00:40, 6.33, 190, 213.59, 358.37, 5.12, -0.2893, 0.0469, 0.9561, 0.0007
17:00:40, 6.33, 190, 214.31, 358.29, 5.29, -0.2952, 0.0485, 0.9542, 0.0006
17:00:40, 6.37, 191, 215.01, 358.22, 5.34, -0.3011, 0.0491, 0.9523, 0.0008
17:00:40, 6.37, 191, 215.76, 358.12, 5.40, -0.3074, 0.0499, 0.9503, 0.0011
17:00:40, 6.40, 192, 216.51, 358.04, 5.47, -0.3136, 0.0507, 0.9482, 0.0013
17:00:40, 6.40, 192, 217.25, 357.93, 5.59, -0.3198, 0.0519, 0.9461, 0.0016
17:00:40, 6.43, 193, 218.01, 357.83, 5.63, -0.3261, 0.0526, 0.9439, 0.0019
17:00:40, 6.43, 193, 218.85, 357.70, 5.66, -0.3330, 0.0532, 0.9414, 0.0025
17:00:40, 6.43, 193, 219.80, 357.56, 5.69, -0.3408, 0.0539, 0.9386, 0.0031
17:00:40, 6.47, 194, 220.76, 357.40, 5.84, -0.3488, 0.0557, 0.9355, 0.0035
17:00:40, 6.47, 194, 221.75, 357.24, 5.92, -0.3569, 0.0568, 0.9324, 0.0040
17:00:40, 6.50, 195, 222.65, 357.09, 6.03, -0.3642, 0.0582, 0.9295, 0.0045
17:00:40, 6.50, 195, 223.61, 356.92, 6.06, -0.3721, 0.0590, 0.9263, 0.0053
17:00:40, 6.50, 195, 224.55, 356.80, 6.19, -0.3798, 0.0605, 0.9231, 0.0054
17:00:40, 6.53, 196, 225.43, 356.74, 6.22, -0.3869, 0.0610, 0.9201, 0.0053
17:00:40, 6.53, 196, 226.24, 356.63, 6.29, -0.3934, 0.0620, 0.9173, 0.0054
17:00:40, 6.57, 197, 227.07, 356.52, 6.32, -0.4000, 0.0626, 0.9143, 0.0058
17:00:40, 6.57, 197, 227.88, 356.50, 6.28, -0.4065, 0.0624, 0.9115, 0.0056
17:00:40, 6.60, 198, 228.66, 356.38, 6.30, -0.4128, 0.0630, 0.9086, 0.0061
17:00:40, 6.60, 198, 229.38, 356.27, 6.31, -0.4185, 0.0635, 0.9060, 0.0066
17:00:40, 6.60, 198, 230.06, 356.22, 6.30, -0.4239, 0.0637, 0.9035, 0.0066
17:00:40, 6.63, 199, 230.68, 356.14, 6.28, -0.4287, 0.0638, 0.9011, 0.0069
17:00:40, 6.63, 199, 231.27, 356.14, 6.31, -0.4334, 0.0641, 0.8989, 0.0065
17:00:40, 6.67, 200, 231.86, 356.00, 6.27, -0.4380, 0.0644, 0.8966, 0.0074
17:00:40, 6.67, 200, 232.34, 355.93, 6.27, -0.4418, 0.0647, 0.8947, 0.0077
17:00:40, 6.67, 200, 232.86, 355.94, 6.22, -0.4459, 0.0643, 0.8927, 0.0076
17:00:40, 6.70, 201, 233.35, 355.89, 6.17, -0.4497, 0.0642, 0.8908, 0.0079
17:00:40, 6.70, 201, 233.78, 355.90, 6.13, -0.4531, 0.0638, 0.8892, 0.0077
17:00:40, 6.73, 202, 234.24, 355.85, 6.12, -0.4566, 0.0640, 0.8873, 0.0079
17:00:40, 6.73, 202, 234.60, 355.78, 6.10, -0.4594, 0.0641, 0.8859, 0.0083
17:00:40, 6.77, 203, 235.01, 355.72, 6.05, -0.4626, 0.0640, 0.8842, 0.0087
17:00:40, 6.77, 203, 235.43, 355.66, 6.02, -0.4659, 0.0640, 0.8825, 0.0090
17:00:40, 6.77, 203, 235.85, 355.70, 6.02, -0.4691, 0.0639, 0.8808, 0.0086
17:00:40, 6.80, 204, 236.23, 355.67, 6.03, -0.4720, 0.0641, 0.8792, 0.0085
17:00:40, 6.80, 204, 236.67, 355.69, 6.07, -0.4753, 0.0644, 0.8774, 0.0079
17:00:40, 6.83, 205, 237.05, 355.70, 6.11, -0.4783, 0.0647, 0.8758, 0.0075
17:00:40, 6.83, 205, 237.40, 355.70, 6.12, -0.4810, 0.0648, 0.8743, 0.0073
17:00:40, 6.83, 205, 237.73, 355.63, 6.12, -0.4835, 0.0651, 0.8729, 0.0076
17:00:40, 6.87, 206, 238.11, 355.62, 6.12, -0.4864, 0.0652, 0.8713, 0.0074
17:00:40, 6.87, 206, 238.45, 355.62, 6.10, -0.4889, 0.0650, 0.8699, 0.0073
17:00:40, 6.90, 207, 238.73, 355.57, 6.13, -0.4911, 0.0655, 0.8686, 0.0075
17:00:40, 6.90, 207, 239.05, 355.51, 6.11, -0.4935, 0.0656, 0.8672, 0.0078
17:00:40, 6.93, 208, 239.35, 355.44, 6.08, -0.4958, 0.0657, 0.8659, 0.0083
17:00:40, 6.93, 208, 239.61, 355.32, 6.04, -0.4978, 0.0659, 0.8647, 0.0092
17:00:40, 6.93, 208, 239.93, 355.25, 5.93, -0.5002, 0.0655, 0.8634, 0.0100
17:00:40, 6.97, 209, 240.19, 355.22, 5.88, -0.5022, 0.0653, 0.8622, 0.0103
17:00:40, 6.97, 209, 240.48, 355.13, 5.85, -0.5044, 0.0654, 0.8609, 0.0110
17:00:40, 7.00, 210, 240.74, 355.08, 5.81, -0.5063, 0.0654, 0.8598, 0.0114
17:00:40, 7.00, 210, 241.00, 354.99, 5.73, -0.5083, 0.0652, 0.8586, 0.0122
17:00:40, 7.00, 210, 241.23, 354.93, 5.67, -0.5100, 0.0650, 0.8576, 0.0128
17:00:40, 7.03, 211, 241.48, 354.88, 5.61, -0.5119, 0.0649, 0.8565, 0.0134
17:00:40, 7.03, 211, 241.74, 354.81, 5.54, -0.5138, 0.0646, 0.8553, 0.0141
17:00:40, 7.07, 212, 241.93, 354.77, 5.47, -0.5153, 0.0643, 0.8545, 0.0145
17:00:40, 7.07, 212, 242.14, 354.72, 5.42, -0.5169, 0.0642, 0.8535, 0.0151
17:00:40, 7.10, 213, 242.33, 354.71, 5.34, -0.5183, 0.0637, 0.8527, 0.0154
17:00:40, 7.10, 213, 242.50, 354.68, 5.29, -0.5195, 0.0635, 0.8520, 0.0157
17:00:40, 7.10, 213, 242.67, 354.68, 5.21, -0.5207, 0.0629, 0.8513, 0.0160
17:00:41, 7.13, 214, 242.82, 354.64, 5.11, -0.5218, 0.0624, 0.8506, 0.0166
17:00:41, 7.13, 214, 242.98, 354.62, 5.03, -0.5230, 0.0619, 0.8499, 0.0171
17:00:41, 7.17, 215, 243.10, 354.58, 4.96, -0.5239, 0.0616, 0.8494, 0.0176
17:00:41, 7.17, 215, 243.20, 354.54, 4.90, -0.5247, 0.0613, 0.8489, 0.0181
17:00:41, 7.17, 215, 243.30, 354.53, 4.84, -0.5254, 0.0609, 0.8485, 0.0184
17:00:41, 7.20, 216, 243.39, 354.51, 4.77, -0.5260, 0.0605, 0.8481, 0.0189
17:00:41, 7.20, 216, 243.46, 354.48, 4.71, -0.5266, 0.0603, 0.8478, 0.0193
17:00:41, 7.23, 217, 243.53, 354.47, 4.67, -0.5271, 0.0600, 0.8475, 0.0196
17:00:41, 7.23, 217, 243.58, 354.46, 4.63, -0.5274, 0.0598, 0.8473, 0.0198
17:00:41, 7.27, 218, 243.63, 354.43, 4.60, -0.5278, 0.0597, 0.8470, 0.0201
17:00:41, 7.27, 218, 243.65, 354.43, 4.60, -0.5280, 0.0596, 0.8469, 0.0201
17:00:41, 7.27, 218, 243.67, 354.39, 4.60, -0.5281, 0.0598, 0.8468, 0.0205
17:00:41, 7.30, 219, 243.69, 354.35, 4.60, -0.5282, 0.0600, 0.8467, 0.0207
17:00:41, 7.30, 219, 243.71, 354.32, 4.60, -0.5284, 0.0602, 0.8466, 0.0209
17:00:41, 7.33, 220, 243.71, 354.30, 4.59, -0.5284, 0.0602, 0.8466, 0.0211
17:00:41, 7.33, 220, 243.73, 354.29, 4.61, -0.5286, 0.0604, 0.8465, 0.0210
17:00:41, 7.33, 220, 243.72, 354.25, 4.61, -0.5285, 0.0606, 0.8465, 0.0214
17:00:41, 7.37, 221, 243.72, 354.24, 4.63, -0.5285, 0.0608, 0.8465, 0.0213
17:00:41, 7.37, 221, 243.74, 354.24, 4.66, -0.5286, 0.0610, 0.8464, 0.0213
17:00:41, 7.40, 222, 243.74, 354.21, 4.66, -0.5286, 0.0611, 0.8464, 0.0215
17:00:41, 7.40, 222, 243.74, 354.19, 4.68, -0.5287, 0.0613, 0.8463, 0.0215
17:00:41, 7.43, 223, 243.78, 354.23, 4.66, -0.5289, 0.0611, 0.8462, 0.0213
17:00:41, 7.43, 223, 243.80, 354.29, 4.70, -0.5290, 0.0611, 0.8461, 0.0206
17:00:41, 7.43, 223, 243.81, 354.32, 4.72, -0.5292, 0.0610, 0.8461, 0.0203
17:00:41, 7.47, 224, 243.83, 354.39, 4.72, -0.5293, 0.0608, 0.8460, 0.0198
17:00:41, 7.47, 224, 243.84, 354.42, 4.74, -0.5294, 0.0608, 0.8460, 0.0195
17:00:41, 7.50, 225, 243.90, 354.44, 4.73, -0.5298, 0.0606, 0.8458, 0.0193
17:00:41, 7.50, 225, 243.90, 354.49, 4.71, -0.5298, 0.0602, 0.8458, 0.0190
17:00:41, 7.50, 225, 243.92, 354.54, 4.71, -0.5300, 0.0600, 0.8457, 0.0187
17:00:41, 7.53, 226, 243.92, 354.58, 4.71, -0.5299, 0.0598, 0.8457, 0.0183
17:00:41, 7.53, 226, 243.92, 354.63, 4.71, -0.5300, 0.0596, 0.8457, 0.0179
17:00:41, 7.57, 227, 243.95, 354.66, 4.71, -0.5301, 0.0595, 0.8456, 0.0177
17:00:41, 7.57, 227, 243.95, 354.71, 4.72, -0.5302, 0.0593, 0.8456, 0.0173
17:00:41, 7.60, 228, 243.96, 354.78, 4.72, -0.5302, 0.0590, 0.8456, 0.0168
17:00:41, 7.60, 228, 243.98, 354.82, 4.73, -0.5304, 0.0589, 0.8456, 0.0165
17:00:41, 7.60, 228, 244.01, 354.90, 4.74, -0.5306, 0.0586, 0.8454, 0.0158
17:00:41, 7.63, 229, 244.03, 354.96, 4.74, -0.5307, 0.0583, 0.8454, 0.0154
17:00:41, 7.63, 229, 244.04, 355.02, 4.74, -0.5308, 0.0581, 0.8454, 0.0149
17:00:41, 7.67, 230, 244.04, 355.07, 4.74, -0.5308, 0.0578, 0.8454, 0.0145
17:00:41, 7.67, 230, 244.06, 355.10, 4.71, -0.5309, 0.0574, 0.8453, 0.0145
17:00:41, 7.67, 230, 244.10, 355.17, 4.68, -0.5312, 0.0569, 0.8452, 0.0141
17:00:41, 7.70, 231, 244.14, 355.24, 4.67, -0.5315, 0.0565, 0.8451, 0.0136
17:00:41, 7.70, 231, 244.17, 355.29, 4.68, -0.5317, 0.0564, 0.8449, 0.0131
17:00:41, 7.73, 232, 244.20, 355.33, 4.67, -0.5319, 0.0561, 0.8448, 0.0129
17:00:41, 7.73, 232, 244.25, 355.37, 4.68, -0.5323, 0.0560, 0.8446, 0.0125
17:00:41, 7.77, 233, 244.26, 355.39, 4.67, -0.5324, 0.0558, 0.8446, 0.0124
17:00:41, 7.77, 233, 244.29, 355.44, 4.66, -0.5326, 0.0555, 0.8445, 0.0121
17:00:41, 7.77, 233, 244.33, 355.43, 4.63, -0.5328, 0.0553, 0.8443, 0.0123
17:00:41, 7.80, 234, 244.34, 355.44, 4.61, -0.5329, 0.0552, 0.8443, 0.0123
17:00:41, 7.80, 234, 244.35, 355.43, 4.61, -0.5330, 0.0553, 0.8442, 0.0123
17:00:41, 7.83, 235, 244.37, 355.40, 4.60, -0.5331, 0.0553, 0.8441, 0.0126
17:00:41, 7.83, 235, 244.38, 355.40, 4.60, -0.5333, 0.0553, 0.8440, 0.0126
17:00:41, 7.83, 235, 244.38, 355.41, 4.59, -0.5332, 0.0552, 0.8441, 0.0126
17:00:41, 7.87, 236, 244.37, 355.42, 4.59, -0.5332, 0.0551, 0.8441, 0.0125
17:00:41, 7.87, 236, 244.37, 355.41, 4.57, -0.5331, 0.0550, 0.8441, 0.0127
17:00:41, 7.90, 237, 244.37, 355.40, 4.56, -0.5331, 0.0550, 0.8441, 0.0128
17:00:41, 7.90, 237, 244.35, 355.39, 4.57, -0.5330, 0.0551, 0.8442, 0.0128
17:00:41, 7.93, 238, 244.32, 355.39, 4.57, -0.5328, 0.0551, 0.8443, 0.0128
17:00:41, 7.93, 238, 244.30, 355.38, 4.57, -0.5327, 0.0552, 0.8444, 0.0129
17:00:41, 7.93, 238, 244.28, 355.39, 4.57, -0.5325, 0.0551, 0.8445, 0.0128
17:00:41, 7.97, 239, 244.25, 355.39, 4.59, -0.5322, 0.0553, 0.8447, 0.0128
17:00:41, 7.97, 239, 244.23, 355.39, 4.58, -0.5322, 0.0551, 0.8448, 0.0128
17:00:41, 8.00, 240, 244.21, 355.41, 4.58, -0.5319, 0.0551, 0.8449, 0.0127
17:00:41, 8.00, 240, 244.19, 355.41, 4.61, -0.5318, 0.0553, 0.8449, 0.0125
17:00:41, 8.00, 240, 244.17, 355.40, 4.64, -0.5317, 0.0556, 0.8450, 0.0125
17:00:41, 8.03, 241, 244.15, 355.39, 4.63, -0.5315, 0.0556, 0.8451, 0.0126
17:00:41, 8.03, 241, 244.14, 355.36, 4.62, -0.5315, 0.0556, 0.8451, 0.0129
17:00:41, 8.07, 242, 244.15, 355.36, 4.60, -0.5316, 0.0555, 0.8451, 0.0130
17:00:41, 8.07, 242, 244.17, 355.32, 4.58, -0.5317, 0.0555, 0.8450, 0.0133
17:00:41, 8.10, 243, 244.16, 355.26, 4.60, -0.5316, 0.0559, 0.8450, 0.0138
17:00:41, 8.10, 243, 244.13, 355.25, 4.59, -0.5314, 0.0559, 0.8451, 0.0139
17:00:41, 8.10, 243, 244.14, 355.21, 4.59, -0.5314, 0.0561, 0.8451, 0.0141
17:00:42, 8.13, 244, 244.13, 355.18, 4.60, -0.5314, 0.0563, 0.8451, 0.0144
17:00:42, 8.13, 244, 244.15, 355.16, 4.58, -0.5316, 0.0562, 0.8450, 0.0145
17:00:42, 8.17, 245, 244.15, 355.18, 4.60, -0.5315, 0.0562, 0.8450, 0.0143
17:00:42, 8.17, 245, 244.15, 355.19, 4.60, -0.5315, 0.0562, 0.8451, 0.0142
17:00:42, 8.17, 245, 244.15, 355.21, 4.60, -0.5315, 0.0562, 0.8451, 0.0141
17:00:42, 8.20, 246, 244.14, 355.22, 4.60, -0.5315, 0.0561, 0.8451, 0.0140
17:00:42, 8.20, 246, 244.14, 355.21, 4.60, -0.5315, 0.0562, 0.8451, 0.0141
17:00:42, 8.23, 247, 244.13, 355.19, 4.58, -0.5314, 0.0561, 0.8451, 0.0143
17:00:42, 8.23, 247, 244.13, 355.17, 4.56, -0.5314, 0.0560, 0.8451, 0.0146
17:00:42, 8.27, 248, 244.13, 355.16, 4.54, -0.5314, 0.0560, 0.8451, 0.0147
17:00:42, 8.27, 248, 244.12, 355.14, 4.56, -0.5313, 0.0561, 0.8452, 0.0148
17:00:42, 8.27, 248, 244.08, 355.11, 4.57, -0.5310, 0.0564, 0.8453, 0.0150
17:00:42, 8.30, 249, 244.08, 355.13, 4.58, -0.5310, 0.0564, 0.8453, 0.0148
17:00:42, 8.30, 249, 244.05, 355.13, 4.60, -0.5309, 0.0565, 0.8454, 0.0148
17:00:42, 8.33, 250, 244.06, 355.12, 4.60, -0.5309, 0.0566, 0.8454, 0.0148
17:00:42, 8.33, 250, 244.03, 355.10, 4.63, -0.5307, 0.0568, 0.8455, 0.0148
17:00:42, 8.33, 250, 244.01, 355.12, 4.64, -0.5305, 0.0568, 0.8456, 0.0146
17:00:42, 8.37, 251, 244.00, 355.11, 4.66, -0.5305, 0.0570, 0.8457, 0.0146
17:00:42, 8.37, 251, 243.95, 355.09, 4.68, -0.5301, 0.0573, 0.8458, 0.0147
17:00:42, 8.40, 252, 243.92, 355.06, 4.67, -0.5299, 0.0573, 0.8460, 0.0149
17:00:42, 8.40, 252, 243.94, 355.05, 4.62, -0.5300, 0.0570, 0.8459, 0.0153
17:00:42, 8.43, 253, 243.92, 355.06, 4.61, -0.5299, 0.0569, 0.8460, 0.0152
17:00:42, 8.43, 253, 243.92, 355.08, 4.60, -0.5299, 0.0567, 0.8461, 0.0151
17:00:42, 8.43, 253, 243.90, 355.09, 4.63, -0.5297, 0.0569, 0.8461, 0.0150
17:00:42, 8.47, 254, 243.90, 355.09, 4.63, -0.5297, 0.0569, 0.8461, 0.0150
17:00:42, 8.47, 254, 243.92, 355.10, 4.64, -0.5299, 0.0569, 0.8460, 0.0148
17:00:42, 8.50, 255, 243.92, 355.10, 4.64, -0.5298, 0.0569, 0.8461, 0.0148
17:00:42, 8.50, 255, 243.94, 355.12, 4.63, -0.5300, 0.0568, 0.8460, 0.0147
17:00:42, 8.50, 255, 243.94, 355.13, 4.64, -0.5301, 0.0568, 0.8459, 0.0146
17:00:42, 8.53, 256, 243.96, 355.13, 4.65, -0.5302, 0.0568, 0.8458, 0.0145
17:00:42, 8.53, 256, 243.98, 355.15, 4.66, -0.5303, 0.0569, 0.8458, 0.0143
17:00:42, 8.57, 257, 243.97, 355.15, 4.67, -0.5303, 0.0569, 0.8458, 0.0143
17:00:42, 8.57, 257, 243.98, 355.18, 4.68, -0.5303, 0.0569, 0.8458, 0.0141
17:00:42, 8.60, 258, 243.96, 355.19, 4.68, -0.5302, 0.0568, 0.8459, 0.0140
17:00:42, 8.60, 258, 243.95, 355.19, 4.68, -0.5301, 0.0568, 0.8459, 0.0139
17:00:42, 8.60, 258, 243.94, 355.20, 4.68, -0.5300, 0.0568, 0.8460, 0.0139
17:00:42, 8.63, 259, 243.91, 355.20, 4.69, -0.5298, 0.0568, 0.8461, 0.0139
17:00:42, 8.63, 259, 243.89, 355.21, 4.69, -0.5297, 0.0568, 0.8462, 0.0138
17:00:42, 8.67, 260, 243.87, 355.21, 4.68, -0.5295, 0.0567, 0.8463, 0.0139
17:00:42, 8.67, 260, 243.84, 355.20, 4.68, -0.5293, 0.0568, 0.8464, 0.0139
17:00:42, 8.67, 260, 243.83, 355.21, 4.68, -0.5292, 0.0567, 0.8465, 0.0139
17:00:42, 8.70, 261, 243.80, 355.21, 4.70, -0.5290, 0.0569, 0.8466, 0.0138
17:00:42, 8.70, 261, 243.79, 355.22, 4.71, -0.5289, 0.0568, 0.8467, 0.0137
17:00:42, 8.73, 262, 243.78, 355.21, 4.71, -0.5289, 0.0570, 0.8467, 0.0138
17:00:42, 8.73, 262, 243.78, 355.22, 4.75, -0.5288, 0.0572, 0.8467, 0.0135
17:00:42, 8.77, 263, 243.76, 355.22, 4.79, -0.5287, 0.0574, 0.8468, 0.0134
17:00:42, 8.77, 263, 243.75, 355.23, 4.81, -0.5286, 0.0575, 0.8468, 0.0132
17:00:42, 8.77, 263, 243.74, 355.22, 4.81, -0.5285, 0.0576, 0.8469, 0.0132
17:00:42, 8.80, 264, 243.73, 355.21, 4.82, -0.5285, 0.0577, 0.8469, 0.0132
17:00:42, 8.80, 264, 243.73, 355.20, 4.83, -0.5285, 0.0578, 0.8469, 0.0134
17:00:42, 8.83, 265, 243.69, 355.17, 4.85, -0.5282, 0.0582, 0.8470, 0.0135
17:00:42, 8.83, 265, 243.69, 355.12, 4.86, -0.5282, 0.0584, 0.8470, 0.0138
17:00:42, 8.87, 266, 243.67, 355.10, 4.86, -0.5280, 0.0585, 0.8471, 0.0139
17:00:42, 8.87, 266, 243.63, 355.07, 4.87, -0.5278, 0.0588, 0.8472, 0.0141
17:00:42, 8.87, 266, 243.64, 355.05, 4.87, -0.5278, 0.0588, 0.8472, 0.0143
17:00:42, 8.90, 267, 243.64, 355.07, 4.85, -0.5278, 0.0586, 0.8472, 0.0142
17:00:42, 8.90, 267, 243.64, 355.09, 4.86, -0.5279, 0.0586, 0.8472, 0.0140
17:00:42, 8.93, 268, 243.64, 355.12, 4.87, -0.5278, 0.0585, 0.8472, 0.0137
17:00:42, 8.93, 268, 243.65, 355.16, 4.89, -0.5279, 0.0584, 0.8472, 0.0134
17:00:42, 8.93, 268, 243.66, 355.18, 4.87, -0.5280, 0.0583, 0.8471, 0.0133
17:00:42, 8.97, 269, 243.68, 355.18, 4.87, -0.5281, 0.0582, 0.8471, 0.0133
17:00:42, 8.97, 269, 243.69, 355.16, 4.87, -0.5282, 0.0583, 0.8470, 0.0134
17:00:42, 9.00, 270, 243.70, 355.15, 4.86, -0.5282, 0.0582, 0.8470, 0.0135
17:00:42, 9.00, 270, 243.71, 355.16, 4.85, -0.5283, 0.0582, 0.8469, 0.0135
17:00:42, 9.00, 270, 243.70, 355.16, 4.86, -0.5282, 0.0582, 0.8470, 0.0135
17:00:42, 9.03, 271, 243.70, 355.15, 4.86, -0.5283, 0.0583, 0.8470, 0.0136
17:00:42, 9.03, 271, 243.69, 355.14, 4.86, -0.5282, 0.0583, 0.8470, 0.0137
17:00:42, 9.07, 272, 243.68, 355.13, 4.84, -0.5282, 0.0582, 0.8470, 0.0138
17:00:42, 9.07, 272, 243.68, 355.12, 4.83, -0.5281, 0.0582, 0.8471, 0.0139
17:00:42, 9.10, 273, 243.67, 355.14, 4.83, -0.5281, 0.0581, 0.8471, 0.0138
17:00:42, 9.10, 273, 243.66, 355.16, 4.83, -0.5280, 0.0580, 0.8472, 0.0137
17:00:42, 9.10, 273, 243.63, 355.18, 4.83, -0.5277, 0.0580, 0.8473, 0.0135
17:00:43, 9.13, 274, 243.57, 355.17, 4.82, -0.5273, 0.0579, 0.8476, 0.0136
17:00:43, 9.13, 274, 243.55, 355.17, 4.78, -0.5272, 0.0576, 0.8477, 0.0138
17:00:43, 9.17, 275, 243.54, 355.17, 4.74, -0.5271, 0.0573, 0.8478, 0.0140
17:00:43, 9.17, 275, 243.52, 355.18, 4.70, -0.5269, 0.0569, 0.8479, 0.0141
17:00:43, 9.17, 275, 243.50, 355.20, 4.70, -0.5268, 0.0568, 0.8480, 0.0140
17:00:43, 9.20, 276, 243.47, 355.23, 4.69, -0.5265, 0.0566, 0.8482, 0.0139
17:00:43, 9.20, 276, 243.45, 355.20, 4.69, -0.5264, 0.0568, 0.8482, 0.0141
17:00:43, 9.23, 277, 243.45, 355.19, 4.68, -0.5264, 0.0567, 0.8482, 0.0142
17:00:43, 9.23, 277, 243.43, 355.19, 4.67, -0.5262, 0.0567, 0.8483, 0.0143
17:00:43, 9.27, 278, 243.43, 355.18, 4.65, -0.5263, 0.0566, 0.8483, 0.0145
17:00:43, 9.27, 278, 243.42, 355.15, 4.64, -0.5262, 0.0566, 0.8484, 0.0147
17:00:43, 9.27, 278, 243.39, 355.13, 4.62, -0.5259, 0.0565, 0.8485, 0.0150
17:00:43, 9.30, 279, 243.37, 355.10, 4.63, -0.5258, 0.0568, 0.8486, 0.0152
17:00:43, 9.30, 279, 243.31, 355.11, 4.61, -0.5254, 0.0566, 0.8488, 0.0152
17:00:43, 9.33, 280, 243.28, 355.09, 4.63, -0.5251, 0.0568, 0.8490, 0.0153
17:00:43, 9.33, 280, 243.25, 355.08, 4.61, -0.5249, 0.0567, 0.8491, 0.0154
17:00:43, 9.33, 280, 243.19, 355.08, 4.63, -0.5245, 0.0568, 0.8494, 0.0154
17:00:43, 9.37, 281, 243.16, 355.10, 4.64, -0.5242, 0.0568, 0.8495, 0.0153
17:00:43, 9.37, 281, 243.12, 355.12, 4.65, -0.5240, 0.0568, 0.8497, 0.0151
17:00:43, 9.40, 282, 243.06, 355.11, 4.67, -0.5235, 0.0570, 0.8500, 0.0150
17:00:43, 9.40, 282, 243.00, 355.15, 4.69, -0.5230, 0.0570, 0.8503, 0.0147
17:00:43, 9.43, 283, 242.97, 355.13, 4.72, -0.5228, 0.0572, 0.8504, 0.0147
17:00:43, 9.43, 283, 242.90, 355.15, 4.73, -0.5223, 0.0572, 0.8507, 0.0146
17:00:43, 9.43, 283, 242.86, 355.15, 4.73, -0.5220, 0.0572, 0.8509, 0.0146
17:00:43, 9.47, 284, 242.82, 355.16, 4.75, -0.5217, 0.0573, 0.8511, 0.0144
17:00:43, 9.47, 284, 242.76, 355.16, 4.76, -0.5213, 0.0574, 0.8513, 0.0144
17:00:43, 9.50, 285, 242.70, 355.18, 4.75, -0.5208, 0.0572, 0.8516, 0.0143
17:00:43, 9.50, 285, 242.66, 355.19, 4.75, -0.5206, 0.0572, 0.8518, 0.0143
17:00:43, 9.53, 286, 242.58, 355.20, 4.73, -0.5200, 0.0569, 0.8522, 0.0143
17:00:43, 9.53, 286, 242.54, 355.19, 4.71, -0.5197, 0.0568, 0.8524, 0.0145
17:00:43, 9.53, 286, 242.47, 355.20, 4.71, -0.5191, 0.0568, 0.8527, 0.0145
17:00:43, 9.57, 287, 242.41, 355.21, 4.68, -0.5187, 0.0565, 0.8530, 0.0146
17:00:43, 9.57, 287, 242.37, 355.18, 4.68, -0.5184, 0.0566, 0.8531, 0.0148
17:00:43, 9.60, 288, 242.31, 355.18, 4.66, -0.5179, 0.0565, 0.8534, 0.0149
17:00:43, 9.60, 288, 242.26, 355.17, 4.64, -0.5175, 0.0564, 0.8537, 0.0152
17:00:43, 9.60, 288, 242.19, 355.16, 4.64, -0.5170, 0.0564, 0.8540, 0.0153
17:00:43, 9.63, 289, 242.11, 355.13, 4.63, -0.5164, 0.0565, 0.8543, 0.0156
17:00:43, 9.63, 289, 242.03, 355.12, 4.62, -0.5158, 0.0564, 0.8547, 0.0158
17:00:43, 9.67, 290, 241.93, 355.08, 4.61, -0.5151, 0.0565, 0.8551, 0.0161
17:00:43, 9.67, 290, 241.82, 355.08, 4.57, -0.5143, 0.0562, 0.8556, 0.0164
17:00:43, 9.67, 290, 241.74, 355.09, 4.54, -0.5137, 0.0560, 0.8560, 0.0164
17:00:43, 9.70, 291, 241.63, 355.10, 4.55, -0.5128, 0.0559, 0.8565, 0.0164
17:00:43, 9.70, 291, 241.47, 355.17, 4.57, -0.5117, 0.0557, 0.8572, 0.0158
17:00:43, 9.73, 292, 241.34, 355.16, 4.57, -0.5107, 0.0558, 0.8578, 0.0159
17:00:43, 9.73, 292, 241.20, 355.16, 4.56, -0.5096, 0.0557, 0.8585, 0.0160
17:00:43, 9.77, 293, 241.02, 355.15, 4.57, -0.5083, 0.0558, 0.8592, 0.0162
17:00:43, 9.77, 293, 240.84, 355.12, 4.54, -0.5069, 0.0556, 0.8600, 0.0166
17:00:43, 9.77, 293, 240.64, 355.11, 4.56, -0.5054, 0.0558, 0.8609, 0.0168
17:00:43, 9.80, 294, 240.43, 355.07, 4.56, -0.5039, 0.0559, 0.8618, 0.0171
17:00:43, 9.80, 294, 240.21, 355.03, 4.57, -0.5022, 0.0562, 0.8628, 0.0175
17:00:43, 9.83, 295, 239.96, 354.99, 4.59, -0.5003, 0.0565, 0.8638, 0.0178
17:00:43, 9.83, 295, 239.72, 354.95, 4.60, -0.4985, 0.0567, 0.8648, 0.0182
17:00:43, 9.87, 296, 239.44, 354.88, 4.61, -0.4964, 0.0570, 0.8660, 0.0188
17:00:43, 9.87, 296, 239.19, 354.81, 4.62, -0.4945, 0.0573, 0.8670, 0.0194
17:00:43, 9.87, 296, 238.86, 354.78, 4.62, -0.4920, 0.0574, 0.8685, 0.0198
17:00:43, 9.90, 297, 238.54, 354.71, 4.64, -0.4896, 0.0578, 0.8698, 0.0204
17:00:43, 9.90, 297, 238.21, 354.63, 4.67, -0.4871, 0.0583, 0.8711, 0.0211
17:00:43, 9.93, 298, 237.87, 354.56, 4.64, -0.4846, 0.0584, 0.8725, 0.0219
17:00:43, 9.93, 298, 237.46, 354.41, 4.69, -0.4815, 0.0592, 0.8742, 0.0231
17:00:43, 9.93, 298, 237.07, 354.32, 4.68, -0.4785, 0.0594, 0.8758, 0.0240
17:00:43, 9.97, 299, 236.66, 354.27, 4.67, -0.4754, 0.0595, 0.8774, 0.0247
17:00:43, 9.97, 299, 236.24, 354.18, 4.65, -0.4721, 0.0596, 0.8791, 0.0257
