Timestamp, VideoTime, VideoFrame, HeadYaw, HeadPitch, HeadRoll, HeadQuatW, HeadQuatX, HeadQuatY, HeadQuatZ
17:12:19, 0.00, 0, 192.99, 358.35, 0.72, -0.1132, 0.0079, 0.9935, 0.0136
17:12:19, 0.03, 1, 192.63, 358.41, 0.69, -0.1101, 0.0075, 0.9938, 0.0132
17:12:19, 0.03, 1, 192.30, 358.41, 0.70, -0.1072, 0.0075, 0.9941, 0.0131
17:12:19, 0.03, 1, 191.95, 358.42, 0.72, -0.1042, 0.0077, 0.9944, 0.0131
17:12:19, 0.07, 2, 191.69, 358.47, 0.70, -0.1019, 0.0074, 0.9947, 0.0127
17:12:19, 0.07, 2, 191.39, 358.45, 0.70, -0.0993, 0.0074, 0.9949, 0.0128
17:12:19, 0.10, 3, 191.17, 358.46, 0.70, -0.0974, 0.0074, 0.9951, 0.0128
17:12:20, 0.10, 3, 190.93, 358.46, 0.73, -0.0953, 0.0077, 0.9953, 0.0128
17:12:20, 0.10, 3, 190.76, 358.48, 0.70, -0.0938, 0.0074, 0.9955, 0.0126
17:12:20, 0.13, 4, 190.58, 358.49, 0.68, -0.0923, 0.0071, 0.9956, 0.0126
17:12:20, 0.13, 4, 190.45, 358.51, 0.66, -0.0911, 0.0069, 0.9957, 0.0124
17:12:20, 0.17, 5, 190.33, 358.56, 0.63, -0.0901, 0.0066, 0.9958, 0.0120
17:12:20, 0.17, 5, 190.24, 358.62, 0.63, -0.0893, 0.0065, 0.9959, 0.0115
17:12:20, 0.17, 5, 190.13, 358.61, 0.59, -0.0883, 0.0062, 0.9960, 0.0116
17:12:20, 0.20, 6, 190.01, 358.66, 0.58, -0.0873, 0.0061, 0.9961, 0.0112
17:12:20, 0.20, 6, 189.93, 358.71, 0.59, -0.0866, 0.0061, 0.9962, 0.0108
17:12:20, 0.23, 7, 189.82, 358.72, 0.57, -0.0856, 0.0059, 0.9963, 0.0107
17:12:20, 0.23, 7, 189.71, 358.72, 0.58, -0.0847, 0.0060, 0.9963, 0.0107
17:12:20, 0.27, 8, 189.61, 358.77, 0.58, -0.0838, 0.0060, 0.9964, 0.0103
17:12:20, 0.27, 8, 189.48, 358.75, 0.58, -0.0827, 0.0060, 0.9965, 0.0105
17:12:20, 0.27, 8, 189.37, 358.73, 0.57, -0.0817, 0.0058, 0.9966, 0.0107
17:12:20, 0.30, 9, 189.26, 358.72, 0.54, -0.0807, 0.0056, 0.9967, 0.0108
17:12:20, 0.30, 9, 189.18, 358.69, 0.50, -0.0801, 0.0053, 0.9967, 0.0111
17:12:20, 0.33, 10, 189.09, 358.69, 0.44, -0.0793, 0.0048, 0.9968, 0.0111
17:12:20, 0.33, 10, 189.01, 358.70, 0.41, -0.0786, 0.0044, 0.9968, 0.0111
17:12:20, 0.33, 10, 188.95, 358.68, 0.39, -0.0780, 0.0043, 0.9969, 0.0112
17:12:20, 0.37, 11, 188.90, 358.71, 0.34, -0.0776, 0.0038, 0.9969, 0.0110
17:12:20, 0.37, 11, 188.87, 358.69, 0.30, -0.0773, 0.0035, 0.9969, 0.0112
17:12:20, 0.40, 12, 188.85, 358.71, 0.27, -0.0772, 0.0033, 0.9969, 0.0111
17:12:20, 0.40, 12, 188.88, 358.70, 0.21, -0.0775, 0.0027, 0.9969, 0.0112
17:12:20, 0.43, 13, 188.90, 358.69, 0.15, -0.0776, 0.0022, 0.9969, 0.0113
17:12:20, 0.43, 13, 188.95, 358.67, 0.11, -0.0780, 0.0018, 0.9969, 0.0115
17:12:20, 0.43, 13, 188.99, 358.67, 0.06, -0.0783, 0.0014, 0.9969, 0.0115
17:12:20, 0.47, 14, 189.03, 358.68, 0.03, -0.0787, 0.0011, 0.9968, 0.0114
17:12:20, 0.47, 14, 189.09, 358.68, 359.99, -0.0792, 0.0008, 0.9968, 0.0115
17:12:20, 0.50, 15, 189.16, 358.67, 359.94, -0.0799, 0.0004, 0.9967, 0.0116
17:12:20, 0.50, 15, 189.22, 358.64, 359.91, -0.0804, 0.0002, 0.9967, 0.0119
17:12:20, 0.50, 15, 189.30, 358.63, 359.85, -0.0811, -0.0003, 0.9966, 0.0121
17:12:20, 0.53, 16, 189.38, 358.63, 359.78, -0.0817, -0.0010, 0.9966, 0.0121
17:12:20, 0.53, 16, 189.45, 358.62, 359.74, -0.0823, -0.0013, 0.9965, 0.0122
17:12:20, 0.57, 17, 189.53, 358.64, 359.70, -0.0831, -0.0016, 0.9965, 0.0120
17:12:20, 0.57, 17, 189.59, 358.63, 359.66, -0.0835, -0.0019, 0.9964, 0.0121
17:12:20, 0.60, 18, 189.62, 358.64, 359.66, -0.0839, -0.0019, 0.9964, 0.0121
17:12:20, 0.60, 18, 189.67, 358.64, 359.64, -0.0842, -0.0021, 0.9964, 0.0121
17:12:20, 0.60, 18, 189.71, 358.66, 359.62, -0.0846, -0.0023, 0.9963, 0.0119
17:12:20, 0.63, 19, 189.72, 358.70, 359.63, -0.0846, -0.0023, 0.9963, 0.0116
17:12:20, 0.63, 19, 189.74, 358.73, 359.65, -0.0848, -0.0021, 0.9963, 0.0113
17:12:20, 0.67, 20, 189.76, 358.78, 359.66, -0.0850, -0.0021, 0.9963, 0.0109
17:12:20, 0.67, 20, 189.77, 358.82, 359.67, -0.0852, -0.0020, 0.9963, 0.0105
17:12:20, 0.67, 20, 189.79, 358.86, 359.70, -0.0853, -0.0017, 0.9963, 0.0102
17:12:20, 0.70, 21, 189.81, 358.88, 359.69, -0.0855, -0.0019, 0.9963, 0.0099
17:12:20, 0.70, 21, 189.81, 358.93, 359.74, -0.0855, -0.0014, 0.9963, 0.0095
17:12:20, 0.73, 22, 189.83, 358.98, 359.81, -0.0857, -0.0009, 0.9963, 0.0090
17:12:20, 0.73, 22, 189.85, 359.05, 359.83, -0.0858, -0.0008, 0.9963, 0.0084
17:12:20, 0.77, 23, 189.87, 359.14, 359.89, -0.0860, -0.0003, 0.9963, 0.0075
17:12:20, 0.77, 23, 189.90, 359.17, 359.93, -0.0863, 0.0000, 0.9962, 0.0072
17:12:20, 0.77, 23, 189.94, 359.22, 359.97, -0.0866, 0.0004, 0.9962, 0.0068
17:12:20, 0.80, 24, 189.98, 359.27, 0.03, -0.0869, 0.0008, 0.9962, 0.0063
17:12:20, 0.80, 24, 190.00, 359.31, 0.07, -0.0871, 0.0011, 0.9962, 0.0059
17:12:20, 0.83, 25, 190.02, 359.38, 0.12, -0.0873, 0.0015, 0.9962, 0.0053
17:12:20, 0.83, 25, 190.05, 359.44, 0.15, -0.0876, 0.0018, 0.9961, 0.0047
17:12:20, 0.83, 25, 190.09, 359.52, 0.17, -0.0879, 0.0019, 0.9961, 0.0041
17:12:20, 0.87, 26, 190.11, 359.56, 0.20, -0.0881, 0.0021, 0.9961, 0.0037
17:12:20, 0.87, 26, 190.15, 359.62, 0.22, -0.0884, 0.0022, 0.9961, 0.0031
17:12:20, 0.90, 27, 190.18, 359.69, 0.25, -0.0888, 0.0024, 0.9960, 0.0025
17:12:20, 0.90, 27, 190.23, 359.71, 0.28, -0.0892, 0.0026, 0.9960, 0.0023
17:12:20, 0.93, 28, 190.25, 359.79, 0.33, -0.0893, 0.0030, 0.9960, 0.0016
17:12:20, 0.93, 28, 190.29, 359.81, 0.35, -0.0897, 0.0032, 0.9960, 0.0014
17:12:20, 0.93, 28, 190.33, 359.84, 0.39, -0.0900, 0.0035, 0.9959, 0.0011
17:12:20, 0.97, 29, 190.36, 359.90, 0.40, -0.0903, 0.0035, 0.9959, 0.0006
17:12:20, 0.97, 29, 190.38, 359.93, 0.45, -0.0904, 0.0040, 0.9959, 0.0003
17:12:20, 1.00, 30, 190.40, 359.97, 0.49, -0.0906, 0.0043, 0.9959, -0.0001
17:12:20, 1.00, 30, 190.44, 0.01, 0.49, -0.0909, 0.0042, 0.9958, -0.0004
17:12:20, 1.00, 30, 190.47, 0.04, 0.52, -0.0912, 0.0045, 0.9958, -0.0007
17:12:20, 1.03, 31, 190.48, 0.06, 0.55, -0.0914, 0.0047, 0.9958, -0.0009
17:12:20, 1.03, 31, 190.51, 0.08, 0.54, -0.0916, 0.0046, 0.9958, -0.0011
17:12:20, 1.07, 32, 190.53, 0.14, 0.54, -0.0918, 0.0046, 0.9958, -0.0017
17:12:20, 1.07, 32, 190.54, 0.15, 0.54, -0.0919, 0.0046, 0.9958, -0.0018
17:12:20, 1.10, 33, 190.56, 0.17, 0.55, -0.0920, 0.0046, 0.9957, -0.0019
17:12:21, 1.10, 33, 190.61, 0.19, 0.52, -0.0924, 0.0043, 0.9957, -0.0021
17:12:21, 1.10, 33, 190.65, 0.22, 0.48, -0.0928, 0.0040, 0.9957, -0.0023
17:12:21, 1.13, 34, 190.68, 0.26, 0.46, -0.0931, 0.0038, 0.9956, -0.0027
17:12:21, 1.13, 34, 190.73, 0.30, 0.45, -0.0935, 0.0036, 0.9956, -0.0029
17:12:21, 1.17, 35, 190.80, 0.34, 0.42, -0.0941, 0.0034, 0.9956, -0.0033
17:12:21, 1.17, 35, 190.85, 0.37, 0.41, -0.0945, 0.0032, 0.9955, -0.0036
17:12:21, 1.17, 35, 190.91, 0.38, 0.40, -0.0950, 0.0032, 0.9955, -0.0036
17:12:21, 1.20, 36, 190.96, 0.41, 0.38, -0.0954, 0.0030, 0.9954, -0.0038
17:12:21, 1.20, 36, 191.02, 0.42, 0.36, -0.0960, 0.0028, 0.9954, -0.0040
17:12:21, 1.23, 37, 191.04, 0.41, 0.34, -0.0962, 0.0026, 0.9954, -0.0039
17:12:21, 1.23, 37, 191.08, 0.41, 0.35, -0.0965, 0.0027, 0.9953, -0.0039
17:12:21, 1.27, 38, 191.13, 0.40, 0.35, -0.0970, 0.0027, 0.9953, -0.0038
17:12:21, 1.27, 38, 191.16, 0.40, 0.33, -0.0972, 0.0026, 0.9953, -0.0038
17:12:21, 1.27, 38, 191.20, 0.42, 0.31, -0.0975, 0.0023, 0.9952, -0.0039
17:12:21, 1.30, 39, 191.23, 0.43, 0.29, -0.0978, 0.0022, 0.9952, -0.0040
17:12:21, 1.30, 39, 191.26, 0.42, 0.24, -0.0981, 0.0017, 0.9952, -0.0038
17:12:21, 1.33, 40, 191.30, 0.42, 0.20, -0.0985, 0.0014, 0.9951, -0.0038
17:12:21, 1.33, 40, 191.31, 0.43, 0.17, -0.0986, 0.0011, 0.9951, -0.0039
17:12:21, 1.33, 40, 191.33, 0.42, 0.15, -0.0987, 0.0009, 0.9951, -0.0038
17:12:21, 1.37, 41, 191.37, 0.46, 0.12, -0.0991, 0.0006, 0.9951, -0.0041
17:12:21, 1.37, 41, 191.39, 0.46, 0.09, -0.0993, 0.0003, 0.9951, -0.0041
17:12:21, 1.40, 42, 191.42, 0.47, 0.05, -0.0995, 0.0001, 0.9950, -0.0041
17:12:21, 1.40, 42, 191.43, 0.51, 0.03, -0.0996, -0.0002, 0.9950, -0.0045
17:12:21, 1.43, 43, 191.47, 0.53, 0.01, -0.0999, -0.0004, 0.9950, -0.0046
17:12:21, 1.43, 43, 191.48, 0.53, 0.04, -0.1000, -0.0001, 0.9950, -0.0046
17:12:21, 1.43, 43, 191.49, 0.53, 0.03, -0.1001, -0.0002, 0.9950, -0.0047
17:12:21, 1.47, 44, 191.50, 0.55, 0.05, -0.1002, -0.0001, 0.9950, -0.0048
17:12:21, 1.47, 44, 191.49, 0.57, 0.04, -0.1001, -0.0001, 0.9950, -0.0050
17:12:21, 1.50, 45, 191.50, 0.60, 0.05, -0.1002, -0.0001, 0.9950, -0.0052
17:12:21, 1.50, 45, 191.49, 0.61, 0.05, -0.1001, -0.0001, 0.9950, -0.0053
17:12:21, 1.50, 45, 191.49, 0.61, 0.08, -0.1001, 0.0002, 0.9950, -0.0054
17:12:21, 1.53, 46, 191.47, 0.63, 0.12, -0.0999, 0.0005, 0.9950, -0.0055
17:12:21, 1.53, 46, 191.46, 0.62, 0.14, -0.0998, 0.0006, 0.9950, -0.0055
17:12:21, 1.57, 47, 191.45, 0.61, 0.15, -0.0997, 0.0008, 0.9950, -0.0054
17:12:21, 1.57, 47, 191.45, 0.60, 0.14, -0.0997, 0.0007, 0.9950, -0.0053
17:12:21, 1.60, 48, 191.44, 0.55, 0.13, -0.0996, 0.0006, 0.9950, -0.0049
17:12:21, 1.60, 48, 191.42, 0.50, 0.12, -0.0995, 0.0006, 0.9950, -0.0044
17:12:21, 1.60, 48, 191.38, 0.47, 0.14, -0.0991, 0.0008, 0.9951, -0.0042
17:12:21, 1.63, 49, 191.35, 0.44, 0.13, -0.0989, 0.0007, 0.9951, -0.0040
17:12:21, 1.63, 49, 191.34, 0.45, 0.13, -0.0988, 0.0008, 0.9951, -0.0040
17:12:21, 1.67, 50, 191.34, 0.46, 0.13, -0.0988, 0.0007, 0.9951, -0.0041
17:12:21, 1.67, 50, 191.34, 0.46, 0.13, -0.0988, 0.0007, 0.9951, -0.0041
17:12:21, 1.67, 50, 191.34, 0.45, 0.14, -0.0988, 0.0008, 0.9951, -0.0040
17:12:21, 1.70, 51, 191.35, 0.46, 0.13, -0.0989, 0.0008, 0.9951, -0.0041
17:12:21, 1.70, 51, 191.36, 0.48, 0.14, -0.0990, 0.0008, 0.9951, -0.0043
17:12:21, 1.73, 52, 191.37, 0.48, 0.15, -0.0991, 0.0009, 0.9951, -0.0043
17:12:21, 1.73, 52, 191.39, 0.49, 0.15, -0.0992, 0.0009, 0.9951, -0.0043
17:12:21, 1.77, 53, 191.41, 0.50, 0.15, -0.0994, 0.0008, 0.9950, -0.0045
17:12:21, 1.77, 53, 191.44, 0.51, 0.13, -0.0996, 0.0007, 0.9950, -0.0046
17:12:21, 1.77, 53, 191.47, 0.52, 0.13, -0.0999, 0.0007, 0.9950, -0.0046
17:12:21, 1.80, 54, 191.47, 0.51, 0.12, -0.0999, 0.0006, 0.9950, -0.0045
17:12:21, 1.80, 54, 191.49, 0.51, 0.11, -0.1001, 0.0005, 0.9950, -0.0045
17:12:21, 1.83, 55, 191.50, 0.51, 0.11, -0.1002, 0.0005, 0.9950, -0.0046
17:12:21, 1.83, 55, 191.49, 0.52, 0.10, -0.1001, 0.0004, 0.9950, -0.0046
17:12:21, 1.83, 55, 191.49, 0.55, 0.10, -0.1001, 0.0004, 0.9950, -0.0048
17:12:21, 1.87, 56, 191.48, 0.57, 0.09, -0.1000, 0.0003, 0.9950, -0.0050
17:12:21, 1.87, 56, 191.49, 0.58, 0.08, -0.1001, 0.0002, 0.9950, -0.0051
17:12:21, 1.90, 57, 191.49, 0.60, 0.08, -0.1001, 0.0002, 0.9950, -0.0053
17:12:21, 1.90, 57, 191.49, 0.62, 0.07, -0.1001, 0.0001, 0.9950, -0.0054
17:12:21, 1.93, 58, 191.49, 0.64, 0.07, -0.1001, 0.0000, 0.9950, -0.0056
17:12:21, 1.93, 58, 191.48, 0.65, 0.05, -0.1000, -0.0001, 0.9950, -0.0057
17:12:21, 1.93, 58, 191.49, 0.66, 0.08, -0.1001, 0.0001, 0.9950, -0.0058
17:12:21, 1.97, 59, 191.49, 0.67, 0.08, -0.1001, 0.0001, 0.9950, -0.0059
17:12:21, 1.97, 59, 191.50, 0.68, 0.09, -0.1002, 0.0002, 0.9950, -0.0060
17:12:21, 2.00, 60, 191.51, 0.68, 0.10, -0.1003, 0.0002, 0.9949, -0.0060
17:12:21, 2.00, 60, 191.52, 0.69, 0.11, -0.1004, 0.0003, 0.9949, -0.0061
17:12:21, 2.00, 60, 191.54, 0.68, 0.12, -0.1005, 0.0005, 0.9949, -0.0060
17:12:21, 2.03, 61, 191.54, 0.67, 0.11, -0.1006, 0.0003, 0.9949, -0.0060
17:12:21, 2.03, 61, 191.55, 0.67, 0.12, -0.1006, 0.0004, 0.9949, -0.0059
17:12:21, 2.07, 62, 191.54, 0.66, 0.12, -0.1006, 0.0005, 0.9949, -0.0058
17:12:21, 2.07, 62, 191.53, 0.64, 0.12, -0.1004, 0.0004, 0.9949, -0.0056
17:12:21, 2.10, 63, 191.53, 0.64, 0.11, -0.1004, 0.0004, 0.9949, -0.0057
17:12:22, 2.10, 63, 191.53, 0.64, 0.10, -0.1004, 0.0003, 0.9949, -0.0057
17:12:22, 2.10, 63, 191.53, 0.64, 0.09, -0.1005, 0.0002, 0.9949, -0.0057
17:12:22, 2.13, 64, 191.55, 0.63, 0.06, -0.1006, 0.0000, 0.9949, -0.0055
17:12:22, 2.13, 64, 191.59, 0.62, 0.04, -0.1010, -0.0002, 0.9949, -0.0054
17:12:22, 2.17, 65, 191.61, 0.59, 0.04, -0.1011, -0.0002, 0.9949, -0.0052
17:12:22, 2.17, 65, 191.64, 0.60, 0.03, -0.1014, -0.0003, 0.9948, -0.0052
17:12:22, 2.17, 65, 191.67, 0.64, 0.04, -0.1017, -0.0002, 0.9948, -0.0056
17:12:22, 2.20, 66, 191.73, 0.63, 0.04, -0.1021, -0.0002, 0.9948, -0.0055
17:12:22, 2.20, 66, 191.76, 0.66, 0.01, -0.1024, -0.0005, 0.9947, -0.0058
17:12:22, 2.23, 67, 191.80, 0.66, 0.01, -0.1028, -0.0005, 0.9947, -0.0057
17:12:22, 2.23, 67, 191.82, 0.69, 0.02, -0.1030, -0.0005, 0.9947, -0.0060
17:12:22, 2.27, 68, 191.82, 0.68, 0.01, -0.1030, -0.0005, 0.9947, -0.0059
17:12:22, 2.27, 68, 191.83, 0.70, 0.03, -0.1031, -0.0004, 0.9947, -0.0061
17:12:22, 2.27, 68, 191.83, 0.72, 0.05, -0.1031, -0.0002, 0.9947, -0.0063
17:12:22, 2.30, 69, 191.84, 0.72, 0.06, -0.1031, -0.0002, 0.9946, -0.0063
17:12:22, 2.30, 69, 191.84, 0.72, 0.08, -0.1032, 0.0000, 0.9946, -0.0063
17:12:22, 2.33, 70, 191.86, 0.71, 0.08, -0.1033, 0.0001, 0.9946, -0.0063
17:12:22, 2.33, 70, 191.86, 0.72, 0.10, -0.1033, 0.0003, 0.9946, -0.0064
17:12:22, 2.33, 70, 191.85, 0.74, 0.17, -0.1032, 0.0008, 0.9946, -0.0066
17:12:22, 2.37, 71, 191.83, 0.75, 0.20, -0.1030, 0.0010, 0.9947, -0.0067
17:12:22, 2.37, 71, 191.82, 0.74, 0.23, -0.1030, 0.0013, 0.9947, -0.0066
17:12:22, 2.40, 72, 191.82, 0.74, 0.20, -0.1030, 0.0010, 0.9947, -0.0066
17:12:22, 2.40, 72, 191.83, 0.73, 0.21, -0.1030, 0.0011, 0.9947, -0.0065
17:12:22, 2.43, 73, 191.83, 0.71, 0.19, -0.1030, 0.0010, 0.9947, -0.0063
17:12:22, 2.43, 73, 191.82, 0.69, 0.18, -0.1029, 0.0010, 0.9947, -0.0062
17:12:22, 2.43, 73, 191.82, 0.69, 0.19, -0.1029, 0.0010, 0.9947, -0.0061
17:12:22, 2.47, 74, 191.81, 0.70, 0.18, -0.1029, 0.0009, 0.9947, -0.0062
17:12:22, 2.47, 74, 191.82, 0.72, 0.17, -0.1030, 0.0008, 0.9947, -0.0064
17:12:22, 2.50, 75, 191.84, 0.73, 0.16, -0.1031, 0.0007, 0.9946, -0.0065
17:12:22, 2.50, 75, 191.87, 0.74, 0.16, -0.1034, 0.0007, 0.9946, -0.0066
17:12:22, 2.50, 75, 191.89, 0.77, 0.15, -0.1035, 0.0006, 0.9946, -0.0069
17:12:22, 2.53, 76, 191.93, 0.77, 0.16, -0.1039, 0.0007, 0.9946, -0.0069
17:12:22, 2.53, 76, 191.95, 0.78, 0.15, -0.1041, 0.0006, 0.9945, -0.0069
17:12:22, 2.57, 77, 191.96, 0.80, 0.16, -0.1041, 0.0006, 0.9945, -0.0071
17:12:22, 2.57, 77, 191.97, 0.81, 0.14, -0.1042, 0.0005, 0.9945, -0.0072
17:12:22, 2.60, 78, 191.99, 0.82, 0.13, -0.1044, 0.0004, 0.9945, -0.0073
17:12:22, 2.60, 78, 192.01, 0.84, 0.14, -0.1046, 0.0004, 0.9945, -0.0074
17:12:22, 2.60, 78, 192.01, 0.84, 0.11, -0.1046, 0.0002, 0.9945, -0.0074
17:12:22, 2.63, 79, 192.03, 0.87, 0.13, -0.1048, 0.0003, 0.9945, -0.0077
17:12:22, 2.63, 79, 192.03, 0.90, 0.12, -0.1048, 0.0002, 0.9945, -0.0079
17:12:22, 2.67, 80, 192.04, 0.91, 0.11, -0.1049, 0.0001, 0.9945, -0.0080
17:12:22, 2.67, 80, 192.06, 0.92, 0.12, -0.1051, 0.0002, 0.9944, -0.0081
17:12:22, 2.67, 80, 192.08, 0.95, 0.11, -0.1052, 0.0000, 0.9944, -0.0083
17:12:22, 2.70, 81, 192.10, 1.01, 0.12, -0.1054, 0.0001, 0.9944, -0.0089
17:12:22, 2.70, 81, 192.10, 1.01, 0.10, -0.1054, -0.0001, 0.9944, -0.0088
17:12:22, 2.73, 82, 192.11, 1.04, 0.11, -0.1055, 0.0000, 0.9944, -0.0091
17:12:22, 2.73, 82, 192.10, 1.07, 0.09, -0.1054, -0.0002, 0.9944, -0.0094
17:12:22, 2.77, 83, 192.12, 1.09, 0.07, -0.1055, -0.0004, 0.9944, -0.0096
17:12:22, 2.77, 83, 192.12, 1.10, 0.06, -0.1056, -0.0005, 0.9944, -0.0096
17:12:22, 2.77, 83, 192.14, 1.13, 0.06, -0.1057, -0.0005, 0.9943, -0.0099
17:12:22, 2.80, 84, 192.15, 1.15, 0.04, -0.1058, -0.0007, 0.9943, -0.0100
17:12:22, 2.80, 84, 192.15, 1.15, 0.04, -0.1059, -0.0007, 0.9943, -0.0100
17:12:22, 2.83, 85, 192.17, 1.15, 0.04, -0.1060, -0.0007, 0.9943, -0.0100
17:12:22, 2.83, 85, 192.20, 1.17, 0.03, -0.1062, -0.0009, 0.9943, -0.0101
17:12:22, 2.87, 86, 192.24, 1.14, 0.04, -0.1066, -0.0007, 0.9943, -0.0100
17:12:22, 2.87, 86, 192.24, 1.18, 0.05, -0.1066, -0.0007, 0.9942, -0.0103
17:12:22, 2.87, 86, 192.25, 1.16, 0.06, -0.1067, -0.0006, 0.9942, -0.0101
17:12:22, 2.90, 87, 192.29, 1.16, 0.04, -0.1070, -0.0007, 0.9942, -0.0101
17:12:22, 2.90, 87, 192.31, 1.16, 0.04, -0.1072, -0.0007, 0.9942, -0.0101
17:12:22, 2.93, 88, 192.33, 1.14, 0.09, -0.1074, -0.0002, 0.9942, -0.0100
17:12:22, 2.93, 88, 192.34, 1.11, 0.09, -0.1074, -0.0003, 0.9942, -0.0097
17:12:22, 2.93, 88, 192.34, 1.11, 0.08, -0.1074, -0.0004, 0.9942, -0.0097
17:12:22, 2.97, 89, 192.34, 1.11, 0.07, -0.1075, -0.0004, 0.9942, -0.0097
17:12:22, 2.97, 89, 192.35, 1.10, 0.05, -0.1076, -0.0006, 0.9942, -0.0096
17:12:22, 3.00, 90, 192.37, 1.07, 0.02, -0.1077, -0.0008, 0.9941, -0.0093
17:12:22, 3.00, 90, 192.40, 1.06, 0.00, -0.1080, -0.0010, 0.9941, -0.0092
17:12:22, 3.00, 90, 192.44, 1.04, 0.02, -0.1084, -0.0008, 0.9941, -0.0091
17:12:22, 3.03, 91, 192.46, 1.04, 0.01, -0.1086, -0.0009, 0.9940, -0.0090
17:12:22, 3.03, 91, 192.52, 1.04, 0.04, -0.1091, -0.0006, 0.9940, -0.0091
17:12:22, 3.07, 92, 192.59, 1.07, 0.06, -0.1096, -0.0005, 0.9939, -0.0093
17:12:22, 3.07, 92, 192.66, 1.04, 0.09, -0.1103, -0.0002, 0.9939, -0.0091
17:12:22, 3.10, 93, 192.77, 1.06, 0.09, -0.1112, -0.0003, 0.9938, -0.0093
17:12:23, 3.10, 93, 192.88, 1.06, 0.14, -0.1121, 0.0002, 0.9936, -0.0093
17:12:23, 3.10, 93, 193.04, 1.03, 0.20, -0.1135, 0.0007, 0.9935, -0.0091
17:12:23, 3.13, 94, 193.22, 1.04, 0.28, -0.1151, 0.0014, 0.9933, -0.0093
17:12:23, 3.13, 94, 193.54, 0.99, 0.42, -0.1179, 0.0026, 0.9930, -0.0090
17:12:23, 3.17, 95, 193.96, 0.95, 0.64, -0.1215, 0.0045, 0.9925, -0.0089
17:12:23, 3.17, 95, 194.57, 0.91, 0.93, -0.1267, 0.0070, 0.9919, -0.0089
17:12:23, 3.17, 95, 195.32, 0.85, 1.24, -0.1332, 0.0097, 0.9910, -0.0088
17:12:23, 3.20, 96, 196.42, 0.77, 1.64, -0.1427, 0.0132, 0.9896, -0.0087
17:12:23, 3.20, 96, 197.71, 0.63, 2.15, -0.1538, 0.0177, 0.9879, -0.0083
17:12:23, 3.23, 97, 199.35, 0.42, 2.62, -0.1680, 0.0219, 0.9855, -0.0074
17:12:23, 3.23, 97, 201.08, 0.30, 3.08, -0.1828, 0.0259, 0.9828, -0.0075
17:12:23, 3.27, 98, 202.97, 0.01, 3.56, -0.1990, 0.0304, 0.9795, -0.0063
17:12:23, 3.27, 98, 204.81, 359.76, 4.00, -0.2147, 0.0345, 0.9760, -0.0055
17:12:23, 3.27, 98, 206.74, 359.51, 4.42, -0.2312, 0.0385, 0.9721, -0.0048
17:12:23, 3.30, 99, 208.64, 359.17, 4.80, -0.2474, 0.0424, 0.9680, -0.0033
17:12:23, 3.30, 99, 210.48, 358.88, 5.12, -0.2630, 0.0457, 0.9637, -0.0024
17:12:23, 3.33, 100, 212.28, 358.59, 5.36, -0.2782, 0.0484, 0.9593, -0.0012
17:12:23, 3.33, 100, 213.95, 358.29, 5.59, -0.2923, 0.0510, 0.9550, 0.0001
17:12:23, 3.33, 100, 215.64, 358.01, 5.69, -0.3065, 0.0525, 0.9504, 0.0013
17:12:23, 3.37, 101, 217.22, 357.73, 5.73, -0.3196, 0.0537, 0.9460, 0.0028
17:12:23, 3.37, 101, 218.71, 357.46, 5.70, -0.3320, 0.0542, 0.9417, 0.0044
17:12:23, 3.40, 102, 220.18, 357.21, 5.65, -0.3441, 0.0546, 0.9373, 0.0059
17:12:23, 3.40, 102, 221.64, 357.04, 5.56, -0.3561, 0.0545, 0.9329, 0.0069
17:12:23, 3.43, 103, 223.01, 356.83, 5.44, -0.3673, 0.0543, 0.9285, 0.0083
17:12:23, 3.43, 103, 224.34, 356.65, 5.25, -0.3781, 0.0534, 0.9242, 0.0097
17:12:23, 3.43, 103, 225.65, 356.49, 5.13, -0.3886, 0.0531, 0.9198, 0.0109
17:12:23, 3.47, 104, 226.93, 356.31, 4.91, -0.3989, 0.0521, 0.9154, 0.0124
17:12:23, 3.47, 104, 228.20, 356.16, 4.76, -0.4090, 0.0515, 0.9110, 0.0136
17:12:23, 3.50, 105, 229.41, 356.02, 4.55, -0.4186, 0.0505, 0.9066, 0.0150
17:12:23, 3.50, 105, 230.57, 355.91, 4.35, -0.4278, 0.0496, 0.9024, 0.0160
17:12:23, 3.50, 105, 231.66, 355.77, 4.21, -0.4363, 0.0491, 0.8983, 0.0172
17:12:23, 3.53, 106, 232.68, 355.65, 4.07, -0.4443, 0.0486, 0.8944, 0.0182
17:12:23, 3.53, 106, 233.67, 355.55, 4.00, -0.4520, 0.0486, 0.8905, 0.0189
17:12:23, 3.57, 107, 234.59, 355.49, 3.88, -0.4591, 0.0481, 0.8869, 0.0194
17:12:23, 3.57, 107, 235.46, 355.43, 3.75, -0.4658, 0.0475, 0.8834, 0.0201
17:12:23, 3.60, 108, 236.28, 355.34, 3.67, -0.4721, 0.0474, 0.8800, 0.0207
17:12:23, 3.60, 108, 237.06, 355.31, 3.57, -0.4781, 0.0469, 0.8768, 0.0210
17:12:23, 3.60, 108, 237.78, 355.29, 3.53, -0.4836, 0.0468, 0.8738, 0.0211
17:12:23, 3.63, 109, 238.43, 355.25, 3.43, -0.4885, 0.0463, 0.8710, 0.0216
17:12:23, 3.63, 109, 239.06, 355.17, 3.38, -0.4933, 0.0464, 0.8683, 0.0221
17:12:23, 3.67, 110, 239.68, 355.13, 3.32, -0.4980, 0.0462, 0.8657, 0.0224
17:12:23, 3.67, 110, 240.20, 355.05, 3.26, -0.5019, 0.0462, 0.8634, 0.0231
17:12:23, 3.67, 110, 240.68, 354.97, 3.20, -0.5055, 0.0462, 0.8612, 0.0238
17:12:23, 3.70, 111, 241.16, 354.94, 3.15, -0.5091, 0.0461, 0.8591, 0.0240
17:12:23, 3.70, 111, 241.54, 354.92, 3.16, -0.5119, 0.0463, 0.8574, 0.0240
17:12:23, 3.73, 112, 241.87, 354.84, 3.16, -0.5144, 0.0468, 0.8559, 0.0245
17:12:23, 3.73, 112, 242.13, 354.70, 3.11, -0.5164, 0.0471, 0.8547, 0.0256
17:12:23, 3.77, 113, 242.32, 354.54, 3.11, -0.5178, 0.0478, 0.8538, 0.0267
17:12:23, 3.77, 113, 242.41, 354.47, 3.10, -0.5184, 0.0481, 0.8533, 0.0272
17:12:23, 3.77, 113, 242.51, 354.35, 3.13, -0.5192, 0.0489, 0.8528, 0.0279
17:12:23, 3.80, 114, 242.63, 354.31, 3.11, -0.5201, 0.0489, 0.8522, 0.0283
17:12:23, 3.80, 114, 242.75, 354.21, 3.07, -0.5209, 0.0492, 0.8517, 0.0292
17:12:23, 3.83, 115, 242.85, 354.08, 3.05, -0.5217, 0.0496, 0.8512, 0.0302
17:12:23, 3.83, 115, 242.98, 354.00, 3.00, -0.5226, 0.0496, 0.8506, 0.0310
17:12:23, 3.83, 115, 243.07, 353.90, 2.99, -0.5233, 0.0501, 0.8501, 0.0317
17:12:23, 3.87, 116, 243.16, 353.80, 2.94, -0.5240, 0.0501, 0.8496, 0.0326
17:12:23, 3.87, 116, 243.27, 353.72, 2.88, -0.5247, 0.0501, 0.8491, 0.0334
17:12:23, 3.90, 117, 243.37, 353.65, 2.87, -0.5254, 0.0503, 0.8487, 0.0340
17:12:23, 3.90, 117, 243.44, 353.58, 2.84, -0.5260, 0.0505, 0.8483, 0.0346
17:12:23, 3.93, 118, 243.53, 353.54, 2.81, -0.5266, 0.0505, 0.8479, 0.0350
17:12:23, 3.93, 118, 243.62, 353.50, 2.82, -0.5273, 0.0507, 0.8474, 0.0352
17:12:23, 3.93, 118, 243.72, 353.49, 2.80, -0.5280, 0.0507, 0.8470, 0.0354
17:12:23, 3.97, 119, 243.80, 353.49, 2.78, -0.5286, 0.0506, 0.8466, 0.0354
17:12:23, 3.97, 119, 243.89, 353.49, 2.73, -0.5292, 0.0502, 0.8462, 0.0356
17:12:23, 4.00, 120, 243.96, 353.50, 2.69, -0.5298, 0.0499, 0.8459, 0.0357
17:12:23, 4.00, 120, 244.05, 353.47, 2.65, -0.5304, 0.0497, 0.8455, 0.0360
17:12:23, 4.00, 120, 244.13, 353.47, 2.61, -0.5310, 0.0495, 0.8452, 0.0362
17:12:23, 4.03, 121, 244.23, 353.46, 2.62, -0.5317, 0.0496, 0.8447, 0.0362
17:12:23, 4.03, 121, 244.31, 353.43, 2.63, -0.5323, 0.0499, 0.8443, 0.0363
17:12:23, 4.07, 122, 244.43, 353.43, 2.66, -0.5332, 0.0501, 0.8437, 0.0361
17:12:23, 4.07, 122, 244.58, 353.42, 2.67, -0.5343, 0.0503, 0.8430, 0.0361
17:12:23, 4.10, 123, 244.77, 353.39, 2.65, -0.5357, 0.0504, 0.8421, 0.0363
17:12:24, 4.10, 123, 244.99, 353.38, 2.63, -0.5373, 0.0504, 0.8411, 0.0364
17:12:24, 4.10, 123, 245.26, 353.35, 2.65, -0.5393, 0.0507, 0.8398, 0.0364
17:12:24, 4.13, 124, 245.60, 353.31, 2.63, -0.5417, 0.0509, 0.8382, 0.0366
17:12:24, 4.13, 124, 246.02, 353.23, 2.61, -0.5448, 0.0512, 0.8362, 0.0371
17:12:24, 4.17, 125, 246.49, 353.14, 2.59, -0.5482, 0.0517, 0.8339, 0.0376
17:12:24, 4.17, 125, 247.01, 353.08, 2.51, -0.5520, 0.0516, 0.8314, 0.0382
17:12:24, 4.17, 125, 247.59, 353.01, 2.46, -0.5562, 0.0517, 0.8286, 0.0387
17:12:24, 4.20, 126, 248.29, 352.95, 2.44, -0.5612, 0.0521, 0.8251, 0.0390
17:12:24, 4.20, 126, 248.98, 352.84, 2.42, -0.5661, 0.0527, 0.8217, 0.0395
17:12:24, 4.23, 127, 249.79, 352.77, 2.39, -0.5719, 0.0531, 0.8176, 0.0398
17:12:24, 4.23, 127, 250.66, 352.70, 2.33, -0.5781, 0.0534, 0.8133, 0.0402
17:12:24, 4.27, 128, 251.57, 352.67, 2.25, -0.5844, 0.0533, 0.8087, 0.0404
17:12:24, 4.27, 128, 252.52, 352.58, 2.21, -0.5911, 0.0537, 0.8038, 0.0408
17:12:24, 4.27, 128, 253.55, 352.49, 2.10, -0.5983, 0.0538, 0.7984, 0.0415
17:12:24, 4.30, 129, 254.56, 352.38, 1.97, -0.6052, 0.0539, 0.7931, 0.0424
17:12:24, 4.30, 129, 255.58, 352.33, 1.85, -0.6122, 0.0537, 0.7877, 0.0429
17:12:24, 4.33, 130, 256.73, 352.26, 1.67, -0.6200, 0.0533, 0.7816, 0.0439
17:12:24, 4.33, 130, 257.86, 352.13, 1.47, -0.6275, 0.0531, 0.7754, 0.0454
17:12:24, 4.33, 130, 259.01, 352.12, 1.39, -0.6353, 0.0530, 0.7691, 0.0453
17:12:24, 4.37, 131, 260.19, 352.06, 1.20, -0.6430, 0.0526, 0.7626, 0.0462
17:12:24, 4.37, 131, 261.34, 352.04, 1.06, -0.6506, 0.0522, 0.7562, 0.0466
17:12:24, 4.40, 132, 262.60, 352.05, 0.89, -0.6588, 0.0515, 0.7491, 0.0470
17:12:24, 4.40, 132, 263.87, 352.08, 0.74, -0.6670, 0.0509, 0.7418, 0.0471
17:12:24, 4.43, 133, 265.19, 352.11, 0.62, -0.6755, 0.0505, 0.7342, 0.0470
17:12:24, 4.43, 133, 266.51, 352.12, 0.41, -0.6838, 0.0496, 0.7264, 0.0476
17:12:24, 4.43, 133, 267.83, 352.12, 0.29, -0.6921, 0.0495, 0.7186, 0.0478
17:12:24, 4.47, 134, 269.17, 352.21, 0.11, -0.7004, 0.0484, 0.7105, 0.0477
17:12:24, 4.47, 134, 270.54, 352.24, 359.97, -0.7088, 0.0479, 0.7021, 0.0478
17:12:24, 4.50, 135, 271.95, 352.28, 359.80, -0.7173, 0.0472, 0.6935, 0.0480
17:12:24, 4.50, 135, 273.32, 352.31, 359.73, -0.7256, 0.0472, 0.6849, 0.0477
17:12:24, 4.50, 135, 274.79, 352.37, 359.58, -0.7343, 0.0465, 0.6756, 0.0477
17:12:24, 4.53, 136, 276.22, 352.42, 359.48, -0.7426, 0.0462, 0.6665, 0.0475
17:12:24, 4.53, 136, 277.73, 352.48, 359.36, -0.7513, 0.0457, 0.6567, 0.0473
17:12:24, 4.57, 137, 279.22, 352.50, 359.17, -0.7597, 0.0451, 0.6469, 0.0479
17:12:24, 4.57, 137, 280.71, 352.55, 359.01, -0.7680, 0.0445, 0.6371, 0.0481
17:12:24, 4.60, 138, 282.36, 352.53, 358.84, -0.7770, 0.0444, 0.6260, 0.0487
17:12:24, 4.60, 138, 284.03, 352.54, 358.66, -0.7860, 0.0440, 0.6147, 0.0492
17:12:24, 4.60, 138, 285.65, 352.55, 358.43, -0.7945, 0.0435, 0.6036, 0.0501
17:12:24, 4.63, 139, 287.40, 352.47, 358.27, -0.8035, 0.0440, 0.5915, 0.0510
17:12:24, 4.63, 139, 289.11, 352.46, 358.11, -0.8122, 0.0440, 0.5795, 0.0515
17:12:24, 4.67, 140, 290.76, 352.46, 358.05, -0.8204, 0.0445, 0.5677, 0.0513
17:12:24, 4.67, 140, 292.33, 352.45, 357.92, -0.8281, 0.0446, 0.5565, 0.0517
17:12:24, 4.67, 140, 293.93, 352.46, 357.78, -0.8357, 0.0446, 0.5449, 0.0520
17:12:24, 4.70, 141, 295.43, 352.49, 357.62, -0.8427, 0.0443, 0.5340, 0.0525
17:12:24, 4.70, 141, 296.93, 352.48, 357.40, -0.8495, 0.0440, 0.5230, 0.0536
17:12:24, 4.73, 142, 298.27, 352.49, 357.19, -0.8554, 0.0436, 0.5132, 0.0546
17:12:24, 4.73, 142, 299.59, 352.48, 356.98, -0.8612, 0.0434, 0.5033, 0.0557
17:12:24, 4.77, 143, 300.90, 352.46, 356.67, -0.8668, 0.0429, 0.4935, 0.0576
17:12:24, 4.77, 143, 302.12, 352.39, 356.46, -0.8718, 0.0431, 0.4844, 0.0590
17:12:24, 4.77, 143, 303.35, 352.42, 356.17, -0.8768, 0.0423, 0.4751, 0.0606
17:12:24, 4.80, 144, 304.52, 352.36, 355.85, -0.8814, 0.0421, 0.4663, 0.0630
17:12:24, 4.80, 144, 305.74, 352.31, 355.56, -0.8861, 0.0420, 0.4570, 0.0649
17:12:24, 4.83, 145, 306.90, 352.20, 355.40, -0.8905, 0.0429, 0.4480, 0.0662
17:12:24, 4.83, 145, 308.02, 352.13, 355.27, -0.8947, 0.0436, 0.4394, 0.0671
17:12:24, 4.87, 146, 309.06, 352.10, 355.10, -0.8986, 0.0438, 0.4313, 0.0681
17:12:24, 4.87, 146, 310.13, 352.04, 354.96, -0.9024, 0.0444, 0.4229, 0.0690
17:12:24, 4.87, 146, 311.12, 352.04, 354.81, -0.9060, 0.0444, 0.4152, 0.0698
17:12:24, 4.90, 147, 312.05, 351.99, 354.66, -0.9092, 0.0449, 0.4079, 0.0708
17:12:24, 4.90, 147, 312.95, 351.97, 354.50, -0.9122, 0.0450, 0.4008, 0.0718
17:12:24, 4.93, 148, 313.82, 351.92, 354.37, -0.9151, 0.0455, 0.3939, 0.0727
17:12:24, 4.93, 148, 314.62, 351.90, 354.14, -0.9177, 0.0454, 0.3876, 0.0743
17:12:24, 4.93, 148, 315.41, 351.94, 354.03, -0.9203, 0.0452, 0.3813, 0.0747
17:12:24, 4.97, 149, 316.17, 351.96, 353.89, -0.9228, 0.0451, 0.3752, 0.0754
17:12:24, 4.97, 149, 316.93, 351.99, 353.72, -0.9251, 0.0448, 0.3692, 0.0764
17:12:24, 5.00, 150, 317.64, 352.00, 353.54, -0.9273, 0.0447, 0.3635, 0.0776
17:12:24, 5.00, 150, 318.36, 352.00, 353.40, -0.9295, 0.0447, 0.3577, 0.0784
17:12:24, 5.00, 150, 319.00, 351.98, 353.20, -0.9313, 0.0447, 0.3526, 0.0799
17:12:24, 5.03, 151, 319.68, 352.02, 353.10, -0.9333, 0.0445, 0.3471, 0.0803
17:12:24, 5.03, 151, 320.35, 352.04, 352.96, -0.9352, 0.0444, 0.3417, 0.0811
17:12:24, 5.07, 152, 320.90, 352.03, 352.90, -0.9368, 0.0447, 0.3372, 0.0815
17:12:24, 5.07, 152, 321.51, 352.03, 352.79, -0.9385, 0.0448, 0.3323, 0.0821
17:12:24, 5.10, 153, 322.03, 352.05, 352.73, -0.9400, 0.0449, 0.3280, 0.0823
17:12:25, 5.10, 153, 322.57, 352.09, 352.67, -0.9415, 0.0447, 0.3236, 0.0825
17:12:25, 5.10, 153, 323.02, 352.13, 352.57, -0.9427, 0.0445, 0.3199, 0.0830
17:12:25, 5.13, 154, 323.45, 352.19, 352.49, -0.9439, 0.0441, 0.3164, 0.0833
17:12:25, 5.13, 154, 323.84, 352.20, 352.41, -0.9449, 0.0440, 0.3133, 0.0839
17:12:25, 5.17, 155, 324.19, 352.20, 352.35, -0.9459, 0.0441, 0.3103, 0.0842
17:12:25, 5.17, 155, 324.57, 352.26, 352.25, -0.9468, 0.0437, 0.3072, 0.0847
17:12:25, 5.20, 156, 324.82, 352.32, 352.20, -0.9475, 0.0432, 0.3052, 0.0849
17:12:25, 5.20, 156, 325.16, 352.34, 352.12, -0.9484, 0.0431, 0.3023, 0.0854
17:12:25, 5.20, 156, 325.45, 352.41, 352.08, -0.9492, 0.0426, 0.3000, 0.0854
17:12:25, 5.23, 157, 325.76, 352.46, 352.06, -0.9500, 0.0424, 0.2974, 0.0853
17:12:25, 5.23, 157, 326.00, 352.51, 352.04, -0.9506, 0.0421, 0.2953, 0.0853
17:12:25, 5.27, 158, 326.28, 352.60, 352.03, -0.9514, 0.0415, 0.2931, 0.0851
17:12:25, 5.27, 158, 326.49, 352.66, 352.02, -0.9520, 0.0411, 0.2912, 0.0849
17:12:25, 5.27, 158, 326.72, 352.74, 352.00, -0.9526, 0.0406, 0.2893, 0.0848
17:12:25, 5.30, 159, 326.93, 352.80, 352.04, -0.9532, 0.0403, 0.2875, 0.0842
17:12:25, 5.30, 159, 327.10, 352.84, 352.06, -0.9537, 0.0402, 0.2861, 0.0839
17:12:25, 5.33, 160, 327.27, 352.88, 352.09, -0.9541, 0.0400, 0.2847, 0.0835
17:12:25, 5.33, 160, 327.39, 352.94, 352.12, -0.9545, 0.0397, 0.2836, 0.0831
17:12:25, 5.37, 161, 327.50, 352.93, 352.14, -0.9548, 0.0399, 0.2827, 0.0828
17:12:25, 5.37, 161, 327.62, 352.96, 352.14, -0.9551, 0.0398, 0.2817, 0.0828
17:12:25, 5.37, 161, 327.72, 352.97, 352.10, -0.9553, 0.0396, 0.2809, 0.0830
17:12:25, 5.40, 162, 327.81, 352.99, 352.11, -0.9556, 0.0395, 0.2801, 0.0829
17:12:25, 5.40, 162, 327.90, 353.00, 352.09, -0.9558, 0.0395, 0.2794, 0.0830
17:12:25, 5.43, 163, 327.99, 353.03, 352.08, -0.9560, 0.0393, 0.2786, 0.0830
17:12:25, 5.43, 163, 328.09, 353.03, 352.10, -0.9563, 0.0394, 0.2778, 0.0828
17:12:25, 5.43, 163, 328.20, 353.04, 352.08, -0.9565, 0.0394, 0.2768, 0.0829
17:12:25, 5.47, 164, 328.32, 353.03, 352.05, -0.9568, 0.0394, 0.2759, 0.0831
17:12:25, 5.47, 164, 328.48, 353.01, 352.03, -0.9571, 0.0397, 0.2746, 0.0833
17:12:25, 5.50, 165, 328.66, 352.96, 352.00, -0.9575, 0.0402, 0.2730, 0.0835
17:12:25, 5.50, 165, 328.92, 352.91, 351.91, -0.9580, 0.0405, 0.2709, 0.0843
17:12:25, 5.50, 165, 329.24, 352.81, 351.84, -0.9587, 0.0415, 0.2684, 0.0850
17:12:25, 5.53, 166, 329.61, 352.71, 351.83, -0.9595, 0.0426, 0.2653, 0.0853
17:12:25, 5.53, 166, 330.08, 352.55, 351.88, -0.9605, 0.0444, 0.2614, 0.0850
17:12:25, 5.57, 167, 330.61, 352.36, 351.90, -0.9615, 0.0464, 0.2570, 0.0851
17:12:25, 5.57, 167, 331.26, 352.14, 351.96, -0.9629, 0.0489, 0.2517, 0.0848
17:12:25, 5.60, 168, 331.91, 351.90, 352.03, -0.9641, 0.0515, 0.2463, 0.0844
17:12:25, 5.60, 168, 332.62, 351.64, 352.01, -0.9654, 0.0542, 0.2404, 0.0847
17:12:25, 5.60, 168, 333.36, 351.32, 352.00, -0.9667, 0.0574, 0.2343, 0.0851
17:12:25, 5.63, 169, 334.04, 350.95, 352.00, -0.9678, 0.0610, 0.2287, 0.0854
17:12:25, 5.63, 169, 334.78, 350.53, 351.95, -0.9689, 0.0651, 0.2227, 0.0863
17:12:25, 5.67, 170, 335.46, 349.87, 351.85, -0.9696, 0.0710, 0.2173, 0.0879
17:12:25, 5.67, 170, 336.17, 349.21, 351.85, -0.9703, 0.0771, 0.2115, 0.0886
17:12:25, 5.67, 170, 336.90, 348.51, 351.90, -0.9710, 0.0837, 0.2056, 0.0888
17:12:25, 5.70, 171, 337.61, 347.84, 351.95, -0.9716, 0.0901, 0.1999, 0.0890
17:12:25, 5.70, 171, 338.24, 347.15, 352.09, -0.9721, 0.0967, 0.1947, 0.0884
17:12:25, 5.73, 172, 338.84, 346.56, 352.18, -0.9725, 0.1023, 0.1897, 0.0880
17:12:25, 5.73, 172, 339.30, 346.05, 352.15, -0.9727, 0.1070, 0.1861, 0.0886
17:12:25, 5.77, 173, 339.67, 345.59, 352.18, -0.9728, 0.1112, 0.1831, 0.0886
17:12:25, 5.77, 173, 339.97, 345.20, 352.14, -0.9727, 0.1147, 0.1807, 0.0893
17:12:25, 5.77, 173, 340.21, 344.90, 352.17, -0.9727, 0.1175, 0.1788, 0.0893
17:12:25, 5.80, 174, 340.49, 344.57, 352.08, -0.9727, 0.1204, 0.1767, 0.0902
17:12:25, 5.80, 174, 340.74, 344.26, 351.99, -0.9726, 0.1231, 0.1748, 0.0910
17:12:25, 5.83, 175, 341.03, 344.02, 351.93, -0.9727, 0.1253, 0.1724, 0.0916
17:12:25, 5.83, 175, 341.29, 343.78, 351.91, -0.9728, 0.1275, 0.1704, 0.0918
17:12:25, 5.87, 176, 341.59, 343.56, 351.85, -0.9729, 0.1295, 0.1679, 0.0923
17:12:25, 5.87, 176, 341.93, 343.35, 351.81, -0.9731, 0.1315, 0.1652, 0.0925
17:12:25, 5.87, 176, 342.26, 343.15, 351.70, -0.9732, 0.1333, 0.1626, 0.0933
17:12:25, 5.90, 177, 342.60, 342.94, 351.68, -0.9734, 0.1354, 0.1598, 0.0933
17:12:25, 5.90, 177, 342.98, 342.74, 351.59, -0.9735, 0.1373, 0.1568, 0.0938
17:12:25, 5.93, 178, 343.33, 342.67, 351.52, -0.9739, 0.1381, 0.1539, 0.0941
17:12:25, 5.93, 178, 343.70, 342.51, 351.40, -0.9740, 0.1396, 0.1511, 0.0949
17:12:25, 5.93, 178, 344.06, 342.42, 351.34, -0.9743, 0.1406, 0.1481, 0.0951
17:12:25, 5.97, 179, 344.36, 342.33, 351.28, -0.9745, 0.1415, 0.1456, 0.0953
17:12:25, 5.97, 179, 344.71, 342.23, 351.24, -0.9748, 0.1426, 0.1427, 0.0953
17:12:25, 6.00, 180, 345.02, 342.13, 351.21, -0.9750, 0.1437, 0.1402, 0.0952
17:12:25, 6.00, 180, 345.32, 342.12, 351.20, -0.9754, 0.1440, 0.1376, 0.0949
17:12:25, 6.03, 181, 345.59, 342.04, 351.27, -0.9756, 0.1450, 0.1353, 0.0941
17:12:25, 6.03, 181, 345.80, 342.01, 351.32, -0.9758, 0.1455, 0.1335, 0.0935
17:12:25, 6.03, 181, 345.97, 342.00, 351.43, -0.9761, 0.1459, 0.1319, 0.0923
17:12:25, 6.07, 182, 346.04, 341.97, 351.61, -0.9763, 0.1463, 0.1311, 0.0907
17:12:25, 6.07, 182, 345.92, 342.05, 351.89, -0.9765, 0.1459, 0.1317, 0.0884
17:12:25, 6.10, 183, 345.74, 342.12, 352.16, -0.9766, 0.1455, 0.1329, 0.0862
17:12:26, 6.10, 183, 345.19, 342.26, 352.62, -0.9765, 0.1444, 0.1369, 0.0829
17:12:26, 6.10, 183, 344.28, 342.44, 353.25, -0.9761, 0.1430, 0.1438, 0.0785
17:12:26, 6.13, 184, 342.85, 342.68, 353.85, -0.9749, 0.1407, 0.1552, 0.0748
17:12:26, 6.13, 184, 340.97, 343.02, 354.36, -0.9730, 0.1374, 0.1705, 0.0724
17:12:26, 6.17, 185, 338.72, 343.43, 354.72, -0.9703, 0.1330, 0.1891, 0.0714
17:12:26, 6.17, 185, 335.79, 343.82, 355.02, -0.9658, 0.1284, 0.2134, 0.0716
17:12:26, 6.20, 186, 332.66, 344.15, 355.34, -0.9603, 0.1244, 0.2393, 0.0717
17:12:26, 6.20, 186, 329.22, 344.39, 355.83, -0.9533, 0.1213, 0.2675, 0.0707
17:12:26, 6.20, 186, 325.53, 344.58, 356.44, -0.9448, 0.1189, 0.2975, 0.0691
17:12:26, 6.23, 187, 321.41, 344.47, 357.26, -0.9339, 0.1196, 0.3303, 0.0670
17:12:26, 6.23, 187, 317.01, 344.18, 357.84, -0.9205, 0.1212, 0.3653, 0.0678
17:12:26, 6.27, 188, 312.34, 343.62, 358.32, -0.9045, 0.1245, 0.4018, 0.0708
17:12:26, 6.27, 188, 307.54, 343.19, 358.79, -0.8867, 0.1265, 0.4386, 0.0740
17:12:26, 6.27, 188, 302.52, 342.77, 359.30, -0.8664, 0.1284, 0.4762, 0.0774
17:12:26, 6.30, 189, 297.38, 342.36, 359.80, -0.8441, 0.1301, 0.5137, 0.0811
17:12:26, 6.30, 189, 292.14, 341.99, 0.21, -0.8196, 0.1309, 0.5511, 0.0858
17:12:26, 6.33, 190, 286.76, 341.69, 0.76, -0.7930, 0.1316, 0.5880, 0.0896
17:12:26, 6.33, 190, 281.44, 341.47, 1.25, -0.7650, 0.1314, 0.6235, 0.0936
17:12:26, 6.37, 191, 276.24, 341.39, 1.73, -0.7363, 0.1303, 0.6569, 0.0968
17:12:26, 6.37, 191, 271.16, 341.37, 2.25, -0.7069, 0.1292, 0.6883, 0.0994
17:12:26, 6.37, 191, 266.10, 341.48, 2.88, -0.6765, 0.1279, 0.7182, 0.1006
17:12:26, 6.40, 192, 261.26, 341.71, 3.59, -0.6463, 0.1269, 0.7457, 0.1004
17:12:26, 6.40, 192, 256.67, 341.88, 4.31, -0.6168, 0.1267, 0.7704, 0.1004
17:12:26, 6.43, 193, 252.21, 342.14, 4.97, -0.5870, 0.1259, 0.7934, 0.1000
17:12:26, 6.43, 193, 248.10, 342.34, 5.51, -0.5588, 0.1252, 0.8136, 0.1005
17:12:26, 6.43, 193, 244.20, 342.49, 5.95, -0.5312, 0.1242, 0.8319, 0.1015
17:12:26, 6.47, 194, 240.70, 342.64, 6.37, -0.5060, 0.1235, 0.8475, 0.1023
17:12:26, 6.47, 194, 237.35, 342.88, 6.64, -0.4813, 0.1216, 0.8620, 0.1029
17:12:26, 6.50, 195, 234.30, 343.16, 6.77, -0.4583, 0.1187, 0.8747, 0.1034
17:12:26, 6.50, 195, 231.39, 343.38, 6.85, -0.4360, 0.1158, 0.8863, 0.1044
17:12:26, 6.53, 196, 228.70, 343.49, 6.98, -0.4153, 0.1140, 0.8963, 0.1057
17:12:26, 6.53, 196, 226.24, 343.61, 7.04, -0.3960, 0.1118, 0.9051, 0.1070
17:12:26, 6.53, 196, 223.99, 343.66, 7.11, -0.3782, 0.1100, 0.9127, 0.1085
17:12:26, 6.57, 197, 221.86, 343.69, 7.27, -0.3613, 0.1092, 0.9195, 0.1098
17:12:26, 6.57, 197, 219.83, 343.70, 7.40, -0.3451, 0.1083, 0.9256, 0.1113
17:12:26, 6.60, 198, 218.00, 343.79, 7.41, -0.3303, 0.1063, 0.9312, 0.1122
17:12:26, 6.60, 198, 216.12, 343.90, 7.50, -0.3150, 0.1049, 0.9365, 0.1128
17:12:26, 6.60, 198, 214.22, 344.10, 7.67, -0.2995, 0.1039, 0.9417, 0.1124
17:12:26, 6.63, 199, 212.54, 344.40, 7.72, -0.2857, 0.1020, 0.9464, 0.1113
17:12:26, 6.63, 199, 211.10, 344.75, 7.76, -0.2737, 0.1001, 0.9503, 0.1095
17:12:26, 6.67, 200, 209.91, 345.07, 7.77, -0.2638, 0.0983, 0.9535, 0.1079
17:12:26, 6.67, 200, 208.96, 345.32, 7.83, -0.2559, 0.0975, 0.9559, 0.1065
17:12:26, 6.70, 201, 207.95, 345.53, 7.99, -0.2475, 0.0974, 0.9582, 0.1052
17:12:26, 6.70, 201, 207.15, 345.71, 8.12, -0.2409, 0.0974, 0.9600, 0.1041
17:12:26, 6.70, 201, 206.47, 345.88, 8.24, -0.2352, 0.0975, 0.9615, 0.1030
17:12:26, 6.73, 202, 205.92, 346.08, 8.41, -0.2307, 0.0980, 0.9627, 0.1014
17:12:26, 6.73, 202, 205.33, 346.21, 8.57, -0.2258, 0.0987, 0.9639, 0.1005
17:12:26, 6.77, 203, 204.89, 346.50, 8.78, -0.2222, 0.0994, 0.9649, 0.0980
17:12:26, 6.77, 203, 204.41, 346.68, 8.95, -0.2182, 0.1002, 0.9659, 0.0966
17:12:26, 6.77, 203, 204.00, 346.89, 9.12, -0.2148, 0.1009, 0.9668, 0.0949
17:12:26, 6.80, 204, 203.54, 347.04, 9.25, -0.2109, 0.1014, 0.9677, 0.0938
17:12:26, 6.80, 204, 203.18, 347.11, 9.38, -0.2080, 0.1021, 0.9683, 0.0933
17:12:26, 6.83, 205, 202.72, 347.17, 9.47, -0.2041, 0.1024, 0.9691, 0.0930
17:12:26, 6.83, 205, 202.30, 347.27, 9.58, -0.2006, 0.1028, 0.9699, 0.0923
17:12:26, 6.87, 206, 201.89, 347.34, 9.72, -0.1972, 0.1035, 0.9705, 0.0919
17:12:26, 6.87, 206, 201.59, 347.50, 9.86, -0.1947, 0.1042, 0.9711, 0.0905
17:12:26, 6.87, 206, 201.27, 347.55, 10.02, -0.1920, 0.1053, 0.9715, 0.0902
17:12:26, 6.90, 207, 200.98, 347.57, 10.22, -0.1898, 0.1067, 0.9719, 0.0899
17:12:26, 6.90, 207, 200.64, 347.56, 10.35, -0.1870, 0.1076, 0.9723, 0.0901
17:12:26, 6.93, 208, 200.35, 347.58, 10.41, -0.1845, 0.1078, 0.9727, 0.0901
17:12:26, 6.93, 208, 200.03, 347.58, 10.47, -0.1819, 0.1080, 0.9732, 0.0903
17:12:26, 6.93, 208, 199.77, 347.67, 10.52, -0.1796, 0.1081, 0.9736, 0.0897
17:12:26, 6.97, 209, 199.49, 347.67, 10.65, -0.1774, 0.1091, 0.9740, 0.0898
17:12:26, 6.97, 209, 199.24, 347.73, 10.70, -0.1753, 0.1092, 0.9744, 0.0894
17:12:26, 7.00, 210, 199.04, 347.78, 10.80, -0.1736, 0.1098, 0.9746, 0.0890
17:12:26, 7.00, 210, 198.85, 347.78, 10.91, -0.1721, 0.1106, 0.9748, 0.0890
17:12:26, 7.00, 210, 198.66, 347.73, 10.95, -0.1705, 0.1108, 0.9750, 0.0896
17:12:26, 7.03, 211, 198.45, 347.64, 11.02, -0.1688, 0.1114, 0.9751, 0.0905
17:12:26, 7.03, 211, 198.26, 347.57, 11.13, -0.1673, 0.1122, 0.9752, 0.0911
17:12:26, 7.07, 212, 198.07, 347.53, 11.21, -0.1658, 0.1129, 0.9754, 0.0915
17:12:26, 7.07, 212, 197.93, 347.49, 11.24, -0.1647, 0.1131, 0.9755, 0.0920
17:12:26, 7.10, 213, 197.80, 347.49, 11.28, -0.1636, 0.1133, 0.9757, 0.0920
17:12:27, 7.10, 213, 197.71, 347.47, 11.31, -0.1629, 0.1135, 0.9757, 0.0922
17:12:27, 7.10, 213, 197.61, 347.45, 11.35, -0.1621, 0.1137, 0.9758, 0.0924
17:12:27, 7.13, 214, 197.53, 347.43, 11.40, -0.1615, 0.1141, 0.9759, 0.0926
17:12:27, 7.13, 214, 197.42, 347.40, 11.46, -0.1606, 0.1146, 0.9759, 0.0929
17:12:27, 7.17, 215, 197.32, 347.37, 11.49, -0.1598, 0.1148, 0.9760, 0.0932
17:12:27, 7.17, 215, 197.25, 347.36, 11.51, -0.1592, 0.1149, 0.9761, 0.0934
17:12:27, 7.20, 216, 197.16, 347.37, 11.54, -0.1584, 0.1151, 0.9762, 0.0933
17:12:27, 7.20, 216, 197.06, 347.39, 11.60, -0.1577, 0.1155, 0.9763, 0.0932
17:12:27, 7.20, 216, 196.98, 347.42, 11.64, -0.1570, 0.1158, 0.9764, 0.0930
17:12:27, 7.23, 217, 196.91, 347.43, 11.69, -0.1564, 0.1161, 0.9764, 0.0929
17:12:27, 7.23, 217, 196.85, 347.47, 11.70, -0.1559, 0.1162, 0.9766, 0.0925
17:12:27, 7.27, 218, 196.79, 347.46, 11.73, -0.1554, 0.1163, 0.9766, 0.0926
17:12:27, 7.27, 218, 196.75, 347.48, 11.75, -0.1551, 0.1164, 0.9766, 0.0925
17:12:27, 7.27, 218, 196.68, 347.44, 11.74, -0.1545, 0.1163, 0.9767, 0.0929
17:12:27, 7.30, 219, 196.61, 347.42, 11.75, -0.1539, 0.1164, 0.9768, 0.0932
17:12:27, 7.30, 219, 196.53, 347.37, 11.81, -0.1533, 0.1169, 0.9768, 0.0936
17:12:27, 7.33, 220, 196.47, 347.34, 11.84, -0.1529, 0.1172, 0.9768, 0.0938
17:12:27, 7.33, 220, 196.43, 347.33, 11.87, -0.1526, 0.1174, 0.9768, 0.0939
17:12:27, 7.33, 220, 196.39, 347.33, 11.91, -0.1523, 0.1177, 0.9768, 0.0940
17:12:27, 7.37, 221, 196.36, 347.30, 11.93, -0.1521, 0.1179, 0.9768, 0.0942
17:12:27, 7.37, 221, 196.37, 347.26, 11.95, -0.1521, 0.1181, 0.9767, 0.0945
17:12:27, 7.40, 222, 196.35, 347.18, 11.97, -0.1520, 0.1184, 0.9766, 0.0952
17:12:27, 7.40, 222, 196.31, 347.15, 12.00, -0.1518, 0.1186, 0.9766, 0.0954
17:12:27, 7.43, 223, 196.31, 347.13, 12.01, -0.1518, 0.1187, 0.9766, 0.0956
17:12:27, 7.43, 223, 196.28, 347.15, 12.04, -0.1515, 0.1189, 0.9766, 0.0955
17:12:27, 7.43, 223, 196.29, 347.14, 12.07, -0.1516, 0.1192, 0.9766, 0.0955
17:12:27, 7.47, 224, 196.27, 347.16, 12.09, -0.1515, 0.1193, 0.9766, 0.0952
17:12:27, 7.47, 224, 196.30, 347.18, 12.07, -0.1517, 0.1192, 0.9766, 0.0951
17:12:27, 7.50, 225, 196.30, 347.18, 12.08, -0.1517, 0.1192, 0.9766, 0.0951
17:12:27, 7.50, 225, 196.32, 347.18, 12.06, -0.1519, 0.1191, 0.9766, 0.0951
17:12:27, 7.50, 225, 196.34, 347.21, 12.08, -0.1520, 0.1193, 0.9766, 0.0948
17:12:27, 7.53, 226, 196.34, 347.23, 12.10, -0.1521, 0.1194, 0.9766, 0.0946
17:12:27, 7.53, 226, 196.36, 347.28, 12.12, -0.1522, 0.1196, 0.9766, 0.0941
17:12:27, 7.57, 227, 196.37, 347.32, 12.12, -0.1523, 0.1195, 0.9766, 0.0938
17:12:27, 7.57, 227, 196.41, 347.37, 12.14, -0.1526, 0.1197, 0.9766, 0.0932
17:12:27, 7.60, 228, 196.42, 347.40, 12.12, -0.1526, 0.1194, 0.9766, 0.0930
17:12:27, 7.60, 228, 196.40, 347.49, 12.17, -0.1525, 0.1198, 0.9767, 0.0922
17:12:27, 7.60, 228, 196.42, 347.58, 12.17, -0.1525, 0.1197, 0.9768, 0.0914
17:12:27, 7.63, 229, 196.44, 347.68, 12.16, -0.1526, 0.1195, 0.9768, 0.0906
17:12:27, 7.63, 229, 196.39, 347.78, 12.22, -0.1522, 0.1198, 0.9770, 0.0897
17:12:27, 7.67, 230, 196.38, 347.85, 12.22, -0.1520, 0.1198, 0.9770, 0.0891
17:12:27, 7.67, 230, 196.38, 347.90, 12.25, -0.1520, 0.1199, 0.9771, 0.0886
17:12:27, 7.70, 231, 196.35, 347.94, 12.32, -0.1518, 0.1204, 0.9771, 0.0882
17:12:27, 7.70, 231, 196.31, 347.95, 12.38, -0.1515, 0.1210, 0.9771, 0.0881
17:12:27, 7.70, 231, 196.30, 347.98, 12.43, -0.1514, 0.1213, 0.9771, 0.0877
17:12:27, 7.73, 232, 196.29, 347.99, 12.46, -0.1513, 0.1216, 0.9771, 0.0876
17:12:27, 7.73, 232, 196.29, 347.98, 12.49, -0.1514, 0.1218, 0.9770, 0.0877
17:12:27, 7.77, 233, 196.27, 347.97, 12.50, -0.1512, 0.1219, 0.9770, 0.0878
17:12:27, 7.77, 233, 196.25, 347.99, 12.53, -0.1510, 0.1222, 0.9770, 0.0876
17:12:27, 7.77, 233, 196.23, 348.00, 12.56, -0.1508, 0.1224, 0.9770, 0.0875
17:12:27, 7.80, 234, 196.23, 348.04, 12.60, -0.1509, 0.1227, 0.9770, 0.0871
17:12:27, 7.80, 234, 196.26, 348.10, 12.64, -0.1511, 0.1229, 0.9770, 0.0866
17:12:27, 7.83, 235, 196.27, 348.09, 12.70, -0.1512, 0.1235, 0.9769, 0.0865
17:12:27, 7.83, 235, 196.28, 348.10, 12.71, -0.1513, 0.1236, 0.9769, 0.0864
17:12:27, 7.87, 236, 196.28, 348.09, 12.71, -0.1513, 0.1236, 0.9769, 0.0865
17:12:27, 7.87, 236, 196.30, 348.09, 12.71, -0.1515, 0.1236, 0.9769, 0.0864
17:12:27, 7.87, 236, 196.30, 348.09, 12.73, -0.1515, 0.1238, 0.9769, 0.0864
17:12:27, 7.90, 237, 196.29, 348.10, 12.73, -0.1514, 0.1237, 0.9769, 0.0864
17:12:27, 7.90, 237, 196.29, 348.11, 12.72, -0.1514, 0.1237, 0.9769, 0.0863
17:12:27, 7.93, 238, 196.30, 348.17, 12.71, -0.1515, 0.1235, 0.9770, 0.0858
17:12:27, 7.93, 238, 196.32, 348.20, 12.71, -0.1516, 0.1235, 0.9770, 0.0855
17:12:27, 7.93, 238, 196.33, 348.21, 12.69, -0.1516, 0.1233, 0.9770, 0.0854
17:12:27, 7.97, 239, 196.36, 348.25, 12.68, -0.1518, 0.1232, 0.9770, 0.0851
17:12:27, 7.97, 239, 196.38, 348.28, 12.65, -0.1520, 0.1229, 0.9770, 0.0848
17:12:27, 8.00, 240, 196.39, 348.29, 12.64, -0.1521, 0.1228, 0.9770, 0.0847
17:12:27, 8.00, 240, 196.42, 348.31, 12.61, -0.1523, 0.1225, 0.9771, 0.0846
17:12:27, 8.03, 241, 196.42, 348.33, 12.58, -0.1523, 0.1223, 0.9771, 0.0844
17:12:27, 8.03, 241, 196.45, 348.37, 12.53, -0.1524, 0.1219, 0.9772, 0.0842
17:12:27, 8.03, 241, 196.47, 348.38, 12.50, -0.1525, 0.1216, 0.9772, 0.0841
17:12:27, 8.07, 242, 196.50, 348.41, 12.51, -0.1528, 0.1217, 0.9771, 0.0838
17:12:27, 8.07, 242, 196.53, 348.44, 12.51, -0.1531, 0.1217, 0.9771, 0.0835
17:12:27, 8.10, 243, 196.55, 348.44, 12.56, -0.1532, 0.1221, 0.9771, 0.0834
17:12:28, 8.10, 243, 196.58, 348.47, 12.57, -0.1535, 0.1222, 0.9770, 0.0831
17:12:28, 8.10, 243, 196.62, 348.45, 12.59, -0.1538, 0.1224, 0.9770, 0.0832
17:12:28, 8.13, 244, 196.63, 348.44, 12.57, -0.1539, 0.1223, 0.9769, 0.0833
17:12:28, 8.13, 244, 196.62, 348.41, 12.59, -0.1539, 0.1224, 0.9769, 0.0836
17:12:28, 8.17, 245, 196.61, 348.36, 12.60, -0.1539, 0.1226, 0.9769, 0.0839
17:12:28, 8.17, 245, 196.60, 348.35, 12.59, -0.1537, 0.1225, 0.9769, 0.0841
17:12:28, 8.20, 246, 196.60, 348.35, 12.60, -0.1538, 0.1226, 0.9769, 0.0840
17:12:28, 8.20, 246, 196.60, 348.34, 12.60, -0.1538, 0.1226, 0.9769, 0.0842
17:12:28, 8.20, 246, 196.60, 348.30, 12.56, -0.1537, 0.1223, 0.9769, 0.0846
17:12:28, 8.23, 247, 196.63, 348.27, 12.53, -0.1541, 0.1221, 0.9768, 0.0848
17:12:28, 8.23, 247, 196.67, 348.25, 12.50, -0.1543, 0.1219, 0.9768, 0.0850
17:12:28, 8.27, 248, 196.70, 348.24, 12.49, -0.1546, 0.1219, 0.9767, 0.0851
17:12:28, 8.27, 248, 196.74, 348.25, 12.49, -0.1550, 0.1219, 0.9767, 0.0849
17:12:28, 8.27, 248, 196.79, 348.27, 12.50, -0.1554, 0.1220, 0.9766, 0.0847
17:12:28, 8.30, 249, 196.85, 348.30, 12.50, -0.1559, 0.1219, 0.9766, 0.0844
17:12:28, 8.30, 249, 196.92, 348.30, 12.51, -0.1565, 0.1221, 0.9765, 0.0842
17:12:28, 8.33, 250, 196.94, 348.29, 12.54, -0.1567, 0.1224, 0.9764, 0.0843
17:12:28, 8.33, 250, 196.98, 348.29, 12.53, -0.1570, 0.1224, 0.9764, 0.0842
17:12:28, 8.37, 251, 196.99, 348.27, 12.51, -0.1570, 0.1222, 0.9764, 0.0844
17:12:28, 8.37, 251, 196.99, 348.29, 12.50, -0.1570, 0.1221, 0.9764, 0.0843
17:12:28, 8.37, 251, 196.98, 348.29, 12.50, -0.1570, 0.1221, 0.9764, 0.0843
17:12:28, 8.40, 252, 196.98, 348.29, 12.49, -0.1570, 0.1220, 0.9764, 0.0843
17:12:28, 8.40, 252, 196.96, 348.30, 12.47, -0.1568, 0.1218, 0.9765, 0.0843
17:12:28, 8.43, 253, 196.95, 348.31, 12.45, -0.1567, 0.1216, 0.9765, 0.0843
17:12:28, 8.43, 253, 196.92, 348.30, 12.49, -0.1565, 0.1219, 0.9765, 0.0843
17:12:28, 8.43, 253, 196.88, 348.34, 12.56, -0.1561, 0.1225, 0.9765, 0.0839
17:12:28, 8.47, 254, 196.89, 348.36, 12.57, -0.1562, 0.1225, 0.9765, 0.0837
17:12:28, 8.47, 254, 196.85, 348.37, 12.59, -0.1559, 0.1226, 0.9766, 0.0836
17:12:28, 8.50, 255, 196.86, 348.38, 12.58, -0.1559, 0.1226, 0.9766, 0.0836
17:12:28, 8.50, 255, 196.86, 348.40, 12.61, -0.1559, 0.1228, 0.9765, 0.0834
17:12:28, 8.53, 256, 196.84, 348.39, 12.61, -0.1558, 0.1228, 0.9766, 0.0834
17:12:28, 8.53, 256, 196.82, 348.40, 12.62, -0.1556, 0.1229, 0.9766, 0.0834
17:12:28, 8.53, 256, 196.82, 348.40, 12.64, -0.1556, 0.1230, 0.9766, 0.0834
17:12:28, 8.57, 257, 196.82, 348.42, 12.63, -0.1556, 0.1229, 0.9766, 0.0832
17:12:28, 8.57, 257, 196.82, 348.44, 12.63, -0.1556, 0.1229, 0.9766, 0.0830
17:12:28, 8.60, 258, 196.84, 348.45, 12.64, -0.1558, 0.1229, 0.9766, 0.0829
17:12:28, 8.60, 258, 196.85, 348.49, 12.64, -0.1558, 0.1229, 0.9766, 0.0826
17:12:28, 8.60, 258, 196.85, 348.50, 12.65, -0.1558, 0.1230, 0.9766, 0.0824
17:12:28, 8.63, 259, 196.88, 348.52, 12.68, -0.1560, 0.1233, 0.9766, 0.0822
17:12:28, 8.63, 259, 196.88, 348.53, 12.69, -0.1561, 0.1233, 0.9766, 0.0821
17:12:28, 8.67, 260, 196.89, 348.55, 12.66, -0.1561, 0.1231, 0.9766, 0.0819
17:12:28, 8.67, 260, 196.88, 348.56, 12.68, -0.1561, 0.1232, 0.9766, 0.0819
17:12:28, 8.70, 261, 196.88, 348.57, 12.67, -0.1561, 0.1231, 0.9766, 0.0817
17:12:28, 8.70, 261, 196.90, 348.57, 12.67, -0.1562, 0.1232, 0.9766, 0.0817
17:12:28, 8.70, 261, 196.89, 348.58, 12.66, -0.1561, 0.1231, 0.9766, 0.0817
17:12:28, 8.73, 262, 196.90, 348.59, 12.66, -0.1561, 0.1230, 0.9766, 0.0816
17:12:28, 8.73, 262, 196.91, 348.61, 12.64, -0.1562, 0.1229, 0.9767, 0.0815
17:12:28, 8.77, 263, 196.91, 348.62, 12.64, -0.1562, 0.1229, 0.9767, 0.0814
17:12:28, 8.77, 263, 196.91, 348.64, 12.64, -0.1562, 0.1228, 0.9767, 0.0812
17:12:28, 8.77, 263, 196.91, 348.66, 12.63, -0.1561, 0.1227, 0.9767, 0.0810
17:12:28, 8.80, 264, 196.91, 348.68, 12.65, -0.1562, 0.1228, 0.9767, 0.0808
17:12:28, 8.80, 264, 196.93, 348.73, 12.62, -0.1563, 0.1225, 0.9768, 0.0804
17:12:28, 8.83, 265, 196.92, 348.71, 12.64, -0.1562, 0.1227, 0.9768, 0.0806
17:12:28, 8.83, 265, 196.92, 348.72, 12.64, -0.1562, 0.1227, 0.9768, 0.0805
17:12:28, 8.87, 266, 196.92, 348.74, 12.63, -0.1562, 0.1226, 0.9768, 0.0803
17:12:28, 8.87, 266, 196.91, 348.76, 12.62, -0.1561, 0.1225, 0.9768, 0.0802
17:12:28, 8.87, 266, 196.91, 348.76, 12.62, -0.1561, 0.1225, 0.9768, 0.0802
17:12:28, 8.90, 267, 196.91, 348.77, 12.63, -0.1561, 0.1226, 0.9768, 0.0801
17:12:28, 8.90, 267, 196.92, 348.76, 12.63, -0.1562, 0.1226, 0.9768, 0.0802
17:12:28, 8.93, 268, 196.92, 348.76, 12.63, -0.1562, 0.1226, 0.9768, 0.0802
17:12:28, 8.93, 268, 196.91, 348.76, 12.65, -0.1561, 0.1227, 0.9768, 0.0802
17:12:28, 8.93, 268, 196.92, 348.76, 12.64, -0.1562, 0.1227, 0.9768, 0.0802
17:12:28, 8.97, 269, 196.92, 348.76, 12.64, -0.1561, 0.1227, 0.9768, 0.0802
17:12:28, 8.97, 269, 196.92, 348.76, 12.64, -0.1562, 0.1227, 0.9768, 0.0801
17:12:28, 9.00, 270, 196.93, 348.76, 12.64, -0.1563, 0.1227, 0.9768, 0.0802
17:12:28, 9.00, 270, 196.94, 348.76, 12.65, -0.1564, 0.1228, 0.9768, 0.0802
17:12:28, 9.03, 271, 196.93, 348.74, 12.68, -0.1564, 0.1231, 0.9767, 0.0803
17:12:28, 9.03, 271, 196.91, 348.73, 12.73, -0.1562, 0.1234, 0.9767, 0.0803
17:12:28, 9.03, 271, 196.92, 348.73, 12.72, -0.1562, 0.1234, 0.9767, 0.0803
17:12:28, 9.07, 272, 196.92, 348.73, 12.72, -0.1562, 0.1234, 0.9767, 0.0803
17:12:28, 9.07, 272, 196.91, 348.73, 12.72, -0.1562, 0.1234, 0.9767, 0.0803
17:12:28, 9.10, 273, 196.92, 348.71, 12.71, -0.1562, 0.1233, 0.9767, 0.0805
17:12:29, 9.10, 273, 196.93, 348.70, 12.70, -0.1564, 0.1233, 0.9767, 0.0806
17:12:29, 9.10, 273, 196.95, 348.69, 12.71, -0.1566, 0.1234, 0.9766, 0.0807
17:12:29, 9.13, 274, 196.97, 348.68, 12.71, -0.1567, 0.1234, 0.9766, 0.0807
17:12:29, 9.13, 274, 196.99, 348.69, 12.69, -0.1569, 0.1232, 0.9766, 0.0806
17:12:29, 9.17, 275, 197.01, 348.70, 12.69, -0.1570, 0.1232, 0.9766, 0.0805
17:12:29, 9.17, 275, 197.03, 348.73, 12.67, -0.1571, 0.1231, 0.9766, 0.0803
17:12:29, 9.20, 276, 197.06, 348.75, 12.66, -0.1574, 0.1230, 0.9766, 0.0801
17:12:29, 9.20, 276, 197.06, 348.75, 12.67, -0.1574, 0.1230, 0.9766, 0.0801
17:12:29, 9.20, 276, 197.06, 348.78, 12.69, -0.1574, 0.1232, 0.9766, 0.0798
17:12:29, 9.23, 277, 197.06, 348.80, 12.69, -0.1574, 0.1232, 0.9766, 0.0796
17:12:29, 9.23, 277, 197.06, 348.82, 12.68, -0.1573, 0.1231, 0.9766, 0.0794
17:12:29, 9.27, 278, 197.05, 348.83, 12.72, -0.1573, 0.1234, 0.9766, 0.0793
17:12:29, 9.27, 278, 197.05, 348.87, 12.71, -0.1573, 0.1232, 0.9766, 0.0790
17:12:29, 9.27, 278, 197.06, 348.86, 12.71, -0.1573, 0.1233, 0.9766, 0.0790
17:12:29, 9.30, 279, 197.05, 348.87, 12.73, -0.1573, 0.1234, 0.9766, 0.0790
17:12:29, 9.30, 279, 197.03, 348.89, 12.77, -0.1571, 0.1238, 0.9766, 0.0787
17:12:29, 9.33, 280, 197.03, 348.91, 12.79, -0.1571, 0.1238, 0.9766, 0.0786
17:12:29, 9.33, 280, 197.02, 348.92, 12.78, -0.1570, 0.1238, 0.9767, 0.0785
17:12:29, 9.37, 281, 197.02, 348.92, 12.78, -0.1570, 0.1238, 0.9767, 0.0785
17:12:29, 9.37, 281, 197.01, 348.92, 12.79, -0.1569, 0.1238, 0.9767, 0.0784
17:12:29, 9.37, 281, 197.01, 348.89, 12.79, -0.1569, 0.1238, 0.9766, 0.0787
17:12:29, 9.40, 282, 196.99, 348.87, 12.79, -0.1568, 0.1239, 0.9766, 0.0790
17:12:29, 9.40, 282, 196.99, 348.85, 12.79, -0.1568, 0.1239, 0.9766, 0.0791
17:12:29, 9.43, 283, 196.99, 348.86, 12.80, -0.1568, 0.1240, 0.9766, 0.0790
17:12:29, 9.43, 283, 196.99, 348.87, 12.80, -0.1568, 0.1239, 0.9766, 0.0789
17:12:29, 9.43, 283, 197.00, 348.89, 12.80, -0.1569, 0.1239, 0.9766, 0.0787
17:12:29, 9.47, 284, 197.02, 348.89, 12.81, -0.1571, 0.1240, 0.9766, 0.0787
17:12:29, 9.47, 284, 197.03, 348.90, 12.82, -0.1571, 0.1241, 0.9766, 0.0786
17:12:29, 9.50, 285, 197.05, 348.91, 12.82, -0.1573, 0.1241, 0.9766, 0.0785
17:12:29, 9.50, 285, 197.07, 348.90, 12.83, -0.1575, 0.1243, 0.9765, 0.0785
17:12:29, 9.53, 286, 197.08, 348.90, 12.84, -0.1575, 0.1243, 0.9765, 0.0785
17:12:29, 9.53, 286, 197.08, 348.91, 12.83, -0.1576, 0.1243, 0.9765, 0.0784
17:12:29, 9.53, 286, 197.07, 348.91, 12.84, -0.1575, 0.1243, 0.9765, 0.0784
17:12:29, 9.57, 287, 197.07, 348.91, 12.84, -0.1575, 0.1243, 0.9765, 0.0785
17:12:29, 9.57, 287, 197.06, 348.91, 12.84, -0.1573, 0.1243, 0.9765, 0.0784
17:12:29, 9.60, 288, 197.05, 348.90, 12.83, -0.1573, 0.1242, 0.9766, 0.0785
17:12:29, 9.60, 288, 197.05, 348.90, 12.82, -0.1573, 0.1242, 0.9766, 0.0786
17:12:29, 9.60, 288, 197.04, 348.91, 12.83, -0.1572, 0.1242, 0.9766, 0.0785
17:12:29, 9.63, 289, 197.03, 348.92, 12.84, -0.1572, 0.1243, 0.9766, 0.0784
17:12:29, 9.63, 289, 197.03, 348.93, 12.84, -0.1571, 0.1243, 0.9766, 0.0783
17:12:29, 9.67, 290, 197.04, 348.93, 12.84, -0.1572, 0.1242, 0.9766, 0.0783
17:12:29, 9.67, 290, 197.03, 348.95, 12.84, -0.1571, 0.1242, 0.9766, 0.0782
17:12:29, 9.70, 291, 197.04, 348.97, 12.84, -0.1571, 0.1242, 0.9766, 0.0780
17:12:29, 9.70, 291, 197.04, 348.99, 12.84, -0.1571, 0.1242, 0.9766, 0.0778
17:12:29, 9.70, 291, 197.04, 348.98, 12.85, -0.1572, 0.1243, 0.9766, 0.0779
17:12:29, 9.73, 292, 197.04, 348.98, 12.85, -0.1572, 0.1243, 0.9766, 0.0778
17:12:29, 9.73, 292, 197.04, 348.98, 12.86, -0.1572, 0.1244, 0.9766, 0.0779
17:12:29, 9.77, 293, 197.03, 348.96, 12.87, -0.1571, 0.1245, 0.9766, 0.0780
17:12:29, 9.77, 293, 197.03, 348.94, 12.87, -0.1571, 0.1245, 0.9766, 0.0782
17:12:29, 9.77, 293, 197.03, 348.94, 12.87, -0.1571, 0.1245, 0.9766, 0.0782
17:12:29, 9.80, 294, 197.03, 348.93, 12.88, -0.1571, 0.1246, 0.9766, 0.0783
17:12:29, 9.80, 294, 197.03, 348.92, 12.88, -0.1571, 0.1246, 0.9765, 0.0784
17:12:29, 9.83, 295, 197.03, 348.92, 12.88, -0.1571, 0.1246, 0.9765, 0.0783
17:12:29, 9.83, 295, 197.04, 348.91, 12.89, -0.1572, 0.1247, 0.9765, 0.0784
17:12:29, 9.87, 296, 197.04, 348.91, 12.90, -0.1573, 0.1248, 0.9765, 0.0784
17:12:29, 9.87, 296, 197.06, 348.93, 12.92, -0.1574, 0.1249, 0.9765, 0.0782
17:12:29, 9.87, 296, 197.07, 348.93, 12.92, -0.1575, 0.1249, 0.9765, 0.0782
17:12:29, 9.90, 297, 197.08, 348.92, 12.91, -0.1576, 0.1249, 0.9764, 0.0783
17:12:29, 9.90, 297, 197.07, 348.91, 12.92, -0.1576, 0.1250, 0.9764, 0.0783
17:12:29, 9.93, 298, 197.06, 348.92, 12.94, -0.1574, 0.1252, 0.9764, 0.0782
17:12:29, 9.93, 298, 197.04, 348.91, 12.96, -0.1573, 0.1253, 0.9764, 0.0783
17:12:29, 9.93, 298, 197.03, 348.93, 12.95, -0.1572, 0.1252, 0.9765, 0.0781
17:12:29, 9.97, 299, 197.02, 348.94, 12.96, -0.1571, 0.1252, 0.9765, 0.0781
17:12:29, 9.97, 299, 197.03, 348.93, 12.94, -0.1572, 0.1251, 0.9765, 0.0781
