Timestamp, VideoTime, VideoFrame, HeadYaw, HeadPitch, HeadRoll, HeadQuatW, HeadQuatX, HeadQuatY, HeadQuatZ
17:14:24, 0.00, 0, 2.66, 345.54, 350.00, -0.9883, 0.1273, -0.0119, 0.0836
17:14:24, 0.00, 0, 2.59, 345.58, 350.03, -0.9883, 0.1270, -0.0114, 0.0834
17:14:24, 0.03, 1, 2.52, 345.61, 350.09, -0.9884, 0.1266, -0.0109, 0.0829
17:14:24, 0.03, 1, 2.43, 345.62, 350.15, -0.9885, 0.1265, -0.0102, 0.0825
17:14:24, 0.03, 1, 2.35, 345.66, 350.19, -0.9886, 0.1261, -0.0096, 0.0822
17:14:24, 0.07, 2, 2.23, 345.68, 350.28, -0.9887, 0.1258, -0.0087, 0.0816
17:14:24, 0.07, 2, 2.13, 345.73, 350.37, -0.9888, 0.1253, -0.0079, 0.0810
17:14:24, 0.10, 3, 2.00, 345.77, 350.47, -0.9889, 0.1249, -0.0070, 0.0803
17:14:24, 0.10, 3, 1.86, 345.81, 350.54, -0.9890, 0.1244, -0.0059, 0.0798
17:14:24, 0.13, 4, 1.73, 345.84, 350.65, -0.9891, 0.1240, -0.0049, 0.0790
17:14:24, 0.13, 4, 1.57, 345.88, 350.75, -0.9892, 0.1236, -0.0036, 0.0784
17:14:24, 0.13, 4, 1.42, 345.88, 350.86, -0.9893, 0.1235, -0.0025, 0.0775
17:14:24, 0.17, 5, 1.29, 345.94, 350.98, -0.9895, 0.1229, -0.0015, 0.0767
17:14:24, 0.17, 5, 1.10, 345.96, 351.08, -0.9895, 0.1226, 0.0000, 0.0760
17:14:24, 0.20, 6, 0.95, 346.02, 351.18, -0.9897, 0.1219, 0.0012, 0.0754
17:14:24, 0.20, 6, 0.78, 346.05, 351.29, -0.9898, 0.1216, 0.0025, 0.0745
17:14:24, 0.20, 6, 0.64, 346.09, 351.38, -0.9899, 0.1212, 0.0036, 0.0740
17:14:24, 0.23, 7, 0.50, 346.10, 351.46, -0.9899, 0.1210, 0.0047, 0.0734
17:14:24, 0.23, 7, 0.37, 346.11, 351.53, -0.9900, 0.1208, 0.0057, 0.0729
17:14:24, 0.27, 8, 0.25, 346.12, 351.62, -0.9900, 0.1207, 0.0066, 0.0722
17:14:24, 0.27, 8, 0.13, 346.15, 351.71, -0.9901, 0.1203, 0.0076, 0.0716
17:14:24, 0.27, 8, 0.00, 346.16, 351.79, -0.9902, 0.1202, 0.0086, 0.0711
17:14:24, 0.30, 9, 359.87, 346.21, 351.89, -0.9903, 0.1197, 0.0096, 0.0703
17:14:24, 0.30, 9, 359.73, 346.22, 351.96, -0.9903, 0.1195, 0.0107, 0.0699
17:14:24, 0.33, 10, 359.61, 346.26, 352.03, -0.9904, 0.1190, 0.0117, 0.0694
17:14:24, 0.33, 10, 359.43, 346.29, 352.11, -0.9905, 0.1187, 0.0131, 0.0689
17:14:24, 0.37, 11, 359.24, 346.31, 352.19, -0.9905, 0.1184, 0.0147, 0.0684
17:14:24, 0.37, 11, 359.03, 346.35, 352.30, -0.9906, 0.1180, 0.0164, 0.0677
17:14:24, 0.37, 11, 358.84, 346.40, 352.37, -0.9906, 0.1175, 0.0179, 0.0673
17:14:24, 0.40, 12, 358.62, 346.43, 352.47, -0.9907, 0.1171, 0.0197, 0.0666
17:14:24, 0.40, 12, 358.42, 346.46, 352.53, -0.9907, 0.1168, 0.0213, 0.0663
17:14:24, 0.43, 13, 358.18, 346.46, 352.64, -0.9907, 0.1166, 0.0233, 0.0656
17:14:24, 0.43, 13, 357.97, 346.49, 352.74, -0.9908, 0.1163, 0.0250, 0.0650
17:14:24, 0.47, 14, 357.70, 346.52, 352.85, -0.9908, 0.1159, 0.0272, 0.0643
17:14:24, 0.47, 14, 357.39, 346.60, 352.96, -0.9909, 0.1150, 0.0298, 0.0636
17:14:24, 0.47, 14, 356.96, 346.72, 353.16, -0.9910, 0.1138, 0.0332, 0.0623
17:14:24, 0.50, 15, 356.42, 346.77, 353.39, -0.9910, 0.1132, 0.0376, 0.0609
17:14:24, 0.50, 15, 355.75, 346.81, 353.60, -0.9909, 0.1125, 0.0432, 0.0597
17:14:24, 0.53, 16, 354.98, 346.81, 353.85, -0.9907, 0.1122, 0.0496, 0.0583
17:14:24, 0.53, 16, 354.03, 346.82, 354.11, -0.9904, 0.1118, 0.0575, 0.0569
17:14:24, 0.53, 16, 353.10, 346.89, 354.30, -0.9901, 0.1108, 0.0654, 0.0562
17:14:24, 0.57, 17, 351.99, 346.88, 354.49, -0.9895, 0.1105, 0.0748, 0.0556
17:14:24, 0.57, 17, 350.76, 346.85, 354.77, -0.9887, 0.1104, 0.0852, 0.0544
17:14:24, 0.60, 18, 349.55, 346.85, 354.97, -0.9879, 0.1099, 0.0954, 0.0538
17:14:25, 0.60, 18, 348.08, 346.87, 355.11, -0.9867, 0.1092, 0.1079, 0.0540
17:14:25, 0.63, 19, 346.45, 346.79, 355.36, -0.9851, 0.1094, 0.1217, 0.0535
17:14:25, 0.63, 19, 344.82, 346.77, 355.49, -0.9833, 0.1090, 0.1356, 0.0539
17:14:25, 0.63, 19, 343.13, 346.76, 355.65, -0.9812, 0.1084, 0.1499, 0.0542
17:14:25, 0.67, 20, 341.44, 346.73, 355.68, -0.9789, 0.1079, 0.1644, 0.0556
17:14:25, 0.67, 20, 339.77, 346.68, 355.67, -0.9764, 0.1075, 0.1786, 0.0573
17:14:25, 0.70, 21, 338.09, 346.62, 355.76, -0.9736, 0.1073, 0.1928, 0.0582
17:14:25, 0.70, 21, 336.46, 346.49, 355.77, -0.9706, 0.1076, 0.2066, 0.0598
17:14:25, 0.70, 21, 334.76, 346.40, 355.85, -0.9674, 0.1076, 0.2210, 0.0609
17:14:25, 0.73, 22, 333.09, 346.35, 355.88, -0.9640, 0.1072, 0.2350, 0.0623
17:14:25, 0.73, 22, 331.40, 346.26, 355.94, -0.9604, 0.1071, 0.2492, 0.0636
17:14:25, 0.77, 23, 329.82, 346.18, 355.98, -0.9568, 0.1070, 0.2624, 0.0649
17:14:25, 0.77, 23, 328.24, 346.08, 356.00, -0.9530, 0.1070, 0.2755, 0.0665
17:14:25, 0.80, 24, 326.67, 345.92, 356.01, -0.9490, 0.1074, 0.2886, 0.0683
17:14:25, 0.80, 24, 325.20, 345.82, 356.04, -0.9451, 0.1075, 0.3006, 0.0696
17:14:25, 0.80, 24, 323.77, 345.73, 356.03, -0.9412, 0.1073, 0.3124, 0.0712
17:14:25, 0.83, 25, 322.45, 345.64, 356.07, -0.9374, 0.1073, 0.3232, 0.0724
17:14:25, 0.83, 25, 321.16, 345.53, 356.14, -0.9337, 0.1076, 0.3337, 0.0733
17:14:25, 0.87, 26, 319.93, 345.43, 356.24, -0.9300, 0.1079, 0.3436, 0.0740
17:14:25, 0.87, 26, 318.66, 345.36, 356.29, -0.9261, 0.1078, 0.3538, 0.0750
17:14:25, 0.87, 26, 317.47, 345.25, 356.26, -0.9222, 0.1078, 0.3634, 0.0767
17:14:25, 0.90, 27, 316.35, 345.25, 356.27, -0.9186, 0.1071, 0.3724, 0.0777
17:14:25, 0.90, 27, 315.22, 345.22, 356.25, -0.9148, 0.1065, 0.3814, 0.0789
17:14:25, 0.93, 28, 314.20, 345.11, 356.19, -0.9112, 0.1064, 0.3896, 0.0808
17:14:25, 0.93, 28, 313.18, 345.00, 356.13, -0.9076, 0.1064, 0.3977, 0.0826
17:14:25, 0.97, 29, 312.13, 344.90, 356.08, -0.9037, 0.1062, 0.4060, 0.0843
17:14:25, 0.97, 29, 311.12, 344.85, 355.99, -0.9000, 0.1056, 0.4141, 0.0861
17:14:25, 0.97, 29, 310.10, 344.67, 355.89, -0.8960, 0.1059, 0.4222, 0.0884
17:14:25, 1.00, 30, 309.15, 344.55, 355.79, -0.8922, 0.1057, 0.4296, 0.0905
17:14:25, 1.00, 30, 308.14, 344.44, 355.72, -0.8882, 0.1054, 0.4375, 0.0924
17:14:25, 1.03, 31, 307.24, 344.38, 355.59, -0.8846, 0.1047, 0.4446, 0.0945
17:14:25, 1.03, 31, 306.37, 344.26, 355.53, -0.8810, 0.1047, 0.4513, 0.0962
17:14:25, 1.03, 31, 305.51, 344.19, 355.43, -0.8774, 0.1041, 0.4580, 0.0980
17:14:25, 1.07, 32, 304.66, 344.16, 355.31, -0.8738, 0.1031, 0.4646, 0.0998
17:14:25, 1.07, 32, 303.80, 344.03, 355.20, -0.8701, 0.1029, 0.4711, 0.1020
17:14:25, 1.10, 33, 302.99, 343.95, 355.15, -0.8666, 0.1026, 0.4773, 0.1034
17:14:25, 1.10, 33, 302.12, 343.82, 355.06, -0.8627, 0.1024, 0.4839, 0.1054
17:14:25, 1.13, 34, 301.23, 343.76, 354.97, -0.8587, 0.1017, 0.4907, 0.1071
17:14:25, 1.13, 34, 300.33, 343.65, 354.94, -0.8547, 0.1015, 0.4974, 0.1086
17:14:25, 1.13, 34, 299.29, 343.53, 354.90, -0.8499, 0.1012, 0.5052, 0.1103
17:14:25, 1.17, 35, 298.21, 343.43, 354.84, -0.8450, 0.1006, 0.5132, 0.1121
17:14:25, 1.17, 35, 297.08, 343.34, 354.84, -0.8398, 0.1002, 0.5214, 0.1135
17:14:25, 1.20, 36, 295.92, 343.18, 354.82, -0.8342, 0.1001, 0.5299, 0.1154
17:14:25, 1.20, 36, 294.71, 343.04, 354.78, -0.8283, 0.0998, 0.5386, 0.1174
17:14:25, 1.20, 36, 293.42, 342.87, 354.79, -0.8220, 0.0997, 0.5478, 0.1192
17:14:25, 1.23, 37, 292.19, 342.71, 354.84, -0.8159, 0.0998, 0.5565, 0.1207
17:14:25, 1.23, 37, 290.87, 342.60, 354.90, -0.8094, 0.0994, 0.5658, 0.1220
17:14:25, 1.27, 38, 289.53, 342.44, 355.02, -0.8026, 0.0997, 0.5751, 0.1231
17:14:25, 1.27, 38, 288.22, 342.36, 355.04, -0.7959, 0.0990, 0.5841, 0.1244
17:14:25, 1.30, 39, 286.88, 342.29, 355.15, -0.7890, 0.0986, 0.5933, 0.1252
17:14:25, 1.30, 39, 285.67, 342.20, 355.20, -0.7827, 0.0982, 0.6015, 0.1263
17:14:25, 1.30, 39, 284.43, 342.12, 355.30, -0.7761, 0.0979, 0.6098, 0.1272
17:14:25, 1.33, 40, 283.25, 342.02, 355.38, -0.7698, 0.0977, 0.6176, 0.1281
17:14:25, 1.33, 40, 282.09, 342.01, 355.43, -0.7636, 0.0967, 0.6253, 0.1288
17:14:25, 1.37, 41, 280.96, 342.02, 355.54, -0.7575, 0.0960, 0.6327, 0.1291
17:14:25, 1.37, 41, 279.86, 342.01, 355.62, -0.7514, 0.0953, 0.6399, 0.1295
17:14:25, 1.37, 41, 278.73, 341.98, 355.76, -0.7452, 0.0950, 0.6471, 0.1296
17:14:25, 1.40, 42, 277.71, 341.91, 355.87, -0.7394, 0.0948, 0.6537, 0.1302
17:14:25, 1.40, 42, 276.65, 341.88, 355.91, -0.7334, 0.0941, 0.6604, 0.1310
17:14:25, 1.43, 43, 275.58, 341.79, 355.99, -0.7272, 0.0939, 0.6671, 0.1318
17:14:25, 1.43, 43, 274.55, 341.72, 355.99, -0.7211, 0.0932, 0.6735, 0.1331
17:14:25, 1.47, 44, 273.50, 341.69, 356.08, -0.7149, 0.0927, 0.6800, 0.1335
17:14:25, 1.47, 44, 272.55, 341.62, 356.01, -0.7091, 0.0916, 0.6859, 0.1352
17:14:25, 1.47, 44, 271.53, 341.50, 356.13, -0.7030, 0.0919, 0.6920, 0.1360
17:14:25, 1.50, 45, 270.56, 341.38, 356.12, -0.6969, 0.0914, 0.6979, 0.1375
17:14:25, 1.50, 45, 269.64, 341.27, 356.15, -0.6912, 0.0911, 0.7033, 0.1388
17:14:25, 1.53, 46, 268.74, 341.10, 356.19, -0.6855, 0.0913, 0.7086, 0.1402
17:14:25, 1.53, 46, 267.85, 340.93, 356.21, -0.6798, 0.0913, 0.7137, 0.1419
17:14:25, 1.53, 46, 266.98, 340.76, 356.27, -0.6743, 0.0917, 0.7186, 0.1433
17:14:25, 1.57, 47, 266.13, 340.66, 356.33, -0.6688, 0.0916, 0.7235, 0.1442
17:14:25, 1.57, 47, 265.32, 340.45, 356.36, -0.6635, 0.0920, 0.7280, 0.1460
17:14:25, 1.60, 48, 264.48, 340.28, 356.33, -0.6579, 0.0917, 0.7327, 0.1479
17:14:26, 1.60, 48, 263.60, 340.14, 356.38, -0.6522, 0.0917, 0.7376, 0.1492
17:14:26, 1.63, 49, 262.78, 340.00, 356.37, -0.6466, 0.0913, 0.7421, 0.1509
17:14:26, 1.63, 49, 261.95, 339.77, 356.38, -0.6410, 0.0916, 0.7465, 0.1529
17:14:26, 1.63, 49, 261.16, 339.65, 356.37, -0.6357, 0.0912, 0.7508, 0.1544
17:14:26, 1.67, 50, 260.35, 339.49, 356.39, -0.6302, 0.0911, 0.7551, 0.1560
17:14:26, 1.67, 50, 259.48, 339.32, 356.37, -0.6242, 0.0907, 0.7597, 0.1579
17:14:26, 1.70, 51, 258.63, 339.16, 356.34, -0.6183, 0.0902, 0.7642, 0.1598
17:14:26, 1.70, 51, 257.80, 339.01, 356.29, -0.6125, 0.0895, 0.7686, 0.1617
17:14:26, 1.70, 51, 256.90, 338.86, 356.29, -0.6063, 0.0891, 0.7731, 0.1634
17:14:26, 1.73, 52, 256.05, 338.72, 356.28, -0.6004, 0.0886, 0.7775, 0.1650
17:14:26, 1.73, 52, 255.19, 338.55, 356.23, -0.5942, 0.0878, 0.7818, 0.1671
17:14:26, 1.77, 53, 254.28, 338.45, 356.19, -0.5878, 0.0868, 0.7864, 0.1687
17:14:26, 1.77, 53, 253.44, 338.29, 356.20, -0.5819, 0.0864, 0.7905, 0.1703
17:14:26, 1.80, 54, 252.57, 338.09, 356.19, -0.5756, 0.0861, 0.7947, 0.1724
17:14:26, 1.80, 54, 251.79, 338.00, 356.21, -0.5701, 0.0855, 0.7985, 0.1735
17:14:26, 1.80, 54, 250.96, 337.92, 356.19, -0.5642, 0.0846, 0.8025, 0.1748
17:14:26, 1.83, 55, 250.11, 337.72, 356.20, -0.5580, 0.0843, 0.8064, 0.1768
17:14:26, 1.83, 55, 249.37, 337.57, 356.24, -0.5527, 0.0842, 0.8098, 0.1781
17:14:26, 1.87, 56, 248.65, 337.39, 356.27, -0.5474, 0.0841, 0.8130, 0.1798
17:14:26, 1.87, 56, 247.84, 337.25, 356.32, -0.5415, 0.0839, 0.8166, 0.1811
17:14:26, 1.90, 57, 247.07, 337.06, 356.38, -0.5359, 0.0840, 0.8199, 0.1828
17:14:26, 1.90, 57, 246.27, 336.83, 356.45, -0.5300, 0.0844, 0.8233, 0.1847
17:14:26, 1.90, 57, 245.47, 336.67, 356.57, -0.5242, 0.0846, 0.8267, 0.1859
17:14:26, 1.93, 58, 244.60, 336.40, 356.68, -0.5178, 0.0853, 0.8302, 0.1879
17:14:26, 1.93, 58, 243.77, 336.18, 356.79, -0.5117, 0.0857, 0.8336, 0.1897
17:14:26, 1.97, 59, 242.91, 335.96, 356.88, -0.5054, 0.0859, 0.8370, 0.1915
17:14:26, 1.97, 59, 242.01, 335.70, 357.03, -0.4987, 0.0867, 0.8405, 0.1934
17:14:26, 1.97, 59, 241.05, 335.58, 357.24, -0.4919, 0.0871, 0.8443, 0.1941
17:14:26, 2.00, 60, 240.16, 335.35, 357.38, -0.4853, 0.0876, 0.8476, 0.1958
17:14:26, 2.00, 60, 239.25, 335.21, 357.48, -0.4786, 0.0874, 0.8511, 0.1971
17:14:26, 2.03, 61, 238.36, 335.12, 357.67, -0.4722, 0.0877, 0.8545, 0.1977
17:14:26, 2.03, 61, 237.50, 334.99, 357.79, -0.4658, 0.0876, 0.8578, 0.1989
17:14:26, 2.03, 61, 236.65, 334.92, 357.97, -0.4597, 0.0878, 0.8610, 0.1993
17:14:26, 2.07, 62, 235.83, 334.87, 358.09, -0.4537, 0.0874, 0.8641, 0.1999
17:14:26, 2.07, 62, 235.06, 334.82, 358.29, -0.4482, 0.0878, 0.8668, 0.2000
17:14:26, 2.10, 63, 234.35, 334.76, 358.42, -0.4430, 0.0879, 0.8694, 0.2005
17:14:26, 2.10, 63, 233.70, 334.76, 358.50, -0.4381, 0.0873, 0.8719, 0.2007
17:14:26, 2.13, 64, 233.05, 334.79, 358.62, -0.4334, 0.0870, 0.8743, 0.2005
17:14:26, 2.13, 64, 232.49, 334.82, 358.73, -0.4293, 0.0867, 0.8764, 0.2003
17:14:26, 2.13, 64, 231.98, 334.78, 358.79, -0.4255, 0.0864, 0.8782, 0.2008
17:14:26, 2.17, 65, 231.48, 334.82, 358.90, -0.4219, 0.0863, 0.8800, 0.2004
17:14:26, 2.17, 65, 231.12, 334.84, 359.03, -0.4194, 0.0865, 0.8813, 0.2000
17:14:26, 2.20, 66, 230.78, 334.87, 359.11, -0.4169, 0.0864, 0.8825, 0.1998
17:14:26, 2.20, 66, 230.37, 334.90, 359.34, -0.4142, 0.0874, 0.8838, 0.1990
17:14:26, 2.20, 66, 230.07, 334.97, 359.48, -0.4122, 0.0877, 0.8849, 0.1982
17:14:26, 2.23, 67, 229.77, 334.94, 359.59, -0.4101, 0.0882, 0.8859, 0.1983
17:14:26, 2.23, 67, 229.46, 334.92, 359.77, -0.4079, 0.0891, 0.8868, 0.1980
17:14:26, 2.27, 68, 229.18, 334.89, 359.89, -0.4060, 0.0896, 0.8876, 0.1981
17:14:26, 2.27, 68, 228.92, 334.95, 0.02, -0.4042, 0.0899, 0.8886, 0.1974
17:14:26, 2.30, 69, 228.64, 335.07, 0.16, -0.4024, 0.0902, 0.8897, 0.1961
17:14:26, 2.30, 69, 228.40, 335.26, 0.34, -0.4010, 0.0904, 0.8907, 0.1942
17:14:26, 2.30, 69, 228.11, 335.48, 0.54, -0.3993, 0.0907, 0.8919, 0.1920
17:14:26, 2.33, 70, 227.84, 335.62, 0.73, -0.3975, 0.0913, 0.8929, 0.1905
17:14:26, 2.33, 70, 227.53, 335.69, 0.88, -0.3954, 0.0917, 0.8940, 0.1897
17:14:26, 2.37, 71, 227.25, 335.67, 1.07, -0.3935, 0.0928, 0.8948, 0.1894
17:14:26, 2.37, 71, 226.95, 335.67, 1.32, -0.3916, 0.0943, 0.8956, 0.1887
17:14:26, 2.37, 71, 226.66, 335.66, 1.60, -0.3898, 0.0960, 0.8963, 0.1882
17:14:26, 2.40, 72, 226.40, 335.63, 1.85, -0.3881, 0.0976, 0.8970, 0.1878
17:14:26, 2.40, 72, 226.11, 335.46, 2.16, -0.3863, 0.1001, 0.8974, 0.1883
17:14:26, 2.43, 73, 225.79, 335.34, 2.54, -0.3844, 0.1030, 0.8979, 0.1882
17:14:26, 2.43, 73, 225.50, 335.24, 2.93, -0.3827, 0.1059, 0.8983, 0.1880
17:14:26, 2.47, 74, 225.16, 335.07, 3.33, -0.3805, 0.1090, 0.8988, 0.1883
17:14:26, 2.47, 74, 224.88, 334.70, 3.71, -0.3788, 0.1127, 0.8987, 0.1903
17:14:26, 2.47, 74, 224.51, 334.23, 4.09, -0.3763, 0.1166, 0.8986, 0.1931
17:14:26, 2.50, 75, 224.12, 333.67, 4.52, -0.3737, 0.1210, 0.8984, 0.1965
17:14:26, 2.50, 75, 223.65, 333.08, 4.95, -0.3706, 0.1255, 0.8982, 0.2002
17:14:26, 2.53, 76, 223.19, 332.68, 5.30, -0.3674, 0.1286, 0.8985, 0.2028
17:14:26, 2.53, 76, 222.66, 332.12, 5.59, -0.3636, 0.1316, 0.8987, 0.2069
17:14:26, 2.53, 76, 222.19, 331.66, 5.87, -0.3602, 0.1343, 0.8989, 0.2102
17:14:26, 2.57, 77, 221.68, 331.16, 6.09, -0.3564, 0.1365, 0.8991, 0.2141
17:14:26, 2.57, 77, 221.15, 330.53, 6.33, -0.3525, 0.1392, 0.8991, 0.2190
17:14:26, 2.60, 78, 220.69, 329.72, 6.47, -0.3489, 0.1417, 0.8985, 0.2255
17:14:27, 2.60, 78, 220.22, 329.01, 6.62, -0.3453, 0.1439, 0.8981, 0.2314
17:14:27, 2.63, 79, 219.86, 328.40, 6.57, -0.3421, 0.1445, 0.8978, 0.2368
17:14:27, 2.63, 79, 219.42, 327.74, 6.58, -0.3384, 0.1454, 0.8975, 0.2425
17:14:27, 2.63, 79, 218.97, 327.07, 6.61, -0.3348, 0.1465, 0.8971, 0.2483
17:14:27, 2.67, 80, 218.58, 326.42, 6.52, -0.3313, 0.1466, 0.8967, 0.2542
17:14:27, 2.67, 80, 218.20, 325.73, 6.38, -0.3277, 0.1465, 0.8962, 0.2606
17:14:27, 2.70, 81, 217.82, 325.26, 6.27, -0.3243, 0.1460, 0.8962, 0.2651
17:14:27, 2.70, 81, 217.47, 324.72, 6.26, -0.3213, 0.1465, 0.8958, 0.2699
17:14:27, 2.70, 81, 217.13, 324.02, 6.21, -0.3183, 0.1471, 0.8950, 0.2759
17:14:27, 2.73, 82, 216.70, 323.43, 6.35, -0.3149, 0.1485, 0.8944, 0.2808
17:14:27, 2.73, 82, 216.21, 322.79, 6.55, -0.3113, 0.1505, 0.8937, 0.2859
17:14:27, 2.77, 83, 215.87, 322.30, 6.63, -0.3088, 0.1514, 0.8931, 0.2900
17:14:27, 2.77, 83, 215.39, 321.83, 6.95, -0.3056, 0.1537, 0.8927, 0.2935
17:14:27, 2.80, 84, 214.87, 321.47, 7.29, -0.3023, 0.1559, 0.8925, 0.2962
17:14:27, 2.80, 84, 214.30, 321.07, 7.69, -0.2987, 0.1584, 0.8923, 0.2991
17:14:27, 2.80, 84, 213.72, 320.64, 8.04, -0.2950, 0.1606, 0.8920, 0.3024
17:14:27, 2.83, 85, 213.14, 320.32, 8.37, -0.2913, 0.1624, 0.8921, 0.3049
17:14:27, 2.83, 85, 212.46, 320.07, 8.82, -0.2871, 0.1645, 0.8925, 0.3067
17:14:27, 2.87, 86, 211.74, 319.93, 9.26, -0.2826, 0.1663, 0.8932, 0.3077
17:14:27, 2.87, 86, 211.05, 319.72, 9.58, -0.2781, 0.1673, 0.8938, 0.3096
17:14:27, 2.90, 87, 210.33, 319.61, 10.02, -0.2737, 0.1691, 0.8945, 0.3105
17:14:27, 2.90, 87, 209.63, 319.49, 10.45, -0.2694, 0.1708, 0.8951, 0.3115
17:14:27, 2.90, 87, 209.07, 319.48, 10.67, -0.2656, 0.1709, 0.8961, 0.3118
17:14:27, 2.93, 88, 208.38, 319.43, 11.20, -0.2616, 0.1733, 0.8967, 0.3121
17:14:27, 2.93, 88, 207.83, 319.31, 11.46, -0.2581, 0.1741, 0.8972, 0.3132
17:14:27, 2.97, 89, 207.41, 319.22, 11.70, -0.2554, 0.1750, 0.8975, 0.3141
17:14:27, 2.97, 89, 206.91, 319.07, 12.00, -0.2523, 0.1761, 0.8977, 0.3154
17:14:27, 2.97, 89, 206.45, 318.92, 12.27, -0.2495, 0.1772, 0.8978, 0.3167
17:14:27, 3.00, 90, 205.99, 318.82, 12.57, -0.2468, 0.1785, 0.8980, 0.3176
17:14:27, 3.00, 90, 205.58, 318.72, 12.83, -0.2443, 0.1795, 0.8982, 0.3185
17:14:27, 3.03, 91, 205.06, 318.54, 13.08, -0.2410, 0.1803, 0.8983, 0.3202
17:14:27, 3.03, 91, 204.57, 318.31, 13.37, -0.2380, 0.1815, 0.8981, 0.3222
17:14:27, 3.03, 91, 204.10, 318.05, 13.61, -0.2351, 0.1824, 0.8979, 0.3245
17:14:27, 3.07, 92, 203.64, 317.74, 13.86, -0.2322, 0.1834, 0.8974, 0.3272
17:14:27, 3.07, 92, 203.13, 317.38, 14.19, -0.2293, 0.1850, 0.8967, 0.3302
17:14:27, 3.10, 93, 202.66, 317.04, 14.50, -0.2267, 0.1865, 0.8960, 0.3331
17:14:27, 3.10, 93, 202.10, 316.67, 14.83, -0.2234, 0.1879, 0.8954, 0.3363
17:14:27, 3.13, 94, 201.71, 316.26, 15.04, -0.2212, 0.1889, 0.8944, 0.3398
17:14:27, 3.13, 94, 201.29, 315.88, 15.34, -0.2189, 0.1903, 0.8934, 0.3430
17:14:27, 3.13, 94, 200.85, 315.48, 15.62, -0.2165, 0.1916, 0.8925, 0.3463
17:14:27, 3.17, 95, 200.42, 315.12, 15.98, -0.2145, 0.1935, 0.8914, 0.3492
17:14:27, 3.17, 95, 200.07, 314.73, 16.33, -0.2130, 0.1954, 0.8901, 0.3523
17:14:27, 3.20, 96, 199.81, 314.34, 16.52, -0.2118, 0.1965, 0.8889, 0.3554
17:14:27, 3.20, 96, 199.47, 314.01, 16.74, -0.2101, 0.1974, 0.8880, 0.3583
17:14:27, 3.20, 96, 199.18, 313.57, 16.97, -0.2088, 0.1987, 0.8866, 0.3618
17:14:27, 3.23, 97, 198.88, 313.15, 17.20, -0.2075, 0.1998, 0.8852, 0.3653
17:14:27, 3.23, 97, 198.71, 312.79, 17.38, -0.2070, 0.2009, 0.8839, 0.3681
17:14:27, 3.27, 98, 198.53, 312.39, 17.53, -0.2063, 0.2018, 0.8826, 0.3712
17:14:27, 3.27, 98, 198.38, 312.10, 17.65, -0.2057, 0.2025, 0.8815, 0.3736
17:14:27, 3.30, 99, 198.24, 311.72, 17.79, -0.2053, 0.2033, 0.8802, 0.3766
17:14:27, 3.30, 99, 198.13, 311.36, 17.87, -0.2050, 0.2038, 0.8789, 0.3795
17:14:27, 3.30, 99, 198.01, 311.04, 17.87, -0.2043, 0.2037, 0.8779, 0.3822
17:14:27, 3.33, 100, 197.85, 310.59, 17.97, -0.2037, 0.2042, 0.8763, 0.3858
17:14:27, 3.33, 100, 197.70, 310.28, 18.02, -0.2029, 0.2043, 0.8753, 0.3884
17:14:27, 3.37, 101, 197.57, 309.97, 18.00, -0.2021, 0.2039, 0.8744, 0.3911
17:14:27, 3.37, 101, 197.46, 309.59, 18.05, -0.2017, 0.2042, 0.8731, 0.3942
17:14:27, 3.40, 102, 197.40, 309.38, 18.04, -0.2013, 0.2040, 0.8724, 0.3960
17:14:27, 3.40, 102, 197.27, 309.11, 18.13, -0.2008, 0.2043, 0.8715, 0.3981
17:14:27, 3.40, 102, 197.31, 308.88, 18.01, -0.2008, 0.2037, 0.8707, 0.4000
17:14:27, 3.43, 103, 197.22, 308.58, 18.05, -0.2005, 0.2039, 0.8696, 0.4025
17:14:27, 3.43, 103, 197.14, 308.21, 18.13, -0.2004, 0.2044, 0.8682, 0.4053
17:14:27, 3.47, 104, 197.10, 307.93, 18.14, -0.2003, 0.2045, 0.8672, 0.4075
17:14:27, 3.47, 104, 196.98, 307.67, 18.23, -0.1999, 0.2049, 0.8662, 0.4096
17:14:27, 3.47, 104, 196.87, 307.41, 18.31, -0.1995, 0.2052, 0.8652, 0.4117
17:14:27, 3.50, 105, 196.70, 307.27, 18.43, -0.1988, 0.2056, 0.8647, 0.4129
17:14:27, 3.50, 105, 196.51, 307.08, 18.56, -0.1980, 0.2060, 0.8641, 0.4144
17:14:27, 3.53, 106, 196.34, 306.86, 18.67, -0.1973, 0.2063, 0.8633, 0.4163
17:14:27, 3.53, 106, 196.05, 306.66, 18.89, -0.1960, 0.2070, 0.8626, 0.4180
17:14:27, 3.53, 106, 195.74, 306.40, 19.12, -0.1947, 0.2078, 0.8616, 0.4201
17:14:27, 3.57, 107, 195.47, 306.15, 19.30, -0.1935, 0.2082, 0.8608, 0.4223
17:14:27, 3.57, 107, 195.01, 305.74, 19.72, -0.1920, 0.2098, 0.8591, 0.4255
17:14:27, 3.60, 108, 194.71, 305.52, 20.07, -0.1912, 0.2114, 0.8581, 0.4272
17:14:28, 3.60, 108, 194.44, 305.27, 20.39, -0.1906, 0.2128, 0.8569, 0.4291
17:14:28, 3.63, 109, 194.20, 304.95, 20.62, -0.1900, 0.2137, 0.8556, 0.4315
17:14:28, 3.63, 109, 193.94, 304.66, 20.98, -0.1896, 0.2155, 0.8541, 0.4337
17:14:28, 3.63, 109, 193.68, 304.33, 21.30, -0.1892, 0.2169, 0.8526, 0.4362
17:14:28, 3.67, 110, 193.22, 303.95, 21.88, -0.1884, 0.2195, 0.8506, 0.4390
17:14:28, 3.67, 110, 192.95, 303.58, 22.28, -0.1883, 0.2215, 0.8488, 0.4416
17:14:28, 3.70, 111, 192.58, 303.23, 22.81, -0.1879, 0.2240, 0.8469, 0.4441
17:14:28, 3.70, 111, 192.15, 302.74, 23.46, -0.1878, 0.2271, 0.8443, 0.4476
17:14:28, 3.70, 111, 191.90, 302.25, 23.93, -0.1884, 0.2295, 0.8416, 0.4511
17:14:28, 3.73, 112, 191.48, 301.63, 24.56, -0.1885, 0.2324, 0.8384, 0.4555
17:14:28, 3.73, 112, 191.24, 301.04, 25.14, -0.1898, 0.2356, 0.8351, 0.4595
17:14:28, 3.77, 113, 190.95, 300.41, 25.80, -0.1912, 0.2391, 0.8314, 0.4637
17:14:28, 3.77, 113, 190.66, 299.84, 26.48, -0.1926, 0.2427, 0.8280, 0.4674
17:14:28, 3.80, 114, 190.54, 299.33, 26.92, -0.1942, 0.2452, 0.8250, 0.4707
17:14:28, 3.80, 114, 190.48, 298.85, 27.27, -0.1958, 0.2472, 0.8223, 0.4738
17:14:28, 3.80, 114, 190.21, 298.40, 27.79, -0.1966, 0.2496, 0.8196, 0.4767
17:14:28, 3.83, 115, 190.01, 297.99, 28.23, -0.1977, 0.2518, 0.8171, 0.4794
17:14:28, 3.83, 115, 189.82, 297.66, 28.63, -0.1985, 0.2537, 0.8151, 0.4816
17:14:28, 3.87, 116, 189.70, 297.45, 28.88, -0.1990, 0.2549, 0.8138, 0.4829
17:14:28, 3.87, 116, 189.76, 297.33, 28.92, -0.1998, 0.2554, 0.8130, 0.4836
17:14:28, 3.87, 116, 189.58, 297.24, 29.10, -0.1994, 0.2558, 0.8125, 0.4844
17:14:28, 3.90, 117, 189.59, 297.19, 29.11, -0.1996, 0.2559, 0.8123, 0.4846
17:14:28, 3.90, 117, 189.45, 297.13, 29.22, -0.1991, 0.2561, 0.8120, 0.4852
17:14:28, 3.93, 118, 189.45, 297.11, 29.23, -0.1992, 0.2561, 0.8119, 0.4854
17:14:28, 3.93, 118, 189.36, 297.17, 29.29, -0.1987, 0.2562, 0.8122, 0.4850
17:14:28, 3.97, 119, 189.35, 297.25, 29.33, -0.1987, 0.2564, 0.8125, 0.4844
17:14:28, 3.97, 119, 189.39, 297.30, 29.31, -0.1988, 0.2565, 0.8127, 0.4840
17:14:28, 3.97, 119, 189.47, 297.30, 29.22, -0.1990, 0.2562, 0.8127, 0.4839
17:14:28, 4.00, 120, 189.51, 297.29, 29.20, -0.1992, 0.2562, 0.8127, 0.4839
17:14:28, 4.00, 120, 189.65, 297.32, 29.11, -0.1998, 0.2562, 0.8128, 0.4836
17:14:28, 4.03, 121, 189.68, 297.31, 29.11, -0.2000, 0.2564, 0.8127, 0.4836
17:14:28, 4.03, 121, 189.70, 297.25, 29.13, -0.2003, 0.2565, 0.8123, 0.4839
17:14:28, 4.03, 121, 189.70, 297.23, 29.11, -0.2003, 0.2564, 0.8123, 0.4841
17:14:28, 4.07, 122, 189.68, 297.18, 29.14, -0.2003, 0.2565, 0.8120, 0.4845
17:14:28, 4.07, 122, 189.61, 297.20, 29.20, -0.2001, 0.2567, 0.8121, 0.4844
17:14:28, 4.10, 123, 189.62, 297.18, 29.17, -0.2001, 0.2565, 0.8120, 0.4846
17:14:28, 4.10, 123, 189.64, 297.17, 29.18, -0.2003, 0.2566, 0.8120, 0.4845
17:14:28, 4.13, 124, 189.68, 297.18, 29.16, -0.2004, 0.2567, 0.8120, 0.4844
17:14:28, 4.13, 124, 189.72, 297.19, 29.12, -0.2005, 0.2565, 0.8120, 0.4843
17:14:28, 4.13, 124, 189.82, 297.26, 29.04, -0.2008, 0.2565, 0.8123, 0.4837
17:14:28, 4.17, 125, 189.96, 297.32, 28.94, -0.2013, 0.2564, 0.8126, 0.4832
17:14:28, 4.17, 125, 190.07, 297.40, 28.86, -0.2016, 0.2563, 0.8129, 0.4825
17:14:28, 4.20, 126, 190.07, 297.42, 28.93, -0.2018, 0.2567, 0.8129, 0.4822
17:14:28, 4.20, 126, 190.24, 297.51, 28.79, -0.2023, 0.2565, 0.8133, 0.4815
17:14:28, 4.20, 126, 190.45, 297.57, 28.67, -0.2032, 0.2566, 0.8135, 0.4808
17:14:28, 4.23, 127, 190.66, 297.59, 28.55, -0.2042, 0.2566, 0.8135, 0.4803
17:14:28, 4.23, 127, 190.94, 297.61, 28.39, -0.2055, 0.2567, 0.8134, 0.4798
17:14:28, 4.27, 128, 191.21, 297.60, 28.16, -0.2065, 0.2562, 0.8134, 0.4797
17:14:28, 4.27, 128, 191.40, 297.61, 28.07, -0.2074, 0.2563, 0.8133, 0.4794
17:14:28, 4.30, 129, 191.74, 297.62, 27.80, -0.2087, 0.2558, 0.8133, 0.4791
17:14:28, 4.30, 129, 192.03, 297.61, 27.55, -0.2097, 0.2553, 0.8133, 0.4789
17:14:28, 4.30, 129, 192.25, 297.54, 27.36, -0.2106, 0.2548, 0.8130, 0.4793
17:14:28, 4.33, 130, 192.51, 297.55, 27.16, -0.2115, 0.2545, 0.8130, 0.4791
17:14:28, 4.33, 130, 192.84, 297.54, 26.85, -0.2127, 0.2537, 0.8130, 0.4789
17:14:28, 4.37, 131, 193.14, 297.52, 26.60, -0.2137, 0.2531, 0.8129, 0.4789
17:14:28, 4.37, 131, 193.43, 297.54, 26.37, -0.2148, 0.2527, 0.8130, 0.4786
17:14:28, 4.40, 132, 193.69, 297.59, 26.16, -0.2157, 0.2524, 0.8132, 0.4780
17:14:28, 4.40, 132, 193.92, 297.60, 25.96, -0.2165, 0.2519, 0.8133, 0.4778
17:14:28, 4.40, 132, 194.12, 297.61, 25.79, -0.2172, 0.2515, 0.8133, 0.4776
17:14:28, 4.43, 133, 194.40, 297.65, 25.56, -0.2182, 0.2511, 0.8135, 0.4771
17:14:28, 4.43, 133, 194.68, 297.71, 25.34, -0.2192, 0.2506, 0.8137, 0.4765
17:14:28, 4.47, 134, 195.00, 297.75, 25.09, -0.2204, 0.2502, 0.8138, 0.4760
17:14:28, 4.47, 134, 195.31, 297.79, 24.90, -0.2218, 0.2502, 0.8138, 0.4754
17:14:28, 4.47, 134, 195.72, 297.85, 24.58, -0.2233, 0.2496, 0.8140, 0.4747
17:14:28, 4.50, 135, 196.19, 297.86, 24.21, -0.2251, 0.2489, 0.8139, 0.4743
17:14:28, 4.50, 135, 196.66, 297.85, 23.84, -0.2269, 0.2482, 0.8137, 0.4741
17:14:28, 4.53, 136, 197.22, 297.87, 23.38, -0.2290, 0.2473, 0.8137, 0.4736
17:14:28, 4.53, 136, 197.81, 297.92, 22.92, -0.2312, 0.2465, 0.8137, 0.4729
17:14:28, 4.57, 137, 198.38, 297.91, 22.52, -0.2336, 0.2459, 0.8134, 0.4725
17:14:28, 4.57, 137, 198.99, 297.95, 22.08, -0.2361, 0.2453, 0.8133, 0.4719
17:14:28, 4.57, 137, 199.64, 297.91, 21.59, -0.2387, 0.2445, 0.8128, 0.4718
17:14:28, 4.60, 138, 200.31, 297.81, 21.12, -0.2415, 0.2439, 0.8120, 0.4721
17:14:29, 4.60, 138, 201.13, 297.71, 20.56, -0.2451, 0.2434, 0.8109, 0.4723
17:14:29, 4.63, 139, 201.98, 297.64, 19.94, -0.2486, 0.2426, 0.8101, 0.4723
17:14:29, 4.63, 139, 203.03, 297.55, 19.21, -0.2530, 0.2418, 0.8089, 0.4724
17:14:29, 4.63, 139, 204.44, 297.46, 18.11, -0.2585, 0.2400, 0.8077, 0.4725
17:14:29, 4.67, 140, 205.85, 297.36, 17.09, -0.2642, 0.2387, 0.8061, 0.4726
17:14:29, 4.67, 140, 207.71, 297.29, 15.77, -0.2719, 0.2372, 0.8042, 0.4723
17:14:29, 4.70, 141, 209.89, 297.20, 14.21, -0.2807, 0.2354, 0.8017, 0.4723
17:14:29, 4.70, 141, 212.56, 297.22, 12.34, -0.2917, 0.2332, 0.7990, 0.4714
17:14:29, 4.70, 141, 215.47, 297.30, 10.32, -0.3037, 0.2310, 0.7958, 0.4702
17:14:29, 4.73, 142, 218.96, 297.49, 7.96, -0.3184, 0.2286, 0.7920, 0.4682
17:14:29, 4.73, 142, 222.62, 297.75, 5.49, -0.3338, 0.2258, 0.7876, 0.4661
17:14:29, 4.77, 143, 226.85, 298.08, 2.66, -0.3518, 0.2227, 0.7819, 0.4640
17:14:29, 4.77, 143, 231.17, 298.61, 359.88, -0.3709, 0.2196, 0.7758, 0.4608
17:14:29, 4.80, 144, 235.61, 299.15, 357.10, -0.3907, 0.2168, 0.7685, 0.4580
17:14:29, 4.80, 144, 239.87, 299.74, 354.44, -0.4100, 0.2138, 0.7608, 0.4554
17:14:29, 4.80, 144, 244.20, 300.50, 351.76, -0.4300, 0.2102, 0.7525, 0.4524
17:14:29, 4.83, 145, 248.32, 301.34, 349.38, -0.4499, 0.2072, 0.7437, 0.4489
17:14:29, 4.83, 145, 252.25, 302.35, 347.15, -0.4696, 0.2033, 0.7350, 0.4448
17:14:29, 4.87, 146, 256.01, 303.37, 345.08, -0.4890, 0.1995, 0.7257, 0.4409
17:14:29, 4.87, 146, 259.67, 304.47, 343.14, -0.5082, 0.1956, 0.7159, 0.4370
17:14:29, 4.90, 147, 263.21, 305.60, 341.40, -0.5276, 0.1921, 0.7053, 0.4327
17:14:29, 4.90, 147, 266.65, 306.92, 339.78, -0.5472, 0.1876, 0.6945, 0.4278
17:14:29, 4.90, 147, 270.08, 308.28, 338.22, -0.5670, 0.1829, 0.6827, 0.4229
17:14:29, 4.93, 148, 273.30, 309.67, 337.00, -0.5867, 0.1792, 0.6705, 0.4173
17:14:29, 4.93, 148, 276.42, 311.09, 335.92, -0.6062, 0.1753, 0.6577, 0.4114
17:14:29, 4.97, 149, 279.44, 312.51, 334.89, -0.6250, 0.1712, 0.6444, 0.4059
17:14:29, 4.97, 149, 282.36, 314.03, 334.13, -0.6443, 0.1673, 0.6306, 0.3991
17:14:29, 4.97, 149, 285.23, 315.46, 333.66, -0.6635, 0.1652, 0.6157, 0.3916
17:14:29, 5.00, 150, 287.90, 316.82, 333.29, -0.6815, 0.1630, 0.6011, 0.3843
17:14:29, 5.00, 150, 290.40, 318.24, 333.08, -0.6988, 0.1605, 0.5867, 0.3764
17:14:29, 5.03, 151, 292.68, 319.72, 333.13, -0.7158, 0.1578, 0.5727, 0.3671
17:14:29, 5.03, 151, 295.01, 321.11, 333.16, -0.7321, 0.1556, 0.5579, 0.3585
17:14:29, 5.07, 152, 297.18, 322.50, 333.32, -0.7477, 0.1531, 0.5435, 0.3494
17:14:29, 5.07, 152, 299.33, 323.80, 333.45, -0.7624, 0.1507, 0.5288, 0.3411
17:14:29, 5.07, 152, 301.34, 325.07, 333.74, -0.7765, 0.1487, 0.5145, 0.3321
17:14:29, 5.10, 153, 303.43, 326.26, 334.05, -0.7903, 0.1472, 0.4993, 0.3232
17:14:29, 5.10, 153, 305.45, 327.29, 334.39, -0.8031, 0.1466, 0.4842, 0.3148
17:14:29, 5.13, 154, 307.43, 328.20, 334.67, -0.8147, 0.1462, 0.4694, 0.3074
17:14:29, 5.13, 154, 309.37, 329.08, 334.88, -0.8256, 0.1456, 0.4546, 0.3007
17:14:29, 5.13, 154, 311.27, 329.94, 335.20, -0.8363, 0.1451, 0.4399, 0.2934
17:14:29, 5.17, 155, 313.15, 330.83, 335.49, -0.8465, 0.1441, 0.4250, 0.2863
17:14:29, 5.17, 155, 314.90, 331.52, 335.89, -0.8557, 0.1446, 0.4109, 0.2792
17:14:29, 5.20, 156, 316.60, 332.21, 336.29, -0.8645, 0.1446, 0.3971, 0.2722
17:14:29, 5.20, 156, 318.26, 332.86, 336.60, -0.8725, 0.1445, 0.3836, 0.2661
17:14:29, 5.20, 156, 319.78, 333.56, 337.02, -0.8802, 0.1438, 0.3708, 0.2591
17:14:29, 5.23, 157, 321.29, 334.18, 337.45, -0.8874, 0.1435, 0.3580, 0.2524
17:14:29, 5.23, 157, 322.79, 334.75, 337.85, -0.8942, 0.1435, 0.3453, 0.2461
17:14:29, 5.27, 158, 324.15, 335.30, 338.36, -0.9005, 0.1434, 0.3335, 0.2392
17:14:29, 5.27, 158, 325.52, 335.84, 338.78, -0.9065, 0.1431, 0.3217, 0.2330
17:14:29, 5.30, 159, 326.76, 336.33, 339.29, -0.9120, 0.1430, 0.3107, 0.2263
17:14:29, 5.30, 159, 327.76, 336.89, 339.84, -0.9170, 0.1419, 0.3015, 0.2195
17:14:29, 5.30, 159, 328.77, 337.43, 340.39, -0.9217, 0.1408, 0.2922, 0.2128
17:14:29, 5.33, 160, 329.64, 337.98, 340.97, -0.9261, 0.1393, 0.2839, 0.2059
17:14:29, 5.33, 160, 330.36, 338.53, 341.53, -0.9299, 0.1374, 0.2769, 0.1995
17:14:29, 5.37, 161, 331.11, 339.07, 341.97, -0.9334, 0.1353, 0.2699, 0.1940
17:14:29, 5.37, 161, 331.76, 339.50, 342.38, -0.9364, 0.1337, 0.2637, 0.1891
17:14:29, 5.40, 162, 332.37, 339.79, 342.78, -0.9390, 0.1333, 0.2580, 0.1845
17:14:29, 5.40, 162, 332.97, 340.12, 343.20, -0.9415, 0.1324, 0.2523, 0.1798
17:14:29, 5.40, 162, 333.54, 340.33, 343.46, -0.9436, 0.1321, 0.2471, 0.1766
17:14:29, 5.43, 163, 334.11, 340.58, 343.80, -0.9457, 0.1316, 0.2417, 0.1727
17:14:29, 5.43, 163, 334.59, 340.68, 344.17, -0.9474, 0.1322, 0.2373, 0.1690
17:14:29, 5.47, 164, 335.09, 340.77, 344.46, -0.9490, 0.1328, 0.2328, 0.1658
17:14:29, 5.47, 164, 335.60, 340.89, 344.77, -0.9507, 0.1332, 0.2280, 0.1625
17:14:29, 5.47, 164, 336.14, 340.98, 345.01, -0.9523, 0.1337, 0.2232, 0.1597
17:14:29, 5.50, 165, 336.61, 341.10, 345.32, -0.9538, 0.1340, 0.2188, 0.1564
17:14:29, 5.50, 165, 337.08, 341.24, 345.61, -0.9553, 0.1339, 0.2145, 0.1533
17:14:29, 5.53, 166, 337.63, 341.36, 345.83, -0.9568, 0.1340, 0.2096, 0.1506
17:14:29, 5.53, 166, 338.13, 341.48, 346.04, -0.9582, 0.1341, 0.2050, 0.1481
17:14:29, 5.53, 166, 338.65, 341.67, 346.32, -0.9597, 0.1337, 0.2002, 0.1448
17:14:29, 5.57, 167, 339.16, 341.81, 346.56, -0.9611, 0.1335, 0.1956, 0.1420
17:14:29, 5.57, 167, 339.65, 342.03, 346.81, -0.9626, 0.1327, 0.1910, 0.1390
17:14:29, 5.60, 168, 340.22, 342.24, 347.10, -0.9642, 0.1320, 0.1857, 0.1357
17:14:30, 5.60, 168, 340.76, 342.49, 347.37, -0.9657, 0.1310, 0.1807, 0.1325
17:14:30, 5.63, 169, 341.44, 342.73, 347.58, -0.9674, 0.1300, 0.1745, 0.1296
17:14:30, 5.63, 169, 342.06, 343.07, 347.82, -0.9691, 0.1282, 0.1688, 0.1264
17:14:30, 5.63, 169, 342.76, 343.37, 348.06, -0.9708, 0.1268, 0.1624, 0.1233
17:14:30, 5.67, 170, 343.46, 343.55, 348.32, -0.9723, 0.1263, 0.1560, 0.1201
17:14:30, 5.67, 170, 344.17, 343.71, 348.65, -0.9738, 0.1261, 0.1495, 0.1164
17:14:30, 5.70, 171, 344.81, 343.89, 348.99, -0.9752, 0.1257, 0.1436, 0.1126
17:14:30, 5.70, 171, 345.51, 344.14, 349.29, -0.9766, 0.1246, 0.1371, 0.1090
17:14:30, 5.70, 171, 346.16, 344.44, 349.55, -0.9780, 0.1229, 0.1311, 0.1058
17:14:30, 5.73, 172, 346.80, 344.65, 349.76, -0.9792, 0.1220, 0.1253, 0.1032
17:14:30, 5.73, 172, 347.36, 344.87, 350.03, -0.9803, 0.1209, 0.1201, 0.1001
17:14:30, 5.77, 173, 347.90, 345.10, 350.24, -0.9813, 0.1196, 0.1151, 0.0975
17:14:30, 5.77, 173, 348.43, 345.28, 350.51, -0.9823, 0.1187, 0.1102, 0.0945
17:14:30, 5.80, 174, 348.84, 345.50, 350.70, -0.9831, 0.1174, 0.1063, 0.0923
17:14:30, 5.80, 174, 349.29, 345.75, 350.93, -0.9839, 0.1158, 0.1021, 0.0896
17:14:30, 5.80, 174, 349.72, 346.03, 351.13, -0.9848, 0.1139, 0.0980, 0.0873
17:14:30, 5.83, 175, 350.22, 346.30, 351.32, -0.9856, 0.1121, 0.0934, 0.0850
17:14:30, 5.83, 175, 350.65, 346.56, 351.46, -0.9864, 0.1102, 0.0894, 0.0832
17:14:30, 5.87, 176, 351.09, 346.92, 351.65, -0.9872, 0.1077, 0.0853, 0.0809
17:14:30, 5.87, 176, 351.52, 347.20, 351.79, -0.9879, 0.1057, 0.0812, 0.0792
17:14:30, 5.90, 177, 352.02, 347.47, 351.99, -0.9887, 0.1038, 0.0766, 0.0768
17:14:30, 5.90, 177, 352.44, 347.63, 352.25, -0.9893, 0.1029, 0.0727, 0.0742
17:14:30, 5.90, 177, 352.95, 347.70, 352.36, -0.9897, 0.1026, 0.0682, 0.0727
17:14:30, 5.93, 178, 353.46, 347.76, 352.53, -0.9902, 0.1025, 0.0635, 0.0708
17:14:30, 5.93, 178, 353.99, 347.85, 352.65, -0.9906, 0.1021, 0.0588, 0.0692
17:14:30, 5.97, 179, 354.51, 347.88, 352.74, -0.9910, 0.1022, 0.0542, 0.0679
17:14:30, 5.97, 179, 355.03, 347.92, 352.87, -0.9913, 0.1022, 0.0496, 0.0663
17:14:30, 5.97, 179, 355.54, 347.98, 352.96, -0.9916, 0.1021, 0.0451, 0.0650
17:14:30, 6.00, 180, 356.06, 347.97, 353.02, -0.9919, 0.1024, 0.0405, 0.0641
17:14:30, 6.00, 180, 356.62, 348.02, 353.10, -0.9921, 0.1023, 0.0356, 0.0629
17:14:30, 6.03, 181, 357.19, 348.05, 353.13, -0.9923, 0.1024, 0.0306, 0.0621
17:14:30, 6.03, 181, 357.74, 348.10, 353.12, -0.9925, 0.1023, 0.0258, 0.0617
17:14:30, 6.03, 181, 358.29, 348.08, 353.17, -0.9926, 0.1028, 0.0210, 0.0608
17:14:30, 6.07, 182, 358.94, 348.05, 353.19, -0.9927, 0.1034, 0.0154, 0.0600
17:14:30, 6.07, 182, 359.41, 347.99, 353.29, -0.9928, 0.1041, 0.0112, 0.0588
17:14:30, 6.10, 183, 0.02, 347.94, 353.29, -0.9928, 0.1049, 0.0060, 0.0582
17:14:30, 6.10, 183, 0.57, 347.98, 353.34, -0.9928, 0.1048, 0.0011, 0.0572
17:14:30, 6.13, 184, 1.23, 348.04, 353.41, -0.9929, 0.1046, -0.0046, 0.0560
17:14:30, 6.13, 184, 1.97, 348.09, 353.44, -0.9929, 0.1046, -0.0111, 0.0551
17:14:30, 6.13, 184, 2.68, 348.18, 353.49, -0.9929, 0.1041, -0.0174, 0.0540
17:14:30, 6.17, 185, 3.51, 348.31, 353.56, -0.9929, 0.1034, -0.0247, 0.0528
17:14:30, 6.17, 185, 4.29, 348.40, 353.63, -0.9929, 0.1029, -0.0316, 0.0515
17:14:30, 6.20, 186, 5.03, 348.51, 353.67, -0.9927, 0.1023, -0.0380, 0.0505
17:14:30, 6.20, 186, 5.68, 348.63, 353.78, -0.9927, 0.1015, -0.0439, 0.0491
17:14:30, 6.20, 186, 6.32, 348.70, 353.84, -0.9925, 0.1011, -0.0495, 0.0480
17:14:30, 6.23, 187, 6.89, 348.75, 353.85, -0.9923, 0.1009, -0.0545, 0.0474
17:14:30, 6.23, 187, 7.39, 348.79, 353.85, -0.9921, 0.1007, -0.0589, 0.0469
17:14:30, 6.27, 188, 7.84, 348.85, 353.77, -0.9918, 0.1005, -0.0627, 0.0473
17:14:30, 6.27, 188, 8.28, 348.89, 353.67, -0.9916, 0.1004, -0.0665, 0.0478
17:14:30, 6.30, 189, 8.68, 348.94, 353.56, -0.9913, 0.1001, -0.0698, 0.0485
17:14:30, 6.30, 189, 9.02, 348.92, 353.52, -0.9911, 0.1005, -0.0727, 0.0485
17:14:30, 6.30, 189, 9.34, 348.91, 353.47, -0.9909, 0.1007, -0.0754, 0.0486
17:14:30, 6.33, 190, 9.77, 348.89, 353.43, -0.9905, 0.1011, -0.0791, 0.0486
17:14:30, 6.33, 190, 10.11, 348.94, 353.41, -0.9903, 0.1009, -0.0820, 0.0485
17:14:30, 6.37, 191, 10.54, 348.97, 353.41, -0.9900, 0.1008, -0.0858, 0.0481
17:14:30, 6.37, 191, 10.92, 349.03, 353.41, -0.9898, 0.1005, -0.0891, 0.0479
17:14:30, 6.40, 192, 11.27, 349.13, 353.42, -0.9896, 0.0997, -0.0921, 0.0476
17:14:30, 6.40, 192, 11.61, 349.14, 353.38, -0.9893, 0.0998, -0.0951, 0.0476
17:14:30, 6.40, 192, 12.00, 349.15, 353.38, -0.9890, 0.0999, -0.0985, 0.0473
17:14:30, 6.43, 193, 12.38, 349.11, 353.37, -0.9886, 0.1004, -0.1017, 0.0470
17:14:30, 6.43, 193, 12.71, 349.12, 353.35, -0.9883, 0.1004, -0.1045, 0.0469
17:14:30, 6.47, 194, 13.09, 349.07, 353.34, -0.9879, 0.1011, -0.1078, 0.0466
17:14:30, 6.47, 194, 13.50, 349.12, 353.30, -0.9876, 0.1008, -0.1113, 0.0467
17:14:30, 6.47, 194, 13.93, 349.18, 353.17, -0.9871, 0.1006, -0.1149, 0.0474
17:14:30, 6.50, 195, 14.32, 349.26, 353.04, -0.9867, 0.1002, -0.1183, 0.0483
17:14:30, 6.50, 195, 14.75, 349.29, 352.90, -0.9862, 0.1003, -0.1219, 0.0492
17:14:30, 6.53, 196, 15.10, 349.35, 352.81, -0.9859, 0.1000, -0.1248, 0.0497
17:14:30, 6.53, 196, 15.47, 349.36, 352.73, -0.9854, 0.1002, -0.1279, 0.0501
17:14:30, 6.53, 196, 15.81, 349.39, 352.59, -0.9850, 0.1003, -0.1308, 0.0510
17:14:30, 6.57, 197, 16.06, 349.40, 352.51, -0.9847, 0.1004, -0.1328, 0.0515
17:14:30, 6.57, 197, 16.34, 349.40, 352.42, -0.9843, 0.1006, -0.1351, 0.0521
17:14:30, 6.60, 198, 16.57, 349.43, 352.31, -0.9840, 0.1005, -0.1370, 0.0528
17:14:31, 6.60, 198, 16.75, 349.42, 352.25, -0.9838, 0.1008, -0.1386, 0.0532
17:14:31, 6.63, 199, 16.96, 349.38, 352.16, -0.9835, 0.1014, -0.1402, 0.0537
17:14:31, 6.63, 199, 17.17, 349.36, 352.06, -0.9831, 0.1017, -0.1419, 0.0544
17:14:31, 6.63, 199, 17.32, 349.38, 351.99, -0.9829, 0.1018, -0.1432, 0.0548
17:14:31, 6.67, 200, 17.46, 349.35, 351.94, -0.9827, 0.1021, -0.1443, 0.0551
17:14:31, 6.67, 200, 17.62, 349.30, 351.88, -0.9824, 0.1027, -0.1456, 0.0554
17:14:31, 6.70, 201, 17.80, 349.24, 351.83, -0.9821, 0.1034, -0.1470, 0.0556
17:14:31, 6.70, 201, 17.98, 349.18, 351.76, -0.9818, 0.1041, -0.1485, 0.0559
17:14:31, 6.70, 201, 18.13, 349.13, 351.74, -0.9816, 0.1046, -0.1497, 0.0559
17:14:31, 6.73, 202, 18.26, 349.08, 351.69, -0.9814, 0.1051, -0.1507, 0.0561
17:14:31, 6.73, 202, 18.37, 349.04, 351.67, -0.9812, 0.1055, -0.1517, 0.0562
17:14:31, 6.77, 203, 18.50, 348.96, 351.64, -0.9809, 0.1064, -0.1526, 0.0562
17:14:31, 6.77, 203, 18.62, 348.88, 351.58, -0.9807, 0.1072, -0.1536, 0.0565
17:14:31, 6.80, 204, 18.74, 348.84, 351.52, -0.9805, 0.1077, -0.1545, 0.0569
17:14:31, 6.80, 204, 18.85, 348.80, 351.46, -0.9803, 0.1081, -0.1554, 0.0572
17:14:31, 6.80, 204, 18.94, 348.76, 351.40, -0.9801, 0.1086, -0.1561, 0.0576
17:14:31, 6.83, 205, 19.04, 348.73, 351.35, -0.9799, 0.1090, -0.1568, 0.0578
17:14:31, 6.83, 205, 19.11, 348.72, 351.31, -0.9798, 0.1092, -0.1574, 0.0581
17:14:31, 6.87, 206, 19.20, 348.70, 351.25, -0.9796, 0.1094, -0.1580, 0.0585
17:14:31, 6.87, 206, 19.26, 348.67, 351.20, -0.9795, 0.1098, -0.1585, 0.0588
17:14:31, 6.87, 206, 19.35, 348.64, 351.13, -0.9793, 0.1102, -0.1592, 0.0593
17:14:31, 6.90, 207, 19.45, 348.67, 351.04, -0.9791, 0.1101, -0.1600, 0.0600
17:14:31, 6.90, 207, 19.57, 348.66, 350.95, -0.9789, 0.1104, -0.1609, 0.0606
17:14:31, 6.93, 208, 19.67, 348.66, 350.88, -0.9787, 0.1105, -0.1617, 0.0611
17:14:31, 6.93, 208, 19.78, 348.68, 350.82, -0.9785, 0.1105, -0.1626, 0.0616
17:14:31, 6.97, 209, 19.93, 348.67, 350.74, -0.9783, 0.1108, -0.1638, 0.0621
17:14:31, 6.97, 209, 20.08, 348.67, 350.68, -0.9780, 0.1109, -0.1650, 0.0624
17:14:31, 6.97, 209, 20.21, 348.72, 350.64, -0.9779, 0.1106, -0.1661, 0.0627
17:14:31, 7.00, 210, 20.35, 348.76, 350.58, -0.9777, 0.1105, -0.1673, 0.0632
17:14:31, 7.00, 210, 20.49, 348.78, 350.52, -0.9774, 0.1105, -0.1685, 0.0636
17:14:31, 7.03, 211, 20.65, 348.80, 350.47, -0.9772, 0.1105, -0.1697, 0.0639
17:14:31, 7.03, 211, 20.79, 348.83, 350.42, -0.9770, 0.1104, -0.1709, 0.0642
17:14:31, 7.03, 211, 20.91, 348.87, 350.36, -0.9768, 0.1102, -0.1719, 0.0647
17:14:31, 7.07, 212, 21.03, 348.90, 350.30, -0.9766, 0.1101, -0.1730, 0.0651
17:14:31, 7.07, 212, 21.14, 348.98, 350.22, -0.9764, 0.1096, -0.1739, 0.0659
17:14:31, 7.10, 213, 21.24, 349.04, 350.14, -0.9763, 0.1093, -0.1747, 0.0666
17:14:31, 7.10, 213, 21.34, 349.07, 350.09, -0.9761, 0.1092, -0.1756, 0.0670
17:14:31, 7.13, 214, 21.46, 349.11, 350.01, -0.9759, 0.1090, -0.1765, 0.0675
17:14:31, 7.13, 214, 21.54, 349.14, 349.93, -0.9757, 0.1090, -0.1772, 0.0682
17:14:31, 7.13, 214, 21.63, 349.18, 349.86, -0.9756, 0.1087, -0.1779, 0.0688
17:14:31, 7.17, 215, 21.72, 349.20, 349.79, -0.9754, 0.1087, -0.1786, 0.0694
17:14:31, 7.17, 215, 21.82, 349.20, 349.69, -0.9752, 0.1089, -0.1794, 0.0701
17:14:31, 7.20, 216, 21.89, 349.25, 349.64, -0.9751, 0.1087, -0.1799, 0.0706
17:14:31, 7.20, 216, 21.95, 349.30, 349.58, -0.9750, 0.1084, -0.1805, 0.0711
17:14:31, 7.20, 216, 22.02, 349.35, 349.51, -0.9749, 0.1081, -0.1810, 0.0717
17:14:31, 7.23, 217, 22.09, 349.39, 349.41, -0.9747, 0.1080, -0.1816, 0.0726
17:14:31, 7.23, 217, 22.15, 349.37, 349.35, -0.9746, 0.1083, -0.1820, 0.0729
17:14:31, 7.27, 218, 22.22, 349.37, 349.32, -0.9745, 0.1084, -0.1826, 0.0732
17:14:31, 7.27, 218, 22.27, 349.38, 349.27, -0.9744, 0.1083, -0.1830, 0.0736
17:14:31, 7.30, 219, 22.31, 349.38, 349.23, -0.9743, 0.1084, -0.1833, 0.0739
17:14:31, 7.30, 219, 22.37, 349.40, 349.16, -0.9741, 0.1085, -0.1837, 0.0744
17:14:31, 7.30, 219, 22.41, 349.42, 349.11, -0.9741, 0.1084, -0.1840, 0.0749
17:14:31, 7.33, 220, 22.45, 349.43, 349.07, -0.9740, 0.1084, -0.1843, 0.0751
17:14:31, 7.33, 220, 22.48, 349.43, 349.03, -0.9739, 0.1085, -0.1846, 0.0755
17:14:31, 7.37, 221, 22.52, 349.45, 348.99, -0.9738, 0.1084, -0.1849, 0.0758
17:14:31, 7.37, 221, 22.55, 349.47, 348.95, -0.9738, 0.1083, -0.1851, 0.0761
17:14:31, 7.37, 221, 22.60, 349.53, 348.92, -0.9737, 0.1079, -0.1855, 0.0765
17:14:31, 7.40, 222, 22.64, 349.57, 348.89, -0.9736, 0.1076, -0.1859, 0.0768
17:14:31, 7.40, 222, 22.69, 349.58, 348.83, -0.9735, 0.1076, -0.1863, 0.0772
17:14:31, 7.43, 223, 22.74, 349.60, 348.83, -0.9734, 0.1075, -0.1868, 0.0773
17:14:31, 7.43, 223, 22.80, 349.62, 348.80, -0.9733, 0.1075, -0.1872, 0.0775
17:14:31, 7.47, 224, 22.88, 349.69, 348.72, -0.9732, 0.1070, -0.1880, 0.0782
17:14:31, 7.47, 224, 22.97, 349.77, 348.69, -0.9731, 0.1065, -0.1888, 0.0785
17:14:31, 7.47, 224, 23.07, 349.84, 348.67, -0.9729, 0.1060, -0.1896, 0.0787
17:14:31, 7.50, 225, 23.19, 349.91, 348.62, -0.9727, 0.1056, -0.1907, 0.0792
17:14:31, 7.50, 225, 23.40, 349.99, 348.58, -0.9724, 0.1051, -0.1925, 0.0795
17:14:31, 7.53, 226, 23.64, 350.04, 348.53, -0.9720, 0.1050, -0.1946, 0.0798
17:14:31, 7.53, 226, 23.94, 350.14, 348.49, -0.9715, 0.1044, -0.1972, 0.0800
17:14:31, 7.53, 226, 24.29, 350.23, 348.42, -0.9709, 0.1040, -0.2002, 0.0804
17:14:31, 7.57, 227, 24.70, 350.39, 348.40, -0.9703, 0.1030, -0.2038, 0.0805
17:14:31, 7.57, 227, 25.18, 350.47, 348.38, -0.9694, 0.1026, -0.2079, 0.0804
17:14:31, 7.60, 228, 25.61, 350.59, 348.38, -0.9687, 0.1019, -0.2116, 0.0803
17:14:32, 7.60, 228, 26.11, 350.68, 348.37, -0.9678, 0.1015, -0.2159, 0.0801
17:14:32, 7.60, 228, 26.53, 350.72, 348.36, -0.9670, 0.1016, -0.2195, 0.0799
17:14:32, 7.63, 229, 27.02, 350.83, 348.36, -0.9661, 0.1009, -0.2237, 0.0797
17:14:32, 7.63, 229, 27.37, 350.87, 348.38, -0.9655, 0.1008, -0.2268, 0.0793
17:14:32, 7.67, 230, 27.72, 350.92, 348.44, -0.9648, 0.1005, -0.2299, 0.0786
17:14:32, 7.67, 230, 28.04, 350.94, 348.47, -0.9642, 0.1005, -0.2326, 0.0781
17:14:32, 7.70, 231, 28.36, 351.03, 348.53, -0.9636, 0.0999, -0.2354, 0.0775
17:14:32, 7.70, 231, 28.64, 351.14, 348.56, -0.9631, 0.0990, -0.2379, 0.0773
17:14:32, 7.70, 231, 28.88, 351.26, 348.69, -0.9628, 0.0979, -0.2402, 0.0762
17:14:32, 7.73, 232, 29.17, 351.35, 348.79, -0.9623, 0.0972, -0.2427, 0.0753
17:14:32, 7.73, 232, 29.38, 351.45, 348.86, -0.9619, 0.0963, -0.2447, 0.0748
17:14:32, 7.77, 233, 29.69, 351.60, 348.96, -0.9614, 0.0950, -0.2475, 0.0741
17:14:32, 7.77, 233, 30.03, 351.69, 348.96, -0.9607, 0.0945, -0.2505, 0.0740
17:14:32, 7.80, 234, 30.43, 351.77, 348.99, -0.9598, 0.0941, -0.2539, 0.0736
17:14:32, 7.80, 234, 30.86, 351.71, 349.02, -0.9589, 0.0947, -0.2575, 0.0728
17:14:32, 7.80, 234, 31.26, 351.66, 349.05, -0.9580, 0.0953, -0.2608, 0.0721
17:14:32, 7.83, 235, 31.67, 351.56, 349.11, -0.9570, 0.0963, -0.2642, 0.0711
17:14:32, 7.83, 235, 32.09, 351.42, 349.06, -0.9560, 0.0979, -0.2675, 0.0708
17:14:32, 7.87, 236, 32.49, 351.28, 349.07, -0.9550, 0.0992, -0.2707, 0.0700
17:14:32, 7.87, 236, 32.84, 351.02, 349.05, -0.9540, 0.1017, -0.2734, 0.0692
17:14:32, 7.87, 236, 33.17, 350.79, 349.09, -0.9532, 0.1036, -0.2759, 0.0680
17:14:32, 7.90, 237, 33.44, 350.52, 349.06, -0.9524, 0.1061, -0.2779, 0.0673
17:14:32, 7.90, 237, 33.67, 350.24, 349.09, -0.9517, 0.1084, -0.2795, 0.0661
17:14:32, 7.93, 238, 33.92, 349.89, 349.14, -0.9509, 0.1114, -0.2813, 0.0646
17:14:32, 7.93, 238, 34.13, 349.59, 349.20, -0.9503, 0.1138, -0.2828, 0.0631
17:14:32, 7.97, 239, 34.31, 349.29, 349.30, -0.9498, 0.1162, -0.2841, 0.0613
17:14:32, 7.97, 239, 34.56, 348.93, 349.42, -0.9490, 0.1189, -0.2859, 0.0591
17:14:32, 7.97, 239, 34.76, 348.69, 349.58, -0.9485, 0.1207, -0.2875, 0.0569
17:14:32, 8.00, 240, 34.99, 348.42, 349.78, -0.9478, 0.1225, -0.2893, 0.0543
17:14:32, 8.00, 240, 35.22, 348.12, 349.97, -0.9471, 0.1246, -0.2911, 0.0517
17:14:32, 8.03, 241, 35.52, 347.87, 350.12, -0.9463, 0.1264, -0.2935, 0.0494
17:14:32, 8.03, 241, 35.92, 347.65, 350.26, -0.9452, 0.1280, -0.2968, 0.0472
17:14:32, 8.03, 241, 36.25, 347.44, 350.45, -0.9442, 0.1293, -0.2995, 0.0447
17:14:32, 8.07, 242, 36.72, 347.13, 350.67, -0.9429, 0.1314, -0.3033, 0.0416
17:14:32, 8.07, 242, 37.17, 346.95, 350.75, -0.9416, 0.1329, -0.3069, 0.0398
17:14:32, 8.10, 243, 37.57, 346.75, 350.95, -0.9404, 0.1342, -0.3103, 0.0371
17:14:32, 8.10, 243, 38.16, 346.50, 351.03, -0.9386, 0.1362, -0.3149, 0.0351
17:14:32, 8.13, 244, 38.63, 346.31, 351.14, -0.9372, 0.1375, -0.3188, 0.0331
17:14:32, 8.13, 244, 39.12, 346.05, 351.25, -0.9357, 0.1394, -0.3226, 0.0309
17:14:32, 8.13, 244, 39.56, 345.71, 351.30, -0.9342, 0.1422, -0.3260, 0.0289
17:14:32, 8.17, 245, 40.03, 345.40, 351.32, -0.9326, 0.1447, -0.3295, 0.0272
17:14:32, 8.17, 245, 40.43, 345.09, 351.36, -0.9312, 0.1472, -0.3325, 0.0254
17:14:32, 8.20, 246, 40.83, 344.76, 351.45, -0.9298, 0.1497, -0.3355, 0.0231
17:14:32, 8.20, 246, 41.20, 344.36, 351.43, -0.9284, 0.1530, -0.3381, 0.0216
17:14:32, 8.20, 246, 41.57, 343.98, 351.41, -0.9269, 0.1562, -0.3407, 0.0201
17:14:32, 8.23, 247, 41.94, 343.54, 351.39, -0.9254, 0.1598, -0.3431, 0.0183
17:14:32, 8.23, 247, 42.28, 343.17, 351.32, -0.9240, 0.1631, -0.3454, 0.0172
17:14:32, 8.27, 248, 42.71, 342.77, 351.32, -0.9223, 0.1664, -0.3484, 0.0153
17:14:32, 8.27, 248, 43.07, 342.41, 351.31, -0.9209, 0.1693, -0.3510, 0.0137
17:14:32, 8.30, 249, 43.44, 342.05, 351.33, -0.9194, 0.1721, -0.3536, 0.0118
17:14:32, 8.30, 249, 43.84, 341.64, 351.25, -0.9177, 0.1757, -0.3562, 0.0105
17:14:32, 8.30, 249, 44.33, 341.24, 351.21, -0.9157, 0.1790, -0.3596, 0.0087
17:14:32, 8.33, 250, 44.79, 340.91, 351.25, -0.9139, 0.1815, -0.3630, 0.0065
17:14:32, 8.33, 250, 45.30, 340.55, 351.18, -0.9119, 0.1846, -0.3665, 0.0051
17:14:32, 8.37, 251, 45.80, 340.27, 351.18, -0.9100, 0.1868, -0.3701, 0.0033
17:14:32, 8.37, 251, 46.36, 339.95, 351.09, -0.9078, 0.1896, -0.3740, 0.0020
17:14:32, 8.37, 251, 46.89, 339.67, 351.00, -0.9058, 0.1921, -0.3777, 0.0008
17:14:32, 8.40, 252, 47.40, 339.42, 351.03, -0.9038, 0.1940, -0.3815, -0.0011
17:14:32, 8.40, 252, 47.91, 339.15, 351.02, -0.9018, 0.1961, -0.3852, -0.0029
17:14:32, 8.43, 253, 48.44, 338.88, 351.00, -0.8997, 0.1983, -0.3889, -0.0046
17:14:32, 8.43, 253, 49.01, 338.64, 350.86, -0.8974, 0.2006, -0.3928, -0.0054
17:14:32, 8.47, 254, 49.54, 338.42, 350.90, -0.8954, 0.2021, -0.3968, -0.0075
17:14:32, 8.47, 254, 50.06, 338.21, 350.90, -0.8933, 0.2037, -0.4005, -0.0091
17:14:32, 8.47, 254, 50.62, 338.04, 350.85, -0.8911, 0.2052, -0.4046, -0.0104
17:14:32, 8.50, 255, 51.19, 337.78, 350.86, -0.8888, 0.2070, -0.4087, -0.0124
17:14:32, 8.50, 255, 51.74, 337.68, 350.79, -0.8867, 0.2079, -0.4127, -0.0133
17:14:32, 8.53, 256, 52.27, 337.52, 350.74, -0.8846, 0.2093, -0.4165, -0.0145
17:14:32, 8.53, 256, 52.78, 337.33, 350.76, -0.8825, 0.2106, -0.4202, -0.0163
17:14:32, 8.53, 256, 53.24, 337.25, 350.76, -0.8807, 0.2111, -0.4236, -0.0175
17:14:32, 8.57, 257, 53.82, 337.07, 350.70, -0.8784, 0.2126, -0.4277, -0.0188
17:14:32, 8.57, 257, 54.28, 336.99, 350.63, -0.8765, 0.2134, -0.4310, -0.0195
17:14:32, 8.60, 258, 54.78, 336.91, 350.58, -0.8746, 0.2141, -0.4346, -0.0204
17:14:33, 8.60, 258, 55.30, 336.80, 350.55, -0.8724, 0.2149, -0.4384, -0.0215
17:14:33, 8.63, 259, 55.79, 336.71, 350.55, -0.8704, 0.2156, -0.4420, -0.0228
17:14:33, 8.63, 259, 56.32, 336.61, 350.55, -0.8683, 0.2162, -0.4459, -0.0242
17:14:33, 8.63, 259, 56.80, 336.57, 350.52, -0.8663, 0.2165, -0.4494, -0.0251
17:14:33, 8.67, 260, 57.30, 336.48, 350.54, -0.8643, 0.2169, -0.4531, -0.0265
17:14:33, 8.67, 260, 57.76, 336.46, 350.49, -0.8624, 0.2172, -0.4564, -0.0271
17:14:33, 8.70, 261, 58.27, 336.41, 350.46, -0.8603, 0.2176, -0.4601, -0.0281
17:14:33, 8.70, 261, 58.69, 336.40, 350.45, -0.8586, 0.2175, -0.4632, -0.0289
17:14:33, 8.70, 261, 59.14, 336.41, 350.43, -0.8568, 0.2175, -0.4666, -0.0295
17:14:33, 8.73, 262, 59.62, 336.38, 350.35, -0.8549, 0.2179, -0.4699, -0.0299
17:14:33, 8.73, 262, 60.07, 336.32, 350.37, -0.8529, 0.2181, -0.4733, -0.0312
17:14:33, 8.77, 263, 60.59, 336.27, 350.26, -0.8507, 0.2188, -0.4768, -0.0316
17:14:33, 8.77, 263, 61.02, 336.30, 350.20, -0.8490, 0.2187, -0.4799, -0.0318
17:14:33, 8.80, 264, 61.46, 336.23, 350.17, -0.8471, 0.2192, -0.4830, -0.0328
17:14:33, 8.80, 264, 61.93, 336.19, 350.14, -0.8451, 0.2195, -0.4864, -0.0336
17:14:33, 8.80, 264, 62.40, 336.19, 349.99, -0.8431, 0.2200, -0.4895, -0.0335
17:14:33, 8.83, 265, 62.85, 336.08, 349.97, -0.8410, 0.2207, -0.4927, -0.0347
17:14:33, 8.83, 265, 63.33, 336.09, 349.89, -0.8390, 0.2209, -0.4960, -0.0350
17:14:33, 8.87, 266, 63.76, 336.00, 349.77, -0.8371, 0.2219, -0.4988, -0.0353
17:14:33, 8.87, 266, 64.21, 335.98, 349.71, -0.8351, 0.2222, -0.5019, -0.0359
17:14:33, 8.87, 266, 64.70, 335.98, 349.60, -0.8330, 0.2225, -0.5053, -0.0360
17:14:33, 8.90, 267, 65.14, 335.89, 349.50, -0.8310, 0.2234, -0.5082, -0.0366
17:14:33, 8.90, 267, 65.61, 335.80, 349.47, -0.8288, 0.2240, -0.5114, -0.0377
17:14:33, 8.93, 268, 66.09, 335.75, 349.40, -0.8266, 0.2245, -0.5146, -0.0384
17:14:33, 8.93, 268, 66.57, 335.74, 349.32, -0.8245, 0.2248, -0.5179, -0.0388
17:14:33, 8.97, 269, 67.05, 335.75, 349.31, -0.8223, 0.2247, -0.5213, -0.0396
17:14:33, 8.97, 269, 67.49, 335.77, 349.39, -0.8203, 0.2240, -0.5247, -0.0409
17:14:33, 8.97, 269, 67.95, 335.75, 349.44, -0.8182, 0.2237, -0.5280, -0.0422
17:14:33, 9.00, 270, 68.39, 335.73, 349.51, -0.8161, 0.2234, -0.5312, -0.0437
17:14:33, 9.00, 270, 68.73, 335.71, 349.64, -0.8144, 0.2228, -0.5339, -0.0454
17:14:33, 9.03, 271, 69.11, 335.69, 349.80, -0.8125, 0.2220, -0.5369, -0.0474
17:14:33, 9.03, 271, 69.48, 335.70, 349.95, -0.8108, 0.2211, -0.5398, -0.0491
17:14:33, 9.03, 271, 69.67, 335.70, 350.22, -0.8097, 0.2197, -0.5417, -0.0514
17:14:33, 9.07, 272, 70.00, 335.67, 350.45, -0.8081, 0.2187, -0.5444, -0.0538
17:14:33, 9.07, 272, 70.22, 335.70, 350.76, -0.8069, 0.2169, -0.5466, -0.0562
17:14:33, 9.10, 273, 70.43, 335.68, 351.05, -0.8057, 0.2156, -0.5486, -0.0588
17:14:33, 9.10, 273, 70.66, 335.72, 351.32, -0.8045, 0.2139, -0.5507, -0.0609
17:14:33, 9.13, 274, 70.93, 335.69, 351.62, -0.8030, 0.2125, -0.5532, -0.0637
17:14:33, 9.13, 274, 71.17, 335.69, 351.88, -0.8017, 0.2111, -0.5553, -0.0659
17:14:33, 9.13, 274, 71.40, 335.61, 352.18, -0.8003, 0.2100, -0.5574, -0.0689
17:14:33, 9.17, 275, 71.67, 335.51, 352.47, -0.7987, 0.2091, -0.5596, -0.0719
17:14:33, 9.17, 275, 71.95, 335.40, 352.73, -0.7971, 0.2084, -0.5619, -0.0748
17:14:33, 9.20, 276, 72.24, 335.31, 353.01, -0.7953, 0.2075, -0.5643, -0.0777
17:14:33, 9.20, 276, 72.50, 335.19, 353.32, -0.7937, 0.2065, -0.5664, -0.0809
17:14:33, 9.20, 276, 72.77, 335.08, 353.63, -0.7920, 0.2056, -0.5687, -0.0841
17:14:33, 9.23, 277, 73.00, 334.91, 353.88, -0.7904, 0.2053, -0.5705, -0.0871
17:14:33, 9.23, 277, 73.28, 334.72, 354.07, -0.7886, 0.2054, -0.5725, -0.0899
17:14:33, 9.27, 278, 73.44, 334.47, 354.31, -0.7873, 0.2058, -0.5736, -0.0931
17:14:33, 9.27, 278, 73.66, 334.25, 354.49, -0.7858, 0.2063, -0.5751, -0.0959
17:14:33, 9.30, 279, 73.84, 333.98, 354.69, -0.7844, 0.2069, -0.5763, -0.0990
17:14:33, 9.30, 279, 74.05, 333.78, 354.85, -0.7829, 0.2073, -0.5777, -0.1015
17:14:33, 9.30, 279, 74.18, 333.51, 355.02, -0.7817, 0.2081, -0.5785, -0.1043
17:14:33, 9.33, 280, 74.22, 333.28, 355.26, -0.7810, 0.2084, -0.5789, -0.1072
17:14:33, 9.33, 280, 74.27, 333.00, 355.47, -0.7801, 0.2091, -0.5792, -0.1102
17:14:33, 9.37, 281, 74.26, 332.75, 355.72, -0.7796, 0.2096, -0.5792, -0.1132
17:14:33, 9.37, 281, 74.22, 332.47, 355.91, -0.7792, 0.2105, -0.5789, -0.1158
17:14:33, 9.37, 281, 74.16, 332.27, 356.08, -0.7790, 0.2111, -0.5785, -0.1179
17:14:33, 9.40, 282, 74.07, 331.98, 356.25, -0.7789, 0.2123, -0.5777, -0.1204
17:14:33, 9.40, 282, 74.05, 331.72, 356.44, -0.7784, 0.2131, -0.5775, -0.1229
17:14:33, 9.43, 283, 74.03, 331.45, 356.60, -0.7779, 0.2141, -0.5773, -0.1254
17:14:33, 9.43, 283, 74.02, 331.19, 356.83, -0.7773, 0.2147, -0.5773, -0.1283
17:14:33, 9.47, 284, 73.99, 330.91, 357.06, -0.7767, 0.2154, -0.5771, -0.1312
17:14:33, 9.47, 284, 74.04, 330.54, 357.25, -0.7756, 0.2169, -0.5773, -0.1346
17:14:33, 9.47, 284, 74.05, 330.10, 357.50, -0.7746, 0.2186, -0.5771, -0.1385
17:14:33, 9.50, 285, 74.08, 329.62, 357.70, -0.7734, 0.2208, -0.5770, -0.1423
17:14:33, 9.50, 285, 74.12, 329.04, 357.90, -0.7719, 0.2236, -0.5768, -0.1467
17:14:33, 9.53, 286, 74.15, 328.24, 358.09, -0.7700, 0.2279, -0.5762, -0.1522
17:14:33, 9.53, 286, 74.23, 327.22, 358.27, -0.7675, 0.2337, -0.5754, -0.1587
17:14:33, 9.53, 286, 74.31, 326.26, 358.51, -0.7649, 0.2388, -0.5749, -0.1653
17:14:33, 9.57, 287, 74.33, 325.31, 358.64, -0.7627, 0.2444, -0.5738, -0.1711
17:14:33, 9.57, 287, 74.32, 324.41, 358.89, -0.7606, 0.2491, -0.5728, -0.1772
17:14:33, 9.60, 288, 74.36, 323.47, 359.04, -0.7581, 0.2545, -0.5718, -0.1831
17:14:34, 9.60, 288, 74.37, 322.60, 359.14, -0.7560, 0.2597, -0.5706, -0.1881
17:14:34, 9.63, 289, 74.36, 321.86, 359.25, -0.7543, 0.2640, -0.5694, -0.1925
17:14:34, 9.63, 289, 74.38, 321.15, 359.35, -0.7524, 0.2682, -0.5685, -0.1968
17:14:34, 9.63, 289, 74.37, 320.53, 359.40, -0.7510, 0.2720, -0.5675, -0.2001
17:14:34, 9.67, 290, 74.57, 319.96, 359.29, -0.7488, 0.2759, -0.5675, -0.2028
17:14:34, 9.67, 290, 74.67, 319.44, 359.30, -0.7471, 0.2791, -0.5672, -0.2056
17:14:34, 9.70, 291, 74.90, 319.02, 359.15, -0.7452, 0.2821, -0.5675, -0.2073
17:14:34, 9.70, 291, 75.23, 318.60, 358.94, -0.7429, 0.2853, -0.5684, -0.2089
17:14:34, 9.73, 292, 75.70, 318.14, 358.69, -0.7400, 0.2886, -0.5699, -0.2108
17:14:34, 9.73, 292, 76.15, 317.70, 358.52, -0.7370, 0.2914, -0.5715, -0.2130
17:14:34, 9.73, 292, 76.55, 317.26, 358.33, -0.7343, 0.2944, -0.5726, -0.2151
17:14:34, 9.77, 293, 76.91, 316.78, 358.25, -0.7314, 0.2972, -0.5738, -0.2179
17:14:34, 9.77, 293, 77.31, 316.41, 358.10, -0.7288, 0.2995, -0.5751, -0.2199
17:14:34, 9.80, 294, 77.55, 315.99, 358.03, -0.7267, 0.3020, -0.5755, -0.2222
17:14:34, 9.80, 294, 77.79, 315.62, 357.87, -0.7249, 0.3047, -0.5758, -0.2237
17:14:34, 9.80, 294, 77.85, 315.18, 357.82, -0.7237, 0.3076, -0.5751, -0.2258
17:14:34, 9.83, 295, 77.84, 314.79, 357.80, -0.7228, 0.3101, -0.5741, -0.2276
17:14:34, 9.83, 295, 77.69, 314.30, 357.83, -0.7222, 0.3134, -0.5721, -0.2299
17:14:34, 9.87, 296, 77.56, 313.73, 357.86, -0.7213, 0.3170, -0.5701, -0.2327
17:14:34, 9.87, 296, 77.35, 313.23, 357.87, -0.7211, 0.3205, -0.5677, -0.2347
17:14:34, 9.87, 296, 77.11, 312.75, 357.86, -0.7210, 0.3240, -0.5651, -0.2363
17:14:34, 9.90, 297, 76.64, 312.51, 357.95, -0.7225, 0.3260, -0.5618, -0.2368
17:14:34, 9.90, 297, 76.05, 312.13, 358.13, -0.7240, 0.3287, -0.5577, -0.2381
17:14:34, 9.93, 298, 75.35, 311.67, 358.35, -0.7257, 0.3320, -0.5529, -0.2398
17:14:34, 9.93, 298, 74.90, 311.26, 358.38, -0.7266, 0.3354, -0.5492, -0.2406
17:14:34, 9.97, 299, 74.62, 310.79, 358.36, -0.7267, 0.3390, -0.5463, -0.2420
17:14:34, 9.97, 299, 74.57, 310.35, 358.22, -0.7260, 0.3425, -0.5446, -0.2431
17:14:34, 9.97, 299, 74.74, 309.86, 357.94, -0.7243, 0.3466, -0.5437, -0.2443
