Timestamp, VideoTime, VideoFrame, HeadYaw, HeadPitch, HeadRoll, HeadQuatW, HeadQuatX, HeadQuatY, HeadQuatZ
19:37:36, 0.00, 0, 353.44, 357.02, 359.61, 0.9980, -0.0258, -0.0573, -0.0049
19:37:36, 0.03, 1, 353.44, 357.01, 359.66, 0.9980, -0.0259, -0.0573, -0.0045
19:37:36, 0.03, 1, 353.46, 356.95, 359.67, 0.9980, -0.0264, -0.0571, -0.0044
19:37:36, 0.03, 1, 353.46, 356.89, 359.68, 0.9980, -0.0269, -0.0571, -0.0044
19:37:36, 0.07, 2, 353.45, 356.87, 359.70, 0.9980, -0.0272, -0.0572, -0.0042
19:37:36, 0.07, 2, 353.45, 356.80, 359.71, 0.9980, -0.0277, -0.0571, -0.0041
19:37:36, 0.10, 3, 353.43, 356.79, 359.75, 0.9980, -0.0278, -0.0573, -0.0038
19:37:36, 0.10, 3, 353.43, 356.81, 359.77, 0.9980, -0.0277, -0.0573, -0.0036
19:37:36, 0.10, 3, 353.44, 356.75, 359.74, 0.9980, -0.0282, -0.0573, -0.0039
19:37:36, 0.13, 4, 353.46, 356.70, 359.70, 0.9980, -0.0286, -0.0571, -0.0043
19:37:36, 0.13, 4, 353.49, 356.66, 359.68, 0.9980, -0.0290, -0.0568, -0.0045
19:37:36, 0.17, 5, 353.52, 356.61, 359.68, 0.9980, -0.0294, -0.0566, -0.0044
19:37:36, 0.17, 5, 353.54, 356.67, 359.70, 0.9980, -0.0289, -0.0564, -0.0043
19:37:36, 0.17, 5, 353.53, 356.66, 359.69, 0.9980, -0.0289, -0.0565, -0.0043
19:37:36, 0.20, 6, 353.55, 356.68, 359.71, 0.9980, -0.0288, -0.0563, -0.0042
19:37:36, 0.20, 6, 353.57, 356.70, 359.71, 0.9980, -0.0286, -0.0562, -0.0041
19:37:36, 0.20, 6, 353.59, 356.72, 359.72, 0.9980, -0.0284, -0.0560, -0.0041
19:37:36, 0.23, 7, 353.61, 356.72, 359.70, 0.9980, -0.0284, -0.0558, -0.0042
19:37:36, 0.23, 7, 353.61, 356.74, 359.69, 0.9980, -0.0283, -0.0558, -0.0043
19:37:36, 0.27, 8, 353.60, 356.77, 359.65, 0.9980, -0.0280, -0.0559, -0.0046
19:37:36, 0.27, 8, 353.58, 356.78, 359.62, 0.9980, -0.0279, -0.0560, -0.0049
19:37:36, 0.27, 8, 353.60, 356.78, 359.58, 0.9980, -0.0279, -0.0559, -0.0052
19:37:36, 0.30, 9, 353.60, 356.76, 359.48, 0.9980, -0.0279, -0.0559, -0.0061
19:37:36, 0.30, 9, 353.56, 356.71, 359.42, 0.9980, -0.0283, -0.0563, -0.0067
19:37:36, 0.33, 10, 353.53, 356.69, 359.42, 0.9980, -0.0285, -0.0565, -0.0067
19:37:36, 0.33, 10, 353.49, 356.62, 359.45, 0.9979, -0.0292, -0.0569, -0.0065
19:37:36, 0.37, 11, 353.46, 356.61, 359.42, 0.9979, -0.0293, -0.0571, -0.0067
19:37:36, 0.37, 11, 353.44, 356.54, 359.36, 0.9979, -0.0298, -0.0573, -0.0073
19:37:36, 0.40, 12, 353.44, 356.53, 359.39, 0.9979, -0.0299, -0.0574, -0.0071
19:37:36, 0.40, 12, 353.43, 356.44, 359.39, 0.9979, -0.0307, -0.0575, -0.0071
19:37:36, 0.40, 12, 353.40, 356.41, 359.38, 0.9978, -0.0310, -0.0577, -0.0072
19:37:36, 0.43, 13, 353.40, 356.43, 359.36, 0.9978, -0.0308, -0.0577, -0.0074
19:37:36, 0.43, 13, 353.42, 356.43, 359.34, 0.9978, -0.0307, -0.0575, -0.0076
19:37:36, 0.47, 14, 353.41, 356.44, 359.34, 0.9978, -0.0307, -0.0576, -0.0075
19:37:36, 0.47, 14, 353.41, 356.46, 359.35, 0.9978, -0.0305, -0.0576, -0.0075
19:37:36, 0.50, 15, 353.44, 356.44, 359.33, 0.9979, -0.0307, -0.0574, -0.0076
19:37:36, 0.50, 15, 353.47, 356.37, 359.29, 0.9978, -0.0313, -0.0572, -0.0080
19:37:36, 0.50, 15, 353.50, 356.36, 359.25, 0.9979, -0.0313, -0.0569, -0.0084
19:37:36, 0.53, 16, 353.53, 356.35, 359.24, 0.9979, -0.0314, -0.0566, -0.0084
19:37:36, 0.53, 16, 353.55, 356.35, 359.22, 0.9979, -0.0314, -0.0564, -0.0086
19:37:36, 0.57, 17, 353.59, 356.34, 359.21, 0.9979, -0.0315, -0.0561, -0.0087
19:37:37, 0.57, 17, 353.64, 356.35, 359.19, 0.9979, -0.0314, -0.0557, -0.0089
19:37:37, 0.57, 17, 353.66, 356.37, 359.18, 0.9979, -0.0312, -0.0555, -0.0089
19:37:37, 0.60, 18, 353.70, 356.36, 359.17, 0.9979, -0.0313, -0.0551, -0.0090
19:37:37, 0.60, 18, 353.71, 356.35, 359.17, 0.9979, -0.0314, -0.0551, -0.0090
19:37:37, 0.63, 19, 353.72, 356.34, 359.17, 0.9979, -0.0315, -0.0550, -0.0089
19:37:37, 0.63, 19, 353.74, 356.33, 359.16, 0.9980, -0.0316, -0.0548, -0.0090
19:37:37, 0.67, 20, 353.75, 356.32, 359.15, 0.9980, -0.0316, -0.0548, -0.0092
19:37:37, 0.67, 20, 353.75, 356.27, 359.16, 0.9979, -0.0321, -0.0547, -0.0091
19:37:37, 0.67, 20, 353.76, 356.29, 359.16, 0.9980, -0.0320, -0.0546, -0.0090
19:37:37, 0.70, 21, 353.78, 356.28, 359.15, 0.9980, -0.0320, -0.0544, -0.0092
19:37:37, 0.70, 21, 353.80, 356.26, 359.15, 0.9980, -0.0322, -0.0543, -0.0092
19:37:37, 0.73, 22, 353.81, 356.25, 359.16, 0.9980, -0.0323, -0.0542, -0.0090
19:37:37, 0.73, 22, 353.82, 356.25, 359.16, 0.9980, -0.0323, -0.0541, -0.0091
19:37:37, 0.73, 22, 353.84, 356.24, 359.16, 0.9980, -0.0324, -0.0539, -0.0091
19:37:37, 0.77, 23, 353.84, 356.23, 359.18, 0.9980, -0.0324, -0.0540, -0.0089
19:37:37, 0.77, 23, 353.85, 356.23, 359.19, 0.9980, -0.0325, -0.0538, -0.0088
19:37:37, 0.80, 24, 353.87, 356.23, 359.19, 0.9980, -0.0325, -0.0537, -0.0088
19:37:37, 0.80, 24, 353.87, 356.22, 359.19, 0.9980, -0.0326, -0.0536, -0.0088
19:37:37, 0.83, 25, 353.89, 356.18, 359.21, 0.9980, -0.0329, -0.0535, -0.0086
19:37:37, 0.83, 25, 353.88, 356.19, 359.22, 0.9980, -0.0329, -0.0536, -0.0085
19:37:37, 0.83, 25, 353.88, 356.18, 359.21, 0.9980, -0.0329, -0.0536, -0.0087
19:37:37, 0.87, 26, 353.89, 356.14, 359.12, 0.9980, -0.0332, -0.0535, -0.0094
19:37:37, 0.87, 26, 353.92, 356.09, 359.06, 0.9980, -0.0336, -0.0533, -0.0100
19:37:37, 0.90, 27, 353.94, 356.07, 359.07, 0.9980, -0.0338, -0.0531, -0.0099
19:37:37, 0.90, 27, 353.96, 356.02, 359.10, 0.9980, -0.0342, -0.0529, -0.0096
19:37:37, 0.90, 27, 353.96, 356.03, 359.13, 0.9980, -0.0342, -0.0529, -0.0094
19:37:37, 0.93, 28, 353.98, 356.04, 359.15, 0.9980, -0.0341, -0.0527, -0.0092
19:37:37, 0.93, 28, 354.01, 356.05, 359.13, 0.9980, -0.0340, -0.0525, -0.0093
19:37:37, 0.97, 29, 354.01, 356.04, 359.13, 0.9980, -0.0341, -0.0525, -0.0094
19:37:37, 0.97, 29, 354.01, 356.05, 359.12, 0.9980, -0.0341, -0.0525, -0.0094
19:37:37, 1.00, 30, 354.00, 356.05, 359.11, 0.9980, -0.0340, -0.0526, -0.0096
19:37:37, 1.00, 30, 354.00, 356.03, 359.11, 0.9980, -0.0342, -0.0525, -0.0096
19:37:37, 1.00, 30, 354.00, 356.02, 359.10, 0.9980, -0.0343, -0.0526, -0.0097
19:37:37, 1.03, 31, 354.00, 356.01, 359.10, 0.9980, -0.0344, -0.0526, -0.0097
19:37:37, 1.03, 31, 354.01, 355.99, 359.08, 0.9980, -0.0345, -0.0525, -0.0099
19:37:37, 1.07, 32, 354.00, 355.99, 359.10, 0.9980, -0.0346, -0.0526, -0.0097
19:37:37, 1.07, 32, 354.00, 355.99, 359.12, 0.9980, -0.0345, -0.0526, -0.0095
19:37:37, 1.10, 33, 353.97, 355.97, 359.14, 0.9980, -0.0347, -0.0528, -0.0093
19:37:37, 1.10, 33, 353.96, 355.96, 359.11, 0.9979, -0.0347, -0.0529, -0.0096
19:37:37, 1.10, 33, 353.95, 355.95, 359.11, 0.9979, -0.0349, -0.0530, -0.0097
19:37:37, 1.13, 34, 353.97, 355.96, 359.10, 0.9979, -0.0348, -0.0529, -0.0097
19:37:37, 1.13, 34, 353.96, 355.96, 359.11, 0.9979, -0.0348, -0.0529, -0.0096
19:37:37, 1.17, 35, 353.95, 355.97, 359.13, 0.9979, -0.0347, -0.0530, -0.0094
19:37:37, 1.17, 35, 353.95, 355.98, 359.15, 0.9979, -0.0346, -0.0530, -0.0093
19:37:37, 1.17, 35, 353.95, 356.00, 359.17, 0.9980, -0.0344, -0.0530, -0.0091
19:37:37, 1.20, 36, 353.93, 356.04, 359.21, 0.9980, -0.0341, -0.0532, -0.0087
19:37:37, 1.20, 36, 353.90, 356.08, 359.25, 0.9980, -0.0338, -0.0534, -0.0084
19:37:37, 1.23, 37, 353.87, 356.09, 359.27, 0.9980, -0.0337, -0.0536, -0.0081
19:37:37, 1.23, 37, 353.85, 356.09, 359.27, 0.9979, -0.0337, -0.0538, -0.0082
19:37:37, 1.27, 38, 353.85, 356.07, 359.26, 0.9979, -0.0339, -0.0539, -0.0083
19:37:37, 1.27, 38, 353.83, 356.08, 359.23, 0.9979, -0.0338, -0.0541, -0.0085
19:37:37, 1.27, 38, 353.82, 356.08, 359.23, 0.9979, -0.0337, -0.0541, -0.0086
19:37:37, 1.30, 39, 353.80, 356.12, 359.22, 0.9979, -0.0335, -0.0542, -0.0087
19:37:37, 1.30, 39, 353.80, 356.14, 359.22, 0.9979, -0.0333, -0.0543, -0.0086
19:37:37, 1.33, 40, 353.79, 356.16, 359.22, 0.9979, -0.0331, -0.0544, -0.0086
19:37:37, 1.33, 40, 353.76, 356.17, 359.25, 0.9979, -0.0330, -0.0546, -0.0084
19:37:37, 1.33, 40, 353.77, 356.23, 359.24, 0.9979, -0.0325, -0.0546, -0.0084
19:37:37, 1.37, 41, 353.78, 356.25, 359.26, 0.9980, -0.0323, -0.0544, -0.0082
19:37:37, 1.37, 41, 353.80, 356.29, 359.25, 0.9980, -0.0320, -0.0543, -0.0083
19:37:37, 1.40, 42, 353.80, 356.30, 359.23, 0.9980, -0.0319, -0.0543, -0.0085
19:37:37, 1.40, 42, 353.82, 356.31, 359.21, 0.9980, -0.0318, -0.0541, -0.0086
19:37:37, 1.43, 43, 353.84, 356.32, 359.16, 0.9980, -0.0316, -0.0539, -0.0090
19:37:37, 1.43, 43, 353.86, 356.36, 359.14, 0.9980, -0.0313, -0.0537, -0.0092
19:37:37, 1.43, 43, 353.87, 356.39, 359.11, 0.9980, -0.0311, -0.0537, -0.0094
19:37:37, 1.47, 44, 353.90, 356.41, 359.11, 0.9980, -0.0309, -0.0534, -0.0094
19:37:37, 1.47, 44, 353.90, 356.45, 359.11, 0.9981, -0.0305, -0.0534, -0.0094
19:37:37, 1.50, 45, 353.91, 356.48, 359.13, 0.9981, -0.0303, -0.0533, -0.0092
19:37:37, 1.50, 45, 353.91, 356.51, 359.13, 0.9981, -0.0300, -0.0534, -0.0092
19:37:37, 1.50, 45, 353.93, 356.48, 359.13, 0.9981, -0.0302, -0.0532, -0.0092
19:37:37, 1.53, 46, 353.93, 356.49, 359.16, 0.9981, -0.0302, -0.0531, -0.0089
19:37:37, 1.53, 46, 353.93, 356.47, 359.18, 0.9981, -0.0304, -0.0531, -0.0087
19:37:37, 1.57, 47, 353.93, 356.47, 359.19, 0.9981, -0.0304, -0.0531, -0.0087
19:37:38, 1.57, 47, 353.92, 356.50, 359.19, 0.9981, -0.0301, -0.0532, -0.0087
19:37:38, 1.60, 48, 353.92, 356.49, 359.17, 0.9981, -0.0302, -0.0532, -0.0089
19:37:38, 1.60, 48, 353.92, 356.48, 359.06, 0.9981, -0.0302, -0.0532, -0.0098
19:37:38, 1.60, 48, 353.92, 356.52, 359.09, 0.9981, -0.0299, -0.0532, -0.0096
19:37:38, 1.63, 49, 353.92, 356.52, 359.10, 0.9981, -0.0299, -0.0533, -0.0095
19:37:38, 1.63, 49, 353.91, 356.54, 359.11, 0.9981, -0.0297, -0.0534, -0.0094
19:37:38, 1.67, 50, 353.89, 356.57, 359.12, 0.9981, -0.0295, -0.0535, -0.0093
19:37:38, 1.67, 50, 353.90, 356.57, 359.13, 0.9981, -0.0295, -0.0534, -0.0092
19:37:38, 1.67, 50, 353.90, 356.56, 359.11, 0.9981, -0.0296, -0.0534, -0.0093
19:37:38, 1.70, 51, 353.91, 356.54, 359.11, 0.9981, -0.0297, -0.0533, -0.0094
19:37:38, 1.70, 51, 353.92, 356.55, 359.08, 0.9981, -0.0296, -0.0532, -0.0096
19:37:38, 1.73, 52, 353.93, 356.55, 359.08, 0.9981, -0.0296, -0.0532, -0.0096
19:37:38, 1.73, 52, 353.93, 356.58, 359.08, 0.9981, -0.0294, -0.0532, -0.0096
19:37:38, 1.77, 53, 353.93, 356.60, 359.09, 0.9981, -0.0292, -0.0532, -0.0095
19:37:38, 1.77, 53, 353.93, 356.61, 359.08, 0.9981, -0.0291, -0.0532, -0.0096
19:37:38, 1.77, 53, 353.93, 356.63, 359.09, 0.9981, -0.0290, -0.0532, -0.0095
19:37:38, 1.80, 54, 353.92, 356.63, 359.10, 0.9981, -0.0290, -0.0532, -0.0094
19:37:38, 1.80, 54, 353.92, 356.62, 359.11, 0.9981, -0.0290, -0.0532, -0.0093
19:37:38, 1.83, 55, 353.92, 356.61, 359.08, 0.9981, -0.0291, -0.0532, -0.0096
19:37:38, 1.83, 55, 353.93, 356.59, 359.08, 0.9981, -0.0293, -0.0531, -0.0096
19:37:38, 1.83, 55, 353.94, 356.55, 359.10, 0.9981, -0.0296, -0.0531, -0.0095
19:37:38, 1.87, 56, 353.95, 356.54, 359.11, 0.9981, -0.0297, -0.0530, -0.0093
19:37:38, 1.87, 56, 353.94, 356.54, 359.14, 0.9981, -0.0298, -0.0531, -0.0091
19:37:38, 1.90, 57, 353.94, 356.53, 359.14, 0.9981, -0.0298, -0.0531, -0.0091
19:37:38, 1.90, 57, 353.93, 356.55, 359.13, 0.9981, -0.0297, -0.0531, -0.0091
19:37:38, 1.93, 58, 353.93, 356.54, 359.14, 0.9981, -0.0297, -0.0531, -0.0091
19:37:38, 1.93, 58, 353.93, 356.55, 359.15, 0.9981, -0.0296, -0.0532, -0.0090
19:37:38, 1.93, 58, 353.92, 356.54, 359.17, 0.9981, -0.0297, -0.0532, -0.0089
19:37:38, 1.97, 59, 353.91, 356.55, 359.17, 0.9981, -0.0297, -0.0533, -0.0088
19:37:38, 1.97, 59, 353.91, 356.55, 359.18, 0.9981, -0.0297, -0.0533, -0.0087
19:37:38, 2.00, 60, 353.91, 356.53, 359.19, 0.9981, -0.0299, -0.0533, -0.0087
19:37:38, 2.00, 60, 353.91, 356.51, 359.19, 0.9981, -0.0300, -0.0533, -0.0087
19:37:38, 2.00, 60, 353.91, 356.50, 359.22, 0.9981, -0.0301, -0.0533, -0.0084
19:37:38, 2.03, 61, 353.90, 356.47, 359.23, 0.9981, -0.0304, -0.0534, -0.0084
19:37:38, 2.03, 61, 353.90, 356.49, 359.25, 0.9981, -0.0302, -0.0534, -0.0082
19:37:38, 2.07, 62, 353.90, 356.49, 359.27, 0.9981, -0.0303, -0.0534, -0.0080
19:37:38, 2.07, 62, 353.88, 356.49, 359.28, 0.9981, -0.0302, -0.0535, -0.0079
19:37:38, 2.10, 63, 353.88, 356.47, 359.31, 0.9981, -0.0304, -0.0535, -0.0077
19:37:38, 2.10, 63, 353.88, 356.47, 359.32, 0.9981, -0.0305, -0.0535, -0.0076
19:37:38, 2.10, 63, 353.87, 356.45, 359.32, 0.9981, -0.0306, -0.0536, -0.0076
19:37:38, 2.13, 64, 353.85, 356.44, 359.36, 0.9981, -0.0307, -0.0538, -0.0073
19:37:38, 2.13, 64, 353.83, 356.42, 359.39, 0.9980, -0.0309, -0.0539, -0.0070
19:37:38, 2.17, 65, 353.80, 356.45, 359.41, 0.9980, -0.0307, -0.0542, -0.0068
19:37:38, 2.17, 65, 353.80, 356.42, 359.42, 0.9980, -0.0309, -0.0542, -0.0067
19:37:38, 2.17, 65, 353.77, 356.40, 359.44, 0.9980, -0.0311, -0.0545, -0.0066
19:37:38, 2.20, 66, 353.77, 356.39, 359.48, 0.9980, -0.0312, -0.0544, -0.0062
19:37:38, 2.20, 66, 353.76, 356.38, 359.53, 0.9980, -0.0313, -0.0545, -0.0058
19:37:38, 2.23, 67, 353.75, 356.36, 359.55, 0.9980, -0.0315, -0.0546, -0.0057
19:37:38, 2.23, 67, 353.75, 356.36, 359.56, 0.9980, -0.0315, -0.0547, -0.0056
19:37:38, 2.27, 68, 353.76, 356.31, 359.55, 0.9980, -0.0319, -0.0546, -0.0057
19:37:38, 2.27, 68, 353.77, 356.28, 359.50, 0.9980, -0.0322, -0.0544, -0.0061
19:37:38, 2.27, 68, 353.78, 356.29, 359.51, 0.9980, -0.0321, -0.0543, -0.0060
19:37:38, 2.30, 69, 353.80, 356.23, 359.53, 0.9980, -0.0326, -0.0542, -0.0059
19:37:38, 2.30, 69, 353.79, 356.22, 359.54, 0.9980, -0.0327, -0.0542, -0.0058
19:37:38, 2.33, 70, 353.81, 356.21, 359.54, 0.9980, -0.0328, -0.0541, -0.0058
19:37:38, 2.33, 70, 353.81, 356.21, 359.53, 0.9980, -0.0328, -0.0541, -0.0059
19:37:38, 2.37, 71, 353.81, 356.19, 359.52, 0.9980, -0.0330, -0.0541, -0.0059
19:37:38, 2.37, 71, 353.82, 356.17, 359.51, 0.9980, -0.0332, -0.0540, -0.0061
19:37:38, 2.37, 71, 353.82, 356.15, 359.52, 0.9980, -0.0334, -0.0540, -0.0060
19:37:38, 2.40, 72, 353.81, 356.11, 359.50, 0.9979, -0.0336, -0.0541, -0.0062
19:37:38, 2.40, 72, 353.82, 356.09, 359.51, 0.9979, -0.0339, -0.0541, -0.0061
19:37:38, 2.43, 73, 353.84, 356.07, 359.49, 0.9979, -0.0340, -0.0539, -0.0063
19:37:38, 2.43, 73, 353.84, 356.03, 359.50, 0.9979, -0.0344, -0.0538, -0.0062
19:37:38, 2.43, 73, 353.82, 356.02, 359.53, 0.9979, -0.0345, -0.0540, -0.0060
19:37:38, 2.47, 74, 353.81, 355.97, 359.55, 0.9979, -0.0349, -0.0541, -0.0058
19:37:38, 2.47, 74, 353.82, 355.93, 359.53, 0.9979, -0.0353, -0.0540, -0.0060
19:37:38, 2.50, 75, 353.83, 355.87, 359.52, 0.9979, -0.0358, -0.0540, -0.0061
19:37:38, 2.50, 75, 353.83, 355.84, 359.51, 0.9979, -0.0360, -0.0540, -0.0062
19:37:38, 2.53, 76, 353.83, 355.83, 359.52, 0.9979, -0.0361, -0.0539, -0.0061
19:37:38, 2.53, 76, 353.83, 355.80, 359.54, 0.9979, -0.0364, -0.0539, -0.0060
19:37:38, 2.53, 76, 353.83, 355.79, 359.58, 0.9979, -0.0365, -0.0539, -0.0057
19:37:38, 2.57, 77, 353.83, 355.78, 359.55, 0.9979, -0.0366, -0.0539, -0.0059
19:37:39, 2.57, 77, 353.85, 355.80, 359.56, 0.9979, -0.0364, -0.0537, -0.0058
19:37:39, 2.60, 78, 353.85, 355.80, 359.56, 0.9979, -0.0364, -0.0537, -0.0058
19:37:39, 2.60, 78, 353.84, 355.80, 359.57, 0.9979, -0.0364, -0.0538, -0.0058
19:37:39, 2.60, 78, 353.84, 355.82, 359.57, 0.9979, -0.0362, -0.0538, -0.0057
19:37:39, 2.63, 79, 353.83, 355.83, 359.58, 0.9979, -0.0361, -0.0540, -0.0056
19:37:39, 2.63, 79, 353.82, 355.84, 359.56, 0.9979, -0.0360, -0.0540, -0.0058
19:37:39, 2.67, 80, 353.83, 355.84, 359.54, 0.9979, -0.0360, -0.0539, -0.0060
19:37:39, 2.67, 80, 353.84, 355.85, 359.52, 0.9979, -0.0359, -0.0538, -0.0061
19:37:39, 2.70, 81, 353.84, 355.88, 359.52, 0.9979, -0.0357, -0.0538, -0.0061
19:37:39, 2.70, 81, 353.85, 355.91, 359.52, 0.9979, -0.0354, -0.0538, -0.0061
19:37:39, 2.70, 81, 353.87, 355.94, 359.51, 0.9979, -0.0351, -0.0535, -0.0062
19:37:39, 2.73, 82, 353.90, 355.98, 359.51, 0.9980, -0.0348, -0.0533, -0.0062
19:37:39, 2.73, 82, 353.91, 356.01, 359.51, 0.9980, -0.0345, -0.0533, -0.0061
19:37:39, 2.77, 83, 353.93, 356.04, 359.49, 0.9980, -0.0343, -0.0531, -0.0063
19:37:39, 2.77, 83, 353.93, 356.11, 359.46, 0.9980, -0.0337, -0.0531, -0.0065
19:37:39, 2.77, 83, 353.96, 356.12, 359.42, 0.9980, -0.0335, -0.0528, -0.0068
19:37:39, 2.80, 84, 353.95, 356.13, 359.41, 0.9980, -0.0335, -0.0529, -0.0069
19:37:39, 2.80, 84, 353.93, 356.17, 359.42, 0.9980, -0.0331, -0.0531, -0.0068
19:37:39, 2.83, 85, 353.93, 356.18, 359.43, 0.9980, -0.0330, -0.0531, -0.0067
19:37:39, 2.83, 85, 353.92, 356.22, 359.45, 0.9980, -0.0327, -0.0532, -0.0065
19:37:39, 2.87, 86, 353.90, 356.22, 359.44, 0.9980, -0.0327, -0.0534, -0.0066
19:37:39, 2.87, 86, 353.90, 356.23, 359.46, 0.9980, -0.0326, -0.0533, -0.0064
19:37:39, 2.87, 86, 353.89, 356.21, 359.52, 0.9980, -0.0328, -0.0534, -0.0060
19:37:39, 2.90, 87, 353.88, 356.23, 359.54, 0.9980, -0.0326, -0.0535, -0.0057
19:37:39, 2.90, 87, 353.85, 356.21, 359.57, 0.9980, -0.0328, -0.0537, -0.0055
19:37:39, 2.93, 88, 353.85, 356.20, 359.54, 0.9980, -0.0329, -0.0537, -0.0058
19:37:39, 2.93, 88, 353.88, 356.17, 359.48, 0.9980, -0.0331, -0.0535, -0.0063
19:37:39, 2.93, 88, 353.89, 356.15, 359.45, 0.9980, -0.0333, -0.0534, -0.0066
19:37:39, 2.97, 89, 353.90, 356.14, 359.47, 0.9980, -0.0334, -0.0533, -0.0064
19:37:39, 2.97, 89, 353.91, 356.14, 359.50, 0.9980, -0.0334, -0.0532, -0.0061
19:37:39, 3.00, 90, 353.92, 356.16, 359.51, 0.9980, -0.0332, -0.0531, -0.0060
19:37:39, 3.00, 90, 353.95, 356.19, 359.50, 0.9980, -0.0330, -0.0529, -0.0061
19:37:39, 3.03, 91, 353.97, 356.24, 359.48, 0.9981, -0.0325, -0.0527, -0.0063
19:37:39, 3.03, 91, 353.98, 356.24, 359.48, 0.9981, -0.0325, -0.0527, -0.0063
19:37:39, 3.03, 91, 353.99, 356.24, 359.47, 0.9981, -0.0325, -0.0525, -0.0063
19:37:39, 3.07, 92, 353.98, 356.24, 359.47, 0.9981, -0.0325, -0.0527, -0.0064
19:37:39, 3.07, 92, 353.98, 356.24, 359.48, 0.9981, -0.0326, -0.0527, -0.0062
19:37:39, 3.10, 93, 353.97, 356.24, 359.48, 0.9981, -0.0326, -0.0527, -0.0063
19:37:39, 3.10, 93, 353.96, 356.23, 359.46, 0.9981, -0.0326, -0.0528, -0.0064
19:37:39, 3.10, 93, 353.97, 356.22, 359.45, 0.9981, -0.0327, -0.0528, -0.0066
19:37:39, 3.13, 94, 353.95, 356.23, 359.48, 0.9980, -0.0326, -0.0529, -0.0063
19:37:39, 3.13, 94, 353.94, 356.22, 359.50, 0.9980, -0.0327, -0.0530, -0.0061
19:37:39, 3.17, 95, 353.94, 356.21, 359.50, 0.9980, -0.0328, -0.0530, -0.0061
19:37:39, 3.17, 95, 353.94, 356.20, 359.46, 0.9980, -0.0329, -0.0530, -0.0065
19:37:39, 3.20, 96, 353.95, 356.18, 359.47, 0.9980, -0.0330, -0.0529, -0.0064
19:37:39, 3.20, 96, 353.94, 356.16, 359.50, 0.9980, -0.0332, -0.0529, -0.0061
19:37:39, 3.20, 96, 353.92, 356.15, 359.55, 0.9980, -0.0333, -0.0531, -0.0057
19:37:39, 3.23, 97, 353.93, 356.12, 359.56, 0.9980, -0.0336, -0.0530, -0.0056
19:37:39, 3.23, 97, 353.93, 356.13, 359.55, 0.9980, -0.0335, -0.0530, -0.0057
19:37:39, 3.27, 98, 353.93, 356.14, 359.54, 0.9980, -0.0334, -0.0530, -0.0058
19:37:39, 3.27, 98, 353.91, 356.14, 359.55, 0.9980, -0.0334, -0.0532, -0.0057
19:37:39, 3.27, 98, 353.90, 356.14, 359.54, 0.9980, -0.0334, -0.0533, -0.0058
19:37:39, 3.30, 99, 353.89, 356.14, 359.53, 0.9980, -0.0334, -0.0534, -0.0059
19:37:39, 3.30, 99, 353.89, 356.14, 359.53, 0.9980, -0.0334, -0.0534, -0.0059
19:37:39, 3.33, 100, 353.89, 356.14, 359.52, 0.9980, -0.0334, -0.0534, -0.0060
19:37:39, 3.33, 100, 353.88, 356.15, 359.50, 0.9980, -0.0333, -0.0535, -0.0062
19:37:39, 3.37, 101, 353.89, 356.15, 359.50, 0.9980, -0.0333, -0.0534, -0.0061
19:37:39, 3.37, 101, 353.91, 356.15, 359.50, 0.9980, -0.0333, -0.0533, -0.0061
19:37:39, 3.37, 101, 353.91, 356.15, 359.50, 0.9980, -0.0333, -0.0533, -0.0062
19:37:39, 3.40, 102, 353.92, 356.16, 359.50, 0.9980, -0.0332, -0.0532, -0.0062
19:37:39, 3.40, 102, 353.93, 356.16, 359.51, 0.9980, -0.0332, -0.0531, -0.0061
19:37:39, 3.43, 103, 353.93, 356.18, 359.51, 0.9980, -0.0331, -0.0530, -0.0061
19:37:39, 3.43, 103, 353.94, 356.19, 359.50, 0.9980, -0.0329, -0.0530, -0.0061
19:37:39, 3.43, 103, 353.93, 356.19, 359.50, 0.9980, -0.0330, -0.0530, -0.0061
19:37:39, 3.47, 104, 353.93, 356.18, 359.49, 0.9980, -0.0330, -0.0531, -0.0062
19:37:39, 3.47, 104, 353.93, 356.18, 359.48, 0.9980, -0.0330, -0.0531, -0.0063
19:37:39, 3.50, 105, 353.91, 356.19, 359.49, 0.9980, -0.0330, -0.0533, -0.0062
19:37:39, 3.50, 105, 353.90, 356.19, 359.50, 0.9980, -0.0330, -0.0533, -0.0062
19:37:39, 3.53, 106, 353.89, 356.19, 359.51, 0.9980, -0.0330, -0.0534, -0.0061
19:37:39, 3.53, 106, 353.89, 356.19, 359.52, 0.9980, -0.0330, -0.0534, -0.0059
19:37:39, 3.53, 106, 353.88, 356.18, 359.52, 0.9980, -0.0330, -0.0535, -0.0060
19:37:40, 3.57, 107, 353.88, 356.17, 359.52, 0.9980, -0.0331, -0.0535, -0.0060
19:37:40, 3.57, 107, 353.87, 356.16, 359.55, 0.9980, -0.0333, -0.0536, -0.0057
19:37:40, 3.60, 108, 353.86, 356.15, 359.57, 0.9980, -0.0333, -0.0537, -0.0056
19:37:40, 3.60, 108, 353.84, 356.18, 359.60, 0.9980, -0.0331, -0.0538, -0.0053
19:37:40, 3.60, 108, 353.84, 356.15, 359.57, 0.9980, -0.0334, -0.0538, -0.0055
19:37:40, 3.63, 109, 353.85, 356.13, 359.50, 0.9980, -0.0334, -0.0537, -0.0062
19:37:40, 3.63, 109, 353.89, 356.11, 359.45, 0.9980, -0.0336, -0.0534, -0.0066
19:37:40, 3.67, 110, 353.90, 356.10, 359.48, 0.9980, -0.0337, -0.0534, -0.0063
19:37:40, 3.67, 110, 353.89, 356.10, 359.50, 0.9980, -0.0337, -0.0534, -0.0062
19:37:40, 3.70, 111, 353.90, 356.12, 359.51, 0.9980, -0.0336, -0.0533, -0.0061
19:37:40, 3.70, 111, 353.92, 356.13, 359.50, 0.9980, -0.0335, -0.0532, -0.0062
19:37:40, 3.70, 111, 353.93, 356.15, 359.48, 0.9980, -0.0333, -0.0531, -0.0063
19:37:40, 3.73, 112, 353.93, 356.15, 359.48, 0.9980, -0.0333, -0.0531, -0.0063
19:37:40, 3.73, 112, 353.93, 356.15, 359.48, 0.9980, -0.0333, -0.0531, -0.0063
19:37:40, 3.77, 113, 353.91, 356.11, 359.48, 0.9980, -0.0336, -0.0532, -0.0063
19:37:40, 3.77, 113, 353.91, 356.10, 359.49, 0.9980, -0.0338, -0.0532, -0.0063
19:37:40, 3.77, 113, 353.91, 356.07, 359.50, 0.9980, -0.0340, -0.0532, -0.0062
19:37:40, 3.80, 114, 353.90, 356.05, 359.48, 0.9980, -0.0342, -0.0533, -0.0063
19:37:40, 3.80, 114, 353.89, 356.03, 359.47, 0.9980, -0.0343, -0.0534, -0.0064
19:37:40, 3.83, 115, 353.88, 356.01, 359.51, 0.9980, -0.0345, -0.0535, -0.0061
19:37:40, 3.83, 115, 353.88, 355.98, 359.57, 0.9979, -0.0348, -0.0535, -0.0056
19:37:40, 3.87, 116, 353.88, 355.94, 359.53, 0.9979, -0.0352, -0.0535, -0.0060
19:37:40, 3.87, 116, 353.88, 355.90, 359.51, 0.9979, -0.0355, -0.0535, -0.0062
19:37:40, 3.87, 116, 353.89, 355.84, 359.54, 0.9979, -0.0360, -0.0534, -0.0059
19:37:40, 3.90, 117, 353.89, 355.79, 359.56, 0.9979, -0.0365, -0.0534, -0.0058
19:37:40, 3.90, 117, 353.88, 355.76, 359.60, 0.9979, -0.0368, -0.0534, -0.0055
19:37:40, 3.93, 118, 353.90, 355.74, 359.60, 0.9979, -0.0369, -0.0533, -0.0055
19:37:40, 3.93, 118, 353.89, 355.71, 359.58, 0.9979, -0.0372, -0.0534, -0.0056
19:37:40, 3.93, 118, 353.89, 355.71, 359.59, 0.9979, -0.0372, -0.0534, -0.0056
19:37:40, 3.97, 119, 353.89, 355.68, 359.62, 0.9979, -0.0375, -0.0534, -0.0053
19:37:40, 3.97, 119, 353.89, 355.65, 359.62, 0.9978, -0.0377, -0.0534, -0.0054
19:37:40, 4.00, 120, 353.88, 355.60, 359.61, 0.9978, -0.0381, -0.0535, -0.0054
19:37:40, 4.00, 120, 353.89, 355.59, 359.61, 0.9978, -0.0382, -0.0534, -0.0055
19:37:40, 4.03, 121, 353.89, 355.57, 359.61, 0.9978, -0.0384, -0.0534, -0.0055
19:37:40, 4.03, 121, 353.89, 355.55, 359.61, 0.9978, -0.0385, -0.0534, -0.0055
19:37:40, 4.03, 121, 353.87, 355.57, 359.61, 0.9978, -0.0384, -0.0536, -0.0054
19:37:40, 4.07, 122, 353.88, 355.56, 359.62, 0.9978, -0.0385, -0.0535, -0.0054
19:37:40, 4.07, 122, 353.88, 355.57, 359.63, 0.9978, -0.0385, -0.0535, -0.0053
19:37:40, 4.10, 123, 353.88, 355.56, 359.63, 0.9978, -0.0385, -0.0535, -0.0053
19:37:40, 4.10, 123, 353.88, 355.56, 359.64, 0.9978, -0.0385, -0.0535, -0.0052
19:37:40, 4.10, 123, 353.89, 355.56, 359.64, 0.9978, -0.0386, -0.0534, -0.0052
19:37:40, 4.13, 124, 353.89, 355.56, 359.63, 0.9978, -0.0386, -0.0534, -0.0053
19:37:40, 4.13, 124, 353.89, 355.57, 359.63, 0.9978, -0.0384, -0.0534, -0.0052
19:37:40, 4.17, 125, 353.88, 355.58, 359.63, 0.9978, -0.0383, -0.0535, -0.0053
19:37:40, 4.17, 125, 353.88, 355.60, 359.64, 0.9978, -0.0381, -0.0535, -0.0052
19:37:40, 4.20, 126, 353.86, 355.62, 359.65, 0.9978, -0.0380, -0.0537, -0.0051
19:37:40, 4.20, 126, 353.85, 355.63, 359.66, 0.9978, -0.0379, -0.0537, -0.0050
19:37:40, 4.20, 126, 353.85, 355.65, 359.66, 0.9978, -0.0378, -0.0537, -0.0050
19:37:40, 4.23, 127, 353.85, 355.64, 359.65, 0.9978, -0.0378, -0.0537, -0.0051
19:37:40, 4.23, 127, 353.86, 355.64, 359.65, 0.9978, -0.0378, -0.0537, -0.0051
19:37:40, 4.27, 128, 353.86, 355.66, 359.65, 0.9978, -0.0377, -0.0536, -0.0050
19:37:40, 4.27, 128, 353.86, 355.69, 359.67, 0.9978, -0.0374, -0.0537, -0.0049
19:37:40, 4.27, 128, 353.85, 355.73, 359.68, 0.9979, -0.0371, -0.0537, -0.0048
19:37:40, 4.30, 129, 353.85, 355.75, 359.69, 0.9979, -0.0369, -0.0537, -0.0047
19:37:40, 4.30, 129, 353.85, 355.76, 359.67, 0.9979, -0.0367, -0.0537, -0.0048
19:37:40, 4.33, 130, 353.84, 355.77, 359.71, 0.9979, -0.0367, -0.0538, -0.0045
19:37:40, 4.33, 130, 353.84, 355.79, 359.71, 0.9979, -0.0366, -0.0538, -0.0045
19:37:40, 4.37, 131, 353.81, 355.85, 359.72, 0.9979, -0.0360, -0.0540, -0.0044
19:37:40, 4.37, 131, 353.82, 355.87, 359.68, 0.9979, -0.0358, -0.0539, -0.0047
19:37:40, 4.37, 131, 353.84, 355.88, 359.59, 0.9979, -0.0357, -0.0538, -0.0055
19:37:40, 4.40, 132, 353.86, 355.94, 359.51, 0.9979, -0.0351, -0.0537, -0.0061
19:37:40, 4.40, 132, 353.88, 355.98, 359.50, 0.9979, -0.0348, -0.0535, -0.0062
19:37:40, 4.43, 133, 353.88, 356.00, 359.54, 0.9979, -0.0347, -0.0535, -0.0059
19:37:40, 4.43, 133, 353.88, 356.04, 359.56, 0.9980, -0.0343, -0.0535, -0.0057
19:37:40, 4.43, 133, 353.87, 356.07, 359.56, 0.9980, -0.0341, -0.0536, -0.0057
19:37:40, 4.47, 134, 353.87, 356.10, 359.56, 0.9980, -0.0337, -0.0536, -0.0056
19:37:40, 4.47, 134, 353.86, 356.13, 359.56, 0.9980, -0.0335, -0.0536, -0.0056
19:37:40, 4.50, 135, 353.87, 356.13, 359.57, 0.9980, -0.0335, -0.0536, -0.0055
19:37:40, 4.50, 135, 353.85, 356.15, 359.60, 0.9980, -0.0333, -0.0538, -0.0053
19:37:40, 4.53, 136, 353.84, 356.16, 359.61, 0.9980, -0.0333, -0.0538, -0.0052
19:37:40, 4.53, 136, 353.82, 356.17, 359.65, 0.9980, -0.0332, -0.0540, -0.0048
19:37:40, 4.53, 136, 353.79, 356.16, 359.66, 0.9980, -0.0333, -0.0543, -0.0048
19:37:41, 4.57, 137, 353.78, 356.18, 359.63, 0.9980, -0.0331, -0.0544, -0.0050
19:37:41, 4.57, 137, 353.74, 356.20, 359.65, 0.9980, -0.0329, -0.0547, -0.0049
19:37:41, 4.60, 138, 353.73, 356.23, 359.71, 0.9980, -0.0327, -0.0547, -0.0044
19:37:41, 4.60, 138, 353.72, 356.19, 359.71, 0.9979, -0.0330, -0.0548, -0.0044
19:37:41, 4.60, 138, 353.72, 356.19, 359.69, 0.9979, -0.0331, -0.0548, -0.0045
19:37:41, 4.63, 139, 353.73, 356.17, 359.68, 0.9979, -0.0332, -0.0548, -0.0046
19:37:41, 4.63, 139, 353.74, 356.16, 359.70, 0.9979, -0.0333, -0.0547, -0.0045
19:37:41, 4.67, 140, 353.74, 356.14, 359.72, 0.9979, -0.0335, -0.0547, -0.0042
19:37:41, 4.67, 140, 353.75, 356.14, 359.77, 0.9979, -0.0335, -0.0546, -0.0039
19:37:41, 4.70, 141, 353.74, 356.14, 359.77, 0.9979, -0.0335, -0.0546, -0.0038
19:37:41, 4.70, 141, 353.75, 356.15, 359.75, 0.9979, -0.0334, -0.0545, -0.0040
19:37:41, 4.70, 141, 353.76, 356.16, 359.75, 0.9979, -0.0333, -0.0545, -0.0040
19:37:41, 4.73, 142, 353.74, 356.16, 359.75, 0.9979, -0.0333, -0.0546, -0.0040
19:37:41, 4.73, 142, 353.74, 356.17, 359.74, 0.9979, -0.0333, -0.0546, -0.0040
19:37:41, 4.77, 143, 353.75, 356.15, 359.73, 0.9979, -0.0334, -0.0546, -0.0042
19:37:41, 4.77, 143, 353.76, 356.16, 359.71, 0.9979, -0.0334, -0.0545, -0.0044
19:37:41, 4.77, 143, 353.77, 356.16, 359.67, 0.9980, -0.0333, -0.0544, -0.0047
19:37:41, 4.80, 144, 353.78, 356.17, 359.65, 0.9980, -0.0332, -0.0543, -0.0048
19:37:41, 4.80, 144, 353.80, 356.21, 359.62, 0.9980, -0.0328, -0.0542, -0.0051
19:37:41, 4.83, 145, 353.82, 356.24, 359.62, 0.9980, -0.0326, -0.0540, -0.0051
19:37:41, 4.83, 145, 353.82, 356.23, 359.60, 0.9980, -0.0327, -0.0540, -0.0052
19:37:41, 4.87, 146, 353.84, 356.21, 359.60, 0.9980, -0.0329, -0.0539, -0.0053
19:37:41, 4.87, 146, 353.84, 356.19, 359.61, 0.9980, -0.0330, -0.0538, -0.0052
19:37:41, 4.87, 146, 353.84, 356.15, 359.63, 0.9980, -0.0334, -0.0538, -0.0051
19:37:41, 4.90, 147, 353.83, 356.09, 359.64, 0.9980, -0.0339, -0.0539, -0.0049
19:37:41, 4.90, 147, 353.83, 356.09, 359.65, 0.9980, -0.0339, -0.0539, -0.0049
19:37:41, 4.93, 148, 353.83, 356.07, 359.67, 0.9980, -0.0341, -0.0539, -0.0047
19:37:41, 4.93, 148, 353.81, 356.09, 359.67, 0.9980, -0.0339, -0.0540, -0.0047
19:37:41, 4.93, 148, 353.79, 356.12, 359.71, 0.9980, -0.0337, -0.0542, -0.0044
19:37:41, 4.97, 149, 353.77, 356.17, 359.75, 0.9980, -0.0333, -0.0544, -0.0040
19:37:41, 4.97, 149, 353.74, 356.17, 359.75, 0.9979, -0.0332, -0.0546, -0.0040
19:37:41, 5.00, 150, 353.73, 356.19, 359.76, 0.9979, -0.0331, -0.0547, -0.0039
19:37:41, 5.00, 150, 353.72, 356.18, 359.76, 0.9979, -0.0331, -0.0548, -0.0039
19:37:41, 5.03, 151, 353.73, 356.20, 359.76, 0.9979, -0.0329, -0.0547, -0.0039
19:37:41, 5.03, 151, 353.73, 356.20, 359.78, 0.9980, -0.0330, -0.0547, -0.0037
19:37:41, 5.03, 151, 353.74, 356.20, 359.78, 0.9980, -0.0330, -0.0547, -0.0037
19:37:41, 5.07, 152, 353.73, 356.21, 359.81, 0.9980, -0.0329, -0.0547, -0.0035
19:37:41, 5.07, 152, 353.74, 356.22, 359.81, 0.9980, -0.0328, -0.0546, -0.0034
19:37:41, 5.10, 153, 353.75, 356.23, 359.81, 0.9980, -0.0327, -0.0545, -0.0034
19:37:41, 5.10, 153, 353.75, 356.24, 359.83, 0.9980, -0.0327, -0.0546, -0.0033
19:37:41, 5.10, 153, 353.74, 356.27, 359.85, 0.9980, -0.0324, -0.0546, -0.0031
19:37:41, 5.13, 154, 353.72, 356.31, 359.85, 0.9980, -0.0321, -0.0548, -0.0030
19:37:41, 5.13, 154, 353.73, 356.31, 359.84, 0.9980, -0.0321, -0.0547, -0.0032
19:37:41, 5.17, 155, 353.76, 356.35, 359.75, 0.9980, -0.0317, -0.0544, -0.0039
19:37:41, 5.17, 155, 353.80, 356.38, 359.70, 0.9980, -0.0314, -0.0542, -0.0043
19:37:41, 5.20, 156, 353.82, 356.42, 359.73, 0.9981, -0.0311, -0.0540, -0.0041
19:37:41, 5.20, 156, 353.82, 356.44, 359.74, 0.9981, -0.0309, -0.0539, -0.0040
19:37:41, 5.20, 156, 353.84, 356.49, 359.72, 0.9981, -0.0305, -0.0538, -0.0041
19:37:41, 5.23, 157, 353.86, 356.56, 359.71, 0.9981, -0.0298, -0.0536, -0.0041
19:37:41, 5.23, 157, 353.86, 356.62, 359.66, 0.9981, -0.0293, -0.0536, -0.0045
19:37:41, 5.27, 158, 353.87, 356.68, 359.66, 0.9981, -0.0288, -0.0535, -0.0045
19:37:41, 5.27, 158, 353.90, 356.70, 359.63, 0.9982, -0.0285, -0.0533, -0.0048
19:37:41, 5.27, 158, 353.90, 356.73, 359.62, 0.9982, -0.0283, -0.0533, -0.0049
19:37:41, 5.30, 159, 353.89, 356.79, 359.59, 0.9982, -0.0278, -0.0533, -0.0051
19:37:41, 5.30, 159, 353.90, 356.84, 359.58, 0.9982, -0.0273, -0.0533, -0.0051
19:37:41, 5.33, 160, 353.93, 356.89, 359.54, 0.9982, -0.0269, -0.0531, -0.0055
19:37:41, 5.33, 160, 353.92, 356.94, 359.51, 0.9982, -0.0265, -0.0531, -0.0057
19:37:41, 5.37, 161, 353.93, 357.00, 359.52, 0.9982, -0.0259, -0.0530, -0.0056
19:37:41, 5.37, 161, 353.92, 357.04, 359.55, 0.9982, -0.0256, -0.0531, -0.0053
19:37:41, 5.37, 161, 353.93, 357.07, 359.52, 0.9983, -0.0253, -0.0531, -0.0056
19:37:41, 5.40, 162, 353.95, 357.07, 359.46, 0.9983, -0.0253, -0.0529, -0.0060
19:37:41, 5.40, 162, 353.97, 357.08, 359.43, 0.9983, -0.0252, -0.0527, -0.0063
19:37:41, 5.43, 163, 353.99, 357.08, 359.46, 0.9983, -0.0252, -0.0526, -0.0060
19:37:41, 5.43, 163, 353.99, 357.09, 359.48, 0.9983, -0.0251, -0.0525, -0.0059
19:37:41, 5.43, 163, 353.99, 357.12, 359.48, 0.9983, -0.0249, -0.0525, -0.0059
19:37:41, 5.47, 164, 354.02, 357.13, 359.47, 0.9983, -0.0247, -0.0523, -0.0059
19:37:41, 5.47, 164, 354.02, 357.13, 359.47, 0.9983, -0.0248, -0.0523, -0.0059
19:37:41, 5.50, 165, 354.02, 357.14, 359.45, 0.9983, -0.0247, -0.0523, -0.0061
19:37:41, 5.50, 165, 354.02, 357.14, 359.44, 0.9983, -0.0247, -0.0523, -0.0062
19:37:41, 5.53, 166, 354.02, 357.12, 359.42, 0.9983, -0.0248, -0.0523, -0.0064
19:37:41, 5.53, 166, 354.02, 357.10, 359.42, 0.9983, -0.0250, -0.0523, -0.0063
19:37:41, 5.53, 166, 354.02, 357.10, 359.43, 0.9983, -0.0250, -0.0523, -0.0063
19:37:42, 5.57, 167, 354.01, 357.08, 359.44, 0.9983, -0.0252, -0.0523, -0.0062
19:37:42, 5.57, 167, 354.01, 357.08, 359.45, 0.9983, -0.0252, -0.0523, -0.0062
19:37:42, 5.60, 168, 354.02, 357.07, 359.45, 0.9983, -0.0253, -0.0523, -0.0061
19:37:42, 5.60, 168, 354.02, 357.06, 359.45, 0.9983, -0.0254, -0.0523, -0.0061
19:37:42, 5.60, 168, 354.02, 357.06, 359.47, 0.9983, -0.0254, -0.0523, -0.0060
19:37:42, 5.63, 169, 354.03, 357.05, 359.47, 0.9983, -0.0255, -0.0522, -0.0059
19:37:42, 5.63, 169, 354.03, 357.03, 359.49, 0.9983, -0.0256, -0.0522, -0.0058
19:37:42, 5.67, 170, 354.01, 357.03, 359.50, 0.9983, -0.0256, -0.0523, -0.0057
19:37:42, 5.67, 170, 354.01, 357.03, 359.52, 0.9983, -0.0257, -0.0524, -0.0056
19:37:42, 5.70, 171, 353.99, 357.03, 359.53, 0.9983, -0.0256, -0.0525, -0.0054
19:37:42, 5.70, 171, 353.97, 357.02, 359.54, 0.9983, -0.0258, -0.0527, -0.0054
19:37:42, 5.70, 171, 353.94, 357.01, 359.54, 0.9982, -0.0258, -0.0529, -0.0054
19:37:42, 5.73, 172, 353.93, 356.98, 359.56, 0.9982, -0.0261, -0.0530, -0.0053
19:37:42, 5.73, 172, 353.94, 356.97, 359.55, 0.9982, -0.0262, -0.0529, -0.0053
19:37:42, 5.77, 173, 353.90, 356.97, 359.56, 0.9982, -0.0262, -0.0533, -0.0053
19:37:42, 5.77, 173, 353.92, 356.97, 359.58, 0.9982, -0.0262, -0.0531, -0.0050
19:37:42, 5.77, 173, 353.90, 356.97, 359.61, 0.9982, -0.0262, -0.0532, -0.0048
19:37:42, 5.80, 174, 353.91, 356.97, 359.64, 0.9982, -0.0263, -0.0532, -0.0046
19:37:42, 5.80, 174, 353.92, 356.96, 359.64, 0.9982, -0.0263, -0.0531, -0.0045
19:37:42, 5.83, 175, 353.91, 356.95, 359.63, 0.9982, -0.0264, -0.0532, -0.0046
19:37:42, 5.83, 175, 353.90, 356.96, 359.65, 0.9982, -0.0263, -0.0532, -0.0044
19:37:42, 5.87, 176, 353.88, 356.95, 359.72, 0.9982, -0.0264, -0.0534, -0.0039
19:37:42, 5.87, 176, 353.87, 356.97, 359.73, 0.9982, -0.0263, -0.0535, -0.0038
19:37:42, 5.87, 176, 353.83, 357.00, 359.76, 0.9982, -0.0260, -0.0538, -0.0035
19:37:42, 5.90, 177, 353.83, 357.01, 359.73, 0.9982, -0.0260, -0.0539, -0.0038
19:37:42, 5.90, 177, 353.84, 356.99, 359.69, 0.9982, -0.0261, -0.0538, -0.0041
19:37:42, 5.93, 178, 353.84, 356.99, 359.61, 0.9982, -0.0260, -0.0538, -0.0048
19:37:42, 5.93, 178, 353.86, 357.02, 359.62, 0.9982, -0.0258, -0.0537, -0.0047
19:37:42, 5.93, 178, 353.85, 357.06, 359.65, 0.9982, -0.0254, -0.0537, -0.0044
19:37:42, 5.97, 179, 353.85, 357.10, 359.67, 0.9982, -0.0251, -0.0537, -0.0042
19:37:42, 5.97, 179, 353.85, 357.13, 359.64, 0.9982, -0.0248, -0.0537, -0.0044
19:37:42, 6.00, 180, 353.86, 357.14, 359.65, 0.9982, -0.0247, -0.0536, -0.0044
19:37:42, 6.00, 180, 353.86, 357.17, 359.65, 0.9983, -0.0245, -0.0536, -0.0044
19:37:42, 6.03, 181, 353.85, 357.18, 359.66, 0.9983, -0.0244, -0.0537, -0.0043
19:37:42, 6.03, 181, 353.86, 357.19, 359.66, 0.9983, -0.0243, -0.0536, -0.0043
19:37:42, 6.03, 181, 353.85, 357.20, 359.66, 0.9983, -0.0242, -0.0537, -0.0043
19:37:42, 6.07, 182, 353.85, 357.23, 359.67, 0.9983, -0.0240, -0.0537, -0.0042
19:37:42, 6.07, 182, 353.85, 357.26, 359.65, 0.9983, -0.0237, -0.0537, -0.0044
19:37:42, 6.10, 183, 353.85, 357.26, 359.63, 0.9983, -0.0237, -0.0537, -0.0045
19:37:42, 6.10, 183, 353.84, 357.29, 359.66, 0.9983, -0.0234, -0.0538, -0.0043
19:37:42, 6.10, 183, 353.83, 357.29, 359.67, 0.9983, -0.0234, -0.0539, -0.0042
19:37:42, 6.13, 184, 353.83, 357.30, 359.64, 0.9983, -0.0234, -0.0538, -0.0044
19:37:42, 6.13, 184, 353.84, 357.29, 359.62, 0.9983, -0.0234, -0.0538, -0.0046
19:37:42, 6.17, 185, 353.85, 357.27, 359.61, 0.9983, -0.0236, -0.0537, -0.0047
19:37:42, 6.17, 185, 353.87, 357.26, 359.60, 0.9983, -0.0237, -0.0536, -0.0047
19:37:42, 6.20, 186, 353.88, 357.28, 359.61, 0.9983, -0.0235, -0.0535, -0.0047
19:37:42, 6.20, 186, 353.89, 357.30, 359.61, 0.9983, -0.0234, -0.0534, -0.0047
19:37:42, 6.20, 186, 353.90, 357.32, 359.59, 0.9983, -0.0232, -0.0533, -0.0048
19:37:42, 6.23, 187, 353.91, 357.34, 359.60, 0.9983, -0.0230, -0.0532, -0.0047
19:37:42, 6.23, 187, 353.91, 357.37, 359.61, 0.9983, -0.0227, -0.0532, -0.0046
19:37:42, 6.27, 188, 353.91, 357.38, 359.61, 0.9983, -0.0227, -0.0532, -0.0046
19:37:42, 6.27, 188, 353.90, 357.36, 359.61, 0.9983, -0.0228, -0.0532, -0.0046
19:37:42, 6.27, 188, 353.90, 357.35, 359.61, 0.9983, -0.0229, -0.0533, -0.0046
19:37:42, 6.30, 189, 353.91, 357.34, 359.59, 0.9983, -0.0230, -0.0532, -0.0048
19:37:42, 6.30, 189, 353.91, 357.34, 359.58, 0.9983, -0.0230, -0.0532, -0.0049
19:37:42, 6.33, 190, 353.91, 357.33, 359.57, 0.9983, -0.0231, -0.0532, -0.0049
19:37:42, 6.33, 190, 353.91, 357.34, 359.57, 0.9983, -0.0229, -0.0532, -0.0050
19:37:42, 6.37, 191, 353.91, 357.35, 359.59, 0.9983, -0.0229, -0.0532, -0.0048
19:37:42, 6.37, 191, 353.90, 357.37, 359.62, 0.9983, -0.0228, -0.0533, -0.0046
19:37:42, 6.37, 191, 353.89, 357.37, 359.65, 0.9983, -0.0227, -0.0534, -0.0043
19:37:42, 6.40, 192, 353.88, 357.38, 359.66, 0.9983, -0.0227, -0.0534, -0.0042
19:37:42, 6.40, 192, 353.87, 357.40, 359.68, 0.9983, -0.0225, -0.0535, -0.0040
19:37:42, 6.43, 193, 353.86, 357.41, 359.66, 0.9983, -0.0224, -0.0536, -0.0042
19:37:42, 6.43, 193, 353.84, 357.42, 359.66, 0.9983, -0.0223, -0.0538, -0.0042
19:37:42, 6.43, 193, 353.83, 357.43, 359.66, 0.9983, -0.0222, -0.0538, -0.0042
19:37:42, 6.47, 194, 353.83, 357.43, 359.68, 0.9983, -0.0222, -0.0539, -0.0040
19:37:42, 6.47, 194, 353.81, 357.45, 359.70, 0.9983, -0.0221, -0.0540, -0.0038
19:37:42, 6.50, 195, 353.81, 357.45, 359.72, 0.9983, -0.0221, -0.0540, -0.0036
19:37:42, 6.50, 195, 353.81, 357.47, 359.72, 0.9983, -0.0219, -0.0540, -0.0036
19:37:42, 6.53, 196, 353.81, 357.47, 359.73, 0.9983, -0.0219, -0.0540, -0.0035
19:37:42, 6.53, 196, 353.80, 357.45, 359.76, 0.9983, -0.0221, -0.0541, -0.0033
19:37:42, 6.53, 196, 353.79, 357.44, 359.79, 0.9983, -0.0222, -0.0542, -0.0030
19:37:43, 6.57, 197, 353.77, 357.46, 359.80, 0.9983, -0.0221, -0.0544, -0.0029
19:37:43, 6.57, 197, 353.76, 357.46, 359.80, 0.9983, -0.0220, -0.0545, -0.0029
19:37:43, 6.60, 198, 353.76, 357.46, 359.78, 0.9983, -0.0220, -0.0545, -0.0031
19:37:43, 6.60, 198, 353.76, 357.46, 359.73, 0.9983, -0.0220, -0.0544, -0.0036
19:37:43, 6.60, 198, 353.77, 357.45, 359.71, 0.9983, -0.0220, -0.0543, -0.0038
19:37:43, 6.63, 199, 353.78, 357.44, 359.72, 0.9983, -0.0222, -0.0543, -0.0036
19:37:43, 6.63, 199, 353.78, 357.44, 359.75, 0.9983, -0.0222, -0.0543, -0.0034
19:37:43, 6.67, 200, 353.78, 357.46, 359.75, 0.9983, -0.0220, -0.0543, -0.0033
19:37:43, 6.67, 200, 353.78, 357.48, 359.75, 0.9983, -0.0218, -0.0543, -0.0034
19:37:43, 6.70, 201, 353.78, 357.50, 359.75, 0.9983, -0.0217, -0.0543, -0.0033
19:37:43, 6.70, 201, 353.78, 357.50, 359.75, 0.9983, -0.0217, -0.0543, -0.0033
19:37:43, 6.70, 201, 353.78, 357.49, 359.76, 0.9983, -0.0218, -0.0543, -0.0033
19:37:43, 6.73, 202, 353.77, 357.49, 359.75, 0.9983, -0.0218, -0.0544, -0.0033
19:37:43, 6.73, 202, 353.76, 357.48, 359.76, 0.9983, -0.0219, -0.0545, -0.0033
19:37:43, 6.77, 203, 353.74, 357.47, 359.75, 0.9983, -0.0220, -0.0546, -0.0034
19:37:43, 6.77, 203, 353.73, 357.46, 359.74, 0.9983, -0.0220, -0.0547, -0.0035
19:37:43, 6.77, 203, 353.72, 357.46, 359.74, 0.9982, -0.0220, -0.0548, -0.0035
19:37:43, 6.80, 204, 353.71, 357.46, 359.77, 0.9982, -0.0221, -0.0549, -0.0032
19:37:43, 6.80, 204, 353.69, 357.44, 359.78, 0.9982, -0.0222, -0.0551, -0.0031
19:37:43, 6.83, 205, 353.70, 357.43, 359.75, 0.9982, -0.0223, -0.0550, -0.0034
19:37:43, 6.83, 205, 353.72, 357.39, 359.70, 0.9982, -0.0226, -0.0548, -0.0039
19:37:43, 6.87, 206, 353.73, 357.37, 359.73, 0.9982, -0.0228, -0.0547, -0.0036
19:37:43, 6.87, 206, 353.75, 357.36, 359.74, 0.9982, -0.0228, -0.0546, -0.0036
19:37:43, 6.87, 206, 353.75, 357.35, 359.75, 0.9982, -0.0230, -0.0546, -0.0034
19:37:43, 6.90, 207, 353.77, 357.34, 359.75, 0.9982, -0.0230, -0.0544, -0.0034
19:37:43, 6.90, 207, 353.79, 357.35, 359.73, 0.9983, -0.0230, -0.0542, -0.0036
19:37:43, 6.93, 208, 353.82, 357.35, 359.71, 0.9983, -0.0230, -0.0539, -0.0037
19:37:43, 6.93, 208, 353.80, 357.36, 359.72, 0.9983, -0.0229, -0.0541, -0.0037
19:37:43, 6.93, 208, 353.81, 357.36, 359.72, 0.9983, -0.0229, -0.0541, -0.0037
19:37:43, 6.97, 209, 353.80, 357.37, 359.70, 0.9983, -0.0228, -0.0541, -0.0039
19:37:43, 6.97, 209, 353.80, 357.36, 359.69, 0.9983, -0.0229, -0.0541, -0.0039
19:37:43, 7.00, 210, 353.80, 357.37, 359.68, 0.9983, -0.0228, -0.0541, -0.0040
19:37:43, 7.00, 210, 353.80, 357.37, 359.67, 0.9983, -0.0227, -0.0541, -0.0041
19:37:43, 7.03, 211, 353.81, 357.37, 359.67, 0.9983, -0.0227, -0.0541, -0.0041
19:37:43, 7.03, 211, 353.81, 357.39, 359.67, 0.9983, -0.0226, -0.0541, -0.0041
19:37:43, 7.03, 211, 353.81, 357.41, 359.67, 0.9983, -0.0224, -0.0540, -0.0041
19:37:43, 7.07, 212, 353.83, 357.42, 359.68, 0.9983, -0.0224, -0.0539, -0.0040
19:37:43, 7.07, 212, 353.84, 357.44, 359.69, 0.9983, -0.0222, -0.0537, -0.0039
19:37:43, 7.10, 213, 353.84, 357.45, 359.70, 0.9983, -0.0220, -0.0538, -0.0038
19:37:43, 7.10, 213, 353.84, 357.47, 359.72, 0.9983, -0.0219, -0.0538, -0.0037
19:37:43, 7.10, 213, 353.84, 357.48, 359.71, 0.9983, -0.0218, -0.0537, -0.0037
19:37:43, 7.13, 214, 353.83, 357.49, 359.72, 0.9983, -0.0218, -0.0539, -0.0036
19:37:43, 7.13, 214, 353.82, 357.50, 359.73, 0.9983, -0.0217, -0.0539, -0.0035
19:37:43, 7.17, 215, 353.81, 357.51, 359.73, 0.9983, -0.0216, -0.0541, -0.0036
19:37:43, 7.17, 215, 353.79, 357.51, 359.74, 0.9983, -0.0215, -0.0542, -0.0035
19:37:43, 7.20, 216, 353.78, 357.51, 359.75, 0.9983, -0.0216, -0.0543, -0.0033
19:37:43, 7.20, 216, 353.76, 357.50, 359.78, 0.9983, -0.0217, -0.0544, -0.0031
19:37:43, 7.20, 216, 353.75, 357.51, 359.80, 0.9983, -0.0216, -0.0545, -0.0029
19:37:43, 7.23, 217, 353.75, 357.50, 359.81, 0.9983, -0.0217, -0.0546, -0.0029
19:37:43, 7.23, 217, 353.74, 357.50, 359.82, 0.9983, -0.0217, -0.0546, -0.0028
19:37:43, 7.27, 218, 353.73, 357.47, 359.86, 0.9983, -0.0220, -0.0547, -0.0025
19:37:43, 7.27, 218, 353.72, 357.49, 359.88, 0.9983, -0.0218, -0.0548, -0.0023
19:37:43, 7.27, 218, 353.71, 357.51, 359.91, 0.9983, -0.0217, -0.0549, -0.0019
19:37:43, 7.30, 219, 353.71, 357.49, 359.89, 0.9983, -0.0218, -0.0549, -0.0022
19:37:43, 7.30, 219, 353.73, 357.47, 359.82, 0.9983, -0.0220, -0.0547, -0.0028
19:37:43, 7.33, 220, 353.78, 357.46, 359.74, 0.9983, -0.0220, -0.0543, -0.0035
19:37:43, 7.33, 220, 353.78, 357.45, 359.77, 0.9983, -0.0221, -0.0543, -0.0032
19:37:43, 7.37, 221, 353.78, 357.46, 359.78, 0.9983, -0.0221, -0.0543, -0.0031
19:37:43, 7.37, 221, 353.80, 357.47, 359.81, 0.9983, -0.0220, -0.0541, -0.0029
19:37:43, 7.37, 221, 353.83, 357.51, 359.81, 0.9983, -0.0216, -0.0539, -0.0028
19:37:43, 7.40, 222, 353.83, 357.54, 359.81, 0.9983, -0.0213, -0.0539, -0.0028
19:37:43, 7.40, 222, 353.85, 357.55, 359.79, 0.9983, -0.0212, -0.0537, -0.0029
19:37:43, 7.43, 223, 353.84, 357.53, 359.79, 0.9983, -0.0214, -0.0538, -0.0030
19:37:43, 7.43, 223, 353.83, 357.52, 359.79, 0.9983, -0.0215, -0.0538, -0.0030
19:37:43, 7.43, 223, 353.83, 357.51, 359.78, 0.9983, -0.0216, -0.0538, -0.0031
19:37:43, 7.47, 224, 353.82, 357.52, 359.77, 0.9983, -0.0215, -0.0539, -0.0032
19:37:43, 7.47, 224, 353.83, 357.52, 359.75, 0.9983, -0.0215, -0.0538, -0.0033
19:37:43, 7.50, 225, 353.83, 357.52, 359.72, 0.9983, -0.0215, -0.0538, -0.0036
19:37:43, 7.50, 225, 353.84, 357.54, 359.74, 0.9983, -0.0213, -0.0538, -0.0034
19:37:43, 7.53, 226, 353.84, 357.55, 359.77, 0.9983, -0.0213, -0.0538, -0.0032
19:37:43, 7.53, 226, 353.83, 357.54, 359.78, 0.9983, -0.0214, -0.0538, -0.0031
19:37:43, 7.53, 226, 353.86, 357.53, 359.76, 0.9983, -0.0214, -0.0536, -0.0032
19:37:44, 7.57, 227, 353.89, 357.52, 359.73, 0.9983, -0.0215, -0.0534, -0.0035
19:37:44, 7.57, 227, 353.91, 357.51, 359.75, 0.9983, -0.0216, -0.0532, -0.0033
19:37:44, 7.60, 228, 353.91, 357.51, 359.78, 0.9983, -0.0216, -0.0532, -0.0031
19:37:44, 7.60, 228, 353.91, 357.51, 359.78, 0.9983, -0.0216, -0.0532, -0.0031
19:37:44, 7.60, 228, 353.92, 357.51, 359.77, 0.9984, -0.0216, -0.0531, -0.0031
19:37:44, 7.63, 229, 353.92, 357.53, 359.76, 0.9984, -0.0214, -0.0531, -0.0033
19:37:44, 7.63, 229, 353.91, 357.53, 359.76, 0.9984, -0.0214, -0.0531, -0.0033
19:37:44, 7.67, 230, 353.90, 357.53, 359.75, 0.9983, -0.0214, -0.0532, -0.0033
19:37:44, 7.67, 230, 353.89, 357.53, 359.75, 0.9983, -0.0214, -0.0534, -0.0033
19:37:44, 7.70, 231, 353.88, 357.54, 359.73, 0.9983, -0.0213, -0.0534, -0.0035
19:37:44, 7.70, 231, 353.87, 357.54, 359.74, 0.9983, -0.0213, -0.0535, -0.0035
19:37:44, 7.70, 231, 353.88, 357.54, 359.72, 0.9983, -0.0213, -0.0534, -0.0036
19:37:44, 7.73, 232, 353.88, 357.55, 359.73, 0.9983, -0.0212, -0.0534, -0.0035
19:37:44, 7.73, 232, 353.89, 357.56, 359.73, 0.9983, -0.0211, -0.0533, -0.0035
19:37:44, 7.77, 233, 353.90, 357.57, 359.72, 0.9984, -0.0211, -0.0533, -0.0035
19:37:44, 7.77, 233, 353.90, 357.56, 359.73, 0.9984, -0.0211, -0.0533, -0.0035
19:37:44, 7.77, 233, 353.91, 357.57, 359.74, 0.9984, -0.0210, -0.0532, -0.0034
19:37:44, 7.80, 234, 353.91, 357.56, 359.75, 0.9984, -0.0211, -0.0532, -0.0033
19:37:44, 7.80, 234, 353.90, 357.55, 359.76, 0.9984, -0.0213, -0.0532, -0.0032
19:37:44, 7.83, 235, 353.90, 357.53, 359.75, 0.9983, -0.0214, -0.0532, -0.0033
19:37:44, 7.83, 235, 353.90, 357.52, 359.75, 0.9983, -0.0215, -0.0533, -0.0033
19:37:44, 7.87, 236, 353.88, 357.50, 359.74, 0.9983, -0.0217, -0.0534, -0.0034
19:37:44, 7.87, 236, 353.84, 357.48, 359.74, 0.9983, -0.0218, -0.0538, -0.0035
19:37:44, 7.87, 236, 353.85, 357.46, 359.74, 0.9983, -0.0220, -0.0537, -0.0035
19:37:44, 7.90, 237, 353.85, 357.45, 359.74, 0.9983, -0.0221, -0.0537, -0.0035
19:37:44, 7.90, 237, 353.84, 357.40, 359.74, 0.9983, -0.0225, -0.0538, -0.0035
19:37:44, 7.93, 238, 353.84, 357.41, 359.74, 0.9983, -0.0224, -0.0538, -0.0035
19:37:44, 7.93, 238, 353.86, 357.36, 359.74, 0.9983, -0.0229, -0.0536, -0.0035
19:37:44, 7.93, 238, 353.86, 357.34, 359.75, 0.9983, -0.0230, -0.0536, -0.0034
19:37:44, 7.97, 239, 353.88, 357.31, 359.77, 0.9983, -0.0233, -0.0534, -0.0033
19:37:44, 7.97, 239, 353.90, 357.26, 359.76, 0.9983, -0.0238, -0.0533, -0.0034
19:37:44, 8.00, 240, 353.90, 357.25, 359.75, 0.9983, -0.0239, -0.0532, -0.0034
19:37:44, 8.00, 240, 353.90, 357.20, 359.77, 0.9983, -0.0243, -0.0532, -0.0033
19:37:44, 8.03, 241, 353.88, 357.16, 359.79, 0.9983, -0.0247, -0.0535, -0.0032
19:37:44, 8.03, 241, 353.88, 357.16, 359.82, 0.9983, -0.0246, -0.0534, -0.0029
19:37:44, 8.03, 241, 353.88, 357.12, 359.79, 0.9983, -0.0250, -0.0534, -0.0031
19:37:44, 8.07, 242, 353.89, 357.09, 359.71, 0.9982, -0.0253, -0.0534, -0.0039
19:37:44, 8.07, 242, 353.94, 357.06, 359.66, 0.9983, -0.0254, -0.0529, -0.0043
19:37:44, 8.10, 243, 353.94, 357.04, 359.67, 0.9983, -0.0257, -0.0529, -0.0043
19:37:44, 8.10, 243, 353.94, 356.98, 359.70, 0.9983, -0.0262, -0.0529, -0.0040
19:37:44, 8.10, 243, 353.97, 356.96, 359.72, 0.9983, -0.0264, -0.0527, -0.0039
19:37:44, 8.13, 244, 353.99, 356.97, 359.72, 0.9983, -0.0263, -0.0525, -0.0038
19:37:44, 8.13, 244, 354.01, 356.96, 359.68, 0.9983, -0.0263, -0.0523, -0.0042
19:37:44, 8.17, 245, 354.01, 356.97, 359.71, 0.9983, -0.0263, -0.0523, -0.0039
19:37:44, 8.17, 245, 354.03, 356.92, 359.72, 0.9983, -0.0267, -0.0521, -0.0038
19:37:44, 8.20, 246, 354.05, 356.88, 359.73, 0.9983, -0.0271, -0.0520, -0.0038
19:37:44, 8.20, 246, 354.05, 356.81, 359.76, 0.9983, -0.0277, -0.0520, -0.0036
19:37:44, 8.20, 246, 354.08, 356.73, 359.78, 0.9983, -0.0284, -0.0516, -0.0034
19:37:44, 8.23, 247, 354.11, 356.67, 359.77, 0.9983, -0.0289, -0.0514, -0.0035
19:37:44, 8.23, 247, 354.18, 356.60, 359.74, 0.9983, -0.0295, -0.0508, -0.0038
19:37:44, 8.27, 248, 354.22, 356.55, 359.77, 0.9983, -0.0299, -0.0505, -0.0036
19:37:44, 8.27, 248, 354.26, 356.47, 359.79, 0.9983, -0.0306, -0.0501, -0.0034
19:37:44, 8.27, 248, 354.32, 356.40, 359.80, 0.9983, -0.0313, -0.0496, -0.0033
19:37:44, 8.30, 249, 354.38, 356.33, 359.77, 0.9983, -0.0319, -0.0491, -0.0035
19:37:44, 8.30, 249, 354.46, 356.25, 359.77, 0.9983, -0.0326, -0.0484, -0.0036
19:37:44, 8.33, 250, 354.55, 356.16, 359.79, 0.9983, -0.0334, -0.0476, -0.0034
19:37:44, 8.33, 250, 354.62, 356.09, 359.77, 0.9983, -0.0340, -0.0469, -0.0036
19:37:44, 8.37, 251, 354.69, 356.02, 359.81, 0.9983, -0.0347, -0.0464, -0.0032
19:37:44, 8.37, 251, 354.78, 355.96, 359.78, 0.9983, -0.0351, -0.0456, -0.0036
19:37:44, 8.37, 251, 354.86, 355.90, 359.82, 0.9983, -0.0356, -0.0449, -0.0032
19:37:44, 8.40, 252, 354.92, 355.87, 359.80, 0.9984, -0.0359, -0.0444, -0.0033
19:37:44, 8.40, 252, 355.00, 355.84, 359.80, 0.9984, -0.0362, -0.0437, -0.0033
19:37:44, 8.43, 253, 355.07, 355.77, 359.80, 0.9984, -0.0368, -0.0430, -0.0033
19:37:44, 8.43, 253, 355.16, 355.70, 359.77, 0.9984, -0.0374, -0.0422, -0.0036
19:37:44, 8.43, 253, 355.20, 355.66, 359.73, 0.9984, -0.0377, -0.0419, -0.0039
19:37:44, 8.47, 254, 355.27, 355.59, 359.70, 0.9984, -0.0383, -0.0413, -0.0042
19:37:44, 8.47, 254, 355.35, 355.51, 359.67, 0.9984, -0.0390, -0.0407, -0.0045
19:37:44, 8.50, 255, 355.41, 355.49, 359.67, 0.9984, -0.0392, -0.0401, -0.0044
19:37:44, 8.50, 255, 355.48, 355.45, 359.65, 0.9984, -0.0396, -0.0396, -0.0046
19:37:44, 8.53, 256, 355.55, 355.41, 359.63, 0.9984, -0.0399, -0.0390, -0.0048
19:37:44, 8.53, 256, 355.67, 355.34, 359.56, 0.9984, -0.0404, -0.0379, -0.0054
19:37:44, 8.53, 256, 355.78, 355.30, 359.51, 0.9985, -0.0408, -0.0370, -0.0058
19:37:45, 8.57, 257, 355.96, 355.29, 359.41, 0.9985, -0.0408, -0.0355, -0.0066
19:37:45, 8.57, 257, 356.18, 355.22, 359.35, 0.9985, -0.0415, -0.0336, -0.0071
19:37:45, 8.60, 258, 356.38, 355.10, 359.28, 0.9986, -0.0425, -0.0318, -0.0077
19:37:45, 8.60, 258, 356.61, 354.98, 359.22, 0.9986, -0.0436, -0.0298, -0.0081
19:37:45, 8.60, 258, 356.83, 354.88, 359.14, 0.9986, -0.0445, -0.0280, -0.0087
19:37:45, 8.63, 259, 357.07, 354.78, 359.08, 0.9986, -0.0453, -0.0259, -0.0092
19:37:45, 8.63, 259, 357.29, 354.65, 359.00, 0.9986, -0.0465, -0.0240, -0.0098
19:37:45, 8.67, 260, 357.53, 354.53, 358.93, 0.9986, -0.0475, -0.0220, -0.0103
19:37:45, 8.67, 260, 357.73, 354.40, 358.83, 0.9985, -0.0487, -0.0203, -0.0111
19:37:45, 8.70, 261, 357.93, 354.29, 358.74, 0.9985, -0.0496, -0.0186, -0.0119
19:37:45, 8.70, 261, 358.15, 354.14, 358.65, 0.9985, -0.0509, -0.0168, -0.0126
19:37:45, 8.70, 261, 358.31, 354.03, 358.59, 0.9985, -0.0518, -0.0154, -0.0131
19:37:45, 8.73, 262, 358.49, 353.93, 358.49, 0.9984, -0.0528, -0.0139, -0.0138
19:37:45, 8.73, 262, 358.65, 353.82, 358.42, 0.9984, -0.0538, -0.0125, -0.0144
19:37:45, 8.77, 263, 358.80, 353.70, 358.32, 0.9983, -0.0548, -0.0113, -0.0152
19:37:45, 8.77, 263, 358.94, 353.62, 358.24, 0.9983, -0.0555, -0.0101, -0.0158
19:37:45, 8.77, 263, 359.08, 353.52, 358.21, 0.9982, -0.0564, -0.0089, -0.0161
19:37:45, 8.80, 264, 359.18, 353.45, 358.16, 0.9982, -0.0570, -0.0080, -0.0165
19:37:45, 8.80, 264, 359.28, 353.39, 358.11, 0.9982, -0.0576, -0.0072, -0.0169
19:37:45, 8.83, 265, 359.39, 353.31, 358.02, 0.9981, -0.0582, -0.0063, -0.0176
19:37:45, 8.83, 265, 359.50, 353.27, 357.89, 0.9981, -0.0586, -0.0055, -0.0186
19:37:45, 8.87, 266, 359.59, 353.22, 357.82, 0.9981, -0.0591, -0.0047, -0.0192
19:37:45, 8.87, 266, 359.67, 353.17, 357.79, 0.9980, -0.0595, -0.0041, -0.0194
19:37:45, 8.87, 266, 359.72, 353.08, 357.77, 0.9980, -0.0603, -0.0036, -0.0196
19:37:45, 8.90, 267, 359.80, 353.02, 357.74, 0.9979, -0.0608, -0.0030, -0.0198
19:37:45, 8.90, 267, 359.84, 352.97, 357.68, 0.9979, -0.0613, -0.0026, -0.0203
19:37:45, 8.93, 268, 359.87, 352.91, 357.64, 0.9979, -0.0618, -0.0024, -0.0206
19:37:45, 8.93, 268, 359.90, 352.84, 357.62, 0.9978, -0.0624, -0.0022, -0.0208
19:37:45, 8.93, 268, 359.92, 352.77, 357.57, 0.9978, -0.0630, -0.0020, -0.0212
19:37:45, 8.97, 269, 359.94, 352.74, 357.55, 0.9978, -0.0633, -0.0019, -0.0214
19:37:45, 8.97, 269, 359.95, 352.71, 357.54, 0.9977, -0.0635, -0.0018, -0.0215
19:37:45, 9.00, 270, 0.00, 352.70, 357.50, 0.9977, -0.0636, -0.0014, -0.0217
19:37:45, 9.00, 270, 0.00, 352.67, 357.46, 0.9977, -0.0639, -0.0014, -0.0221
19:37:45, 9.03, 271, 0.02, 352.65, 357.44, 0.9977, -0.0640, -0.0013, -0.0223
19:37:45, 9.03, 271, 0.00, 352.64, 357.46, 0.9977, -0.0642, -0.0014, -0.0221
19:37:45, 9.03, 271, 0.00, 352.65, 357.48, 0.9977, -0.0641, -0.0015, -0.0220
19:37:45, 9.07, 272, 359.98, 352.63, 357.47, 0.9977, -0.0643, -0.0016, -0.0221
19:37:45, 9.07, 272, 359.98, 352.59, 357.42, 0.9977, -0.0646, -0.0016, -0.0225
19:37:45, 9.10, 273, 359.99, 352.60, 357.40, 0.9977, -0.0645, -0.0016, -0.0226
19:37:45, 9.10, 273, 359.96, 352.57, 357.43, 0.9976, -0.0648, -0.0018, -0.0224
19:37:45, 9.10, 273, 359.92, 352.54, 357.46, 0.9976, -0.0650, -0.0022, -0.0222
19:37:45, 9.13, 274, 359.88, 352.52, 357.48, 0.9976, -0.0652, -0.0025, -0.0220
19:37:45, 9.13, 274, 359.82, 352.57, 357.49, 0.9977, -0.0647, -0.0030, -0.0219
19:37:45, 9.17, 275, 359.75, 352.55, 357.47, 0.9976, -0.0649, -0.0036, -0.0222
19:37:45, 9.17, 275, 359.69, 352.53, 357.46, 0.9976, -0.0651, -0.0042, -0.0223
19:37:45, 9.20, 276, 359.62, 352.45, 357.38, 0.9976, -0.0658, -0.0049, -0.0231
19:37:45, 9.20, 276, 359.55, 352.27, 357.23, 0.9974, -0.0673, -0.0055, -0.0244
19:37:45, 9.20, 276, 359.47, 352.07, 357.07, 0.9973, -0.0690, -0.0064, -0.0258
19:37:45, 9.23, 277, 359.35, 351.91, 357.00, 0.9971, -0.0704, -0.0075, -0.0265
19:37:45, 9.23, 277, 359.24, 351.77, 356.94, 0.9970, -0.0716, -0.0085, -0.0271
19:37:45, 9.27, 278, 359.12, 351.68, 356.90, 0.9970, -0.0723, -0.0096, -0.0276
19:37:45, 9.27, 278, 358.97, 351.60, 356.92, 0.9969, -0.0730, -0.0109, -0.0274
19:37:45, 9.27, 278, 358.87, 351.53, 356.93, 0.9968, -0.0735, -0.0118, -0.0274
19:37:45, 9.30, 279, 358.78, 351.47, 356.94, 0.9968, -0.0740, -0.0126, -0.0274
19:37:45, 9.30, 279, 358.70, 351.42, 356.93, 0.9968, -0.0745, -0.0133, -0.0275
19:37:45, 9.33, 280, 358.64, 351.36, 356.95, 0.9967, -0.0750, -0.0138, -0.0274
19:37:45, 9.33, 280, 358.58, 351.36, 356.98, 0.9967, -0.0750, -0.0143, -0.0272
19:37:45, 9.37, 281, 358.53, 351.37, 357.02, 0.9967, -0.0749, -0.0148, -0.0269
19:37:45, 9.37, 281, 358.48, 351.44, 357.07, 0.9968, -0.0743, -0.0151, -0.0265
19:37:45, 9.37, 281, 358.46, 351.45, 357.11, 0.9968, -0.0741, -0.0153, -0.0261
19:37:45, 9.40, 282, 358.42, 351.49, 357.15, 0.9968, -0.0738, -0.0156, -0.0258
19:37:45, 9.40, 282, 358.41, 351.50, 357.19, 0.9968, -0.0737, -0.0156, -0.0255
19:37:45, 9.43, 283, 358.37, 351.55, 357.18, 0.9969, -0.0733, -0.0160, -0.0256
19:37:45, 9.43, 283, 358.29, 351.57, 357.21, 0.9969, -0.0731, -0.0167, -0.0254
19:37:45, 9.43, 283, 358.20, 351.59, 357.22, 0.9969, -0.0729, -0.0175, -0.0254
19:37:45, 9.47, 284, 358.04, 351.57, 357.24, 0.9968, -0.0730, -0.0189, -0.0253
19:37:45, 9.47, 284, 357.82, 351.52, 357.30, 0.9968, -0.0734, -0.0207, -0.0249
19:37:45, 9.50, 285, 357.47, 351.44, 357.32, 0.9967, -0.0741, -0.0237, -0.0249
19:37:45, 9.50, 285, 356.99, 351.26, 357.31, 0.9964, -0.0755, -0.0280, -0.0254
19:37:45, 9.53, 286, 356.26, 351.08, 357.26, 0.9961, -0.0769, -0.0344, -0.0264
19:37:45, 9.53, 286, 355.39, 350.88, 357.21, 0.9957, -0.0785, -0.0420, -0.0274
19:37:45, 9.53, 286, 354.49, 350.74, 357.16, 0.9952, -0.0794, -0.0499, -0.0285
19:37:46, 9.57, 287, 353.53, 350.61, 357.09, 0.9946, -0.0802, -0.0583, -0.0299
19:37:46, 9.57, 287, 352.64, 350.49, 357.01, 0.9940, -0.0810, -0.0661, -0.0313
19:37:46, 9.60, 288, 351.77, 350.39, 356.87, 0.9934, -0.0816, -0.0738, -0.0332
19:37:46, 9.60, 288, 350.91, 350.32, 356.73, 0.9927, -0.0818, -0.0813, -0.0350
19:37:46, 9.60, 288, 350.06, 350.32, 356.71, 0.9921, -0.0815, -0.0887, -0.0358
19:37:46, 9.63, 289, 349.27, 350.23, 356.68, 0.9914, -0.0821, -0.0956, -0.0367
19:37:46, 9.63, 289, 348.48, 350.17, 356.68, 0.9906, -0.0823, -0.1024, -0.0373
19:37:46, 9.67, 290, 347.69, 350.12, 356.72, 0.9899, -0.0825, -0.1092, -0.0375
19:37:46, 9.67, 290, 346.91, 350.09, 356.78, 0.9891, -0.0826, -0.1159, -0.0376
19:37:46, 9.70, 291, 346.10, 350.11, 356.82, 0.9883, -0.0822, -0.1228, -0.0378
19:37:46, 9.70, 291, 345.33, 350.05, 356.86, 0.9874, -0.0825, -0.1295, -0.0382
19:37:46, 9.70, 291, 344.60, 350.12, 356.94, 0.9866, -0.0817, -0.1357, -0.0379
19:37:46, 9.73, 292, 343.84, 350.19, 356.99, 0.9858, -0.0809, -0.1423, -0.0380
19:37:46, 9.73, 292, 343.16, 350.24, 357.06, 0.9850, -0.0804, -0.1480, -0.0377
19:37:46, 9.77, 293, 342.47, 350.25, 357.10, 0.9841, -0.0801, -0.1539, -0.0379
19:37:46, 9.77, 293, 341.78, 350.40, 357.15, 0.9833, -0.0787, -0.1598, -0.0377
19:37:46, 9.77, 293, 341.11, 350.44, 357.21, 0.9824, -0.0782, -0.1655, -0.0376
19:37:46, 9.80, 294, 340.46, 350.55, 357.27, 0.9815, -0.0772, -0.1710, -0.0373
19:37:46, 9.80, 294, 339.82, 350.60, 357.33, 0.9806, -0.0766, -0.1764, -0.0372
19:37:46, 9.83, 295, 339.24, 350.65, 357.34, 0.9798, -0.0760, -0.1814, -0.0374
19:37:46, 9.83, 295, 338.71, 350.69, 357.45, 0.9790, -0.0756, -0.1858, -0.0368
19:37:46, 9.87, 296, 338.13, 350.79, 357.51, 0.9781, -0.0747, -0.1907, -0.0365
19:37:46, 9.87, 296, 337.59, 350.77, 357.64, 0.9772, -0.0750, -0.1953, -0.0358
19:37:46, 9.87, 296, 337.12, 350.83, 357.73, 0.9765, -0.0744, -0.1992, -0.0352
19:37:46, 9.90, 297, 336.66, 350.79, 357.84, 0.9757, -0.0748, -0.2030, -0.0347
19:37:46, 9.90, 297, 336.24, 350.85, 357.91, 0.9750, -0.0743, -0.2066, -0.0342
19:37:46, 9.93, 298, 335.87, 350.85, 358.03, 0.9744, -0.0744, -0.2097, -0.0334
19:37:46, 9.93, 298, 335.51, 350.86, 358.12, 0.9737, -0.0744, -0.2127, -0.0329
19:37:46, 9.97, 299, 335.22, 350.89, 358.19, 0.9732, -0.0742, -0.2151, -0.0324
19:37:46, 9.97, 299, 334.95, 350.91, 358.31, 0.9728, -0.0741, -0.2173, -0.0316
19:37:46, 9.97, 299, 334.78, 350.99, 358.34, 0.9725, -0.0735, -0.2187, -0.0313
