Timestamp, VideoTime, VideoFrame, HeadYaw, HeadPitch, HeadRoll, HeadQuatW, HeadQuatX, HeadQuatY, HeadQuatZ
19:36:26, 0.00, 0, 344.88, 359.89, 356.79, 0.9909, 0.0027, -0.1316, -0.0279
19:36:26, 0.03, 1, 345.18, 0.03, 356.79, 0.9913, 0.0039, -0.1289, -0.0278
19:36:26, 0.03, 1, 345.47, 0.18, 356.78, 0.9916, 0.0051, -0.1263, -0.0276
19:36:26, 0.03, 1, 345.79, 0.34, 356.78, 0.9919, 0.0064, -0.1235, -0.0275
19:36:26, 0.07, 2, 346.12, 0.47, 356.82, 0.9923, 0.0074, -0.1206, -0.0270
19:36:26, 0.07, 2, 346.44, 0.59, 356.86, 0.9926, 0.0084, -0.1179, -0.0266
19:36:26, 0.10, 3, 346.79, 0.69, 356.90, 0.9930, 0.0091, -0.1148, -0.0262
19:36:26, 0.10, 3, 347.12, 0.83, 356.99, 0.9933, 0.0101, -0.1119, -0.0253
19:36:26, 0.10, 3, 347.47, 0.97, 357.09, 0.9937, 0.0112, -0.1088, -0.0243
19:36:26, 0.13, 4, 347.80, 1.08, 357.16, 0.9940, 0.0120, -0.1060, -0.0236
19:36:26, 0.13, 4, 348.12, 1.15, 357.26, 0.9943, 0.0125, -0.1032, -0.0228
19:36:26, 0.17, 5, 348.45, 1.25, 357.28, 0.9946, 0.0133, -0.1004, -0.0225
19:36:26, 0.17, 5, 348.71, 1.29, 357.32, 0.9948, 0.0135, -0.0981, -0.0222
19:36:26, 0.17, 5, 348.98, 1.41, 357.36, 0.9951, 0.0145, -0.0957, -0.0218
19:36:26, 0.20, 6, 349.21, 1.44, 357.39, 0.9953, 0.0147, -0.0937, -0.0215
19:36:26, 0.20, 6, 349.43, 1.55, 357.45, 0.9954, 0.0155, -0.0918, -0.0209
19:36:26, 0.23, 7, 349.62, 1.58, 357.44, 0.9956, 0.0157, -0.0901, -0.0210
19:36:26, 0.23, 7, 349.77, 1.56, 357.43, 0.9957, 0.0156, -0.0888, -0.0212
19:36:26, 0.27, 8, 349.88, 1.55, 357.43, 0.9958, 0.0155, -0.0878, -0.0212
19:36:26, 0.27, 8, 349.98, 1.51, 357.45, 0.9959, 0.0151, -0.0870, -0.0210
19:36:26, 0.27, 8, 350.07, 1.52, 357.43, 0.9959, 0.0151, -0.0862, -0.0212
19:36:26, 0.30, 9, 350.14, 1.50, 357.43, 0.9960, 0.0149, -0.0856, -0.0212
19:36:26, 0.30, 9, 350.19, 1.42, 357.41, 0.9960, 0.0143, -0.0852, -0.0215
19:36:26, 0.33, 10, 350.23, 1.39, 357.33, 0.9960, 0.0141, -0.0849, -0.0222
19:36:26, 0.33, 10, 350.26, 1.34, 357.29, 0.9961, 0.0136, -0.0846, -0.0226
19:36:26, 0.33, 10, 350.31, 1.27, 357.27, 0.9961, 0.0131, -0.0842, -0.0228
19:36:26, 0.37, 11, 350.33, 1.18, 357.25, 0.9961, 0.0123, -0.0840, -0.0230
19:36:26, 0.37, 11, 350.37, 1.08, 357.26, 0.9962, 0.0114, -0.0837, -0.0230
19:36:26, 0.40, 12, 350.44, 0.97, 357.25, 0.9962, 0.0104, -0.0831, -0.0233
19:36:26, 0.40, 12, 350.54, 0.81, 357.24, 0.9963, 0.0090, -0.0823, -0.0234
19:36:26, 0.43, 13, 350.61, 0.73, 357.20, 0.9963, 0.0083, -0.0817, -0.0238
19:36:26, 0.43, 13, 350.78, 0.44, 357.22, 0.9965, 0.0058, -0.0803, -0.0239
19:36:26, 0.47, 14, 350.87, 0.32, 357.24, 0.9965, 0.0047, -0.0795, -0.0238
19:36:26, 0.47, 14, 350.95, 0.22, 357.26, 0.9966, 0.0038, -0.0789, -0.0237
19:36:26, 0.50, 15, 351.02, 0.12, 357.26, 0.9967, 0.0029, -0.0782, -0.0237
19:36:26, 0.50, 15, 351.13, 0.02, 357.28, 0.9967, 0.0020, -0.0773, -0.0236
19:36:26, 0.50, 15, 351.21, 359.95, 357.31, 0.9968, 0.0013, -0.0766, -0.0234
19:36:26, 0.53, 16, 351.31, 359.81, 357.36, 0.9969, 0.0001, -0.0758, -0.0231
19:36:26, 0.53, 16, 351.43, 359.70, 357.35, 0.9969, -0.0009, -0.0748, -0.0232
19:36:26, 0.57, 17, 351.53, 359.56, 357.37, 0.9970, -0.0021, -0.0740, -0.0232
19:36:26, 0.57, 17, 351.66, 359.44, 357.39, 0.9971, -0.0032, -0.0728, -0.0230
19:36:26, 0.60, 18, 351.77, 359.35, 357.42, 0.9971, -0.0040, -0.0719, -0.0228
19:36:26, 0.60, 18, 351.86, 359.30, 357.45, 0.9972, -0.0045, -0.0711, -0.0226
19:36:26, 0.60, 18, 351.97, 359.26, 357.47, 0.9973, -0.0049, -0.0701, -0.0225
19:36:26, 0.63, 19, 352.07, 359.23, 357.51, 0.9973, -0.0052, -0.0693, -0.0221
19:36:26, 0.63, 19, 352.20, 359.21, 357.52, 0.9974, -0.0054, -0.0681, -0.0220
19:36:27, 0.67, 20, 352.32, 359.17, 357.55, 0.9975, -0.0058, -0.0671, -0.0218
19:36:27, 0.67, 20, 352.40, 359.12, 357.59, 0.9975, -0.0063, -0.0664, -0.0215
19:36:27, 0.67, 20, 352.48, 359.06, 357.59, 0.9976, -0.0068, -0.0657, -0.0215
19:36:27, 0.70, 21, 352.57, 359.03, 357.57, 0.9976, -0.0071, -0.0650, -0.0217
19:36:27, 0.70, 21, 352.62, 359.00, 357.58, 0.9977, -0.0073, -0.0645, -0.0217
19:36:27, 0.73, 22, 352.68, 358.99, 357.58, 0.9977, -0.0075, -0.0640, -0.0217
19:36:27, 0.73, 22, 352.74, 358.97, 357.55, 0.9977, -0.0076, -0.0635, -0.0219
19:36:27, 0.77, 23, 352.74, 358.94, 357.55, 0.9977, -0.0079, -0.0635, -0.0220
19:36:27, 0.77, 23, 352.73, 358.94, 357.51, 0.9977, -0.0079, -0.0635, -0.0222
19:36:27, 0.77, 23, 352.69, 358.92, 357.50, 0.9977, -0.0081, -0.0639, -0.0224
19:36:27, 0.80, 24, 352.60, 358.88, 357.49, 0.9976, -0.0084, -0.0647, -0.0225
19:36:27, 0.80, 24, 352.50, 358.78, 357.46, 0.9975, -0.0091, -0.0656, -0.0228
19:36:27, 0.83, 25, 352.35, 358.68, 357.42, 0.9974, -0.0100, -0.0669, -0.0232
19:36:27, 0.83, 25, 352.15, 358.57, 357.35, 0.9973, -0.0109, -0.0688, -0.0239
19:36:27, 0.87, 26, 351.71, 358.39, 357.23, 0.9970, -0.0123, -0.0726, -0.0251
19:36:27, 0.87, 26, 350.94, 358.15, 357.11, 0.9964, -0.0141, -0.0793, -0.0264
19:36:27, 0.87, 26, 349.82, 357.94, 357.02, 0.9955, -0.0156, -0.0891, -0.0275
19:36:27, 0.90, 27, 348.76, 357.79, 356.88, 0.9946, -0.0166, -0.0984, -0.0289
19:36:27, 0.90, 27, 347.66, 357.63, 356.74, 0.9935, -0.0175, -0.1080, -0.0305
19:36:27, 0.93, 28, 346.61, 357.48, 356.53, 0.9924, -0.0183, -0.1172, -0.0326
19:36:27, 0.93, 28, 345.57, 357.35, 356.38, 0.9912, -0.0189, -0.1262, -0.0342
19:36:27, 0.93, 28, 344.50, 357.23, 356.24, 0.9899, -0.0195, -0.1355, -0.0358
19:36:27, 0.97, 29, 343.50, 357.08, 356.16, 0.9887, -0.0204, -0.1442, -0.0368
19:36:27, 0.97, 29, 342.49, 356.96, 356.09, 0.9873, -0.0210, -0.1530, -0.0378
19:36:27, 1.00, 30, 341.56, 356.77, 356.01, 0.9859, -0.0222, -0.1610, -0.0389
19:36:27, 1.00, 30, 340.64, 356.56, 355.90, 0.9845, -0.0235, -0.1690, -0.0403
19:36:27, 1.03, 31, 339.87, 356.41, 355.79, 0.9833, -0.0244, -0.1757, -0.0416
19:36:27, 1.03, 31, 339.06, 356.23, 355.68, 0.9819, -0.0255, -0.1827, -0.0430
19:36:27, 1.03, 31, 338.33, 356.12, 355.63, 0.9807, -0.0261, -0.1890, -0.0438
19:36:27, 1.07, 32, 337.69, 356.01, 355.62, 0.9795, -0.0268, -0.1945, -0.0442
19:36:27, 1.07, 32, 337.00, 355.89, 355.56, 0.9783, -0.0274, -0.2004, -0.0451
19:36:27, 1.10, 33, 336.46, 355.81, 355.57, 0.9773, -0.0279, -0.2051, -0.0452
19:36:27, 1.10, 33, 335.99, 355.70, 355.52, 0.9764, -0.0286, -0.2092, -0.0460
19:36:27, 1.10, 33, 335.60, 355.71, 355.51, 0.9757, -0.0283, -0.2124, -0.0461
19:36:27, 1.13, 34, 335.17, 355.63, 355.56, 0.9749, -0.0289, -0.2161, -0.0460
19:36:27, 1.13, 34, 334.83, 355.59, 355.58, 0.9742, -0.0291, -0.2190, -0.0460
19:36:27, 1.17, 35, 334.53, 355.56, 355.61, 0.9736, -0.0293, -0.2216, -0.0459
19:36:27, 1.17, 35, 334.28, 355.53, 355.55, 0.9731, -0.0294, -0.2237, -0.0465
19:36:27, 1.20, 36, 334.17, 355.56, 355.56, 0.9729, -0.0291, -0.2246, -0.0464
19:36:27, 1.20, 36, 334.04, 355.56, 355.54, 0.9726, -0.0290, -0.2258, -0.0466
19:36:27, 1.20, 36, 333.94, 355.58, 355.55, 0.9725, -0.0288, -0.2266, -0.0465
19:36:27, 1.23, 37, 333.88, 355.60, 355.59, 0.9723, -0.0287, -0.2271, -0.0462
19:36:27, 1.23, 37, 333.83, 355.60, 355.62, 0.9723, -0.0287, -0.2275, -0.0459
19:36:27, 1.27, 38, 333.88, 355.59, 355.66, 0.9724, -0.0289, -0.2271, -0.0455
19:36:27, 1.27, 38, 333.90, 355.59, 355.71, 0.9725, -0.0290, -0.2268, -0.0451
19:36:27, 1.27, 38, 333.96, 355.63, 355.79, 0.9726, -0.0288, -0.2263, -0.0444
19:36:27, 1.30, 39, 334.00, 355.68, 355.88, 0.9727, -0.0287, -0.2260, -0.0435
19:36:27, 1.30, 39, 334.09, 355.74, 355.95, 0.9730, -0.0283, -0.2252, -0.0427
19:36:27, 1.33, 40, 334.17, 355.74, 355.98, 0.9731, -0.0283, -0.2245, -0.0425
19:36:27, 1.33, 40, 334.24, 355.74, 356.01, 0.9733, -0.0284, -0.2239, -0.0422
19:36:27, 1.37, 41, 334.25, 355.73, 356.01, 0.9733, -0.0286, -0.2238, -0.0422
19:36:27, 1.37, 41, 334.27, 355.76, 356.04, 0.9734, -0.0284, -0.2236, -0.0419
19:36:27, 1.37, 41, 334.28, 355.80, 356.04, 0.9734, -0.0280, -0.2235, -0.0418
19:36:27, 1.40, 42, 334.35, 355.87, 356.06, 0.9736, -0.0275, -0.2229, -0.0415
19:36:27, 1.40, 42, 334.44, 355.94, 356.05, 0.9738, -0.0269, -0.2221, -0.0414
19:36:27, 1.43, 43, 334.58, 356.05, 356.06, 0.9741, -0.0261, -0.2209, -0.0411
19:36:27, 1.43, 43, 334.81, 356.16, 356.05, 0.9746, -0.0252, -0.2189, -0.0409
19:36:27, 1.43, 43, 335.10, 356.32, 356.06, 0.9752, -0.0240, -0.2164, -0.0405
19:36:27, 1.47, 44, 335.44, 356.46, 356.06, 0.9759, -0.0229, -0.2135, -0.0401
19:36:27, 1.47, 44, 335.82, 356.67, 356.09, 0.9766, -0.0213, -0.2102, -0.0394
19:36:27, 1.50, 45, 336.24, 356.92, 356.10, 0.9775, -0.0193, -0.2066, -0.0388
19:36:27, 1.50, 45, 336.67, 357.21, 356.20, 0.9784, -0.0172, -0.2028, -0.0374
19:36:27, 1.53, 46, 337.17, 357.62, 356.29, 0.9794, -0.0140, -0.1984, -0.0359
19:36:27, 1.53, 46, 337.77, 358.14, 356.37, 0.9805, -0.0099, -0.1932, -0.0342
19:36:27, 1.53, 46, 338.38, 358.78, 356.43, 0.9817, -0.0047, -0.1878, -0.0326
19:36:27, 1.57, 47, 339.04, 359.19, 356.41, 0.9828, -0.0012, -0.1820, -0.0321
19:36:27, 1.57, 47, 339.61, 359.34, 356.41, 0.9837, -0.0001, -0.1771, -0.0319
19:36:27, 1.60, 48, 340.16, 359.52, 356.39, 0.9845, 0.0013, -0.1723, -0.0317
19:36:27, 1.60, 48, 340.69, 359.74, 356.48, 0.9854, 0.0029, -0.1677, -0.0307
19:36:27, 1.60, 48, 341.22, 0.14, 356.51, 0.9862, 0.0062, -0.1630, -0.0298
19:36:27, 1.63, 49, 341.79, 0.56, 356.60, 0.9870, 0.0095, -0.1580, -0.0285
19:36:27, 1.63, 49, 342.36, 0.83, 356.64, 0.9878, 0.0116, -0.1530, -0.0278
19:36:28, 1.67, 50, 342.90, 0.88, 356.69, 0.9885, 0.0119, -0.1484, -0.0274
19:36:28, 1.67, 50, 343.36, 0.96, 356.69, 0.9891, 0.0125, -0.1444, -0.0274
19:36:28, 1.70, 51, 343.71, 1.07, 356.74, 0.9895, 0.0133, -0.1414, -0.0268
19:36:28, 1.70, 51, 344.16, 1.34, 356.72, 0.9900, 0.0155, -0.1374, -0.0268
19:36:28, 1.70, 51, 344.53, 1.62, 356.69, 0.9904, 0.0179, -0.1342, -0.0267
19:36:28, 1.73, 52, 344.88, 2.08, 356.67, 0.9908, 0.0218, -0.1310, -0.0264
19:36:28, 1.73, 52, 345.23, 2.53, 356.67, 0.9911, 0.0256, -0.1278, -0.0260
19:36:28, 1.77, 53, 345.63, 2.88, 356.64, 0.9915, 0.0286, -0.1243, -0.0259
19:36:28, 1.77, 53, 345.96, 3.15, 356.61, 0.9918, 0.0309, -0.1213, -0.0260
19:36:28, 1.77, 53, 346.27, 3.29, 356.60, 0.9921, 0.0320, -0.1186, -0.0260
19:36:28, 1.80, 54, 346.52, 3.48, 356.59, 0.9923, 0.0336, -0.1163, -0.0259
19:36:28, 1.80, 54, 346.83, 3.60, 356.55, 0.9926, 0.0346, -0.1136, -0.0263
19:36:28, 1.83, 55, 347.03, 3.85, 356.50, 0.9927, 0.0368, -0.1118, -0.0265
19:36:28, 1.83, 55, 347.29, 4.04, 356.50, 0.9929, 0.0384, -0.1095, -0.0265
19:36:28, 1.87, 56, 347.48, 4.15, 356.46, 0.9930, 0.0394, -0.1078, -0.0267
19:36:28, 1.87, 56, 347.67, 4.34, 356.46, 0.9932, 0.0410, -0.1061, -0.0266
19:36:28, 1.87, 56, 347.83, 4.49, 356.43, 0.9933, 0.0422, -0.1046, -0.0268
19:36:28, 1.90, 57, 347.97, 4.65, 356.37, 0.9933, 0.0436, -0.1034, -0.0272
19:36:28, 1.90, 57, 348.11, 4.81, 356.32, 0.9934, 0.0450, -0.1021, -0.0276
19:36:28, 1.93, 58, 348.18, 4.97, 356.30, 0.9934, 0.0464, -0.1014, -0.0276
19:36:28, 1.93, 58, 348.26, 5.12, 356.28, 0.9934, 0.0478, -0.1006, -0.0277
19:36:28, 1.93, 58, 348.36, 5.27, 356.24, 0.9934, 0.0490, -0.0998, -0.0280
19:36:28, 1.97, 59, 348.47, 5.39, 356.22, 0.9935, 0.0500, -0.0987, -0.0281
19:36:28, 1.97, 59, 348.55, 5.52, 356.20, 0.9935, 0.0512, -0.0980, -0.0282
19:36:28, 2.00, 60, 348.62, 5.64, 356.20, 0.9935, 0.0523, -0.0973, -0.0281
19:36:28, 2.00, 60, 348.70, 5.75, 356.20, 0.9935, 0.0532, -0.0966, -0.0280
19:36:28, 2.03, 61, 348.78, 5.87, 356.19, 0.9935, 0.0542, -0.0959, -0.0280
19:36:28, 2.03, 61, 348.85, 5.99, 356.18, 0.9935, 0.0552, -0.0953, -0.0281
19:36:28, 2.03, 61, 348.93, 6.09, 356.18, 0.9936, 0.0560, -0.0945, -0.0280
19:36:28, 2.07, 62, 349.00, 6.19, 356.19, 0.9936, 0.0569, -0.0938, -0.0279
19:36:28, 2.07, 62, 349.07, 6.24, 356.21, 0.9936, 0.0573, -0.0933, -0.0277
19:36:28, 2.10, 63, 349.11, 6.28, 356.23, 0.9936, 0.0576, -0.0929, -0.0275
19:36:28, 2.10, 63, 349.16, 6.29, 356.24, 0.9937, 0.0577, -0.0925, -0.0275
19:36:28, 2.10, 63, 349.21, 6.32, 356.24, 0.9937, 0.0579, -0.0921, -0.0274
19:36:28, 2.13, 64, 349.29, 6.41, 356.25, 0.9937, 0.0587, -0.0913, -0.0273
19:36:28, 2.13, 64, 349.35, 6.46, 356.27, 0.9937, 0.0591, -0.0908, -0.0271
19:36:28, 2.17, 65, 349.42, 6.57, 356.27, 0.9937, 0.0600, -0.0901, -0.0271
19:36:28, 2.17, 65, 349.49, 6.62, 356.30, 0.9938, 0.0604, -0.0895, -0.0268
19:36:28, 2.20, 66, 349.57, 6.70, 356.35, 0.9938, 0.0611, -0.0888, -0.0264
19:36:28, 2.20, 66, 349.67, 6.77, 356.40, 0.9939, 0.0616, -0.0880, -0.0259
19:36:28, 2.20, 66, 349.76, 6.81, 356.43, 0.9939, 0.0619, -0.0872, -0.0256
19:36:28, 2.23, 67, 349.85, 6.88, 356.48, 0.9940, 0.0624, -0.0864, -0.0252
19:36:28, 2.23, 67, 349.93, 6.91, 356.51, 0.9940, 0.0627, -0.0857, -0.0250
19:36:28, 2.27, 68, 350.02, 6.91, 356.55, 0.9941, 0.0627, -0.0850, -0.0247
19:36:28, 2.27, 68, 350.10, 6.88, 356.56, 0.9942, 0.0623, -0.0843, -0.0246
19:36:28, 2.27, 68, 350.20, 6.86, 356.61, 0.9943, 0.0621, -0.0835, -0.0243
19:36:28, 2.30, 69, 350.29, 6.80, 356.61, 0.9944, 0.0616, -0.0827, -0.0244
19:36:28, 2.30, 69, 350.36, 6.71, 356.65, 0.9945, 0.0608, -0.0821, -0.0242
19:36:28, 2.33, 70, 350.45, 6.63, 356.67, 0.9946, 0.0600, -0.0814, -0.0241
19:36:28, 2.33, 70, 350.55, 6.44, 356.72, 0.9948, 0.0583, -0.0806, -0.0239
19:36:28, 2.37, 71, 350.63, 6.25, 356.76, 0.9949, 0.0566, -0.0800, -0.0237
19:36:28, 2.37, 71, 350.73, 6.10, 356.81, 0.9951, 0.0552, -0.0792, -0.0234
19:36:28, 2.37, 71, 350.80, 5.91, 356.85, 0.9952, 0.0536, -0.0787, -0.0232
19:36:28, 2.40, 72, 350.89, 5.78, 356.88, 0.9953, 0.0524, -0.0779, -0.0231
19:36:28, 2.40, 72, 350.97, 5.59, 356.92, 0.9955, 0.0507, -0.0773, -0.0229
19:36:28, 2.43, 73, 351.08, 5.39, 356.96, 0.9956, 0.0489, -0.0764, -0.0227
19:36:28, 2.43, 73, 351.17, 5.25, 357.00, 0.9957, 0.0477, -0.0757, -0.0225
19:36:28, 2.43, 73, 351.25, 5.09, 357.04, 0.9959, 0.0462, -0.0750, -0.0223
19:36:28, 2.47, 74, 351.36, 4.93, 357.02, 0.9960, 0.0449, -0.0741, -0.0227
19:36:28, 2.47, 74, 351.49, 4.77, 356.99, 0.9961, 0.0434, -0.0731, -0.0231
19:36:28, 2.50, 75, 351.60, 4.62, 356.99, 0.9962, 0.0421, -0.0721, -0.0232
19:36:28, 2.50, 75, 351.72, 4.47, 357.01, 0.9964, 0.0408, -0.0711, -0.0232
19:36:28, 2.53, 76, 351.82, 4.33, 357.03, 0.9965, 0.0395, -0.0703, -0.0232
19:36:28, 2.53, 76, 351.95, 4.19, 357.03, 0.9966, 0.0383, -0.0692, -0.0232
19:36:28, 2.53, 76, 352.08, 4.07, 357.05, 0.9967, 0.0372, -0.0681, -0.0232
19:36:28, 2.57, 77, 352.17, 3.95, 357.01, 0.9968, 0.0362, -0.0673, -0.0237
19:36:28, 2.57, 77, 352.29, 3.82, 357.02, 0.9969, 0.0350, -0.0663, -0.0237
19:36:28, 2.60, 78, 352.38, 3.73, 357.02, 0.9970, 0.0342, -0.0655, -0.0238
19:36:28, 2.60, 78, 352.49, 3.62, 357.03, 0.9971, 0.0332, -0.0646, -0.0238
19:36:28, 2.60, 78, 352.58, 3.53, 357.03, 0.9971, 0.0324, -0.0639, -0.0239
19:36:28, 2.63, 79, 352.67, 3.43, 357.01, 0.9972, 0.0315, -0.0631, -0.0241
19:36:28, 2.63, 79, 352.75, 3.32, 357.02, 0.9973, 0.0306, -0.0624, -0.0241
19:36:29, 2.67, 80, 352.84, 3.23, 357.04, 0.9974, 0.0297, -0.0617, -0.0240
19:36:29, 2.67, 80, 352.89, 3.11, 357.08, 0.9974, 0.0286, -0.0613, -0.0238
19:36:29, 2.70, 81, 352.94, 2.99, 357.09, 0.9975, 0.0276, -0.0609, -0.0237
19:36:29, 2.70, 81, 352.98, 2.85, 357.08, 0.9975, 0.0264, -0.0605, -0.0239
19:36:29, 2.70, 81, 353.03, 2.71, 357.06, 0.9976, 0.0252, -0.0602, -0.0242
19:36:29, 2.73, 82, 353.07, 2.59, 357.09, 0.9976, 0.0241, -0.0598, -0.0240
19:36:29, 2.73, 82, 353.10, 2.46, 357.10, 0.9977, 0.0230, -0.0596, -0.0240
19:36:29, 2.77, 83, 353.11, 2.33, 357.11, 0.9977, 0.0218, -0.0595, -0.0239
19:36:29, 2.77, 83, 353.15, 2.22, 357.10, 0.9977, 0.0208, -0.0592, -0.0241
19:36:29, 2.77, 83, 353.16, 2.09, 357.10, 0.9978, 0.0197, -0.0592, -0.0242
19:36:29, 2.80, 84, 353.16, 1.96, 357.09, 0.9978, 0.0186, -0.0592, -0.0243
19:36:29, 2.80, 84, 353.17, 1.84, 357.10, 0.9978, 0.0175, -0.0591, -0.0243
19:36:29, 2.83, 85, 353.18, 1.71, 357.10, 0.9978, 0.0164, -0.0591, -0.0243
19:36:29, 2.83, 85, 353.21, 1.59, 357.09, 0.9978, 0.0154, -0.0589, -0.0245
19:36:29, 2.87, 86, 353.24, 1.48, 357.08, 0.9979, 0.0144, -0.0586, -0.0246
19:36:29, 2.87, 86, 353.25, 1.37, 357.08, 0.9979, 0.0134, -0.0586, -0.0247
19:36:29, 2.87, 86, 353.26, 1.28, 357.08, 0.9979, 0.0126, -0.0585, -0.0248
19:36:29, 2.90, 87, 353.28, 1.20, 357.05, 0.9979, 0.0119, -0.0583, -0.0251
19:36:29, 2.90, 87, 353.30, 1.15, 357.05, 0.9979, 0.0116, -0.0581, -0.0251
19:36:29, 2.93, 88, 353.33, 1.11, 357.02, 0.9979, 0.0112, -0.0579, -0.0254
19:36:29, 2.93, 88, 353.35, 1.09, 357.01, 0.9979, 0.0110, -0.0577, -0.0255
19:36:29, 2.93, 88, 353.38, 1.08, 357.04, 0.9980, 0.0109, -0.0575, -0.0252
19:36:29, 2.97, 89, 353.41, 1.07, 357.04, 0.9980, 0.0108, -0.0572, -0.0253
19:36:29, 2.97, 89, 353.40, 1.08, 357.05, 0.9980, 0.0109, -0.0573, -0.0251
19:36:29, 3.00, 90, 353.41, 1.06, 357.06, 0.9980, 0.0107, -0.0572, -0.0250
19:36:29, 3.00, 90, 353.42, 1.08, 357.07, 0.9980, 0.0108, -0.0572, -0.0250
19:36:29, 3.03, 91, 353.43, 1.08, 357.07, 0.9980, 0.0109, -0.0571, -0.0250
19:36:29, 3.03, 91, 353.42, 1.09, 357.06, 0.9980, 0.0110, -0.0571, -0.0250
19:36:29, 3.03, 91, 353.41, 1.11, 357.07, 0.9980, 0.0111, -0.0572, -0.0250
19:36:29, 3.07, 92, 353.40, 1.12, 357.06, 0.9980, 0.0113, -0.0573, -0.0251
19:36:29, 3.07, 92, 353.39, 1.15, 357.05, 0.9980, 0.0115, -0.0574, -0.0251
19:36:29, 3.10, 93, 353.37, 1.15, 357.05, 0.9980, 0.0115, -0.0576, -0.0251
19:36:29, 3.10, 93, 353.33, 1.19, 357.06, 0.9979, 0.0119, -0.0579, -0.0250
19:36:29, 3.10, 93, 353.33, 1.17, 357.07, 0.9979, 0.0117, -0.0579, -0.0249
19:36:29, 3.13, 94, 353.30, 1.19, 357.09, 0.9979, 0.0118, -0.0581, -0.0247
19:36:29, 3.13, 94, 353.29, 1.18, 357.09, 0.9979, 0.0117, -0.0582, -0.0248
19:36:29, 3.17, 95, 353.27, 1.15, 357.10, 0.9979, 0.0115, -0.0585, -0.0247
19:36:29, 3.17, 95, 353.26, 1.15, 357.12, 0.9979, 0.0115, -0.0585, -0.0245
19:36:29, 3.17, 95, 353.23, 1.17, 357.15, 0.9979, 0.0116, -0.0588, -0.0242
19:36:29, 3.20, 96, 353.20, 1.19, 357.16, 0.9979, 0.0119, -0.0590, -0.0241
19:36:29, 3.20, 96, 353.18, 1.18, 357.16, 0.9979, 0.0117, -0.0592, -0.0241
19:36:29, 3.23, 97, 353.18, 1.17, 357.08, 0.9979, 0.0117, -0.0592, -0.0248
19:36:29, 3.23, 97, 353.18, 1.17, 357.06, 0.9979, 0.0117, -0.0592, -0.0250
19:36:29, 3.27, 98, 353.19, 1.17, 357.05, 0.9979, 0.0117, -0.0591, -0.0251
19:36:29, 3.27, 98, 353.18, 1.18, 357.06, 0.9979, 0.0118, -0.0592, -0.0250
19:36:29, 3.27, 98, 353.19, 1.18, 357.07, 0.9979, 0.0118, -0.0591, -0.0249
19:36:29, 3.30, 99, 353.20, 1.22, 357.08, 0.9979, 0.0121, -0.0591, -0.0248
19:36:29, 3.30, 99, 353.20, 1.24, 357.08, 0.9979, 0.0123, -0.0590, -0.0248
19:36:29, 3.33, 100, 353.21, 1.26, 357.09, 0.9979, 0.0125, -0.0589, -0.0247
19:36:29, 3.33, 100, 353.22, 1.30, 357.08, 0.9979, 0.0128, -0.0588, -0.0247
19:36:29, 3.33, 100, 353.19, 1.30, 357.09, 0.9979, 0.0128, -0.0591, -0.0246
19:36:29, 3.37, 101, 353.21, 1.30, 357.09, 0.9979, 0.0128, -0.0589, -0.0247
19:36:29, 3.37, 101, 353.20, 1.31, 357.09, 0.9979, 0.0129, -0.0590, -0.0246
19:36:29, 3.40, 102, 353.17, 1.34, 357.09, 0.9979, 0.0132, -0.0593, -0.0246
19:36:29, 3.40, 102, 353.16, 1.36, 357.09, 0.9978, 0.0133, -0.0593, -0.0247
19:36:29, 3.43, 103, 353.13, 1.39, 357.09, 0.9978, 0.0136, -0.0596, -0.0246
19:36:29, 3.43, 103, 353.12, 1.40, 357.12, 0.9978, 0.0137, -0.0597, -0.0243
19:36:29, 3.43, 103, 353.10, 1.39, 357.13, 0.9978, 0.0136, -0.0599, -0.0243
19:36:29, 3.47, 104, 353.08, 1.39, 357.10, 0.9978, 0.0136, -0.0600, -0.0245
19:36:29, 3.47, 104, 353.08, 1.37, 357.11, 0.9978, 0.0134, -0.0600, -0.0245
19:36:29, 3.50, 105, 353.09, 1.34, 357.12, 0.9978, 0.0132, -0.0600, -0.0244
19:36:29, 3.50, 105, 353.07, 1.32, 357.14, 0.9978, 0.0130, -0.0601, -0.0242
19:36:29, 3.50, 105, 353.07, 1.30, 357.17, 0.9978, 0.0128, -0.0601, -0.0240
19:36:29, 3.53, 106, 353.07, 1.30, 357.16, 0.9978, 0.0128, -0.0601, -0.0240
19:36:29, 3.53, 106, 353.08, 1.29, 357.17, 0.9978, 0.0127, -0.0601, -0.0240
19:36:29, 3.57, 107, 353.09, 1.27, 357.16, 0.9978, 0.0125, -0.0600, -0.0240
19:36:29, 3.57, 107, 353.10, 1.22, 357.15, 0.9978, 0.0122, -0.0599, -0.0242
19:36:29, 3.60, 108, 353.10, 1.19, 357.16, 0.9978, 0.0119, -0.0599, -0.0241
19:36:29, 3.60, 108, 353.09, 1.15, 357.16, 0.9978, 0.0115, -0.0600, -0.0241
19:36:29, 3.60, 108, 353.10, 1.12, 357.14, 0.9978, 0.0113, -0.0599, -0.0243
19:36:29, 3.63, 109, 353.12, 1.07, 357.14, 0.9979, 0.0108, -0.0598, -0.0244
19:36:29, 3.63, 109, 353.13, 1.06, 357.14, 0.9979, 0.0107, -0.0597, -0.0244
19:36:30, 3.67, 110, 353.13, 1.04, 357.14, 0.9979, 0.0105, -0.0596, -0.0244
19:36:30, 3.67, 110, 353.16, 1.03, 357.12, 0.9979, 0.0105, -0.0594, -0.0245
19:36:30, 3.67, 110, 353.18, 1.01, 357.11, 0.9979, 0.0103, -0.0593, -0.0246
19:36:30, 3.70, 111, 353.19, 1.00, 357.15, 0.9979, 0.0102, -0.0592, -0.0243
19:36:30, 3.70, 111, 353.20, 0.99, 357.13, 0.9979, 0.0101, -0.0591, -0.0245
19:36:30, 3.73, 112, 353.21, 0.98, 357.14, 0.9979, 0.0100, -0.0590, -0.0244
19:36:30, 3.73, 112, 353.23, 0.96, 357.14, 0.9979, 0.0098, -0.0588, -0.0244
19:36:30, 3.77, 113, 353.24, 0.93, 357.13, 0.9979, 0.0096, -0.0587, -0.0245
19:36:30, 3.77, 113, 353.25, 0.92, 357.12, 0.9979, 0.0095, -0.0587, -0.0246
19:36:30, 3.77, 113, 353.25, 0.88, 357.10, 0.9979, 0.0091, -0.0587, -0.0248
19:36:30, 3.80, 114, 353.25, 0.89, 357.10, 0.9979, 0.0092, -0.0587, -0.0248
19:36:30, 3.80, 114, 353.24, 0.86, 357.12, 0.9979, 0.0089, -0.0588, -0.0246
19:36:30, 3.83, 115, 353.25, 0.82, 357.12, 0.9979, 0.0086, -0.0587, -0.0246
19:36:30, 3.83, 115, 353.24, 0.76, 357.15, 0.9979, 0.0081, -0.0588, -0.0244
19:36:30, 3.83, 115, 353.23, 0.75, 357.17, 0.9979, 0.0080, -0.0589, -0.0243
19:36:30, 3.87, 116, 353.22, 0.69, 357.15, 0.9979, 0.0075, -0.0589, -0.0245
19:36:30, 3.87, 116, 353.23, 0.64, 357.18, 0.9979, 0.0071, -0.0589, -0.0242
19:36:30, 3.90, 117, 353.20, 0.56, 357.24, 0.9979, 0.0063, -0.0591, -0.0238
19:36:30, 3.90, 117, 353.19, 0.55, 357.24, 0.9979, 0.0062, -0.0593, -0.0237
19:36:30, 3.93, 118, 353.19, 0.50, 357.24, 0.9979, 0.0058, -0.0593, -0.0238
19:36:30, 3.93, 118, 353.17, 0.41, 357.24, 0.9979, 0.0050, -0.0594, -0.0238
19:36:30, 3.93, 118, 353.20, 0.34, 357.22, 0.9979, 0.0044, -0.0592, -0.0241
19:36:30, 3.97, 119, 353.20, 0.30, 357.21, 0.9979, 0.0040, -0.0592, -0.0242
19:36:30, 3.97, 119, 353.22, 0.25, 357.22, 0.9980, 0.0036, -0.0591, -0.0241
19:36:30, 4.00, 120, 353.22, 0.22, 357.22, 0.9980, 0.0034, -0.0590, -0.0241
19:36:30, 4.00, 120, 353.26, 0.18, 357.24, 0.9980, 0.0030, -0.0587, -0.0239
19:36:30, 4.00, 120, 353.25, 0.14, 357.25, 0.9980, 0.0026, -0.0588, -0.0239
19:36:30, 4.03, 121, 353.27, 0.09, 357.25, 0.9980, 0.0022, -0.0586, -0.0239
19:36:30, 4.03, 121, 353.28, 0.04, 357.27, 0.9980, 0.0017, -0.0586, -0.0238
19:36:30, 4.07, 122, 353.27, 0.00, 357.25, 0.9980, 0.0014, -0.0587, -0.0240
19:36:30, 4.07, 122, 353.25, 359.97, 357.27, 0.9980, 0.0011, -0.0588, -0.0238
19:36:30, 4.10, 123, 353.24, 359.97, 357.29, 0.9980, 0.0012, -0.0589, -0.0236
19:36:30, 4.10, 123, 353.24, 359.96, 357.29, 0.9980, 0.0010, -0.0589, -0.0236
19:36:30, 4.10, 123, 353.21, 359.98, 357.28, 0.9980, 0.0012, -0.0592, -0.0237
19:36:30, 4.13, 124, 353.20, 0.00, 357.30, 0.9980, 0.0014, -0.0593, -0.0235
19:36:30, 4.13, 124, 353.16, 0.02, 357.34, 0.9979, 0.0016, -0.0596, -0.0232
19:36:30, 4.17, 125, 353.13, 0.01, 357.37, 0.9979, 0.0014, -0.0599, -0.0229
19:36:30, 4.17, 125, 353.11, 0.02, 357.34, 0.9979, 0.0016, -0.0601, -0.0232
19:36:30, 4.17, 125, 353.09, 359.98, 357.31, 0.9979, 0.0013, -0.0603, -0.0234
19:36:30, 4.20, 126, 353.07, 359.96, 357.33, 0.9979, 0.0011, -0.0604, -0.0233
19:36:30, 4.20, 126, 353.05, 359.95, 357.35, 0.9979, 0.0009, -0.0606, -0.0231
19:36:30, 4.23, 127, 353.03, 359.97, 357.38, 0.9979, 0.0011, -0.0607, -0.0229
19:36:30, 4.23, 127, 353.01, 0.00, 357.39, 0.9979, 0.0014, -0.0609, -0.0227
19:36:30, 4.27, 128, 353.00, 0.05, 357.39, 0.9979, 0.0018, -0.0610, -0.0227
19:36:30, 4.27, 128, 352.98, 0.04, 357.41, 0.9979, 0.0017, -0.0612, -0.0225
19:36:30, 4.27, 128, 352.97, 0.06, 357.44, 0.9979, 0.0019, -0.0613, -0.0223
19:36:30, 4.30, 129, 352.94, 0.08, 357.44, 0.9979, 0.0021, -0.0615, -0.0222
19:36:30, 4.30, 129, 352.90, 0.10, 357.46, 0.9978, 0.0022, -0.0619, -0.0220
19:36:30, 4.33, 130, 352.88, 0.11, 357.45, 0.9978, 0.0024, -0.0621, -0.0221
19:36:30, 4.33, 130, 352.88, 0.14, 357.45, 0.9978, 0.0026, -0.0621, -0.0222
19:36:30, 4.33, 130, 352.85, 0.17, 357.44, 0.9978, 0.0029, -0.0623, -0.0222
19:36:30, 4.37, 131, 352.85, 0.23, 357.45, 0.9978, 0.0034, -0.0623, -0.0221
19:36:30, 4.37, 131, 352.85, 0.26, 357.44, 0.9978, 0.0037, -0.0623, -0.0222
19:36:30, 4.40, 132, 352.83, 0.30, 357.46, 0.9978, 0.0040, -0.0624, -0.0219
19:36:30, 4.40, 132, 352.83, 0.34, 357.47, 0.9978, 0.0043, -0.0624, -0.0218
19:36:30, 4.43, 133, 352.86, 0.39, 357.48, 0.9978, 0.0047, -0.0622, -0.0217
19:36:30, 4.43, 133, 352.83, 0.43, 357.51, 0.9978, 0.0051, -0.0624, -0.0215
19:36:30, 4.43, 133, 352.83, 0.50, 357.49, 0.9978, 0.0058, -0.0625, -0.0216
19:36:30, 4.47, 134, 352.83, 0.54, 357.48, 0.9978, 0.0060, -0.0624, -0.0217
19:36:30, 4.47, 134, 352.84, 0.58, 357.47, 0.9978, 0.0065, -0.0623, -0.0217
19:36:30, 4.50, 135, 352.82, 0.63, 357.46, 0.9978, 0.0068, -0.0625, -0.0218
19:36:30, 4.50, 135, 352.81, 0.65, 357.45, 0.9978, 0.0070, -0.0626, -0.0219
19:36:30, 4.50, 135, 352.78, 0.69, 357.41, 0.9978, 0.0074, -0.0628, -0.0221
19:36:30, 4.53, 136, 352.79, 0.70, 357.44, 0.9978, 0.0075, -0.0627, -0.0219
19:36:30, 4.53, 136, 352.76, 0.75, 357.46, 0.9977, 0.0079, -0.0630, -0.0217
19:36:30, 4.57, 137, 352.75, 0.78, 357.42, 0.9977, 0.0082, -0.0630, -0.0220
19:36:30, 4.57, 137, 352.75, 0.77, 357.44, 0.9977, 0.0081, -0.0630, -0.0219
19:36:30, 4.60, 138, 352.73, 0.76, 357.45, 0.9977, 0.0081, -0.0632, -0.0218
19:36:30, 4.60, 138, 352.72, 0.77, 357.47, 0.9977, 0.0081, -0.0633, -0.0216
19:36:30, 4.60, 138, 352.70, 0.79, 357.48, 0.9977, 0.0083, -0.0635, -0.0215
19:36:30, 4.63, 139, 352.69, 0.77, 357.46, 0.9977, 0.0081, -0.0635, -0.0217
19:36:30, 4.63, 139, 352.69, 0.76, 357.43, 0.9977, 0.0080, -0.0635, -0.0220
19:36:31, 4.67, 140, 352.70, 0.75, 357.34, 0.9977, 0.0080, -0.0635, -0.0227
19:36:31, 4.67, 140, 352.73, 0.75, 357.35, 0.9977, 0.0080, -0.0632, -0.0227
19:36:31, 4.67, 140, 352.73, 0.72, 357.36, 0.9977, 0.0078, -0.0632, -0.0226
19:36:31, 4.70, 141, 352.74, 0.70, 357.36, 0.9977, 0.0075, -0.0632, -0.0226
19:36:31, 4.70, 141, 352.78, 0.67, 357.36, 0.9977, 0.0073, -0.0628, -0.0226
19:36:31, 4.73, 142, 352.79, 0.66, 357.34, 0.9977, 0.0072, -0.0627, -0.0228
19:36:31, 4.73, 142, 352.84, 0.66, 357.33, 0.9978, 0.0072, -0.0623, -0.0229
19:36:31, 4.77, 143, 352.86, 0.65, 357.33, 0.9978, 0.0071, -0.0621, -0.0229
19:36:31, 4.77, 143, 352.88, 0.60, 357.31, 0.9978, 0.0067, -0.0620, -0.0231
19:36:31, 4.77, 143, 352.91, 0.58, 357.29, 0.9978, 0.0065, -0.0617, -0.0233
19:36:31, 4.80, 144, 352.97, 0.55, 357.27, 0.9978, 0.0062, -0.0611, -0.0235
19:36:31, 4.80, 144, 352.99, 0.52, 357.24, 0.9978, 0.0060, -0.0610, -0.0237
19:36:31, 4.83, 145, 353.03, 0.49, 357.20, 0.9979, 0.0058, -0.0606, -0.0241
19:36:31, 4.83, 145, 353.05, 0.48, 357.24, 0.9979, 0.0057, -0.0605, -0.0238
19:36:31, 4.87, 146, 353.07, 0.43, 357.24, 0.9979, 0.0052, -0.0604, -0.0238
19:36:31, 4.87, 146, 353.08, 0.43, 357.22, 0.9979, 0.0052, -0.0602, -0.0240
19:36:31, 4.87, 146, 353.11, 0.41, 357.18, 0.9979, 0.0050, -0.0600, -0.0243
19:36:31, 4.90, 147, 353.12, 0.40, 357.15, 0.9979, 0.0050, -0.0599, -0.0246
19:36:31, 4.90, 147, 353.15, 0.35, 357.14, 0.9979, 0.0046, -0.0597, -0.0248
19:36:31, 4.93, 148, 353.17, 0.34, 357.17, 0.9979, 0.0044, -0.0594, -0.0244
19:36:31, 4.93, 148, 353.20, 0.33, 357.17, 0.9979, 0.0044, -0.0592, -0.0244
19:36:31, 4.93, 148, 353.22, 0.32, 357.15, 0.9979, 0.0043, -0.0590, -0.0246
19:36:31, 4.97, 149, 353.25, 0.31, 357.14, 0.9980, 0.0041, -0.0588, -0.0247
19:36:31, 4.97, 149, 353.27, 0.30, 357.14, 0.9980, 0.0040, -0.0586, -0.0248
19:36:31, 5.00, 150, 353.26, 0.29, 357.13, 0.9980, 0.0040, -0.0587, -0.0248
19:36:31, 5.00, 150, 353.29, 0.30, 357.13, 0.9980, 0.0041, -0.0585, -0.0249
19:36:31, 5.03, 151, 353.31, 0.28, 357.12, 0.9980, 0.0039, -0.0583, -0.0249
19:36:31, 5.03, 151, 353.31, 0.29, 357.11, 0.9980, 0.0040, -0.0582, -0.0250
19:36:31, 5.03, 151, 353.33, 0.29, 357.11, 0.9980, 0.0040, -0.0581, -0.0250
19:36:31, 5.07, 152, 353.36, 0.30, 357.09, 0.9980, 0.0041, -0.0579, -0.0252
19:36:31, 5.07, 152, 353.35, 0.31, 357.08, 0.9980, 0.0042, -0.0579, -0.0253
19:36:31, 5.10, 153, 353.37, 0.32, 357.09, 0.9980, 0.0043, -0.0578, -0.0252
19:36:31, 5.10, 153, 353.38, 0.33, 357.09, 0.9980, 0.0043, -0.0577, -0.0252
19:36:31, 5.10, 153, 353.38, 0.35, 357.08, 0.9980, 0.0045, -0.0576, -0.0253
19:36:31, 5.13, 154, 353.38, 0.37, 357.08, 0.9980, 0.0047, -0.0576, -0.0252
19:36:31, 5.13, 154, 353.38, 0.38, 357.09, 0.9980, 0.0048, -0.0576, -0.0252
19:36:31, 5.17, 155, 353.37, 0.40, 357.09, 0.9980, 0.0049, -0.0577, -0.0252
19:36:31, 5.17, 155, 353.37, 0.42, 357.07, 0.9980, 0.0052, -0.0577, -0.0253
19:36:31, 5.17, 155, 353.36, 0.47, 357.07, 0.9980, 0.0055, -0.0578, -0.0253
19:36:31, 5.20, 156, 353.37, 0.47, 357.06, 0.9980, 0.0056, -0.0577, -0.0254
19:36:31, 5.20, 156, 353.36, 0.50, 357.06, 0.9980, 0.0059, -0.0578, -0.0254
19:36:31, 5.23, 157, 353.36, 0.53, 357.05, 0.9980, 0.0061, -0.0578, -0.0254
19:36:31, 5.23, 157, 353.36, 0.55, 357.06, 0.9980, 0.0063, -0.0578, -0.0254
19:36:31, 5.27, 158, 353.36, 0.59, 357.08, 0.9980, 0.0066, -0.0578, -0.0252
19:36:31, 5.27, 158, 353.36, 0.64, 357.09, 0.9980, 0.0070, -0.0577, -0.0250
19:36:31, 5.27, 158, 353.35, 0.66, 357.07, 0.9980, 0.0072, -0.0578, -0.0252
19:36:31, 5.30, 159, 353.36, 0.67, 357.10, 0.9980, 0.0073, -0.0578, -0.0249
19:36:31, 5.30, 159, 353.36, 0.67, 357.10, 0.9980, 0.0073, -0.0577, -0.0249
19:36:31, 5.33, 160, 353.35, 0.70, 357.11, 0.9980, 0.0076, -0.0578, -0.0248
19:36:31, 5.33, 160, 353.34, 0.75, 357.14, 0.9980, 0.0080, -0.0579, -0.0246
19:36:31, 5.33, 160, 353.34, 0.78, 357.11, 0.9980, 0.0082, -0.0579, -0.0248
19:36:31, 5.37, 161, 353.35, 0.76, 357.09, 0.9980, 0.0081, -0.0578, -0.0250
19:36:31, 5.37, 161, 353.37, 0.79, 357.06, 0.9980, 0.0083, -0.0577, -0.0252
19:36:31, 5.40, 162, 353.39, 0.78, 357.05, 0.9980, 0.0082, -0.0575, -0.0253
19:36:31, 5.40, 162, 353.39, 0.79, 357.07, 0.9980, 0.0084, -0.0574, -0.0251
19:36:31, 5.43, 163, 353.41, 0.81, 357.11, 0.9980, 0.0085, -0.0573, -0.0248
19:36:31, 5.43, 163, 353.42, 0.82, 357.10, 0.9980, 0.0086, -0.0572, -0.0249
19:36:31, 5.43, 163, 353.43, 0.83, 357.07, 0.9980, 0.0087, -0.0571, -0.0251
19:36:31, 5.47, 164, 353.45, 0.84, 357.05, 0.9980, 0.0088, -0.0569, -0.0253
19:36:31, 5.47, 164, 353.47, 0.81, 357.03, 0.9980, 0.0086, -0.0568, -0.0255
19:36:31, 5.50, 165, 353.47, 0.81, 357.04, 0.9980, 0.0086, -0.0568, -0.0254
19:36:31, 5.50, 165, 353.46, 0.79, 357.06, 0.9980, 0.0083, -0.0568, -0.0253
19:36:31, 5.50, 165, 353.46, 0.77, 357.06, 0.9980, 0.0082, -0.0568, -0.0252
19:36:31, 5.53, 166, 353.46, 0.77, 357.05, 0.9980, 0.0081, -0.0568, -0.0253
19:36:31, 5.53, 166, 353.47, 0.75, 357.04, 0.9980, 0.0080, -0.0567, -0.0254
19:36:31, 5.57, 167, 353.47, 0.74, 357.06, 0.9980, 0.0079, -0.0568, -0.0253
19:36:31, 5.57, 167, 353.46, 0.72, 357.08, 0.9980, 0.0078, -0.0569, -0.0250
19:36:31, 5.60, 168, 353.45, 0.69, 357.09, 0.9980, 0.0075, -0.0570, -0.0250
19:36:31, 5.60, 168, 353.46, 0.63, 357.06, 0.9980, 0.0069, -0.0568, -0.0253
19:36:31, 5.60, 168, 353.47, 0.59, 357.06, 0.9980, 0.0066, -0.0568, -0.0253
19:36:31, 5.63, 169, 353.47, 0.57, 357.08, 0.9981, 0.0064, -0.0568, -0.0252
19:36:31, 5.63, 169, 353.46, 0.56, 357.08, 0.9980, 0.0063, -0.0569, -0.0251
19:36:32, 5.67, 170, 353.46, 0.52, 357.08, 0.9980, 0.0060, -0.0569, -0.0252
19:36:32, 5.67, 170, 353.46, 0.50, 357.09, 0.9980, 0.0058, -0.0570, -0.0251
19:36:32, 5.67, 170, 353.46, 0.46, 357.09, 0.9980, 0.0054, -0.0569, -0.0251
19:36:32, 5.70, 171, 353.45, 0.44, 357.10, 0.9980, 0.0052, -0.0570, -0.0251
19:36:32, 5.70, 171, 353.44, 0.38, 357.10, 0.9980, 0.0048, -0.0571, -0.0251
19:36:32, 5.73, 172, 353.44, 0.34, 357.11, 0.9980, 0.0044, -0.0572, -0.0250
19:36:32, 5.73, 172, 353.43, 0.28, 357.10, 0.9980, 0.0039, -0.0573, -0.0252
19:36:32, 5.77, 173, 353.41, 0.24, 357.09, 0.9980, 0.0035, -0.0574, -0.0252
19:36:32, 5.77, 173, 353.41, 0.20, 357.09, 0.9980, 0.0032, -0.0574, -0.0253
19:36:32, 5.77, 173, 353.40, 0.18, 357.08, 0.9980, 0.0030, -0.0575, -0.0254
19:36:32, 5.80, 174, 353.41, 0.12, 357.06, 0.9980, 0.0025, -0.0574, -0.0256
19:36:32, 5.80, 174, 353.42, 0.09, 357.07, 0.9980, 0.0023, -0.0573, -0.0255
19:36:32, 5.83, 175, 353.42, 0.08, 357.08, 0.9980, 0.0021, -0.0574, -0.0254
19:36:32, 5.83, 175, 353.43, 0.07, 357.10, 0.9980, 0.0021, -0.0573, -0.0253
19:36:32, 5.83, 175, 353.45, 0.04, 357.10, 0.9980, 0.0018, -0.0571, -0.0252
19:36:32, 5.87, 176, 353.44, 0.03, 357.14, 0.9981, 0.0017, -0.0572, -0.0249
19:36:32, 5.87, 176, 353.46, 0.02, 357.18, 0.9981, 0.0016, -0.0570, -0.0246
19:36:32, 5.90, 177, 353.46, 0.02, 357.17, 0.9981, 0.0016, -0.0570, -0.0246
19:36:32, 5.90, 177, 353.47, 0.03, 357.17, 0.9981, 0.0017, -0.0570, -0.0246
19:36:32, 5.93, 178, 353.45, 0.05, 357.19, 0.9981, 0.0018, -0.0571, -0.0245
19:36:32, 5.93, 178, 353.46, 0.05, 357.20, 0.9981, 0.0018, -0.0570, -0.0244
19:36:32, 5.93, 178, 353.45, 0.04, 357.19, 0.9981, 0.0018, -0.0571, -0.0245
19:36:32, 5.97, 179, 353.45, 0.04, 357.18, 0.9981, 0.0018, -0.0571, -0.0245
19:36:32, 5.97, 179, 353.44, 0.06, 357.18, 0.9981, 0.0019, -0.0572, -0.0245
19:36:32, 6.00, 180, 353.42, 0.07, 357.20, 0.9981, 0.0021, -0.0573, -0.0244
19:36:32, 6.00, 180, 353.42, 0.09, 357.21, 0.9981, 0.0022, -0.0574, -0.0242
19:36:32, 6.00, 180, 353.41, 0.11, 357.25, 0.9981, 0.0023, -0.0574, -0.0239
19:36:32, 6.03, 181, 353.42, 0.12, 357.25, 0.9981, 0.0024, -0.0574, -0.0239
19:36:32, 6.03, 181, 353.41, 0.13, 357.25, 0.9981, 0.0025, -0.0575, -0.0239
19:36:32, 6.07, 182, 353.40, 0.13, 357.28, 0.9981, 0.0025, -0.0576, -0.0236
19:36:32, 6.07, 182, 353.39, 0.11, 357.31, 0.9981, 0.0023, -0.0576, -0.0233
19:36:32, 6.10, 183, 353.37, 0.14, 357.33, 0.9981, 0.0026, -0.0577, -0.0232
19:36:32, 6.10, 183, 353.36, 0.16, 357.35, 0.9981, 0.0028, -0.0578, -0.0230
19:36:32, 6.10, 183, 353.36, 0.17, 357.32, 0.9980, 0.0029, -0.0579, -0.0232
19:36:32, 6.13, 184, 353.36, 0.18, 357.29, 0.9980, 0.0029, -0.0579, -0.0235
19:36:32, 6.13, 184, 353.38, 0.19, 357.26, 0.9980, 0.0030, -0.0577, -0.0238
19:36:32, 6.17, 185, 353.40, 0.21, 357.26, 0.9981, 0.0032, -0.0575, -0.0237
19:36:32, 6.17, 185, 353.40, 0.21, 357.29, 0.9981, 0.0032, -0.0575, -0.0235
19:36:32, 6.17, 185, 353.42, 0.25, 357.30, 0.9981, 0.0035, -0.0574, -0.0234
19:36:32, 6.20, 186, 353.43, 0.26, 357.27, 0.9981, 0.0036, -0.0572, -0.0236
19:36:32, 6.20, 186, 353.46, 0.28, 357.23, 0.9981, 0.0038, -0.0569, -0.0240
19:36:32, 6.23, 187, 353.46, 0.33, 357.23, 0.9981, 0.0043, -0.0569, -0.0240
19:36:32, 6.23, 187, 353.48, 0.37, 357.22, 0.9981, 0.0046, -0.0568, -0.0241
19:36:32, 6.27, 188, 353.49, 0.43, 357.21, 0.9981, 0.0052, -0.0567, -0.0241
19:36:32, 6.27, 188, 353.50, 0.50, 357.24, 0.9981, 0.0057, -0.0566, -0.0238
19:36:32, 6.27, 188, 353.50, 0.57, 357.23, 0.9981, 0.0063, -0.0565, -0.0238
19:36:32, 6.30, 189, 353.52, 0.61, 357.22, 0.9981, 0.0067, -0.0564, -0.0239
19:36:32, 6.30, 189, 353.53, 0.65, 357.20, 0.9981, 0.0071, -0.0562, -0.0241
19:36:32, 6.33, 190, 353.54, 0.69, 357.23, 0.9981, 0.0074, -0.0562, -0.0238
19:36:32, 6.33, 190, 353.51, 0.75, 357.23, 0.9981, 0.0079, -0.0564, -0.0238
19:36:32, 6.33, 190, 353.52, 0.78, 357.19, 0.9981, 0.0082, -0.0564, -0.0241
19:36:32, 6.37, 191, 353.55, 0.85, 357.16, 0.9981, 0.0088, -0.0561, -0.0243
19:36:32, 6.37, 191, 353.57, 0.87, 357.16, 0.9981, 0.0090, -0.0559, -0.0243
19:36:32, 6.40, 192, 353.54, 0.91, 357.15, 0.9981, 0.0093, -0.0561, -0.0243
19:36:32, 6.40, 192, 353.56, 0.98, 357.14, 0.9981, 0.0099, -0.0559, -0.0245
19:36:32, 6.43, 193, 353.56, 1.00, 357.14, 0.9981, 0.0101, -0.0559, -0.0244
19:36:32, 6.43, 193, 353.56, 1.06, 357.13, 0.9981, 0.0106, -0.0560, -0.0245
19:36:32, 6.43, 193, 353.56, 1.11, 357.11, 0.9981, 0.0111, -0.0559, -0.0246
19:36:32, 6.47, 194, 353.54, 1.12, 357.11, 0.9981, 0.0112, -0.0561, -0.0246
19:36:32, 6.47, 194, 353.54, 1.16, 357.11, 0.9981, 0.0115, -0.0560, -0.0246
19:36:32, 6.50, 195, 353.53, 1.15, 357.14, 0.9981, 0.0114, -0.0561, -0.0243
19:36:32, 6.50, 195, 353.52, 1.16, 357.14, 0.9981, 0.0115, -0.0562, -0.0244
19:36:32, 6.50, 195, 353.54, 1.15, 357.15, 0.9981, 0.0114, -0.0560, -0.0243
19:36:32, 6.53, 196, 353.54, 1.18, 357.14, 0.9981, 0.0117, -0.0560, -0.0244
19:36:32, 6.53, 196, 353.55, 1.17, 357.14, 0.9981, 0.0116, -0.0560, -0.0243
19:36:32, 6.57, 197, 353.56, 1.19, 357.14, 0.9981, 0.0118, -0.0559, -0.0244
19:36:32, 6.57, 197, 353.57, 1.24, 357.13, 0.9981, 0.0122, -0.0558, -0.0244
19:36:32, 6.60, 198, 353.57, 1.24, 357.14, 0.9981, 0.0122, -0.0558, -0.0243
19:36:32, 6.60, 198, 353.58, 1.24, 357.15, 0.9981, 0.0122, -0.0557, -0.0242
19:36:32, 6.60, 198, 353.57, 1.24, 357.17, 0.9981, 0.0122, -0.0558, -0.0240
19:36:32, 6.63, 199, 353.56, 1.24, 357.19, 0.9981, 0.0122, -0.0559, -0.0239
19:36:32, 6.63, 199, 353.54, 1.22, 357.21, 0.9981, 0.0120, -0.0560, -0.0237
19:36:33, 6.67, 200, 353.52, 1.22, 357.23, 0.9981, 0.0120, -0.0562, -0.0235
19:36:33, 6.67, 200, 353.49, 1.20, 357.24, 0.9981, 0.0118, -0.0565, -0.0234
19:36:33, 6.67, 200, 353.45, 1.21, 357.27, 0.9980, 0.0119, -0.0569, -0.0232
19:36:33, 6.70, 201, 353.45, 1.16, 357.25, 0.9980, 0.0115, -0.0569, -0.0234
19:36:33, 6.70, 201, 353.40, 1.11, 357.27, 0.9980, 0.0110, -0.0573, -0.0232
19:36:33, 6.73, 202, 353.38, 1.03, 357.32, 0.9980, 0.0104, -0.0575, -0.0228
19:36:33, 6.73, 202, 353.29, 0.97, 357.35, 0.9980, 0.0098, -0.0583, -0.0226
19:36:33, 6.77, 203, 353.24, 0.89, 357.43, 0.9980, 0.0090, -0.0588, -0.0220
19:36:33, 6.77, 203, 353.21, 0.88, 357.47, 0.9980, 0.0090, -0.0591, -0.0216
19:36:33, 6.77, 203, 353.14, 0.87, 357.50, 0.9980, 0.0088, -0.0596, -0.0213
19:36:33, 6.80, 204, 353.10, 0.84, 357.57, 0.9979, 0.0086, -0.0600, -0.0207
19:36:33, 6.80, 204, 353.06, 0.76, 357.67, 0.9979, 0.0078, -0.0604, -0.0199
19:36:33, 6.83, 205, 352.97, 0.69, 357.74, 0.9979, 0.0072, -0.0611, -0.0193
19:36:33, 6.83, 205, 352.93, 0.62, 357.81, 0.9979, 0.0066, -0.0615, -0.0188
19:36:33, 6.83, 205, 352.89, 0.52, 357.90, 0.9979, 0.0057, -0.0620, -0.0180
19:36:33, 6.87, 206, 352.87, 0.38, 357.89, 0.9979, 0.0044, -0.0621, -0.0182
19:36:33, 6.87, 206, 352.86, 0.30, 357.91, 0.9979, 0.0037, -0.0622, -0.0180
19:36:33, 6.90, 207, 352.85, 0.17, 357.96, 0.9979, 0.0026, -0.0624, -0.0177
19:36:33, 6.90, 207, 352.83, 0.02, 358.03, 0.9979, 0.0012, -0.0625, -0.0171
19:36:33, 6.93, 208, 352.80, 359.85, 358.18, 0.9979, -0.0003, -0.0628, -0.0160
19:36:33, 6.93, 208, 352.81, 359.69, 358.27, 0.9979, -0.0018, -0.0628, -0.0153
19:36:33, 6.93, 208, 352.77, 359.65, 358.29, 0.9979, -0.0021, -0.0631, -0.0151
19:36:33, 6.97, 209, 352.75, 359.64, 358.37, 0.9979, -0.0022, -0.0633, -0.0144
19:36:33, 6.97, 209, 352.74, 359.63, 358.42, 0.9979, -0.0024, -0.0634, -0.0140
19:36:33, 7.00, 210, 352.69, 359.61, 358.47, 0.9979, -0.0025, -0.0638, -0.0136
19:36:33, 7.00, 210, 352.63, 359.57, 358.58, 0.9978, -0.0030, -0.0643, -0.0126
19:36:33, 7.00, 210, 352.61, 359.55, 358.63, 0.9978, -0.0032, -0.0645, -0.0121
19:36:33, 7.03, 211, 352.56, 359.49, 358.66, 0.9978, -0.0037, -0.0649, -0.0120
19:36:33, 7.03, 211, 352.52, 359.45, 358.74, 0.9978, -0.0041, -0.0653, -0.0113
19:36:33, 7.07, 212, 352.47, 359.40, 358.81, 0.9978, -0.0045, -0.0657, -0.0107
19:36:33, 7.07, 212, 352.41, 359.35, 358.87, 0.9977, -0.0050, -0.0662, -0.0102
19:36:33, 7.10, 213, 352.38, 359.30, 358.92, 0.9977, -0.0054, -0.0665, -0.0098
19:36:33, 7.10, 213, 352.38, 359.24, 358.94, 0.9977, -0.0060, -0.0665, -0.0097
19:36:33, 7.10, 213, 352.36, 359.20, 358.97, 0.9977, -0.0064, -0.0666, -0.0094
19:36:33, 7.13, 214, 352.34, 359.15, 359.05, 0.9977, -0.0069, -0.0669, -0.0088
19:36:33, 7.13, 214, 352.32, 359.13, 359.13, 0.9977, -0.0071, -0.0670, -0.0081
19:36:33, 7.17, 215, 352.30, 359.12, 359.17, 0.9977, -0.0072, -0.0672, -0.0077
19:36:33, 7.17, 215, 352.29, 359.10, 359.19, 0.9977, -0.0073, -0.0673, -0.0076
19:36:33, 7.17, 215, 352.29, 359.07, 359.23, 0.9977, -0.0077, -0.0673, -0.0072
19:36:33, 7.20, 216, 352.26, 359.03, 359.29, 0.9977, -0.0080, -0.0675, -0.0067
19:36:33, 7.20, 216, 352.28, 359.05, 359.31, 0.9977, -0.0079, -0.0674, -0.0066
19:36:33, 7.23, 217, 352.26, 359.04, 359.34, 0.9977, -0.0080, -0.0676, -0.0063
19:36:33, 7.23, 217, 352.25, 359.08, 359.38, 0.9977, -0.0076, -0.0676, -0.0059
19:36:33, 7.27, 218, 352.21, 359.06, 359.39, 0.9976, -0.0078, -0.0680, -0.0059
19:36:33, 7.27, 218, 352.20, 359.03, 359.42, 0.9976, -0.0081, -0.0681, -0.0056
19:36:33, 7.27, 218, 352.19, 358.99, 359.47, 0.9976, -0.0085, -0.0681, -0.0052
19:36:33, 7.30, 219, 352.20, 358.97, 359.47, 0.9976, -0.0087, -0.0681, -0.0052
19:36:33, 7.30, 219, 352.21, 358.93, 359.46, 0.9976, -0.0090, -0.0679, -0.0054
19:36:33, 7.33, 220, 352.21, 358.91, 359.48, 0.9976, -0.0092, -0.0680, -0.0052
19:36:33, 7.33, 220, 352.20, 358.90, 359.51, 0.9976, -0.0092, -0.0681, -0.0049
19:36:33, 7.37, 221, 352.18, 358.87, 359.55, 0.9976, -0.0096, -0.0682, -0.0046
19:36:33, 7.37, 221, 352.17, 358.87, 359.58, 0.9976, -0.0096, -0.0683, -0.0044
19:36:33, 7.37, 221, 352.18, 358.83, 359.58, 0.9976, -0.0099, -0.0682, -0.0044
19:36:33, 7.40, 222, 352.17, 358.80, 359.60, 0.9976, -0.0102, -0.0683, -0.0042
19:36:33, 7.40, 222, 352.19, 358.75, 359.68, 0.9976, -0.0107, -0.0681, -0.0036
19:36:33, 7.43, 223, 352.22, 358.72, 359.70, 0.9976, -0.0110, -0.0679, -0.0033
19:36:33, 7.43, 223, 352.24, 358.65, 359.76, 0.9976, -0.0116, -0.0677, -0.0029
19:36:33, 7.43, 223, 352.26, 358.64, 359.78, 0.9976, -0.0118, -0.0675, -0.0027
19:36:33, 7.47, 224, 352.31, 358.56, 359.81, 0.9977, -0.0124, -0.0671, -0.0025
19:36:33, 7.47, 224, 352.33, 358.50, 359.90, 0.9977, -0.0130, -0.0669, -0.0017
19:36:33, 7.50, 225, 352.35, 358.45, 359.98, 0.9977, -0.0135, -0.0667, -0.0010
19:36:33, 7.50, 225, 352.40, 358.39, 0.05, 0.9977, -0.0140, -0.0663, -0.0005
19:36:33, 7.53, 226, 352.45, 358.33, 0.14, 0.9977, -0.0146, -0.0658, 0.0003
19:36:33, 7.53, 226, 352.50, 358.29, 0.20, 0.9977, -0.0150, -0.0654, 0.0008
19:36:33, 7.53, 226, 352.61, 358.22, 0.23, 0.9978, -0.0156, -0.0644, 0.0010
19:36:33, 7.57, 227, 352.72, 358.08, 0.23, 0.9978, -0.0169, -0.0634, 0.0009
19:36:33, 7.57, 227, 352.78, 357.85, 0.29, 0.9978, -0.0189, -0.0629, 0.0014
19:36:33, 7.60, 228, 352.86, 357.59, 0.37, 0.9978, -0.0212, -0.0622, 0.0019
19:36:33, 7.60, 228, 352.96, 357.39, 0.44, 0.9979, -0.0230, -0.0613, 0.0025
19:36:33, 7.60, 228, 353.04, 357.22, 0.44, 0.9979, -0.0244, -0.0606, 0.0024
19:36:33, 7.63, 229, 353.15, 357.08, 0.46, 0.9979, -0.0257, -0.0596, 0.0025
19:36:33, 7.63, 229, 353.22, 356.94, 0.48, 0.9979, -0.0269, -0.0590, 0.0026
19:36:34, 7.67, 230, 353.29, 356.92, 0.47, 0.9979, -0.0271, -0.0584, 0.0026
19:36:34, 7.67, 230, 353.34, 356.88, 0.50, 0.9979, -0.0274, -0.0579, 0.0028
19:36:34, 7.70, 231, 353.41, 356.86, 0.54, 0.9980, -0.0276, -0.0573, 0.0031
19:36:34, 7.70, 231, 353.47, 356.85, 0.56, 0.9980, -0.0277, -0.0568, 0.0033
19:36:34, 7.70, 231, 353.54, 356.76, 0.57, 0.9980, -0.0285, -0.0561, 0.0034
19:36:34, 7.73, 232, 353.57, 356.72, 0.59, 0.9980, -0.0289, -0.0559, 0.0035
19:36:34, 7.73, 232, 353.62, 356.61, 0.61, 0.9980, -0.0298, -0.0555, 0.0037
19:36:34, 7.77, 233, 353.66, 356.53, 0.61, 0.9980, -0.0306, -0.0552, 0.0037
19:36:34, 7.77, 233, 353.67, 356.46, 0.59, 0.9980, -0.0311, -0.0550, 0.0034
19:36:34, 7.77, 233, 353.70, 356.39, 0.58, 0.9980, -0.0318, -0.0548, 0.0033
19:36:34, 7.80, 234, 353.71, 356.31, 0.57, 0.9980, -0.0325, -0.0547, 0.0032
19:36:34, 7.80, 234, 353.70, 356.21, 0.57, 0.9979, -0.0333, -0.0547, 0.0032
19:36:34, 7.83, 235, 353.70, 356.09, 0.54, 0.9979, -0.0343, -0.0548, 0.0028
19:36:34, 7.83, 235, 353.69, 356.01, 0.53, 0.9979, -0.0350, -0.0549, 0.0027
19:36:34, 7.83, 235, 353.69, 355.94, 0.53, 0.9979, -0.0356, -0.0548, 0.0026
19:36:34, 7.87, 236, 353.64, 355.88, 0.51, 0.9978, -0.0361, -0.0553, 0.0024
19:36:34, 7.87, 236, 353.60, 355.77, 0.49, 0.9978, -0.0371, -0.0557, 0.0022
19:36:34, 7.90, 237, 353.52, 355.68, 0.50, 0.9977, -0.0379, -0.0563, 0.0022
19:36:34, 7.90, 237, 353.49, 355.65, 0.50, 0.9977, -0.0382, -0.0565, 0.0022
19:36:34, 7.93, 238, 353.43, 355.68, 0.54, 0.9976, -0.0379, -0.0571, 0.0025
19:36:34, 7.93, 238, 353.40, 355.73, 0.57, 0.9977, -0.0374, -0.0573, 0.0028
19:36:34, 7.93, 238, 353.37, 355.71, 0.57, 0.9976, -0.0376, -0.0576, 0.0028
19:36:34, 7.97, 239, 353.37, 355.74, 0.58, 0.9976, -0.0374, -0.0576, 0.0029
19:36:34, 7.97, 239, 353.37, 355.79, 0.59, 0.9976, -0.0370, -0.0576, 0.0030
19:36:34, 8.00, 240, 353.36, 355.85, 0.59, 0.9977, -0.0365, -0.0577, 0.0030
19:36:34, 8.00, 240, 353.37, 355.94, 0.58, 0.9977, -0.0357, -0.0576, 0.0030
19:36:34, 8.00, 240, 353.34, 356.01, 0.63, 0.9977, -0.0350, -0.0578, 0.0035
19:36:34, 8.03, 241, 353.34, 356.08, 0.65, 0.9977, -0.0345, -0.0579, 0.0037
19:36:34, 8.03, 241, 353.31, 356.14, 0.65, 0.9977, -0.0340, -0.0581, 0.0037
19:36:34, 8.07, 242, 353.26, 356.20, 0.65, 0.9977, -0.0335, -0.0586, 0.0037
19:36:34, 8.07, 242, 353.21, 356.30, 0.67, 0.9977, -0.0326, -0.0590, 0.0039
19:36:34, 8.10, 243, 353.12, 356.36, 0.69, 0.9977, -0.0320, -0.0598, 0.0041
19:36:34, 8.10, 243, 353.05, 356.36, 0.66, 0.9977, -0.0320, -0.0604, 0.0038
19:36:34, 8.10, 243, 352.95, 356.21, 0.60, 0.9976, -0.0333, -0.0612, 0.0032
19:36:34, 8.13, 244, 352.84, 356.06, 0.54, 0.9975, -0.0346, -0.0622, 0.0026
19:36:34, 8.13, 244, 352.73, 355.92, 0.45, 0.9974, -0.0358, -0.0632, 0.0017
19:36:34, 8.17, 245, 352.62, 355.84, 0.36, 0.9973, -0.0364, -0.0642, 0.0008
19:36:34, 8.17, 245, 352.51, 355.73, 0.33, 0.9972, -0.0374, -0.0652, 0.0004
19:36:34, 8.17, 245, 352.39, 355.69, 0.32, 0.9971, -0.0377, -0.0662, 0.0003
19:36:34, 8.20, 246, 352.32, 355.71, 0.34, 0.9971, -0.0375, -0.0668, 0.0004
19:36:34, 8.20, 246, 352.28, 355.77, 0.35, 0.9971, -0.0370, -0.0672, 0.0006
19:36:34, 8.23, 247, 352.27, 355.79, 0.38, 0.9971, -0.0369, -0.0673, 0.0008
19:36:34, 8.23, 247, 352.31, 355.78, 0.40, 0.9971, -0.0370, -0.0669, 0.0010
19:36:34, 8.27, 248, 352.32, 355.76, 0.41, 0.9971, -0.0372, -0.0668, 0.0011
19:36:34, 8.27, 248, 352.35, 355.79, 0.42, 0.9971, -0.0369, -0.0665, 0.0012
19:36:34, 8.27, 248, 352.43, 355.89, 0.45, 0.9972, -0.0360, -0.0658, 0.0016
19:36:34, 8.30, 249, 352.51, 355.97, 0.46, 0.9972, -0.0354, -0.0651, 0.0017
19:36:34, 8.30, 249, 352.58, 356.05, 0.49, 0.9973, -0.0346, -0.0645, 0.0020
19:36:34, 8.33, 250, 352.63, 356.13, 0.50, 0.9974, -0.0340, -0.0641, 0.0022
19:36:34, 8.33, 250, 352.69, 356.23, 0.55, 0.9974, -0.0331, -0.0635, 0.0027
19:36:34, 8.33, 250, 352.75, 356.31, 0.57, 0.9975, -0.0324, -0.0631, 0.0029
19:36:34, 8.37, 251, 352.81, 356.33, 0.56, 0.9975, -0.0322, -0.0625, 0.0029
19:36:34, 8.37, 251, 352.84, 356.37, 0.62, 0.9975, -0.0319, -0.0622, 0.0034
19:36:34, 8.40, 252, 352.86, 356.40, 0.64, 0.9976, -0.0317, -0.0620, 0.0036
19:36:34, 8.40, 252, 352.87, 356.43, 0.68, 0.9976, -0.0314, -0.0619, 0.0040
19:36:34, 8.43, 253, 352.91, 356.49, 0.70, 0.9976, -0.0310, -0.0616, 0.0042
19:36:34, 8.43, 253, 352.92, 356.51, 0.71, 0.9976, -0.0307, -0.0616, 0.0043
19:36:34, 8.43, 253, 352.90, 356.53, 0.71, 0.9976, -0.0306, -0.0617, 0.0044
19:36:34, 8.47, 254, 352.90, 356.58, 0.76, 0.9976, -0.0302, -0.0617, 0.0048
19:36:34, 8.47, 254, 352.84, 356.63, 0.78, 0.9976, -0.0298, -0.0622, 0.0050
19:36:34, 8.50, 255, 352.81, 356.68, 0.78, 0.9976, -0.0293, -0.0625, 0.0050
19:36:34, 8.50, 255, 352.76, 356.67, 0.79, 0.9976, -0.0294, -0.0629, 0.0051
19:36:34, 8.50, 255, 352.72, 356.62, 0.80, 0.9975, -0.0299, -0.0632, 0.0051
19:36:34, 8.53, 256, 352.68, 356.63, 0.79, 0.9975, -0.0298, -0.0636, 0.0050
19:36:34, 8.53, 256, 352.63, 356.66, 0.76, 0.9975, -0.0295, -0.0641, 0.0047
19:36:34, 8.57, 257, 352.56, 356.68, 0.73, 0.9975, -0.0293, -0.0647, 0.0045
19:36:34, 8.57, 257, 352.50, 356.69, 0.71, 0.9974, -0.0292, -0.0652, 0.0043
19:36:34, 8.60, 258, 352.44, 356.69, 0.69, 0.9974, -0.0292, -0.0657, 0.0041
19:36:34, 8.60, 258, 352.34, 356.68, 0.68, 0.9973, -0.0293, -0.0666, 0.0040
19:36:34, 8.60, 258, 352.30, 356.66, 0.67, 0.9973, -0.0294, -0.0669, 0.0039
19:36:34, 8.63, 259, 352.27, 356.68, 0.67, 0.9973, -0.0293, -0.0672, 0.0039
19:36:34, 8.63, 259, 352.24, 356.68, 0.66, 0.9973, -0.0293, -0.0675, 0.0038
19:36:35, 8.67, 260, 352.23, 356.69, 0.67, 0.9973, -0.0292, -0.0676, 0.0039
19:36:35, 8.67, 260, 352.23, 356.73, 0.68, 0.9973, -0.0289, -0.0676, 0.0040
19:36:35, 8.67, 260, 352.21, 356.77, 0.69, 0.9973, -0.0285, -0.0677, 0.0041
19:36:35, 8.70, 261, 352.22, 356.79, 0.75, 0.9973, -0.0284, -0.0677, 0.0046
19:36:35, 8.70, 261, 352.20, 356.83, 0.79, 0.9973, -0.0280, -0.0678, 0.0050
19:36:35, 8.73, 262, 352.19, 356.89, 0.82, 0.9973, -0.0276, -0.0679, 0.0053
19:36:35, 8.73, 262, 352.18, 356.93, 0.82, 0.9973, -0.0272, -0.0679, 0.0053
19:36:35, 8.77, 263, 352.16, 356.95, 0.86, 0.9973, -0.0271, -0.0681, 0.0057
19:36:35, 8.77, 263, 352.16, 356.99, 0.90, 0.9973, -0.0268, -0.0681, 0.0060
19:36:35, 8.77, 263, 352.13, 357.03, 0.93, 0.9973, -0.0264, -0.0684, 0.0063
19:36:35, 8.80, 264, 352.10, 357.06, 0.96, 0.9973, -0.0262, -0.0686, 0.0066
19:36:35, 8.80, 264, 352.08, 357.05, 0.97, 0.9973, -0.0262, -0.0688, 0.0067
19:36:35, 8.83, 265, 352.06, 357.02, 0.94, 0.9972, -0.0265, -0.0690, 0.0064
19:36:35, 8.83, 265, 352.07, 357.01, 0.95, 0.9972, -0.0266, -0.0689, 0.0065
19:36:35, 8.87, 266, 352.05, 357.02, 0.95, 0.9972, -0.0265, -0.0691, 0.0064
19:36:35, 8.87, 266, 352.05, 357.03, 0.96, 0.9972, -0.0265, -0.0691, 0.0066
19:36:35, 8.87, 266, 352.04, 357.04, 0.98, 0.9972, -0.0264, -0.0692, 0.0067
19:36:35, 8.90, 267, 352.05, 357.08, 0.98, 0.9972, -0.0260, -0.0691, 0.0068
19:36:35, 8.90, 267, 352.06, 357.09, 0.98, 0.9973, -0.0259, -0.0690, 0.0068
19:36:35, 8.93, 268, 352.09, 357.12, 0.97, 0.9973, -0.0257, -0.0687, 0.0067
19:36:35, 8.93, 268, 352.12, 357.10, 0.95, 0.9973, -0.0258, -0.0685, 0.0066
19:36:35, 8.93, 268, 352.14, 357.14, 0.96, 0.9973, -0.0255, -0.0683, 0.0066
19:36:35, 8.97, 269, 352.18, 357.16, 0.94, 0.9973, -0.0253, -0.0680, 0.0065
19:36:35, 8.97, 269, 352.18, 357.20, 0.93, 0.9974, -0.0249, -0.0679, 0.0064
19:36:35, 9.00, 270, 352.23, 357.23, 0.90, 0.9974, -0.0246, -0.0676, 0.0062
19:36:35, 9.00, 270, 352.25, 357.31, 0.93, 0.9974, -0.0240, -0.0674, 0.0065
19:36:35, 9.03, 271, 352.27, 357.35, 0.93, 0.9974, -0.0236, -0.0672, 0.0065
19:36:35, 9.03, 271, 352.29, 357.38, 0.94, 0.9975, -0.0234, -0.0671, 0.0067
19:36:35, 9.03, 271, 352.31, 357.38, 0.91, 0.9975, -0.0233, -0.0668, 0.0064
19:36:35, 9.07, 272, 352.33, 357.40, 0.89, 0.9975, -0.0231, -0.0667, 0.0062
19:36:35, 9.07, 272, 352.36, 357.42, 0.88, 0.9975, -0.0229, -0.0665, 0.0062
19:36:35, 9.10, 273, 352.38, 357.43, 0.89, 0.9975, -0.0229, -0.0662, 0.0062
19:36:35, 9.10, 273, 352.37, 357.47, 0.89, 0.9975, -0.0226, -0.0663, 0.0063
19:36:35, 9.10, 273, 352.37, 357.53, 0.90, 0.9975, -0.0220, -0.0664, 0.0064
19:36:35, 9.13, 274, 352.39, 357.56, 0.89, 0.9976, -0.0218, -0.0662, 0.0063
19:36:35, 9.13, 274, 352.41, 357.57, 0.87, 0.9976, -0.0217, -0.0660, 0.0062
19:36:35, 9.17, 275, 352.41, 357.56, 0.87, 0.9976, -0.0218, -0.0660, 0.0061
19:36:35, 9.17, 275, 352.41, 357.58, 0.88, 0.9976, -0.0216, -0.0660, 0.0063
19:36:35, 9.17, 275, 352.39, 357.58, 0.86, 0.9976, -0.0216, -0.0662, 0.0061
19:36:35, 9.20, 276, 352.40, 357.61, 0.84, 0.9976, -0.0213, -0.0661, 0.0060
19:36:35, 9.20, 276, 352.41, 357.63, 0.83, 0.9976, -0.0211, -0.0660, 0.0059
19:36:35, 9.23, 277, 352.42, 357.64, 0.81, 0.9976, -0.0210, -0.0660, 0.0057
19:36:35, 9.23, 277, 352.44, 357.66, 0.79, 0.9976, -0.0208, -0.0658, 0.0055
19:36:35, 9.27, 278, 352.45, 357.70, 0.79, 0.9976, -0.0205, -0.0657, 0.0056
19:36:35, 9.27, 278, 352.47, 357.71, 0.75, 0.9976, -0.0204, -0.0655, 0.0052
19:36:35, 9.27, 278, 352.49, 357.72, 0.76, 0.9976, -0.0203, -0.0654, 0.0053
19:36:35, 9.30, 279, 352.50, 357.73, 0.76, 0.9977, -0.0202, -0.0653, 0.0053
19:36:35, 9.30, 279, 352.52, 357.75, 0.74, 0.9977, -0.0200, -0.0651, 0.0051
19:36:35, 9.33, 280, 352.53, 357.77, 0.72, 0.9977, -0.0198, -0.0650, 0.0050
19:36:35, 9.33, 280, 352.53, 357.76, 0.67, 0.9977, -0.0199, -0.0650, 0.0045
19:36:35, 9.33, 280, 352.54, 357.80, 0.69, 0.9977, -0.0196, -0.0650, 0.0048
19:36:35, 9.37, 281, 352.52, 357.82, 0.70, 0.9977, -0.0194, -0.0651, 0.0048
19:36:35, 9.37, 281, 352.51, 357.86, 0.69, 0.9977, -0.0190, -0.0652, 0.0048
19:36:35, 9.40, 282, 352.51, 357.87, 0.68, 0.9977, -0.0189, -0.0652, 0.0047
19:36:35, 9.40, 282, 352.49, 357.85, 0.68, 0.9977, -0.0191, -0.0653, 0.0047
19:36:35, 9.43, 283, 352.48, 357.84, 0.70, 0.9977, -0.0192, -0.0655, 0.0048
19:36:35, 9.43, 283, 352.45, 357.86, 0.75, 0.9976, -0.0191, -0.0657, 0.0053
19:36:35, 9.43, 283, 352.42, 357.86, 0.74, 0.9976, -0.0190, -0.0659, 0.0052
19:36:35, 9.47, 284, 352.42, 357.86, 0.71, 0.9976, -0.0190, -0.0660, 0.0049
19:36:35, 9.47, 284, 352.41, 357.86, 0.69, 0.9976, -0.0191, -0.0661, 0.0048
19:36:35, 9.50, 285, 352.40, 357.84, 0.69, 0.9976, -0.0192, -0.0661, 0.0047
19:36:35, 9.50, 285, 352.39, 357.83, 0.71, 0.9976, -0.0193, -0.0662, 0.0049
19:36:35, 9.53, 286, 352.37, 357.86, 0.76, 0.9976, -0.0191, -0.0664, 0.0053
19:36:35, 9.53, 286, 352.36, 357.87, 0.77, 0.9976, -0.0190, -0.0665, 0.0054
19:36:35, 9.53, 286, 352.34, 357.86, 0.77, 0.9976, -0.0191, -0.0666, 0.0055
19:36:35, 9.57, 287, 352.34, 357.86, 0.77, 0.9976, -0.0191, -0.0667, 0.0055
19:36:35, 9.57, 287, 352.31, 357.83, 0.77, 0.9976, -0.0194, -0.0669, 0.0054
19:36:35, 9.60, 288, 352.30, 357.84, 0.77, 0.9976, -0.0193, -0.0670, 0.0054
19:36:35, 9.60, 288, 352.29, 357.85, 0.80, 0.9975, -0.0192, -0.0671, 0.0057
19:36:35, 9.60, 288, 352.28, 357.90, 0.79, 0.9975, -0.0187, -0.0672, 0.0057
19:36:35, 9.63, 289, 352.27, 357.91, 0.79, 0.9975, -0.0187, -0.0673, 0.0056
19:36:35, 9.63, 289, 352.26, 357.91, 0.79, 0.9975, -0.0186, -0.0674, 0.0057
19:36:36, 9.67, 290, 352.24, 357.94, 0.83, 0.9975, -0.0184, -0.0675, 0.0060
19:36:36, 9.67, 290, 352.22, 357.94, 0.82, 0.9975, -0.0184, -0.0677, 0.0060
19:36:36, 9.70, 291, 352.20, 357.93, 0.82, 0.9975, -0.0185, -0.0679, 0.0059
19:36:36, 9.70, 291, 352.21, 357.92, 0.80, 0.9975, -0.0186, -0.0678, 0.0057
19:36:36, 9.70, 291, 352.20, 357.91, 0.81, 0.9975, -0.0186, -0.0679, 0.0058
19:36:36, 9.73, 292, 352.20, 357.93, 0.83, 0.9975, -0.0185, -0.0679, 0.0060
19:36:36, 9.73, 292, 352.18, 357.96, 0.87, 0.9975, -0.0183, -0.0681, 0.0064
19:36:36, 9.77, 293, 352.17, 357.96, 0.87, 0.9975, -0.0183, -0.0681, 0.0064
19:36:36, 9.77, 293, 352.16, 357.97, 0.87, 0.9975, -0.0182, -0.0682, 0.0063
19:36:36, 9.77, 293, 352.16, 357.98, 0.86, 0.9975, -0.0181, -0.0682, 0.0063
19:36:36, 9.80, 294, 352.14, 357.99, 0.87, 0.9975, -0.0180, -0.0684, 0.0063
19:36:36, 9.80, 294, 352.12, 357.99, 0.88, 0.9975, -0.0180, -0.0686, 0.0064
19:36:36, 9.83, 295, 352.09, 357.99, 0.89, 0.9974, -0.0181, -0.0688, 0.0065
19:36:36, 9.83, 295, 352.09, 357.99, 0.88, 0.9974, -0.0180, -0.0689, 0.0065
19:36:36, 9.87, 296, 352.06, 358.01, 0.87, 0.9974, -0.0179, -0.0691, 0.0064
19:36:36, 9.87, 296, 352.05, 358.01, 0.87, 0.9974, -0.0178, -0.0692, 0.0064
19:36:36, 9.87, 296, 352.02, 358.02, 0.87, 0.9974, -0.0177, -0.0694, 0.0064
19:36:36, 9.90, 297, 352.01, 358.03, 0.86, 0.9974, -0.0176, -0.0695, 0.0063
19:36:36, 9.90, 297, 351.96, 358.06, 0.86, 0.9974, -0.0174, -0.0699, 0.0063
19:36:36, 9.93, 298, 351.95, 358.14, 0.89, 0.9974, -0.0168, -0.0700, 0.0066
19:36:36, 9.93, 298, 351.90, 358.17, 0.89, 0.9974, -0.0165, -0.0705, 0.0066
19:36:36, 9.93, 298, 351.88, 358.19, 0.88, 0.9973, -0.0163, -0.0706, 0.0065
19:36:36, 9.97, 299, 351.85, 358.19, 0.88, 0.9973, -0.0163, -0.0710, 0.0065
19:36:36, 9.97, 299, 351.82, 358.19, 0.89, 0.9973, -0.0163, -0.0712, 0.0066
