Timestamp, VideoTime, VideoFrame, HeadYaw, HeadPitch, HeadRoll, HeadQuatW, HeadQuatX, HeadQuatY, HeadQuatZ
19:41:19, 0.00, 0, 317.33, 2.04, 359.44, 0.9313, 0.0183, -0.3637, 0.0019
19:41:19, 0.03, 1, 316.91, 2.45, 359.24, 0.9300, 0.0223, -0.3670, 0.0017
19:41:19, 0.03, 1, 316.52, 2.74, 359.10, 0.9286, 0.0251, -0.3701, 0.0016
19:41:19, 0.03, 1, 316.18, 3.03, 359.00, 0.9275, 0.0278, -0.3728, 0.0018
19:41:19, 0.07, 2, 315.93, 3.23, 358.93, 0.9267, 0.0296, -0.3747, 0.0019
19:41:19, 0.07, 2, 315.66, 3.46, 358.89, 0.9257, 0.0316, -0.3769, 0.0024
19:41:19, 0.10, 3, 315.47, 3.69, 358.89, 0.9251, 0.0335, -0.3784, 0.0032
19:41:19, 0.10, 3, 315.26, 3.97, 358.85, 0.9243, 0.0358, -0.3800, 0.0039
19:41:19, 0.10, 3, 315.10, 4.27, 358.83, 0.9237, 0.0383, -0.3813, 0.0048
19:41:19, 0.13, 4, 314.96, 4.48, 358.77, 0.9231, 0.0402, -0.3823, 0.0051
19:41:19, 0.13, 4, 314.84, 4.64, 358.78, 0.9227, 0.0415, -0.3832, 0.0057
19:41:19, 0.13, 4, 314.69, 4.68, 358.78, 0.9222, 0.0418, -0.3844, 0.0059
19:41:19, 0.17, 5, 314.65, 4.76, 358.81, 0.9220, 0.0423, -0.3848, 0.0064
19:41:19, 0.17, 5, 314.60, 4.79, 358.87, 0.9218, 0.0424, -0.3852, 0.0070
19:41:19, 0.20, 6, 314.59, 4.92, 358.92, 0.9218, 0.0433, -0.3852, 0.0079
19:41:19, 0.20, 6, 314.63, 5.04, 358.99, 0.9218, 0.0439, -0.3850, 0.0088
19:41:19, 0.23, 7, 314.63, 5.20, 359.06, 0.9218, 0.0450, -0.3849, 0.0100
19:41:19, 0.23, 7, 314.61, 5.37, 359.12, 0.9217, 0.0462, -0.3851, 0.0110
19:41:19, 0.23, 7, 314.62, 5.56, 359.12, 0.9216, 0.0477, -0.3849, 0.0116
19:41:19, 0.27, 8, 314.59, 5.73, 359.13, 0.9215, 0.0491, -0.3851, 0.0123
19:41:19, 0.27, 8, 314.56, 5.89, 359.12, 0.9213, 0.0503, -0.3854, 0.0127
19:41:19, 0.30, 9, 314.51, 6.02, 359.12, 0.9211, 0.0514, -0.3858, 0.0132
19:41:19, 0.30, 9, 314.43, 6.15, 359.14, 0.9208, 0.0524, -0.3863, 0.0139
19:41:19, 0.33, 10, 314.36, 6.28, 359.13, 0.9205, 0.0534, -0.3869, 0.0143
19:41:19, 0.33, 10, 314.27, 6.45, 359.10, 0.9201, 0.0549, -0.3875, 0.0146
19:41:19, 0.33, 10, 314.17, 6.60, 359.08, 0.9197, 0.0561, -0.3883, 0.0150
19:41:19, 0.37, 11, 314.08, 6.73, 359.04, 0.9194, 0.0573, -0.3889, 0.0152
19:41:19, 0.37, 11, 314.00, 6.88, 359.01, 0.9190, 0.0586, -0.3895, 0.0155
19:41:19, 0.40, 12, 313.94, 6.98, 358.99, 0.9188, 0.0595, -0.3900, 0.0157
19:41:19, 0.40, 12, 313.94, 7.06, 358.99, 0.9187, 0.0601, -0.3900, 0.0160
19:41:19, 0.40, 12, 313.96, 7.15, 359.01, 0.9188, 0.0608, -0.3898, 0.0164
19:41:19, 0.43, 13, 314.01, 7.28, 358.99, 0.9189, 0.0618, -0.3894, 0.0167
19:41:19, 0.43, 13, 314.06, 7.39, 358.99, 0.9190, 0.0628, -0.3889, 0.0171
19:41:19, 0.47, 14, 314.11, 7.47, 358.98, 0.9191, 0.0634, -0.3885, 0.0172
19:41:19, 0.47, 14, 314.19, 7.57, 358.99, 0.9193, 0.0642, -0.3878, 0.0176
19:41:19, 0.50, 15, 314.27, 7.68, 358.98, 0.9196, 0.0652, -0.3871, 0.0178
19:41:19, 0.50, 15, 314.38, 7.81, 358.98, 0.9199, 0.0662, -0.3862, 0.0182
19:41:19, 0.50, 15, 314.50, 7.91, 358.98, 0.9202, 0.0670, -0.3852, 0.0185
19:41:19, 0.53, 16, 314.63, 7.99, 358.99, 0.9206, 0.0677, -0.3841, 0.0187
19:41:19, 0.53, 16, 314.74, 8.06, 358.99, 0.9209, 0.0682, -0.3833, 0.0189
19:41:19, 0.57, 17, 314.85, 8.12, 359.00, 0.9213, 0.0687, -0.3824, 0.0192
19:41:19, 0.57, 17, 314.98, 8.17, 358.97, 0.9217, 0.0692, -0.3813, 0.0190
19:41:19, 0.57, 17, 315.11, 8.19, 358.89, 0.9221, 0.0696, -0.3802, 0.0184
19:41:19, 0.60, 18, 315.24, 8.23, 358.82, 0.9225, 0.0702, -0.3790, 0.0178
19:41:19, 0.60, 18, 315.37, 8.26, 358.77, 0.9230, 0.0707, -0.3780, 0.0174
19:41:19, 0.63, 19, 315.48, 8.31, 358.71, 0.9233, 0.0713, -0.3770, 0.0170
19:41:19, 0.63, 19, 315.60, 8.36, 358.65, 0.9237, 0.0719, -0.3760, 0.0167
19:41:20, 0.67, 20, 315.72, 8.41, 358.58, 0.9240, 0.0726, -0.3750, 0.0162
19:41:20, 0.67, 20, 315.85, 8.48, 358.50, 0.9244, 0.0734, -0.3739, 0.0156
19:41:20, 0.67, 20, 316.01, 8.51, 358.49, 0.9249, 0.0737, -0.3726, 0.0156
19:41:20, 0.70, 21, 316.13, 8.55, 358.44, 0.9253, 0.0742, -0.3715, 0.0153
19:41:20, 0.70, 21, 316.27, 8.59, 358.43, 0.9258, 0.0746, -0.3704, 0.0152
19:41:20, 0.73, 22, 316.41, 8.61, 358.45, 0.9262, 0.0747, -0.3693, 0.0153
19:41:20, 0.73, 22, 316.54, 8.64, 358.47, 0.9266, 0.0749, -0.3682, 0.0155
19:41:20, 0.73, 22, 316.67, 8.68, 358.49, 0.9270, 0.0752, -0.3671, 0.0157
19:41:20, 0.77, 23, 316.81, 8.76, 358.49, 0.9274, 0.0759, -0.3660, 0.0159
19:41:20, 0.77, 23, 316.94, 8.80, 358.48, 0.9278, 0.0762, -0.3649, 0.0159
19:41:20, 0.80, 24, 317.06, 8.87, 358.50, 0.9281, 0.0767, -0.3639, 0.0161
19:41:20, 0.80, 24, 317.19, 8.95, 358.52, 0.9285, 0.0773, -0.3629, 0.0165
19:41:20, 0.83, 25, 317.28, 9.00, 358.57, 0.9287, 0.0776, -0.3621, 0.0169
19:41:20, 0.83, 25, 317.37, 9.04, 358.55, 0.9290, 0.0780, -0.3614, 0.0169
19:41:20, 0.83, 25, 317.46, 9.10, 358.56, 0.9292, 0.0784, -0.3607, 0.0171
19:41:20, 0.87, 26, 317.53, 9.13, 358.58, 0.9294, 0.0786, -0.3601, 0.0173
19:41:20, 0.87, 26, 317.57, 9.19, 358.62, 0.9295, 0.0790, -0.3598, 0.0178
19:41:20, 0.90, 27, 317.63, 9.28, 358.66, 0.9297, 0.0796, -0.3593, 0.0183
19:41:20, 0.90, 27, 317.65, 9.39, 358.66, 0.9296, 0.0805, -0.3591, 0.0187
19:41:20, 0.93, 28, 317.69, 9.46, 358.67, 0.9297, 0.0811, -0.3587, 0.0190
19:41:20, 0.93, 28, 317.74, 9.55, 358.67, 0.9298, 0.0818, -0.3583, 0.0192
19:41:20, 0.93, 28, 317.76, 9.65, 358.68, 0.9298, 0.0826, -0.3581, 0.0196
19:41:20, 0.97, 29, 317.82, 9.72, 358.71, 0.9299, 0.0831, -0.3577, 0.0200
19:41:20, 0.97, 29, 317.85, 9.81, 358.71, 0.9300, 0.0838, -0.3573, 0.0203
19:41:20, 1.00, 30, 317.91, 9.88, 358.69, 0.9301, 0.0845, -0.3569, 0.0203
19:41:20, 1.00, 30, 317.99, 9.98, 358.72, 0.9303, 0.0852, -0.3562, 0.0208
19:41:20, 1.00, 30, 318.12, 10.08, 358.74, 0.9306, 0.0860, -0.3551, 0.0212
19:41:20, 1.03, 31, 318.27, 10.22, 358.77, 0.9310, 0.0871, -0.3538, 0.0217
19:41:20, 1.03, 31, 318.45, 10.37, 358.82, 0.9315, 0.0881, -0.3523, 0.0225
19:41:20, 1.07, 32, 318.63, 10.41, 358.86, 0.9320, 0.0884, -0.3509, 0.0227
19:41:20, 1.07, 32, 318.82, 10.46, 358.91, 0.9325, 0.0887, -0.3494, 0.0232
19:41:20, 1.10, 33, 318.98, 10.49, 358.95, 0.9329, 0.0888, -0.3481, 0.0235
19:41:20, 1.10, 33, 319.18, 10.48, 358.96, 0.9335, 0.0888, -0.3465, 0.0234
19:41:20, 1.10, 33, 319.33, 10.53, 358.98, 0.9340, 0.0891, -0.3453, 0.0236
19:41:20, 1.13, 34, 319.48, 10.55, 359.01, 0.9344, 0.0893, -0.3441, 0.0238
19:41:20, 1.13, 34, 319.64, 10.65, 359.02, 0.9348, 0.0900, -0.3428, 0.0240
19:41:20, 1.17, 35, 319.79, 10.69, 359.05, 0.9352, 0.0904, -0.3415, 0.0242
19:41:20, 1.17, 35, 319.91, 10.74, 359.05, 0.9355, 0.0907, -0.3405, 0.0244
19:41:20, 1.17, 35, 320.03, 10.78, 359.05, 0.9359, 0.0911, -0.3395, 0.0244
19:41:20, 1.20, 36, 320.14, 10.84, 359.08, 0.9361, 0.0915, -0.3386, 0.0247
19:41:20, 1.20, 36, 320.23, 10.85, 359.08, 0.9364, 0.0917, -0.3379, 0.0246
19:41:20, 1.23, 37, 320.30, 10.89, 359.09, 0.9366, 0.0919, -0.3373, 0.0248
19:41:20, 1.23, 37, 320.39, 10.93, 359.11, 0.9368, 0.0922, -0.3366, 0.0250
19:41:20, 1.27, 38, 320.45, 10.93, 359.11, 0.9370, 0.0922, -0.3361, 0.0249
19:41:20, 1.27, 38, 320.48, 10.98, 359.14, 0.9370, 0.0925, -0.3359, 0.0253
19:41:20, 1.27, 38, 320.51, 11.01, 359.14, 0.9371, 0.0928, -0.3356, 0.0254
19:41:20, 1.30, 39, 320.56, 11.04, 359.10, 0.9372, 0.0932, -0.3351, 0.0251
19:41:20, 1.30, 39, 320.61, 11.05, 359.05, 0.9374, 0.0934, -0.3347, 0.0247
19:41:20, 1.33, 40, 320.62, 11.07, 359.03, 0.9374, 0.0936, -0.3345, 0.0246
19:41:20, 1.33, 40, 320.65, 11.09, 359.02, 0.9375, 0.0938, -0.3343, 0.0245
19:41:20, 1.33, 40, 320.64, 11.09, 359.00, 0.9374, 0.0939, -0.3344, 0.0243
19:41:20, 1.37, 41, 320.65, 11.13, 358.99, 0.9374, 0.0943, -0.3343, 0.0244
19:41:20, 1.37, 41, 320.65, 11.14, 358.96, 0.9374, 0.0944, -0.3343, 0.0242
19:41:20, 1.40, 42, 320.64, 11.18, 358.96, 0.9374, 0.0948, -0.3344, 0.0243
19:41:20, 1.40, 42, 320.64, 11.18, 358.96, 0.9374, 0.0948, -0.3343, 0.0243
19:41:20, 1.43, 43, 320.61, 11.23, 358.97, 0.9372, 0.0952, -0.3345, 0.0245
19:41:20, 1.43, 43, 320.62, 11.25, 358.98, 0.9373, 0.0953, -0.3345, 0.0247
19:41:20, 1.43, 43, 320.63, 11.25, 359.00, 0.9373, 0.0952, -0.3344, 0.0248
19:41:20, 1.47, 44, 320.64, 11.26, 358.99, 0.9373, 0.0953, -0.3343, 0.0248
19:41:20, 1.47, 44, 320.62, 11.27, 359.00, 0.9372, 0.0954, -0.3345, 0.0249
19:41:20, 1.50, 45, 320.63, 11.28, 359.00, 0.9372, 0.0955, -0.3344, 0.0249
19:41:20, 1.50, 45, 320.61, 11.30, 359.05, 0.9372, 0.0954, -0.3346, 0.0254
19:41:20, 1.50, 45, 320.60, 11.32, 359.06, 0.9371, 0.0956, -0.3347, 0.0256
19:41:20, 1.53, 46, 320.60, 11.34, 359.09, 0.9371, 0.0956, -0.3347, 0.0259
19:41:20, 1.53, 46, 320.59, 11.35, 359.10, 0.9371, 0.0957, -0.3348, 0.0260
19:41:20, 1.57, 47, 320.60, 11.35, 359.09, 0.9371, 0.0957, -0.3347, 0.0259
19:41:20, 1.57, 47, 320.59, 11.34, 359.11, 0.9371, 0.0956, -0.3348, 0.0261
19:41:20, 1.60, 48, 320.57, 11.35, 359.16, 0.9370, 0.0955, -0.3350, 0.0265
19:41:20, 1.60, 48, 320.57, 11.37, 359.19, 0.9370, 0.0956, -0.3350, 0.0268
19:41:20, 1.60, 48, 320.54, 11.36, 359.20, 0.9369, 0.0955, -0.3353, 0.0269
19:41:20, 1.63, 49, 320.53, 11.35, 359.21, 0.9369, 0.0954, -0.3353, 0.0269
19:41:20, 1.63, 49, 320.52, 11.35, 359.23, 0.9368, 0.0953, -0.3355, 0.0271
19:41:21, 1.67, 50, 320.49, 11.36, 359.24, 0.9367, 0.0953, -0.3357, 0.0272
19:41:21, 1.67, 50, 320.49, 11.37, 359.24, 0.9367, 0.0955, -0.3357, 0.0273
19:41:21, 1.67, 50, 320.47, 11.38, 359.24, 0.9367, 0.0956, -0.3358, 0.0273
19:41:21, 1.70, 51, 320.47, 11.42, 359.22, 0.9366, 0.0959, -0.3358, 0.0272
19:41:21, 1.70, 51, 320.46, 11.41, 359.21, 0.9366, 0.0958, -0.3359, 0.0272
19:41:21, 1.73, 52, 320.46, 11.43, 359.20, 0.9366, 0.0960, -0.3359, 0.0272
19:41:21, 1.73, 52, 320.47, 11.44, 359.21, 0.9366, 0.0961, -0.3358, 0.0272
19:41:21, 1.77, 53, 320.49, 11.45, 359.21, 0.9367, 0.0962, -0.3357, 0.0272
19:41:21, 1.77, 53, 320.49, 11.46, 359.20, 0.9367, 0.0963, -0.3356, 0.0272
19:41:21, 1.77, 53, 320.51, 11.48, 359.20, 0.9367, 0.0965, -0.3355, 0.0273
19:41:21, 1.80, 54, 320.52, 11.49, 359.21, 0.9367, 0.0965, -0.3354, 0.0273
19:41:21, 1.80, 54, 320.54, 11.50, 359.21, 0.9368, 0.0966, -0.3352, 0.0273
19:41:21, 1.83, 55, 320.56, 11.52, 359.18, 0.9368, 0.0969, -0.3351, 0.0272
19:41:21, 1.83, 55, 320.57, 11.55, 359.19, 0.9368, 0.0971, -0.3349, 0.0273
19:41:21, 1.83, 55, 320.58, 11.59, 359.18, 0.9368, 0.0974, -0.3349, 0.0274
19:41:21, 1.87, 56, 320.56, 11.61, 359.16, 0.9368, 0.0977, -0.3350, 0.0273
19:41:21, 1.87, 56, 320.56, 11.68, 359.15, 0.9367, 0.0983, -0.3350, 0.0274
19:41:21, 1.90, 57, 320.52, 11.72, 359.13, 0.9365, 0.0986, -0.3353, 0.0274
19:41:21, 1.90, 57, 320.48, 11.77, 359.10, 0.9364, 0.0991, -0.3355, 0.0273
19:41:21, 1.93, 58, 320.40, 11.83, 359.06, 0.9361, 0.0997, -0.3361, 0.0272
19:41:21, 1.93, 58, 320.33, 11.87, 359.03, 0.9359, 0.1001, -0.3367, 0.0272
19:41:21, 1.93, 58, 320.22, 11.96, 358.98, 0.9355, 0.1009, -0.3375, 0.0271
19:41:21, 1.97, 59, 320.12, 12.00, 358.94, 0.9352, 0.1014, -0.3383, 0.0270
19:41:21, 1.97, 59, 319.99, 12.05, 358.92, 0.9348, 0.1019, -0.3393, 0.0271
19:41:21, 2.00, 60, 319.85, 12.09, 358.87, 0.9343, 0.1023, -0.3403, 0.0269
19:41:21, 2.00, 60, 319.69, 12.10, 358.80, 0.9339, 0.1025, -0.3416, 0.0265
19:41:21, 2.00, 60, 319.50, 12.11, 358.73, 0.9333, 0.1028, -0.3431, 0.0262
19:41:21, 2.03, 61, 319.23, 12.15, 358.66, 0.9325, 0.1033, -0.3452, 0.0260
19:41:21, 2.03, 61, 318.92, 12.18, 358.56, 0.9316, 0.1037, -0.3476, 0.0255
19:41:21, 2.07, 62, 318.58, 12.22, 358.47, 0.9305, 0.1043, -0.3502, 0.0253
19:41:21, 2.07, 62, 318.19, 12.27, 358.35, 0.9293, 0.1049, -0.3533, 0.0248
19:41:21, 2.10, 63, 317.80, 12.31, 358.17, 0.9281, 0.1057, -0.3563, 0.0238
19:41:21, 2.10, 63, 317.38, 12.36, 357.99, 0.9268, 0.1066, -0.3595, 0.0229
19:41:21, 2.10, 63, 316.88, 12.39, 357.82, 0.9252, 0.1073, -0.3633, 0.0221
19:41:21, 2.13, 64, 316.34, 12.41, 357.65, 0.9235, 0.1079, -0.3675, 0.0213
19:41:21, 2.13, 64, 315.74, 12.50, 357.42, 0.9215, 0.1093, -0.3721, 0.0203
19:41:21, 2.17, 65, 315.07, 12.55, 357.19, 0.9193, 0.1103, -0.3773, 0.0192
19:41:21, 2.17, 65, 314.40, 12.52, 356.94, 0.9172, 0.1108, -0.3824, 0.0178
19:41:21, 2.17, 65, 313.67, 12.60, 356.71, 0.9147, 0.1121, -0.3879, 0.0169
19:41:21, 2.20, 66, 312.95, 12.66, 356.48, 0.9122, 0.1132, -0.3934, 0.0160
19:41:21, 2.20, 66, 312.25, 12.73, 356.20, 0.9098, 0.1147, -0.3986, 0.0147
19:41:21, 2.23, 67, 311.57, 12.84, 355.93, 0.9074, 0.1164, -0.4037, 0.0137
19:41:21, 2.23, 67, 310.84, 12.95, 355.73, 0.9047, 0.1179, -0.4092, 0.0132
19:41:21, 2.27, 68, 310.19, 13.00, 355.45, 0.9024, 0.1192, -0.4140, 0.0119
19:41:21, 2.27, 68, 309.48, 13.04, 355.21, 0.8998, 0.1203, -0.4193, 0.0109
19:41:21, 2.27, 68, 308.85, 13.11, 354.95, 0.8974, 0.1217, -0.4239, 0.0098
19:41:21, 2.30, 69, 308.16, 13.13, 354.76, 0.8948, 0.1226, -0.4291, 0.0091
19:41:21, 2.30, 69, 307.47, 13.09, 354.61, 0.8923, 0.1228, -0.4344, 0.0085
19:41:21, 2.33, 70, 306.81, 13.11, 354.38, 0.8898, 0.1238, -0.4392, 0.0075
19:41:21, 2.33, 70, 306.03, 13.14, 354.22, 0.8868, 0.1246, -0.4451, 0.0072
19:41:21, 2.33, 70, 305.25, 13.16, 353.98, 0.8837, 0.1256, -0.4508, 0.0063
19:41:21, 2.37, 71, 304.38, 13.12, 353.70, 0.8803, 0.1264, -0.4573, 0.0049
19:41:21, 2.37, 71, 303.46, 13.17, 353.43, 0.8766, 0.1278, -0.4639, 0.0041
19:41:21, 2.40, 72, 302.50, 13.20, 353.14, 0.8727, 0.1292, -0.4709, 0.0031
19:41:21, 2.40, 72, 301.31, 13.12, 352.75, 0.8678, 0.1302, -0.4796, 0.0011
19:41:21, 2.43, 73, 300.11, 13.10, 352.45, 0.8627, 0.1313, -0.4883, 0.0001
19:41:21, 2.43, 73, 298.88, 13.05, 352.07, 0.8575, 0.1326, -0.4972, -0.0015
19:41:21, 2.43, 73, 297.70, 13.00, 351.70, 0.8523, 0.1338, -0.5056, -0.0031
19:41:21, 2.47, 74, 296.68, 12.97, 351.28, 0.8478, 0.1355, -0.5127, -0.0052
19:41:21, 2.47, 74, 295.69, 12.88, 350.94, 0.8434, 0.1364, -0.5197, -0.0070
19:41:21, 2.50, 75, 294.74, 12.80, 350.62, 0.8390, 0.1374, -0.5264, -0.0085
19:41:21, 2.50, 75, 293.88, 12.65, 350.42, 0.8351, 0.1373, -0.5326, -0.0097
19:41:21, 2.50, 75, 293.10, 12.58, 350.24, 0.8315, 0.1377, -0.5381, -0.0104
19:41:21, 2.53, 76, 292.47, 12.49, 350.12, 0.8285, 0.1377, -0.5426, -0.0109
19:41:21, 2.53, 76, 291.94, 12.43, 349.98, 0.8260, 0.1379, -0.5463, -0.0116
19:41:21, 2.57, 77, 291.42, 12.25, 349.90, 0.8236, 0.1371, -0.5502, -0.0124
19:41:21, 2.57, 77, 291.13, 12.01, 349.98, 0.8223, 0.1351, -0.5527, -0.0127
19:41:21, 2.60, 78, 290.81, 11.84, 350.04, 0.8208, 0.1336, -0.5552, -0.0128
19:41:21, 2.60, 78, 290.56, 11.62, 350.13, 0.8197, 0.1316, -0.5574, -0.0129
19:41:21, 2.60, 78, 290.36, 11.57, 350.21, 0.8187, 0.1309, -0.5590, -0.0124
19:41:21, 2.63, 79, 290.25, 11.55, 350.34, 0.8182, 0.1301, -0.5599, -0.0114
19:41:21, 2.63, 79, 290.13, 11.58, 350.41, 0.8176, 0.1301, -0.5608, -0.0106
19:41:22, 2.67, 80, 290.02, 11.61, 350.48, 0.8171, 0.1299, -0.5616, -0.0098
19:41:22, 2.67, 80, 289.85, 11.68, 350.50, 0.8162, 0.1303, -0.5628, -0.0092
19:41:22, 2.67, 80, 289.71, 11.71, 350.51, 0.8155, 0.1305, -0.5638, -0.0087
19:41:22, 2.70, 81, 289.58, 11.79, 350.50, 0.8148, 0.1311, -0.5646, -0.0083
19:41:22, 2.70, 81, 289.42, 11.83, 350.50, 0.8141, 0.1314, -0.5657, -0.0079
19:41:22, 2.73, 82, 289.23, 11.91, 350.48, 0.8131, 0.1321, -0.5669, -0.0075
19:41:22, 2.73, 82, 289.01, 11.94, 350.49, 0.8120, 0.1323, -0.5685, -0.0069
19:41:22, 2.77, 83, 288.77, 11.98, 350.48, 0.8108, 0.1326, -0.5701, -0.0065
19:41:22, 2.77, 83, 288.53, 12.02, 350.46, 0.8096, 0.1330, -0.5717, -0.0062
19:41:22, 2.77, 83, 288.33, 12.09, 350.44, 0.8085, 0.1336, -0.5731, -0.0057
19:41:22, 2.80, 84, 288.14, 12.15, 350.44, 0.8076, 0.1340, -0.5743, -0.0052
19:41:22, 2.80, 84, 287.92, 12.18, 350.43, 0.8065, 0.1343, -0.5758, -0.0049
19:41:22, 2.83, 85, 287.74, 12.22, 350.44, 0.8055, 0.1345, -0.5771, -0.0044
19:41:22, 2.83, 85, 287.60, 12.23, 350.43, 0.8048, 0.1346, -0.5780, -0.0043
19:41:22, 2.87, 86, 287.43, 12.25, 350.46, 0.8040, 0.1346, -0.5792, -0.0037
19:41:22, 2.87, 86, 287.25, 12.27, 350.55, 0.8031, 0.1343, -0.5806, -0.0028
19:41:22, 2.87, 86, 287.05, 12.35, 350.62, 0.8020, 0.1345, -0.5820, -0.0016
19:41:22, 2.90, 87, 286.81, 12.41, 350.69, 0.8008, 0.1346, -0.5837, -0.0005
19:41:22, 2.90, 87, 286.58, 12.47, 350.70, 0.7996, 0.1350, -0.5852, 0.0001
19:41:22, 2.93, 88, 286.38, 12.49, 350.66, 0.7985, 0.1353, -0.5865, 0.0002
19:41:22, 2.93, 88, 286.18, 12.53, 350.65, 0.7975, 0.1356, -0.5879, 0.0005
19:41:22, 2.93, 88, 285.98, 12.59, 350.67, 0.7964, 0.1359, -0.5892, 0.0012
19:41:22, 2.97, 89, 285.78, 12.66, 350.65, 0.7954, 0.1366, -0.5905, 0.0017
19:41:22, 2.97, 89, 285.60, 12.76, 350.61, 0.7945, 0.1374, -0.5916, 0.0022
19:41:22, 3.00, 90, 285.46, 12.84, 350.58, 0.7937, 0.1381, -0.5924, 0.0026
19:41:22, 3.00, 90, 285.29, 12.89, 350.54, 0.7928, 0.1387, -0.5935, 0.0028
19:41:22, 3.03, 91, 285.14, 12.90, 350.53, 0.7920, 0.1388, -0.5945, 0.0029
19:41:22, 3.03, 91, 284.96, 12.93, 350.49, 0.7911, 0.1392, -0.5957, 0.0030
19:41:22, 3.03, 91, 284.78, 12.97, 350.45, 0.7901, 0.1396, -0.5968, 0.0031
19:41:22, 3.07, 92, 284.57, 13.02, 350.42, 0.7890, 0.1402, -0.5982, 0.0035
19:41:22, 3.07, 92, 284.39, 13.08, 350.34, 0.7880, 0.1410, -0.5993, 0.0035
19:41:22, 3.10, 93, 284.19, 13.14, 350.25, 0.7870, 0.1418, -0.6004, 0.0034
19:41:22, 3.10, 93, 284.01, 13.19, 350.16, 0.7860, 0.1426, -0.6015, 0.0033
19:41:22, 3.10, 93, 283.81, 13.24, 350.08, 0.7850, 0.1434, -0.6027, 0.0033
19:41:22, 3.13, 94, 283.61, 13.33, 350.03, 0.7839, 0.1442, -0.6039, 0.0037
19:41:22, 3.13, 94, 283.36, 13.40, 349.98, 0.7825, 0.1449, -0.6055, 0.0040
19:41:22, 3.17, 95, 283.13, 13.47, 349.92, 0.7813, 0.1458, -0.6069, 0.0043
19:41:22, 3.17, 95, 282.91, 13.51, 349.87, 0.7801, 0.1463, -0.6083, 0.0044
19:41:22, 3.20, 96, 282.67, 13.52, 349.85, 0.7789, 0.1465, -0.6098, 0.0047
19:41:22, 3.20, 96, 282.44, 13.56, 349.86, 0.7776, 0.1466, -0.6114, 0.0053
19:41:22, 3.20, 96, 282.20, 13.61, 349.88, 0.7763, 0.1468, -0.6130, 0.0060
19:41:22, 3.23, 97, 281.96, 13.63, 349.87, 0.7750, 0.1470, -0.6146, 0.0063
19:41:22, 3.23, 97, 281.70, 13.63, 349.88, 0.7736, 0.1470, -0.6163, 0.0067
19:41:22, 3.27, 98, 281.41, 13.62, 349.91, 0.7721, 0.1467, -0.6183, 0.0073
19:41:22, 3.27, 98, 281.12, 13.59, 349.95, 0.7705, 0.1463, -0.6203, 0.0077
19:41:22, 3.27, 98, 280.84, 13.56, 349.94, 0.7690, 0.1461, -0.6223, 0.0079
19:41:22, 3.30, 99, 280.55, 13.54, 349.96, 0.7674, 0.1459, -0.6243, 0.0082
19:41:22, 3.30, 99, 280.24, 13.50, 349.97, 0.7658, 0.1455, -0.6264, 0.0084
19:41:22, 3.33, 100, 279.95, 13.40, 349.97, 0.7642, 0.1448, -0.6285, 0.0083
19:41:22, 3.33, 100, 279.65, 13.39, 349.99, 0.7625, 0.1446, -0.6305, 0.0087
19:41:22, 3.37, 101, 279.38, 13.37, 350.01, 0.7610, 0.1443, -0.6324, 0.0091
19:41:22, 3.37, 101, 279.11, 13.32, 350.02, 0.7596, 0.1440, -0.6342, 0.0092
19:41:22, 3.37, 101, 278.85, 13.27, 350.04, 0.7581, 0.1435, -0.6360, 0.0094
19:41:22, 3.40, 102, 278.60, 13.21, 350.03, 0.7568, 0.1432, -0.6377, 0.0093
19:41:22, 3.40, 102, 278.33, 13.20, 350.04, 0.7553, 0.1430, -0.6396, 0.0096
19:41:22, 3.43, 103, 278.08, 13.16, 350.04, 0.7539, 0.1428, -0.6412, 0.0097
19:41:22, 3.43, 103, 277.86, 13.11, 350.03, 0.7527, 0.1425, -0.6427, 0.0096
19:41:22, 3.43, 103, 277.64, 13.09, 350.01, 0.7514, 0.1424, -0.6442, 0.0097
19:41:22, 3.47, 104, 277.43, 13.05, 349.98, 0.7503, 0.1423, -0.6456, 0.0095
19:41:22, 3.47, 104, 277.22, 13.04, 349.96, 0.7491, 0.1423, -0.6469, 0.0095
19:41:22, 3.50, 105, 277.02, 12.98, 349.93, 0.7480, 0.1421, -0.6483, 0.0093
19:41:22, 3.50, 105, 276.82, 12.97, 349.86, 0.7468, 0.1424, -0.6495, 0.0090
19:41:22, 3.53, 106, 276.64, 12.96, 349.84, 0.7458, 0.1424, -0.6507, 0.0090
19:41:22, 3.53, 106, 276.44, 12.95, 349.79, 0.7447, 0.1427, -0.6519, 0.0089
19:41:22, 3.53, 106, 276.25, 12.92, 349.72, 0.7436, 0.1428, -0.6531, 0.0085
19:41:22, 3.57, 107, 276.06, 12.90, 349.71, 0.7425, 0.1428, -0.6544, 0.0086
19:41:22, 3.57, 107, 275.84, 12.91, 349.66, 0.7413, 0.1431, -0.6557, 0.0086
19:41:22, 3.60, 108, 275.63, 12.93, 349.65, 0.7401, 0.1433, -0.6570, 0.0089
19:41:22, 3.60, 108, 275.43, 12.93, 349.63, 0.7389, 0.1434, -0.6583, 0.0091
19:41:22, 3.60, 108, 275.24, 12.96, 349.65, 0.7378, 0.1435, -0.6595, 0.0096
19:41:22, 3.63, 109, 274.98, 12.96, 349.63, 0.7364, 0.1435, -0.6611, 0.0097
19:41:22, 3.63, 109, 274.74, 13.00, 349.65, 0.7350, 0.1436, -0.6627, 0.0104
19:41:23, 3.67, 110, 274.49, 13.04, 349.64, 0.7335, 0.1439, -0.6642, 0.0109
19:41:23, 3.67, 110, 274.25, 13.06, 349.62, 0.7321, 0.1441, -0.6657, 0.0112
19:41:23, 3.70, 111, 274.00, 13.08, 349.60, 0.7307, 0.1444, -0.6672, 0.0115
19:41:23, 3.70, 111, 273.71, 13.12, 349.65, 0.7290, 0.1443, -0.6690, 0.0124
19:41:23, 3.70, 111, 273.46, 13.14, 349.65, 0.7275, 0.1444, -0.6707, 0.0129
19:41:23, 3.73, 112, 273.19, 13.17, 349.66, 0.7259, 0.1445, -0.6723, 0.0134
19:41:23, 3.73, 112, 272.87, 13.22, 349.65, 0.7240, 0.1448, -0.6743, 0.0140
19:41:23, 3.77, 113, 272.62, 13.24, 349.60, 0.7225, 0.1453, -0.6758, 0.0142
19:41:23, 3.77, 113, 272.35, 13.30, 349.59, 0.7210, 0.1456, -0.6774, 0.0149
19:41:23, 3.77, 113, 272.08, 13.33, 349.62, 0.7193, 0.1456, -0.6791, 0.0156
19:41:23, 3.80, 114, 271.82, 13.38, 349.63, 0.7178, 0.1458, -0.6807, 0.0163
19:41:23, 3.80, 114, 271.55, 13.44, 349.61, 0.7162, 0.1463, -0.6822, 0.0169
19:41:23, 3.83, 115, 271.30, 13.52, 349.55, 0.7146, 0.1471, -0.6836, 0.0173
19:41:23, 3.83, 115, 271.03, 13.63, 349.52, 0.7130, 0.1478, -0.6851, 0.0181
19:41:23, 3.87, 116, 270.78, 13.71, 349.53, 0.7115, 0.1483, -0.6866, 0.0190
19:41:23, 3.87, 116, 270.51, 13.77, 349.51, 0.7099, 0.1487, -0.6882, 0.0196
19:41:23, 3.87, 116, 270.25, 13.82, 349.53, 0.7083, 0.1488, -0.6898, 0.0204
19:41:23, 3.90, 117, 270.00, 13.85, 349.51, 0.7068, 0.1491, -0.6912, 0.0207
19:41:23, 3.90, 117, 269.73, 13.92, 349.52, 0.7052, 0.1494, -0.6928, 0.0216
19:41:23, 3.93, 118, 269.46, 13.98, 349.50, 0.7035, 0.1498, -0.6944, 0.0221
19:41:23, 3.93, 118, 269.18, 14.06, 349.43, 0.7018, 0.1506, -0.6959, 0.0226
19:41:23, 3.93, 118, 268.91, 14.10, 349.42, 0.7001, 0.1509, -0.6975, 0.0232
19:41:23, 3.97, 119, 268.63, 14.19, 349.45, 0.6984, 0.1512, -0.6991, 0.0243
19:41:23, 3.97, 119, 268.35, 14.24, 349.40, 0.6967, 0.1518, -0.7007, 0.0247
19:41:23, 4.00, 120, 268.05, 14.27, 349.35, 0.6949, 0.1522, -0.7024, 0.0249
19:41:23, 4.00, 120, 267.77, 14.27, 349.32, 0.6932, 0.1522, -0.7040, 0.0251
19:41:23, 4.03, 121, 267.53, 14.28, 349.28, 0.6917, 0.1525, -0.7054, 0.0253
19:41:23, 4.03, 121, 267.23, 14.30, 349.24, 0.6899, 0.1528, -0.7071, 0.0255
19:41:23, 4.03, 121, 266.93, 14.34, 349.23, 0.6880, 0.1530, -0.7089, 0.0262
19:41:23, 4.07, 122, 266.66, 14.36, 349.21, 0.6863, 0.1532, -0.7105, 0.0265
19:41:23, 4.07, 122, 266.33, 14.40, 349.18, 0.6843, 0.1536, -0.7123, 0.0271
19:41:23, 4.10, 123, 266.01, 14.44, 349.12, 0.6823, 0.1541, -0.7141, 0.0273
19:41:23, 4.10, 123, 265.63, 14.48, 349.07, 0.6800, 0.1546, -0.7162, 0.0278
19:41:23, 4.10, 123, 265.33, 14.54, 349.02, 0.6781, 0.1551, -0.7179, 0.0283
19:41:23, 4.13, 124, 265.01, 14.59, 348.92, 0.6761, 0.1560, -0.7196, 0.0285
19:41:23, 4.13, 124, 264.69, 14.65, 348.87, 0.6741, 0.1565, -0.7213, 0.0290
19:41:23, 4.17, 125, 264.38, 14.70, 348.88, 0.6721, 0.1567, -0.7231, 0.0298
19:41:23, 4.17, 125, 264.06, 14.67, 348.88, 0.6701, 0.1564, -0.7250, 0.0301
19:41:23, 4.20, 126, 263.70, 14.65, 348.93, 0.6678, 0.1559, -0.7271, 0.0307
19:41:23, 4.20, 126, 263.40, 14.58, 348.97, 0.6659, 0.1552, -0.7291, 0.0309
19:41:23, 4.20, 126, 263.03, 14.52, 349.04, 0.6635, 0.1543, -0.7314, 0.0315
19:41:23, 4.23, 127, 262.69, 14.50, 349.07, 0.6613, 0.1539, -0.7334, 0.0319
19:41:23, 4.23, 127, 262.30, 14.42, 349.17, 0.6589, 0.1527, -0.7359, 0.0324
19:41:23, 4.27, 128, 261.88, 14.37, 349.24, 0.6561, 0.1519, -0.7385, 0.0331
19:41:23, 4.27, 128, 261.46, 14.28, 349.32, 0.6534, 0.1507, -0.7411, 0.0335
19:41:23, 4.27, 128, 261.00, 14.24, 349.36, 0.6504, 0.1501, -0.7438, 0.0341
19:41:23, 4.30, 129, 260.55, 14.11, 349.41, 0.6475, 0.1489, -0.7466, 0.0341
19:41:23, 4.30, 129, 260.07, 14.01, 349.38, 0.6444, 0.1484, -0.7494, 0.0339
19:41:23, 4.33, 130, 259.56, 13.89, 349.36, 0.6410, 0.1478, -0.7524, 0.0336
19:41:23, 4.33, 130, 259.02, 13.81, 349.32, 0.6375, 0.1474, -0.7555, 0.0335
19:41:23, 4.37, 131, 258.50, 13.69, 349.32, 0.6341, 0.1466, -0.7585, 0.0334
19:41:23, 4.37, 131, 257.89, 13.62, 349.27, 0.6300, 0.1464, -0.7619, 0.0335
19:41:23, 4.37, 131, 257.26, 13.44, 349.26, 0.6258, 0.1454, -0.7656, 0.0330
19:41:23, 4.40, 132, 256.51, 13.26, 349.25, 0.6208, 0.1443, -0.7699, 0.0327
19:41:23, 4.40, 132, 255.69, 13.01, 349.25, 0.6153, 0.1427, -0.7746, 0.0320
19:41:23, 4.43, 133, 254.83, 12.76, 349.35, 0.6094, 0.1404, -0.7797, 0.0318
19:41:23, 4.43, 133, 253.91, 12.50, 349.33, 0.6031, 0.1390, -0.7848, 0.0311
19:41:23, 4.43, 133, 253.01, 12.25, 349.24, 0.5969, 0.1381, -0.7897, 0.0299
19:41:23, 4.47, 134, 252.11, 11.98, 349.16, 0.5907, 0.1371, -0.7947, 0.0287
19:41:23, 4.47, 134, 251.17, 11.69, 349.12, 0.5841, 0.1357, -0.7998, 0.0276
19:41:23, 4.50, 135, 250.21, 11.48, 349.12, 0.5774, 0.1344, -0.8049, 0.0272
19:41:23, 4.50, 135, 249.26, 11.27, 349.13, 0.5707, 0.1331, -0.8099, 0.0268
19:41:23, 4.53, 136, 248.32, 11.05, 349.12, 0.5640, 0.1319, -0.8148, 0.0263
19:41:23, 4.53, 136, 247.40, 10.91, 349.09, 0.5573, 0.1313, -0.8194, 0.0262
19:41:23, 4.53, 136, 246.53, 10.75, 349.09, 0.5511, 0.1303, -0.8238, 0.0261
19:41:23, 4.57, 137, 245.65, 10.67, 349.00, 0.5447, 0.1303, -0.8280, 0.0260
19:41:23, 4.57, 137, 244.88, 10.59, 348.92, 0.5391, 0.1304, -0.8317, 0.0260
19:41:23, 4.60, 138, 244.14, 10.56, 348.96, 0.5337, 0.1298, -0.8352, 0.0267
19:41:23, 4.60, 138, 243.41, 10.52, 349.01, 0.5284, 0.1291, -0.8387, 0.0275
19:41:23, 4.60, 138, 242.71, 10.44, 349.02, 0.5232, 0.1285, -0.8420, 0.0278
19:41:23, 4.63, 139, 242.02, 10.36, 349.08, 0.5181, 0.1275, -0.8453, 0.0282
19:41:24, 4.63, 139, 241.27, 10.37, 349.09, 0.5125, 0.1273, -0.8487, 0.0291
19:41:24, 4.67, 140, 240.55, 10.38, 349.18, 0.5072, 0.1265, -0.8519, 0.0304
19:41:24, 4.67, 140, 239.80, 10.36, 349.18, 0.5016, 0.1262, -0.8553, 0.0311
19:41:24, 4.70, 141, 239.10, 10.32, 349.24, 0.4963, 0.1254, -0.8584, 0.0318
19:41:24, 4.70, 141, 238.20, 10.32, 349.22, 0.4896, 0.1253, -0.8623, 0.0327
19:41:24, 4.70, 141, 237.37, 10.22, 349.16, 0.4833, 0.1251, -0.8658, 0.0326
19:41:24, 4.73, 142, 236.50, 10.19, 349.15, 0.4767, 0.1248, -0.8695, 0.0333
19:41:24, 4.73, 142, 235.56, 10.03, 349.12, 0.4695, 0.1241, -0.8735, 0.0330
19:41:24, 4.77, 143, 234.61, 9.95, 349.01, 0.4623, 0.1244, -0.8773, 0.0329
19:41:24, 4.77, 143, 233.56, 9.81, 348.95, 0.4542, 0.1240, -0.8816, 0.0328
19:41:24, 4.77, 143, 232.58, 9.60, 348.97, 0.4465, 0.1228, -0.8857, 0.0323
19:41:24, 4.80, 144, 231.54, 9.45, 348.94, 0.4384, 0.1221, -0.8899, 0.0321
19:41:24, 4.80, 144, 230.42, 9.27, 348.98, 0.4296, 0.1209, -0.8943, 0.0320
19:41:24, 4.83, 145, 229.30, 9.19, 349.07, 0.4208, 0.1196, -0.8987, 0.0329
19:41:24, 4.83, 145, 228.24, 9.06, 349.05, 0.4124, 0.1190, -0.9026, 0.0329
19:41:24, 4.87, 146, 227.28, 8.97, 349.09, 0.4048, 0.1181, -0.9062, 0.0333
19:41:24, 4.87, 146, 226.34, 8.85, 349.25, 0.3972, 0.1161, -0.9097, 0.0339
19:41:24, 4.87, 146, 225.52, 8.80, 349.45, 0.3906, 0.1141, -0.9128, 0.0349
19:41:24, 4.90, 147, 224.69, 8.76, 349.64, 0.3839, 0.1122, -0.9158, 0.0361
19:41:24, 4.90, 147, 223.89, 8.72, 349.82, 0.3774, 0.1103, -0.9187, 0.0372
19:41:24, 4.93, 148, 223.03, 8.49, 349.99, 0.3703, 0.1080, -0.9219, 0.0367
19:41:24, 4.93, 148, 222.11, 8.26, 350.18, 0.3627, 0.1055, -0.9252, 0.0363
19:41:24, 4.93, 148, 221.19, 7.93, 350.33, 0.3551, 0.1030, -0.9285, 0.0349
19:41:24, 4.97, 149, 220.19, 7.57, 350.47, 0.3468, 0.1004, -0.9319, 0.0333
19:41:24, 4.97, 149, 219.20, 7.15, 350.60, 0.3385, 0.0979, -0.9354, 0.0311
19:41:24, 5.00, 150, 218.12, 6.81, 350.83, 0.3294, 0.0948, -0.9389, 0.0299
19:41:24, 5.00, 150, 217.07, 6.58, 351.04, 0.3206, 0.0921, -0.9423, 0.0295
19:41:24, 5.03, 151, 216.00, 6.41, 351.22, 0.3117, 0.0899, -0.9455, 0.0293
19:41:24, 5.03, 151, 214.98, 6.26, 351.47, 0.3031, 0.0872, -0.9485, 0.0296
19:41:24, 5.03, 151, 213.99, 6.05, 351.76, 0.2948, 0.0840, -0.9514, 0.0293
19:41:24, 5.07, 152, 212.97, 5.64, 352.11, 0.2860, 0.0798, -0.9545, 0.0276
19:41:24, 5.07, 152, 211.98, 5.28, 352.46, 0.2775, 0.0758, -0.9574, 0.0261
19:41:24, 5.10, 153, 210.99, 4.96, 352.78, 0.2690, 0.0722, -0.9601, 0.0248
19:41:24, 5.10, 153, 210.07, 4.67, 352.97, 0.2611, 0.0697, -0.9625, 0.0234
19:41:24, 5.10, 153, 209.09, 4.37, 353.17, 0.2527, 0.0672, -0.9650, 0.0219
19:41:24, 5.13, 154, 208.04, 4.23, 353.34, 0.2438, 0.0652, -0.9674, 0.0217
19:41:24, 5.13, 154, 206.89, 4.08, 353.58, 0.2339, 0.0627, -0.9700, 0.0215
19:41:24, 5.17, 155, 205.66, 4.03, 353.75, 0.2235, 0.0609, -0.9726, 0.0221
19:41:24, 5.17, 155, 204.49, 4.07, 353.80, 0.2135, 0.0603, -0.9748, 0.0232
19:41:24, 5.20, 156, 203.35, 4.16, 353.74, 0.2038, 0.0607, -0.9768, 0.0245
19:41:24, 5.20, 156, 202.36, 4.31, 353.68, 0.1955, 0.0613, -0.9784, 0.0262
19:41:24, 5.20, 156, 201.36, 4.47, 353.65, 0.1870, 0.0616, -0.9800, 0.0280
19:41:24, 5.23, 157, 200.60, 4.63, 353.54, 0.1806, 0.0626, -0.9811, 0.0297
19:41:24, 5.23, 157, 199.92, 4.77, 353.32, 0.1749, 0.0646, -0.9820, 0.0308
19:41:24, 5.27, 158, 199.42, 4.89, 353.19, 0.1707, 0.0657, -0.9826, 0.0320
19:41:24, 5.27, 158, 199.01, 4.97, 353.09, 0.1673, 0.0665, -0.9831, 0.0327
19:41:24, 5.27, 158, 198.55, 5.06, 353.07, 0.1633, 0.0667, -0.9837, 0.0337
19:41:24, 5.30, 159, 198.18, 5.20, 353.07, 0.1603, 0.0668, -0.9842, 0.0351
19:41:24, 5.30, 159, 197.79, 5.32, 353.07, 0.1569, 0.0668, -0.9847, 0.0364
19:41:24, 5.33, 160, 197.48, 5.40, 353.03, 0.1543, 0.0672, -0.9850, 0.0372
19:41:24, 5.33, 160, 197.13, 5.40, 353.08, 0.1513, 0.0666, -0.9855, 0.0375
19:41:24, 5.37, 161, 196.72, 5.47, 353.18, 0.1478, 0.0657, -0.9861, 0.0385
19:41:24, 5.37, 161, 196.22, 5.52, 353.33, 0.1434, 0.0643, -0.9868, 0.0394
19:41:24, 5.37, 161, 195.70, 5.59, 353.39, 0.1389, 0.0637, -0.9874, 0.0404
19:41:24, 5.40, 162, 195.18, 5.69, 353.43, 0.1346, 0.0632, -0.9880, 0.0416
19:41:24, 5.40, 162, 194.65, 5.83, 353.51, 0.1300, 0.0626, -0.9886, 0.0432
19:41:24, 5.43, 163, 194.01, 5.95, 353.61, 0.1244, 0.0616, -0.9893, 0.0446
19:41:24, 5.43, 163, 193.42, 6.01, 353.63, 0.1194, 0.0612, -0.9899, 0.0455
19:41:24, 5.43, 163, 192.84, 6.06, 353.69, 0.1144, 0.0605, -0.9905, 0.0463
19:41:24, 5.47, 164, 192.22, 6.09, 353.72, 0.1090, 0.0600, -0.9911, 0.0469
19:41:24, 5.47, 164, 191.66, 6.12, 353.85, 0.1042, 0.0587, -0.9917, 0.0476
19:41:24, 5.50, 165, 191.09, 6.19, 353.93, 0.0992, 0.0579, -0.9922, 0.0485
19:41:24, 5.50, 165, 190.49, 6.26, 354.06, 0.0940, 0.0565, -0.9927, 0.0496
19:41:24, 5.50, 165, 189.89, 6.21, 354.06, 0.0887, 0.0562, -0.9932, 0.0494
19:41:24, 5.53, 166, 189.29, 6.14, 354.15, 0.0835, 0.0551, -0.9938, 0.0492
19:41:24, 5.53, 166, 188.67, 6.02, 354.17, 0.0781, 0.0546, -0.9943, 0.0485
19:41:24, 5.57, 167, 188.01, 5.87, 354.21, 0.0722, 0.0539, -0.9948, 0.0475
19:41:24, 5.57, 167, 187.36, 5.61, 354.29, 0.0664, 0.0528, -0.9954, 0.0456
19:41:24, 5.60, 168, 186.63, 5.26, 354.44, 0.0599, 0.0510, -0.9960, 0.0429
19:41:24, 5.60, 168, 185.81, 4.92, 354.58, 0.0526, 0.0493, -0.9966, 0.0404
19:41:24, 5.60, 168, 184.99, 4.64, 354.71, 0.0453, 0.0479, -0.9971, 0.0384
19:41:24, 5.63, 169, 184.20, 4.27, 354.75, 0.0383, 0.0471, -0.9975, 0.0356
19:41:24, 5.63, 169, 183.38, 3.99, 354.82, 0.0311, 0.0462, -0.9979, 0.0334
19:41:25, 5.67, 170, 182.64, 3.65, 354.84, 0.0244, 0.0457, -0.9982, 0.0308
19:41:25, 5.67, 170, 181.96, 3.40, 354.90, 0.0184, 0.0450, -0.9984, 0.0289
19:41:25, 5.70, 171, 181.40, 3.19, 355.02, 0.0134, 0.0438, -0.9986, 0.0273
19:41:25, 5.70, 171, 180.90, 2.98, 355.01, 0.0090, 0.0437, -0.9987, 0.0256
19:41:25, 5.70, 171, 180.48, 2.75, 355.05, 0.0052, 0.0433, -0.9988, 0.0238
19:41:25, 5.73, 172, 180.09, 2.45, 355.07, 0.0017, 0.0430, -0.9988, 0.0213
19:41:25, 5.73, 172, 179.75, 2.13, 355.04, -0.0014, 0.0432, -0.9989, 0.0186
19:41:25, 5.77, 173, 179.38, 1.78, 355.07, -0.0047, 0.0429, -0.9989, 0.0158
19:41:25, 5.77, 173, 178.96, 1.45, 355.07, -0.0085, 0.0429, -0.9990, 0.0130
19:41:25, 5.77, 173, 178.52, 1.08, 355.07, -0.0125, 0.0429, -0.9990, 0.0099
19:41:25, 5.80, 174, 178.01, 0.77, 355.09, -0.0170, 0.0427, -0.9989, 0.0075
19:41:25, 5.80, 174, 177.48, 0.50, 355.05, -0.0218, 0.0431, -0.9988, 0.0053
19:41:25, 5.83, 175, 176.92, 0.25, 355.06, -0.0268, 0.0430, -0.9987, 0.0033
19:41:25, 5.83, 175, 176.38, 0.08, 354.97, -0.0315, 0.0439, -0.9985, 0.0021
19:41:25, 5.87, 176, 175.81, 359.91, 354.93, -0.0365, 0.0443, -0.9984, 0.0008
19:41:25, 5.87, 176, 175.38, 359.67, 354.78, -0.0404, 0.0456, -0.9981, -0.0011
19:41:25, 5.87, 176, 174.89, 359.40, 354.73, -0.0448, 0.0462, -0.9979, -0.0031
19:41:25, 5.90, 177, 174.47, 359.21, 354.72, -0.0485, 0.0463, -0.9977, -0.0047
19:41:25, 5.90, 177, 174.03, 358.93, 354.68, -0.0525, 0.0468, -0.9975, -0.0069
19:41:25, 5.93, 178, 173.56, 358.81, 354.60, -0.0566, 0.0476, -0.9972, -0.0077
19:41:25, 5.93, 178, 173.10, 358.57, 354.52, -0.0607, 0.0484, -0.9969, -0.0096
19:41:25, 5.93, 178, 172.69, 358.40, 354.53, -0.0643, 0.0485, -0.9967, -0.0109
19:41:25, 5.97, 179, 172.30, 358.23, 354.48, -0.0678, 0.0491, -0.9964, -0.0121
19:41:25, 5.97, 179, 171.88, 357.98, 354.48, -0.0715, 0.0493, -0.9961, -0.0142
19:41:25, 6.00, 180, 171.50, 357.89, 354.56, -0.0748, 0.0487, -0.9959, -0.0148
19:41:25, 6.00, 180, 171.18, 357.69, 354.57, -0.0778, 0.0487, -0.9956, -0.0165
19:41:25, 6.03, 181, 170.79, 357.57, 354.64, -0.0812, 0.0483, -0.9954, -0.0173
19:41:25, 6.03, 181, 170.60, 357.52, 354.63, -0.0829, 0.0484, -0.9952, -0.0177
19:41:25, 6.03, 181, 170.29, 357.44, 354.64, -0.0855, 0.0485, -0.9950, -0.0183
19:41:25, 6.07, 182, 169.94, 357.35, 354.63, -0.0886, 0.0487, -0.9947, -0.0189
19:41:25, 6.07, 182, 169.64, 357.25, 354.65, -0.0913, 0.0486, -0.9944, -0.0196
19:41:25, 6.10, 183, 169.30, 357.21, 354.69, -0.0942, 0.0484, -0.9942, -0.0199
19:41:25, 6.10, 183, 168.91, 357.18, 354.70, -0.0976, 0.0484, -0.9938, -0.0200
19:41:25, 6.10, 183, 168.55, 357.13, 354.70, -0.1008, 0.0485, -0.9935, -0.0203
19:41:25, 6.13, 184, 168.19, 357.09, 354.68, -0.1039, 0.0488, -0.9932, -0.0205
19:41:25, 6.13, 184, 167.82, 357.05, 354.66, -0.1071, 0.0490, -0.9928, -0.0206
19:41:25, 6.17, 185, 167.46, 357.01, 354.68, -0.1103, 0.0489, -0.9925, -0.0208
19:41:25, 6.17, 185, 167.11, 357.05, 354.64, -0.1133, 0.0493, -0.9921, -0.0203
19:41:25, 6.20, 186, 166.77, 357.13, 354.65, -0.1162, 0.0492, -0.9918, -0.0195
19:41:25, 6.20, 186, 166.41, 357.22, 354.62, -0.1193, 0.0494, -0.9915, -0.0185
19:41:25, 6.20, 186, 165.96, 357.37, 354.58, -0.1231, 0.0497, -0.9910, -0.0170
19:41:25, 6.23, 187, 165.55, 357.49, 354.60, -0.1267, 0.0495, -0.9906, -0.0158
19:41:25, 6.23, 187, 165.14, 357.58, 354.54, -0.1301, 0.0500, -0.9901, -0.0148
19:41:25, 6.27, 188, 164.81, 357.69, 354.43, -0.1329, 0.0508, -0.9897, -0.0135
19:41:25, 6.27, 188, 164.53, 357.81, 354.38, -0.1353, 0.0512, -0.9894, -0.0123
19:41:25, 6.27, 188, 164.18, 357.95, 354.39, -0.1383, 0.0509, -0.9890, -0.0110
19:41:25, 6.30, 189, 163.95, 358.01, 354.33, -0.1403, 0.0514, -0.9887, -0.0103
19:41:25, 6.30, 189, 163.66, 358.08, 354.16, -0.1428, 0.0528, -0.9883, -0.0093
19:41:25, 6.33, 190, 163.43, 358.19, 354.07, -0.1447, 0.0535, -0.9880, -0.0081
19:41:25, 6.33, 190, 163.14, 358.36, 353.88, -0.1471, 0.0549, -0.9876, -0.0063
19:41:25, 6.37, 191, 162.88, 358.59, 353.65, -0.1493, 0.0566, -0.9872, -0.0039
19:41:25, 6.37, 191, 162.62, 358.82, 353.48, -0.1514, 0.0578, -0.9868, -0.0016
19:41:25, 6.37, 191, 162.31, 359.08, 353.33, -0.1540, 0.0588, -0.9863, 0.0010
19:41:25, 6.40, 192, 162.03, 359.31, 353.16, -0.1563, 0.0598, -0.9859, 0.0034
19:41:25, 6.40, 192, 161.72, 359.61, 353.08, -0.1588, 0.0601, -0.9855, 0.0062
19:41:25, 6.43, 193, 161.42, 359.84, 352.98, -0.1612, 0.0607, -0.9850, 0.0085
19:41:25, 6.43, 193, 161.07, 359.99, 352.99, -0.1642, 0.0604, -0.9845, 0.0099
19:41:25, 6.43, 193, 160.65, 0.13, 353.00, -0.1676, 0.0600, -0.9840, 0.0114
19:41:25, 6.47, 194, 160.28, 0.33, 353.05, -0.1708, 0.0592, -0.9834, 0.0132
19:41:25, 6.47, 194, 159.84, 0.53, 353.09, -0.1744, 0.0586, -0.9828, 0.0151
19:41:25, 6.50, 195, 159.43, 0.71, 353.09, -0.1779, 0.0582, -0.9822, 0.0169
19:41:25, 6.50, 195, 158.85, 0.92, 353.19, -0.1827, 0.0569, -0.9813, 0.0188
19:41:25, 6.53, 196, 158.28, 1.00, 353.33, -0.1876, 0.0555, -0.9805, 0.0195
19:41:25, 6.53, 196, 157.65, 1.10, 353.33, -0.1929, 0.0552, -0.9795, 0.0207
19:41:25, 6.53, 196, 156.95, 1.21, 353.37, -0.1988, 0.0545, -0.9783, 0.0219
19:41:25, 6.57, 197, 156.25, 1.37, 353.46, -0.2047, 0.0534, -0.9771, 0.0234
19:41:25, 6.57, 197, 155.53, 1.54, 353.52, -0.2108, 0.0524, -0.9758, 0.0251
19:41:25, 6.60, 198, 154.72, 1.73, 353.58, -0.2176, 0.0513, -0.9743, 0.0269
19:41:25, 6.60, 198, 153.90, 2.06, 353.67, -0.2244, 0.0497, -0.9728, 0.0300
19:41:25, 6.60, 198, 153.07, 2.33, 353.68, -0.2314, 0.0488, -0.9711, 0.0325
19:41:25, 6.63, 199, 152.19, 2.66, 353.77, -0.2386, 0.0472, -0.9693, 0.0355
19:41:25, 6.63, 199, 151.37, 3.01, 353.91, -0.2455, 0.0450, -0.9676, 0.0386
19:41:26, 6.67, 200, 150.49, 3.62, 354.11, -0.2527, 0.0416, -0.9657, 0.0436
19:41:26, 6.67, 200, 149.69, 4.38, 354.32, -0.2591, 0.0378, -0.9638, 0.0498
19:41:26, 6.70, 201, 148.88, 5.07, 354.41, -0.2656, 0.0351, -0.9618, 0.0557
19:41:26, 6.70, 201, 148.17, 5.54, 354.44, -0.2713, 0.0333, -0.9601, 0.0597
19:41:26, 6.70, 201, 147.40, 5.81, 354.62, -0.2777, 0.0307, -0.9582, 0.0617
19:41:26, 6.73, 202, 146.58, 6.10, 354.76, -0.2845, 0.0284, -0.9561, 0.0640
19:41:26, 6.73, 202, 145.79, 6.35, 354.81, -0.2910, 0.0269, -0.9541, 0.0662
19:41:26, 6.77, 203, 144.99, 6.56, 354.83, -0.2976, 0.0257, -0.9519, 0.0681
19:41:26, 6.77, 203, 144.22, 6.57, 354.83, -0.3039, 0.0252, -0.9499, 0.0683
19:41:26, 6.77, 203, 143.47, 6.60, 354.94, -0.3101, 0.0238, -0.9479, 0.0685
19:41:26, 6.80, 204, 142.64, 6.68, 355.11, -0.3171, 0.0217, -0.9456, 0.0688
19:41:26, 6.80, 204, 141.84, 6.72, 355.30, -0.3238, 0.0195, -0.9434, 0.0687
19:41:26, 6.83, 205, 140.98, 6.81, 355.48, -0.3309, 0.0173, -0.9410, 0.0691
19:41:26, 6.83, 205, 140.08, 6.76, 355.65, -0.3385, 0.0155, -0.9384, 0.0683
19:41:26, 6.87, 206, 139.28, 6.60, 355.94, -0.3452, 0.0132, -0.9361, 0.0662
19:41:26, 6.87, 206, 138.42, 6.43, 356.12, -0.3524, 0.0117, -0.9336, 0.0644
19:41:26, 6.87, 206, 137.65, 6.26, 356.21, -0.3588, 0.0111, -0.9312, 0.0628
19:41:26, 6.90, 207, 136.96, 6.05, 356.27, -0.3645, 0.0109, -0.9291, 0.0610
19:41:26, 6.90, 207, 136.23, 5.94, 356.28, -0.3705, 0.0108, -0.9268, 0.0601
19:41:26, 6.93, 208, 135.65, 5.70, 356.25, -0.3753, 0.0115, -0.9250, 0.0584
19:41:26, 6.93, 208, 135.12, 5.50, 356.29, -0.3796, 0.0116, -0.9233, 0.0566
19:41:26, 6.93, 208, 134.58, 5.22, 356.26, -0.3841, 0.0125, -0.9216, 0.0546
19:41:26, 6.97, 209, 134.09, 4.87, 356.34, -0.3882, 0.0128, -0.9200, 0.0515
19:41:26, 6.97, 209, 133.67, 4.46, 356.47, -0.3918, 0.0130, -0.9187, 0.0479
19:41:26, 7.00, 210, 133.26, 4.01, 356.65, -0.3953, 0.0130, -0.9174, 0.0437
19:41:26, 7.00, 210, 132.95, 3.52, 356.75, -0.3980, 0.0138, -0.9164, 0.0395
19:41:26, 7.00, 210, 132.70, 3.00, 356.77, -0.4002, 0.0153, -0.9156, 0.0352
19:41:26, 7.03, 211, 132.60, 2.60, 356.68, -0.4011, 0.0174, -0.9153, 0.0325
19:41:26, 7.03, 211, 132.46, 2.26, 356.65, -0.4023, 0.0188, -0.9148, 0.0298
19:41:26, 7.07, 212, 132.31, 1.97, 356.62, -0.4036, 0.0201, -0.9143, 0.0276
19:41:26, 7.07, 212, 132.23, 1.74, 356.43, -0.4042, 0.0223, -0.9140, 0.0265
19:41:26, 7.10, 213, 132.16, 1.54, 356.26, -0.4048, 0.0243, -0.9137, 0.0255
19:41:26, 7.10, 213, 132.11, 1.39, 356.13, -0.4052, 0.0260, -0.9135, 0.0248
19:41:26, 7.10, 213, 132.05, 1.33, 355.98, -0.4057, 0.0273, -0.9133, 0.0248
19:41:26, 7.13, 214, 131.94, 1.29, 355.76, -0.4065, 0.0292, -0.9128, 0.0253
19:41:26, 7.13, 214, 131.89, 1.21, 355.45, -0.4069, 0.0320, -0.9126, 0.0258
19:41:26, 7.17, 215, 131.87, 1.09, 355.13, -0.4070, 0.0349, -0.9124, 0.0260
19:41:26, 7.17, 215, 131.89, 1.00, 354.84, -0.4069, 0.0376, -0.9123, 0.0263
19:41:26, 7.20, 216, 131.90, 0.98, 354.59, -0.4067, 0.0396, -0.9123, 0.0270
19:41:26, 7.20, 216, 131.90, 0.90, 354.33, -0.4067, 0.0420, -0.9122, 0.0273
19:41:26, 7.20, 216, 131.85, 0.91, 354.14, -0.4070, 0.0434, -0.9120, 0.0281
19:41:26, 7.23, 217, 131.78, 0.89, 354.05, -0.4076, 0.0442, -0.9117, 0.0283
19:41:26, 7.23, 217, 131.62, 1.01, 354.09, -0.4088, 0.0434, -0.9111, 0.0291
19:41:26, 7.27, 218, 131.49, 1.03, 354.03, -0.4098, 0.0438, -0.9106, 0.0296
19:41:26, 7.27, 218, 131.36, 1.10, 353.98, -0.4108, 0.0439, -0.9102, 0.0304
19:41:26, 7.27, 218, 131.26, 1.14, 353.95, -0.4116, 0.0440, -0.9098, 0.0308
19:41:26, 7.30, 219, 131.17, 1.14, 353.93, -0.4122, 0.0441, -0.9095, 0.0310
19:41:26, 7.30, 219, 131.12, 1.18, 353.89, -0.4127, 0.0442, -0.9093, 0.0314
19:41:26, 7.33, 220, 131.10, 1.19, 353.86, -0.4128, 0.0444, -0.9092, 0.0316
19:41:26, 7.33, 220, 131.13, 1.19, 353.81, -0.4125, 0.0449, -0.9093, 0.0318
19:41:26, 7.37, 221, 131.21, 1.20, 353.79, -0.4119, 0.0450, -0.9096, 0.0319
19:41:26, 7.37, 221, 131.34, 1.21, 353.80, -0.4108, 0.0449, -0.9100, 0.0319
19:41:26, 7.37, 221, 131.55, 1.29, 353.81, -0.4091, 0.0447, -0.9108, 0.0324
19:41:26, 7.40, 222, 131.87, 1.37, 353.79, -0.4066, 0.0446, -0.9119, 0.0330
19:41:26, 7.40, 222, 132.37, 1.45, 353.75, -0.4026, 0.0448, -0.9137, 0.0336
19:41:26, 7.43, 223, 132.99, 1.52, 353.69, -0.3975, 0.0452, -0.9158, 0.0341
19:41:26, 7.43, 223, 133.65, 1.63, 353.74, -0.3922, 0.0446, -0.9182, 0.0346
19:41:26, 7.43, 223, 134.23, 1.74, 353.82, -0.3875, 0.0437, -0.9202, 0.0349
19:41:26, 7.47, 224, 134.88, 1.88, 353.87, -0.3822, 0.0431, -0.9224, 0.0356
19:41:26, 7.47, 224, 135.62, 1.97, 353.80, -0.3762, 0.0436, -0.9248, 0.0363
19:41:26, 7.50, 225, 136.41, 2.01, 353.62, -0.3698, 0.0452, -0.9273, 0.0369
19:41:26, 7.50, 225, 137.28, 2.13, 353.45, -0.3626, 0.0464, -0.9300, 0.0381
19:41:26, 7.53, 226, 138.05, 2.24, 353.29, -0.3562, 0.0477, -0.9324, 0.0392
19:41:26, 7.53, 226, 138.90, 2.43, 353.21, -0.3492, 0.0480, -0.9349, 0.0406
19:41:26, 7.53, 226, 139.70, 2.51, 353.18, -0.3426, 0.0483, -0.9373, 0.0410
19:41:26, 7.57, 227, 140.46, 2.76, 353.20, -0.3362, 0.0477, -0.9396, 0.0427
19:41:26, 7.57, 227, 141.24, 3.03, 353.28, -0.3297, 0.0465, -0.9419, 0.0444
19:41:26, 7.60, 228, 142.00, 3.48, 353.35, -0.3232, 0.0449, -0.9441, 0.0475
19:41:26, 7.60, 228, 142.78, 3.69, 353.39, -0.3167, 0.0444, -0.9462, 0.0488
19:41:26, 7.60, 228, 143.61, 3.77, 353.39, -0.3098, 0.0444, -0.9485, 0.0492
19:41:26, 7.63, 229, 144.52, 3.85, 353.40, -0.3022, 0.0446, -0.9509, 0.0495
19:41:27, 7.63, 229, 145.42, 3.90, 353.54, -0.2948, 0.0436, -0.9533, 0.0492
19:41:27, 7.67, 230, 146.32, 3.90, 353.62, -0.2873, 0.0434, -0.9556, 0.0486
19:41:27, 7.67, 230, 147.30, 4.00, 353.65, -0.2790, 0.0433, -0.9581, 0.0490
19:41:27, 7.70, 231, 148.25, 4.02, 353.60, -0.2711, 0.0441, -0.9603, 0.0489
19:41:27, 7.70, 231, 149.20, 4.13, 353.68, -0.2631, 0.0435, -0.9625, 0.0493
19:41:27, 7.70, 231, 150.18, 4.08, 353.71, -0.2549, 0.0439, -0.9648, 0.0485
19:41:27, 7.73, 232, 151.12, 4.11, 353.78, -0.2469, 0.0436, -0.9669, 0.0482
19:41:27, 7.73, 232, 152.10, 3.95, 353.86, -0.2388, 0.0436, -0.9690, 0.0463
19:41:27, 7.77, 233, 153.03, 3.83, 354.00, -0.2310, 0.0431, -0.9710, 0.0446
19:41:27, 7.77, 233, 153.93, 3.79, 354.09, -0.2235, 0.0427, -0.9728, 0.0438
19:41:27, 7.77, 233, 154.87, 3.70, 354.15, -0.2155, 0.0428, -0.9746, 0.0426
19:41:27, 7.80, 234, 155.89, 3.61, 354.12, -0.2069, 0.0436, -0.9765, 0.0415
19:41:27, 7.80, 234, 156.90, 3.46, 354.12, -0.1984, 0.0442, -0.9783, 0.0398
19:41:27, 7.83, 235, 157.93, 3.31, 354.20, -0.1897, 0.0441, -0.9801, 0.0380
19:41:27, 7.83, 235, 159.06, 3.13, 354.33, -0.1801, 0.0437, -0.9820, 0.0358
19:41:27, 7.87, 236, 160.15, 3.06, 354.46, -0.1708, 0.0430, -0.9838, 0.0346
19:41:27, 7.87, 236, 161.31, 2.98, 354.50, -0.1609, 0.0431, -0.9855, 0.0334
19:41:27, 7.87, 236, 162.55, 2.88, 354.59, -0.1503, 0.0428, -0.9872, 0.0319
19:41:27, 7.90, 237, 163.86, 2.77, 354.55, -0.1391, 0.0437, -0.9888, 0.0306
19:41:27, 7.90, 237, 165.16, 2.66, 354.60, -0.1279, 0.0437, -0.9904, 0.0291
19:41:27, 7.93, 238, 166.43, 2.49, 354.75, -0.1170, 0.0429, -0.9918, 0.0270
19:41:27, 7.93, 238, 167.74, 2.24, 354.90, -0.1058, 0.0421, -0.9932, 0.0241
19:41:27, 7.93, 238, 168.95, 2.14, 355.01, -0.0954, 0.0415, -0.9943, 0.0228
19:41:27, 7.97, 239, 170.14, 1.97, 355.19, -0.0851, 0.0403, -0.9953, 0.0207
19:41:27, 7.97, 239, 171.16, 1.82, 355.41, -0.0763, 0.0387, -0.9962, 0.0189
19:41:27, 8.00, 240, 172.19, 1.57, 355.61, -0.0675, 0.0373, -0.9969, 0.0163
19:41:27, 8.00, 240, 173.20, 1.34, 355.77, -0.0588, 0.0361, -0.9975, 0.0139
19:41:27, 8.03, 241, 174.10, 1.19, 355.91, -0.0510, 0.0351, -0.9980, 0.0122
19:41:27, 8.03, 241, 174.95, 1.06, 356.12, -0.0437, 0.0334, -0.9984, 0.0107
19:41:27, 8.03, 241, 175.77, 0.89, 356.33, -0.0366, 0.0317, -0.9988, 0.0090
19:41:27, 8.07, 242, 176.54, 0.70, 356.48, -0.0300, 0.0305, -0.9991, 0.0071
19:41:27, 8.07, 242, 177.30, 0.52, 356.66, -0.0234, 0.0290, -0.9993, 0.0052
19:41:27, 8.10, 243, 177.97, 0.18, 356.76, -0.0177, 0.0282, -0.9994, 0.0020
19:41:27, 8.10, 243, 178.52, 359.98, 356.81, -0.0129, 0.0279, -0.9995, 0.0002
19:41:27, 8.10, 243, 179.05, 359.65, 356.90, -0.0084, 0.0271, -0.9996, -0.0029
19:41:27, 8.13, 244, 179.55, 359.48, 356.91, -0.0040, 0.0270, -0.9996, -0.0045
19:41:27, 8.13, 244, 180.11, 359.32, 356.96, 0.0008, 0.0265, -0.9996, -0.0060
19:41:27, 8.17, 245, 180.64, 359.25, 356.97, 0.0054, 0.0264, -0.9996, -0.0067
19:41:27, 8.17, 245, 181.16, 359.13, 356.97, 0.0100, 0.0264, -0.9996, -0.0078
19:41:27, 8.20, 246, 181.71, 359.10, 356.97, 0.0147, 0.0263, -0.9995, -0.0083
19:41:27, 8.20, 246, 182.21, 359.03, 357.05, 0.0190, 0.0255, -0.9995, -0.0090
19:41:27, 8.20, 246, 182.61, 359.01, 357.08, 0.0226, 0.0253, -0.9994, -0.0092
19:41:27, 8.23, 247, 183.09, 358.88, 357.13, 0.0267, 0.0247, -0.9993, -0.0104
19:41:27, 8.23, 247, 183.47, 358.79, 357.12, 0.0300, 0.0248, -0.9992, -0.0113
19:41:27, 8.27, 248, 183.81, 358.67, 357.15, 0.0329, 0.0244, -0.9991, -0.0125
19:41:27, 8.27, 248, 184.14, 358.59, 357.18, 0.0358, 0.0241, -0.9990, -0.0132
19:41:27, 8.27, 248, 184.39, 358.58, 357.15, 0.0380, 0.0244, -0.9989, -0.0133
19:41:27, 8.30, 249, 184.59, 358.65, 357.17, 0.0397, 0.0242, -0.9988, -0.0128
19:41:27, 8.30, 249, 184.76, 358.74, 357.16, 0.0412, 0.0243, -0.9988, -0.0120
19:41:27, 8.33, 250, 184.86, 358.83, 357.12, 0.0422, 0.0247, -0.9987, -0.0113
19:41:27, 8.33, 250, 184.91, 358.92, 357.00, 0.0426, 0.0258, -0.9987, -0.0105
19:41:27, 8.37, 251, 184.96, 359.03, 356.93, 0.0430, 0.0264, -0.9987, -0.0096
19:41:27, 8.37, 251, 184.98, 359.16, 356.85, 0.0433, 0.0271, -0.9987, -0.0085
19:41:27, 8.37, 251, 184.96, 359.27, 356.82, 0.0431, 0.0275, -0.9987, -0.0076
19:41:27, 8.40, 252, 184.96, 359.39, 356.81, 0.0431, 0.0276, -0.9987, -0.0065
19:41:27, 8.40, 252, 184.96, 359.51, 356.77, 0.0432, 0.0280, -0.9987, -0.0055
19:41:27, 8.43, 253, 185.01, 359.63, 356.73, 0.0436, 0.0284, -0.9986, -0.0045
19:41:27, 8.43, 253, 185.06, 359.71, 356.76, 0.0441, 0.0282, -0.9986, -0.0037
19:41:27, 8.43, 253, 185.16, 359.78, 356.78, 0.0450, 0.0279, -0.9986, -0.0032
19:41:27, 8.47, 254, 185.27, 359.81, 356.86, 0.0459, 0.0273, -0.9986, -0.0029
19:41:27, 8.47, 254, 185.41, 359.85, 356.91, 0.0472, 0.0269, -0.9985, -0.0026
19:41:27, 8.50, 255, 185.56, 359.88, 356.96, 0.0485, 0.0264, -0.9985, -0.0023
19:41:27, 8.50, 255, 185.73, 359.93, 356.98, 0.0500, 0.0263, -0.9984, -0.0019
19:41:27, 8.50, 255, 185.90, 0.02, 357.03, 0.0514, 0.0259, -0.9983, -0.0012
19:41:27, 8.53, 256, 186.06, 0.10, 357.05, 0.0529, 0.0258, -0.9983, -0.0005
19:41:27, 8.53, 256, 186.23, 0.15, 357.06, 0.0544, 0.0257, -0.9982, -0.0001
19:41:27, 8.57, 257, 186.39, 0.15, 357.10, 0.0557, 0.0254, -0.9981, -0.0001
19:41:27, 8.57, 257, 186.55, 0.10, 357.10, 0.0571, 0.0253, -0.9980, -0.0005
19:41:27, 8.60, 258, 186.73, 0.06, 357.12, 0.0587, 0.0251, -0.9980, -0.0009
19:41:27, 8.60, 258, 186.85, 0.02, 357.13, 0.0597, 0.0250, -0.9979, -0.0013
19:41:27, 8.60, 258, 186.99, 359.97, 357.16, 0.0609, 0.0247, -0.9978, -0.0017
19:41:27, 8.63, 259, 187.13, 359.95, 357.14, 0.0622, 0.0248, -0.9978, -0.0020
19:41:27, 8.63, 259, 187.26, 359.91, 357.18, 0.0633, 0.0245, -0.9977, -0.0023
19:41:28, 8.67, 260, 187.38, 359.88, 357.21, 0.0644, 0.0242, -0.9976, -0.0027
19:41:28, 8.67, 260, 187.50, 359.87, 357.20, 0.0653, 0.0243, -0.9976, -0.0028
19:41:28, 8.67, 260, 187.60, 359.87, 357.22, 0.0663, 0.0242, -0.9975, -0.0027
19:41:28, 8.70, 261, 187.71, 359.83, 357.22, 0.0672, 0.0241, -0.9974, -0.0031
19:41:28, 8.70, 261, 187.82, 359.81, 357.23, 0.0681, 0.0240, -0.9974, -0.0033
19:41:28, 8.73, 262, 187.89, 359.82, 357.24, 0.0688, 0.0240, -0.9973, -0.0033
19:41:28, 8.73, 262, 187.97, 359.77, 357.26, 0.0694, 0.0237, -0.9973, -0.0037
19:41:28, 8.77, 263, 188.08, 359.74, 357.27, 0.0704, 0.0236, -0.9972, -0.0040
19:41:28, 8.77, 263, 188.15, 359.64, 357.29, 0.0710, 0.0234, -0.9972, -0.0048
19:41:28, 8.77, 263, 188.24, 359.63, 357.34, 0.0718, 0.0229, -0.9971, -0.0049
19:41:28, 8.80, 264, 188.35, 359.62, 357.37, 0.0727, 0.0227, -0.9971, -0.0050
19:41:28, 8.80, 264, 188.44, 359.64, 357.38, 0.0735, 0.0225, -0.9970, -0.0049
19:41:28, 8.83, 265, 188.52, 359.66, 357.39, 0.0742, 0.0225, -0.9970, -0.0047
19:41:28, 8.83, 265, 188.61, 359.71, 357.47, 0.0750, 0.0219, -0.9969, -0.0041
19:41:28, 8.83, 265, 188.71, 359.75, 357.48, 0.0759, 0.0218, -0.9969, -0.0038
19:41:28, 8.87, 266, 188.83, 359.81, 357.42, 0.0769, 0.0223, -0.9968, -0.0034
19:41:28, 8.87, 266, 188.93, 359.87, 357.39, 0.0778, 0.0226, -0.9967, -0.0029
19:41:28, 8.90, 267, 189.02, 359.90, 357.36, 0.0786, 0.0229, -0.9966, -0.0027
19:41:28, 8.90, 267, 189.09, 359.92, 357.35, 0.0792, 0.0230, -0.9966, -0.0026
19:41:28, 8.93, 268, 189.19, 359.94, 357.33, 0.0801, 0.0232, -0.9965, -0.0024
19:41:28, 8.93, 268, 189.25, 359.97, 357.29, 0.0806, 0.0235, -0.9965, -0.0021
19:41:28, 8.93, 268, 189.35, 359.99, 357.23, 0.0815, 0.0241, -0.9964, -0.0020
19:41:28, 8.97, 269, 189.40, 0.04, 357.19, 0.0819, 0.0244, -0.9963, -0.0017
19:41:28, 8.97, 269, 189.43, 0.06, 357.15, 0.0822, 0.0248, -0.9963, -0.0015
19:41:28, 9.00, 270, 189.47, 0.07, 357.09, 0.0825, 0.0253, -0.9963, -0.0015
19:41:28, 9.00, 270, 189.50, 0.06, 357.04, 0.0828, 0.0258, -0.9962, -0.0016
19:41:28, 9.00, 270, 189.53, 0.09, 356.98, 0.0831, 0.0263, -0.9962, -0.0014
19:41:28, 9.03, 271, 189.55, 0.10, 356.91, 0.0832, 0.0269, -0.9962, -0.0014
19:41:28, 9.03, 271, 189.54, 0.09, 356.85, 0.0832, 0.0275, -0.9962, -0.0015
19:41:28, 9.07, 272, 189.58, 0.10, 356.79, 0.0835, 0.0279, -0.9961, -0.0015
19:41:28, 9.07, 272, 189.58, 0.11, 356.75, 0.0835, 0.0283, -0.9961, -0.0014
19:41:28, 9.10, 273, 189.57, 0.10, 356.75, 0.0834, 0.0283, -0.9961, -0.0015
19:41:28, 9.10, 273, 189.59, 0.10, 356.73, 0.0836, 0.0285, -0.9961, -0.0015
19:41:28, 9.10, 273, 189.60, 0.08, 356.65, 0.0837, 0.0292, -0.9961, -0.0018
19:41:28, 9.13, 274, 189.60, 0.04, 356.57, 0.0836, 0.0299, -0.9960, -0.0021
19:41:28, 9.13, 274, 189.60, 0.01, 356.58, 0.0836, 0.0297, -0.9961, -0.0024
19:41:28, 9.17, 275, 189.57, 359.95, 356.58, 0.0834, 0.0297, -0.9961, -0.0030
19:41:28, 9.17, 275, 189.51, 359.89, 356.57, 0.0828, 0.0298, -0.9961, -0.0034
19:41:28, 9.17, 275, 189.43, 359.86, 356.58, 0.0821, 0.0296, -0.9962, -0.0037
19:41:28, 9.20, 276, 189.40, 359.85, 356.57, 0.0818, 0.0297, -0.9962, -0.0038
19:41:28, 9.20, 276, 189.32, 359.85, 356.57, 0.0811, 0.0297, -0.9963, -0.0037
19:41:28, 9.23, 277, 189.25, 359.81, 356.58, 0.0806, 0.0296, -0.9963, -0.0040
19:41:28, 9.23, 277, 189.20, 359.81, 356.57, 0.0801, 0.0297, -0.9963, -0.0041
19:41:28, 9.27, 278, 189.15, 359.75, 356.57, 0.0797, 0.0297, -0.9964, -0.0046
19:41:28, 9.27, 278, 189.12, 359.69, 356.59, 0.0794, 0.0295, -0.9964, -0.0051
19:41:28, 9.27, 278, 189.07, 359.67, 356.61, 0.0789, 0.0293, -0.9964, -0.0052
19:41:28, 9.30, 279, 189.03, 359.64, 356.61, 0.0786, 0.0292, -0.9965, -0.0055
19:41:28, 9.30, 279, 189.00, 359.58, 356.59, 0.0783, 0.0294, -0.9965, -0.0060
19:41:28, 9.33, 280, 188.94, 359.52, 356.58, 0.0777, 0.0294, -0.9965, -0.0065
19:41:28, 9.33, 280, 188.91, 359.47, 356.60, 0.0775, 0.0292, -0.9965, -0.0069
19:41:28, 9.33, 280, 188.85, 359.43, 356.59, 0.0770, 0.0292, -0.9966, -0.0073
19:41:28, 9.37, 281, 188.78, 359.37, 356.61, 0.0763, 0.0291, -0.9966, -0.0078
19:41:28, 9.37, 281, 188.72, 359.36, 356.59, 0.0759, 0.0292, -0.9967, -0.0079
19:41:28, 9.40, 282, 188.68, 359.31, 356.60, 0.0755, 0.0292, -0.9967, -0.0082
19:41:28, 9.40, 282, 188.60, 359.28, 356.56, 0.0748, 0.0295, -0.9967, -0.0085
19:41:28, 9.43, 283, 188.52, 359.23, 356.55, 0.0740, 0.0295, -0.9968, -0.0090
19:41:28, 9.43, 283, 188.43, 359.23, 356.55, 0.0733, 0.0296, -0.9968, -0.0089
19:41:28, 9.43, 283, 188.33, 359.22, 356.53, 0.0724, 0.0297, -0.9969, -0.0090
19:41:28, 9.47, 284, 188.25, 359.22, 356.51, 0.0717, 0.0299, -0.9969, -0.0089
19:41:28, 9.47, 284, 188.16, 359.25, 356.49, 0.0709, 0.0301, -0.9970, -0.0087
19:41:28, 9.50, 285, 188.06, 359.26, 356.48, 0.0701, 0.0301, -0.9971, -0.0086
19:41:28, 9.50, 285, 187.97, 359.29, 356.47, 0.0693, 0.0303, -0.9971, -0.0083
19:41:28, 9.50, 285, 187.89, 359.32, 356.47, 0.0686, 0.0304, -0.9972, -0.0080
19:41:28, 9.53, 286, 187.81, 359.38, 356.47, 0.0679, 0.0304, -0.9972, -0.0075
19:41:28, 9.53, 286, 187.72, 359.43, 356.49, 0.0671, 0.0302, -0.9973, -0.0071
19:41:28, 9.57, 287, 187.63, 359.46, 356.52, 0.0664, 0.0300, -0.9973, -0.0067
19:41:28, 9.57, 287, 187.55, 359.49, 356.51, 0.0657, 0.0301, -0.9974, -0.0065
19:41:28, 9.60, 288, 187.47, 359.51, 356.53, 0.0650, 0.0299, -0.9974, -0.0063
19:41:28, 9.60, 288, 187.39, 359.47, 356.56, 0.0643, 0.0297, -0.9975, -0.0066
19:41:28, 9.60, 288, 187.32, 359.50, 356.60, 0.0637, 0.0294, -0.9975, -0.0063
19:41:28, 9.63, 289, 187.23, 359.53, 356.66, 0.0629, 0.0289, -0.9976, -0.0059
19:41:28, 9.63, 289, 187.16, 359.59, 356.64, 0.0623, 0.0291, -0.9976, -0.0054
19:41:29, 9.67, 290, 187.08, 359.65, 356.54, 0.0616, 0.0299, -0.9976, -0.0049
19:41:29, 9.67, 290, 187.02, 359.70, 356.54, 0.0611, 0.0300, -0.9977, -0.0044
19:41:29, 9.70, 291, 186.94, 359.69, 356.58, 0.0604, 0.0296, -0.9977, -0.0045
19:41:29, 9.70, 291, 186.87, 359.69, 356.58, 0.0598, 0.0297, -0.9978, -0.0045
19:41:29, 9.70, 291, 186.83, 359.69, 356.59, 0.0594, 0.0295, -0.9978, -0.0045
19:41:29, 9.73, 292, 186.77, 359.72, 356.58, 0.0590, 0.0297, -0.9978, -0.0042
19:41:29, 9.73, 292, 186.72, 359.75, 356.57, 0.0586, 0.0298, -0.9978, -0.0039
19:41:29, 9.77, 293, 186.67, 359.77, 356.56, 0.0581, 0.0299, -0.9979, -0.0037
19:41:29, 9.77, 293, 186.59, 359.80, 356.53, 0.0574, 0.0301, -0.9979, -0.0035
19:41:29, 9.77, 293, 186.55, 359.82, 356.51, 0.0571, 0.0304, -0.9979, -0.0033
19:41:29, 9.80, 294, 186.49, 359.85, 356.51, 0.0565, 0.0303, -0.9979, -0.0031
19:41:29, 9.80, 294, 186.40, 359.86, 356.51, 0.0558, 0.0303, -0.9980, -0.0029
19:41:29, 9.83, 295, 186.34, 359.85, 356.50, 0.0552, 0.0304, -0.9980, -0.0030
19:41:29, 9.83, 295, 186.26, 359.85, 356.48, 0.0545, 0.0306, -0.9980, -0.0030
19:41:29, 9.87, 296, 186.18, 359.82, 356.45, 0.0538, 0.0308, -0.9981, -0.0033
19:41:29, 9.87, 296, 186.13, 359.81, 356.46, 0.0534, 0.0308, -0.9981, -0.0033
19:41:29, 9.87, 296, 186.06, 359.81, 356.50, 0.0528, 0.0305, -0.9981, -0.0033
19:41:29, 9.90, 297, 186.01, 359.81, 356.51, 0.0523, 0.0303, -0.9982, -0.0032
19:41:29, 9.90, 297, 185.97, 359.82, 356.45, 0.0520, 0.0308, -0.9982, -0.0032
19:41:29, 9.93, 298, 185.96, 359.82, 356.44, 0.0519, 0.0310, -0.9982, -0.0032
19:41:29, 9.93, 298, 185.91, 359.81, 356.45, 0.0515, 0.0308, -0.9982, -0.0032
19:41:29, 9.93, 298, 185.86, 359.76, 356.48, 0.0510, 0.0306, -0.9982, -0.0037
19:41:29, 9.97, 299, 185.83, 359.71, 356.49, 0.0508, 0.0304, -0.9982, -0.0041
19:41:29, 9.97, 299, 185.80, 359.65, 356.50, 0.0504, 0.0303, -0.9983, -0.0046
