Timestamp, VideoTime, VideoFrame, HeadYaw, HeadPitch, HeadRoll, HeadQuatW, HeadQuatX, HeadQuatY, HeadQuatZ
17:47:46, 0.00, 0, 305.92, 353.87, 349.47, -0.8834, 0.0058, 0.4564, 0.1058
17:47:46, 0.03, 1, 305.55, 353.98, 349.66, -0.8822, 0.0053, 0.4592, 0.1040
17:47:46, 0.03, 1, 305.18, 354.13, 349.84, -0.8810, 0.0046, 0.4620, 0.1020
17:47:46, 0.03, 1, 304.88, 354.29, 349.95, -0.8800, 0.0036, 0.4642, 0.1005
17:47:46, 0.07, 2, 304.52, 354.39, 350.07, -0.8787, 0.0029, 0.4669, 0.0992
17:47:46, 0.07, 2, 304.16, 354.47, 350.18, -0.8774, 0.0025, 0.4696, 0.0980
17:47:46, 0.10, 3, 303.70, 354.48, 350.33, -0.8757, 0.0026, 0.4731, 0.0969
17:47:46, 0.10, 3, 303.21, 354.53, 350.41, -0.8737, 0.0021, 0.4768, 0.0960
17:47:46, 0.10, 3, 302.63, 354.52, 350.46, -0.8713, 0.0019, 0.4813, 0.0958
17:47:46, 0.13, 4, 301.94, 354.58, 350.43, -0.8684, 0.0008, 0.4865, 0.0957
17:47:46, 0.13, 4, 301.25, 354.72, 350.47, -0.8656, -0.0007, 0.4917, 0.0948
17:47:46, 0.17, 5, 300.60, 354.86, 350.44, -0.8629, -0.0024, 0.4965, 0.0945
17:47:46, 0.17, 5, 299.95, 354.92, 350.43, -0.8601, -0.0035, 0.5013, 0.0942
17:47:46, 0.17, 5, 299.32, 354.98, 350.43, -0.8574, -0.0044, 0.5061, 0.0940
17:47:46, 0.20, 6, 298.71, 355.06, 350.35, -0.8546, -0.0059, 0.5106, 0.0942
17:47:46, 0.20, 6, 298.20, 355.09, 350.33, -0.8524, -0.0066, 0.5144, 0.0942
17:47:46, 0.23, 7, 297.63, 355.14, 350.24, -0.8497, -0.0079, 0.5186, 0.0946
17:47:46, 0.23, 7, 297.05, 355.19, 350.14, -0.8471, -0.0092, 0.5228, 0.0951
17:47:46, 0.27, 8, 296.59, 355.22, 349.96, -0.8449, -0.0106, 0.5262, 0.0962
17:47:46, 0.27, 8, 296.08, 355.22, 349.80, -0.8424, -0.0118, 0.5299, 0.0974
17:47:46, 0.27, 8, 295.57, 355.22, 349.65, -0.8399, -0.0129, 0.5337, 0.0984
17:47:46, 0.30, 9, 295.07, 355.24, 349.46, -0.8374, -0.0143, 0.5373, 0.0996
17:47:46, 0.30, 9, 294.60, 355.16, 349.27, -0.8349, -0.0151, 0.5408, 0.1013
17:47:46, 0.33, 10, 294.10, 355.15, 349.18, -0.8325, -0.0159, 0.5444, 0.1020
17:47:46, 0.33, 10, 293.57, 355.06, 349.10, -0.8298, -0.0161, 0.5482, 0.1028
17:47:46, 0.33, 10, 293.05, 355.02, 349.06, -0.8273, -0.0164, 0.5520, 0.1033
17:47:46, 0.37, 11, 292.38, 354.96, 349.07, -0.8240, -0.0166, 0.5568, 0.1034
17:47:46, 0.37, 11, 291.80, 354.90, 349.09, -0.8211, -0.0166, 0.5611, 0.1035
17:47:46, 0.40, 12, 291.16, 354.91, 349.09, -0.8180, -0.0172, 0.5656, 0.1034
17:47:46, 0.40, 12, 290.46, 354.89, 349.14, -0.8146, -0.0175, 0.5706, 0.1029
17:47:46, 0.43, 13, 289.89, 354.89, 349.20, -0.8117, -0.0177, 0.5747, 0.1025
17:47:46, 0.43, 13, 289.20, 354.83, 349.19, -0.8082, -0.0179, 0.5796, 0.1027
17:47:46, 0.43, 13, 288.60, 354.75, 349.20, -0.8051, -0.0178, 0.5839, 0.1030
17:47:46, 0.47, 14, 287.99, 354.64, 349.15, -0.8019, -0.0179, 0.5882, 0.1038
17:47:46, 0.47, 14, 287.39, 354.57, 349.10, -0.7987, -0.0182, 0.5924, 0.1043
17:47:46, 0.50, 15, 286.80, 354.48, 349.21, -0.7956, -0.0175, 0.5966, 0.1040
17:47:46, 0.50, 15, 286.15, 354.42, 349.33, -0.7923, -0.0171, 0.6011, 0.1033
17:47:46, 0.50, 15, 285.51, 354.32, 349.52, -0.7890, -0.0160, 0.6055, 0.1024
17:47:46, 0.53, 16, 284.90, 354.22, 349.67, -0.7858, -0.0150, 0.6098, 0.1019
17:47:46, 0.53, 16, 284.29, 354.20, 349.85, -0.7827, -0.0144, 0.6140, 0.1006
17:47:46, 0.57, 17, 283.76, 354.06, 350.06, -0.7799, -0.0128, 0.6177, 0.1000
17:47:46, 0.57, 17, 283.17, 353.89, 350.28, -0.7768, -0.0109, 0.6218, 0.0993
17:47:46, 0.60, 18, 282.59, 353.85, 350.48, -0.7738, -0.0101, 0.6257, 0.0981
17:47:46, 0.60, 18, 282.07, 353.75, 350.69, -0.7710, -0.0087, 0.6293, 0.0972
17:47:46, 0.60, 18, 281.53, 353.64, 350.92, -0.7682, -0.0072, 0.6329, 0.0962
17:47:46, 0.63, 19, 280.98, 353.59, 351.17, -0.7653, -0.0059, 0.6367, 0.0948
17:47:46, 0.63, 19, 280.48, 353.49, 351.40, -0.7626, -0.0044, 0.6400, 0.0938
17:47:46, 0.67, 20, 279.86, 353.46, 351.68, -0.7594, -0.0031, 0.6441, 0.0920
17:47:46, 0.67, 20, 279.30, 353.34, 352.00, -0.7564, -0.0009, 0.6479, 0.0906
17:47:46, 0.67, 20, 278.73, 353.22, 352.26, -0.7532, 0.0010, 0.6517, 0.0895
17:47:46, 0.70, 21, 278.17, 353.17, 352.53, -0.7502, 0.0024, 0.6553, 0.0881
17:47:46, 0.70, 21, 277.67, 353.08, 352.76, -0.7474, 0.0039, 0.6586, 0.0871
17:47:46, 0.73, 22, 277.16, 353.08, 353.01, -0.7447, 0.0049, 0.6619, 0.0854
17:47:46, 0.73, 22, 276.66, 353.01, 353.28, -0.7420, 0.0066, 0.6651, 0.0841
17:47:46, 0.77, 23, 276.16, 352.94, 353.54, -0.7391, 0.0082, 0.6684, 0.0829
17:47:46, 0.77, 23, 275.67, 352.95, 353.79, -0.7365, 0.0092, 0.6715, 0.0813
17:47:47, 0.77, 23, 275.22, 352.95, 353.97, -0.7340, 0.0100, 0.6744, 0.0802
17:47:47, 0.80, 24, 274.73, 352.90, 354.09, -0.7311, 0.0106, 0.6775, 0.0797
17:47:47, 0.80, 24, 274.33, 352.89, 354.13, -0.7288, 0.0107, 0.6800, 0.0796
17:47:47, 0.83, 25, 273.95, 352.89, 354.16, -0.7266, 0.0106, 0.6824, 0.0794
17:47:47, 0.83, 25, 273.59, 352.93, 354.23, -0.7245, 0.0104, 0.6847, 0.0788
17:47:47, 0.83, 25, 273.19, 352.89, 354.25, -0.7221, 0.0106, 0.6872, 0.0789
17:47:47, 0.87, 26, 272.88, 352.94, 354.24, -0.7202, 0.0100, 0.6892, 0.0787
17:47:47, 0.87, 26, 272.57, 352.95, 354.23, -0.7184, 0.0097, 0.6911, 0.0787
17:47:47, 0.90, 27, 272.26, 352.95, 354.21, -0.7165, 0.0093, 0.6931, 0.0789
17:47:47, 0.90, 27, 272.00, 353.03, 354.24, -0.7150, 0.0088, 0.6947, 0.0783
17:47:47, 0.93, 28, 271.67, 353.07, 354.28, -0.7130, 0.0086, 0.6967, 0.0778
17:47:47, 0.93, 28, 271.36, 353.15, 354.34, -0.7112, 0.0082, 0.6987, 0.0769
17:47:47, 0.93, 28, 270.98, 353.13, 354.50, -0.7090, 0.0091, 0.7010, 0.0761
17:47:47, 0.97, 29, 270.61, 353.14, 354.78, -0.7069, 0.0105, 0.7033, 0.0744
17:47:47, 0.97, 29, 270.14, 353.16, 355.00, -0.7042, 0.0115, 0.7062, 0.0730
17:47:47, 1.00, 30, 269.62, 353.17, 355.19, -0.7011, 0.0122, 0.7093, 0.0718
17:47:47, 1.00, 30, 269.21, 353.25, 355.39, -0.6987, 0.0127, 0.7118, 0.0701
17:47:47, 1.00, 30, 268.75, 353.35, 355.48, -0.6960, 0.0124, 0.7146, 0.0689
17:47:47, 1.03, 31, 268.26, 353.50, 355.64, -0.6931, 0.0122, 0.7176, 0.0671
17:47:47, 1.03, 31, 267.77, 353.61, 355.75, -0.6902, 0.0119, 0.7206, 0.0658
17:47:47, 1.07, 32, 267.20, 353.55, 355.86, -0.6866, 0.0127, 0.7239, 0.0656
17:47:47, 1.07, 32, 266.69, 353.55, 355.95, -0.6835, 0.0130, 0.7270, 0.0651
17:47:47, 1.10, 33, 266.27, 353.52, 356.07, -0.6808, 0.0136, 0.7295, 0.0646
17:47:47, 1.10, 33, 265.82, 353.40, 356.13, -0.6779, 0.0145, 0.7321, 0.0651
17:47:47, 1.10, 33, 265.37, 353.35, 356.27, -0.6751, 0.0155, 0.7348, 0.0646
17:47:47, 1.13, 34, 264.91, 353.27, 356.47, -0.6722, 0.0169, 0.7374, 0.0640
17:47:47, 1.13, 34, 264.48, 353.27, 356.78, -0.6696, 0.0187, 0.7399, 0.0623
17:47:47, 1.17, 35, 263.95, 353.28, 357.01, -0.6663, 0.0198, 0.7429, 0.0610
17:47:47, 1.17, 35, 263.60, 353.27, 357.22, -0.6641, 0.0210, 0.7449, 0.0599
17:47:47, 1.20, 36, 263.17, 353.27, 357.49, -0.6615, 0.0226, 0.7473, 0.0584
17:47:47, 1.20, 36, 262.79, 353.26, 357.63, -0.6590, 0.0234, 0.7495, 0.0577
17:47:47, 1.20, 36, 262.44, 353.18, 357.80, -0.6568, 0.0248, 0.7515, 0.0574
17:47:47, 1.23, 37, 262.03, 353.13, 357.98, -0.6542, 0.0261, 0.7538, 0.0568
17:47:47, 1.23, 37, 261.69, 353.01, 358.10, -0.6519, 0.0273, 0.7556, 0.0570
17:47:47, 1.27, 38, 261.35, 352.97, 358.26, -0.6497, 0.0284, 0.7575, 0.0564
17:47:47, 1.27, 38, 261.03, 352.96, 358.34, -0.6476, 0.0289, 0.7593, 0.0561
17:47:47, 1.27, 38, 260.65, 352.92, 358.45, -0.6452, 0.0297, 0.7614, 0.0558
17:47:47, 1.30, 39, 260.30, 352.88, 358.64, -0.6429, 0.0310, 0.7633, 0.0551
17:47:47, 1.30, 39, 260.08, 352.78, 358.64, -0.6414, 0.0314, 0.7645, 0.0558
17:47:47, 1.33, 40, 259.84, 352.63, 358.67, -0.6398, 0.0324, 0.7658, 0.0568
17:47:47, 1.33, 40, 259.63, 352.55, 358.64, -0.6383, 0.0325, 0.7670, 0.0574
17:47:47, 1.37, 41, 259.48, 352.46, 358.57, -0.6372, 0.0325, 0.7678, 0.0585
17:47:47, 1.37, 41, 259.30, 352.47, 358.55, -0.6360, 0.0322, 0.7688, 0.0586
17:47:47, 1.37, 41, 259.18, 352.56, 358.58, -0.6353, 0.0318, 0.7695, 0.0579
17:47:47, 1.40, 42, 259.10, 352.69, 358.62, -0.6348, 0.0313, 0.7699, 0.0568
17:47:47, 1.40, 42, 259.02, 352.86, 358.62, -0.6344, 0.0304, 0.7704, 0.0557
17:47:47, 1.43, 43, 258.96, 352.97, 358.63, -0.6340, 0.0297, 0.7708, 0.0549
17:47:47, 1.43, 43, 258.88, 353.08, 358.63, -0.6335, 0.0291, 0.7713, 0.0542
17:47:47, 1.43, 43, 258.83, 353.14, 358.59, -0.6332, 0.0285, 0.7716, 0.0540
17:47:47, 1.47, 44, 258.81, 353.19, 358.53, -0.6331, 0.0278, 0.7717, 0.0540
17:47:47, 1.47, 44, 258.79, 353.21, 358.46, -0.6329, 0.0272, 0.7719, 0.0542
17:47:47, 1.50, 45, 258.84, 353.28, 358.38, -0.6332, 0.0263, 0.7716, 0.0542
17:47:47, 1.50, 45, 258.85, 353.37, 358.33, -0.6333, 0.0255, 0.7716, 0.0539
17:47:47, 1.50, 45, 258.88, 353.46, 358.29, -0.6335, 0.0248, 0.7715, 0.0535
17:47:47, 1.53, 46, 258.87, 353.56, 358.24, -0.6335, 0.0238, 0.7716, 0.0531
17:47:47, 1.53, 46, 258.85, 353.66, 358.14, -0.6333, 0.0226, 0.7717, 0.0530
17:47:47, 1.57, 47, 258.78, 353.76, 358.04, -0.6328, 0.0213, 0.7722, 0.0529
17:47:47, 1.57, 47, 258.68, 353.86, 357.92, -0.6322, 0.0199, 0.7728, 0.0529
17:47:47, 1.60, 48, 258.53, 353.89, 357.81, -0.6311, 0.0190, 0.7736, 0.0533
17:47:47, 1.60, 48, 258.36, 353.95, 357.70, -0.6300, 0.0178, 0.7746, 0.0535
17:47:47, 1.60, 48, 258.11, 353.93, 357.63, -0.6282, 0.0173, 0.7760, 0.0541
17:47:47, 1.63, 49, 257.86, 353.90, 357.51, -0.6264, 0.0166, 0.7773, 0.0550
17:47:47, 1.63, 49, 257.58, 353.87, 357.42, -0.6245, 0.0159, 0.7789, 0.0558
17:47:47, 1.67, 50, 257.31, 353.81, 357.31, -0.6225, 0.0155, 0.7804, 0.0568
17:47:47, 1.67, 50, 257.05, 353.79, 357.19, -0.6207, 0.0146, 0.7818, 0.0576
17:47:47, 1.70, 51, 256.81, 353.77, 357.06, -0.6190, 0.0137, 0.7831, 0.0585
17:47:47, 1.70, 51, 256.55, 353.78, 356.96, -0.6172, 0.0128, 0.7845, 0.0590
17:47:47, 1.70, 51, 256.31, 353.78, 356.86, -0.6155, 0.0120, 0.7858, 0.0596
17:47:47, 1.73, 52, 256.10, 353.74, 356.80, -0.6140, 0.0117, 0.7869, 0.0601
17:47:47, 1.73, 52, 255.88, 353.69, 356.80, -0.6125, 0.0118, 0.7881, 0.0605
17:47:47, 1.77, 53, 255.72, 353.66, 356.79, -0.6113, 0.0118, 0.7889, 0.0608
17:47:47, 1.77, 53, 255.61, 353.65, 356.74, -0.6105, 0.0115, 0.7896, 0.0612
17:47:48, 1.77, 53, 255.46, 353.63, 356.73, -0.6095, 0.0115, 0.7903, 0.0614
17:47:48, 1.80, 54, 255.40, 353.61, 356.70, -0.6090, 0.0113, 0.7907, 0.0616
17:47:48, 1.80, 54, 255.34, 353.60, 356.66, -0.6086, 0.0111, 0.7910, 0.0620
17:47:48, 1.83, 55, 255.32, 353.60, 356.64, -0.6084, 0.0109, 0.7911, 0.0621
17:47:48, 1.83, 55, 255.27, 353.60, 356.65, -0.6081, 0.0109, 0.7914, 0.0620
17:47:48, 1.87, 56, 255.29, 353.56, 356.67, -0.6082, 0.0114, 0.7912, 0.0622
17:47:48, 1.87, 56, 255.28, 353.57, 356.67, -0.6082, 0.0113, 0.7913, 0.0621
17:47:48, 1.87, 56, 255.29, 353.58, 356.67, -0.6083, 0.0112, 0.7912, 0.0620
17:47:48, 1.90, 57, 255.33, 353.58, 356.63, -0.6085, 0.0110, 0.7910, 0.0623
17:47:48, 1.90, 57, 255.33, 353.56, 356.63, -0.6085, 0.0110, 0.7910, 0.0624
17:47:48, 1.93, 58, 255.37, 353.56, 356.61, -0.6087, 0.0110, 0.7908, 0.0625
17:47:48, 1.93, 58, 255.42, 353.54, 356.61, -0.6091, 0.0111, 0.7905, 0.0626
17:47:48, 1.93, 58, 255.44, 353.55, 356.59, -0.6093, 0.0109, 0.7904, 0.0627
17:47:48, 1.97, 59, 255.49, 353.55, 356.53, -0.6096, 0.0106, 0.7902, 0.0630
17:47:48, 1.97, 59, 255.53, 353.52, 356.52, -0.6098, 0.0106, 0.7900, 0.0632
17:47:48, 2.00, 60, 255.57, 353.52, 356.53, -0.6101, 0.0107, 0.7897, 0.0632
17:47:48, 2.00, 60, 255.60, 353.52, 356.56, -0.6103, 0.0109, 0.7896, 0.0630
17:47:48, 2.03, 61, 255.63, 353.48, 356.61, -0.6105, 0.0115, 0.7894, 0.0630
17:47:48, 2.03, 61, 255.64, 353.45, 356.65, -0.6106, 0.0119, 0.7893, 0.0630
17:47:48, 2.03, 61, 255.67, 353.43, 356.66, -0.6108, 0.0122, 0.7892, 0.0631
17:47:48, 2.07, 62, 255.71, 353.39, 356.68, -0.6111, 0.0126, 0.7890, 0.0632
17:47:48, 2.07, 62, 255.72, 353.35, 356.75, -0.6112, 0.0133, 0.7889, 0.0632
17:47:48, 2.10, 63, 255.73, 353.29, 356.81, -0.6113, 0.0140, 0.7888, 0.0632
17:47:48, 2.10, 63, 255.77, 353.26, 356.85, -0.6115, 0.0144, 0.7886, 0.0632
17:47:48, 2.10, 63, 255.78, 353.20, 356.88, -0.6116, 0.0150, 0.7885, 0.0635
17:47:48, 2.13, 64, 255.81, 353.16, 356.89, -0.6117, 0.0153, 0.7883, 0.0637
17:47:48, 2.13, 64, 255.87, 353.15, 356.88, -0.6122, 0.0153, 0.7880, 0.0639
17:47:48, 2.17, 65, 255.90, 353.09, 356.91, -0.6123, 0.0158, 0.7879, 0.0640
17:47:48, 2.17, 65, 255.92, 353.06, 356.98, -0.6125, 0.0165, 0.7877, 0.0639
17:47:48, 2.20, 66, 255.91, 353.01, 357.04, -0.6125, 0.0171, 0.7877, 0.0639
17:47:48, 2.20, 66, 255.92, 352.97, 357.11, -0.6126, 0.0178, 0.7876, 0.0638
17:47:48, 2.20, 66, 255.94, 352.94, 357.14, -0.6127, 0.0183, 0.7875, 0.0639
17:47:48, 2.23, 67, 255.98, 352.88, 357.18, -0.6129, 0.0189, 0.7873, 0.0640
17:47:48, 2.23, 67, 255.97, 352.84, 357.24, -0.6129, 0.0195, 0.7873, 0.0640
17:47:48, 2.27, 68, 255.98, 352.80, 357.29, -0.6129, 0.0200, 0.7873, 0.0640
17:47:48, 2.27, 68, 255.99, 352.75, 357.33, -0.6130, 0.0206, 0.7872, 0.0641
17:47:48, 2.27, 68, 256.01, 352.72, 357.36, -0.6132, 0.0210, 0.7870, 0.0642
17:47:48, 2.30, 69, 256.01, 352.66, 357.41, -0.6131, 0.0216, 0.7870, 0.0643
17:47:48, 2.30, 69, 256.04, 352.62, 357.46, -0.6134, 0.0222, 0.7869, 0.0643
17:47:48, 2.33, 70, 256.06, 352.59, 357.47, -0.6135, 0.0225, 0.7867, 0.0645
17:47:48, 2.33, 70, 256.07, 352.55, 357.49, -0.6136, 0.0228, 0.7866, 0.0646
17:47:48, 2.37, 71, 256.09, 352.52, 357.54, -0.6137, 0.0233, 0.7865, 0.0646
17:47:48, 2.37, 71, 256.11, 352.48, 357.57, -0.6138, 0.0238, 0.7864, 0.0647
17:47:48, 2.37, 71, 256.12, 352.42, 357.63, -0.6140, 0.0245, 0.7863, 0.0648
17:47:48, 2.40, 72, 256.10, 352.39, 357.70, -0.6138, 0.0251, 0.7864, 0.0646
17:47:48, 2.40, 72, 256.09, 352.33, 357.77, -0.6138, 0.0259, 0.7864, 0.0646
17:47:48, 2.43, 73, 256.05, 352.30, 357.91, -0.6136, 0.0270, 0.7866, 0.0641
17:47:48, 2.43, 73, 256.02, 352.30, 358.01, -0.6134, 0.0277, 0.7867, 0.0636
17:47:48, 2.43, 73, 255.96, 352.29, 358.06, -0.6130, 0.0280, 0.7870, 0.0634
17:47:48, 2.47, 74, 255.89, 352.28, 358.15, -0.6126, 0.0287, 0.7874, 0.0630
17:47:48, 2.47, 74, 255.81, 352.29, 358.24, -0.6121, 0.0293, 0.7878, 0.0625
17:47:48, 2.50, 75, 255.73, 352.27, 358.30, -0.6116, 0.0297, 0.7882, 0.0623
17:47:48, 2.50, 75, 255.69, 352.24, 358.34, -0.6113, 0.0300, 0.7884, 0.0623
17:47:48, 2.53, 76, 255.64, 352.19, 358.37, -0.6109, 0.0305, 0.7886, 0.0625
17:47:48, 2.53, 76, 255.59, 352.15, 358.38, -0.6106, 0.0308, 0.7889, 0.0627
17:47:48, 2.53, 76, 255.51, 352.13, 358.41, -0.6100, 0.0311, 0.7893, 0.0627
17:47:48, 2.57, 77, 255.44, 352.07, 358.46, -0.6095, 0.0317, 0.7896, 0.0629
17:47:48, 2.57, 77, 255.35, 352.04, 358.47, -0.6090, 0.0319, 0.7901, 0.0631
17:47:48, 2.60, 78, 255.29, 351.98, 358.52, -0.6085, 0.0325, 0.7903, 0.0632
17:47:48, 2.60, 78, 255.23, 351.96, 358.59, -0.6082, 0.0331, 0.7906, 0.0630
17:47:48, 2.60, 78, 255.21, 351.95, 358.68, -0.6080, 0.0337, 0.7907, 0.0627
17:47:48, 2.63, 79, 255.16, 351.92, 358.75, -0.6077, 0.0343, 0.7910, 0.0625
17:47:48, 2.63, 79, 255.10, 351.91, 358.83, -0.6073, 0.0349, 0.7912, 0.0621
17:47:48, 2.67, 80, 255.06, 351.91, 358.90, -0.6071, 0.0354, 0.7914, 0.0617
17:47:48, 2.67, 80, 255.04, 351.92, 358.95, -0.6070, 0.0356, 0.7916, 0.0614
17:47:48, 2.70, 81, 255.00, 351.91, 358.98, -0.6067, 0.0359, 0.7917, 0.0613
17:47:48, 2.70, 81, 254.96, 351.85, 359.02, -0.6065, 0.0365, 0.7919, 0.0616
17:47:48, 2.70, 81, 254.93, 351.83, 359.05, -0.6062, 0.0368, 0.7920, 0.0616
17:47:48, 2.73, 82, 254.88, 351.81, 359.07, -0.6059, 0.0370, 0.7923, 0.0616
17:47:48, 2.73, 82, 254.83, 351.77, 359.11, -0.6056, 0.0374, 0.7925, 0.0617
17:47:48, 2.77, 83, 254.78, 351.76, 359.12, -0.6052, 0.0375, 0.7928, 0.0617
17:47:48, 2.77, 83, 254.77, 351.78, 359.07, -0.6051, 0.0371, 0.7928, 0.0619
17:47:49, 2.77, 83, 254.76, 351.81, 359.01, -0.6050, 0.0365, 0.7930, 0.0620
17:47:49, 2.80, 84, 254.72, 351.83, 358.99, -0.6047, 0.0363, 0.7932, 0.0619
17:47:49, 2.80, 84, 254.71, 351.83, 358.98, -0.6047, 0.0362, 0.7932, 0.0620
17:47:49, 2.83, 85, 254.70, 351.86, 358.91, -0.6046, 0.0355, 0.7933, 0.0622
17:47:49, 2.83, 85, 254.71, 351.88, 358.84, -0.6046, 0.0349, 0.7933, 0.0624
17:47:49, 2.87, 86, 254.76, 351.88, 358.73, -0.6049, 0.0342, 0.7931, 0.0629
17:47:49, 2.87, 86, 254.78, 351.89, 358.62, -0.6050, 0.0334, 0.7930, 0.0634
17:47:49, 2.87, 86, 254.79, 351.91, 358.51, -0.6050, 0.0326, 0.7930, 0.0639
17:47:49, 2.90, 87, 254.81, 351.96, 358.45, -0.6051, 0.0319, 0.7929, 0.0638
17:47:49, 2.93, 88, 254.86, 352.02, 358.27, -0.6054, 0.0303, 0.7927, 0.0644
17:47:49, 2.93, 88, 254.90, 352.07, 358.18, -0.6056, 0.0295, 0.7926, 0.0645
17:47:49, 2.93, 88, 254.90, 352.08, 358.12, -0.6056, 0.0290, 0.7926, 0.0648
17:47:49, 2.97, 89, 254.91, 352.08, 358.05, -0.6057, 0.0285, 0.7925, 0.0651
17:47:49, 2.97, 89, 254.95, 352.11, 357.97, -0.6059, 0.0278, 0.7924, 0.0653
17:47:49, 3.00, 90, 254.96, 352.13, 357.90, -0.6060, 0.0273, 0.7923, 0.0656
17:47:49, 3.00, 90, 254.97, 352.17, 357.87, -0.6060, 0.0269, 0.7923, 0.0654
17:47:49, 3.03, 91, 255.00, 352.20, 357.78, -0.6062, 0.0261, 0.7922, 0.0657
17:47:49, 3.03, 91, 255.02, 352.25, 357.73, -0.6063, 0.0254, 0.7921, 0.0656
17:47:49, 3.03, 91, 255.03, 352.29, 357.68, -0.6064, 0.0249, 0.7921, 0.0656
17:47:49, 3.07, 92, 255.04, 352.33, 357.63, -0.6064, 0.0244, 0.7920, 0.0656
17:47:49, 3.07, 92, 255.04, 352.34, 357.58, -0.6064, 0.0240, 0.7920, 0.0658
17:47:49, 3.10, 93, 255.05, 352.36, 357.56, -0.6065, 0.0237, 0.7920, 0.0658
17:47:49, 3.10, 93, 255.06, 352.35, 357.49, -0.6065, 0.0233, 0.7920, 0.0662
17:47:49, 3.10, 93, 255.07, 352.36, 357.43, -0.6065, 0.0229, 0.7919, 0.0664
17:47:49, 3.13, 94, 255.11, 352.36, 357.37, -0.6068, 0.0224, 0.7918, 0.0667
17:47:49, 3.13, 94, 255.11, 352.40, 357.34, -0.6068, 0.0220, 0.7917, 0.0667
17:47:49, 3.17, 95, 255.13, 352.43, 357.27, -0.6069, 0.0213, 0.7917, 0.0668
17:47:49, 3.17, 95, 255.15, 352.44, 357.23, -0.6071, 0.0211, 0.7916, 0.0669
17:47:49, 3.20, 96, 255.17, 352.47, 357.20, -0.6072, 0.0207, 0.7915, 0.0669
17:47:49, 3.20, 96, 255.19, 352.49, 357.15, -0.6073, 0.0203, 0.7914, 0.0670
17:47:49, 3.20, 96, 255.21, 352.49, 357.09, -0.6074, 0.0199, 0.7913, 0.0673
17:47:49, 3.23, 97, 255.22, 352.50, 357.07, -0.6075, 0.0197, 0.7912, 0.0673
17:47:49, 3.23, 97, 255.24, 352.52, 357.01, -0.6075, 0.0192, 0.7912, 0.0675
17:47:49, 3.27, 98, 255.26, 352.54, 356.97, -0.6077, 0.0188, 0.7911, 0.0676
17:47:49, 3.27, 98, 255.28, 352.61, 356.91, -0.6078, 0.0180, 0.7910, 0.0674
17:47:49, 3.27, 98, 255.30, 352.71, 356.83, -0.6080, 0.0169, 0.7909, 0.0672
17:47:49, 3.30, 99, 255.33, 352.89, 356.73, -0.6082, 0.0154, 0.7908, 0.0665
17:47:49, 3.30, 99, 255.37, 353.04, 356.65, -0.6085, 0.0140, 0.7907, 0.0658
17:47:49, 3.33, 100, 255.38, 353.14, 356.61, -0.6086, 0.0132, 0.7907, 0.0653
17:47:49, 3.33, 100, 255.41, 353.17, 356.61, -0.6089, 0.0130, 0.7905, 0.0651
17:47:49, 3.37, 101, 255.41, 353.17, 356.61, -0.6089, 0.0131, 0.7905, 0.0651
17:47:49, 3.37, 101, 255.45, 353.14, 356.58, -0.6091, 0.0130, 0.7903, 0.0656
17:47:49, 3.37, 101, 255.47, 353.13, 356.50, -0.6092, 0.0125, 0.7902, 0.0661
17:47:49, 3.40, 102, 255.53, 353.12, 356.38, -0.6095, 0.0118, 0.7899, 0.0667
17:47:49, 3.40, 102, 255.54, 353.11, 356.28, -0.6096, 0.0112, 0.7898, 0.0673
17:47:49, 3.43, 103, 255.58, 353.09, 356.19, -0.6097, 0.0107, 0.7896, 0.0680
17:47:49, 3.43, 103, 255.63, 353.10, 356.09, -0.6100, 0.0100, 0.7894, 0.0684
17:47:49, 3.43, 103, 255.69, 353.09, 355.98, -0.6104, 0.0093, 0.7891, 0.0691
17:47:49, 3.47, 104, 255.77, 353.08, 355.97, -0.6109, 0.0093, 0.7886, 0.0692
17:47:49, 3.47, 104, 255.88, 353.11, 355.93, -0.6116, 0.0090, 0.7881, 0.0692
17:47:49, 3.50, 105, 255.96, 353.13, 355.93, -0.6122, 0.0089, 0.7876, 0.0690
17:47:49, 3.50, 105, 256.08, 353.17, 355.93, -0.6131, 0.0088, 0.7870, 0.0687
17:47:49, 3.53, 106, 256.24, 353.22, 355.90, -0.6141, 0.0084, 0.7862, 0.0685
17:47:49, 3.53, 106, 256.39, 353.27, 355.89, -0.6152, 0.0082, 0.7854, 0.0682
17:47:49, 3.53, 106, 256.57, 353.29, 355.87, -0.6164, 0.0080, 0.7844, 0.0682
17:47:49, 3.57, 107, 256.72, 353.31, 355.83, -0.6175, 0.0077, 0.7836, 0.0682
17:47:49, 3.57, 107, 256.88, 353.36, 355.81, -0.6186, 0.0074, 0.7827, 0.0680
17:47:49, 3.60, 108, 257.05, 353.38, 355.79, -0.6197, 0.0072, 0.7818, 0.0680
17:47:49, 3.60, 108, 257.20, 353.42, 355.76, -0.6208, 0.0069, 0.7810, 0.0679
17:47:49, 3.60, 108, 257.35, 353.45, 355.70, -0.6218, 0.0064, 0.7802, 0.0679
17:47:49, 3.63, 109, 257.51, 353.47, 355.65, -0.6229, 0.0061, 0.7793, 0.0681
17:47:49, 3.63, 109, 257.62, 353.50, 355.63, -0.6236, 0.0059, 0.7787, 0.0680
17:47:49, 3.67, 110, 257.73, 353.48, 355.59, -0.6243, 0.0058, 0.7782, 0.0683
17:47:49, 3.67, 110, 257.82, 353.46, 355.56, -0.6249, 0.0057, 0.7777, 0.0686
17:47:49, 3.70, 111, 257.89, 353.45, 355.46, -0.6253, 0.0051, 0.7773, 0.0692
17:47:49, 3.70, 111, 257.95, 353.45, 355.41, -0.6257, 0.0048, 0.7769, 0.0695
17:47:49, 3.70, 111, 258.00, 353.49, 355.36, -0.6260, 0.0043, 0.7767, 0.0696
17:47:49, 3.73, 112, 258.04, 353.48, 355.31, -0.6262, 0.0040, 0.7765, 0.0699
17:47:49, 3.73, 112, 258.02, 353.51, 355.28, -0.6261, 0.0037, 0.7766, 0.0699
17:47:49, 3.77, 113, 258.03, 353.49, 355.25, -0.6261, 0.0036, 0.7766, 0.0702
17:47:49, 3.77, 113, 258.01, 353.45, 355.22, -0.6260, 0.0036, 0.7766, 0.0706
17:47:50, 3.77, 113, 257.99, 353.37, 355.22, -0.6258, 0.0040, 0.7767, 0.0711
17:47:50, 3.80, 114, 257.94, 353.32, 355.23, -0.6254, 0.0043, 0.7770, 0.0714
17:47:50, 3.80, 114, 257.90, 353.26, 355.27, -0.6252, 0.0049, 0.7772, 0.0716
17:47:50, 3.83, 115, 257.85, 353.21, 355.29, -0.6248, 0.0052, 0.7775, 0.0718
17:47:50, 3.83, 115, 257.80, 353.18, 355.34, -0.6244, 0.0058, 0.7777, 0.0717
17:47:50, 3.87, 116, 257.75, 353.13, 355.40, -0.6241, 0.0064, 0.7780, 0.0718
17:47:50, 3.87, 116, 257.71, 353.07, 355.46, -0.6239, 0.0070, 0.7782, 0.0718
17:47:50, 3.87, 116, 257.67, 353.04, 355.46, -0.6236, 0.0072, 0.7784, 0.0720
17:47:50, 3.90, 117, 257.61, 353.03, 355.53, -0.6232, 0.0077, 0.7787, 0.0718
17:47:50, 3.90, 117, 257.58, 352.98, 355.53, -0.6229, 0.0080, 0.7789, 0.0721
17:47:50, 3.93, 118, 257.54, 352.94, 355.54, -0.6226, 0.0082, 0.7791, 0.0723
17:47:50, 3.93, 118, 257.47, 352.91, 355.56, -0.6222, 0.0085, 0.7795, 0.0724
17:47:50, 3.93, 118, 257.42, 352.87, 355.54, -0.6218, 0.0086, 0.7797, 0.0728
17:47:50, 3.97, 119, 257.38, 352.86, 355.53, -0.6215, 0.0085, 0.7800, 0.0728
17:47:50, 3.97, 119, 257.32, 352.89, 355.51, -0.6211, 0.0082, 0.7803, 0.0728
17:47:50, 4.00, 120, 257.29, 352.87, 355.51, -0.6209, 0.0083, 0.7804, 0.0730
17:47:50, 4.00, 120, 257.26, 352.85, 355.48, -0.6207, 0.0081, 0.7806, 0.0732
17:47:50, 4.03, 121, 257.24, 352.87, 355.47, -0.6205, 0.0080, 0.7807, 0.0731
17:47:50, 4.03, 121, 257.25, 352.85, 355.45, -0.6206, 0.0079, 0.7807, 0.0734
17:47:50, 4.03, 121, 257.27, 352.88, 355.40, -0.6207, 0.0075, 0.7806, 0.0735
17:47:50, 4.07, 122, 257.29, 352.89, 355.37, -0.6208, 0.0072, 0.7805, 0.0736
17:47:50, 4.07, 122, 257.32, 352.94, 355.35, -0.6211, 0.0068, 0.7803, 0.0734
17:47:50, 4.10, 123, 257.38, 353.00, 355.31, -0.6215, 0.0062, 0.7800, 0.0731
17:47:50, 4.10, 123, 257.47, 353.06, 355.26, -0.6221, 0.0056, 0.7795, 0.0730
17:47:50, 4.10, 123, 257.63, 353.11, 355.19, -0.6231, 0.0050, 0.7787, 0.0731
17:47:50, 4.13, 124, 257.77, 353.18, 355.11, -0.6241, 0.0041, 0.7779, 0.0730
17:47:50, 4.13, 124, 257.93, 353.26, 355.03, -0.6252, 0.0033, 0.7771, 0.0729
17:47:50, 4.17, 125, 258.13, 353.36, 354.94, -0.6265, 0.0023, 0.7760, 0.0727
17:47:50, 4.17, 125, 258.35, 353.52, 354.84, -0.6281, 0.0008, 0.7748, 0.0721
17:47:50, 4.20, 126, 258.60, 353.75, 354.68, -0.6298, -0.0013, 0.7735, 0.0715
17:47:50, 4.20, 126, 258.92, 353.96, 354.40, -0.6319, -0.0042, 0.7717, 0.0716
17:47:50, 4.20, 126, 259.34, 354.28, 354.13, -0.6348, -0.0076, 0.7694, 0.0710
17:47:50, 4.23, 127, 259.82, 354.67, 353.88, -0.6381, -0.0111, 0.7667, 0.0698
17:47:50, 4.23, 127, 260.22, 355.10, 353.79, -0.6410, -0.0139, 0.7645, 0.0675
17:47:50, 4.27, 128, 260.61, 355.57, 353.71, -0.6438, -0.0169, 0.7623, 0.0649
17:47:50, 4.27, 128, 260.94, 356.04, 353.70, -0.6462, -0.0193, 0.7604, 0.0619
17:47:50, 4.27, 128, 261.16, 356.38, 353.76, -0.6479, -0.0208, 0.7591, 0.0594
17:47:50, 4.30, 129, 261.54, 357.03, 353.79, -0.6508, -0.0241, 0.7569, 0.0549
17:47:50, 4.30, 129, 261.84, 357.45, 353.87, -0.6530, -0.0259, 0.7552, 0.0518
17:47:50, 4.33, 130, 262.12, 358.06, 353.96, -0.6552, -0.0286, 0.7535, 0.0474
17:47:50, 4.33, 130, 262.37, 358.79, 354.06, -0.6572, -0.0320, 0.7519, 0.0421
17:47:50, 4.37, 131, 262.52, 359.49, 354.15, -0.6585, -0.0355, 0.7509, 0.0370
17:47:50, 4.37, 131, 262.77, 0.14, 354.22, -0.6603, -0.0387, 0.7493, 0.0324
17:47:50, 4.37, 131, 262.91, 0.83, 354.26, -0.6615, -0.0423, 0.7483, 0.0277
17:47:50, 4.40, 132, 263.11, 1.31, 354.37, -0.6629, -0.0443, 0.7470, 0.0240
17:47:50, 4.40, 132, 263.23, 1.82, 354.45, -0.6638, -0.0467, 0.7461, 0.0203
17:47:50, 4.43, 133, 263.37, 2.26, 354.49, -0.6649, -0.0490, 0.7452, 0.0172
17:47:50, 4.43, 133, 263.49, 2.55, 354.54, -0.6657, -0.0503, 0.7444, 0.0151
17:47:50, 4.43, 133, 263.62, 2.93, 354.51, -0.6666, -0.0527, 0.7435, 0.0129
17:47:50, 4.47, 134, 263.67, 3.33, 354.55, -0.6670, -0.0548, 0.7430, 0.0101
17:47:50, 4.47, 134, 263.79, 3.73, 354.59, -0.6678, -0.0568, 0.7421, 0.0073
17:47:50, 4.50, 135, 263.74, 4.39, 354.58, -0.6675, -0.0607, 0.7421, 0.0031
17:47:50, 4.50, 135, 263.64, 5.27, 354.54, -0.6669, -0.0661, 0.7422, -0.0025
17:47:50, 4.53, 136, 263.37, 6.52, 354.47, -0.6652, -0.0738, 0.7429, -0.0104
17:47:50, 4.53, 136, 263.14, 7.75, 354.50, -0.6637, -0.0806, 0.7434, -0.0188
17:47:50, 4.53, 136, 262.79, 9.04, 354.56, -0.6613, -0.0876, 0.7445, -0.0278
17:47:50, 4.57, 137, 262.39, 10.19, 354.68, -0.6584, -0.0932, 0.7460, -0.0363
17:47:50, 4.57, 137, 261.92, 11.56, 354.68, -0.6550, -0.1008, 0.7474, -0.0457
17:47:50, 4.60, 138, 261.45, 12.87, 354.62, -0.6516, -0.1084, 0.7488, -0.0544
17:47:50, 4.60, 138, 260.94, 13.63, 354.64, -0.6480, -0.1123, 0.7510, -0.0600
17:47:50, 4.60, 138, 260.59, 14.22, 354.64, -0.6455, -0.1153, 0.7523, -0.0643
17:47:50, 4.63, 139, 260.27, 14.66, 354.68, -0.6431, -0.1174, 0.7537, -0.0678
17:47:50, 4.63, 139, 259.92, 14.84, 354.54, -0.6409, -0.1190, 0.7553, -0.0685
17:47:50, 4.67, 140, 259.64, 14.99, 354.45, -0.6390, -0.1203, 0.7566, -0.0693
17:47:50, 4.67, 140, 259.40, 14.98, 354.31, -0.6375, -0.1210, 0.7577, -0.0687
17:47:50, 4.67, 140, 259.23, 15.12, 354.21, -0.6364, -0.1224, 0.7585, -0.0693
17:47:50, 4.70, 141, 259.04, 15.16, 354.14, -0.6352, -0.1230, 0.7594, -0.0694
17:47:50, 4.70, 141, 258.93, 15.28, 354.14, -0.6344, -0.1235, 0.7599, -0.0703
17:47:50, 4.73, 142, 258.92, 15.44, 354.29, -0.6342, -0.1234, 0.7599, -0.0722
17:47:50, 4.73, 142, 258.95, 15.65, 354.47, -0.6342, -0.1233, 0.7596, -0.0746
17:47:50, 4.77, 143, 258.99, 15.83, 354.65, -0.6342, -0.1231, 0.7594, -0.0767
17:47:50, 4.77, 143, 259.07, 16.05, 354.82, -0.6345, -0.1233, 0.7589, -0.0791
17:47:51, 4.77, 143, 259.17, 16.35, 354.90, -0.6350, -0.1244, 0.7581, -0.0814
17:47:51, 4.80, 144, 259.24, 16.69, 354.90, -0.6353, -0.1264, 0.7572, -0.0836
17:47:51, 4.80, 144, 259.27, 17.16, 354.84, -0.6353, -0.1293, 0.7565, -0.0864
17:47:51, 4.83, 145, 259.45, 17.64, 354.76, -0.6363, -0.1326, 0.7548, -0.0889
17:47:51, 4.83, 145, 259.52, 17.79, 354.96, -0.6365, -0.1322, 0.7544, -0.0910
17:47:51, 4.87, 146, 259.60, 18.17, 355.07, -0.6367, -0.1336, 0.7536, -0.0940
17:47:51, 4.87, 146, 259.72, 18.32, 355.07, -0.6374, -0.1345, 0.7527, -0.0949
17:47:51, 4.87, 146, 259.78, 18.43, 355.11, -0.6377, -0.1350, 0.7523, -0.0958
17:47:51, 4.90, 147, 259.76, 18.49, 355.12, -0.6375, -0.1352, 0.7523, -0.0962
17:47:51, 4.90, 147, 259.77, 18.54, 355.14, -0.6375, -0.1353, 0.7523, -0.0967
17:47:51, 4.93, 148, 259.74, 18.58, 355.15, -0.6373, -0.1354, 0.7524, -0.0970
17:47:51, 4.93, 148, 259.74, 18.59, 355.22, -0.6372, -0.1350, 0.7525, -0.0975
17:47:51, 4.93, 148, 259.66, 18.66, 355.28, -0.6366, -0.1350, 0.7528, -0.0984
17:47:51, 4.97, 149, 259.56, 18.76, 355.38, -0.6358, -0.1348, 0.7534, -0.0997
17:47:51, 4.97, 149, 259.49, 18.80, 355.46, -0.6352, -0.1344, 0.7539, -0.1005
17:47:51, 5.00, 150, 259.39, 18.86, 355.44, -0.6346, -0.1347, 0.7543, -0.1009
17:47:51, 5.00, 150, 259.30, 18.91, 355.43, -0.6340, -0.1350, 0.7547, -0.1013
17:47:51, 5.03, 151, 259.25, 18.92, 355.45, -0.6336, -0.1349, 0.7550, -0.1015
17:47:51, 5.03, 151, 259.18, 18.96, 355.48, -0.6331, -0.1349, 0.7553, -0.1020
17:47:51, 5.03, 151, 259.14, 18.98, 355.50, -0.6328, -0.1348, 0.7556, -0.1023
17:47:51, 5.07, 152, 259.12, 18.97, 355.50, -0.6327, -0.1347, 0.7557, -0.1023
17:47:51, 5.07, 152, 259.11, 18.97, 355.50, -0.6326, -0.1347, 0.7558, -0.1023
17:47:51, 5.10, 153, 259.13, 18.89, 355.49, -0.6328, -0.1344, 0.7558, -0.1016
17:47:51, 5.10, 153, 259.13, 18.83, 355.48, -0.6329, -0.1341, 0.7558, -0.1012
17:47:51, 5.10, 153, 259.17, 18.71, 355.47, -0.6332, -0.1336, 0.7557, -0.1004
17:47:51, 5.13, 154, 259.21, 18.58, 355.44, -0.6336, -0.1331, 0.7557, -0.0992
17:47:51, 5.13, 154, 259.25, 18.43, 355.42, -0.6340, -0.1324, 0.7556, -0.0980
17:47:51, 5.17, 155, 259.29, 18.25, 355.48, -0.6343, -0.1311, 0.7557, -0.0971
17:47:51, 5.17, 155, 259.34, 18.12, 355.54, -0.6346, -0.1300, 0.7557, -0.0966
17:47:51, 5.20, 156, 259.39, 17.96, 355.58, -0.6350, -0.1289, 0.7556, -0.0957
17:47:51, 5.20, 156, 259.45, 17.79, 355.62, -0.6355, -0.1278, 0.7555, -0.0947
17:47:51, 5.20, 156, 259.50, 17.53, 355.66, -0.6360, -0.1261, 0.7556, -0.0931
17:47:51, 5.23, 157, 259.55, 17.28, 355.68, -0.6364, -0.1247, 0.7557, -0.0915
17:47:51, 5.23, 157, 259.64, 16.97, 355.75, -0.6371, -0.1226, 0.7556, -0.0898
17:47:51, 5.27, 158, 259.77, 16.64, 355.83, -0.6381, -0.1204, 0.7554, -0.0879
17:47:51, 5.27, 158, 259.92, 16.30, 355.94, -0.6392, -0.1179, 0.7550, -0.0861
17:47:51, 5.27, 158, 260.10, 15.96, 356.04, -0.6405, -0.1154, 0.7545, -0.0842
17:47:51, 5.30, 159, 260.34, 15.56, 356.18, -0.6422, -0.1125, 0.7538, -0.0821
17:47:51, 5.30, 159, 260.60, 15.25, 356.32, -0.6440, -0.1101, 0.7528, -0.0805
17:47:51, 5.33, 160, 260.86, 14.91, 356.49, -0.6458, -0.1072, 0.7518, -0.0790
17:47:51, 5.33, 160, 261.21, 14.62, 356.70, -0.6481, -0.1044, 0.7504, -0.0779
17:47:51, 5.33, 160, 261.49, 14.28, 356.83, -0.6500, -0.1019, 0.7492, -0.0762
17:47:51, 5.37, 161, 261.79, 13.90, 356.99, -0.6520, -0.0989, 0.7480, -0.0744
17:47:51, 5.37, 161, 262.13, 13.49, 357.10, -0.6544, -0.0961, 0.7466, -0.0721
17:47:51, 5.40, 162, 262.49, 13.05, 357.23, -0.6569, -0.0930, 0.7450, -0.0696
17:47:51, 5.40, 162, 262.86, 12.52, 357.28, -0.6595, -0.0898, 0.7434, -0.0661
17:47:51, 5.43, 163, 263.24, 12.09, 357.32, -0.6622, -0.0873, 0.7416, -0.0633
17:47:51, 5.43, 163, 263.71, 11.64, 357.32, -0.6654, -0.0850, 0.7392, -0.0599
17:47:51, 5.43, 163, 264.19, 11.24, 357.28, -0.6687, -0.0832, 0.7367, -0.0568
17:47:51, 5.47, 164, 264.79, 10.83, 357.25, -0.6727, -0.0813, 0.7335, -0.0536
17:47:51, 5.47, 164, 265.33, 10.48, 357.26, -0.6763, -0.0794, 0.7306, -0.0510
17:47:51, 5.50, 165, 265.92, 10.05, 357.31, -0.6802, -0.0768, 0.7274, -0.0482
17:47:51, 5.50, 165, 266.64, 9.53, 357.39, -0.6849, -0.0735, 0.7236, -0.0449
17:47:51, 5.50, 165, 267.40, 8.87, 357.35, -0.6899, -0.0701, 0.7194, -0.0400
17:47:51, 5.53, 166, 268.23, 8.26, 357.22, -0.6954, -0.0675, 0.7146, -0.0348
17:47:51, 5.53, 166, 268.98, 7.64, 356.93, -0.7002, -0.0657, 0.7103, -0.0288
17:47:51, 5.57, 167, 269.77, 6.96, 356.67, -0.7053, -0.0634, 0.7057, -0.0225
17:47:51, 5.57, 167, 270.74, 6.08, 356.63, -0.7114, -0.0583, 0.7002, -0.0163
17:47:51, 5.60, 168, 271.78, 5.07, 356.53, -0.7179, -0.0528, 0.6940, -0.0090
17:47:51, 5.60, 168, 272.93, 3.98, 356.50, -0.7249, -0.0462, 0.6873, -0.0018
17:47:51, 5.60, 168, 273.95, 2.94, 356.53, -0.7310, -0.0394, 0.6812, 0.0046
17:47:51, 5.63, 169, 274.99, 2.10, 356.52, -0.7371, -0.0340, 0.6748, 0.0100
17:47:51, 5.63, 169, 276.05, 1.33, 356.58, -0.7433, -0.0286, 0.6682, 0.0144
17:47:51, 5.67, 170, 277.06, 0.72, 356.64, -0.7491, -0.0241, 0.6618, 0.0178
17:47:51, 5.67, 170, 277.98, 0.37, 356.62, -0.7543, -0.0218, 0.6558, 0.0202
17:47:51, 5.70, 171, 278.91, 0.00, 356.49, -0.7596, -0.0199, 0.6497, 0.0233
17:47:51, 5.70, 171, 279.72, 359.75, 356.31, -0.7640, -0.0191, 0.6444, 0.0260
17:47:51, 5.70, 171, 280.37, 359.47, 356.14, -0.7676, -0.0180, 0.6400, 0.0288
17:47:51, 5.73, 172, 280.85, 359.13, 356.06, -0.7702, -0.0160, 0.6369, 0.0313
17:47:51, 5.73, 172, 281.28, 358.77, 355.93, -0.7724, -0.0142, 0.6340, 0.0343
17:47:51, 5.77, 173, 281.65, 358.28, 355.86, -0.7743, -0.0112, 0.6316, 0.0374
17:47:51, 5.77, 173, 281.87, 357.87, 355.77, -0.7753, -0.0088, 0.6302, 0.0403
17:47:52, 5.77, 173, 282.08, 357.48, 355.67, -0.7763, -0.0066, 0.6288, 0.0432
17:47:52, 5.80, 174, 282.22, 357.20, 355.49, -0.7769, -0.0057, 0.6279, 0.0459
17:47:52, 5.80, 174, 282.33, 356.88, 355.28, -0.7773, -0.0046, 0.6272, 0.0491
17:47:52, 5.83, 175, 282.34, 356.64, 355.13, -0.7772, -0.0038, 0.6271, 0.0514
17:47:52, 5.83, 175, 282.37, 356.41, 354.91, -0.7771, -0.0034, 0.6270, 0.0542
17:47:52, 5.83, 175, 282.39, 356.20, 354.65, -0.7770, -0.0035, 0.6268, 0.0571
17:47:52, 5.87, 176, 282.42, 356.02, 354.42, -0.7770, -0.0035, 0.6267, 0.0596
17:47:52, 5.87, 176, 282.46, 355.82, 354.24, -0.7770, -0.0030, 0.6264, 0.0620
17:47:52, 5.90, 177, 282.46, 355.65, 354.26, -0.7769, -0.0018, 0.6264, 0.0627
17:47:52, 5.90, 177, 282.48, 355.57, 354.28, -0.7770, -0.0011, 0.6263, 0.0631
17:47:52, 5.93, 178, 282.53, 355.55, 354.21, -0.7772, -0.0013, 0.6260, 0.0636
17:47:52, 5.93, 178, 282.66, 355.57, 354.03, -0.7779, -0.0024, 0.6251, 0.0647
17:47:52, 5.93, 178, 282.79, 355.61, 353.90, -0.7785, -0.0033, 0.6242, 0.0654
17:47:52, 5.97, 179, 282.95, 355.59, 353.80, -0.7793, -0.0036, 0.6231, 0.0662
17:47:52, 5.97, 179, 283.00, 355.48, 353.74, -0.7795, -0.0031, 0.6228, 0.0672
17:47:52, 6.00, 180, 283.07, 355.27, 353.64, -0.7797, -0.0022, 0.6223, 0.0690
17:47:52, 6.00, 180, 283.15, 355.01, 353.54, -0.7799, -0.0010, 0.6219, 0.0711
17:47:52, 6.00, 180, 283.21, 354.86, 353.48, -0.7801, -0.0003, 0.6215, 0.0723
17:47:52, 6.03, 181, 283.31, 354.75, 353.46, -0.7806, 0.0005, 0.6208, 0.0731
17:47:52, 6.03, 181, 283.38, 354.69, 353.44, -0.7809, 0.0009, 0.6203, 0.0736
17:47:52, 6.07, 182, 283.50, 354.58, 353.33, -0.7814, 0.0011, 0.6195, 0.0748
17:47:52, 6.07, 182, 283.61, 354.53, 353.28, -0.7819, 0.0012, 0.6188, 0.0754
17:47:52, 6.10, 183, 283.71, 354.42, 353.22, -0.7824, 0.0017, 0.6181, 0.0765
17:47:52, 6.10, 183, 283.78, 354.35, 353.17, -0.7827, 0.0020, 0.6176, 0.0772
17:47:52, 6.10, 183, 283.82, 354.27, 353.15, -0.7828, 0.0025, 0.6174, 0.0777
17:47:52, 6.13, 184, 283.83, 354.22, 353.10, -0.7828, 0.0025, 0.6173, 0.0784
17:47:52, 6.13, 184, 283.78, 354.18, 353.09, -0.7825, 0.0027, 0.6176, 0.0786
17:47:52, 6.17, 185, 283.75, 354.13, 353.01, -0.7822, 0.0026, 0.6179, 0.0795
17:47:52, 6.17, 185, 283.67, 354.14, 352.88, -0.7818, 0.0018, 0.6184, 0.0803
17:47:52, 6.20, 186, 283.54, 354.15, 352.79, -0.7810, 0.0012, 0.6193, 0.0808
17:47:52, 6.20, 186, 283.40, 354.12, 352.72, -0.7801, 0.0008, 0.6203, 0.0815
17:47:52, 6.20, 186, 283.24, 354.07, 352.65, -0.7792, 0.0007, 0.6214, 0.0822
17:47:52, 6.23, 187, 283.05, 354.02, 352.59, -0.7781, 0.0006, 0.6227, 0.0829
17:47:52, 6.23, 187, 282.81, 353.85, 352.49, -0.7766, 0.0011, 0.6243, 0.0845
17:47:52, 6.27, 188, 282.49, 353.61, 352.38, -0.7746, 0.0018, 0.6266, 0.0865
17:47:52, 6.27, 188, 282.08, 353.37, 352.31, -0.7721, 0.0028, 0.6293, 0.0884
17:47:52, 6.27, 188, 281.62, 353.05, 352.28, -0.7693, 0.0044, 0.6325, 0.0903
17:47:52, 6.30, 189, 281.14, 352.74, 352.33, -0.7665, 0.0064, 0.6357, 0.0916
17:47:52, 6.30, 189, 280.68, 352.40, 352.27, -0.7635, 0.0079, 0.6388, 0.0940
17:47:52, 6.33, 190, 280.23, 352.08, 352.23, -0.7608, 0.0095, 0.6418, 0.0960
17:47:52, 6.33, 190, 279.75, 351.72, 352.27, -0.7578, 0.0117, 0.6450, 0.0979
17:47:52, 6.37, 191, 279.24, 351.37, 352.25, -0.7546, 0.0135, 0.6484, 0.1000
17:47:52, 6.37, 191, 278.70, 351.13, 352.21, -0.7513, 0.0144, 0.6519, 0.1016
17:47:52, 6.37, 191, 278.16, 350.91, 352.10, -0.7479, 0.0148, 0.6555, 0.1037
17:47:52, 6.40, 192, 277.57, 350.74, 351.99, -0.7442, 0.0147, 0.6594, 0.1054
17:47:52, 6.40, 192, 276.93, 350.68, 351.83, -0.7403, 0.0136, 0.6636, 0.1069
17:47:52, 6.43, 193, 276.36, 350.53, 351.65, -0.7367, 0.0130, 0.6673, 0.1090
17:47:52, 6.43, 193, 275.70, 350.30, 351.51, -0.7325, 0.0130, 0.6715, 0.1112
17:47:52, 6.43, 193, 275.10, 350.02, 351.32, -0.7285, 0.0131, 0.6753, 0.1141
17:47:52, 6.47, 194, 274.41, 349.80, 351.16, -0.7241, 0.0129, 0.6797, 0.1165
17:47:52, 6.47, 194, 273.79, 349.55, 351.00, -0.7200, 0.0129, 0.6836, 0.1191
17:47:52, 6.50, 195, 273.13, 349.30, 350.83, -0.7155, 0.0128, 0.6878, 0.1217
17:47:52, 6.50, 195, 272.62, 349.06, 350.62, -0.7120, 0.0125, 0.6910, 0.1245
17:47:52, 6.53, 196, 272.13, 348.91, 350.44, -0.7087, 0.0118, 0.6940, 0.1266
17:47:52, 6.53, 196, 271.61, 348.67, 350.32, -0.7051, 0.0120, 0.6972, 0.1288
17:47:52, 6.53, 196, 271.07, 348.54, 350.31, -0.7017, 0.0122, 0.7005, 0.1297
17:47:52, 6.57, 197, 270.50, 348.37, 350.36, -0.6981, 0.0129, 0.7039, 0.1304
17:47:52, 6.57, 197, 270.03, 348.22, 350.39, -0.6950, 0.0134, 0.7068, 0.1312
17:47:52, 6.60, 198, 269.52, 348.01, 350.42, -0.6917, 0.0143, 0.7098, 0.1323
17:47:52, 6.60, 198, 269.13, 347.77, 350.37, -0.6889, 0.0150, 0.7122, 0.1342
17:47:52, 6.60, 198, 268.73, 347.53, 350.30, -0.6860, 0.0156, 0.7146, 0.1361
17:47:52, 6.63, 199, 268.34, 347.34, 350.17, -0.6832, 0.0155, 0.7168, 0.1382
17:47:52, 6.63, 199, 268.07, 347.23, 350.01, -0.6812, 0.0148, 0.7185, 0.1398
17:47:52, 6.67, 200, 267.79, 347.08, 349.95, -0.6792, 0.0150, 0.7201, 0.1411
17:47:52, 6.67, 200, 267.60, 347.02, 349.97, -0.6779, 0.0153, 0.7212, 0.1414
17:47:52, 6.70, 201, 267.35, 346.92, 349.99, -0.6762, 0.0157, 0.7227, 0.1419
17:47:52, 6.70, 201, 267.18, 346.88, 349.99, -0.6751, 0.0157, 0.7237, 0.1422
17:47:52, 6.70, 201, 267.06, 346.81, 350.09, -0.6744, 0.0166, 0.7243, 0.1421
17:47:52, 6.73, 202, 266.95, 346.76, 350.18, -0.6738, 0.0173, 0.7250, 0.1418
17:47:52, 6.73, 202, 266.86, 346.73, 350.38, -0.6734, 0.0187, 0.7255, 0.1409
17:47:52, 6.77, 203, 266.78, 346.77, 350.57, -0.6732, 0.0195, 0.7259, 0.1396
17:47:52, 6.77, 203, 266.68, 346.80, 350.80, -0.6729, 0.0207, 0.7265, 0.1380
17:47:53, 6.77, 203, 266.61, 346.84, 351.05, -0.6728, 0.0220, 0.7269, 0.1363
17:47:53, 6.80, 204, 266.51, 346.88, 351.28, -0.6725, 0.0231, 0.7274, 0.1347
17:47:53, 6.80, 204, 266.41, 346.93, 351.44, -0.6721, 0.0236, 0.7280, 0.1335
17:47:53, 6.83, 205, 266.36, 346.93, 351.53, -0.6719, 0.0242, 0.7282, 0.1330
17:47:53, 6.83, 205, 266.34, 346.92, 351.51, -0.6717, 0.0241, 0.7284, 0.1331
17:47:53, 6.87, 206, 266.29, 346.93, 351.46, -0.6713, 0.0237, 0.7287, 0.1334
17:47:53, 6.87, 206, 266.28, 346.90, 351.36, -0.6711, 0.0231, 0.7288, 0.1342
17:47:53, 6.87, 206, 266.24, 346.89, 351.24, -0.6707, 0.0224, 0.7290, 0.1349
17:47:53, 6.90, 207, 266.22, 346.83, 351.12, -0.6704, 0.0220, 0.7291, 0.1360
17:47:53, 6.90, 207, 266.17, 346.80, 350.98, -0.6699, 0.0212, 0.7294, 0.1371
17:47:53, 6.93, 208, 266.15, 346.74, 350.81, -0.6695, 0.0205, 0.7295, 0.1384
17:47:53, 6.93, 208, 266.13, 346.75, 350.64, -0.6691, 0.0193, 0.7297, 0.1394
17:47:53, 6.93, 208, 266.11, 346.75, 350.48, -0.6688, 0.0183, 0.7299, 0.1403
17:47:53, 6.97, 209, 266.09, 346.79, 350.32, -0.6685, 0.0170, 0.7300, 0.1410
17:47:53, 6.97, 209, 266.06, 346.85, 350.16, -0.6682, 0.0156, 0.7302, 0.1415
17:47:53, 7.00, 210, 266.03, 346.95, 350.04, -0.6680, 0.0141, 0.7304, 0.1416
17:47:53, 7.00, 210, 265.97, 346.99, 349.94, -0.6676, 0.0132, 0.7308, 0.1419
17:47:53, 7.03, 211, 265.85, 347.03, 349.92, -0.6668, 0.0127, 0.7315, 0.1418
17:47:53, 7.03, 211, 265.66, 347.05, 349.90, -0.6656, 0.0122, 0.7326, 0.1418
17:47:53, 7.03, 211, 265.42, 347.12, 349.88, -0.6641, 0.0114, 0.7340, 0.1415
17:47:53, 7.07, 212, 265.16, 347.17, 349.91, -0.6626, 0.0109, 0.7355, 0.1411
17:47:53, 7.07, 212, 264.82, 347.21, 349.97, -0.6605, 0.0107, 0.7375, 0.1405
17:47:53, 7.10, 213, 264.44, 347.26, 350.10, -0.6583, 0.0107, 0.7397, 0.1395
17:47:53, 7.10, 213, 263.95, 347.32, 350.28, -0.6554, 0.0110, 0.7425, 0.1381
17:47:53, 7.10, 213, 263.38, 347.33, 350.54, -0.6520, 0.0120, 0.7457, 0.1366
17:47:53, 7.13, 214, 262.64, 347.33, 350.79, -0.6475, 0.0127, 0.7499, 0.1353
17:47:53, 7.13, 214, 261.80, 347.49, 351.17, -0.6425, 0.0133, 0.7546, 0.1322
17:47:53, 7.17, 215, 260.86, 347.63, 351.57, -0.6370, 0.0141, 0.7599, 0.1292
17:47:53, 7.17, 215, 259.82, 347.80, 351.93, -0.6306, 0.0143, 0.7656, 0.1262
17:47:53, 7.20, 216, 258.70, 348.10, 352.32, -0.6239, 0.0141, 0.7718, 0.1222
17:47:53, 7.20, 216, 257.66, 348.42, 352.63, -0.6175, 0.0133, 0.7775, 0.1185
17:47:53, 7.20, 216, 256.59, 348.56, 352.94, -0.6107, 0.0136, 0.7832, 0.1160
17:47:53, 7.23, 217, 255.60, 348.65, 353.19, -0.6042, 0.0138, 0.7885, 0.1142
17:47:53, 7.23, 217, 254.51, 348.67, 353.32, -0.5968, 0.0135, 0.7942, 0.1135
17:47:53, 7.27, 218, 253.46, 348.70, 353.42, -0.5896, 0.0130, 0.7996, 0.1129
17:47:53, 7.27, 218, 252.37, 348.59, 353.52, -0.5820, 0.0132, 0.8052, 0.1133
17:47:53, 7.27, 218, 251.25, 348.47, 353.68, -0.5741, 0.0138, 0.8108, 0.1134
17:47:53, 7.30, 219, 250.17, 348.28, 353.77, -0.5664, 0.0143, 0.8160, 0.1145
17:47:53, 7.30, 219, 249.05, 348.14, 353.79, -0.5583, 0.0141, 0.8214, 0.1155
17:47:53, 7.33, 220, 248.03, 347.93, 353.83, -0.5508, 0.0143, 0.8263, 0.1169
17:47:53, 7.33, 220, 246.96, 347.82, 353.84, -0.5430, 0.0139, 0.8313, 0.1179
17:47:53, 7.37, 221, 245.96, 347.70, 353.89, -0.5356, 0.0138, 0.8360, 0.1186
17:47:53, 7.37, 221, 244.93, 347.50, 353.88, -0.5279, 0.0136, 0.8406, 0.1202
17:47:53, 7.37, 221, 243.96, 347.38, 353.92, -0.5207, 0.0134, 0.8450, 0.1210
17:47:53, 7.40, 222, 242.90, 347.24, 354.00, -0.5128, 0.0135, 0.8497, 0.1218
17:47:53, 7.40, 222, 241.92, 347.04, 354.06, -0.5055, 0.0138, 0.8539, 0.1231
17:47:53, 7.43, 223, 240.95, 346.84, 354.17, -0.4982, 0.0145, 0.8580, 0.1242
17:47:53, 7.43, 223, 240.08, 346.60, 354.19, -0.4915, 0.0148, 0.8616, 0.1261
17:47:53, 7.43, 223, 239.22, 346.58, 354.26, -0.4850, 0.0144, 0.8652, 0.1260
17:47:53, 7.47, 224, 238.46, 346.49, 354.30, -0.4792, 0.0142, 0.8684, 0.1266
17:47:53, 7.47, 224, 237.79, 346.50, 354.32, -0.4742, 0.0137, 0.8712, 0.1266
17:47:53, 7.50, 225, 237.18, 346.37, 354.35, -0.4694, 0.0138, 0.8736, 0.1275
17:47:53, 7.50, 225, 236.53, 346.39, 354.45, -0.4646, 0.0137, 0.8762, 0.1270
17:47:53, 7.53, 226, 236.01, 346.37, 354.54, -0.4607, 0.0139, 0.8783, 0.1269
17:47:53, 7.53, 226, 235.54, 346.37, 354.67, -0.4572, 0.0144, 0.8802, 0.1264
17:47:53, 7.53, 226, 235.14, 346.35, 354.77, -0.4542, 0.0148, 0.8818, 0.1262
17:47:53, 7.57, 227, 234.72, 346.39, 354.82, -0.4511, 0.0145, 0.8834, 0.1257
17:47:53, 7.57, 227, 234.36, 346.45, 354.89, -0.4485, 0.0145, 0.8849, 0.1250
17:47:53, 7.60, 228, 234.08, 346.49, 354.90, -0.4464, 0.0140, 0.8860, 0.1248
17:47:53, 7.60, 228, 233.77, 346.51, 354.97, -0.4441, 0.0142, 0.8872, 0.1244
17:47:53, 7.60, 228, 233.43, 346.47, 355.01, -0.4414, 0.0143, 0.8885, 0.1245
17:47:53, 7.63, 229, 233.14, 346.50, 355.09, -0.4393, 0.0145, 0.8896, 0.1241
17:47:53, 7.63, 229, 232.86, 346.42, 355.12, -0.4371, 0.0147, 0.8906, 0.1246
17:47:53, 7.67, 230, 232.50, 346.45, 355.13, -0.4343, 0.0143, 0.8920, 0.1244
17:47:53, 7.67, 230, 232.17, 346.44, 355.18, -0.4318, 0.0144, 0.8933, 0.1243
17:47:53, 7.70, 231, 231.77, 346.42, 355.23, -0.4287, 0.0144, 0.8947, 0.1243
17:47:53, 7.70, 231, 231.32, 346.47, 355.32, -0.4253, 0.0144, 0.8965, 0.1236
17:47:53, 7.70, 231, 230.83, 346.52, 355.42, -0.4216, 0.0145, 0.8983, 0.1230
17:47:53, 7.73, 232, 230.33, 346.49, 355.53, -0.4178, 0.0150, 0.9001, 0.1229
17:47:53, 7.73, 232, 229.82, 346.50, 355.63, -0.4139, 0.0151, 0.9019, 0.1225
17:47:53, 7.77, 233, 229.31, 346.51, 355.73, -0.4100, 0.0153, 0.9037, 0.1221
17:47:53, 7.77, 233, 228.68, 346.47, 355.87, -0.4052, 0.0159, 0.9059, 0.1220
17:47:54, 7.77, 233, 228.11, 346.42, 355.93, -0.4007, 0.0160, 0.9079, 0.1223
17:47:54, 7.80, 234, 227.50, 346.37, 356.14, -0.3960, 0.0171, 0.9099, 0.1220
17:47:54, 7.80, 234, 226.90, 346.43, 356.20, -0.3914, 0.0168, 0.9120, 0.1214
17:47:54, 7.83, 235, 226.30, 346.38, 356.29, -0.3866, 0.0170, 0.9140, 0.1216
17:47:54, 7.83, 235, 225.60, 346.38, 356.42, -0.3812, 0.0174, 0.9163, 0.1213
17:47:54, 7.87, 236, 224.95, 346.40, 356.49, -0.3761, 0.0171, 0.9185, 0.1210
17:47:54, 7.87, 236, 224.33, 346.38, 356.56, -0.3712, 0.0171, 0.9205, 0.1210
17:47:54, 7.87, 236, 223.67, 346.41, 356.61, -0.3659, 0.0167, 0.9226, 0.1208
17:47:54, 7.90, 237, 223.07, 346.47, 356.71, -0.3612, 0.0168, 0.9246, 0.1200
17:47:54, 7.90, 237, 222.45, 346.55, 356.80, -0.3564, 0.0166, 0.9266, 0.1191
17:47:54, 7.93, 238, 221.82, 346.63, 356.82, -0.3513, 0.0158, 0.9286, 0.1186
17:47:54, 7.93, 238, 221.21, 346.72, 356.83, -0.3465, 0.0150, 0.9305, 0.1179
17:47:54, 7.93, 238, 220.56, 346.78, 356.80, -0.3412, 0.0139, 0.9325, 0.1175
17:47:54, 7.97, 239, 219.91, 346.79, 356.91, -0.3360, 0.0141, 0.9344, 0.1172
17:47:54, 7.97, 239, 219.28, 346.83, 356.99, -0.3310, 0.0139, 0.9363, 0.1167
17:47:54, 8.00, 240, 218.68, 346.83, 356.97, -0.3260, 0.0131, 0.9380, 0.1169
17:47:54, 8.00, 240, 217.98, 346.87, 357.02, -0.3204, 0.0128, 0.9400, 0.1165
17:47:54, 8.03, 241, 217.32, 346.75, 357.13, -0.3150, 0.0133, 0.9417, 0.1172
17:47:54, 8.03, 241, 216.54, 346.76, 357.25, -0.3087, 0.0135, 0.9439, 0.1169
17:47:54, 8.03, 241, 215.66, 346.71, 357.53, -0.3017, 0.0150, 0.9461, 0.1167
17:47:54, 8.07, 242, 214.79, 346.65, 357.80, -0.2948, 0.0165, 0.9483, 0.1166
17:47:54, 8.07, 242, 213.85, 346.68, 358.07, -0.2873, 0.0177, 0.9507, 0.1158
17:47:54, 8.10, 243, 212.87, 346.67, 358.29, -0.2794, 0.0186, 0.9530, 0.1155
17:47:54, 8.10, 243, 211.97, 346.73, 358.48, -0.2721, 0.0191, 0.9552, 0.1147
17:47:54, 8.10, 243, 211.02, 346.82, 358.72, -0.2644, 0.0200, 0.9575, 0.1136
17:47:54, 8.13, 244, 210.05, 346.94, 358.89, -0.2565, 0.0202, 0.9598, 0.1123
17:47:54, 8.13, 244, 209.15, 346.94, 359.07, -0.2491, 0.0208, 0.9617, 0.1121
17:47:54, 8.17, 245, 208.27, 346.98, 359.19, -0.2418, 0.0209, 0.9637, 0.1116
17:47:54, 8.17, 245, 207.35, 346.93, 359.35, -0.2343, 0.0214, 0.9655, 0.1119
17:47:54, 8.20, 246, 206.46, 346.94, 359.55, -0.2269, 0.0222, 0.9672, 0.1116
17:47:54, 8.20, 246, 205.56, 346.95, 359.75, -0.2196, 0.0230, 0.9690, 0.1113
17:47:54, 8.20, 246, 204.74, 346.91, 359.90, -0.2128, 0.0236, 0.9704, 0.1115
17:47:54, 8.23, 247, 203.87, 346.78, 0.16, -0.2056, 0.0251, 0.9718, 0.1123
17:47:54, 8.23, 247, 203.00, 346.68, 0.40, -0.1984, 0.0265, 0.9732, 0.1130
17:47:54, 8.27, 248, 202.21, 346.63, 0.56, -0.1919, 0.0272, 0.9745, 0.1133
17:47:54, 8.27, 248, 201.40, 346.58, 0.79, -0.1851, 0.0284, 0.9757, 0.1136
17:47:54, 8.27, 248, 200.60, 346.56, 1.00, -0.1786, 0.0295, 0.9769, 0.1136
17:47:54, 8.30, 249, 199.78, 346.58, 1.20, -0.1718, 0.0303, 0.9781, 0.1134
17:47:54, 8.30, 249, 198.98, 346.56, 1.36, -0.1651, 0.0309, 0.9792, 0.1134
17:47:54, 8.33, 250, 198.13, 346.56, 1.49, -0.1580, 0.0312, 0.9804, 0.1135
17:47:54, 8.33, 250, 197.30, 346.62, 1.61, -0.1510, 0.0313, 0.9815, 0.1131
17:47:54, 8.37, 251, 196.47, 346.58, 1.77, -0.1440, 0.0319, 0.9825, 0.1134
17:47:54, 8.37, 251, 195.57, 346.61, 1.93, -0.1365, 0.0324, 0.9836, 0.1132
17:47:54, 8.37, 251, 194.68, 346.56, 2.03, -0.1289, 0.0324, 0.9846, 0.1138
17:47:54, 8.40, 252, 193.80, 346.60, 2.19, -0.1215, 0.0329, 0.9855, 0.1135
17:47:54, 8.40, 252, 192.90, 346.57, 2.33, -0.1139, 0.0332, 0.9864, 0.1139
17:47:54, 8.43, 253, 192.00, 346.57, 2.52, -0.1064, 0.0340, 0.9872, 0.1140
17:47:54, 8.43, 253, 191.17, 346.62, 2.69, -0.0993, 0.0346, 0.9879, 0.1136
17:47:54, 8.43, 253, 190.29, 346.66, 2.90, -0.0920, 0.0355, 0.9886, 0.1134
17:47:54, 8.47, 254, 189.47, 346.66, 3.06, -0.0851, 0.0360, 0.9892, 0.1136
17:47:54, 8.47, 254, 188.75, 346.64, 3.18, -0.0790, 0.0364, 0.9897, 0.1139
17:47:54, 8.50, 255, 188.01, 346.52, 3.26, -0.0727, 0.0364, 0.9900, 0.1151
17:47:54, 8.50, 255, 187.37, 346.61, 3.23, -0.0671, 0.0355, 0.9905, 0.1145
17:47:54, 8.53, 256, 186.78, 346.51, 3.16, -0.0619, 0.0343, 0.9908, 0.1156
17:47:54, 8.53, 256, 186.31, 346.47, 3.06, -0.0578, 0.0329, 0.9910, 0.1161
17:47:54, 8.53, 256, 185.75, 346.40, 2.99, -0.0529, 0.0318, 0.9912, 0.1169
17:47:54, 8.57, 257, 185.32, 346.39, 2.86, -0.0490, 0.0303, 0.9914, 0.1172
17:47:54, 8.57, 257, 184.91, 346.30, 2.72, -0.0454, 0.0286, 0.9915, 0.1181
17:47:54, 8.60, 258, 184.53, 346.29, 2.61, -0.0419, 0.0273, 0.9917, 0.1184
17:47:54, 8.60, 258, 184.15, 346.28, 2.49, -0.0386, 0.0259, 0.9919, 0.1186
17:47:54, 8.60, 258, 183.88, 346.30, 2.36, -0.0360, 0.0245, 0.9920, 0.1185
17:47:54, 8.63, 259, 183.54, 346.33, 2.25, -0.0330, 0.0232, 0.9922, 0.1183
17:47:54, 8.63, 259, 183.35, 346.40, 2.08, -0.0312, 0.0215, 0.9923, 0.1178
17:47:54, 8.67, 260, 183.12, 346.49, 1.93, -0.0290, 0.0199, 0.9925, 0.1171
17:47:54, 8.67, 260, 182.95, 346.58, 1.80, -0.0274, 0.0186, 0.9926, 0.1164
17:47:54, 8.70, 261, 182.70, 346.66, 1.70, -0.0251, 0.0175, 0.9928, 0.1158
17:47:54, 8.70, 261, 182.46, 346.70, 1.59, -0.0230, 0.0162, 0.9929, 0.1154
17:47:54, 8.70, 261, 182.22, 346.80, 1.50, -0.0207, 0.0153, 0.9931, 0.1147
17:47:54, 8.73, 262, 181.90, 346.88, 1.41, -0.0178, 0.0141, 0.9932, 0.1140
17:47:54, 8.73, 262, 181.53, 346.94, 1.28, -0.0145, 0.0126, 0.9933, 0.1135
17:47:54, 8.77, 263, 181.10, 346.90, 1.13, -0.0107, 0.0109, 0.9934, 0.1140
17:47:54, 8.77, 263, 180.65, 346.87, 0.99, -0.0066, 0.0092, 0.9934, 0.1142
17:47:55, 8.77, 263, 180.17, 346.83, 0.91, -0.0024, 0.0081, 0.9934, 0.1147
17:47:55, 8.80, 264, 179.54, 346.80, 0.88, 0.0031, 0.0071, 0.9933, 0.1149
17:47:55, 8.80, 264, 178.92, 346.86, 0.92, 0.0084, 0.0069, 0.9934, 0.1145
17:47:55, 8.83, 265, 178.26, 346.92, 1.08, 0.0140, 0.0076, 0.9934, 0.1140
17:47:55, 8.83, 265, 177.61, 346.95, 1.22, 0.0195, 0.0082, 0.9933, 0.1138
17:47:55, 8.87, 266, 176.88, 347.03, 1.39, 0.0256, 0.0090, 0.9932, 0.1133
17:47:55, 8.87, 266, 176.13, 347.15, 1.60, 0.0320, 0.0101, 0.9931, 0.1123
17:47:55, 8.87, 266, 175.31, 347.19, 1.71, 0.0390, 0.0102, 0.9929, 0.1121
17:47:55, 8.90, 267, 174.44, 347.27, 1.73, 0.0465, 0.0096, 0.9926, 0.1114
17:47:55, 8.90, 267, 173.43, 347.35, 1.78, 0.0553, 0.0091, 0.9923, 0.1109
17:47:55, 8.93, 268, 172.34, 347.40, 1.73, 0.0648, 0.0077, 0.9917, 0.1105
17:47:55, 8.93, 268, 171.24, 347.51, 1.60, 0.0744, 0.0055, 0.9912, 0.1095
17:47:55, 8.93, 268, 170.14, 347.60, 1.47, 0.0840, 0.0034, 0.9905, 0.1087
17:47:55, 8.97, 269, 169.12, 347.63, 1.27, 0.0931, 0.0007, 0.9898, 0.1083
17:47:55, 8.97, 269, 168.04, 347.67, 1.12, 0.1025, -0.0015, 0.9889, 0.1078
17:47:55, 9.00, 270, 167.04, 347.63, 0.93, 0.1113, -0.0041, 0.9879, 0.1080
17:47:55, 9.00, 270, 165.98, 347.55, 0.80, 0.1205, -0.0063, 0.9867, 0.1084
17:47:55, 9.03, 271, 164.92, 347.46, 0.66, 0.1298, -0.0086, 0.9855, 0.1091
17:47:55, 9.03, 271, 163.90, 347.41, 0.62, 0.1386, -0.0101, 0.9842, 0.1093
17:47:55, 9.03, 271, 162.91, 347.39, 0.61, 0.1471, -0.0111, 0.9830, 0.1094
17:47:55, 9.07, 272, 161.96, 347.41, 0.60, 0.1552, -0.0121, 0.9818, 0.1091
17:47:55, 9.07, 272, 161.00, 347.47, 0.52, 0.1636, -0.0136, 0.9805, 0.1084
17:47:55, 9.10, 273, 160.06, 347.50, 0.55, 0.1716, -0.0141, 0.9791, 0.1080
17:47:55, 9.10, 273, 159.12, 347.65, 0.53, 0.1797, -0.0150, 0.9778, 0.1066
17:47:55, 9.10, 273, 158.20, 347.64, 0.49, 0.1875, -0.0162, 0.9763, 0.1065
17:47:55, 9.13, 274, 157.24, 347.60, 0.39, 0.1958, -0.0180, 0.9747, 0.1066
17:47:55, 9.13, 274, 156.27, 347.56, 0.39, 0.2041, -0.0189, 0.9729, 0.1068
17:47:55, 9.17, 275, 155.30, 347.45, 0.31, 0.2123, -0.0207, 0.9711, 0.1074
17:47:55, 9.17, 275, 154.31, 347.36, 0.29, 0.2207, -0.0220, 0.9691, 0.1079
17:47:55, 9.20, 276, 153.32, 347.29, 0.30, 0.2290, -0.0230, 0.9671, 0.1083
17:47:55, 9.20, 276, 152.25, 347.25, 0.47, 0.2379, -0.0227, 0.9649, 0.1088
17:47:55, 9.20, 276, 151.29, 347.15, 0.54, 0.2459, -0.0232, 0.9628, 0.1096
17:47:55, 9.23, 277, 150.30, 347.08, 0.62, 0.2540, -0.0236, 0.9606, 0.1101
17:47:55, 9.23, 277, 149.39, 347.03, 0.72, 0.2616, -0.0238, 0.9585, 0.1106
17:47:55, 9.27, 278, 148.56, 346.95, 0.83, 0.2684, -0.0238, 0.9566, 0.1113
17:47:55, 9.27, 278, 147.77, 346.87, 0.91, 0.2749, -0.0241, 0.9546, 0.1120
17:47:55, 9.27, 278, 147.01, 346.71, 0.95, 0.2811, -0.0249, 0.9526, 0.1133
17:47:55, 9.30, 279, 146.25, 346.60, 0.96, 0.2874, -0.0259, 0.9507, 0.1140
17:47:55, 9.30, 279, 145.51, 346.50, 0.97, 0.2935, -0.0268, 0.9487, 0.1147
17:47:55, 9.33, 280, 144.77, 346.47, 0.97, 0.2995, -0.0276, 0.9468, 0.1148
17:47:55, 9.33, 280, 143.99, 346.42, 1.00, 0.3060, -0.0283, 0.9446, 0.1152
17:47:55, 9.37, 281, 143.15, 346.48, 0.97, 0.3129, -0.0292, 0.9424, 0.1143
17:47:55, 9.37, 281, 142.37, 346.54, 0.83, 0.3194, -0.0310, 0.9403, 0.1133
17:47:55, 9.37, 281, 141.53, 346.55, 0.63, 0.3265, -0.0334, 0.9379, 0.1124
17:47:55, 9.40, 282, 140.63, 346.64, 0.34, 0.3342, -0.0364, 0.9353, 0.1105
17:47:55, 9.40, 282, 139.76, 346.69, 0.07, 0.3416, -0.0393, 0.9327, 0.1090
17:47:55, 9.43, 283, 138.91, 346.72, 359.80, 0.3488, -0.0422, 0.9300, 0.1077
17:47:55, 9.43, 283, 138.05, 346.76, 359.52, 0.3560, -0.0451, 0.9273, 0.1062
17:47:55, 9.43, 283, 137.10, 346.81, 359.31, 0.3639, -0.0475, 0.9243, 0.1047
17:47:55, 9.47, 284, 136.06, 346.90, 359.17, 0.3725, -0.0494, 0.9210, 0.1031
17:47:55, 9.47, 284, 135.07, 347.04, 359.07, 0.3805, -0.0506, 0.9178, 0.1012
17:47:55, 9.50, 285, 134.05, 347.18, 359.04, 0.3888, -0.0513, 0.9145, 0.0995
17:47:55, 9.50, 285, 132.98, 347.34, 359.07, 0.3973, -0.0514, 0.9110, 0.0979
17:47:55, 9.53, 286, 131.88, 347.49, 359.17, 0.4060, -0.0510, 0.9073, 0.0966
17:47:55, 9.53, 286, 130.81, 347.68, 359.28, 0.4144, -0.0504, 0.9037, 0.0950
17:47:55, 9.53, 286, 129.77, 347.86, 359.39, 0.4226, -0.0497, 0.9001, 0.0935
17:47:55, 9.57, 287, 128.69, 347.98, 359.41, 0.4310, -0.0499, 0.8962, 0.0921
17:47:55, 9.57, 287, 127.66, 348.11, 359.51, 0.4391, -0.0495, 0.8924, 0.0911
17:47:55, 9.60, 288, 126.62, 348.20, 359.53, 0.4471, -0.0498, 0.8885, 0.0900
17:47:55, 9.60, 288, 125.60, 348.36, 359.51, 0.4551, -0.0502, 0.8846, 0.0883
17:47:55, 9.60, 288, 124.54, 348.35, 359.52, 0.4633, -0.0509, 0.8804, 0.0879
17:47:55, 9.63, 289, 123.53, 348.35, 359.51, 0.4710, -0.0518, 0.8762, 0.0874
17:47:55, 9.63, 289, 122.53, 348.27, 359.37, 0.4787, -0.0539, 0.8720, 0.0870
17:47:55, 9.67, 290, 121.52, 348.20, 359.30, 0.4864, -0.0555, 0.8677, 0.0867
17:47:55, 9.67, 290, 120.53, 348.19, 359.28, 0.4939, -0.0565, 0.8634, 0.0863
17:47:55, 9.70, 291, 119.67, 348.16, 359.26, 0.5004, -0.0574, 0.8596, 0.0860
17:47:55, 9.70, 291, 118.83, 348.12, 359.31, 0.5066, -0.0579, 0.8559, 0.0860
17:47:55, 9.70, 291, 118.03, 348.08, 359.39, 0.5125, -0.0580, 0.8524, 0.0863
17:47:55, 9.73, 292, 117.30, 348.08, 359.49, 0.5179, -0.0578, 0.8491, 0.0864
17:47:55, 9.73, 292, 116.59, 348.03, 359.64, 0.5230, -0.0574, 0.8459, 0.0871
17:47:55, 9.77, 293, 116.01, 347.99, 359.87, 0.5270, -0.0564, 0.8434, 0.0881
17:47:55, 9.77, 293, 115.43, 347.94, 0.02, 0.5311, -0.0559, 0.8408, 0.0889
17:47:56, 9.77, 293, 114.88, 347.84, 0.16, 0.5350, -0.0558, 0.8382, 0.0900
17:47:56, 9.80, 294, 114.34, 347.72, 0.26, 0.5389, -0.0561, 0.8356, 0.0911
17:47:56, 9.80, 294, 113.79, 347.60, 0.17, 0.5429, -0.0578, 0.8328, 0.0913
17:47:56, 9.83, 295, 113.17, 347.55, 0.13, 0.5474, -0.0588, 0.8298, 0.0912
17:47:56, 9.83, 295, 112.54, 347.46, 0.01, 0.5520, -0.0606, 0.8267, 0.0909
17:47:56, 9.87, 296, 111.95, 347.34, 359.83, 0.5563, -0.0629, 0.8237, 0.0906
17:47:56, 9.87, 296, 111.30, 347.23, 359.70, 0.5610, -0.0649, 0.8203, 0.0903
17:47:56, 9.87, 296, 110.61, 347.12, 359.57, 0.5660, -0.0669, 0.8167, 0.0901
17:47:56, 9.90, 297, 109.96, 346.95, 359.38, 0.5707, -0.0696, 0.8133, 0.0899
17:47:56, 9.90, 297, 109.19, 346.79, 359.24, 0.5761, -0.0720, 0.8092, 0.0899
17:47:56, 9.93, 298, 108.53, 346.73, 359.12, 0.5808, -0.0737, 0.8058, 0.0893
17:47:56, 9.93, 298, 107.80, 346.46, 359.05, 0.5858, -0.0761, 0.8018, 0.0904
17:47:56, 9.93, 298, 107.14, 346.23, 358.93, 0.5904, -0.0786, 0.7981, 0.0909
17:47:56, 9.97, 299, 106.46, 346.00, 358.77, 0.5951, -0.0815, 0.7943, 0.0912
17:47:56, 9.97, 299, 105.73, 345.70, 358.71, 0.6001, -0.0841, 0.7901, 0.0925
