Timestamp, VideoTime, VideoFrame, HeadYaw, HeadPitch, HeadRoll, HeadQuatW, HeadQuatX, HeadQuatY, HeadQuatZ
11:04:42, 0.00, 0, 2.79, 7.93, 359.28, 0.9973, 0.0690, 0.0247, -0.0080
11:04:42, 0.03, 1, 2.78, 7.91, 359.28, 0.9973, 0.0688, 0.0247, -0.0080
11:04:42, 0.03, 1, 2.78, 7.88, 359.27, 0.9973, 0.0685, 0.0247, -0.0080
11:04:42, 0.03, 1, 2.78, 7.86, 359.26, 0.9973, 0.0684, 0.0246, -0.0081
11:04:42, 0.07, 2, 2.78, 7.83, 359.25, 0.9973, 0.0681, 0.0246, -0.0082
11:04:42, 0.07, 2, 2.75, 7.84, 359.24, 0.9973, 0.0681, 0.0244, -0.0083
11:04:42, 0.10, 3, 2.74, 7.79, 359.25, 0.9974, 0.0677, 0.0243, -0.0082
11:04:42, 0.10, 3, 2.73, 7.78, 359.25, 0.9974, 0.0677, 0.0242, -0.0082
11:04:42, 0.10, 3, 2.72, 7.74, 359.26, 0.9974, 0.0673, 0.0241, -0.0081
11:04:42, 0.13, 4, 2.72, 7.69, 359.25, 0.9974, 0.0669, 0.0242, -0.0082
11:04:42, 0.13, 4, 2.71, 7.66, 359.24, 0.9975, 0.0666, 0.0240, -0.0082
11:04:42, 0.17, 5, 2.71, 7.64, 359.23, 0.9975, 0.0665, 0.0241, -0.0083
11:04:42, 0.17, 5, 2.71, 7.58, 359.25, 0.9975, 0.0659, 0.0240, -0.0081
11:04:42, 0.17, 5, 2.72, 7.55, 359.27, 0.9975, 0.0656, 0.0241, -0.0079
11:04:42, 0.20, 6, 2.70, 7.52, 359.26, 0.9975, 0.0654, 0.0239, -0.0080
11:04:42, 0.20, 6, 2.69, 7.51, 359.24, 0.9975, 0.0653, 0.0238, -0.0081
11:04:42, 0.23, 7, 2.70, 7.50, 359.23, 0.9976, 0.0652, 0.0239, -0.0082
11:04:42, 0.23, 7, 2.70, 7.50, 359.23, 0.9975, 0.0652, 0.0239, -0.0083
11:04:42, 0.27, 8, 2.68, 7.52, 359.24, 0.9975, 0.0654, 0.0238, -0.0081
11:04:42, 0.27, 8, 2.68, 7.53, 359.25, 0.9975, 0.0655, 0.0238, -0.0081
11:04:42, 0.27, 8, 2.67, 7.53, 359.26, 0.9975, 0.0655, 0.0237, -0.0080
11:04:42, 0.30, 9, 2.66, 7.54, 359.27, 0.9975, 0.0656, 0.0236, -0.0078
11:04:42, 0.30, 9, 2.67, 7.55, 359.28, 0.9975, 0.0657, 0.0236, -0.0078
11:04:42, 0.33, 10, 2.66, 7.56, 359.29, 0.9975, 0.0658, 0.0236, -0.0077
11:04:42, 0.33, 10, 2.65, 7.58, 359.29, 0.9975, 0.0659, 0.0235, -0.0077
11:04:42, 0.33, 10, 2.65, 7.58, 359.31, 0.9975, 0.0660, 0.0235, -0.0076
11:04:42, 0.37, 11, 2.64, 7.58, 359.32, 0.9975, 0.0660, 0.0234, -0.0075
11:04:42, 0.37, 11, 2.62, 7.58, 359.32, 0.9975, 0.0659, 0.0232, -0.0074
11:04:42, 0.40, 12, 2.62, 7.59, 359.33, 0.9975, 0.0660, 0.0232, -0.0073
11:04:42, 0.40, 12, 2.60, 7.58, 359.34, 0.9975, 0.0660, 0.0230, -0.0072
11:04:42, 0.43, 13, 2.60, 7.58, 359.34, 0.9975, 0.0660, 0.0230, -0.0072
11:04:42, 0.43, 13, 2.58, 7.57, 359.35, 0.9975, 0.0659, 0.0229, -0.0071
11:04:42, 0.43, 13, 2.56, 7.57, 359.35, 0.9975, 0.0659, 0.0227, -0.0072
11:04:42, 0.47, 14, 2.54, 7.55, 359.37, 0.9976, 0.0657, 0.0225, -0.0070
11:04:42, 0.47, 14, 2.53, 7.56, 359.36, 0.9976, 0.0657, 0.0224, -0.0070
11:04:42, 0.50, 15, 2.50, 7.57, 359.36, 0.9976, 0.0659, 0.0221, -0.0070
11:04:42, 0.50, 15, 2.47, 7.57, 359.36, 0.9976, 0.0659, 0.0219, -0.0070
11:04:42, 0.50, 15, 2.42, 7.61, 359.37, 0.9976, 0.0662, 0.0214, -0.0069
11:04:42, 0.53, 16, 2.36, 7.68, 359.36, 0.9975, 0.0668, 0.0209, -0.0070
11:04:42, 0.53, 16, 2.29, 7.70, 359.36, 0.9975, 0.0670, 0.0204, -0.0070
11:04:42, 0.57, 17, 2.24, 7.72, 359.35, 0.9975, 0.0672, 0.0199, -0.0070
11:04:42, 0.57, 17, 2.14, 7.73, 359.28, 0.9975, 0.0673, 0.0190, -0.0075
11:04:42, 0.60, 18, 2.02, 7.77, 359.27, 0.9975, 0.0676, 0.0180, -0.0076
11:04:42, 0.60, 18, 1.85, 7.73, 359.25, 0.9976, 0.0673, 0.0165, -0.0076
11:04:42, 0.60, 18, 1.68, 7.72, 359.23, 0.9976, 0.0672, 0.0151, -0.0077
11:04:42, 0.63, 19, 1.46, 7.75, 359.22, 0.9976, 0.0674, 0.0132, -0.0077
11:04:42, 0.63, 19, 1.28, 7.80, 359.13, 0.9976, 0.0679, 0.0117, -0.0083
11:04:42, 0.67, 20, 1.10, 7.85, 359.07, 0.9976, 0.0683, 0.0102, -0.0088
11:04:42, 0.67, 20, 0.94, 7.88, 359.05, 0.9976, 0.0687, 0.0088, -0.0089
11:04:42, 0.67, 20, 0.74, 7.91, 359.05, 0.9976, 0.0689, 0.0070, -0.0087
11:04:42, 0.70, 21, 0.58, 7.93, 359.03, 0.9976, 0.0691, 0.0057, -0.0088
11:04:42, 0.70, 21, 0.38, 7.95, 359.04, 0.9976, 0.0693, 0.0039, -0.0086
11:04:42, 0.73, 22, 0.22, 8.00, 359.01, 0.9975, 0.0698, 0.0025, -0.0087
11:04:42, 0.73, 22, 0.07, 8.02, 358.94, 0.9975, 0.0699, 0.0013, -0.0093
11:04:42, 0.77, 23, 359.89, 8.06, 358.91, 0.9975, 0.0703, -0.0003, -0.0094
11:04:42, 0.77, 23, 359.72, 8.05, 358.92, 0.9975, 0.0702, -0.0018, -0.0092
11:04:42, 0.77, 23, 359.54, 8.08, 358.92, 0.9975, 0.0705, -0.0033, -0.0091
11:04:42, 0.80, 24, 359.39, 8.10, 358.94, 0.9974, 0.0707, -0.0047, -0.0089
11:04:42, 0.80, 24, 359.23, 8.10, 358.96, 0.9974, 0.0707, -0.0060, -0.0086
11:04:43, 0.83, 25, 359.07, 8.12, 358.95, 0.9974, 0.0709, -0.0075, -0.0085
11:04:43, 0.83, 25, 358.90, 8.15, 358.97, 0.9974, 0.0711, -0.0090, -0.0083
11:04:43, 0.83, 25, 358.72, 8.18, 358.94, 0.9974, 0.0715, -0.0105, -0.0084
11:04:43, 0.87, 26, 358.54, 8.20, 358.95, 0.9973, 0.0716, -0.0120, -0.0082
11:04:43, 0.87, 26, 358.37, 8.19, 358.96, 0.9973, 0.0715, -0.0135, -0.0080
11:04:43, 0.90, 27, 358.18, 8.16, 358.95, 0.9973, 0.0712, -0.0152, -0.0080
11:04:43, 0.90, 27, 357.99, 8.15, 358.94, 0.9973, 0.0712, -0.0169, -0.0080
11:04:43, 0.93, 28, 357.79, 8.15, 358.92, 0.9973, 0.0712, -0.0186, -0.0081
11:04:43, 0.93, 28, 357.56, 8.15, 358.88, 0.9972, 0.0713, -0.0205, -0.0083
11:04:43, 0.93, 28, 357.34, 8.18, 358.86, 0.9972, 0.0715, -0.0224, -0.0083
11:04:43, 0.97, 29, 357.11, 8.18, 358.83, 0.9971, 0.0716, -0.0244, -0.0084
11:04:43, 0.97, 29, 356.90, 8.19, 358.81, 0.9970, 0.0717, -0.0262, -0.0084
11:04:43, 1.00, 30, 356.67, 8.18, 358.79, 0.9970, 0.0716, -0.0282, -0.0085
11:04:43, 1.00, 30, 356.45, 8.17, 358.75, 0.9969, 0.0715, -0.0301, -0.0087
11:04:43, 1.00, 30, 356.22, 8.16, 358.74, 0.9969, 0.0715, -0.0321, -0.0086
11:04:43, 1.03, 31, 355.96, 8.19, 358.69, 0.9968, 0.0717, -0.0343, -0.0089
11:04:43, 1.03, 31, 355.71, 8.19, 358.67, 0.9967, 0.0718, -0.0365, -0.0089
11:04:43, 1.07, 32, 355.51, 8.24, 358.63, 0.9966, 0.0723, -0.0382, -0.0091
11:04:43, 1.07, 32, 355.29, 8.25, 358.60, 0.9965, 0.0724, -0.0401, -0.0092
11:04:43, 1.10, 33, 355.04, 8.28, 358.54, 0.9964, 0.0727, -0.0422, -0.0096
11:04:43, 1.10, 33, 354.84, 8.31, 358.52, 0.9963, 0.0729, -0.0439, -0.0096
11:04:43, 1.10, 33, 354.62, 8.35, 358.49, 0.9962, 0.0733, -0.0459, -0.0097
11:04:43, 1.13, 34, 354.43, 8.41, 358.51, 0.9961, 0.0738, -0.0475, -0.0094
11:04:43, 1.13, 34, 354.24, 8.51, 358.49, 0.9959, 0.0748, -0.0492, -0.0094
11:04:43, 1.17, 35, 354.03, 8.60, 358.48, 0.9958, 0.0755, -0.0510, -0.0093
11:04:43, 1.17, 35, 353.82, 8.69, 358.47, 0.9956, 0.0764, -0.0527, -0.0092
11:04:43, 1.20, 36, 353.64, 8.79, 358.45, 0.9955, 0.0772, -0.0543, -0.0092
11:04:43, 1.20, 36, 353.45, 8.89, 358.44, 0.9953, 0.0782, -0.0559, -0.0091
11:04:43, 1.20, 36, 353.29, 8.97, 358.43, 0.9952, 0.0789, -0.0573, -0.0090
11:04:43, 1.23, 37, 353.15, 8.98, 358.43, 0.9951, 0.0789, -0.0585, -0.0090
11:04:43, 1.23, 37, 352.99, 8.96, 358.41, 0.9951, 0.0788, -0.0599, -0.0090
11:04:43, 1.27, 38, 352.87, 8.86, 358.43, 0.9951, 0.0779, -0.0610, -0.0088
11:04:43, 1.27, 38, 352.75, 8.70, 358.43, 0.9951, 0.0766, -0.0620, -0.0088
11:04:43, 1.27, 38, 352.62, 8.50, 358.39, 0.9952, 0.0748, -0.0631, -0.0092
11:04:43, 1.30, 39, 352.52, 8.33, 358.37, 0.9952, 0.0734, -0.0640, -0.0094
11:04:43, 1.30, 39, 352.44, 8.23, 358.34, 0.9952, 0.0725, -0.0647, -0.0097
11:04:43, 1.33, 40, 352.34, 8.12, 358.34, 0.9952, 0.0716, -0.0656, -0.0097
11:04:43, 1.33, 40, 352.26, 8.10, 358.37, 0.9952, 0.0714, -0.0663, -0.0094
11:04:43, 1.37, 41, 352.20, 8.07, 358.31, 0.9952, 0.0712, -0.0668, -0.0099
11:04:43, 1.37, 41, 352.14, 8.04, 358.29, 0.9952, 0.0710, -0.0674, -0.0100
11:04:43, 1.37, 41, 352.08, 8.00, 358.25, 0.9951, 0.0706, -0.0678, -0.0104
11:04:43, 1.40, 42, 352.05, 7.96, 358.26, 0.9951, 0.0703, -0.0681, -0.0103
11:04:43, 1.40, 42, 352.02, 7.96, 358.30, 0.9951, 0.0703, -0.0684, -0.0100
11:04:43, 1.43, 43, 352.02, 7.95, 358.29, 0.9951, 0.0701, -0.0684, -0.0100
11:04:43, 1.43, 43, 352.05, 7.97, 358.29, 0.9951, 0.0704, -0.0681, -0.0100
11:04:43, 1.43, 43, 352.06, 7.95, 358.30, 0.9952, 0.0702, -0.0680, -0.0099
11:04:43, 1.47, 44, 352.09, 7.95, 358.30, 0.9952, 0.0702, -0.0678, -0.0100
11:04:43, 1.47, 44, 352.11, 7.97, 358.31, 0.9952, 0.0704, -0.0676, -0.0099
11:04:43, 1.50, 45, 352.15, 8.00, 358.30, 0.9952, 0.0706, -0.0673, -0.0100
11:04:43, 1.50, 45, 352.16, 8.04, 358.30, 0.9952, 0.0710, -0.0672, -0.0100
11:04:43, 1.53, 46, 352.11, 8.12, 358.31, 0.9951, 0.0717, -0.0675, -0.0098
11:04:43, 1.53, 46, 352.09, 8.21, 358.29, 0.9950, 0.0724, -0.0678, -0.0099
11:04:43, 1.53, 46, 352.03, 8.32, 358.30, 0.9949, 0.0734, -0.0682, -0.0098
11:04:43, 1.57, 47, 351.97, 8.49, 358.32, 0.9948, 0.0748, -0.0688, -0.0094
11:04:43, 1.57, 47, 351.89, 8.59, 358.32, 0.9947, 0.0757, -0.0694, -0.0093
11:04:43, 1.60, 48, 351.78, 8.71, 358.37, 0.9945, 0.0767, -0.0704, -0.0087
11:04:43, 1.60, 48, 351.67, 8.85, 358.42, 0.9944, 0.0779, -0.0713, -0.0081
11:04:43, 1.60, 48, 351.54, 9.01, 358.41, 0.9942, 0.0793, -0.0724, -0.0080
11:04:43, 1.63, 49, 351.40, 9.19, 358.44, 0.9940, 0.0809, -0.0736, -0.0075
11:04:43, 1.63, 49, 351.25, 9.42, 358.47, 0.9937, 0.0829, -0.0749, -0.0070
11:04:43, 1.67, 50, 351.13, 9.70, 358.49, 0.9934, 0.0853, -0.0759, -0.0065
11:04:43, 1.67, 50, 351.02, 10.03, 358.54, 0.9931, 0.0881, -0.0769, -0.0058
11:04:43, 1.70, 51, 350.96, 10.38, 358.57, 0.9928, 0.0912, -0.0773, -0.0053
11:04:43, 1.70, 51, 350.99, 10.69, 358.60, 0.9926, 0.0938, -0.0771, -0.0048
11:04:43, 1.70, 51, 351.08, 10.97, 358.71, 0.9924, 0.0962, -0.0763, -0.0037
11:04:43, 1.73, 52, 351.32, 11.25, 358.81, 0.9924, 0.0985, -0.0743, -0.0029
11:04:43, 1.73, 52, 351.63, 11.55, 358.90, 0.9923, 0.1010, -0.0716, -0.0022
11:04:43, 1.77, 53, 352.11, 11.84, 359.06, 0.9923, 0.1034, -0.0676, -0.0010
11:04:43, 1.77, 53, 352.70, 12.06, 359.26, 0.9925, 0.1053, -0.0627, 0.0003
11:04:43, 1.77, 53, 353.37, 12.26, 359.46, 0.9926, 0.1068, -0.0570, 0.0015
11:04:43, 1.80, 54, 353.94, 12.38, 359.64, 0.9928, 0.1079, -0.0522, 0.0026
11:04:44, 1.80, 54, 354.58, 12.60, 359.76, 0.9929, 0.1097, -0.0468, 0.0031
11:04:44, 1.83, 55, 355.30, 12.83, 359.97, 0.9929, 0.1116, -0.0407, 0.0043
11:04:44, 1.83, 55, 355.99, 13.04, 0.15, 0.9929, 0.1135, -0.0350, 0.0053
11:04:44, 1.87, 56, 356.80, 13.32, 0.38, 0.9929, 0.1158, -0.0281, 0.0066
11:04:44, 1.87, 56, 357.73, 13.57, 0.57, 0.9928, 0.1180, -0.0203, 0.0073
11:04:44, 1.87, 56, 358.64, 13.77, 0.76, 0.9927, 0.1198, -0.0125, 0.0080
11:04:44, 1.90, 57, 359.53, 13.93, 0.93, 0.9926, 0.1212, -0.0051, 0.0085
11:04:44, 1.90, 57, 0.41, 14.10, 1.07, 0.9924, 0.1228, 0.0024, 0.0089
11:04:44, 1.93, 58, 1.21, 14.27, 1.22, 0.9922, 0.1243, 0.0092, 0.0092
11:04:44, 1.93, 58, 2.04, 14.45, 1.28, 0.9919, 0.1259, 0.0162, 0.0088
11:04:44, 1.93, 58, 2.81, 14.62, 1.33, 0.9915, 0.1275, 0.0228, 0.0084
11:04:44, 1.97, 59, 3.62, 14.79, 1.47, 0.9912, 0.1291, 0.0296, 0.0087
11:04:44, 1.97, 59, 4.36, 14.97, 1.52, 0.9907, 0.1306, 0.0360, 0.0082
11:04:44, 2.00, 60, 5.11, 15.15, 1.63, 0.9903, 0.1323, 0.0424, 0.0082
11:04:44, 2.00, 60, 5.74, 15.29, 1.69, 0.9899, 0.1336, 0.0476, 0.0079
11:04:44, 2.03, 61, 6.36, 15.34, 1.63, 0.9895, 0.1340, 0.0531, 0.0067
11:04:44, 2.03, 61, 7.01, 15.40, 1.70, 0.9891, 0.1347, 0.0586, 0.0065
11:04:44, 2.03, 61, 7.58, 15.50, 1.66, 0.9887, 0.1355, 0.0635, 0.0054
11:04:44, 2.07, 62, 8.18, 15.54, 1.64, 0.9883, 0.1359, 0.0687, 0.0045
11:04:44, 2.07, 62, 8.71, 15.64, 1.66, 0.9879, 0.1367, 0.0732, 0.0040
11:04:44, 2.10, 63, 9.24, 15.71, 1.59, 0.9875, 0.1373, 0.0779, 0.0027
11:04:44, 2.10, 63, 9.78, 15.79, 1.56, 0.9870, 0.1380, 0.0825, 0.0017
11:04:44, 2.10, 63, 10.29, 15.88, 1.48, 0.9865, 0.1387, 0.0870, 0.0003
11:04:44, 2.13, 64, 10.79, 15.92, 1.46, 0.9861, 0.1390, 0.0914, -0.0005
11:04:44, 2.13, 64, 11.36, 15.97, 1.44, 0.9855, 0.1395, 0.0963, -0.0013
11:04:44, 2.17, 65, 11.89, 16.03, 1.43, 0.9850, 0.1400, 0.1008, -0.0022
11:04:44, 2.17, 65, 12.51, 16.05, 1.45, 0.9844, 0.1401, 0.1061, -0.0027
11:04:44, 2.20, 66, 13.08, 16.09, 1.41, 0.9838, 0.1405, 0.1111, -0.0038
11:04:44, 2.20, 66, 13.72, 16.14, 1.40, 0.9831, 0.1408, 0.1165, -0.0048
11:04:44, 2.20, 66, 14.44, 16.11, 1.41, 0.9824, 0.1405, 0.1227, -0.0055
11:04:44, 2.23, 67, 15.19, 16.17, 1.40, 0.9815, 0.1410, 0.1292, -0.0066
11:04:44, 2.23, 67, 15.94, 16.19, 1.39, 0.9806, 0.1411, 0.1356, -0.0076
11:04:44, 2.27, 68, 16.81, 16.22, 1.47, 0.9796, 0.1414, 0.1429, -0.0080
11:04:44, 2.27, 68, 17.55, 16.21, 1.43, 0.9786, 0.1412, 0.1493, -0.0093
11:04:44, 2.27, 68, 18.34, 16.22, 1.45, 0.9776, 0.1412, 0.1560, -0.0101
11:04:44, 2.30, 69, 19.09, 16.18, 1.42, 0.9766, 0.1408, 0.1625, -0.0112
11:04:44, 2.30, 69, 19.88, 16.22, 1.46, 0.9754, 0.1411, 0.1691, -0.0120
11:04:44, 2.33, 70, 20.63, 16.16, 1.44, 0.9743, 0.1405, 0.1755, -0.0129
11:04:44, 2.33, 70, 21.35, 16.15, 1.50, 0.9732, 0.1404, 0.1816, -0.0133
11:04:44, 2.37, 71, 22.08, 16.16, 1.50, 0.9720, 0.1404, 0.1878, -0.0142
11:04:44, 2.37, 71, 22.83, 16.16, 1.50, 0.9708, 0.1403, 0.1941, -0.0151
11:04:44, 2.37, 71, 23.49, 16.18, 1.46, 0.9696, 0.1403, 0.1998, -0.0163
11:04:44, 2.40, 72, 24.09, 16.19, 1.44, 0.9685, 0.1403, 0.2049, -0.0172
11:04:44, 2.40, 72, 24.67, 16.25, 1.39, 0.9674, 0.1406, 0.2098, -0.0184
11:04:44, 2.43, 73, 25.23, 16.25, 1.33, 0.9664, 0.1404, 0.2146, -0.0197
11:04:44, 2.43, 73, 25.74, 16.32, 1.26, 0.9653, 0.1408, 0.2189, -0.0210
11:04:44, 2.43, 73, 26.24, 16.30, 1.16, 0.9643, 0.1403, 0.2233, -0.0224
11:04:44, 2.47, 74, 26.64, 16.38, 1.06, 0.9634, 0.1407, 0.2267, -0.0239
11:04:44, 2.47, 74, 27.05, 16.43, 1.03, 0.9626, 0.1410, 0.2302, -0.0248
11:04:44, 2.50, 75, 27.41, 16.46, 0.96, 0.9618, 0.1411, 0.2333, -0.0259
11:04:44, 2.50, 75, 27.74, 16.48, 0.89, 0.9611, 0.1409, 0.2362, -0.0269
11:04:44, 2.53, 76, 28.06, 16.58, 0.77, 0.9602, 0.1415, 0.2389, -0.0285
11:04:44, 2.53, 76, 28.34, 16.62, 0.67, 0.9596, 0.1415, 0.2414, -0.0297
11:04:44, 2.53, 76, 28.54, 16.63, 0.59, 0.9591, 0.1414, 0.2432, -0.0307
11:04:44, 2.57, 77, 28.77, 16.65, 0.52, 0.9586, 0.1414, 0.2452, -0.0316
11:04:44, 2.57, 77, 28.94, 16.65, 0.43, 0.9582, 0.1412, 0.2467, -0.0326
11:04:44, 2.60, 78, 29.15, 16.71, 0.32, 0.9576, 0.1413, 0.2486, -0.0339
11:04:44, 2.60, 78, 29.38, 16.68, 0.27, 0.9572, 0.1409, 0.2505, -0.0345
11:04:44, 2.60, 78, 29.54, 16.68, 0.22, 0.9568, 0.1407, 0.2520, -0.0352
11:04:44, 2.63, 79, 29.72, 16.71, 0.17, 0.9564, 0.1408, 0.2535, -0.0358
11:04:44, 2.63, 79, 29.93, 16.75, 0.13, 0.9558, 0.1410, 0.2553, -0.0365
11:04:44, 2.67, 80, 30.10, 16.75, 0.12, 0.9554, 0.1410, 0.2568, -0.0368
11:04:44, 2.67, 80, 30.32, 16.78, 0.11, 0.9549, 0.1411, 0.2585, -0.0372
11:04:44, 2.70, 81, 30.51, 16.78, 0.13, 0.9545, 0.1411, 0.2601, -0.0373
11:04:44, 2.70, 81, 30.76, 16.81, 0.13, 0.9539, 0.1412, 0.2622, -0.0376
11:04:44, 2.70, 81, 30.99, 16.83, 0.15, 0.9533, 0.1414, 0.2641, -0.0378
11:04:44, 2.73, 82, 31.23, 16.84, 0.12, 0.9527, 0.1413, 0.2661, -0.0384
11:04:44, 2.73, 82, 31.51, 16.85, 0.14, 0.9521, 0.1413, 0.2685, -0.0386
11:04:44, 2.77, 83, 31.75, 16.86, 0.13, 0.9515, 0.1413, 0.2704, -0.0390
11:04:44, 2.77, 83, 32.03, 16.86, 0.17, 0.9509, 0.1413, 0.2727, -0.0390
11:04:44, 2.77, 83, 32.30, 16.89, 0.19, 0.9502, 0.1415, 0.2749, -0.0392
11:04:44, 2.80, 84, 32.56, 16.94, 0.17, 0.9495, 0.1418, 0.2770, -0.0399
11:04:45, 2.80, 84, 32.85, 17.02, 0.17, 0.9487, 0.1424, 0.2794, -0.0404
11:04:45, 2.83, 85, 33.10, 17.05, 0.16, 0.9480, 0.1425, 0.2815, -0.0409
11:04:45, 2.83, 85, 33.35, 17.11, 0.17, 0.9473, 0.1429, 0.2836, -0.0413
11:04:45, 2.87, 86, 33.60, 17.12, 0.22, 0.9467, 0.1431, 0.2855, -0.0412
11:04:45, 2.87, 86, 33.87, 17.11, 0.23, 0.9461, 0.1429, 0.2878, -0.0415
11:04:45, 2.87, 86, 34.14, 17.11, 0.25, 0.9454, 0.1429, 0.2900, -0.0416
11:04:45, 2.90, 87, 34.40, 17.14, 0.25, 0.9447, 0.1430, 0.2921, -0.0420
11:04:45, 2.90, 87, 34.65, 17.14, 0.24, 0.9441, 0.1429, 0.2942, -0.0424
11:04:45, 2.93, 88, 34.91, 17.14, 0.24, 0.9434, 0.1428, 0.2963, -0.0427
11:04:45, 2.93, 88, 35.18, 17.18, 0.27, 0.9427, 0.1431, 0.2984, -0.0429
11:04:45, 2.93, 88, 35.41, 17.23, 0.28, 0.9420, 0.1434, 0.3004, -0.0433
11:04:45, 2.97, 89, 35.65, 17.25, 0.28, 0.9413, 0.1435, 0.3023, -0.0437
11:04:45, 2.97, 89, 35.88, 17.29, 0.30, 0.9407, 0.1438, 0.3041, -0.0438
11:04:45, 3.00, 90, 36.10, 17.34, 0.31, 0.9400, 0.1442, 0.3060, -0.0442
11:04:45, 3.00, 90, 36.32, 17.37, 0.32, 0.9394, 0.1443, 0.3077, -0.0445
11:04:45, 3.03, 91, 36.52, 17.43, 0.32, 0.9388, 0.1447, 0.3093, -0.0449
11:04:45, 3.03, 91, 36.72, 17.43, 0.37, 0.9383, 0.1448, 0.3108, -0.0447
11:04:45, 3.03, 91, 36.92, 17.45, 0.40, 0.9377, 0.1449, 0.3125, -0.0447
11:04:45, 3.07, 92, 37.10, 17.46, 0.42, 0.9372, 0.1450, 0.3139, -0.0448
11:04:45, 3.07, 92, 37.24, 17.50, 0.43, 0.9368, 0.1454, 0.3150, -0.0450
11:04:45, 3.10, 93, 37.39, 17.52, 0.44, 0.9364, 0.1455, 0.3162, -0.0452
11:04:45, 3.10, 93, 37.46, 17.50, 0.44, 0.9362, 0.1453, 0.3168, -0.0452
11:04:45, 3.10, 93, 37.52, 17.47, 0.42, 0.9361, 0.1450, 0.3174, -0.0454
11:04:45, 3.13, 94, 37.58, 17.50, 0.39, 0.9359, 0.1451, 0.3178, -0.0458
11:04:45, 3.13, 94, 37.61, 17.64, 0.35, 0.9356, 0.1461, 0.3181, -0.0466
11:04:45, 3.17, 95, 37.69, 17.83, 0.30, 0.9351, 0.1475, 0.3187, -0.0476
11:04:45, 3.17, 95, 37.75, 18.05, 0.30, 0.9346, 0.1493, 0.3191, -0.0483
11:04:45, 3.20, 96, 37.84, 18.26, 0.31, 0.9341, 0.1509, 0.3198, -0.0489
11:04:45, 3.20, 96, 37.91, 18.48, 0.29, 0.9336, 0.1527, 0.3202, -0.0498
11:04:45, 3.20, 96, 38.01, 18.66, 0.34, 0.9331, 0.1543, 0.3209, -0.0500
11:04:45, 3.23, 97, 38.14, 18.92, 0.40, 0.9324, 0.1564, 0.3218, -0.0504
11:04:45, 3.23, 97, 38.35, 19.18, 0.48, 0.9316, 0.1587, 0.3232, -0.0508
11:04:45, 3.27, 98, 38.59, 19.39, 0.53, 0.9306, 0.1605, 0.3250, -0.0513
11:04:45, 3.27, 98, 38.91, 19.63, 0.62, 0.9294, 0.1625, 0.3273, -0.0517
11:04:45, 3.27, 98, 39.28, 19.81, 0.76, 0.9281, 0.1642, 0.3300, -0.0517
11:04:45, 3.30, 99, 39.66, 19.95, 0.89, 0.9269, 0.1655, 0.3328, -0.0516
11:04:45, 3.30, 99, 40.05, 20.02, 0.97, 0.9257, 0.1662, 0.3358, -0.0517
11:04:45, 3.33, 100, 40.44, 20.15, 1.07, 0.9244, 0.1673, 0.3388, -0.0518
11:04:45, 3.33, 100, 40.82, 20.17, 1.13, 0.9233, 0.1675, 0.3417, -0.0520
11:04:45, 3.37, 101, 41.16, 20.21, 1.21, 0.9223, 0.1679, 0.3443, -0.0519
11:04:45, 3.37, 101, 41.51, 20.21, 1.24, 0.9212, 0.1678, 0.3471, -0.0522
11:04:45, 3.37, 101, 41.77, 20.16, 1.25, 0.9205, 0.1673, 0.3492, -0.0523
11:04:45, 3.40, 102, 41.99, 20.11, 1.21, 0.9199, 0.1667, 0.3510, -0.0528
11:04:45, 3.40, 102, 42.21, 20.02, 1.16, 0.9193, 0.1657, 0.3529, -0.0533
11:04:45, 3.43, 103, 42.45, 19.89, 1.11, 0.9187, 0.1645, 0.3550, -0.0536
11:04:45, 3.43, 103, 42.70, 19.77, 1.07, 0.9181, 0.1632, 0.3571, -0.0539
11:04:45, 3.43, 103, 42.92, 19.61, 0.99, 0.9176, 0.1616, 0.3591, -0.0544
11:04:45, 3.47, 104, 43.13, 19.45, 0.94, 0.9171, 0.1601, 0.3610, -0.0546
11:04:45, 3.47, 104, 43.39, 19.29, 0.91, 0.9165, 0.1585, 0.3632, -0.0546
11:04:45, 3.50, 105, 43.67, 19.05, 0.88, 0.9159, 0.1564, 0.3656, -0.0545
11:04:45, 3.50, 105, 44.02, 18.85, 0.88, 0.9150, 0.1547, 0.3686, -0.0543
11:04:45, 3.53, 106, 44.44, 18.58, 0.89, 0.9141, 0.1523, 0.3720, -0.0540
11:04:45, 3.53, 106, 44.91, 18.31, 0.94, 0.9129, 0.1502, 0.3759, -0.0533
11:04:45, 3.53, 106, 45.43, 17.93, 1.06, 0.9117, 0.1473, 0.3801, -0.0518
11:04:45, 3.57, 107, 46.04, 17.51, 1.22, 0.9102, 0.1442, 0.3850, -0.0499
11:04:45, 3.57, 107, 46.68, 17.02, 1.40, 0.9087, 0.1407, 0.3901, -0.0476
11:04:45, 3.60, 108, 47.46, 16.55, 1.54, 0.9066, 0.1371, 0.3964, -0.0457
11:04:45, 3.60, 108, 48.24, 16.06, 1.79, 0.9045, 0.1338, 0.4026, -0.0430
11:04:45, 3.60, 108, 49.03, 15.47, 2.01, 0.9024, 0.1296, 0.4089, -0.0400
11:04:45, 3.63, 109, 49.93, 14.85, 2.32, 0.8999, 0.1256, 0.4161, -0.0363
11:04:45, 3.63, 109, 51.03, 14.04, 2.65, 0.8967, 0.1201, 0.4248, -0.0319
11:04:45, 3.67, 110, 52.17, 13.11, 2.97, 0.8933, 0.1138, 0.4341, -0.0271
11:04:45, 3.67, 110, 53.63, 12.07, 3.48, 0.8885, 0.1074, 0.4456, -0.0205
11:04:45, 3.70, 111, 55.22, 11.04, 4.00, 0.8830, 0.1013, 0.4580, -0.0138
11:04:45, 3.70, 111, 56.76, 10.04, 4.54, 0.8774, 0.0957, 0.4701, -0.0068
11:04:45, 3.70, 111, 58.40, 9.12, 5.06, 0.8710, 0.0908, 0.4827, -0.0003
11:04:45, 3.73, 112, 60.05, 8.23, 5.58, 0.8643, 0.0864, 0.4955, 0.0062
11:04:45, 3.73, 112, 61.72, 7.28, 5.97, 0.8572, 0.0810, 0.5084, 0.0121
11:04:45, 3.77, 113, 63.36, 6.34, 6.41, 0.8500, 0.0763, 0.5209, 0.0185
11:04:45, 3.77, 113, 65.09, 5.41, 6.78, 0.8420, 0.0714, 0.5341, 0.0245
11:04:45, 3.77, 113, 66.90, 4.67, 7.08, 0.8335, 0.0679, 0.5476, 0.0291
11:04:45, 3.80, 114, 68.59, 3.95, 7.38, 0.8252, 0.0647, 0.5601, 0.0337
11:04:46, 3.80, 114, 70.17, 3.26, 7.67, 0.8172, 0.0617, 0.5717, 0.0384
11:04:46, 3.83, 115, 71.80, 2.62, 7.89, 0.8088, 0.0588, 0.5836, 0.0424
11:04:46, 3.83, 115, 73.41, 2.05, 8.05, 0.8004, 0.0562, 0.5951, 0.0456
11:04:46, 3.87, 116, 74.92, 1.50, 8.08, 0.7923, 0.0532, 0.6059, 0.0480
11:04:46, 3.87, 116, 76.29, 1.07, 8.09, 0.7848, 0.0509, 0.6156, 0.0498
11:04:46, 3.87, 116, 77.41, 0.72, 8.01, 0.7787, 0.0486, 0.6234, 0.0506
11:04:46, 3.90, 117, 78.50, 0.31, 7.90, 0.7727, 0.0456, 0.6310, 0.0516
11:04:46, 3.90, 117, 79.45, 0.03, 7.75, 0.7674, 0.0434, 0.6376, 0.0518
11:04:46, 3.93, 118, 80.24, 359.80, 7.59, 0.7630, 0.0413, 0.6430, 0.0517
11:04:46, 3.93, 118, 80.92, 359.68, 7.34, 0.7592, 0.0394, 0.6478, 0.0505
11:04:46, 3.93, 118, 81.52, 359.54, 7.14, 0.7558, 0.0376, 0.6518, 0.0498
11:04:46, 3.97, 119, 82.01, 359.45, 6.93, 0.7531, 0.0361, 0.6551, 0.0487
11:04:46, 3.97, 119, 82.47, 359.37, 6.69, 0.7505, 0.0343, 0.6582, 0.0475
11:04:46, 4.00, 120, 82.76, 359.37, 6.50, 0.7489, 0.0334, 0.6602, 0.0462
11:04:46, 4.00, 120, 82.91, 359.32, 6.19, 0.7481, 0.0313, 0.6613, 0.0444
11:04:46, 4.03, 121, 83.09, 359.31, 5.89, 0.7472, 0.0296, 0.6625, 0.0424
11:04:46, 4.03, 121, 83.15, 359.37, 5.70, 0.7470, 0.0289, 0.6629, 0.0409
11:04:46, 4.03, 121, 83.16, 359.51, 5.52, 0.7470, 0.0288, 0.6631, 0.0388
11:04:46, 4.07, 122, 83.09, 359.55, 5.31, 0.7475, 0.0278, 0.6626, 0.0373
11:04:46, 4.07, 122, 83.04, 359.58, 5.13, 0.7478, 0.0269, 0.6624, 0.0359
11:04:46, 4.10, 123, 82.99, 359.59, 4.98, 0.7482, 0.0261, 0.6620, 0.0349
11:04:46, 4.10, 123, 82.95, 359.59, 4.82, 0.7485, 0.0252, 0.6618, 0.0339
11:04:46, 4.10, 123, 82.92, 359.53, 4.69, 0.7487, 0.0240, 0.6617, 0.0334
11:04:46, 4.13, 124, 82.90, 359.50, 4.56, 0.7488, 0.0230, 0.6616, 0.0327
11:04:46, 4.13, 124, 82.89, 359.44, 4.47, 0.7489, 0.0222, 0.6615, 0.0325
11:04:46, 4.17, 125, 82.89, 359.44, 4.40, 0.7489, 0.0217, 0.6615, 0.0320
11:04:46, 4.17, 125, 82.89, 359.44, 4.33, 0.7489, 0.0213, 0.6616, 0.0316
11:04:46, 4.20, 126, 82.92, 359.46, 4.30, 0.7488, 0.0213, 0.6617, 0.0312
11:04:46, 4.20, 126, 82.93, 359.42, 4.27, 0.7487, 0.0209, 0.6619, 0.0312
11:04:46, 4.20, 126, 82.94, 359.35, 4.26, 0.7486, 0.0203, 0.6619, 0.0316
11:04:46, 4.23, 127, 82.92, 359.24, 4.25, 0.7487, 0.0196, 0.6618, 0.0322
11:04:46, 4.23, 127, 82.95, 359.17, 4.23, 0.7486, 0.0190, 0.6620, 0.0324
11:04:46, 4.27, 128, 82.97, 359.08, 4.19, 0.7484, 0.0182, 0.6622, 0.0327
11:04:46, 4.27, 128, 82.92, 359.09, 4.14, 0.7487, 0.0179, 0.6619, 0.0323
11:04:46, 4.27, 128, 82.88, 359.05, 4.08, 0.7490, 0.0174, 0.6616, 0.0322
11:04:46, 4.30, 129, 82.81, 359.02, 4.03, 0.7494, 0.0169, 0.6612, 0.0320
11:04:46, 4.30, 129, 82.75, 359.01, 3.99, 0.7497, 0.0165, 0.6608, 0.0319
11:04:46, 4.33, 130, 82.68, 358.97, 3.95, 0.7501, 0.0160, 0.6603, 0.0318
11:04:46, 4.33, 130, 82.60, 358.95, 3.93, 0.7506, 0.0157, 0.6598, 0.0318
11:04:46, 4.37, 131, 82.48, 358.92, 3.89, 0.7513, 0.0153, 0.6591, 0.0317
11:04:46, 4.37, 131, 82.38, 358.95, 3.83, 0.7519, 0.0151, 0.6584, 0.0312
11:04:46, 4.37, 131, 82.23, 358.96, 3.78, 0.7528, 0.0149, 0.6574, 0.0308
11:04:46, 4.40, 132, 82.10, 358.91, 3.72, 0.7535, 0.0141, 0.6566, 0.0307
11:04:46, 4.40, 132, 81.96, 358.83, 3.66, 0.7543, 0.0132, 0.6557, 0.0308
11:04:46, 4.43, 133, 81.82, 358.79, 3.60, 0.7551, 0.0126, 0.6548, 0.0307
11:04:46, 4.43, 133, 81.68, 358.81, 3.56, 0.7559, 0.0125, 0.6538, 0.0303
11:04:46, 4.43, 133, 81.50, 358.84, 3.53, 0.7569, 0.0125, 0.6527, 0.0299
11:04:46, 4.47, 134, 81.32, 358.91, 3.53, 0.7580, 0.0129, 0.6514, 0.0296
11:04:46, 4.47, 134, 81.12, 359.00, 3.52, 0.7592, 0.0134, 0.6501, 0.0290
11:04:46, 4.50, 135, 80.93, 359.07, 3.54, 0.7603, 0.0139, 0.6488, 0.0288
11:04:46, 4.50, 135, 80.75, 359.13, 3.57, 0.7613, 0.0144, 0.6477, 0.0286
11:04:46, 4.53, 136, 80.58, 359.20, 3.60, 0.7623, 0.0149, 0.6465, 0.0285
11:04:46, 4.53, 136, 80.42, 359.26, 3.63, 0.7632, 0.0155, 0.6454, 0.0283
11:04:46, 4.53, 136, 80.26, 359.42, 3.63, 0.7641, 0.0165, 0.6443, 0.0275
11:04:46, 4.57, 137, 80.10, 359.53, 3.68, 0.7650, 0.0176, 0.6432, 0.0272
11:04:46, 4.57, 137, 79.95, 359.64, 3.70, 0.7659, 0.0183, 0.6422, 0.0268
11:04:46, 4.60, 138, 79.83, 359.73, 3.75, 0.7665, 0.0192, 0.6414, 0.0266
11:04:46, 4.60, 138, 79.73, 359.82, 3.80, 0.7671, 0.0200, 0.6407, 0.0265
11:04:46, 4.60, 138, 79.66, 359.93, 3.81, 0.7675, 0.0208, 0.6401, 0.0259
11:04:46, 4.63, 139, 79.60, 0.07, 3.81, 0.7679, 0.0217, 0.6397, 0.0252
11:04:46, 4.63, 139, 79.54, 0.13, 3.81, 0.7682, 0.0222, 0.6393, 0.0248
11:04:46, 4.67, 140, 79.50, 0.20, 3.78, 0.7684, 0.0224, 0.6391, 0.0242
11:04:46, 4.67, 140, 79.51, 0.24, 3.83, 0.7684, 0.0230, 0.6391, 0.0243
11:04:46, 4.70, 141, 79.55, 0.25, 3.80, 0.7682, 0.0229, 0.6394, 0.0241
11:04:46, 4.70, 141, 79.61, 0.25, 3.80, 0.7678, 0.0229, 0.6398, 0.0241
11:04:46, 4.70, 141, 79.69, 0.26, 3.79, 0.7674, 0.0229, 0.6403, 0.0239
11:04:46, 4.73, 142, 79.84, 0.28, 3.80, 0.7666, 0.0232, 0.6413, 0.0238
11:04:46, 4.73, 142, 79.98, 0.29, 3.78, 0.7658, 0.0231, 0.6423, 0.0237
11:04:46, 4.77, 143, 80.16, 0.32, 3.76, 0.7648, 0.0233, 0.6434, 0.0233
11:04:46, 4.77, 143, 80.35, 0.33, 3.75, 0.7637, 0.0233, 0.6447, 0.0231
11:04:46, 4.77, 143, 80.56, 0.36, 3.72, 0.7625, 0.0233, 0.6461, 0.0227
11:04:46, 4.80, 144, 80.77, 0.38, 3.65, 0.7614, 0.0231, 0.6475, 0.0221
11:04:47, 4.80, 144, 80.99, 0.41, 3.61, 0.7601, 0.0232, 0.6490, 0.0217
11:04:47, 4.83, 145, 81.20, 0.38, 3.55, 0.7590, 0.0227, 0.6504, 0.0214
11:04:47, 4.83, 145, 81.40, 0.38, 3.48, 0.7579, 0.0224, 0.6517, 0.0208
11:04:47, 4.87, 146, 81.57, 0.37, 3.43, 0.7569, 0.0220, 0.6529, 0.0205
11:04:47, 4.87, 146, 81.74, 0.38, 3.35, 0.7559, 0.0217, 0.6540, 0.0199
11:04:47, 4.87, 146, 81.89, 0.41, 3.29, 0.7551, 0.0216, 0.6550, 0.0193
11:04:47, 4.90, 147, 82.05, 0.43, 3.23, 0.7542, 0.0213, 0.6560, 0.0188
11:04:47, 4.90, 147, 82.17, 0.41, 3.22, 0.7535, 0.0212, 0.6568, 0.0188
11:04:47, 4.93, 148, 82.28, 0.38, 3.17, 0.7529, 0.0207, 0.6576, 0.0186
11:04:47, 4.93, 148, 82.39, 0.37, 3.11, 0.7523, 0.0203, 0.6583, 0.0184
11:04:47, 4.93, 148, 82.50, 0.36, 3.03, 0.7516, 0.0198, 0.6590, 0.0178
11:04:47, 4.97, 149, 82.57, 0.34, 2.97, 0.7512, 0.0193, 0.6595, 0.0175
11:04:47, 4.97, 149, 82.63, 0.34, 2.91, 0.7509, 0.0190, 0.6599, 0.0171
11:04:47, 5.00, 150, 82.69, 0.32, 2.85, 0.7506, 0.0185, 0.6603, 0.0168
11:04:47, 5.00, 150, 82.70, 0.31, 2.81, 0.7505, 0.0182, 0.6604, 0.0166
11:04:47, 5.03, 151, 82.71, 0.29, 2.74, 0.7505, 0.0177, 0.6605, 0.0162
11:04:47, 5.03, 151, 82.71, 0.28, 2.68, 0.7504, 0.0173, 0.6605, 0.0160
11:04:47, 5.03, 151, 82.72, 0.25, 2.66, 0.7504, 0.0169, 0.6606, 0.0160
11:04:47, 5.07, 152, 82.75, 0.22, 2.63, 0.7502, 0.0166, 0.6608, 0.0159
11:04:47, 5.07, 152, 82.79, 0.21, 2.58, 0.7500, 0.0163, 0.6610, 0.0157
11:04:47, 5.10, 153, 82.84, 0.21, 2.56, 0.7497, 0.0162, 0.6614, 0.0156
11:04:47, 5.10, 153, 82.86, 0.25, 2.57, 0.7496, 0.0165, 0.6615, 0.0153
11:04:47, 5.10, 153, 82.83, 0.26, 2.58, 0.7498, 0.0166, 0.6613, 0.0154
11:04:47, 5.13, 154, 82.83, 0.35, 2.62, 0.7498, 0.0174, 0.6613, 0.0151
11:04:47, 5.13, 154, 82.84, 0.39, 2.64, 0.7498, 0.0178, 0.6613, 0.0150
11:04:47, 5.17, 155, 82.83, 0.43, 2.70, 0.7498, 0.0184, 0.6613, 0.0152
11:04:47, 5.17, 155, 82.83, 0.45, 2.75, 0.7498, 0.0188, 0.6613, 0.0154
11:04:47, 5.20, 156, 82.82, 0.48, 2.80, 0.7499, 0.0193, 0.6611, 0.0156
11:04:47, 5.20, 156, 82.80, 0.47, 2.82, 0.7500, 0.0194, 0.6610, 0.0158
11:04:47, 5.20, 156, 82.77, 0.45, 2.85, 0.7501, 0.0194, 0.6608, 0.0160
11:04:47, 5.23, 157, 82.74, 0.43, 2.87, 0.7503, 0.0194, 0.6606, 0.0163
11:04:47, 5.23, 157, 82.73, 0.39, 2.86, 0.7503, 0.0190, 0.6606, 0.0165
11:04:47, 5.27, 158, 82.70, 0.36, 2.86, 0.7505, 0.0188, 0.6604, 0.0166
11:04:47, 5.27, 158, 82.68, 0.28, 2.87, 0.7506, 0.0184, 0.6603, 0.0172
11:04:47, 5.27, 158, 82.66, 0.23, 2.86, 0.7507, 0.0180, 0.6602, 0.0174
11:04:47, 5.30, 159, 82.62, 0.17, 2.87, 0.7509, 0.0176, 0.6599, 0.0178
11:04:47, 5.30, 159, 82.58, 0.13, 2.88, 0.7511, 0.0175, 0.6597, 0.0182
11:04:47, 5.33, 160, 82.52, 0.05, 2.90, 0.7515, 0.0170, 0.6593, 0.0187
11:04:47, 5.33, 160, 82.46, 0.00, 2.93, 0.7518, 0.0168, 0.6588, 0.0193
11:04:47, 5.37, 161, 82.39, 359.96, 2.95, 0.7522, 0.0167, 0.6584, 0.0196
11:04:47, 5.37, 161, 82.32, 359.92, 2.96, 0.7526, 0.0164, 0.6580, 0.0199
11:04:47, 5.37, 161, 82.24, 359.89, 2.97, 0.7531, 0.0163, 0.6574, 0.0201
11:04:47, 5.40, 162, 82.14, 359.87, 3.00, 0.7536, 0.0163, 0.6568, 0.0204
11:04:47, 5.40, 162, 82.03, 359.87, 3.00, 0.7542, 0.0163, 0.6561, 0.0205
11:04:47, 5.43, 163, 81.91, 359.87, 3.00, 0.7549, 0.0163, 0.6553, 0.0205
11:04:47, 5.43, 163, 81.81, 359.88, 3.01, 0.7555, 0.0164, 0.6546, 0.0205
11:04:47, 5.43, 163, 81.67, 359.90, 3.04, 0.7563, 0.0167, 0.6537, 0.0206
11:04:47, 5.47, 164, 81.58, 359.94, 3.07, 0.7568, 0.0171, 0.6531, 0.0207
11:04:47, 5.47, 164, 81.46, 359.97, 3.11, 0.7575, 0.0175, 0.6522, 0.0207
11:04:47, 5.50, 165, 81.38, 0.01, 3.15, 0.7580, 0.0180, 0.6517, 0.0208
11:04:47, 5.50, 165, 81.28, 0.07, 3.17, 0.7585, 0.0185, 0.6511, 0.0206
11:04:47, 5.53, 166, 81.21, 0.13, 3.18, 0.7589, 0.0189, 0.6506, 0.0204
11:04:47, 5.53, 166, 81.12, 0.14, 3.18, 0.7595, 0.0190, 0.6500, 0.0203
11:04:47, 5.53, 166, 81.03, 0.15, 3.19, 0.7600, 0.0191, 0.6493, 0.0203
11:04:47, 5.57, 167, 80.91, 0.19, 3.22, 0.7606, 0.0195, 0.6486, 0.0204
11:04:47, 5.57, 167, 80.82, 0.24, 3.21, 0.7612, 0.0197, 0.6479, 0.0200
11:04:47, 5.60, 168, 80.72, 0.32, 3.22, 0.7617, 0.0203, 0.6473, 0.0196
11:04:47, 5.60, 168, 80.64, 0.39, 3.22, 0.7622, 0.0208, 0.6467, 0.0192
11:04:47, 5.60, 168, 80.55, 0.41, 3.22, 0.7627, 0.0209, 0.6461, 0.0191
11:04:47, 5.63, 169, 80.44, 0.41, 3.23, 0.7633, 0.0209, 0.6454, 0.0192
11:04:47, 5.63, 169, 80.33, 0.44, 3.22, 0.7640, 0.0210, 0.6446, 0.0190
11:04:47, 5.67, 170, 80.20, 0.44, 3.21, 0.7647, 0.0210, 0.6438, 0.0190
11:04:47, 5.67, 170, 80.09, 0.43, 3.19, 0.7653, 0.0208, 0.6430, 0.0189
11:04:47, 5.70, 171, 79.96, 0.45, 3.16, 0.7660, 0.0207, 0.6422, 0.0186
11:04:47, 5.70, 171, 79.81, 0.45, 3.15, 0.7669, 0.0206, 0.6412, 0.0186
11:04:47, 5.70, 171, 79.69, 0.44, 3.13, 0.7675, 0.0205, 0.6404, 0.0185
11:04:47, 5.73, 172, 79.56, 0.41, 3.13, 0.7683, 0.0202, 0.6395, 0.0187
11:04:47, 5.73, 172, 79.43, 0.40, 3.10, 0.7690, 0.0200, 0.6386, 0.0186
11:04:47, 5.77, 173, 79.28, 0.40, 3.09, 0.7698, 0.0199, 0.6377, 0.0186
11:04:47, 5.77, 173, 79.10, 0.40, 3.07, 0.7708, 0.0197, 0.6365, 0.0184
11:04:47, 5.77, 173, 78.94, 0.40, 3.06, 0.7717, 0.0197, 0.6354, 0.0184
11:04:47, 5.80, 174, 78.81, 0.39, 3.03, 0.7725, 0.0194, 0.6345, 0.0183
11:04:48, 5.80, 174, 78.68, 0.39, 3.04, 0.7732, 0.0194, 0.6336, 0.0183
11:04:48, 5.83, 175, 78.55, 0.38, 3.04, 0.7739, 0.0193, 0.6327, 0.0185
11:04:48, 5.83, 175, 78.41, 0.39, 3.02, 0.7747, 0.0193, 0.6318, 0.0182
11:04:48, 5.87, 176, 78.27, 0.41, 3.03, 0.7754, 0.0195, 0.6309, 0.0183
11:04:48, 5.87, 176, 78.12, 0.43, 3.03, 0.7763, 0.0195, 0.6298, 0.0182
11:04:48, 5.87, 176, 77.93, 0.48, 3.04, 0.7773, 0.0199, 0.6286, 0.0180
11:04:48, 5.90, 177, 77.73, 0.58, 3.04, 0.7784, 0.0206, 0.6272, 0.0175
11:04:48, 5.90, 177, 77.54, 0.66, 3.04, 0.7795, 0.0211, 0.6258, 0.0171
11:04:48, 5.93, 178, 77.36, 0.67, 3.02, 0.7804, 0.0210, 0.6246, 0.0169
11:04:48, 5.93, 178, 77.23, 0.66, 3.01, 0.7812, 0.0209, 0.6237, 0.0169
11:04:48, 5.93, 178, 77.11, 0.65, 3.00, 0.7818, 0.0207, 0.6230, 0.0169
11:04:48, 5.97, 179, 77.00, 0.66, 2.97, 0.7824, 0.0206, 0.6221, 0.0167
11:04:48, 5.97, 179, 76.86, 0.66, 2.96, 0.7832, 0.0206, 0.6212, 0.0167
11:04:48, 6.00, 180, 76.74, 0.67, 2.96, 0.7838, 0.0206, 0.6204, 0.0166
11:04:48, 6.00, 180, 76.67, 0.67, 2.93, 0.7842, 0.0205, 0.6199, 0.0164
11:04:48, 6.03, 181, 76.58, 0.68, 2.94, 0.7847, 0.0206, 0.6193, 0.0165
11:04:48, 6.03, 181, 76.53, 0.69, 2.91, 0.7850, 0.0204, 0.6190, 0.0162
11:04:48, 6.03, 181, 76.50, 0.70, 2.89, 0.7852, 0.0204, 0.6187, 0.0161
11:04:48, 6.07, 182, 76.47, 0.70, 2.91, 0.7853, 0.0205, 0.6186, 0.0162
11:04:48, 6.07, 182, 76.46, 0.66, 2.88, 0.7854, 0.0201, 0.6185, 0.0162
11:04:48, 6.10, 183, 76.44, 0.66, 2.87, 0.7855, 0.0201, 0.6183, 0.0161
11:04:48, 6.10, 183, 76.40, 0.66, 2.85, 0.7857, 0.0199, 0.6181, 0.0160
11:04:48, 6.10, 183, 76.37, 0.68, 2.85, 0.7859, 0.0200, 0.6179, 0.0159
11:04:48, 6.13, 184, 76.36, 0.67, 2.82, 0.7859, 0.0198, 0.6178, 0.0157
11:04:48, 6.13, 184, 76.35, 0.68, 2.83, 0.7860, 0.0199, 0.6177, 0.0157
11:04:48, 6.17, 185, 76.30, 0.72, 2.81, 0.7863, 0.0201, 0.6174, 0.0154
11:04:48, 6.17, 185, 76.22, 0.78, 2.79, 0.7867, 0.0204, 0.6168, 0.0150
11:04:48, 6.20, 186, 76.07, 0.86, 2.75, 0.7875, 0.0207, 0.6158, 0.0143
11:04:48, 6.20, 186, 75.85, 0.98, 2.70, 0.7887, 0.0212, 0.6143, 0.0133
11:04:48, 6.20, 186, 75.57, 1.12, 2.61, 0.7902, 0.0217, 0.6123, 0.0121
11:04:48, 6.23, 187, 75.15, 1.33, 2.53, 0.7925, 0.0227, 0.6094, 0.0104
11:04:48, 6.23, 187, 74.57, 1.63, 2.45, 0.7956, 0.0242, 0.6053, 0.0084
11:04:48, 6.27, 188, 73.74, 1.99, 2.37, 0.7999, 0.0263, 0.5995, 0.0061
11:04:48, 6.27, 188, 72.86, 2.36, 2.22, 0.8045, 0.0280, 0.5933, 0.0034
11:04:48, 6.27, 188, 71.85, 2.89, 2.05, 0.8096, 0.0309, 0.5861, -0.0004
11:04:48, 6.30, 189, 70.69, 3.32, 1.84, 0.8155, 0.0329, 0.5778, -0.0037
11:04:48, 6.30, 189, 69.50, 3.74, 1.63, 0.8214, 0.0349, 0.5693, -0.0069
11:04:48, 6.33, 190, 68.25, 4.17, 1.45, 0.8275, 0.0372, 0.5602, -0.0100
11:04:48, 6.33, 190, 66.99, 4.54, 1.24, 0.8335, 0.0390, 0.5510, -0.0128
11:04:48, 6.37, 191, 65.77, 4.79, 1.06, 0.8392, 0.0401, 0.5421, -0.0149
11:04:48, 6.37, 191, 64.63, 4.99, 0.96, 0.8445, 0.0413, 0.5337, -0.0162
11:04:48, 6.37, 191, 63.61, 5.17, 0.84, 0.8492, 0.0422, 0.5262, -0.0175
11:04:48, 6.40, 192, 62.66, 5.36, 0.73, 0.8534, 0.0432, 0.5192, -0.0189
11:04:48, 6.40, 192, 61.80, 5.53, 0.69, 0.8572, 0.0444, 0.5127, -0.0196
11:04:48, 6.43, 193, 60.90, 5.74, 0.60, 0.8611, 0.0458, 0.5059, -0.0209
11:04:48, 6.43, 193, 60.20, 5.88, 0.62, 0.8641, 0.0471, 0.5006, -0.0210
11:04:48, 6.43, 193, 59.55, 5.97, 0.63, 0.8669, 0.0480, 0.4957, -0.0211
11:04:48, 6.47, 194, 59.06, 6.12, 0.67, 0.8690, 0.0493, 0.4919, -0.0212
11:04:48, 6.47, 194, 58.57, 6.27, 0.70, 0.8711, 0.0507, 0.4881, -0.0214
11:04:48, 6.50, 195, 58.07, 6.39, 0.73, 0.8731, 0.0518, 0.4842, -0.0215
11:04:48, 6.50, 195, 57.67, 6.51, 0.80, 0.8748, 0.0531, 0.4812, -0.0213
11:04:48, 6.53, 196, 57.34, 6.55, 0.91, 0.8762, 0.0539, 0.4785, -0.0204
11:04:48, 6.53, 196, 57.08, 6.64, 1.04, 0.8772, 0.0552, 0.4765, -0.0197
11:04:48, 6.53, 196, 56.75, 6.68, 1.10, 0.8786, 0.0558, 0.4739, -0.0192
11:04:48, 6.57, 197, 56.55, 6.83, 1.21, 0.8794, 0.0574, 0.4723, -0.0189
11:04:48, 6.57, 197, 56.27, 6.88, 1.24, 0.8805, 0.0580, 0.4701, -0.0187
11:04:48, 6.60, 198, 56.08, 6.95, 1.32, 0.8813, 0.0589, 0.4686, -0.0184
11:04:48, 6.60, 198, 55.84, 7.03, 1.33, 0.8822, 0.0596, 0.4667, -0.0184
11:04:48, 6.60, 198, 55.64, 7.10, 1.38, 0.8830, 0.0603, 0.4651, -0.0183
11:04:48, 6.63, 199, 55.48, 7.17, 1.41, 0.8836, 0.0611, 0.4638, -0.0183
11:04:48, 6.63, 199, 55.31, 7.20, 1.42, 0.8843, 0.0614, 0.4625, -0.0182
11:04:48, 6.67, 200, 55.20, 7.22, 1.44, 0.8847, 0.0616, 0.4617, -0.0181
11:04:48, 6.67, 200, 55.12, 7.27, 1.45, 0.8851, 0.0620, 0.4610, -0.0181
11:04:48, 6.70, 201, 55.04, 7.30, 1.46, 0.8854, 0.0623, 0.4604, -0.0182
11:04:48, 6.70, 201, 54.97, 7.33, 1.50, 0.8856, 0.0627, 0.4598, -0.0179
11:04:48, 6.70, 201, 54.91, 7.35, 1.53, 0.8859, 0.0630, 0.4593, -0.0177
11:04:48, 6.73, 202, 54.87, 7.36, 1.56, 0.8860, 0.0632, 0.4589, -0.0175
11:04:48, 6.73, 202, 54.83, 7.37, 1.61, 0.8862, 0.0635, 0.4586, -0.0171
11:04:48, 6.77, 203, 54.75, 7.38, 1.64, 0.8865, 0.0637, 0.4580, -0.0169
11:04:48, 6.77, 203, 54.69, 7.35, 1.67, 0.8868, 0.0636, 0.4575, -0.0165
11:04:48, 6.77, 203, 54.64, 7.34, 1.68, 0.8870, 0.0636, 0.4571, -0.0163
11:04:48, 6.80, 204, 54.58, 7.31, 1.73, 0.8872, 0.0636, 0.4567, -0.0158
11:04:49, 6.80, 204, 54.53, 7.30, 1.73, 0.8874, 0.0635, 0.4563, -0.0158
11:04:49, 6.83, 205, 54.50, 7.27, 1.76, 0.8876, 0.0634, 0.4560, -0.0154
11:04:49, 6.83, 205, 54.46, 7.22, 1.73, 0.8878, 0.0628, 0.4557, -0.0154
11:04:49, 6.87, 206, 54.44, 7.19, 1.76, 0.8878, 0.0628, 0.4556, -0.0151
11:04:49, 6.87, 206, 54.41, 7.12, 1.75, 0.8880, 0.0622, 0.4554, -0.0148
11:04:49, 6.87, 206, 54.34, 7.10, 1.75, 0.8883, 0.0620, 0.4549, -0.0147
11:04:49, 6.90, 207, 54.24, 7.06, 1.74, 0.8887, 0.0617, 0.4541, -0.0146
11:04:49, 6.90, 207, 54.17, 7.02, 1.74, 0.8890, 0.0614, 0.4536, -0.0143
11:04:49, 6.93, 208, 54.14, 6.99, 1.72, 0.8891, 0.0611, 0.4534, -0.0144
11:04:49, 6.93, 208, 54.12, 6.98, 1.66, 0.8892, 0.0607, 0.4533, -0.0148
11:04:49, 6.93, 208, 54.11, 6.95, 1.63, 0.8892, 0.0604, 0.4532, -0.0149
11:04:49, 6.97, 209, 54.11, 6.93, 1.63, 0.8893, 0.0602, 0.4532, -0.0149
11:04:49, 6.97, 209, 54.12, 6.90, 1.62, 0.8892, 0.0600, 0.4533, -0.0148
11:04:49, 7.00, 210, 54.15, 6.89, 1.61, 0.8891, 0.0599, 0.4535, -0.0148
11:04:49, 7.00, 210, 54.17, 6.92, 1.62, 0.8890, 0.0601, 0.4537, -0.0149
11:04:49, 7.03, 211, 54.23, 6.92, 1.59, 0.8887, 0.0600, 0.4542, -0.0152
11:04:49, 7.03, 211, 54.30, 6.96, 1.53, 0.8885, 0.0601, 0.4547, -0.0158
11:04:49, 7.03, 211, 54.40, 6.96, 1.51, 0.8881, 0.0600, 0.4555, -0.0160
11:04:49, 7.07, 212, 54.46, 6.96, 1.51, 0.8878, 0.0600, 0.4560, -0.0161
11:04:49, 7.07, 212, 54.52, 6.96, 1.50, 0.8876, 0.0599, 0.4564, -0.0162
11:04:49, 7.10, 213, 54.57, 6.95, 1.48, 0.8874, 0.0598, 0.4568, -0.0164
11:04:49, 7.10, 213, 54.63, 6.96, 1.46, 0.8871, 0.0597, 0.4573, -0.0166
11:04:49, 7.10, 213, 54.65, 6.96, 1.43, 0.8871, 0.0596, 0.4575, -0.0168
11:04:49, 7.13, 214, 54.67, 6.97, 1.41, 0.8870, 0.0597, 0.4577, -0.0170
11:04:49, 7.13, 214, 54.67, 6.97, 1.35, 0.8870, 0.0594, 0.4577, -0.0174
11:04:49, 7.17, 215, 54.64, 6.98, 1.32, 0.8871, 0.0594, 0.4575, -0.0178
11:04:49, 7.17, 215, 54.65, 6.97, 1.29, 0.8870, 0.0591, 0.4576, -0.0179
11:04:49, 7.20, 216, 54.63, 6.93, 1.26, 0.8871, 0.0587, 0.4574, -0.0180
11:04:49, 7.20, 216, 54.62, 6.91, 1.24, 0.8872, 0.0585, 0.4574, -0.0181
11:04:49, 7.20, 216, 54.61, 6.88, 1.22, 0.8872, 0.0582, 0.4573, -0.0181
11:04:49, 7.23, 217, 54.61, 6.85, 1.20, 0.8872, 0.0578, 0.4573, -0.0181
11:04:49, 7.23, 217, 54.62, 6.81, 1.20, 0.8872, 0.0576, 0.4574, -0.0180
11:04:49, 7.27, 218, 54.63, 6.78, 1.22, 0.8872, 0.0575, 0.4575, -0.0177
11:04:49, 7.27, 218, 54.60, 6.75, 1.25, 0.8873, 0.0573, 0.4573, -0.0173
11:04:49, 7.27, 218, 54.62, 6.71, 1.24, 0.8872, 0.0570, 0.4574, -0.0173
11:04:49, 7.30, 219, 54.66, 6.68, 1.24, 0.8871, 0.0567, 0.4577, -0.0171
11:04:49, 7.30, 219, 54.66, 6.66, 1.25, 0.8871, 0.0566, 0.4578, -0.0170
11:04:49, 7.33, 220, 54.67, 6.61, 1.25, 0.8871, 0.0562, 0.4579, -0.0168
11:04:49, 7.33, 220, 54.71, 6.59, 1.28, 0.8870, 0.0562, 0.4581, -0.0165
11:04:49, 7.37, 221, 54.70, 6.57, 1.28, 0.8870, 0.0560, 0.4581, -0.0164
11:04:49, 7.37, 221, 54.72, 6.53, 1.29, 0.8869, 0.0558, 0.4583, -0.0162
11:04:49, 7.37, 221, 54.73, 6.50, 1.29, 0.8869, 0.0555, 0.4583, -0.0160
11:04:49, 7.40, 222, 54.74, 6.49, 1.30, 0.8869, 0.0554, 0.4584, -0.0160
11:04:49, 7.40, 222, 54.74, 6.47, 1.30, 0.8869, 0.0553, 0.4584, -0.0159
11:04:49, 7.43, 223, 54.77, 6.42, 1.30, 0.8868, 0.0550, 0.4587, -0.0157
11:04:49, 7.43, 223, 54.77, 6.41, 1.30, 0.8868, 0.0548, 0.4587, -0.0157
11:04:49, 7.43, 223, 54.81, 6.39, 1.29, 0.8866, 0.0546, 0.4590, -0.0157
11:04:49, 7.47, 224, 54.82, 6.35, 1.30, 0.8866, 0.0544, 0.4590, -0.0154
11:04:49, 7.47, 224, 54.85, 6.33, 1.30, 0.8865, 0.0542, 0.4593, -0.0153
11:04:49, 7.50, 225, 54.87, 6.31, 1.30, 0.8864, 0.0541, 0.4595, -0.0153
11:04:49, 7.50, 225, 54.88, 6.27, 1.31, 0.8864, 0.0538, 0.4595, -0.0151
11:04:49, 7.53, 226, 54.91, 6.29, 1.29, 0.8863, 0.0539, 0.4598, -0.0153
11:04:49, 7.53, 226, 54.92, 6.28, 1.29, 0.8862, 0.0538, 0.4599, -0.0153
11:04:49, 7.53, 226, 54.97, 6.26, 1.30, 0.8861, 0.0536, 0.4602, -0.0151
11:04:49, 7.57, 227, 54.99, 6.27, 1.29, 0.8860, 0.0537, 0.4604, -0.0153
11:04:49, 7.57, 227, 55.02, 6.28, 1.29, 0.8858, 0.0538, 0.4606, -0.0153
11:04:49, 7.60, 228, 55.06, 6.31, 1.31, 0.8857, 0.0541, 0.4609, -0.0153
11:04:49, 7.60, 228, 55.07, 6.34, 1.29, 0.8856, 0.0542, 0.4610, -0.0156
11:04:49, 7.60, 228, 55.10, 6.41, 1.27, 0.8854, 0.0547, 0.4612, -0.0160
11:04:49, 7.63, 229, 55.13, 6.52, 1.28, 0.8853, 0.0556, 0.4614, -0.0164
11:04:49, 7.63, 229, 55.16, 6.61, 1.27, 0.8851, 0.0562, 0.4616, -0.0169
11:04:49, 7.67, 230, 55.20, 6.71, 1.25, 0.8849, 0.0569, 0.4619, -0.0174
11:04:49, 7.67, 230, 55.27, 6.83, 1.26, 0.8846, 0.0579, 0.4624, -0.0179
11:04:49, 7.70, 231, 55.31, 6.95, 1.23, 0.8844, 0.0587, 0.4627, -0.0187
11:04:49, 7.70, 231, 55.39, 7.07, 1.23, 0.8840, 0.0596, 0.4633, -0.0191
11:04:49, 7.70, 231, 55.49, 7.18, 1.24, 0.8836, 0.0604, 0.4640, -0.0196
11:04:49, 7.73, 232, 55.59, 7.29, 1.26, 0.8831, 0.0614, 0.4647, -0.0200
11:04:49, 7.73, 232, 55.69, 7.38, 1.26, 0.8826, 0.0621, 0.4655, -0.0203
11:04:49, 7.77, 233, 55.81, 7.44, 1.26, 0.8821, 0.0625, 0.4664, -0.0207
11:04:49, 7.77, 233, 55.97, 7.48, 1.27, 0.8815, 0.0628, 0.4676, -0.0208
11:04:49, 7.77, 233, 56.12, 7.48, 1.28, 0.8809, 0.0628, 0.4687, -0.0209
11:04:49, 7.80, 234, 56.25, 7.46, 1.29, 0.8804, 0.0627, 0.4697, -0.0207
11:04:50, 7.80, 234, 56.41, 7.43, 1.28, 0.8797, 0.0623, 0.4710, -0.0208
11:04:50, 7.83, 235, 56.57, 7.39, 1.24, 0.8790, 0.0619, 0.4722, -0.0210
11:04:50, 7.83, 235, 56.75, 7.36, 1.19, 0.8783, 0.0614, 0.4737, -0.0214
11:04:50, 7.87, 236, 56.93, 7.31, 1.15, 0.8776, 0.0608, 0.4750, -0.0215
11:04:50, 7.87, 236, 57.11, 7.22, 1.13, 0.8769, 0.0600, 0.4765, -0.0214
11:04:50, 7.87, 236, 57.30, 7.17, 1.12, 0.8761, 0.0596, 0.4779, -0.0214
11:04:50, 7.90, 237, 57.50, 7.09, 1.09, 0.8753, 0.0588, 0.4795, -0.0214
11:04:50, 7.90, 237, 57.69, 7.04, 1.06, 0.8745, 0.0582, 0.4810, -0.0215
11:04:50, 7.93, 238, 57.91, 6.98, 1.00, 0.8736, 0.0575, 0.4828, -0.0219
11:04:50, 7.93, 238, 58.14, 6.96, 0.94, 0.8726, 0.0570, 0.4845, -0.0223
11:04:50, 7.93, 238, 58.39, 6.95, 0.88, 0.8716, 0.0566, 0.4865, -0.0229
11:04:50, 7.97, 239, 58.65, 6.92, 0.84, 0.8705, 0.0562, 0.4884, -0.0232
11:04:50, 7.97, 239, 58.92, 6.92, 0.77, 0.8693, 0.0559, 0.4905, -0.0238
11:04:50, 8.00, 240, 59.20, 6.92, 0.72, 0.8681, 0.0556, 0.4927, -0.0243
11:04:50, 8.00, 240, 59.47, 6.94, 0.65, 0.8669, 0.0554, 0.4948, -0.0251
11:04:50, 8.03, 241, 59.79, 6.95, 0.61, 0.8655, 0.0552, 0.4972, -0.0256
11:04:50, 8.03, 241, 60.10, 6.95, 0.52, 0.8641, 0.0547, 0.4996, -0.0265
11:04:50, 8.03, 241, 60.43, 6.99, 0.47, 0.8627, 0.0547, 0.5021, -0.0271
11:04:50, 8.07, 242, 60.78, 7.03, 0.39, 0.8611, 0.0546, 0.5047, -0.0281
11:04:50, 8.07, 242, 61.13, 7.02, 0.37, 0.8595, 0.0543, 0.5074, -0.0283
11:04:50, 8.10, 243, 61.48, 7.04, 0.41, 0.8580, 0.0546, 0.5100, -0.0283
11:04:50, 8.10, 243, 61.87, 7.03, 0.37, 0.8562, 0.0543, 0.5129, -0.0288
11:04:50, 8.10, 243, 62.24, 7.04, 0.34, 0.8545, 0.0541, 0.5157, -0.0292
11:04:50, 8.13, 244, 62.63, 7.09, 0.28, 0.8528, 0.0541, 0.5186, -0.0300
11:04:50, 8.13, 244, 63.03, 7.08, 0.30, 0.8509, 0.0540, 0.5216, -0.0301
11:04:50, 8.17, 245, 63.45, 7.06, 0.22, 0.8490, 0.0534, 0.5248, -0.0308
11:04:50, 8.17, 245, 63.85, 7.13, 0.24, 0.8472, 0.0539, 0.5276, -0.0311
11:04:50, 8.20, 246, 64.26, 7.11, 0.23, 0.8453, 0.0535, 0.5307, -0.0313
11:04:50, 8.20, 246, 64.67, 7.09, 0.22, 0.8434, 0.0533, 0.5337, -0.0315
11:04:50, 8.20, 246, 65.09, 7.00, 0.23, 0.8415, 0.0525, 0.5369, -0.0311
11:04:50, 8.23, 247, 65.53, 7.02, 0.23, 0.8394, 0.0525, 0.5400, -0.0315
11:04:50, 8.23, 247, 65.95, 6.93, 0.19, 0.8374, 0.0516, 0.5432, -0.0315
11:04:50, 8.27, 248, 66.37, 6.88, 0.20, 0.8354, 0.0512, 0.5463, -0.0314
11:04:50, 8.27, 248, 66.80, 6.80, 0.20, 0.8334, 0.0505, 0.5495, -0.0312
11:04:50, 8.27, 248, 67.24, 6.77, 0.19, 0.8313, 0.0501, 0.5526, -0.0313
11:04:50, 8.30, 249, 67.74, 6.72, 0.18, 0.8290, 0.0495, 0.5562, -0.0314
11:04:50, 8.30, 249, 68.17, 6.63, 0.23, 0.8269, 0.0490, 0.5594, -0.0308
11:04:50, 8.33, 250, 68.64, 6.62, 0.18, 0.8246, 0.0486, 0.5628, -0.0312
11:04:50, 8.33, 250, 69.05, 6.55, 0.22, 0.8226, 0.0482, 0.5658, -0.0308
11:04:50, 8.37, 251, 69.56, 6.52, 0.21, 0.8201, 0.0478, 0.5694, -0.0309
11:04:50, 8.37, 251, 70.02, 6.40, 0.19, 0.8178, 0.0467, 0.5727, -0.0307
11:04:50, 8.37, 251, 70.50, 6.36, 0.25, 0.8154, 0.0466, 0.5762, -0.0303
11:04:50, 8.40, 252, 70.98, 6.29, 0.22, 0.8131, 0.0457, 0.5796, -0.0303
11:04:50, 8.40, 252, 71.47, 6.22, 0.26, 0.8106, 0.0454, 0.5830, -0.0299
11:04:50, 8.43, 253, 71.93, 6.16, 0.26, 0.8083, 0.0448, 0.5863, -0.0297
11:04:50, 8.43, 253, 72.39, 6.16, 0.28, 0.8059, 0.0448, 0.5896, -0.0298
11:04:50, 8.43, 253, 72.86, 6.10, 0.26, 0.8035, 0.0441, 0.5929, -0.0298
11:04:50, 8.47, 254, 73.36, 6.10, 0.22, 0.8009, 0.0439, 0.5964, -0.0302
11:04:50, 8.47, 254, 73.77, 6.03, 0.27, 0.7988, 0.0435, 0.5993, -0.0297
11:04:50, 8.50, 255, 74.26, 5.94, 0.31, 0.7963, 0.0430, 0.6027, -0.0292
11:04:50, 8.50, 255, 74.77, 5.90, 0.29, 0.7936, 0.0425, 0.6063, -0.0292
11:04:50, 8.53, 256, 75.20, 5.85, 0.26, 0.7913, 0.0418, 0.6093, -0.0293
11:04:50, 8.53, 256, 75.66, 5.76, 0.28, 0.7889, 0.0412, 0.6124, -0.0289
11:04:50, 8.53, 256, 76.14, 5.70, 0.27, 0.7863, 0.0406, 0.6158, -0.0288
11:04:50, 8.57, 257, 76.60, 5.62, 0.27, 0.7839, 0.0399, 0.6190, -0.0285
11:04:50, 8.57, 257, 77.06, 5.48, 0.27, 0.7814, 0.0389, 0.6221, -0.0279
11:04:50, 8.60, 258, 77.53, 5.43, 0.28, 0.7789, 0.0385, 0.6253, -0.0277
11:04:50, 8.60, 258, 77.93, 5.34, 0.24, 0.7768, 0.0375, 0.6281, -0.0277
11:04:50, 8.60, 258, 78.41, 5.28, 0.24, 0.7741, 0.0370, 0.6313, -0.0275
11:04:50, 8.63, 259, 78.83, 5.22, 0.27, 0.7719, 0.0366, 0.6342, -0.0271
11:04:50, 8.63, 259, 79.21, 5.11, 0.20, 0.7698, 0.0355, 0.6368, -0.0270
11:04:50, 8.67, 260, 79.59, 5.02, 0.22, 0.7677, 0.0349, 0.6393, -0.0266
11:04:50, 8.67, 260, 79.97, 4.95, 0.26, 0.7655, 0.0345, 0.6419, -0.0260
11:04:50, 8.70, 261, 80.31, 4.87, 0.22, 0.7636, 0.0337, 0.6442, -0.0259
11:04:50, 8.70, 261, 80.67, 4.71, 0.23, 0.7617, 0.0326, 0.6467, -0.0251
11:04:50, 8.70, 261, 80.98, 4.62, 0.16, 0.7599, 0.0315, 0.6488, -0.0251
11:04:50, 8.73, 262, 81.26, 4.47, 0.15, 0.7584, 0.0305, 0.6506, -0.0245
11:04:50, 8.73, 262, 81.56, 4.36, 0.19, 0.7567, 0.0299, 0.6526, -0.0236
11:04:50, 8.77, 263, 81.85, 4.25, 0.20, 0.7551, 0.0292, 0.6546, -0.0230
11:04:50, 8.77, 263, 82.11, 4.10, 0.24, 0.7537, 0.0283, 0.6563, -0.0219
11:04:50, 8.77, 263, 82.38, 3.94, 0.30, 0.7521, 0.0276, 0.6581, -0.0207
11:04:50, 8.80, 264, 82.69, 3.81, 0.36, 0.7504, 0.0270, 0.6601, -0.0196
11:04:51, 8.80, 264, 82.95, 3.64, 0.41, 0.7489, 0.0262, 0.6619, -0.0183
11:04:51, 8.83, 265, 83.21, 3.49, 0.48, 0.7475, 0.0255, 0.6636, -0.0170
11:04:51, 8.83, 265, 83.50, 3.32, 0.51, 0.7458, 0.0246, 0.6655, -0.0159
11:04:51, 8.87, 266, 83.79, 3.14, 0.60, 0.7442, 0.0239, 0.6674, -0.0144
11:04:51, 8.87, 266, 84.04, 3.04, 0.66, 0.7428, 0.0236, 0.6690, -0.0135
11:04:51, 8.87, 266, 84.36, 2.96, 0.71, 0.7409, 0.0233, 0.6711, -0.0128
11:04:51, 8.90, 267, 84.67, 2.86, 0.78, 0.7391, 0.0230, 0.6731, -0.0118
11:04:51, 8.90, 267, 84.94, 2.76, 0.89, 0.7375, 0.0230, 0.6748, -0.0105
11:04:51, 8.93, 268, 85.24, 2.67, 1.00, 0.7357, 0.0231, 0.6768, -0.0093
11:04:51, 8.93, 268, 85.57, 2.56, 1.11, 0.7339, 0.0230, 0.6789, -0.0081
11:04:51, 8.93, 268, 85.88, 2.56, 1.15, 0.7320, 0.0232, 0.6809, -0.0079
11:04:51, 8.97, 269, 86.22, 2.61, 1.20, 0.7300, 0.0238, 0.6830, -0.0080
11:04:51, 8.97, 269, 86.59, 2.80, 1.21, 0.7278, 0.0250, 0.6853, -0.0090
11:04:51, 9.00, 270, 86.92, 2.99, 1.23, 0.7258, 0.0263, 0.6874, -0.0102
11:04:51, 9.00, 270, 87.28, 3.17, 1.30, 0.7236, 0.0278, 0.6896, -0.0109
11:04:51, 9.03, 271, 87.64, 3.40, 1.35, 0.7214, 0.0296, 0.6918, -0.0120
11:04:51, 9.03, 271, 88.00, 3.57, 1.38, 0.7192, 0.0308, 0.6940, -0.0129
11:04:51, 9.03, 271, 88.39, 3.80, 1.43, 0.7168, 0.0325, 0.6964, -0.0142
11:04:51, 9.07, 272, 88.77, 4.01, 1.44, 0.7145, 0.0338, 0.6986, -0.0155
11:04:51, 9.07, 272, 89.17, 4.23, 1.50, 0.7120, 0.0355, 0.7011, -0.0166
11:04:51, 9.10, 273, 89.63, 4.47, 1.44, 0.7091, 0.0365, 0.7039, -0.0185
11:04:51, 9.10, 273, 90.02, 4.65, 1.45, 0.7067, 0.0376, 0.7063, -0.0197
11:04:51, 9.10, 273, 90.50, 4.83, 1.39, 0.7037, 0.0382, 0.7092, -0.0214
11:04:51, 9.13, 274, 90.91, 4.96, 1.30, 0.7011, 0.0384, 0.7116, -0.0229
11:04:51, 9.13, 274, 91.41, 5.04, 1.28, 0.6980, 0.0387, 0.7147, -0.0237
11:04:51, 9.17, 275, 91.82, 5.13, 1.19, 0.6954, 0.0386, 0.7171, -0.0249
11:04:51, 9.17, 275, 92.32, 5.19, 1.14, 0.6923, 0.0385, 0.7202, -0.0257
11:04:51, 9.20, 276, 92.79, 5.23, 1.04, 0.6893, 0.0380, 0.7230, -0.0267
11:04:51, 9.20, 276, 93.32, 5.19, 0.96, 0.6858, 0.0372, 0.7263, -0.0272
11:04:51, 9.20, 276, 93.83, 5.18, 0.85, 0.6826, 0.0363, 0.7293, -0.0280
11:04:51, 9.23, 277, 94.27, 5.10, 0.77, 0.6798, 0.0352, 0.7320, -0.0281
11:04:51, 9.23, 277, 94.79, 4.96, 0.67, 0.6765, 0.0336, 0.7352, -0.0279
11:04:51, 9.27, 278, 95.30, 4.81, 0.55, 0.6732, 0.0318, 0.7383, -0.0278
11:04:51, 9.27, 278, 95.79, 4.63, 0.48, 0.6701, 0.0302, 0.7412, -0.0272
11:04:51, 9.27, 278, 96.31, 4.50, 0.44, 0.6667, 0.0290, 0.7443, -0.0267
11:04:51, 9.30, 279, 96.80, 4.27, 0.35, 0.6636, 0.0270, 0.7472, -0.0259
11:04:51, 9.30, 279, 97.30, 4.10, 0.28, 0.6603, 0.0255, 0.7501, -0.0252
11:04:51, 9.33, 280, 97.79, 3.94, 0.25, 0.6571, 0.0242, 0.7530, -0.0245
11:04:51, 9.33, 280, 98.24, 3.78, 0.14, 0.6541, 0.0225, 0.7557, -0.0242
11:04:51, 9.37, 281, 98.74, 3.62, 0.08, 0.6509, 0.0211, 0.7585, -0.0235
11:04:51, 9.37, 281, 99.22, 3.47, 0.01, 0.6477, 0.0197, 0.7613, -0.0230
11:04:51, 9.37, 281, 99.70, 3.32, 0.02, 0.6445, 0.0188, 0.7640, -0.0220
11:04:51, 9.40, 282, 100.12, 3.19, 0.00, 0.6417, 0.0179, 0.7664, -0.0213
11:04:51, 9.40, 282, 100.56, 3.03, 359.98, 0.6388, 0.0168, 0.7689, -0.0205
11:04:51, 9.43, 283, 101.00, 2.91, 359.99, 0.6359, 0.0161, 0.7714, -0.0196
11:04:51, 9.43, 283, 101.40, 2.80, 359.96, 0.6332, 0.0152, 0.7736, -0.0191
11:04:51, 9.43, 283, 101.77, 2.70, 359.98, 0.6307, 0.0147, 0.7757, -0.0184
11:04:51, 9.47, 284, 102.11, 2.61, 0.01, 0.6284, 0.0144, 0.7775, -0.0177
11:04:51, 9.47, 284, 102.44, 2.57, 359.98, 0.6262, 0.0139, 0.7793, -0.0176
11:04:51, 9.50, 285, 102.72, 2.50, 0.00, 0.6243, 0.0136, 0.7809, -0.0170
11:04:51, 9.50, 285, 103.04, 2.46, 0.06, 0.6221, 0.0138, 0.7826, -0.0165
11:04:51, 9.53, 286, 103.38, 2.42, 0.07, 0.6198, 0.0135, 0.7845, -0.0162
11:04:51, 9.53, 286, 103.64, 2.41, 0.14, 0.6180, 0.0140, 0.7859, -0.0158
11:04:51, 9.53, 286, 103.90, 2.41, 0.19, 0.6163, 0.0142, 0.7873, -0.0156
11:04:51, 9.57, 287, 104.15, 2.42, 0.26, 0.6145, 0.0148, 0.7886, -0.0153
11:04:51, 9.57, 287, 104.40, 2.42, 0.35, 0.6128, 0.0154, 0.7899, -0.0148
11:04:51, 9.60, 288, 104.65, 2.42, 0.42, 0.6111, 0.0158, 0.7912, -0.0145
11:04:51, 9.60, 288, 104.92, 2.43, 0.47, 0.6092, 0.0162, 0.7927, -0.0143
11:04:51, 9.60, 288, 105.21, 2.44, 0.52, 0.6072, 0.0165, 0.7942, -0.0142
11:04:51, 9.63, 289, 105.49, 2.49, 0.58, 0.6053, 0.0172, 0.7957, -0.0142
11:04:51, 9.63, 289, 105.77, 2.53, 0.67, 0.6033, 0.0180, 0.7972, -0.0141
11:04:51, 9.67, 290, 106.03, 2.59, 0.78, 0.6016, 0.0190, 0.7985, -0.0140
11:04:51, 9.67, 290, 106.31, 2.62, 0.85, 0.5996, 0.0196, 0.7999, -0.0139
11:04:51, 9.70, 291, 106.54, 2.68, 0.93, 0.5980, 0.0205, 0.8011, -0.0139
11:04:51, 9.70, 291, 106.80, 2.71, 1.00, 0.5962, 0.0211, 0.8024, -0.0138
11:04:51, 9.70, 291, 107.07, 2.75, 1.05, 0.5943, 0.0216, 0.8038, -0.0139
11:04:51, 9.73, 292, 107.33, 2.80, 1.05, 0.5925, 0.0218, 0.8051, -0.0142
11:04:51, 9.73, 292, 107.61, 2.86, 1.09, 0.5905, 0.0224, 0.8066, -0.0145
11:04:51, 9.77, 293, 107.88, 2.90, 1.10, 0.5886, 0.0227, 0.8079, -0.0148
11:04:51, 9.77, 293, 108.14, 2.91, 1.11, 0.5868, 0.0227, 0.8093, -0.0149
11:04:51, 9.77, 293, 108.43, 2.95, 1.06, 0.5847, 0.0226, 0.8108, -0.0155
11:04:51, 9.80, 294, 108.72, 2.97, 1.02, 0.5827, 0.0223, 0.8123, -0.0159
11:04:52, 9.80, 294, 109.03, 2.99, 0.98, 0.5804, 0.0221, 0.8138, -0.0163
11:04:52, 9.83, 295, 109.36, 3.01, 0.93, 0.5781, 0.0218, 0.8155, -0.0167
11:04:52, 9.83, 295, 109.75, 3.00, 0.88, 0.5753, 0.0213, 0.8175, -0.0170
11:04:52, 9.87, 296, 110.14, 2.99, 0.79, 0.5725, 0.0206, 0.8194, -0.0174
11:04:52, 9.87, 296, 110.59, 3.00, 0.75, 0.5693, 0.0203, 0.8217, -0.0178
11:04:52, 9.87, 296, 111.04, 2.96, 0.68, 0.5661, 0.0195, 0.8239, -0.0179
11:04:52, 9.90, 297, 111.53, 2.85, 0.65, 0.5625, 0.0187, 0.8264, -0.0173
11:04:52, 9.90, 297, 112.09, 2.80, 0.63, 0.5585, 0.0182, 0.8291, -0.0172
11:04:52, 9.93, 298, 112.65, 2.73, 0.61, 0.5544, 0.0176, 0.8319, -0.0168
11:04:52, 9.93, 298, 113.22, 2.64, 0.55, 0.5503, 0.0167, 0.8347, -0.0166
11:04:52, 9.93, 298, 113.91, 2.51, 0.56, 0.5453, 0.0161, 0.8380, -0.0157
11:04:52, 9.97, 299, 114.59, 2.39, 0.53, 0.5403, 0.0152, 0.8412, -0.0150
11:04:52, 9.97, 299, 115.33, 2.29, 0.59, 0.5348, 0.0150, 0.8447, -0.0141
