Timestamp, VideoTime, VideoFrame, HeadYaw, HeadPitch, HeadRoll, HeadQuatW, HeadQuatX, HeadQuatY, HeadQuatZ
11:10:43, 0.00, 0, 356.55, 359.86, 0.69, 0.9995, -0.0014, -0.0301, 0.0060
11:10:43, 0.03, 1, 356.54, 359.86, 0.69, 0.9995, -0.0014, -0.0302, 0.0059
11:10:43, 0.03, 1, 356.53, 359.85, 0.68, 0.9995, -0.0015, -0.0303, 0.0059
11:10:43, 0.03, 1, 356.52, 359.85, 0.71, 0.9995, -0.0015, -0.0304, 0.0062
11:10:43, 0.07, 2, 356.52, 359.82, 0.73, 0.9995, -0.0018, -0.0304, 0.0063
11:10:43, 0.07, 2, 356.50, 359.81, 0.72, 0.9995, -0.0019, -0.0305, 0.0062
11:10:43, 0.10, 3, 356.50, 359.79, 0.71, 0.9995, -0.0020, -0.0305, 0.0062
11:10:43, 0.10, 3, 356.49, 359.79, 0.70, 0.9995, -0.0020, -0.0306, 0.0060
11:10:43, 0.10, 3, 356.49, 359.79, 0.70, 0.9995, -0.0021, -0.0306, 0.0061
11:10:43, 0.13, 4, 356.49, 359.79, 0.71, 0.9995, -0.0020, -0.0307, 0.0061
11:10:43, 0.13, 4, 356.48, 359.80, 0.73, 0.9995, -0.0019, -0.0307, 0.0063
11:10:43, 0.17, 5, 356.47, 359.81, 0.74, 0.9995, -0.0018, -0.0308, 0.0064
11:10:43, 0.17, 5, 356.46, 359.82, 0.75, 0.9995, -0.0018, -0.0309, 0.0065
11:10:43, 0.17, 5, 356.44, 359.83, 0.75, 0.9995, -0.0017, -0.0311, 0.0065
11:10:43, 0.20, 6, 356.42, 359.83, 0.76, 0.9995, -0.0017, -0.0313, 0.0066
11:10:43, 0.20, 6, 356.39, 359.83, 0.78, 0.9995, -0.0017, -0.0314, 0.0067
11:10:43, 0.23, 7, 356.37, 359.84, 0.76, 0.9995, -0.0016, -0.0317, 0.0066
11:10:43, 0.23, 7, 356.35, 359.85, 0.75, 0.9995, -0.0015, -0.0318, 0.0065
11:10:43, 0.27, 8, 356.32, 359.85, 0.78, 0.9995, -0.0016, -0.0321, 0.0068
11:10:43, 0.27, 8, 356.30, 359.85, 0.77, 0.9995, -0.0015, -0.0323, 0.0067
11:10:43, 0.27, 8, 356.26, 359.85, 0.77, 0.9994, -0.0015, -0.0326, 0.0067
11:10:43, 0.30, 9, 356.23, 359.84, 0.78, 0.9994, -0.0016, -0.0329, 0.0067
11:10:43, 0.30, 9, 356.19, 359.84, 0.80, 0.9994, -0.0016, -0.0332, 0.0069
11:10:43, 0.33, 10, 356.15, 359.83, 0.77, 0.9994, -0.0018, -0.0336, 0.0067
11:10:43, 0.33, 10, 356.11, 359.84, 0.78, 0.9994, -0.0016, -0.0340, 0.0067
11:10:43, 0.33, 10, 356.04, 359.81, 0.77, 0.9994, -0.0019, -0.0345, 0.0067
11:10:43, 0.37, 11, 355.96, 359.82, 0.77, 0.9994, -0.0018, -0.0353, 0.0067
11:10:43, 0.37, 11, 355.93, 359.83, 0.77, 0.9993, -0.0018, -0.0355, 0.0066
11:10:43, 0.40, 12, 355.85, 359.82, 0.75, 0.9993, -0.0018, -0.0362, 0.0065
11:10:43, 0.40, 12, 355.83, 359.82, 0.76, 0.9993, -0.0018, -0.0364, 0.0066
11:10:43, 0.43, 13, 355.77, 359.83, 0.77, 0.9993, -0.0018, -0.0369, 0.0067
11:10:43, 0.43, 13, 355.73, 359.81, 0.79, 0.9993, -0.0019, -0.0372, 0.0068
11:10:43, 0.43, 13, 355.73, 359.79, 0.78, 0.9993, -0.0021, -0.0373, 0.0068
11:10:43, 0.47, 14, 355.70, 359.76, 0.79, 0.9993, -0.0023, -0.0375, 0.0068
11:10:43, 0.47, 14, 355.68, 359.75, 0.78, 0.9993, -0.0025, -0.0377, 0.0067
11:10:43, 0.50, 15, 355.67, 359.72, 0.76, 0.9993, -0.0027, -0.0378, 0.0065
11:10:43, 0.50, 15, 355.66, 359.66, 0.78, 0.9993, -0.0032, -0.0378, 0.0067
11:10:43, 0.50, 15, 355.66, 359.65, 0.81, 0.9993, -0.0033, -0.0378, 0.0069
11:10:43, 0.53, 16, 355.68, 359.65, 0.78, 0.9993, -0.0033, -0.0377, 0.0067
11:10:43, 0.53, 16, 355.68, 359.64, 0.78, 0.9993, -0.0034, -0.0377, 0.0067
11:10:43, 0.57, 17, 355.70, 359.64, 0.78, 0.9993, -0.0034, -0.0375, 0.0067
11:10:43, 0.57, 17, 355.71, 359.62, 0.79, 0.9993, -0.0035, -0.0374, 0.0068
11:10:43, 0.60, 18, 355.72, 359.60, 0.80, 0.9993, -0.0037, -0.0373, 0.0069
11:10:43, 0.60, 18, 355.72, 359.57, 0.84, 0.9993, -0.0041, -0.0373, 0.0072
11:10:43, 0.60, 18, 355.73, 359.53, 0.84, 0.9993, -0.0044, -0.0373, 0.0071
11:10:43, 0.63, 19, 355.75, 359.51, 0.83, 0.9993, -0.0045, -0.0371, 0.0071
11:10:43, 0.63, 19, 355.75, 359.46, 0.84, 0.9993, -0.0050, -0.0370, 0.0071
11:10:43, 0.67, 20, 355.76, 359.42, 0.83, 0.9993, -0.0054, -0.0370, 0.0071
11:10:43, 0.67, 20, 355.77, 359.37, 0.83, 0.9993, -0.0057, -0.0368, 0.0070
11:10:43, 0.67, 20, 355.77, 359.34, 0.83, 0.9993, -0.0060, -0.0369, 0.0070
11:10:44, 0.70, 21, 355.79, 359.30, 0.81, 0.9993, -0.0063, -0.0367, 0.0068
11:10:44, 0.70, 21, 355.81, 359.24, 0.79, 0.9993, -0.0068, -0.0365, 0.0066
11:10:44, 0.73, 22, 355.83, 359.22, 0.77, 0.9993, -0.0070, -0.0364, 0.0064
11:10:44, 0.73, 22, 355.85, 359.18, 0.77, 0.9993, -0.0074, -0.0362, 0.0065
11:10:44, 0.77, 23, 355.87, 359.15, 0.74, 0.9993, -0.0077, -0.0360, 0.0062
11:10:44, 0.77, 23, 355.86, 359.11, 0.73, 0.9993, -0.0080, -0.0360, 0.0061
11:10:44, 0.77, 23, 355.86, 359.06, 0.75, 0.9993, -0.0084, -0.0361, 0.0063
11:10:44, 0.80, 24, 355.84, 359.00, 0.73, 0.9993, -0.0089, -0.0362, 0.0060
11:10:44, 0.80, 24, 355.86, 359.00, 0.71, 0.9993, -0.0090, -0.0360, 0.0059
11:10:44, 0.83, 25, 355.87, 358.98, 0.69, 0.9993, -0.0091, -0.0360, 0.0057
11:10:44, 0.83, 25, 355.86, 358.97, 0.67, 0.9993, -0.0092, -0.0361, 0.0055
11:10:44, 0.87, 26, 355.82, 358.98, 0.66, 0.9993, -0.0091, -0.0364, 0.0054
11:10:44, 0.87, 26, 355.76, 358.99, 0.64, 0.9993, -0.0090, -0.0369, 0.0053
11:10:44, 0.87, 26, 355.68, 358.99, 0.63, 0.9992, -0.0090, -0.0376, 0.0051
11:10:44, 0.90, 27, 355.57, 359.00, 0.57, 0.9992, -0.0089, -0.0386, 0.0046
11:10:44, 0.90, 27, 355.43, 358.99, 0.53, 0.9992, -0.0090, -0.0398, 0.0043
11:10:44, 0.93, 28, 355.17, 358.95, 0.47, 0.9991, -0.0093, -0.0421, 0.0037
11:10:44, 0.93, 28, 354.75, 358.87, 0.44, 0.9989, -0.0100, -0.0457, 0.0034
11:10:44, 0.93, 28, 354.25, 358.80, 0.43, 0.9987, -0.0107, -0.0502, 0.0032
11:10:44, 0.97, 29, 353.60, 358.72, 0.38, 0.9984, -0.0114, -0.0558, 0.0027
11:10:44, 0.97, 29, 352.89, 358.60, 0.27, 0.9980, -0.0123, -0.0619, 0.0016
11:10:44, 1.00, 30, 352.14, 358.50, 0.21, 0.9976, -0.0132, -0.0685, 0.0009
11:10:44, 1.00, 30, 351.29, 358.40, 0.08, 0.9970, -0.0140, -0.0759, -0.0003
11:10:44, 1.03, 31, 350.41, 358.27, 0.02, 0.9964, -0.0151, -0.0836, -0.0011
11:10:44, 1.03, 31, 349.51, 358.18, 359.88, 0.9957, -0.0157, -0.0914, -0.0025
11:10:44, 1.03, 31, 348.62, 358.10, 359.76, 0.9949, -0.0163, -0.0992, -0.0037
11:10:44, 1.07, 32, 347.70, 357.94, 359.60, 0.9941, -0.0175, -0.1072, -0.0054
11:10:44, 1.07, 32, 346.77, 357.83, 359.48, 0.9931, -0.0183, -0.1153, -0.0067
11:10:44, 1.10, 33, 345.88, 357.68, 359.41, 0.9922, -0.0195, -0.1229, -0.0076
11:10:44, 1.10, 33, 345.03, 357.57, 359.30, 0.9912, -0.0202, -0.1303, -0.0088
11:10:44, 1.10, 33, 344.19, 357.42, 359.27, 0.9902, -0.0215, -0.1376, -0.0094
11:10:44, 1.13, 34, 343.36, 357.31, 359.21, 0.9892, -0.0222, -0.1448, -0.0102
11:10:44, 1.13, 34, 342.62, 357.26, 359.19, 0.9882, -0.0226, -0.1512, -0.0106
11:10:44, 1.17, 35, 341.91, 357.16, 359.21, 0.9872, -0.0234, -0.1574, -0.0107
11:10:44, 1.17, 35, 341.24, 357.06, 359.21, 0.9863, -0.0242, -0.1631, -0.0110
11:10:44, 1.20, 36, 340.59, 357.00, 359.22, 0.9853, -0.0247, -0.1687, -0.0111
11:10:44, 1.20, 36, 339.97, 357.00, 359.28, 0.9844, -0.0247, -0.1740, -0.0108
11:10:44, 1.20, 36, 339.43, 356.95, 359.31, 0.9835, -0.0251, -0.1787, -0.0107
11:10:44, 1.23, 37, 338.94, 356.92, 359.39, 0.9828, -0.0254, -0.1828, -0.0101
11:10:44, 1.23, 37, 338.51, 356.86, 359.44, 0.9821, -0.0260, -0.1865, -0.0099
11:10:44, 1.27, 38, 338.08, 356.79, 359.52, 0.9813, -0.0267, -0.1902, -0.0095
11:10:44, 1.27, 38, 337.73, 356.71, 359.60, 0.9807, -0.0275, -0.1931, -0.0090
11:10:44, 1.27, 38, 337.46, 356.63, 359.68, 0.9803, -0.0283, -0.1954, -0.0085
11:10:44, 1.30, 39, 337.14, 356.57, 359.73, 0.9797, -0.0289, -0.1981, -0.0082
11:10:44, 1.30, 39, 336.90, 356.55, 359.84, 0.9793, -0.0292, -0.2002, -0.0074
11:10:44, 1.33, 40, 336.70, 356.47, 359.86, 0.9789, -0.0299, -0.2019, -0.0074
11:10:44, 1.33, 40, 336.52, 356.43, 359.97, 0.9786, -0.0304, -0.2033, -0.0066
11:10:44, 1.37, 41, 336.34, 356.39, 0.11, 0.9783, -0.0310, -0.2049, -0.0055
11:10:44, 1.37, 41, 336.18, 356.32, 0.23, 0.9780, -0.0319, -0.2062, -0.0047
11:10:44, 1.37, 41, 336.08, 356.26, 0.32, 0.9778, -0.0325, -0.2070, -0.0040
11:10:44, 1.40, 42, 335.99, 356.20, 0.44, 0.9776, -0.0332, -0.2078, -0.0031
11:10:44, 1.40, 42, 335.90, 356.10, 0.53, 0.9774, -0.0343, -0.2085, -0.0026
11:10:44, 1.43, 43, 335.81, 356.00, 0.62, 0.9772, -0.0353, -0.2092, -0.0021
11:10:44, 1.43, 43, 335.73, 355.90, 0.70, 0.9770, -0.0363, -0.2099, -0.0016
11:10:44, 1.43, 43, 335.65, 355.79, 0.77, 0.9769, -0.0373, -0.2105, -0.0012
11:10:44, 1.47, 44, 335.59, 355.68, 0.84, 0.9767, -0.0384, -0.2110, -0.0008
11:10:44, 1.47, 44, 335.50, 355.58, 0.90, 0.9765, -0.0393, -0.2117, -0.0005
11:10:44, 1.50, 45, 335.42, 355.50, 0.95, 0.9764, -0.0402, -0.2124, -0.0003
11:10:44, 1.50, 45, 335.30, 355.43, 0.98, 0.9761, -0.0408, -0.2134, -0.0002
11:10:44, 1.53, 46, 335.17, 355.32, 1.02, 0.9758, -0.0418, -0.2145, -0.0001
11:10:44, 1.53, 46, 335.04, 355.22, 1.10, 0.9756, -0.0428, -0.2155, 0.0003
11:10:44, 1.53, 46, 334.89, 355.11, 1.13, 0.9752, -0.0438, -0.2168, 0.0003
11:10:44, 1.57, 47, 334.74, 355.02, 1.15, 0.9749, -0.0446, -0.2180, 0.0003
11:10:44, 1.57, 47, 334.58, 354.94, 1.16, 0.9746, -0.0453, -0.2193, 0.0002
11:10:44, 1.60, 48, 334.44, 354.87, 1.16, 0.9743, -0.0459, -0.2205, 0.0000
11:10:44, 1.60, 48, 334.31, 354.86, 1.18, 0.9740, -0.0460, -0.2216, 0.0001
11:10:44, 1.60, 48, 334.19, 354.84, 1.16, 0.9738, -0.0461, -0.2227, -0.0002
11:10:44, 1.63, 49, 334.07, 354.82, 1.15, 0.9736, -0.0463, -0.2237, -0.0004
11:10:44, 1.63, 49, 333.96, 354.82, 1.15, 0.9733, -0.0463, -0.2246, -0.0004
11:10:44, 1.67, 50, 333.84, 354.80, 1.13, 0.9731, -0.0464, -0.2256, -0.0007
11:10:44, 1.67, 50, 333.74, 354.77, 1.09, 0.9729, -0.0466, -0.2265, -0.0011
11:10:45, 1.70, 51, 333.63, 354.76, 1.05, 0.9727, -0.0466, -0.2275, -0.0015
11:10:45, 1.70, 51, 333.53, 354.77, 1.03, 0.9725, -0.0464, -0.2283, -0.0017
11:10:45, 1.70, 51, 333.44, 354.76, 0.97, 0.9723, -0.0464, -0.2291, -0.0023
11:10:45, 1.73, 52, 333.33, 354.76, 0.93, 0.9721, -0.0464, -0.2300, -0.0026
11:10:45, 1.73, 52, 333.25, 354.74, 0.89, 0.9719, -0.0464, -0.2307, -0.0030
11:10:45, 1.77, 53, 333.18, 354.72, 0.84, 0.9718, -0.0465, -0.2313, -0.0035
11:10:45, 1.77, 53, 333.12, 354.71, 0.80, 0.9716, -0.0465, -0.2318, -0.0039
11:10:45, 1.77, 53, 333.03, 354.69, 0.76, 0.9714, -0.0466, -0.2326, -0.0044
11:10:45, 1.80, 54, 332.99, 354.67, 0.73, 0.9713, -0.0467, -0.2330, -0.0047
11:10:45, 1.80, 54, 332.94, 354.67, 0.69, 0.9712, -0.0467, -0.2335, -0.0050
11:10:45, 1.83, 55, 332.86, 354.62, 0.66, 0.9711, -0.0469, -0.2341, -0.0054
11:10:45, 1.83, 55, 332.82, 354.61, 0.61, 0.9710, -0.0470, -0.2345, -0.0059
11:10:45, 1.87, 56, 332.76, 354.57, 0.61, 0.9708, -0.0472, -0.2350, -0.0060
11:10:45, 1.87, 56, 332.72, 354.55, 0.58, 0.9707, -0.0474, -0.2353, -0.0063
11:10:45, 1.87, 56, 332.67, 354.50, 0.58, 0.9706, -0.0478, -0.2357, -0.0064
11:10:45, 1.90, 57, 332.64, 354.47, 0.55, 0.9705, -0.0480, -0.2360, -0.0068
11:10:45, 1.90, 57, 332.59, 354.43, 0.54, 0.9704, -0.0483, -0.2364, -0.0069
11:10:45, 1.93, 58, 332.57, 354.38, 0.53, 0.9704, -0.0487, -0.2366, -0.0071
11:10:45, 1.93, 58, 332.57, 354.33, 0.54, 0.9704, -0.0492, -0.2365, -0.0071
11:10:45, 1.93, 58, 332.61, 354.27, 0.54, 0.9704, -0.0496, -0.2363, -0.0072
11:10:45, 1.97, 59, 332.68, 354.25, 0.56, 0.9705, -0.0499, -0.2356, -0.0071
11:10:45, 1.97, 59, 332.77, 354.22, 0.59, 0.9707, -0.0502, -0.2349, -0.0068
11:10:45, 2.00, 60, 332.90, 354.18, 0.62, 0.9710, -0.0506, -0.2337, -0.0066
11:10:45, 2.00, 60, 333.12, 354.12, 0.67, 0.9714, -0.0513, -0.2319, -0.0063
11:10:45, 2.03, 61, 333.42, 354.06, 0.75, 0.9720, -0.0519, -0.2292, -0.0056
11:10:45, 2.03, 61, 333.78, 354.02, 0.84, 0.9727, -0.0525, -0.2261, -0.0047
11:10:45, 2.03, 61, 334.23, 353.96, 0.91, 0.9735, -0.0531, -0.2223, -0.0041
11:10:45, 2.07, 62, 334.68, 353.91, 0.96, 0.9744, -0.0537, -0.2184, -0.0035
11:10:45, 2.07, 62, 335.18, 353.85, 1.00, 0.9753, -0.0542, -0.2141, -0.0030
11:10:45, 2.10, 63, 335.72, 353.82, 1.01, 0.9763, -0.0546, -0.2095, -0.0027
11:10:45, 2.10, 63, 336.25, 353.81, 1.08, 0.9772, -0.0548, -0.2050, -0.0019
11:10:45, 2.10, 63, 336.82, 353.83, 1.12, 0.9783, -0.0547, -0.2001, -0.0012
11:10:45, 2.13, 64, 337.46, 353.77, 1.16, 0.9793, -0.0552, -0.1946, -0.0007
11:10:45, 2.13, 64, 338.03, 353.72, 1.18, 0.9803, -0.0557, -0.1897, -0.0003
11:10:45, 2.17, 65, 338.65, 353.71, 1.20, 0.9813, -0.0559, -0.1844, 0.0001
11:10:45, 2.17, 65, 339.24, 353.59, 1.21, 0.9821, -0.0569, -0.1793, 0.0003
11:10:45, 2.20, 66, 339.89, 353.51, 1.15, 0.9831, -0.0575, -0.1738, 0.0000
11:10:45, 2.20, 66, 340.52, 353.48, 1.17, 0.9840, -0.0578, -0.1684, 0.0004
11:10:45, 2.20, 66, 341.16, 353.40, 1.09, 0.9849, -0.0583, -0.1628, 0.0000
11:10:45, 2.23, 67, 341.76, 353.28, 1.03, 0.9857, -0.0593, -0.1577, -0.0004
11:10:45, 2.23, 67, 342.33, 353.20, 0.96, 0.9864, -0.0598, -0.1529, -0.0009
11:10:45, 2.27, 68, 342.89, 353.14, 0.87, 0.9871, -0.0603, -0.1480, -0.0014
11:10:45, 2.27, 68, 343.38, 353.05, 0.75, 0.9877, -0.0609, -0.1439, -0.0023
11:10:45, 2.27, 68, 343.87, 352.96, 0.65, 0.9883, -0.0616, -0.1397, -0.0030
11:10:45, 2.30, 69, 344.32, 352.92, 0.50, 0.9888, -0.0617, -0.1359, -0.0041
11:10:45, 2.30, 69, 344.67, 352.87, 0.45, 0.9892, -0.0621, -0.1329, -0.0044
11:10:45, 2.33, 70, 344.96, 352.74, 0.31, 0.9894, -0.0631, -0.1305, -0.0056
11:10:45, 2.33, 70, 345.32, 352.70, 0.14, 0.9898, -0.0633, -0.1275, -0.0069
11:10:45, 2.37, 71, 345.66, 352.64, 0.01, 0.9901, -0.0637, -0.1245, -0.0079
11:10:45, 2.37, 71, 345.90, 352.63, 359.88, 0.9904, -0.0636, -0.1225, -0.0090
11:10:45, 2.37, 71, 346.14, 352.60, 359.73, 0.9906, -0.0638, -0.1206, -0.0102
11:10:45, 2.40, 72, 346.38, 352.54, 359.61, 0.9908, -0.0642, -0.1185, -0.0111
11:10:45, 2.40, 72, 346.62, 352.53, 359.50, 0.9910, -0.0641, -0.1166, -0.0119
11:10:45, 2.43, 73, 346.85, 352.53, 359.35, 0.9913, -0.0640, -0.1146, -0.0131
11:10:45, 2.43, 73, 347.06, 352.49, 359.24, 0.9914, -0.0644, -0.1129, -0.0140
11:10:45, 2.43, 73, 347.27, 352.48, 359.09, 0.9916, -0.0643, -0.1111, -0.0151
11:10:45, 2.47, 74, 347.48, 352.46, 358.98, 0.9918, -0.0644, -0.1094, -0.0160
11:10:45, 2.47, 74, 347.66, 352.46, 358.88, 0.9919, -0.0643, -0.1079, -0.0168
11:10:45, 2.50, 75, 347.85, 352.44, 358.75, 0.9921, -0.0644, -0.1063, -0.0178
11:10:45, 2.50, 75, 348.03, 352.39, 358.65, 0.9922, -0.0647, -0.1048, -0.0186
11:10:45, 2.53, 76, 348.23, 352.37, 358.53, 0.9924, -0.0649, -0.1032, -0.0195
11:10:45, 2.53, 76, 348.40, 352.34, 358.43, 0.9925, -0.0651, -0.1018, -0.0204
11:10:45, 2.53, 76, 348.58, 352.30, 358.35, 0.9926, -0.0654, -0.1002, -0.0209
11:10:45, 2.57, 77, 348.74, 352.29, 358.27, 0.9927, -0.0654, -0.0989, -0.0215
11:10:45, 2.57, 77, 348.88, 352.25, 358.24, 0.9928, -0.0658, -0.0977, -0.0218
11:10:45, 2.60, 78, 349.04, 352.22, 358.18, 0.9929, -0.0660, -0.0963, -0.0223
11:10:45, 2.60, 78, 349.17, 352.19, 358.13, 0.9930, -0.0662, -0.0953, -0.0226
11:10:45, 2.60, 78, 349.31, 352.17, 358.09, 0.9931, -0.0664, -0.0941, -0.0229
11:10:45, 2.63, 79, 349.41, 352.15, 358.05, 0.9931, -0.0666, -0.0932, -0.0232
11:10:45, 2.63, 79, 349.50, 352.12, 358.04, 0.9932, -0.0668, -0.0924, -0.0233
11:10:45, 2.67, 80, 349.60, 352.08, 357.98, 0.9932, -0.0672, -0.0916, -0.0238
11:10:45, 2.67, 80, 349.66, 352.03, 357.97, 0.9933, -0.0677, -0.0911, -0.0238
11:10:46, 2.67, 80, 349.69, 352.00, 357.98, 0.9933, -0.0679, -0.0908, -0.0238
11:10:46, 2.70, 81, 349.71, 351.96, 357.97, 0.9933, -0.0682, -0.0907, -0.0239
11:10:46, 2.70, 81, 349.72, 351.94, 357.98, 0.9933, -0.0684, -0.0906, -0.0238
11:10:46, 2.73, 82, 349.73, 351.91, 358.00, 0.9932, -0.0687, -0.0905, -0.0237
11:10:46, 2.73, 82, 349.71, 351.85, 358.00, 0.9932, -0.0692, -0.0906, -0.0237
11:10:46, 2.77, 83, 349.72, 351.81, 358.01, 0.9932, -0.0695, -0.0906, -0.0236
11:10:46, 2.77, 83, 349.71, 351.76, 358.04, 0.9931, -0.0700, -0.0906, -0.0235
11:10:46, 2.77, 83, 349.71, 351.71, 358.08, 0.9931, -0.0705, -0.0906, -0.0231
11:10:46, 2.80, 84, 349.70, 351.63, 358.10, 0.9931, -0.0712, -0.0907, -0.0230
11:10:46, 2.80, 84, 349.69, 351.61, 358.18, 0.9931, -0.0714, -0.0908, -0.0224
11:10:46, 2.83, 85, 349.72, 351.55, 358.20, 0.9930, -0.0720, -0.0905, -0.0222
11:10:46, 2.83, 85, 349.74, 351.52, 358.22, 0.9930, -0.0723, -0.0903, -0.0221
11:10:46, 2.83, 85, 349.77, 351.51, 358.26, 0.9931, -0.0724, -0.0900, -0.0217
11:10:46, 2.87, 86, 349.78, 351.50, 358.32, 0.9931, -0.0725, -0.0899, -0.0211
11:10:46, 2.87, 86, 349.80, 351.44, 358.39, 0.9931, -0.0730, -0.0897, -0.0206
11:10:46, 2.90, 87, 349.82, 351.39, 358.47, 0.9931, -0.0736, -0.0895, -0.0199
11:10:46, 2.90, 87, 349.81, 351.33, 358.54, 0.9930, -0.0741, -0.0895, -0.0194
11:10:46, 2.93, 88, 349.81, 351.29, 358.58, 0.9930, -0.0745, -0.0895, -0.0191
11:10:46, 2.93, 88, 349.82, 351.25, 358.63, 0.9930, -0.0749, -0.0894, -0.0187
11:10:46, 2.93, 88, 349.82, 351.22, 358.65, 0.9930, -0.0752, -0.0894, -0.0185
11:10:46, 2.97, 89, 349.82, 351.19, 358.70, 0.9930, -0.0755, -0.0894, -0.0180
11:10:46, 2.97, 89, 349.82, 351.18, 358.72, 0.9930, -0.0756, -0.0893, -0.0179
11:10:46, 3.00, 90, 349.82, 351.13, 358.76, 0.9929, -0.0760, -0.0893, -0.0176
11:10:46, 3.00, 90, 349.84, 351.10, 358.78, 0.9929, -0.0764, -0.0891, -0.0174
11:10:46, 3.00, 90, 349.85, 351.05, 358.80, 0.9929, -0.0768, -0.0890, -0.0173
11:10:46, 3.03, 91, 349.87, 351.04, 358.80, 0.9929, -0.0769, -0.0888, -0.0173
11:10:46, 3.03, 91, 349.91, 351.02, 358.83, 0.9929, -0.0771, -0.0885, -0.0170
11:10:46, 3.07, 92, 349.92, 350.99, 358.87, 0.9929, -0.0773, -0.0883, -0.0167
11:10:46, 3.07, 92, 349.96, 350.97, 358.87, 0.9930, -0.0775, -0.0880, -0.0167
11:10:46, 3.10, 93, 350.00, 350.94, 358.87, 0.9930, -0.0778, -0.0877, -0.0167
11:10:46, 3.10, 93, 350.05, 350.95, 358.85, 0.9930, -0.0777, -0.0873, -0.0168
11:10:46, 3.10, 93, 350.10, 350.97, 358.87, 0.9931, -0.0775, -0.0868, -0.0166
11:10:46, 3.13, 94, 350.15, 350.98, 358.86, 0.9931, -0.0775, -0.0864, -0.0167
11:10:46, 3.13, 94, 350.21, 351.01, 358.87, 0.9932, -0.0773, -0.0858, -0.0165
11:10:46, 3.17, 95, 350.27, 351.00, 358.87, 0.9932, -0.0773, -0.0853, -0.0165
11:10:46, 3.17, 95, 350.34, 351.03, 358.84, 0.9933, -0.0771, -0.0847, -0.0167
11:10:46, 3.17, 95, 350.41, 351.04, 358.83, 0.9933, -0.0769, -0.0842, -0.0167
11:10:46, 3.20, 96, 350.47, 351.05, 358.81, 0.9934, -0.0769, -0.0836, -0.0168
11:10:46, 3.20, 96, 350.55, 351.05, 358.80, 0.9934, -0.0769, -0.0829, -0.0168
11:10:46, 3.23, 97, 350.63, 351.06, 358.76, 0.9935, -0.0768, -0.0823, -0.0171
11:10:46, 3.23, 97, 350.70, 351.07, 358.77, 0.9936, -0.0767, -0.0816, -0.0170
11:10:46, 3.27, 98, 350.79, 351.08, 358.75, 0.9936, -0.0766, -0.0809, -0.0171
11:10:46, 3.27, 98, 350.87, 351.12, 358.74, 0.9937, -0.0763, -0.0802, -0.0171
11:10:46, 3.27, 98, 350.95, 351.13, 358.72, 0.9938, -0.0762, -0.0795, -0.0172
11:10:46, 3.30, 99, 351.02, 351.16, 358.71, 0.9938, -0.0760, -0.0789, -0.0172
11:10:46, 3.30, 99, 351.09, 351.18, 358.71, 0.9939, -0.0758, -0.0783, -0.0172
11:10:46, 3.33, 100, 351.16, 351.19, 358.69, 0.9939, -0.0757, -0.0777, -0.0173
11:10:46, 3.33, 100, 351.21, 351.20, 358.72, 0.9940, -0.0756, -0.0773, -0.0170
11:10:46, 3.33, 100, 351.28, 351.21, 358.69, 0.9940, -0.0755, -0.0766, -0.0172
11:10:46, 3.37, 101, 351.31, 351.23, 358.71, 0.9941, -0.0754, -0.0764, -0.0170
11:10:46, 3.37, 101, 351.39, 351.24, 358.69, 0.9941, -0.0753, -0.0757, -0.0171
11:10:46, 3.40, 102, 351.43, 351.24, 358.70, 0.9942, -0.0753, -0.0753, -0.0169
11:10:46, 3.40, 102, 351.51, 351.24, 358.71, 0.9942, -0.0753, -0.0747, -0.0169
11:10:46, 3.43, 103, 351.56, 351.25, 358.73, 0.9943, -0.0752, -0.0742, -0.0167
11:10:46, 3.43, 103, 351.63, 351.23, 358.74, 0.9943, -0.0754, -0.0736, -0.0165
11:10:46, 3.43, 103, 351.69, 351.22, 358.77, 0.9943, -0.0756, -0.0730, -0.0162
11:10:46, 3.47, 104, 351.77, 351.17, 358.78, 0.9943, -0.0760, -0.0724, -0.0161
11:10:46, 3.47, 104, 351.85, 351.11, 358.78, 0.9944, -0.0765, -0.0717, -0.0161
11:10:46, 3.50, 105, 351.90, 351.06, 358.79, 0.9944, -0.0770, -0.0712, -0.0160
11:10:46, 3.50, 105, 351.97, 350.98, 358.81, 0.9944, -0.0777, -0.0706, -0.0158
11:10:46, 3.50, 105, 352.05, 350.92, 358.84, 0.9944, -0.0783, -0.0699, -0.0156
11:10:46, 3.53, 106, 352.10, 350.87, 358.86, 0.9944, -0.0787, -0.0695, -0.0154
11:10:46, 3.53, 106, 352.17, 350.80, 358.86, 0.9943, -0.0793, -0.0689, -0.0154
11:10:46, 3.57, 107, 352.25, 350.79, 358.83, 0.9944, -0.0794, -0.0682, -0.0155
11:10:46, 3.57, 107, 352.32, 350.77, 358.83, 0.9944, -0.0796, -0.0676, -0.0155
11:10:46, 3.60, 108, 352.38, 350.74, 358.88, 0.9944, -0.0799, -0.0670, -0.0151
11:10:46, 3.60, 108, 352.44, 350.71, 358.90, 0.9944, -0.0802, -0.0665, -0.0149
11:10:46, 3.60, 108, 352.51, 350.66, 358.93, 0.9945, -0.0806, -0.0658, -0.0146
11:10:46, 3.63, 109, 352.57, 350.61, 358.96, 0.9945, -0.0811, -0.0653, -0.0144
11:10:46, 3.63, 109, 352.62, 350.60, 358.97, 0.9945, -0.0812, -0.0649, -0.0142
11:10:46, 3.67, 110, 352.69, 350.56, 358.98, 0.9945, -0.0815, -0.0643, -0.0141
11:10:46, 3.67, 110, 352.77, 350.52, 358.99, 0.9945, -0.0819, -0.0635, -0.0140
11:10:46, 3.67, 110, 352.84, 350.52, 359.00, 0.9946, -0.0819, -0.0629, -0.0138
11:10:47, 3.70, 111, 352.91, 350.51, 359.01, 0.9946, -0.0821, -0.0623, -0.0137
11:10:47, 3.70, 111, 352.99, 350.49, 359.04, 0.9946, -0.0823, -0.0616, -0.0134
11:10:47, 3.73, 112, 353.09, 350.47, 359.06, 0.9947, -0.0824, -0.0608, -0.0132
11:10:47, 3.73, 112, 353.17, 350.46, 359.06, 0.9947, -0.0825, -0.0600, -0.0131
11:10:47, 3.77, 113, 353.27, 350.44, 359.08, 0.9947, -0.0827, -0.0591, -0.0128
11:10:47, 3.77, 113, 353.39, 350.43, 359.07, 0.9948, -0.0828, -0.0581, -0.0129
11:10:47, 3.77, 113, 353.48, 350.42, 359.09, 0.9948, -0.0829, -0.0573, -0.0127
11:10:47, 3.80, 114, 353.57, 350.40, 359.13, 0.9949, -0.0832, -0.0565, -0.0122
11:10:47, 3.80, 114, 353.68, 350.37, 359.13, 0.9949, -0.0834, -0.0556, -0.0122
11:10:47, 3.83, 115, 353.78, 350.34, 359.13, 0.9949, -0.0837, -0.0547, -0.0121
11:10:47, 3.83, 115, 353.88, 350.33, 359.13, 0.9950, -0.0837, -0.0538, -0.0121
11:10:47, 3.83, 115, 354.00, 350.32, 359.11, 0.9950, -0.0838, -0.0528, -0.0121
11:10:47, 3.87, 116, 354.11, 350.33, 359.13, 0.9951, -0.0838, -0.0519, -0.0119
11:10:47, 3.87, 116, 354.20, 350.33, 359.13, 0.9951, -0.0838, -0.0511, -0.0118
11:10:47, 3.90, 117, 354.30, 350.32, 359.14, 0.9951, -0.0839, -0.0502, -0.0117
11:10:47, 3.90, 117, 354.41, 350.31, 359.14, 0.9952, -0.0840, -0.0492, -0.0116
11:10:47, 3.93, 118, 354.52, 350.28, 359.14, 0.9952, -0.0843, -0.0483, -0.0115
11:10:47, 3.93, 118, 354.63, 350.26, 359.13, 0.9952, -0.0844, -0.0473, -0.0115
11:10:47, 3.93, 118, 354.72, 350.24, 359.15, 0.9953, -0.0846, -0.0466, -0.0113
11:10:47, 3.97, 119, 354.83, 350.18, 359.15, 0.9953, -0.0851, -0.0456, -0.0112
11:10:47, 3.97, 119, 354.93, 350.15, 359.15, 0.9953, -0.0854, -0.0447, -0.0111
11:10:47, 4.00, 120, 355.05, 350.11, 359.16, 0.9953, -0.0858, -0.0436, -0.0110
11:10:47, 4.00, 120, 355.19, 350.07, 359.16, 0.9953, -0.0862, -0.0425, -0.0109
11:10:47, 4.00, 120, 355.30, 350.02, 359.16, 0.9953, -0.0866, -0.0415, -0.0109
11:10:47, 4.03, 121, 355.43, 349.96, 359.18, 0.9953, -0.0872, -0.0403, -0.0106
11:10:47, 4.03, 121, 355.57, 349.91, 359.19, 0.9953, -0.0876, -0.0392, -0.0104
11:10:47, 4.07, 122, 355.71, 349.87, 359.19, 0.9953, -0.0880, -0.0379, -0.0103
11:10:47, 4.07, 122, 355.82, 349.83, 359.18, 0.9954, -0.0883, -0.0369, -0.0104
11:10:47, 4.10, 123, 355.94, 349.81, 359.20, 0.9954, -0.0885, -0.0359, -0.0101
11:10:47, 4.10, 123, 356.07, 349.79, 359.19, 0.9954, -0.0887, -0.0348, -0.0101
11:10:47, 4.10, 123, 356.19, 349.78, 359.20, 0.9954, -0.0888, -0.0338, -0.0099
11:10:47, 4.13, 124, 356.33, 349.81, 359.19, 0.9955, -0.0885, -0.0325, -0.0099
11:10:47, 4.13, 124, 356.44, 349.82, 359.19, 0.9955, -0.0884, -0.0316, -0.0098
11:10:47, 4.17, 125, 356.55, 349.85, 359.21, 0.9956, -0.0882, -0.0306, -0.0096
11:10:47, 4.17, 125, 356.66, 349.87, 359.21, 0.9956, -0.0880, -0.0296, -0.0094
11:10:47, 4.20, 126, 356.77, 349.91, 359.22, 0.9957, -0.0877, -0.0287, -0.0093
11:10:47, 4.20, 126, 356.89, 349.94, 359.20, 0.9957, -0.0874, -0.0276, -0.0093
11:10:47, 4.20, 126, 356.99, 349.98, 359.21, 0.9958, -0.0871, -0.0268, -0.0092
11:10:47, 4.23, 127, 357.06, 350.02, 359.21, 0.9958, -0.0867, -0.0261, -0.0091
11:10:47, 4.23, 127, 357.15, 350.04, 359.22, 0.9959, -0.0866, -0.0253, -0.0089
11:10:47, 4.27, 128, 357.25, 350.08, 359.22, 0.9959, -0.0863, -0.0245, -0.0088
11:10:47, 4.27, 128, 357.32, 350.13, 359.21, 0.9960, -0.0858, -0.0239, -0.0089
11:10:47, 4.27, 128, 357.41, 350.19, 359.17, 0.9960, -0.0853, -0.0231, -0.0091
11:10:47, 4.30, 129, 357.51, 350.26, 359.17, 0.9961, -0.0847, -0.0223, -0.0091
11:10:47, 4.30, 129, 357.58, 350.34, 359.15, 0.9962, -0.0840, -0.0216, -0.0091
11:10:47, 4.33, 130, 357.67, 350.40, 359.19, 0.9963, -0.0835, -0.0208, -0.0088
11:10:47, 4.33, 130, 357.73, 350.44, 359.20, 0.9963, -0.0832, -0.0203, -0.0086
11:10:47, 4.33, 130, 357.82, 350.48, 359.22, 0.9963, -0.0828, -0.0195, -0.0084
11:10:47, 4.37, 131, 357.88, 350.56, 359.24, 0.9964, -0.0822, -0.0190, -0.0082
11:10:47, 4.37, 131, 357.95, 350.60, 359.23, 0.9964, -0.0818, -0.0183, -0.0081
11:10:47, 4.40, 132, 358.02, 350.62, 359.25, 0.9965, -0.0817, -0.0177, -0.0080
11:10:47, 4.40, 132, 358.11, 350.65, 359.26, 0.9965, -0.0814, -0.0170, -0.0078
11:10:47, 4.43, 133, 358.21, 350.70, 359.29, 0.9966, -0.0809, -0.0161, -0.0075
11:10:47, 4.43, 133, 358.30, 350.69, 359.30, 0.9966, -0.0810, -0.0153, -0.0073
11:10:47, 4.43, 133, 358.40, 350.73, 359.29, 0.9966, -0.0807, -0.0144, -0.0073
11:10:47, 4.47, 134, 358.49, 350.77, 359.29, 0.9966, -0.0804, -0.0136, -0.0072
11:10:47, 4.47, 134, 358.61, 350.82, 359.30, 0.9967, -0.0799, -0.0126, -0.0071
11:10:47, 4.50, 135, 358.72, 350.85, 359.30, 0.9967, -0.0797, -0.0116, -0.0070
11:10:47, 4.50, 135, 358.87, 350.87, 359.29, 0.9968, -0.0796, -0.0103, -0.0070
11:10:47, 4.50, 135, 358.96, 350.87, 359.31, 0.9968, -0.0795, -0.0096, -0.0067
11:10:47, 4.53, 136, 359.06, 350.89, 359.32, 0.9968, -0.0793, -0.0086, -0.0066
11:10:47, 4.53, 136, 359.20, 350.90, 359.30, 0.9968, -0.0793, -0.0074, -0.0066
11:10:47, 4.57, 137, 359.32, 350.91, 359.31, 0.9968, -0.0792, -0.0064, -0.0065
11:10:47, 4.57, 137, 359.46, 350.94, 359.30, 0.9968, -0.0789, -0.0052, -0.0065
11:10:47, 4.60, 138, 359.59, 350.96, 359.28, 0.9969, -0.0788, -0.0040, -0.0065
11:10:47, 4.60, 138, 359.74, 350.97, 359.27, 0.9969, -0.0787, -0.0027, -0.0065
11:10:47, 4.60, 138, 359.89, 350.99, 359.27, 0.9969, -0.0785, -0.0015, -0.0064
11:10:47, 4.63, 139, 0.03, 351.02, 359.23, 0.9969, -0.0783, -0.0003, -0.0067
11:10:47, 4.63, 139, 0.17, 351.03, 359.22, 0.9969, -0.0782, 0.0009, -0.0067
11:10:47, 4.67, 140, 0.31, 351.05, 359.19, 0.9969, -0.0780, 0.0022, -0.0069
11:10:47, 4.67, 140, 0.47, 351.06, 359.17, 0.9969, -0.0780, 0.0035, -0.0069
11:10:48, 4.70, 141, 0.60, 351.07, 359.13, 0.9969, -0.0779, 0.0046, -0.0072
11:10:48, 4.70, 141, 0.73, 351.08, 359.11, 0.9969, -0.0778, 0.0057, -0.0073
11:10:48, 4.70, 141, 0.86, 351.10, 359.10, 0.9969, -0.0776, 0.0068, -0.0073
11:10:48, 4.73, 142, 0.99, 351.11, 359.07, 0.9969, -0.0775, 0.0080, -0.0074
11:10:48, 4.73, 142, 1.12, 351.12, 359.07, 0.9969, -0.0774, 0.0091, -0.0074
11:10:48, 4.77, 143, 1.23, 351.12, 359.04, 0.9969, -0.0775, 0.0101, -0.0075
11:10:48, 4.77, 143, 1.33, 351.11, 359.04, 0.9969, -0.0776, 0.0109, -0.0074
11:10:48, 4.77, 143, 1.44, 351.11, 359.03, 0.9969, -0.0776, 0.0119, -0.0075
11:10:48, 4.80, 144, 1.52, 351.13, 359.03, 0.9969, -0.0774, 0.0126, -0.0074
11:10:48, 4.80, 144, 1.63, 351.12, 359.02, 0.9969, -0.0775, 0.0135, -0.0074
11:10:48, 4.83, 145, 1.70, 351.16, 359.04, 0.9969, -0.0772, 0.0142, -0.0072
11:10:48, 4.83, 145, 1.79, 351.16, 359.02, 0.9969, -0.0771, 0.0149, -0.0073
11:10:48, 4.83, 145, 1.89, 351.17, 359.03, 0.9969, -0.0771, 0.0158, -0.0072
11:10:48, 4.87, 146, 1.97, 351.19, 359.04, 0.9969, -0.0769, 0.0165, -0.0071
11:10:48, 4.87, 146, 2.04, 351.19, 359.08, 0.9969, -0.0770, 0.0171, -0.0067
11:10:48, 4.90, 147, 2.12, 351.18, 359.10, 0.9969, -0.0770, 0.0178, -0.0064
11:10:48, 4.90, 147, 2.19, 351.21, 359.12, 0.9969, -0.0768, 0.0185, -0.0062
11:10:48, 4.93, 148, 2.25, 351.21, 359.13, 0.9968, -0.0768, 0.0190, -0.0060
11:10:48, 4.93, 148, 2.35, 351.22, 359.16, 0.9968, -0.0767, 0.0199, -0.0058
11:10:48, 4.93, 148, 2.42, 351.20, 359.18, 0.9968, -0.0768, 0.0205, -0.0055
11:10:48, 4.97, 149, 2.51, 351.21, 359.22, 0.9968, -0.0767, 0.0213, -0.0051
11:10:48, 4.97, 149, 2.59, 351.19, 359.23, 0.9968, -0.0769, 0.0221, -0.0050
11:10:48, 5.00, 150, 2.71, 351.20, 359.22, 0.9968, -0.0769, 0.0230, -0.0049
11:10:48, 5.00, 150, 2.83, 351.23, 359.21, 0.9968, -0.0766, 0.0241, -0.0049
11:10:48, 5.03, 151, 2.98, 351.23, 359.23, 0.9967, -0.0766, 0.0254, -0.0047
11:10:48, 5.03, 151, 3.13, 351.24, 359.23, 0.9967, -0.0766, 0.0267, -0.0046
11:10:48, 5.03, 151, 3.28, 351.23, 359.26, 0.9967, -0.0766, 0.0281, -0.0042
11:10:48, 5.07, 152, 3.45, 351.24, 359.29, 0.9966, -0.0766, 0.0295, -0.0039
11:10:48, 5.07, 152, 3.61, 351.23, 359.29, 0.9966, -0.0766, 0.0310, -0.0038
11:10:48, 5.10, 153, 3.80, 351.21, 359.28, 0.9965, -0.0768, 0.0326, -0.0037
11:10:48, 5.10, 153, 3.96, 351.22, 359.28, 0.9965, -0.0767, 0.0340, -0.0036
11:10:48, 5.10, 153, 4.13, 351.20, 359.26, 0.9964, -0.0769, 0.0355, -0.0037
11:10:48, 5.13, 154, 4.30, 351.22, 359.23, 0.9964, -0.0767, 0.0369, -0.0038
11:10:48, 5.13, 154, 4.47, 351.21, 359.20, 0.9963, -0.0768, 0.0383, -0.0040
11:10:48, 5.17, 155, 4.62, 351.24, 359.17, 0.9963, -0.0766, 0.0397, -0.0041
11:10:48, 5.17, 155, 4.78, 351.24, 359.15, 0.9962, -0.0766, 0.0410, -0.0042
11:10:48, 5.20, 156, 4.92, 351.25, 359.11, 0.9962, -0.0765, 0.0422, -0.0045
11:10:48, 5.20, 156, 5.08, 351.29, 359.06, 0.9961, -0.0763, 0.0436, -0.0048
11:10:48, 5.20, 156, 5.24, 351.30, 359.05, 0.9961, -0.0762, 0.0449, -0.0048
11:10:48, 5.23, 157, 5.37, 351.31, 359.03, 0.9960, -0.0761, 0.0461, -0.0049
11:10:48, 5.23, 157, 5.51, 351.30, 359.02, 0.9960, -0.0762, 0.0472, -0.0049
11:10:48, 5.27, 158, 5.62, 351.30, 359.01, 0.9959, -0.0762, 0.0482, -0.0049
11:10:48, 5.27, 158, 5.76, 351.30, 358.98, 0.9959, -0.0762, 0.0494, -0.0051
11:10:48, 5.27, 158, 5.88, 351.29, 358.97, 0.9958, -0.0763, 0.0505, -0.0050
11:10:48, 5.30, 159, 6.02, 351.30, 358.92, 0.9957, -0.0762, 0.0516, -0.0054
11:10:48, 5.30, 159, 6.13, 351.32, 358.91, 0.9957, -0.0761, 0.0526, -0.0055
11:10:48, 5.33, 160, 6.27, 351.32, 358.88, 0.9956, -0.0761, 0.0538, -0.0056
11:10:48, 5.33, 160, 6.40, 351.33, 358.87, 0.9956, -0.0760, 0.0549, -0.0056
11:10:48, 5.37, 161, 6.50, 351.31, 358.87, 0.9955, -0.0762, 0.0558, -0.0056
11:10:48, 5.37, 161, 6.60, 351.31, 358.86, 0.9955, -0.0762, 0.0566, -0.0055
11:10:48, 5.37, 161, 6.70, 351.31, 358.86, 0.9954, -0.0762, 0.0575, -0.0055
11:10:48, 5.40, 162, 6.79, 351.30, 358.85, 0.9954, -0.0763, 0.0583, -0.0055
11:10:48, 5.40, 162, 6.88, 351.32, 358.84, 0.9953, -0.0761, 0.0591, -0.0055
11:10:48, 5.43, 163, 6.96, 351.33, 358.85, 0.9953, -0.0761, 0.0598, -0.0054
11:10:48, 5.43, 163, 7.03, 351.35, 358.87, 0.9953, -0.0758, 0.0604, -0.0052
11:10:48, 5.43, 163, 7.09, 351.39, 358.88, 0.9953, -0.0756, 0.0609, -0.0051
11:10:48, 5.47, 164, 7.15, 351.40, 358.90, 0.9952, -0.0754, 0.0614, -0.0049
11:10:48, 5.47, 164, 7.20, 351.44, 358.92, 0.9952, -0.0751, 0.0619, -0.0047
11:10:48, 5.50, 165, 7.23, 351.49, 358.92, 0.9953, -0.0746, 0.0622, -0.0047
11:10:48, 5.50, 165, 7.27, 351.53, 358.92, 0.9953, -0.0743, 0.0625, -0.0047
11:10:48, 5.53, 166, 7.29, 351.57, 358.94, 0.9953, -0.0740, 0.0627, -0.0045
11:10:48, 5.53, 166, 7.31, 351.61, 358.97, 0.9953, -0.0736, 0.0629, -0.0043
11:10:48, 5.53, 166, 7.33, 351.66, 358.99, 0.9953, -0.0731, 0.0632, -0.0041
11:10:48, 5.57, 167, 7.35, 351.73, 359.02, 0.9954, -0.0725, 0.0633, -0.0039
11:10:48, 5.57, 167, 7.35, 351.80, 359.06, 0.9954, -0.0719, 0.0634, -0.0036
11:10:48, 5.60, 168, 7.33, 351.87, 359.11, 0.9954, -0.0712, 0.0633, -0.0032
11:10:48, 5.60, 168, 7.32, 351.92, 359.15, 0.9955, -0.0708, 0.0632, -0.0029
11:10:48, 5.60, 168, 7.29, 351.93, 359.21, 0.9955, -0.0707, 0.0629, -0.0024
11:10:48, 5.63, 169, 7.25, 351.98, 359.25, 0.9956, -0.0702, 0.0626, -0.0021
11:10:48, 5.63, 169, 7.24, 352.00, 359.27, 0.9956, -0.0701, 0.0626, -0.0019
11:10:48, 5.67, 170, 7.18, 352.01, 359.31, 0.9956, -0.0699, 0.0621, -0.0016
11:10:48, 5.67, 170, 7.11, 352.02, 359.36, 0.9957, -0.0698, 0.0615, -0.0013
11:10:48, 5.67, 170, 7.06, 352.03, 359.42, 0.9957, -0.0696, 0.0611, -0.0008
11:10:49, 5.70, 171, 7.00, 352.06, 359.47, 0.9957, -0.0694, 0.0606, -0.0004
11:10:49, 5.70, 171, 6.91, 352.10, 359.49, 0.9958, -0.0690, 0.0598, -0.0002
11:10:49, 5.73, 172, 6.82, 352.10, 359.53, 0.9959, -0.0690, 0.0591, 0.0000
11:10:49, 5.73, 172, 6.74, 352.15, 359.57, 0.9959, -0.0685, 0.0584, 0.0003
11:10:49, 5.77, 173, 6.65, 352.16, 359.63, 0.9960, -0.0684, 0.0576, 0.0007
11:10:49, 5.77, 173, 6.55, 352.16, 359.71, 0.9960, -0.0684, 0.0568, 0.0014
11:10:49, 5.77, 173, 6.44, 352.17, 359.76, 0.9961, -0.0683, 0.0559, 0.0017
11:10:49, 5.80, 174, 6.35, 352.18, 359.81, 0.9961, -0.0682, 0.0552, 0.0021
11:10:49, 5.80, 174, 6.27, 352.18, 359.83, 0.9962, -0.0682, 0.0544, 0.0022
11:10:49, 5.83, 175, 6.18, 352.18, 359.84, 0.9962, -0.0682, 0.0536, 0.0023
11:10:49, 5.83, 175, 6.09, 352.18, 359.84, 0.9963, -0.0682, 0.0529, 0.0023
11:10:49, 5.83, 175, 5.99, 352.19, 359.85, 0.9963, -0.0681, 0.0520, 0.0022
11:10:49, 5.87, 176, 5.92, 352.23, 359.87, 0.9964, -0.0677, 0.0514, 0.0024
11:10:49, 5.87, 176, 5.87, 352.23, 359.89, 0.9964, -0.0677, 0.0510, 0.0025
11:10:49, 5.90, 177, 5.80, 352.26, 359.91, 0.9964, -0.0675, 0.0505, 0.0027
11:10:49, 5.90, 177, 5.76, 352.25, 359.90, 0.9965, -0.0675, 0.0501, 0.0025
11:10:49, 5.93, 178, 5.72, 352.28, 359.89, 0.9965, -0.0672, 0.0497, 0.0024
11:10:49, 5.93, 178, 5.68, 352.27, 359.91, 0.9965, -0.0673, 0.0494, 0.0025
11:10:49, 5.93, 178, 5.64, 352.29, 359.91, 0.9965, -0.0672, 0.0490, 0.0026
11:10:49, 5.97, 179, 5.59, 352.28, 359.95, 0.9965, -0.0672, 0.0486, 0.0028
11:10:49, 5.97, 179, 5.55, 352.28, 359.94, 0.9966, -0.0672, 0.0483, 0.0027
11:10:49, 6.00, 180, 5.52, 352.31, 359.93, 0.9966, -0.0670, 0.0480, 0.0026
11:10:49, 6.00, 180, 5.50, 352.33, 359.91, 0.9966, -0.0668, 0.0478, 0.0024
11:10:49, 6.00, 180, 5.45, 352.35, 359.91, 0.9966, -0.0667, 0.0473, 0.0024
11:10:49, 6.03, 181, 5.41, 352.38, 359.93, 0.9967, -0.0664, 0.0470, 0.0025
11:10:49, 6.03, 181, 5.35, 352.44, 359.96, 0.9967, -0.0659, 0.0465, 0.0027
11:10:49, 6.07, 182, 5.32, 352.46, 359.97, 0.9968, -0.0657, 0.0463, 0.0028
11:10:49, 6.07, 182, 5.26, 352.49, 359.97, 0.9968, -0.0654, 0.0457, 0.0028
11:10:49, 6.10, 183, 5.19, 352.52, 359.97, 0.9968, -0.0652, 0.0452, 0.0027
11:10:49, 6.10, 183, 5.13, 352.51, 359.98, 0.9969, -0.0652, 0.0447, 0.0028
11:10:49, 6.10, 183, 5.06, 352.54, 0.01, 0.9969, -0.0650, 0.0441, 0.0029
11:10:49, 6.13, 184, 4.96, 352.57, 0.02, 0.9970, -0.0647, 0.0432, 0.0030
11:10:49, 6.13, 184, 4.90, 352.59, 0.02, 0.9970, -0.0645, 0.0427, 0.0029
11:10:49, 6.17, 185, 4.81, 352.63, 0.03, 0.9971, -0.0642, 0.0419, 0.0030
11:10:49, 6.17, 185, 4.74, 352.66, 0.04, 0.9971, -0.0639, 0.0413, 0.0030
11:10:49, 6.20, 186, 4.66, 352.69, 0.04, 0.9971, -0.0637, 0.0406, 0.0030
11:10:49, 6.20, 186, 4.59, 352.72, 0.04, 0.9972, -0.0635, 0.0400, 0.0029
11:10:49, 6.20, 186, 4.53, 352.77, 0.05, 0.9972, -0.0630, 0.0395, 0.0029
11:10:49, 6.23, 187, 4.45, 352.78, 0.05, 0.9973, -0.0629, 0.0388, 0.0029
11:10:49, 6.23, 187, 4.37, 352.82, 0.06, 0.9973, -0.0626, 0.0381, 0.0029
11:10:49, 6.27, 188, 4.31, 352.88, 0.08, 0.9974, -0.0621, 0.0376, 0.0030
11:10:49, 6.27, 188, 4.26, 352.95, 0.07, 0.9974, -0.0614, 0.0371, 0.0029
11:10:49, 6.27, 188, 4.18, 353.01, 0.07, 0.9975, -0.0609, 0.0364, 0.0028
11:10:49, 6.30, 189, 4.11, 353.06, 0.09, 0.9975, -0.0604, 0.0358, 0.0030
11:10:49, 6.30, 189, 4.03, 353.11, 0.10, 0.9976, -0.0600, 0.0352, 0.0030
11:10:49, 6.33, 190, 3.98, 353.15, 0.10, 0.9976, -0.0597, 0.0347, 0.0029
11:10:49, 6.33, 190, 3.88, 353.20, 0.08, 0.9977, -0.0593, 0.0339, 0.0027
11:10:49, 6.37, 191, 3.83, 353.25, 0.06, 0.9977, -0.0588, 0.0334, 0.0025
11:10:49, 6.37, 191, 3.78, 353.31, 0.03, 0.9978, -0.0583, 0.0330, 0.0022
11:10:49, 6.37, 191, 3.70, 353.34, 0.03, 0.9978, -0.0581, 0.0323, 0.0022
11:10:49, 6.40, 192, 3.63, 353.37, 0.04, 0.9978, -0.0578, 0.0316, 0.0022
11:10:49, 6.40, 192, 3.56, 353.42, 0.02, 0.9979, -0.0573, 0.0310, 0.0019
11:10:49, 6.43, 193, 3.50, 353.50, 359.98, 0.9979, -0.0566, 0.0305, 0.0016
11:10:49, 6.43, 193, 3.44, 353.56, 359.94, 0.9980, -0.0562, 0.0300, 0.0012
11:10:49, 6.43, 193, 3.41, 353.66, 359.92, 0.9980, -0.0553, 0.0296, 0.0010
11:10:49, 6.47, 194, 3.34, 353.72, 359.91, 0.9981, -0.0548, 0.0290, 0.0008
11:10:49, 6.47, 194, 3.28, 353.75, 359.93, 0.9981, -0.0545, 0.0285, 0.0009
11:10:49, 6.50, 195, 3.23, 353.80, 359.93, 0.9981, -0.0540, 0.0281, 0.0009
11:10:49, 6.50, 195, 3.16, 353.86, 359.93, 0.9982, -0.0536, 0.0275, 0.0009
11:10:49, 6.53, 196, 3.09, 353.90, 359.91, 0.9982, -0.0532, 0.0269, 0.0006
11:10:49, 6.53, 196, 3.02, 353.94, 359.91, 0.9983, -0.0529, 0.0263, 0.0006
11:10:49, 6.53, 196, 2.95, 353.99, 359.91, 0.9983, -0.0525, 0.0257, 0.0005
11:10:49, 6.57, 197, 2.89, 354.02, 359.90, 0.9983, -0.0522, 0.0251, 0.0005
11:10:49, 6.57, 197, 2.82, 354.06, 359.90, 0.9984, -0.0518, 0.0245, 0.0004
11:10:49, 6.60, 198, 2.73, 354.08, 359.89, 0.9984, -0.0517, 0.0238, 0.0003
11:10:49, 6.60, 198, 2.66, 354.08, 359.92, 0.9984, -0.0516, 0.0231, 0.0005
11:10:49, 6.60, 198, 2.57, 354.09, 359.91, 0.9984, -0.0515, 0.0224, 0.0004
11:10:49, 6.63, 199, 2.49, 354.11, 359.91, 0.9984, -0.0514, 0.0216, 0.0004
11:10:49, 6.63, 199, 2.40, 354.11, 359.95, 0.9985, -0.0514, 0.0209, 0.0006
11:10:49, 6.67, 200, 2.30, 354.13, 359.98, 0.9985, -0.0512, 0.0200, 0.0008
11:10:49, 6.67, 200, 2.18, 354.11, 0.01, 0.9985, -0.0514, 0.0190, 0.0011
11:10:50, 6.70, 201, 2.06, 354.10, 0.02, 0.9985, -0.0515, 0.0180, 0.0011
11:10:50, 6.70, 201, 1.98, 354.09, 0.02, 0.9985, -0.0515, 0.0173, 0.0011
11:10:50, 6.70, 201, 1.87, 354.08, 0.04, 0.9985, -0.0516, 0.0164, 0.0012
11:10:50, 6.73, 202, 1.80, 354.06, 0.06, 0.9985, -0.0518, 0.0157, 0.0013
11:10:50, 6.73, 202, 1.74, 354.05, 0.08, 0.9985, -0.0519, 0.0152, 0.0015
11:10:50, 6.77, 203, 1.66, 354.04, 0.11, 0.9985, -0.0520, 0.0146, 0.0017
11:10:50, 6.77, 203, 1.60, 354.02, 0.14, 0.9985, -0.0521, 0.0140, 0.0020
11:10:50, 6.77, 203, 1.53, 353.99, 0.16, 0.9985, -0.0524, 0.0134, 0.0021
11:10:50, 6.80, 204, 1.46, 353.94, 0.15, 0.9985, -0.0528, 0.0128, 0.0020
11:10:50, 6.80, 204, 1.40, 353.90, 0.16, 0.9985, -0.0532, 0.0123, 0.0021
11:10:50, 6.83, 205, 1.32, 353.83, 0.13, 0.9985, -0.0538, 0.0116, 0.0018
11:10:50, 6.83, 205, 1.26, 353.76, 0.15, 0.9985, -0.0544, 0.0111, 0.0019
11:10:50, 6.87, 206, 1.18, 353.70, 0.14, 0.9984, -0.0549, 0.0103, 0.0018
11:10:50, 6.87, 206, 1.09, 353.64, 0.10, 0.9984, -0.0555, 0.0096, 0.0014
11:10:50, 6.87, 206, 0.99, 353.58, 0.08, 0.9984, -0.0560, 0.0087, 0.0012
11:10:50, 6.90, 207, 0.90, 353.52, 0.09, 0.9984, -0.0565, 0.0079, 0.0012
11:10:50, 6.90, 207, 0.79, 353.43, 0.09, 0.9983, -0.0573, 0.0069, 0.0012
11:10:50, 6.93, 208, 0.69, 353.37, 0.07, 0.9983, -0.0578, 0.0060, 0.0010
11:10:50, 6.93, 208, 0.58, 353.30, 0.04, 0.9983, -0.0584, 0.0051, 0.0006
11:10:50, 6.93, 208, 0.49, 353.22, 0.01, 0.9982, -0.0591, 0.0042, 0.0003
11:10:50, 6.97, 209, 0.36, 353.16, 359.97, 0.9982, -0.0596, 0.0031, -0.0001
11:10:50, 6.97, 209, 0.24, 353.10, 359.94, 0.9982, -0.0602, 0.0020, -0.0004
11:10:50, 7.00, 210, 0.14, 353.05, 359.92, 0.9982, -0.0606, 0.0012, -0.0006
11:10:50, 7.00, 210, 0.02, 353.00, 359.91, 0.9981, -0.0610, 0.0001, -0.0007
11:10:50, 7.03, 211, 359.89, 352.97, 359.91, 0.9981, -0.0613, -0.0010, -0.0008
11:10:50, 7.03, 211, 359.78, 352.95, 359.89, 0.9981, -0.0615, -0.0020, -0.0011
11:10:50, 7.03, 211, 359.67, 352.95, 359.87, 0.9981, -0.0615, -0.0029, -0.0014
11:10:50, 7.07, 212, 359.57, 352.95, 359.85, 0.9981, -0.0615, -0.0038, -0.0015
11:10:50, 7.07, 212, 359.48, 352.92, 359.83, 0.9981, -0.0617, -0.0046, -0.0018
11:10:50, 7.10, 213, 359.39, 352.89, 359.80, 0.9981, -0.0620, -0.0055, -0.0020
11:10:50, 7.10, 213, 359.27, 352.86, 359.80, 0.9980, -0.0622, -0.0064, -0.0021
11:10:50, 7.10, 213, 359.19, 352.83, 359.77, 0.9980, -0.0625, -0.0072, -0.0024
11:10:50, 7.13, 214, 359.10, 352.85, 359.74, 0.9980, -0.0624, -0.0080, -0.0027
11:10:50, 7.13, 214, 359.04, 352.88, 359.68, 0.9980, -0.0621, -0.0085, -0.0033
11:10:50, 7.17, 215, 358.99, 352.91, 359.66, 0.9980, -0.0618, -0.0090, -0.0035
11:10:50, 7.17, 215, 358.93, 352.93, 359.67, 0.9980, -0.0616, -0.0095, -0.0034
11:10:50, 7.20, 216, 358.88, 352.94, 359.67, 0.9980, -0.0615, -0.0099, -0.0035
11:10:50, 7.20, 216, 358.85, 352.93, 359.64, 0.9980, -0.0617, -0.0102, -0.0037
11:10:50, 7.20, 216, 358.80, 352.95, 359.63, 0.9980, -0.0615, -0.0107, -0.0039
11:10:50, 7.23, 217, 358.76, 352.95, 359.60, 0.9980, -0.0614, -0.0110, -0.0041
11:10:50, 7.23, 217, 358.73, 352.96, 359.55, 0.9980, -0.0613, -0.0113, -0.0046
11:10:50, 7.27, 218, 358.71, 352.98, 359.53, 0.9981, -0.0611, -0.0115, -0.0048
11:10:50, 7.27, 218, 358.69, 352.98, 359.49, 0.9980, -0.0612, -0.0117, -0.0051
11:10:50, 7.27, 218, 358.69, 353.01, 359.45, 0.9981, -0.0609, -0.0117, -0.0055
11:10:50, 7.30, 219, 358.68, 353.01, 359.41, 0.9981, -0.0609, -0.0118, -0.0059
11:10:50, 7.30, 219, 358.67, 353.04, 359.37, 0.9981, -0.0606, -0.0119, -0.0062
11:10:50, 7.33, 220, 358.69, 353.04, 359.33, 0.9981, -0.0607, -0.0118, -0.0066
11:10:50, 7.33, 220, 358.70, 353.08, 359.29, 0.9981, -0.0603, -0.0117, -0.0069
11:10:50, 7.37, 221, 358.72, 353.10, 359.25, 0.9981, -0.0601, -0.0115, -0.0072
11:10:50, 7.37, 221, 358.71, 353.11, 359.25, 0.9981, -0.0600, -0.0117, -0.0072
11:10:50, 7.37, 221, 358.72, 353.13, 359.22, 0.9981, -0.0598, -0.0115, -0.0074
11:10:50, 7.40, 222, 358.75, 353.16, 359.20, 0.9981, -0.0596, -0.0113, -0.0076
11:10:50, 7.40, 222, 358.75, 353.20, 359.19, 0.9982, -0.0592, -0.0113, -0.0077
11:10:50, 7.43, 223, 358.81, 353.27, 359.16, 0.9982, -0.0586, -0.0108, -0.0079
11:10:50, 7.43, 223, 358.83, 353.34, 359.15, 0.9982, -0.0580, -0.0106, -0.0080
11:10:50, 7.43, 223, 358.85, 353.42, 359.14, 0.9983, -0.0573, -0.0105, -0.0080
11:10:50, 7.47, 224, 358.90, 353.49, 359.13, 0.9983, -0.0567, -0.0100, -0.0081
11:10:50, 7.47, 224, 358.92, 353.58, 359.12, 0.9984, -0.0559, -0.0099, -0.0082
11:10:50, 7.50, 225, 358.96, 353.66, 359.10, 0.9984, -0.0552, -0.0095, -0.0083
11:10:50, 7.50, 225, 358.99, 353.75, 359.09, 0.9984, -0.0544, -0.0092, -0.0084
11:10:50, 7.53, 226, 359.01, 353.84, 359.09, 0.9985, -0.0537, -0.0090, -0.0084
11:10:50, 7.53, 226, 359.05, 353.95, 359.09, 0.9985, -0.0527, -0.0087, -0.0084
11:10:50, 7.53, 226, 359.07, 354.05, 359.09, 0.9986, -0.0519, -0.0085, -0.0084
11:10:50, 7.57, 227, 359.11, 354.17, 359.10, 0.9986, -0.0508, -0.0082, -0.0082
11:10:50, 7.57, 227, 359.13, 354.29, 359.10, 0.9987, -0.0497, -0.0080, -0.0083
11:10:50, 7.60, 228, 359.13, 354.42, 359.14, 0.9988, -0.0486, -0.0079, -0.0079
11:10:50, 7.60, 228, 359.13, 354.52, 359.14, 0.9988, -0.0477, -0.0079, -0.0078
11:10:50, 7.60, 228, 359.12, 354.62, 359.16, 0.9988, -0.0469, -0.0080, -0.0077
11:10:50, 7.63, 229, 359.11, 354.67, 359.19, 0.9989, -0.0465, -0.0081, -0.0075
11:10:50, 7.63, 229, 359.07, 354.75, 359.17, 0.9989, -0.0458, -0.0084, -0.0076
11:10:50, 7.67, 230, 359.04, 354.77, 359.21, 0.9989, -0.0455, -0.0087, -0.0073
11:10:50, 7.67, 230, 359.00, 354.81, 359.21, 0.9989, -0.0452, -0.0090, -0.0073
11:10:51, 7.70, 231, 358.98, 354.85, 359.24, 0.9989, -0.0449, -0.0092, -0.0070
11:10:51, 7.70, 231, 358.92, 354.87, 359.27, 0.9989, -0.0447, -0.0097, -0.0068
11:10:51, 7.70, 231, 358.89, 354.87, 359.28, 0.9989, -0.0447, -0.0099, -0.0067
11:10:51, 7.73, 232, 358.88, 354.89, 359.32, 0.9989, -0.0445, -0.0100, -0.0064
11:10:51, 7.73, 232, 358.84, 354.90, 359.35, 0.9989, -0.0444, -0.0104, -0.0061
11:10:51, 7.77, 233, 358.82, 354.89, 359.39, 0.9989, -0.0445, -0.0106, -0.0058
11:10:51, 7.77, 233, 358.79, 354.88, 359.40, 0.9989, -0.0446, -0.0108, -0.0057
11:10:51, 7.77, 233, 358.79, 354.88, 359.41, 0.9989, -0.0446, -0.0108, -0.0056
11:10:51, 7.80, 234, 358.75, 354.83, 359.44, 0.9989, -0.0450, -0.0111, -0.0054
11:10:51, 7.80, 234, 358.74, 354.78, 359.47, 0.9989, -0.0455, -0.0112, -0.0052
11:10:51, 7.83, 235, 358.72, 354.77, 359.49, 0.9989, -0.0455, -0.0114, -0.0050
11:10:51, 7.83, 235, 358.71, 354.74, 359.45, 0.9989, -0.0458, -0.0115, -0.0053
11:10:51, 7.87, 236, 358.69, 354.77, 359.43, 0.9989, -0.0456, -0.0116, -0.0055
11:10:51, 7.87, 236, 358.70, 354.77, 359.43, 0.9989, -0.0456, -0.0116, -0.0054
11:10:51, 7.87, 236, 358.70, 354.77, 359.44, 0.9989, -0.0456, -0.0116, -0.0054
11:10:51, 7.90, 237, 358.70, 354.77, 359.48, 0.9989, -0.0456, -0.0115, -0.0051
11:10:51, 7.90, 237, 358.69, 354.74, 359.51, 0.9989, -0.0459, -0.0116, -0.0048
11:10:51, 7.93, 238, 358.70, 354.69, 359.51, 0.9989, -0.0463, -0.0116, -0.0048
11:10:51, 7.93, 238, 358.70, 354.65, 359.52, 0.9988, -0.0466, -0.0115, -0.0047
11:10:51, 7.93, 238, 358.71, 354.59, 359.49, 0.9988, -0.0472, -0.0115, -0.0049
11:10:51, 7.97, 239, 358.69, 354.54, 359.50, 0.9988, -0.0476, -0.0116, -0.0049
11:10:51, 7.97, 239, 358.68, 354.46, 359.50, 0.9988, -0.0482, -0.0117, -0.0050
11:10:51, 8.00, 240, 358.66, 354.39, 359.51, 0.9987, -0.0489, -0.0119, -0.0049
11:10:51, 8.00, 240, 358.66, 354.33, 359.48, 0.9987, -0.0494, -0.0119, -0.0051
11:10:51, 8.03, 241, 358.66, 354.27, 359.47, 0.9987, -0.0499, -0.0119, -0.0052
11:10:51, 8.03, 241, 358.66, 354.18, 359.47, 0.9986, -0.0507, -0.0119, -0.0052
11:10:51, 8.03, 241, 358.64, 354.11, 359.47, 0.9986, -0.0514, -0.0121, -0.0052
11:10:51, 8.07, 242, 358.65, 354.00, 359.47, 0.9985, -0.0523, -0.0120, -0.0052
11:10:51, 8.07, 242, 358.61, 353.89, 359.47, 0.9985, -0.0533, -0.0123, -0.0053
11:10:51, 8.10, 243, 358.60, 353.75, 359.49, 0.9984, -0.0544, -0.0124, -0.0051
11:10:51, 8.10, 243, 358.58, 353.62, 359.49, 0.9984, -0.0556, -0.0126, -0.0051
11:10:51, 8.10, 243, 358.55, 353.51, 359.50, 0.9983, -0.0565, -0.0129, -0.0051
11:10:51, 8.13, 244, 358.54, 353.41, 359.51, 0.9983, -0.0574, -0.0129, -0.0050
11:10:51, 8.13, 244, 358.50, 353.29, 359.50, 0.9982, -0.0584, -0.0133, -0.0051
11:10:51, 8.17, 245, 358.49, 353.18, 359.54, 0.9981, -0.0594, -0.0134, -0.0048
11:10:51, 8.17, 245, 358.45, 353.12, 359.55, 0.9981, -0.0600, -0.0138, -0.0047
11:10:51, 8.20, 246, 358.43, 353.04, 359.57, 0.9981, -0.0606, -0.0139, -0.0046
11:10:51, 8.20, 246, 358.42, 352.95, 359.58, 0.9980, -0.0614, -0.0140, -0.0045
11:10:51, 8.20, 246, 358.41, 352.89, 359.60, 0.9980, -0.0619, -0.0141, -0.0044
11:10:51, 8.23, 247, 358.38, 352.82, 359.60, 0.9979, -0.0625, -0.0143, -0.0043
11:10:51, 8.23, 247, 358.35, 352.77, 359.62, 0.9979, -0.0630, -0.0145, -0.0042
11:10:51, 8.27, 248, 358.35, 352.72, 359.62, 0.9979, -0.0634, -0.0146, -0.0042
11:10:51, 8.27, 248, 358.33, 352.67, 359.65, 0.9978, -0.0639, -0.0147, -0.0040
11:10:51, 8.27, 248, 358.33, 352.65, 359.67, 0.9978, -0.0641, -0.0148, -0.0038
11:10:51, 8.30, 249, 358.31, 352.61, 359.66, 0.9978, -0.0644, -0.0149, -0.0039
11:10:51, 8.30, 249, 358.31, 352.58, 359.68, 0.9978, -0.0647, -0.0149, -0.0038
11:10:51, 8.33, 250, 358.32, 352.57, 359.67, 0.9978, -0.0647, -0.0148, -0.0038
11:10:51, 8.33, 250, 358.31, 352.56, 359.69, 0.9978, -0.0648, -0.0149, -0.0037
11:10:51, 8.37, 251, 358.32, 352.58, 359.68, 0.9978, -0.0647, -0.0148, -0.0037
11:10:51, 8.37, 251, 358.31, 352.57, 359.70, 0.9978, -0.0647, -0.0149, -0.0036
11:10:51, 8.37, 251, 358.31, 352.58, 359.70, 0.9978, -0.0646, -0.0149, -0.0036
11:10:51, 8.40, 252, 358.31, 352.61, 359.69, 0.9978, -0.0644, -0.0149, -0.0036
11:10:51, 8.40, 252, 358.32, 352.63, 359.69, 0.9978, -0.0642, -0.0148, -0.0036
11:10:51, 8.43, 253, 358.32, 352.66, 359.69, 0.9978, -0.0640, -0.0148, -0.0036
11:10:51, 8.43, 253, 358.33, 352.70, 359.70, 0.9979, -0.0637, -0.0147, -0.0036
11:10:51, 8.43, 253, 358.33, 352.72, 359.70, 0.9979, -0.0634, -0.0147, -0.0035
11:10:51, 8.47, 254, 358.33, 352.72, 359.70, 0.9979, -0.0634, -0.0147, -0.0035
11:10:51, 8.47, 254, 358.34, 352.74, 359.68, 0.9979, -0.0633, -0.0146, -0.0037
11:10:51, 8.50, 255, 358.35, 352.73, 359.66, 0.9979, -0.0633, -0.0145, -0.0039
11:10:51, 8.50, 255, 358.36, 352.74, 359.65, 0.9979, -0.0633, -0.0145, -0.0039
11:10:51, 8.53, 256, 358.38, 352.73, 359.64, 0.9979, -0.0634, -0.0143, -0.0040
11:10:51, 8.53, 256, 358.38, 352.73, 359.64, 0.9979, -0.0633, -0.0143, -0.0040
11:10:51, 8.53, 256, 358.39, 352.75, 359.62, 0.9979, -0.0632, -0.0142, -0.0042
11:10:51, 8.57, 257, 358.43, 352.79, 359.56, 0.9979, -0.0628, -0.0139, -0.0047
11:10:51, 8.57, 257, 358.46, 352.83, 359.55, 0.9979, -0.0625, -0.0137, -0.0048
11:10:51, 8.60, 258, 358.49, 352.83, 359.55, 0.9979, -0.0625, -0.0134, -0.0047
11:10:51, 8.60, 258, 358.52, 352.87, 359.58, 0.9980, -0.0621, -0.0131, -0.0045
11:10:51, 8.60, 258, 358.53, 352.86, 359.57, 0.9980, -0.0622, -0.0131, -0.0046
11:10:51, 8.63, 259, 358.54, 352.89, 359.58, 0.9980, -0.0620, -0.0129, -0.0045
11:10:51, 8.63, 259, 358.56, 352.92, 359.57, 0.9980, -0.0617, -0.0128, -0.0045
11:10:51, 8.67, 260, 358.59, 352.96, 359.54, 0.9980, -0.0613, -0.0125, -0.0047
11:10:51, 8.67, 260, 358.58, 352.97, 359.54, 0.9980, -0.0613, -0.0126, -0.0047
11:10:52, 8.70, 261, 358.57, 352.98, 359.55, 0.9980, -0.0611, -0.0127, -0.0047
11:10:52, 8.70, 261, 358.59, 353.01, 359.54, 0.9981, -0.0609, -0.0126, -0.0047
11:10:52, 8.70, 261, 358.58, 353.01, 359.51, 0.9981, -0.0609, -0.0126, -0.0050
11:10:52, 8.73, 262, 358.57, 353.04, 359.51, 0.9981, -0.0607, -0.0127, -0.0050
11:10:52, 8.73, 262, 358.58, 353.05, 359.52, 0.9981, -0.0605, -0.0126, -0.0050
11:10:52, 8.77, 263, 358.59, 353.09, 359.51, 0.9981, -0.0602, -0.0125, -0.0050
11:10:52, 8.77, 263, 358.59, 353.14, 359.49, 0.9981, -0.0598, -0.0126, -0.0052
11:10:52, 8.77, 263, 358.60, 353.15, 359.50, 0.9981, -0.0597, -0.0125, -0.0051
11:10:52, 8.80, 264, 358.61, 353.17, 359.50, 0.9981, -0.0595, -0.0124, -0.0050
11:10:52, 8.80, 264, 358.62, 353.16, 359.48, 0.9981, -0.0596, -0.0123, -0.0053
11:10:52, 8.83, 265, 358.64, 353.20, 359.45, 0.9982, -0.0593, -0.0122, -0.0055
11:10:52, 8.83, 265, 358.67, 353.24, 359.42, 0.9982, -0.0589, -0.0118, -0.0057
11:10:52, 8.87, 266, 358.71, 353.32, 359.42, 0.9982, -0.0582, -0.0116, -0.0057
11:10:52, 8.87, 266, 358.76, 353.42, 359.40, 0.9983, -0.0573, -0.0111, -0.0058
11:10:52, 8.90, 267, 358.78, 353.46, 359.41, 0.9983, -0.0570, -0.0109, -0.0057
11:10:52, 8.90, 267, 358.80, 353.52, 359.39, 0.9983, -0.0564, -0.0107, -0.0059
11:10:52, 8.93, 268, 358.82, 353.58, 359.37, 0.9984, -0.0560, -0.0106, -0.0061
11:10:52, 8.93, 268, 358.86, 353.64, 359.36, 0.9984, -0.0554, -0.0103, -0.0062
11:10:52, 8.93, 268, 358.86, 353.73, 359.36, 0.9984, -0.0546, -0.0103, -0.0061
11:10:52, 8.97, 269, 358.88, 353.80, 359.36, 0.9985, -0.0540, -0.0101, -0.0061
11:10:52, 8.97, 269, 358.90, 353.88, 359.35, 0.9985, -0.0534, -0.0099, -0.0062
11:10:52, 9.00, 270, 358.91, 353.97, 359.36, 0.9986, -0.0525, -0.0098, -0.0061
11:10:52, 9.00, 270, 358.92, 354.08, 359.35, 0.9986, -0.0516, -0.0097, -0.0061
11:10:52, 9.03, 271, 358.93, 354.17, 359.36, 0.9986, -0.0508, -0.0096, -0.0060
11:10:52, 9.03, 271, 358.95, 354.26, 359.34, 0.9987, -0.0500, -0.0095, -0.0062
11:10:52, 9.03, 271, 358.97, 354.34, 359.35, 0.9987, -0.0494, -0.0093, -0.0061
11:10:52, 9.07, 272, 358.95, 354.41, 359.37, 0.9988, -0.0487, -0.0094, -0.0059
11:10:52, 9.07, 272, 358.95, 354.51, 359.38, 0.9988, -0.0479, -0.0094, -0.0059
11:10:52, 9.10, 273, 358.95, 354.59, 359.38, 0.9988, -0.0471, -0.0094, -0.0058
11:10:52, 9.10, 273, 358.93, 354.66, 359.38, 0.9989, -0.0465, -0.0095, -0.0058
11:10:52, 9.10, 273, 358.93, 354.74, 359.40, 0.9989, -0.0459, -0.0096, -0.0056
11:10:52, 9.13, 274, 358.92, 354.82, 359.41, 0.9989, -0.0452, -0.0097, -0.0056
11:10:52, 9.13, 274, 358.90, 354.89, 359.45, 0.9989, -0.0445, -0.0098, -0.0052
11:10:52, 9.17, 275, 358.88, 354.95, 359.46, 0.9990, -0.0440, -0.0100, -0.0051
11:10:52, 9.17, 275, 358.87, 354.99, 359.48, 0.9990, -0.0436, -0.0101, -0.0050
11:10:52, 9.20, 276, 358.83, 355.01, 359.51, 0.9990, -0.0435, -0.0104, -0.0047
11:10:52, 9.20, 276, 358.81, 355.05, 359.52, 0.9990, -0.0431, -0.0105, -0.0046
11:10:52, 9.20, 276, 358.81, 355.06, 359.52, 0.9990, -0.0430, -0.0106, -0.0046
11:10:52, 9.23, 277, 358.78, 355.07, 359.55, 0.9990, -0.0430, -0.0108, -0.0044
11:10:52, 9.23, 277, 358.77, 355.08, 359.57, 0.9990, -0.0429, -0.0109, -0.0042
11:10:52, 9.27, 278, 358.75, 355.09, 359.59, 0.9990, -0.0428, -0.0111, -0.0041
11:10:52, 9.27, 278, 358.74, 355.12, 359.58, 0.9990, -0.0426, -0.0111, -0.0042
11:10:52, 9.27, 278, 358.75, 355.13, 359.55, 0.9990, -0.0424, -0.0111, -0.0044
11:10:52, 9.30, 279, 358.73, 355.15, 359.56, 0.9990, -0.0422, -0.0113, -0.0043
11:10:52, 9.30, 279, 358.74, 355.17, 359.58, 0.9990, -0.0421, -0.0112, -0.0041
11:10:52, 9.33, 280, 358.72, 355.15, 359.62, 0.9990, -0.0422, -0.0113, -0.0038
11:10:52, 9.33, 280, 358.71, 355.14, 359.66, 0.9990, -0.0423, -0.0113, -0.0034
11:10:52, 9.37, 281, 358.71, 355.09, 359.68, 0.9990, -0.0428, -0.0113, -0.0032
11:10:52, 9.37, 281, 358.71, 355.08, 359.66, 0.9990, -0.0429, -0.0114, -0.0034
11:10:52, 9.37, 281, 358.70, 355.09, 359.68, 0.9990, -0.0428, -0.0115, -0.0033
11:10:52, 9.40, 282, 358.69, 355.08, 359.69, 0.9990, -0.0428, -0.0116, -0.0032
11:10:52, 9.40, 282, 358.67, 355.08, 359.68, 0.9990, -0.0429, -0.0117, -0.0033
11:10:52, 9.43, 283, 358.66, 355.08, 359.69, 0.9990, -0.0429, -0.0118, -0.0032
11:10:52, 9.43, 283, 358.65, 355.08, 359.70, 0.9990, -0.0429, -0.0119, -0.0031
11:10:52, 9.43, 283, 358.63, 355.11, 359.70, 0.9990, -0.0427, -0.0120, -0.0031
11:10:52, 9.47, 284, 358.61, 355.12, 359.71, 0.9990, -0.0426, -0.0122, -0.0031
11:10:52, 9.47, 284, 358.61, 355.14, 359.71, 0.9990, -0.0424, -0.0123, -0.0030
11:10:52, 9.50, 285, 358.59, 355.15, 359.72, 0.9990, -0.0422, -0.0124, -0.0030
11:10:52, 9.50, 285, 358.59, 355.17, 359.74, 0.9990, -0.0421, -0.0124, -0.0028
11:10:52, 9.53, 286, 358.56, 355.19, 359.78, 0.9990, -0.0419, -0.0126, -0.0024
11:10:52, 9.53, 286, 358.54, 355.24, 359.79, 0.9991, -0.0415, -0.0128, -0.0024
11:10:52, 9.53, 286, 358.54, 355.26, 359.78, 0.9991, -0.0413, -0.0129, -0.0025
11:10:52, 9.57, 287, 358.53, 355.28, 359.79, 0.9991, -0.0411, -0.0129, -0.0024
11:10:52, 9.57, 287, 358.52, 355.35, 359.81, 0.9991, -0.0406, -0.0130, -0.0022
11:10:52, 9.60, 288, 358.50, 355.40, 359.82, 0.9991, -0.0401, -0.0132, -0.0021
11:10:52, 9.60, 288, 358.48, 355.48, 359.85, 0.9991, -0.0394, -0.0133, -0.0019
11:10:52, 9.60, 288, 358.49, 355.52, 359.86, 0.9991, -0.0390, -0.0133, -0.0017
11:10:52, 9.63, 289, 358.47, 355.60, 359.88, 0.9992, -0.0384, -0.0134, -0.0016
11:10:52, 9.63, 289, 358.48, 355.64, 359.90, 0.9992, -0.0380, -0.0133, -0.0013
11:10:52, 9.67, 290, 358.45, 355.68, 359.91, 0.9992, -0.0376, -0.0136, -0.0013
11:10:52, 9.67, 290, 358.42, 355.72, 359.93, 0.9992, -0.0373, -0.0138, -0.0011
11:10:53, 9.70, 291, 358.41, 355.77, 359.93, 0.9992, -0.0369, -0.0139, -0.0011
11:10:53, 9.70, 291, 358.37, 355.82, 359.97, 0.9992, -0.0365, -0.0142, -0.0008
11:10:53, 9.70, 291, 358.36, 355.85, 359.97, 0.9992, -0.0362, -0.0143, -0.0008
11:10:53, 9.73, 292, 358.34, 355.87, 359.98, 0.9992, -0.0360, -0.0145, -0.0007
11:10:53, 9.73, 292, 358.31, 355.89, -0.01, 0.9992, -0.0358, -0.0147, -0.0006
11:10:53, 9.77, 293, 358.30, 355.89, 0.00, 0.9992, -0.0358, -0.0148, -0.0005
11:10:53, 9.77, 293, 358.27, 355.89, 0.02, 0.9992, -0.0359, -0.0151, -0.0004
11:10:53, 9.77, 293, 358.26, 355.92, 0.02, 0.9993, -0.0356, -0.0152, -0.0004
11:10:53, 9.80, 294, 358.22, 355.92, 0.03, 0.9992, -0.0356, -0.0155, -0.0003
11:10:53, 9.80, 294, 358.21, 355.89, 0.05, 0.9992, -0.0358, -0.0156, -0.0001
11:10:53, 9.83, 295, 358.19, 355.90, 0.05, 0.9992, -0.0358, -0.0157, -0.0002
11:10:53, 9.83, 295, 358.17, 355.94, 0.06, 0.9992, -0.0354, -0.0160, 0.0000
11:10:53, 9.87, 296, 358.17, 355.93, 0.05, 0.9992, -0.0355, -0.0160, -0.0001
11:10:53, 9.87, 296, 358.16, 355.95, 0.05, 0.9992, -0.0354, -0.0161, -0.0001
11:10:53, 9.87, 296, 358.10, 355.95, 0.04, 0.9992, -0.0353, -0.0165, -0.0002
11:10:53, 9.90, 297, 358.10, 355.93, 0.08, 0.9992, -0.0355, -0.0166, 0.0001
11:10:53, 9.90, 297, 358.07, 355.91, 0.10, 0.9992, -0.0357, -0.0168, 0.0003
11:10:53, 9.93, 298, 358.05, 355.90, 0.11, 0.9992, -0.0358, -0.0169, 0.0004
11:10:53, 9.93, 298, 358.02, 355.88, 0.12, 0.9992, -0.0359, -0.0172, 0.0004
11:10:53, 9.93, 298, 358.02, 355.85, 0.12, 0.9992, -0.0362, -0.0173, 0.0004
11:10:53, 9.97, 299, 357.99, 355.82, 0.15, 0.9992, -0.0365, -0.0174, 0.0006
11:10:53, 9.97, 299, 357.99, 355.79, 0.16, 0.9992, -0.0367, -0.0175, 0.0007
