Timestamp, VideoTime, VideoFrame, HeadYaw, HeadPitch, HeadRoll, HeadQuatW, HeadQuatX, HeadQuatY, HeadQuatZ
11:46:29, 0.00, 0, 87.36, 352.25, 4.52, 0.7192, -0.0216, 0.6904, 0.0751
11:46:29, 0.03, 1, 87.35, 352.18, 4.53, 0.7192, -0.0221, 0.6904, 0.0756
11:46:29, 0.03, 1, 87.31, 352.12, 4.55, 0.7193, -0.0223, 0.6901, 0.0760
11:46:29, 0.03, 1, 87.25, 352.10, 4.55, 0.7197, -0.0225, 0.6897, 0.0761
11:46:29, 0.07, 2, 87.13, 352.07, 4.50, 0.7204, -0.0231, 0.6890, 0.0760
11:46:29, 0.07, 2, 87.02, 352.02, 4.47, 0.7211, -0.0237, 0.6882, 0.0761
11:46:29, 0.10, 3, 86.93, 351.98, 4.47, 0.7216, -0.0240, 0.6877, 0.0763
11:46:29, 0.10, 3, 86.83, 351.91, 4.48, 0.7222, -0.0244, 0.6870, 0.0768
11:46:29, 0.10, 3, 86.73, 351.83, 4.53, 0.7227, -0.0247, 0.6864, 0.0775
11:46:29, 0.13, 4, 86.63, 351.72, 4.57, 0.7231, -0.0252, 0.6858, 0.0784
11:46:29, 0.13, 4, 86.54, 351.65, 4.60, 0.7236, -0.0256, 0.6852, 0.0790
11:46:30, 0.17, 5, 86.40, 351.57, 4.66, 0.7244, -0.0258, 0.6843, 0.0798
11:46:30, 0.17, 5, 86.23, 351.54, 4.69, 0.7253, -0.0259, 0.6832, 0.0801
11:46:30, 0.17, 5, 86.01, 351.55, 4.70, 0.7266, -0.0259, 0.6818, 0.0801
11:46:30, 0.20, 6, 85.80, 351.55, 4.63, 0.7279, -0.0265, 0.6805, 0.0796
11:46:30, 0.20, 6, 85.53, 351.58, 4.64, 0.7295, -0.0265, 0.6788, 0.0794
11:46:30, 0.23, 7, 85.25, 351.54, 4.74, 0.7311, -0.0263, 0.6770, 0.0802
11:46:30, 0.23, 7, 85.00, 351.52, 4.81, 0.7325, -0.0262, 0.6754, 0.0808
11:46:30, 0.27, 8, 84.76, 351.53, 4.87, 0.7339, -0.0260, 0.6739, 0.0810
11:46:30, 0.27, 8, 84.48, 351.59, 4.87, 0.7356, -0.0257, 0.6722, 0.0806
11:46:30, 0.27, 8, 84.24, 351.64, 4.85, 0.7370, -0.0257, 0.6706, 0.0801
11:46:30, 0.30, 9, 84.03, 351.67, 4.75, 0.7383, -0.0263, 0.6692, 0.0793
11:46:30, 0.30, 9, 83.87, 351.70, 4.68, 0.7393, -0.0266, 0.6682, 0.0786
11:46:30, 0.33, 10, 83.78, 351.70, 4.61, 0.7399, -0.0270, 0.6676, 0.0782
11:46:30, 0.33, 10, 83.77, 351.70, 4.57, 0.7400, -0.0273, 0.6675, 0.0779
11:46:30, 0.33, 10, 83.81, 351.73, 4.51, 0.7399, -0.0274, 0.6677, 0.0773
11:46:30, 0.37, 11, 83.87, 351.77, 4.52, 0.7395, -0.0271, 0.6681, 0.0772
11:46:30, 0.37, 11, 83.92, 351.78, 4.53, 0.7392, -0.0269, 0.6685, 0.0772
11:46:30, 0.40, 12, 84.01, 351.78, 4.51, 0.7387, -0.0269, 0.6690, 0.0771
11:46:30, 0.40, 12, 84.15, 351.77, 4.49, 0.7379, -0.0271, 0.6699, 0.0770
11:46:30, 0.43, 13, 84.27, 351.72, 4.52, 0.7371, -0.0271, 0.6707, 0.0776
11:46:30, 0.43, 13, 84.40, 351.72, 4.56, 0.7364, -0.0267, 0.6715, 0.0778
11:46:30, 0.43, 13, 84.47, 351.74, 4.60, 0.7359, -0.0264, 0.6721, 0.0780
11:46:30, 0.47, 14, 84.53, 351.78, 4.63, 0.7356, -0.0259, 0.6724, 0.0779
11:46:30, 0.47, 14, 84.65, 351.87, 4.59, 0.7350, -0.0255, 0.6732, 0.0773
11:46:30, 0.50, 15, 84.79, 351.89, 4.56, 0.7342, -0.0254, 0.6741, 0.0770
11:46:30, 0.50, 15, 84.91, 351.90, 4.57, 0.7335, -0.0252, 0.6749, 0.0769
11:46:30, 0.50, 15, 85.08, 351.92, 4.55, 0.7325, -0.0251, 0.6760, 0.0768
11:46:30, 0.53, 16, 85.30, 351.91, 4.52, 0.7312, -0.0252, 0.6773, 0.0766
11:46:30, 0.53, 16, 85.50, 351.94, 4.55, 0.7300, -0.0246, 0.6787, 0.0767
11:46:30, 0.57, 17, 85.71, 351.95, 4.52, 0.7288, -0.0247, 0.6800, 0.0765
11:46:30, 0.57, 17, 85.94, 351.99, 4.47, 0.7275, -0.0246, 0.6814, 0.0760
11:46:30, 0.60, 18, 86.09, 351.99, 4.44, 0.7266, -0.0247, 0.6824, 0.0758
11:46:30, 0.60, 18, 86.22, 352.03, 4.45, 0.7259, -0.0242, 0.6832, 0.0757
11:46:30, 0.60, 18, 86.38, 352.13, 4.43, 0.7250, -0.0236, 0.6842, 0.0751
11:46:30, 0.63, 19, 86.54, 352.20, 4.43, 0.7241, -0.0231, 0.6852, 0.0746
11:46:30, 0.63, 19, 86.69, 352.32, 4.43, 0.7233, -0.0222, 0.6862, 0.0740
11:46:30, 0.67, 20, 86.86, 352.39, 4.42, 0.7223, -0.0217, 0.6873, 0.0736
11:46:30, 0.67, 20, 87.03, 352.40, 4.41, 0.7213, -0.0216, 0.6884, 0.0734
11:46:30, 0.67, 20, 87.20, 352.45, 4.40, 0.7203, -0.0212, 0.6895, 0.0731
11:46:30, 0.70, 21, 87.41, 352.46, 4.36, 0.7191, -0.0213, 0.6908, 0.0728
11:46:30, 0.70, 21, 87.59, 352.45, 4.34, 0.7180, -0.0214, 0.6919, 0.0728
11:46:30, 0.73, 22, 87.79, 352.40, 4.35, 0.7168, -0.0215, 0.6931, 0.0732
11:46:30, 0.73, 22, 87.97, 352.33, 4.29, 0.7156, -0.0222, 0.6942, 0.0733
11:46:30, 0.77, 23, 88.15, 352.29, 4.26, 0.7146, -0.0225, 0.6953, 0.0734
11:46:30, 0.77, 23, 88.32, 352.21, 4.19, 0.7135, -0.0233, 0.6964, 0.0735
11:46:30, 0.77, 23, 88.42, 352.18, 4.16, 0.7129, -0.0236, 0.6970, 0.0734
11:46:30, 0.80, 24, 88.47, 352.12, 4.14, 0.7126, -0.0241, 0.6973, 0.0737
11:46:30, 0.80, 24, 88.49, 352.08, 4.10, 0.7125, -0.0245, 0.6974, 0.0737
11:46:30, 0.83, 25, 88.45, 352.08, 4.04, 0.7128, -0.0249, 0.6971, 0.0734
11:46:30, 0.83, 25, 88.40, 352.08, 4.01, 0.7131, -0.0251, 0.6968, 0.0731
11:46:30, 0.83, 25, 88.26, 352.10, 4.02, 0.7140, -0.0250, 0.6959, 0.0730
11:46:30, 0.87, 26, 88.12, 352.12, 3.99, 0.7148, -0.0252, 0.6951, 0.0727
11:46:30, 0.87, 26, 88.01, 352.18, 3.95, 0.7155, -0.0251, 0.6944, 0.0721
11:46:30, 0.90, 27, 87.97, 352.21, 3.88, 0.7159, -0.0254, 0.6941, 0.0714
11:46:30, 0.90, 27, 87.94, 352.19, 3.84, 0.7160, -0.0258, 0.6939, 0.0713
11:46:30, 0.93, 28, 87.87, 352.16, 3.82, 0.7165, -0.0261, 0.6935, 0.0713
11:46:30, 0.93, 28, 87.78, 352.13, 3.80, 0.7170, -0.0265, 0.6929, 0.0714
11:46:30, 0.93, 28, 87.73, 352.11, 3.74, 0.7173, -0.0270, 0.6926, 0.0711
11:46:30, 0.97, 29, 87.70, 352.13, 3.68, 0.7175, -0.0273, 0.6924, 0.0706
11:46:30, 0.97, 29, 87.71, 352.15, 3.60, 0.7175, -0.0276, 0.6925, 0.0700
11:46:30, 1.00, 30, 87.71, 352.11, 3.57, 0.7176, -0.0281, 0.6924, 0.0700
11:46:30, 1.00, 30, 87.68, 352.06, 3.53, 0.7177, -0.0286, 0.6922, 0.0701
11:46:30, 1.00, 30, 87.67, 351.98, 3.51, 0.7178, -0.0293, 0.6921, 0.0704
11:46:30, 1.03, 31, 87.70, 351.91, 3.45, 0.7176, -0.0300, 0.6923, 0.0705
11:46:30, 1.03, 31, 87.78, 351.83, 3.37, 0.7171, -0.0310, 0.6928, 0.0705
11:46:30, 1.07, 32, 87.87, 351.74, 3.32, 0.7165, -0.0318, 0.6933, 0.0708
11:46:30, 1.07, 32, 87.94, 351.66, 3.31, 0.7160, -0.0323, 0.6937, 0.0712
11:46:30, 1.10, 33, 87.93, 351.63, 3.25, 0.7161, -0.0329, 0.6936, 0.0710
11:46:30, 1.10, 33, 87.91, 351.61, 3.23, 0.7163, -0.0332, 0.6934, 0.0710
11:46:30, 1.10, 33, 87.87, 351.61, 3.15, 0.7165, -0.0337, 0.6932, 0.0705
11:46:30, 1.13, 34, 87.80, 351.56, 3.07, 0.7170, -0.0345, 0.6927, 0.0702
11:46:30, 1.13, 34, 87.72, 351.51, 2.97, 0.7175, -0.0355, 0.6921, 0.0699
11:46:31, 1.17, 35, 87.61, 351.44, 2.91, 0.7182, -0.0363, 0.6914, 0.0699
11:46:31, 1.17, 35, 87.48, 351.39, 2.88, 0.7189, -0.0369, 0.6906, 0.0699
11:46:31, 1.20, 36, 87.33, 351.39, 2.82, 0.7199, -0.0373, 0.6896, 0.0696
11:46:31, 1.20, 36, 87.15, 351.38, 2.76, 0.7210, -0.0379, 0.6884, 0.0692
11:46:31, 1.20, 36, 86.98, 351.36, 2.71, 0.7220, -0.0384, 0.6874, 0.0689
11:46:31, 1.23, 37, 86.71, 351.32, 2.68, 0.7236, -0.0390, 0.6857, 0.0689
11:46:31, 1.23, 37, 86.43, 351.33, 2.64, 0.7253, -0.0393, 0.6838, 0.0685
11:46:31, 1.27, 38, 86.15, 351.30, 2.57, 0.7270, -0.0401, 0.6820, 0.0681
11:46:31, 1.27, 38, 85.89, 351.33, 2.52, 0.7286, -0.0404, 0.6804, 0.0675
11:46:31, 1.27, 38, 85.73, 351.33, 2.48, 0.7296, -0.0407, 0.6794, 0.0672
11:46:31, 1.30, 39, 85.60, 351.30, 2.46, 0.7304, -0.0411, 0.6785, 0.0673
11:46:31, 1.30, 39, 85.46, 351.24, 2.46, 0.7311, -0.0416, 0.6776, 0.0676
11:46:31, 1.33, 40, 85.32, 351.20, 2.50, 0.7319, -0.0417, 0.6767, 0.0680
11:46:31, 1.33, 40, 85.19, 351.21, 2.54, 0.7326, -0.0414, 0.6759, 0.0682
11:46:31, 1.33, 40, 85.10, 351.20, 2.57, 0.7331, -0.0414, 0.6754, 0.0683
11:46:31, 1.37, 41, 85.07, 351.21, 2.56, 0.7334, -0.0414, 0.6751, 0.0682
11:46:31, 1.37, 41, 85.03, 351.15, 2.57, 0.7335, -0.0418, 0.6749, 0.0686
11:46:31, 1.40, 42, 85.00, 351.11, 2.61, 0.7337, -0.0418, 0.6747, 0.0691
11:46:31, 1.40, 42, 84.98, 351.12, 2.65, 0.7338, -0.0415, 0.6745, 0.0693
11:46:31, 1.43, 43, 84.96, 351.17, 2.69, 0.7339, -0.0409, 0.6745, 0.0692
11:46:31, 1.43, 43, 84.93, 351.18, 2.77, 0.7341, -0.0404, 0.6743, 0.0696
11:46:31, 1.43, 43, 84.93, 351.16, 2.80, 0.7340, -0.0404, 0.6743, 0.0700
11:46:31, 1.47, 44, 84.97, 351.15, 2.79, 0.7338, -0.0405, 0.6746, 0.0700
11:46:31, 1.47, 44, 85.04, 351.12, 2.79, 0.7334, -0.0407, 0.6750, 0.0702
11:46:31, 1.50, 45, 85.12, 351.13, 2.81, 0.7329, -0.0404, 0.6755, 0.0703
11:46:31, 1.50, 45, 85.16, 351.14, 2.85, 0.7326, -0.0401, 0.6758, 0.0705
11:46:31, 1.50, 45, 85.18, 351.15, 2.88, 0.7325, -0.0398, 0.6760, 0.0706
11:46:31, 1.53, 46, 85.20, 351.17, 2.92, 0.7323, -0.0395, 0.6761, 0.0708
11:46:31, 1.53, 46, 85.25, 351.19, 2.92, 0.7321, -0.0393, 0.6764, 0.0706
11:46:31, 1.57, 47, 85.32, 351.20, 2.95, 0.7317, -0.0390, 0.6769, 0.0708
11:46:31, 1.57, 47, 85.37, 351.25, 2.97, 0.7314, -0.0386, 0.6772, 0.0707
11:46:31, 1.60, 48, 85.40, 351.26, 3.02, 0.7312, -0.0381, 0.6774, 0.0710
11:46:31, 1.60, 48, 85.40, 351.30, 3.07, 0.7312, -0.0376, 0.6774, 0.0710
11:46:31, 1.60, 48, 85.39, 351.34, 3.10, 0.7312, -0.0372, 0.6774, 0.0710
11:46:31, 1.63, 49, 85.38, 351.38, 3.16, 0.7313, -0.0366, 0.6774, 0.0711
11:46:31, 1.63, 49, 85.35, 351.41, 3.19, 0.7315, -0.0362, 0.6772, 0.0711
11:46:31, 1.67, 50, 85.29, 351.44, 3.25, 0.7318, -0.0357, 0.6769, 0.0713
11:46:31, 1.67, 50, 85.23, 351.48, 3.31, 0.7321, -0.0352, 0.6765, 0.0715
11:46:31, 1.67, 50, 85.17, 351.53, 3.35, 0.7325, -0.0346, 0.6761, 0.0714
11:46:31, 1.70, 51, 85.09, 351.56, 3.40, 0.7330, -0.0342, 0.6756, 0.0716
11:46:31, 1.70, 51, 85.02, 351.57, 3.42, 0.7334, -0.0341, 0.6752, 0.0716
11:46:31, 1.73, 52, 84.94, 351.58, 3.48, 0.7338, -0.0337, 0.6747, 0.0718
11:46:31, 1.73, 52, 84.84, 351.59, 3.53, 0.7344, -0.0334, 0.6741, 0.0721
11:46:31, 1.77, 53, 84.72, 351.61, 3.56, 0.7350, -0.0332, 0.6734, 0.0721
11:46:31, 1.77, 53, 84.60, 351.63, 3.59, 0.7358, -0.0329, 0.6726, 0.0722
11:46:31, 1.77, 53, 84.48, 351.67, 3.61, 0.7365, -0.0326, 0.6718, 0.0720
11:46:31, 1.80, 54, 84.31, 351.70, 3.65, 0.7375, -0.0323, 0.6707, 0.0721
11:46:31, 1.80, 54, 84.11, 351.73, 3.71, 0.7386, -0.0319, 0.6695, 0.0722
11:46:31, 1.83, 55, 83.87, 351.81, 3.75, 0.7400, -0.0313, 0.6680, 0.0720
11:46:31, 1.83, 55, 83.62, 351.90, 3.79, 0.7415, -0.0307, 0.6664, 0.0716
11:46:31, 1.83, 55, 83.37, 351.98, 3.80, 0.7430, -0.0302, 0.6648, 0.0712
11:46:31, 1.87, 56, 83.14, 352.08, 3.78, 0.7444, -0.0298, 0.6633, 0.0704
11:46:31, 1.87, 56, 82.94, 352.11, 3.78, 0.7456, -0.0297, 0.6620, 0.0702
11:46:31, 1.90, 57, 82.78, 352.13, 3.76, 0.7466, -0.0298, 0.6609, 0.0699
11:46:31, 1.90, 57, 82.60, 352.12, 3.80, 0.7476, -0.0298, 0.6598, 0.0702
11:46:31, 1.93, 58, 82.43, 352.12, 3.84, 0.7485, -0.0297, 0.6587, 0.0704
11:46:31, 1.93, 58, 82.25, 352.14, 3.87, 0.7495, -0.0295, 0.6575, 0.0704
11:46:31, 1.93, 58, 82.10, 352.14, 3.87, 0.7504, -0.0296, 0.6566, 0.0704
11:46:31, 1.97, 59, 81.96, 352.14, 3.86, 0.7512, -0.0297, 0.6556, 0.0703
11:46:31, 1.97, 59, 81.78, 352.15, 3.88, 0.7522, -0.0296, 0.6545, 0.0703
11:46:31, 2.00, 60, 81.59, 352.17, 3.87, 0.7533, -0.0296, 0.6532, 0.0701
11:46:31, 2.00, 60, 81.41, 352.21, 3.83, 0.7544, -0.0297, 0.6520, 0.0696
11:46:31, 2.00, 60, 81.23, 352.23, 3.81, 0.7555, -0.0298, 0.6508, 0.0693
11:46:31, 2.03, 61, 81.06, 352.22, 3.82, 0.7564, -0.0299, 0.6497, 0.0693
11:46:31, 2.03, 61, 80.94, 352.22, 3.84, 0.7571, -0.0299, 0.6489, 0.0695
11:46:31, 2.07, 62, 80.82, 352.25, 3.85, 0.7578, -0.0297, 0.6481, 0.0693
11:46:31, 2.07, 62, 80.70, 352.33, 3.84, 0.7585, -0.0293, 0.6473, 0.0688
11:46:31, 2.10, 63, 80.58, 352.41, 3.87, 0.7592, -0.0287, 0.6466, 0.0685
11:46:31, 2.10, 63, 80.45, 352.43, 3.87, 0.7600, -0.0286, 0.6457, 0.0683
11:46:31, 2.10, 63, 80.29, 352.48, 3.90, 0.7609, -0.0282, 0.6447, 0.0682
11:46:31, 2.13, 64, 80.12, 352.51, 3.91, 0.7619, -0.0280, 0.6435, 0.0681
11:46:31, 2.13, 64, 79.96, 352.58, 3.94, 0.7628, -0.0276, 0.6425, 0.0678
11:46:32, 2.17, 65, 79.77, 352.67, 3.96, 0.7639, -0.0269, 0.6413, 0.0674
11:46:32, 2.17, 65, 79.61, 352.76, 3.95, 0.7649, -0.0265, 0.6402, 0.0668
11:46:32, 2.17, 65, 79.42, 352.82, 3.91, 0.7660, -0.0264, 0.6389, 0.0662
11:46:32, 2.20, 66, 79.26, 352.87, 3.93, 0.7669, -0.0261, 0.6379, 0.0660
11:46:32, 2.20, 66, 79.09, 352.94, 3.95, 0.7678, -0.0256, 0.6367, 0.0657
11:46:32, 2.23, 67, 78.91, 353.04, 3.95, 0.7689, -0.0250, 0.6356, 0.0651
11:46:32, 2.23, 67, 78.74, 353.09, 3.97, 0.7699, -0.0246, 0.6344, 0.0649
11:46:32, 2.27, 68, 78.58, 353.12, 4.01, 0.7708, -0.0243, 0.6333, 0.0650
11:46:32, 2.27, 68, 78.40, 353.14, 4.02, 0.7718, -0.0242, 0.6321, 0.0649
11:46:32, 2.27, 68, 78.27, 353.18, 4.03, 0.7725, -0.0240, 0.6313, 0.0648
11:46:32, 2.30, 69, 78.16, 353.19, 4.06, 0.7731, -0.0238, 0.6305, 0.0649
11:46:32, 2.30, 69, 78.05, 353.20, 4.09, 0.7737, -0.0236, 0.6298, 0.0650
11:46:32, 2.33, 70, 77.91, 353.26, 4.16, 0.7744, -0.0229, 0.6289, 0.0651
11:46:32, 2.33, 70, 77.69, 353.32, 4.23, 0.7756, -0.0222, 0.6274, 0.0652
11:46:32, 2.33, 70, 77.50, 353.40, 4.26, 0.7767, -0.0216, 0.6261, 0.0650
11:46:32, 2.37, 71, 77.30, 353.44, 4.28, 0.7778, -0.0214, 0.6248, 0.0648
11:46:32, 2.37, 71, 77.09, 353.47, 4.34, 0.7789, -0.0209, 0.6234, 0.0650
11:46:32, 2.40, 72, 76.84, 353.45, 4.48, 0.7802, -0.0205, 0.6217, 0.0660
11:46:32, 2.40, 72, 76.54, 353.48, 4.61, 0.7818, -0.0198, 0.6196, 0.0667
11:46:32, 2.43, 73, 76.22, 353.48, 4.72, 0.7835, -0.0193, 0.6175, 0.0674
11:46:32, 2.43, 73, 75.89, 353.48, 4.85, 0.7851, -0.0189, 0.6153, 0.0682
11:46:32, 2.43, 73, 75.61, 353.48, 4.93, 0.7866, -0.0186, 0.6133, 0.0688
11:46:32, 2.47, 74, 75.37, 353.47, 4.97, 0.7878, -0.0186, 0.6117, 0.0690
11:46:32, 2.47, 74, 75.20, 353.46, 4.97, 0.7887, -0.0187, 0.6106, 0.0690
11:46:32, 2.50, 75, 75.04, 353.47, 4.98, 0.7896, -0.0187, 0.6094, 0.0691
11:46:32, 2.50, 75, 74.84, 353.49, 5.00, 0.7907, -0.0186, 0.6081, 0.0691
11:46:32, 2.53, 76, 74.68, 353.52, 4.96, 0.7915, -0.0187, 0.6070, 0.0686
11:46:32, 2.53, 76, 74.55, 353.51, 4.93, 0.7922, -0.0190, 0.6061, 0.0684
11:46:32, 2.53, 76, 74.42, 353.51, 4.93, 0.7929, -0.0191, 0.6051, 0.0684
11:46:32, 2.57, 77, 74.25, 353.49, 4.93, 0.7938, -0.0193, 0.6040, 0.0685
11:46:32, 2.57, 77, 74.08, 353.48, 4.89, 0.7947, -0.0197, 0.6028, 0.0682
11:46:32, 2.60, 78, 73.92, 353.50, 4.90, 0.7956, -0.0196, 0.6016, 0.0682
11:46:32, 2.60, 78, 73.77, 353.50, 4.86, 0.7964, -0.0199, 0.6006, 0.0678
11:46:32, 2.60, 78, 73.62, 353.51, 4.84, 0.7972, -0.0200, 0.5996, 0.0676
11:46:32, 2.63, 79, 73.49, 353.50, 4.80, 0.7979, -0.0204, 0.5987, 0.0674
11:46:32, 2.63, 79, 73.37, 353.52, 4.78, 0.7985, -0.0204, 0.5978, 0.0671
11:46:32, 2.67, 80, 73.22, 353.52, 4.80, 0.7993, -0.0204, 0.5968, 0.0672
11:46:32, 2.67, 80, 73.11, 353.55, 4.80, 0.7999, -0.0202, 0.5960, 0.0671
11:46:32, 2.70, 81, 73.00, 353.58, 4.83, 0.8005, -0.0200, 0.5953, 0.0671
11:46:32, 2.70, 81, 72.93, 353.61, 4.83, 0.8009, -0.0198, 0.5947, 0.0669
11:46:32, 2.70, 81, 72.84, 353.66, 4.84, 0.8014, -0.0194, 0.5941, 0.0667
11:46:32, 2.73, 82, 72.78, 353.71, 4.83, 0.8017, -0.0191, 0.5937, 0.0664
11:46:32, 2.73, 82, 72.73, 353.72, 4.83, 0.8019, -0.0191, 0.5934, 0.0663
11:46:32, 2.77, 83, 72.72, 353.75, 4.83, 0.8021, -0.0189, 0.5933, 0.0662
11:46:32, 2.77, 83, 72.67, 353.76, 4.83, 0.8023, -0.0189, 0.5930, 0.0662
11:46:32, 2.77, 83, 72.64, 353.73, 4.84, 0.8024, -0.0190, 0.5928, 0.0663
11:46:32, 2.80, 84, 72.54, 353.72, 4.87, 0.8029, -0.0190, 0.5921, 0.0666
11:46:32, 2.80, 84, 72.46, 353.77, 4.85, 0.8034, -0.0189, 0.5915, 0.0662
11:46:32, 2.83, 85, 72.35, 353.77, 4.88, 0.8039, -0.0188, 0.5907, 0.0664
11:46:32, 2.83, 85, 72.24, 353.78, 4.86, 0.8045, -0.0188, 0.5899, 0.0661
11:46:32, 2.83, 85, 72.10, 353.77, 4.83, 0.8052, -0.0191, 0.5890, 0.0659
11:46:32, 2.87, 86, 72.01, 353.72, 4.80, 0.8057, -0.0197, 0.5883, 0.0660
11:46:32, 2.87, 86, 71.91, 353.72, 4.80, 0.8062, -0.0198, 0.5876, 0.0660
11:46:32, 2.90, 87, 71.76, 353.67, 4.82, 0.8069, -0.0201, 0.5866, 0.0664
11:46:32, 2.90, 87, 71.60, 353.67, 4.83, 0.8077, -0.0202, 0.5854, 0.0664
11:46:32, 2.93, 88, 71.43, 353.63, 4.79, 0.8086, -0.0207, 0.5842, 0.0663
11:46:32, 2.93, 88, 71.28, 353.61, 4.76, 0.8094, -0.0211, 0.5832, 0.0661
11:46:32, 2.93, 88, 71.16, 353.58, 4.72, 0.8100, -0.0216, 0.5823, 0.0660
11:46:32, 2.97, 89, 71.02, 353.54, 4.70, 0.8107, -0.0221, 0.5813, 0.0660
11:46:32, 2.97, 89, 70.85, 353.52, 4.69, 0.8115, -0.0223, 0.5801, 0.0660
11:46:32, 3.00, 90, 70.66, 353.55, 4.71, 0.8125, -0.0221, 0.5787, 0.0660
11:46:32, 3.00, 90, 70.48, 353.53, 4.69, 0.8134, -0.0224, 0.5775, 0.0659
11:46:32, 3.03, 91, 70.30, 353.52, 4.67, 0.8144, -0.0228, 0.5762, 0.0658
11:46:32, 3.03, 91, 70.14, 353.48, 4.67, 0.8151, -0.0231, 0.5751, 0.0659
11:46:32, 3.03, 91, 70.02, 353.47, 4.68, 0.8157, -0.0232, 0.5742, 0.0661
11:46:32, 3.07, 92, 69.91, 353.47, 4.72, 0.8162, -0.0231, 0.5735, 0.0663
11:46:32, 3.07, 92, 69.80, 353.46, 4.77, 0.8168, -0.0229, 0.5727, 0.0667
11:46:32, 3.10, 93, 69.65, 353.45, 4.79, 0.8175, -0.0230, 0.5716, 0.0668
11:46:32, 3.10, 93, 69.54, 353.41, 4.76, 0.8180, -0.0235, 0.5708, 0.0668
11:46:32, 3.10, 93, 69.46, 353.38, 4.77, 0.8184, -0.0237, 0.5703, 0.0670
11:46:32, 3.13, 94, 69.42, 353.32, 4.81, 0.8185, -0.0240, 0.5700, 0.0676
11:46:32, 3.13, 94, 69.40, 353.23, 4.81, 0.8186, -0.0246, 0.5698, 0.0680
11:46:33, 3.17, 95, 69.36, 353.18, 4.79, 0.8188, -0.0251, 0.5695, 0.0682
11:46:33, 3.17, 95, 69.33, 353.13, 4.78, 0.8189, -0.0256, 0.5693, 0.0683
11:46:33, 3.20, 96, 69.29, 353.07, 4.75, 0.8191, -0.0262, 0.5690, 0.0684
11:46:33, 3.20, 96, 69.22, 353.03, 4.76, 0.8194, -0.0265, 0.5685, 0.0686
11:46:33, 3.20, 96, 69.15, 352.98, 4.75, 0.8197, -0.0269, 0.5680, 0.0688
11:46:33, 3.23, 97, 69.07, 352.97, 4.72, 0.8201, -0.0271, 0.5675, 0.0685
11:46:33, 3.23, 97, 69.02, 352.97, 4.69, 0.8204, -0.0273, 0.5670, 0.0684
11:46:33, 3.27, 98, 68.92, 353.00, 4.66, 0.8209, -0.0274, 0.5663, 0.0680
11:46:33, 3.27, 98, 68.84, 352.99, 4.66, 0.8213, -0.0275, 0.5658, 0.0680
11:46:33, 3.27, 98, 68.76, 352.99, 4.65, 0.8217, -0.0276, 0.5652, 0.0679
11:46:33, 3.30, 99, 68.68, 353.00, 4.61, 0.8221, -0.0277, 0.5646, 0.0676
11:46:33, 3.30, 99, 68.57, 352.99, 4.59, 0.8227, -0.0280, 0.5638, 0.0674
11:46:33, 3.33, 100, 68.46, 352.98, 4.58, 0.8232, -0.0282, 0.5630, 0.0674
11:46:33, 3.33, 100, 68.29, 352.98, 4.56, 0.8240, -0.0283, 0.5618, 0.0672
11:46:33, 3.37, 101, 68.11, 352.97, 4.53, 0.8250, -0.0286, 0.5605, 0.0670
11:46:33, 3.37, 101, 67.87, 353.01, 4.50, 0.8261, -0.0287, 0.5588, 0.0666
11:46:33, 3.37, 101, 67.58, 352.99, 4.50, 0.8276, -0.0290, 0.5566, 0.0665
11:46:33, 3.40, 102, 67.17, 353.00, 4.45, 0.8296, -0.0294, 0.5537, 0.0660
11:46:33, 3.40, 102, 66.66, 353.01, 4.42, 0.8320, -0.0297, 0.5500, 0.0656
11:46:33, 3.43, 103, 66.01, 352.99, 4.27, 0.8352, -0.0309, 0.5452, 0.0645
11:46:33, 3.43, 103, 65.19, 352.95, 4.20, 0.8391, -0.0321, 0.5392, 0.0639
11:46:33, 3.43, 103, 64.36, 352.89, 4.22, 0.8430, -0.0329, 0.5331, 0.0641
11:46:33, 3.47, 104, 63.41, 352.90, 4.26, 0.8473, -0.0332, 0.5261, 0.0641
11:46:33, 3.47, 104, 62.33, 352.89, 4.40, 0.8522, -0.0332, 0.5182, 0.0649
11:46:33, 3.50, 105, 61.15, 352.85, 4.62, 0.8573, -0.0332, 0.5094, 0.0663
11:46:33, 3.50, 105, 59.97, 352.86, 4.88, 0.8624, -0.0326, 0.5007, 0.0679
11:46:33, 3.50, 105, 58.75, 352.84, 5.04, 0.8675, -0.0328, 0.4915, 0.0688
11:46:33, 3.53, 106, 57.67, 352.84, 5.32, 0.8720, -0.0323, 0.4833, 0.0706
11:46:33, 3.53, 106, 56.69, 352.88, 5.60, 0.8759, -0.0314, 0.4760, 0.0723
11:46:33, 3.57, 107, 55.64, 352.92, 5.88, 0.8801, -0.0306, 0.4680, 0.0740
11:46:33, 3.57, 107, 54.66, 353.01, 6.12, 0.8840, -0.0296, 0.4605, 0.0753
11:46:33, 3.60, 108, 53.62, 353.08, 6.28, 0.8880, -0.0291, 0.4525, 0.0760
11:46:33, 3.60, 108, 52.55, 353.18, 6.38, 0.8922, -0.0287, 0.4442, 0.0761
11:46:33, 3.60, 108, 51.62, 353.22, 6.36, 0.8958, -0.0290, 0.4369, 0.0756
11:46:33, 3.63, 109, 50.83, 353.19, 6.44, 0.8988, -0.0295, 0.4307, 0.0761
11:46:33, 3.63, 109, 50.10, 353.23, 6.61, 0.9014, -0.0290, 0.4250, 0.0771
11:46:33, 3.67, 110, 49.30, 353.20, 6.80, 0.9042, -0.0291, 0.4188, 0.0785
11:46:33, 3.67, 110, 48.49, 353.20, 6.92, 0.9071, -0.0292, 0.4124, 0.0793
11:46:33, 3.70, 111, 47.71, 353.24, 7.03, 0.9098, -0.0290, 0.4062, 0.0798
11:46:33, 3.70, 111, 46.91, 353.27, 7.15, 0.9126, -0.0290, 0.3999, 0.0805
11:46:33, 3.70, 111, 46.10, 353.32, 7.24, 0.9153, -0.0288, 0.3935, 0.0808
11:46:33, 3.73, 112, 45.31, 353.34, 7.33, 0.9180, -0.0289, 0.3871, 0.0812
11:46:33, 3.73, 112, 44.57, 353.37, 7.29, 0.9205, -0.0293, 0.3812, 0.0806
11:46:33, 3.77, 113, 43.96, 353.44, 7.27, 0.9226, -0.0293, 0.3763, 0.0801
11:46:33, 3.77, 113, 43.37, 353.50, 7.34, 0.9245, -0.0290, 0.3715, 0.0803
11:46:33, 3.77, 113, 42.82, 353.62, 7.36, 0.9263, -0.0284, 0.3670, 0.0799
11:46:33, 3.80, 114, 42.30, 353.67, 7.36, 0.9280, -0.0282, 0.3629, 0.0797
11:46:33, 3.80, 114, 41.81, 353.77, 7.45, 0.9296, -0.0276, 0.3588, 0.0799
11:46:33, 3.83, 115, 41.33, 353.87, 7.55, 0.9311, -0.0268, 0.3549, 0.0803
11:46:33, 3.83, 115, 40.88, 353.97, 7.59, 0.9325, -0.0261, 0.3513, 0.0803
11:46:33, 3.83, 115, 40.29, 354.08, 7.65, 0.9343, -0.0254, 0.3464, 0.0803
11:46:33, 3.87, 116, 39.67, 354.33, 7.75, 0.9362, -0.0236, 0.3413, 0.0802
11:46:33, 3.87, 116, 39.02, 354.68, 7.84, 0.9383, -0.0208, 0.3358, 0.0798
11:46:33, 3.90, 117, 38.32, 355.04, 7.82, 0.9405, -0.0184, 0.3300, 0.0785
11:46:33, 3.90, 117, 37.62, 355.51, 7.77, 0.9428, -0.0151, 0.3240, 0.0767
11:46:33, 3.93, 118, 36.90, 355.95, 7.66, 0.9451, -0.0123, 0.3178, 0.0745
11:46:33, 3.93, 118, 36.23, 356.46, 7.37, 0.9474, -0.0093, 0.3120, 0.0706
11:46:33, 3.93, 118, 35.63, 356.81, 7.08, 0.9493, -0.0076, 0.3069, 0.0673
11:46:33, 3.97, 119, 35.07, 357.11, 6.92, 0.9510, -0.0058, 0.3021, 0.0651
11:46:33, 3.97, 119, 34.55, 357.27, 6.81, 0.9525, -0.0051, 0.2977, 0.0637
11:46:33, 4.00, 120, 33.92, 357.43, 6.80, 0.9542, -0.0041, 0.2924, 0.0633
11:46:33, 4.00, 120, 33.27, 357.56, 6.75, 0.9559, -0.0035, 0.2869, 0.0625
11:46:33, 4.00, 120, 32.53, 357.61, 6.63, 0.9578, -0.0038, 0.2807, 0.0613
11:46:33, 4.03, 121, 31.84, 357.66, 6.54, 0.9596, -0.0040, 0.2749, 0.0604
11:46:33, 4.03, 121, 31.25, 357.65, 6.38, 0.9610, -0.0047, 0.2700, 0.0591
11:46:33, 4.07, 122, 30.74, 357.69, 6.28, 0.9623, -0.0049, 0.2657, 0.0582
11:46:33, 4.07, 122, 30.30, 357.72, 6.25, 0.9633, -0.0049, 0.2620, 0.0578
11:46:33, 4.10, 123, 29.85, 357.75, 6.20, 0.9644, -0.0050, 0.2582, 0.0573
11:46:33, 4.10, 123, 29.40, 357.76, 6.18, 0.9654, -0.0052, 0.2543, 0.0571
11:46:33, 4.10, 123, 28.89, 357.81, 6.04, 0.9666, -0.0054, 0.2501, 0.0557
11:46:33, 4.13, 124, 28.37, 357.81, 5.87, 0.9678, -0.0059, 0.2456, 0.0543
11:46:33, 4.13, 124, 27.94, 357.83, 5.72, 0.9688, -0.0063, 0.2420, 0.0530
11:46:34, 4.17, 125, 27.43, 357.77, 5.62, 0.9699, -0.0072, 0.2377, 0.0522
11:46:34, 4.17, 125, 26.92, 357.87, 5.53, 0.9710, -0.0068, 0.2333, 0.0512
11:46:34, 4.20, 126, 26.29, 357.94, 5.40, 0.9724, -0.0067, 0.2280, 0.0499
11:46:34, 4.20, 126, 25.62, 357.99, 5.26, 0.9737, -0.0069, 0.2223, 0.0487
11:46:34, 4.20, 126, 24.90, 358.00, 5.00, 0.9752, -0.0076, 0.2161, 0.0464
11:46:34, 4.23, 127, 24.06, 358.08, 4.78, 0.9769, -0.0077, 0.2089, 0.0443
11:46:34, 4.23, 127, 23.02, 358.07, 4.58, 0.9788, -0.0085, 0.2000, 0.0425
11:46:34, 4.27, 128, 21.75, 358.07, 4.30, 0.9811, -0.0094, 0.1892, 0.0400
11:46:34, 4.27, 128, 20.30, 358.07, 3.85, 0.9836, -0.0106, 0.1766, 0.0360
11:46:34, 4.27, 128, 18.78, 358.01, 3.35, 0.9859, -0.0124, 0.1636, 0.0317
11:46:34, 4.30, 129, 17.42, 357.93, 2.99, 0.9879, -0.0139, 0.1518, 0.0286
11:46:34, 4.30, 129, 16.36, 357.87, 2.82, 0.9893, -0.0149, 0.1427, 0.0270
11:46:34, 4.33, 130, 15.46, 357.87, 2.74, 0.9904, -0.0152, 0.1349, 0.0262
11:46:34, 4.33, 130, 14.62, 357.82, 2.69, 0.9914, -0.0159, 0.1276, 0.0257
11:46:34, 4.37, 131, 13.85, 357.85, 2.79, 0.9922, -0.0156, 0.1210, 0.0265
11:46:34, 4.37, 131, 13.06, 357.80, 2.82, 0.9930, -0.0163, 0.1142, 0.0266
11:46:34, 4.37, 131, 12.36, 357.77, 2.80, 0.9937, -0.0167, 0.1080, 0.0264
11:46:34, 4.40, 132, 11.67, 357.62, 2.83, 0.9943, -0.0182, 0.1021, 0.0267
11:46:34, 4.40, 132, 11.08, 357.62, 2.88, 0.9948, -0.0183, 0.0970, 0.0270
11:46:34, 4.43, 133, 10.48, 357.54, 2.97, 0.9952, -0.0190, 0.0918, 0.0277
11:46:34, 4.43, 133, 9.88, 357.54, 3.02, 0.9957, -0.0191, 0.0866, 0.0281
11:46:34, 4.43, 133, 9.27, 357.58, 3.22, 0.9961, -0.0188, 0.0813, 0.0297
11:46:34, 4.47, 134, 8.70, 357.56, 3.27, 0.9964, -0.0191, 0.0764, 0.0300
11:46:34, 4.47, 134, 8.24, 357.53, 3.26, 0.9967, -0.0195, 0.0724, 0.0299
11:46:34, 4.50, 135, 7.86, 357.49, 3.20, 0.9970, -0.0199, 0.0691, 0.0293
11:46:34, 4.50, 135, 7.49, 357.46, 3.17, 0.9972, -0.0203, 0.0659, 0.0291
11:46:34, 4.53, 136, 7.09, 357.41, 3.11, 0.9974, -0.0208, 0.0624, 0.0285
11:46:34, 4.53, 136, 6.75, 357.38, 2.99, 0.9976, -0.0213, 0.0595, 0.0274
11:46:34, 4.53, 136, 6.48, 357.32, 2.90, 0.9978, -0.0219, 0.0571, 0.0266
11:46:34, 4.57, 137, 6.22, 357.25, 2.76, 0.9979, -0.0226, 0.0548, 0.0254
11:46:34, 4.57, 137, 5.96, 357.17, 2.67, 0.9980, -0.0234, 0.0525, 0.0246
11:46:34, 4.60, 138, 5.68, 357.08, 2.63, 0.9982, -0.0243, 0.0501, 0.0242
11:46:34, 4.60, 138, 5.38, 356.94, 2.59, 0.9983, -0.0256, 0.0475, 0.0239
11:46:34, 4.60, 138, 5.10, 356.88, 2.55, 0.9984, -0.0262, 0.0451, 0.0234
11:46:34, 4.63, 139, 4.74, 356.76, 2.55, 0.9985, -0.0274, 0.0420, 0.0234
11:46:34, 4.63, 139, 4.46, 356.72, 2.51, 0.9986, -0.0277, 0.0395, 0.0230
11:46:34, 4.67, 140, 4.12, 356.63, 2.53, 0.9987, -0.0286, 0.0366, 0.0231
11:46:34, 4.67, 140, 3.82, 356.50, 2.51, 0.9987, -0.0298, 0.0339, 0.0229
11:46:34, 4.67, 140, 3.44, 356.41, 2.58, 0.9988, -0.0306, 0.0307, 0.0234
11:46:34, 4.70, 141, 2.96, 356.29, 2.57, 0.9989, -0.0318, 0.0265, 0.0232
11:46:34, 4.70, 141, 2.45, 356.22, 2.51, 0.9990, -0.0325, 0.0221, 0.0226
11:46:34, 4.73, 142, 1.89, 356.10, 2.41, 0.9991, -0.0336, 0.0172, 0.0216
11:46:34, 4.73, 142, 1.41, 356.08, 2.38, 0.9991, -0.0339, 0.0130, 0.0211
11:46:34, 4.77, 143, 0.83, 356.02, 2.41, 0.9991, -0.0346, 0.0079, 0.0212
11:46:34, 4.77, 143, 0.20, 355.91, 2.37, 0.9991, -0.0357, 0.0025, 0.0207
11:46:34, 4.77, 143, 359.40, 355.79, 2.29, 0.9991, -0.0369, -0.0045, 0.0198
11:46:34, 4.80, 144, 358.62, 355.75, 2.21, 0.9991, -0.0373, -0.0113, 0.0188
11:46:34, 4.80, 144, 357.87, 355.61, 2.07, 0.9989, -0.0386, -0.0179, 0.0174
11:46:34, 4.83, 145, 357.13, 355.46, 1.95, 0.9988, -0.0400, -0.0243, 0.0160
11:46:34, 4.83, 145, 356.47, 355.37, 1.87, 0.9986, -0.0408, -0.0301, 0.0151
11:46:34, 4.87, 146, 355.86, 355.33, 1.77, 0.9984, -0.0412, -0.0355, 0.0139
11:46:34, 4.87, 146, 355.27, 355.29, 1.74, 0.9982, -0.0416, -0.0406, 0.0135
11:46:34, 4.87, 146, 354.72, 355.28, 1.71, 0.9980, -0.0418, -0.0454, 0.0130
11:46:34, 4.90, 147, 354.15, 355.18, 1.68, 0.9977, -0.0427, -0.0503, 0.0125
11:46:34, 4.90, 147, 353.70, 355.21, 1.64, 0.9975, -0.0425, -0.0543, 0.0120
11:46:34, 4.93, 148, 353.21, 355.17, 1.72, 0.9973, -0.0429, -0.0585, 0.0125
11:46:34, 4.93, 148, 352.74, 355.12, 1.68, 0.9970, -0.0434, -0.0627, 0.0119
11:46:34, 4.93, 148, 352.25, 355.07, 1.65, 0.9967, -0.0439, -0.0669, 0.0115
11:46:34, 4.97, 149, 351.79, 355.06, 1.61, 0.9965, -0.0439, -0.0709, 0.0109
11:46:34, 4.97, 149, 351.36, 355.04, 1.66, 0.9962, -0.0442, -0.0746, 0.0112
11:46:34, 5.00, 150, 350.98, 355.03, 1.65, 0.9959, -0.0444, -0.0779, 0.0109
11:46:34, 5.00, 150, 350.60, 355.02, 1.66, 0.9956, -0.0445, -0.0812, 0.0109
11:46:34, 5.03, 151, 350.28, 355.00, 1.73, 0.9954, -0.0447, -0.0840, 0.0113
11:46:34, 5.03, 151, 349.95, 354.93, 1.79, 0.9951, -0.0454, -0.0868, 0.0117
11:46:34, 5.03, 151, 349.64, 354.91, 1.76, 0.9949, -0.0456, -0.0895, 0.0112
11:46:34, 5.07, 152, 349.36, 354.85, 1.76, 0.9946, -0.0461, -0.0919, 0.0111
11:46:34, 5.07, 152, 349.10, 354.87, 1.76, 0.9944, -0.0460, -0.0942, 0.0110
11:46:34, 5.10, 153, 348.79, 354.87, 1.76, 0.9942, -0.0461, -0.0969, 0.0109
11:46:34, 5.10, 153, 348.51, 354.83, 1.73, 0.9939, -0.0464, -0.0993, 0.0105
11:46:34, 5.10, 153, 348.19, 354.81, 1.72, 0.9936, -0.0466, -0.1021, 0.0103
11:46:34, 5.13, 154, 347.83, 354.79, 1.67, 0.9933, -0.0467, -0.1052, 0.0097
11:46:34, 5.13, 154, 347.53, 354.78, 1.61, 0.9930, -0.0468, -0.1078, 0.0090
11:46:35, 5.17, 155, 347.23, 354.77, 1.54, 0.9927, -0.0469, -0.1104, 0.0082
11:46:35, 5.17, 155, 347.00, 354.79, 1.50, 0.9925, -0.0466, -0.1125, 0.0078
11:46:35, 5.20, 156, 346.68, 354.83, 1.47, 0.9922, -0.0463, -0.1153, 0.0075
11:46:35, 5.20, 156, 346.40, 354.87, 1.48, 0.9920, -0.0460, -0.1177, 0.0075
11:46:35, 5.20, 156, 346.09, 354.87, 1.38, 0.9916, -0.0459, -0.1204, 0.0065
11:46:35, 5.23, 157, 345.78, 354.90, 1.37, 0.9913, -0.0456, -0.1231, 0.0063
11:46:35, 5.23, 157, 345.49, 354.93, 1.35, 0.9910, -0.0454, -0.1256, 0.0061
11:46:35, 5.27, 158, 345.17, 354.96, 1.30, 0.9907, -0.0450, -0.1284, 0.0055
11:46:35, 5.27, 158, 344.82, 354.96, 1.27, 0.9903, -0.0450, -0.1315, 0.0052
11:46:35, 5.27, 158, 344.47, 354.96, 1.32, 0.9899, -0.0451, -0.1345, 0.0055
11:46:35, 5.30, 159, 344.07, 354.96, 1.29, 0.9894, -0.0451, -0.1379, 0.0051
11:46:35, 5.30, 159, 343.69, 354.98, 1.27, 0.9889, -0.0449, -0.1413, 0.0048
11:46:35, 5.33, 160, 343.29, 354.97, 1.23, 0.9884, -0.0450, -0.1447, 0.0042
11:46:35, 5.33, 160, 342.86, 354.98, 1.22, 0.9879, -0.0449, -0.1484, 0.0040
11:46:35, 5.33, 160, 342.52, 355.01, 1.19, 0.9875, -0.0446, -0.1514, 0.0036
11:46:35, 5.37, 161, 342.16, 355.09, 1.13, 0.9870, -0.0439, -0.1545, 0.0031
11:46:35, 5.37, 161, 341.83, 355.06, 1.11, 0.9866, -0.0441, -0.1573, 0.0028
11:46:35, 5.40, 162, 341.60, 355.06, 1.09, 0.9862, -0.0440, -0.1594, 0.0025
11:46:35, 5.40, 162, 341.30, 355.04, 1.06, 0.9858, -0.0442, -0.1619, 0.0021
11:46:35, 5.43, 163, 341.06, 355.08, 1.08, 0.9855, -0.0439, -0.1640, 0.0022
11:46:35, 5.43, 163, 340.76, 355.11, 1.10, 0.9851, -0.0437, -0.1665, 0.0023
11:46:35, 5.43, 163, 340.51, 355.23, 1.02, 0.9847, -0.0425, -0.1687, 0.0017
11:46:35, 5.47, 164, 340.31, 355.25, 0.98, 0.9845, -0.0423, -0.1705, 0.0013
11:46:35, 5.47, 164, 340.14, 355.26, 0.96, 0.9842, -0.0422, -0.1720, 0.0011
11:46:35, 5.50, 165, 339.97, 355.29, 0.97, 0.9840, -0.0419, -0.1734, 0.0012
11:46:35, 5.50, 165, 339.85, 355.39, 0.99, 0.9838, -0.0411, -0.1745, 0.0015
11:46:35, 5.50, 165, 339.74, 355.57, 0.97, 0.9837, -0.0395, -0.1755, 0.0015
11:46:35, 5.53, 166, 339.57, 355.71, 0.94, 0.9835, -0.0383, -0.1769, 0.0014
11:46:35, 5.53, 166, 339.37, 355.75, 0.91, 0.9832, -0.0379, -0.1786, 0.0012
11:46:35, 5.57, 167, 339.16, 355.68, 0.93, 0.9828, -0.0385, -0.1804, 0.0012
11:46:35, 5.57, 167, 338.97, 355.56, 0.99, 0.9825, -0.0396, -0.1821, 0.0014
11:46:35, 5.60, 168, 338.77, 355.46, 1.05, 0.9821, -0.0406, -0.1837, 0.0017
11:46:35, 5.60, 168, 338.54, 355.44, 1.13, 0.9818, -0.0409, -0.1857, 0.0022
11:46:35, 5.60, 168, 338.32, 355.55, 1.22, 0.9814, -0.0401, -0.1875, 0.0031
11:46:35, 5.63, 169, 338.08, 355.54, 1.29, 0.9810, -0.0403, -0.1895, 0.0037
11:46:35, 5.63, 169, 337.84, 355.48, 1.39, 0.9806, -0.0410, -0.1916, 0.0043
11:46:35, 5.67, 170, 337.54, 355.32, 1.41, 0.9801, -0.0425, -0.1941, 0.0041
11:46:35, 5.67, 170, 337.23, 355.22, 1.42, 0.9795, -0.0433, -0.1967, 0.0039
11:46:35, 5.67, 170, 337.00, 355.19, 1.50, 0.9791, -0.0437, -0.1987, 0.0044
11:46:35, 5.70, 171, 336.72, 355.31, 1.53, 0.9786, -0.0428, -0.2010, 0.0048
11:46:35, 5.70, 171, 336.46, 355.33, 1.51, 0.9782, -0.0426, -0.2033, 0.0046
11:46:35, 5.73, 172, 336.24, 355.35, 1.49, 0.9778, -0.0424, -0.2052, 0.0043
11:46:35, 5.73, 172, 336.04, 355.28, 1.44, 0.9774, -0.0429, -0.2069, 0.0037
11:46:35, 5.77, 173, 335.84, 355.23, 1.44, 0.9770, -0.0433, -0.2086, 0.0036
11:46:35, 5.77, 173, 335.63, 355.19, 1.43, 0.9766, -0.0436, -0.2104, 0.0034
11:46:35, 5.77, 173, 335.39, 355.19, 1.43, 0.9762, -0.0436, -0.2124, 0.0032
11:46:35, 5.80, 174, 335.19, 355.15, 1.48, 0.9758, -0.0441, -0.2141, 0.0035
11:46:35, 5.80, 174, 334.94, 355.10, 1.54, 0.9753, -0.0447, -0.2162, 0.0039
11:46:35, 5.83, 175, 334.69, 355.00, 1.60, 0.9748, -0.0456, -0.2183, 0.0040
11:46:35, 5.83, 175, 334.51, 354.97, 1.63, 0.9745, -0.0459, -0.2198, 0.0042
11:46:35, 5.87, 176, 334.35, 355.02, 1.62, 0.9742, -0.0455, -0.2211, 0.0041
11:46:35, 5.87, 176, 334.18, 355.02, 1.64, 0.9738, -0.0456, -0.2226, 0.0042
11:46:35, 5.87, 176, 333.96, 354.93, 1.64, 0.9734, -0.0463, -0.2244, 0.0039
11:46:35, 5.90, 177, 333.67, 354.90, 1.68, 0.9728, -0.0466, -0.2269, 0.0041
11:46:35, 5.90, 177, 333.45, 355.13, 1.72, 0.9724, -0.0448, -0.2287, 0.0049
11:46:35, 5.93, 178, 333.32, 355.30, 1.65, 0.9722, -0.0432, -0.2299, 0.0046
11:46:35, 5.93, 178, 333.12, 355.25, 1.65, 0.9718, -0.0436, -0.2316, 0.0043
11:46:35, 5.93, 178, 332.88, 355.11, 1.65, 0.9713, -0.0449, -0.2336, 0.0040
11:46:35, 5.97, 179, 332.60, 354.92, 1.65, 0.9706, -0.0464, -0.2360, 0.0035
11:46:35, 5.97, 179, 332.25, 354.84, 1.60, 0.9699, -0.0471, -0.2389, 0.0028
11:46:35, 6.00, 180, 331.85, 354.83, 1.53, 0.9690, -0.0470, -0.2424, 0.0020
11:46:35, 6.00, 180, 331.42, 354.89, 1.46, 0.9682, -0.0464, -0.2460, 0.0013
11:46:35, 6.00, 180, 330.92, 354.85, 1.36, 0.9671, -0.0464, -0.2503, 0.0002
11:46:35, 6.03, 181, 330.32, 354.78, 1.28, 0.9657, -0.0468, -0.2554, -0.0009
11:46:35, 6.03, 181, 329.62, 354.70, 1.02, 0.9641, -0.0470, -0.2613, -0.0036
11:46:35, 6.07, 182, 328.96, 354.54, 0.76, 0.9625, -0.0477, -0.2670, -0.0063
11:46:35, 6.07, 182, 328.28, 354.31, 0.57, 0.9608, -0.0491, -0.2727, -0.0088
11:46:35, 6.10, 183, 327.65, 354.16, 0.42, 0.9592, -0.0499, -0.2780, -0.0106
11:46:35, 6.10, 183, 327.02, 354.00, 0.39, 0.9576, -0.0511, -0.2833, -0.0116
11:46:35, 6.10, 183, 326.36, 353.82, 0.38, 0.9559, -0.0526, -0.2888, -0.0125
11:46:35, 6.13, 184, 325.61, 353.67, 0.41, 0.9539, -0.0538, -0.2950, -0.0129
11:46:35, 6.13, 184, 324.97, 353.48, 0.47, 0.9522, -0.0554, -0.3002, -0.0132
11:46:36, 6.17, 185, 324.45, 353.28, 0.59, 0.9507, -0.0574, -0.3045, -0.0130
11:46:36, 6.17, 185, 323.89, 353.12, 0.75, 0.9491, -0.0590, -0.3090, -0.0124
11:46:36, 6.17, 185, 323.33, 353.07, 0.86, 0.9476, -0.0597, -0.3136, -0.0119
11:46:36, 6.20, 186, 322.77, 352.99, 0.94, 0.9460, -0.0605, -0.3181, -0.0118
11:46:36, 6.20, 186, 322.20, 352.78, 0.96, 0.9443, -0.0623, -0.3228, -0.0125
11:46:36, 6.23, 187, 321.62, 352.62, 1.00, 0.9426, -0.0637, -0.3275, -0.0129
11:46:36, 6.23, 187, 321.11, 352.51, 1.10, 0.9411, -0.0648, -0.3316, -0.0127
11:46:36, 6.27, 188, 320.49, 352.52, 1.17, 0.9393, -0.0649, -0.3366, -0.0124
11:46:36, 6.27, 188, 319.95, 352.41, 1.24, 0.9377, -0.0659, -0.3410, -0.0125
11:46:36, 6.27, 188, 319.38, 352.35, 1.25, 0.9359, -0.0664, -0.3456, -0.0130
11:46:36, 6.30, 189, 318.73, 352.27, 1.16, 0.9339, -0.0666, -0.3509, -0.0143
11:46:36, 6.30, 189, 318.07, 352.26, 1.04, 0.9318, -0.0663, -0.3564, -0.0157
11:46:36, 6.33, 190, 317.36, 352.21, 0.95, 0.9296, -0.0663, -0.3622, -0.0170
11:46:36, 6.33, 190, 316.67, 352.07, 0.88, 0.9273, -0.0671, -0.3678, -0.0184
11:46:36, 6.33, 190, 315.99, 352.02, 0.86, 0.9251, -0.0673, -0.3733, -0.0191
11:46:36, 6.37, 191, 315.34, 352.09, 0.74, 0.9230, -0.0662, -0.3786, -0.0203
11:46:36, 6.37, 191, 314.63, 352.12, 0.69, 0.9206, -0.0658, -0.3843, -0.0209
11:46:36, 6.40, 192, 313.94, 352.14, 0.76, 0.9183, -0.0657, -0.3899, -0.0208
11:46:36, 6.40, 192, 313.22, 352.19, 0.93, 0.9159, -0.0657, -0.3955, -0.0196
11:46:36, 6.43, 193, 312.64, 352.17, 1.05, 0.9139, -0.0662, -0.4001, -0.0190
11:46:36, 6.43, 193, 312.16, 352.23, 1.18, 0.9123, -0.0661, -0.4038, -0.0181
11:46:36, 6.43, 193, 311.77, 352.23, 1.34, 0.9109, -0.0666, -0.4069, -0.0170
11:46:36, 6.47, 194, 311.44, 352.25, 1.48, 0.9097, -0.0669, -0.4095, -0.0160
11:46:36, 6.47, 194, 311.10, 352.27, 1.62, 0.9085, -0.0672, -0.4121, -0.0150
11:46:36, 6.50, 195, 310.79, 352.24, 1.75, 0.9075, -0.0678, -0.4144, -0.0143
11:46:36, 6.50, 195, 310.54, 352.34, 1.84, 0.9066, -0.0673, -0.4164, -0.0134
11:46:36, 6.53, 196, 310.32, 352.47, 1.89, 0.9059, -0.0665, -0.4181, -0.0126
11:46:36, 6.53, 196, 310.18, 352.55, 1.94, 0.9054, -0.0661, -0.4193, -0.0120
11:46:36, 6.53, 196, 310.10, 352.62, 2.00, 0.9051, -0.0657, -0.4199, -0.0113
11:46:36, 6.57, 197, 310.05, 352.59, 2.03, 0.9049, -0.0660, -0.4203, -0.0113
11:46:36, 6.57, 197, 309.95, 352.55, 2.03, 0.9045, -0.0664, -0.4210, -0.0115
11:46:36, 6.60, 198, 309.87, 352.48, 2.03, 0.9042, -0.0669, -0.4216, -0.0117
11:46:36, 6.60, 198, 309.81, 352.44, 1.99, 0.9040, -0.0671, -0.4221, -0.0123
11:46:36, 6.60, 198, 309.77, 352.40, 2.00, 0.9038, -0.0673, -0.4224, -0.0124
11:46:36, 6.63, 199, 309.75, 352.40, 2.04, 0.9037, -0.0676, -0.4225, -0.0120
11:46:36, 6.63, 199, 309.80, 352.45, 2.02, 0.9040, -0.0671, -0.4221, -0.0120
11:46:36, 6.67, 200, 309.82, 352.44, 2.05, 0.9040, -0.0672, -0.4220, -0.0118
11:46:36, 6.67, 200, 309.85, 352.43, 2.12, 0.9041, -0.0676, -0.4217, -0.0112
11:46:36, 6.67, 200, 309.81, 352.43, 2.17, 0.9040, -0.0678, -0.4220, -0.0109
11:46:36, 6.70, 201, 309.77, 352.37, 2.19, 0.9038, -0.0684, -0.4223, -0.0110
11:46:36, 6.70, 201, 309.70, 352.35, 2.15, 0.9036, -0.0684, -0.4228, -0.0114
11:46:36, 6.73, 202, 309.68, 352.31, 2.13, 0.9035, -0.0685, -0.4230, -0.0117
11:46:36, 6.73, 202, 309.67, 352.33, 2.13, 0.9034, -0.0684, -0.4231, -0.0117
11:46:36, 6.77, 203, 309.65, 352.31, 2.18, 0.9034, -0.0687, -0.4232, -0.0113
11:46:36, 6.77, 203, 309.64, 352.40, 2.22, 0.9033, -0.0682, -0.4233, -0.0107
11:46:36, 6.77, 203, 309.61, 352.51, 2.22, 0.9033, -0.0674, -0.4236, -0.0103
11:46:36, 6.80, 204, 309.59, 352.60, 2.20, 0.9033, -0.0665, -0.4238, -0.0102
11:46:36, 6.80, 204, 309.60, 352.61, 2.19, 0.9033, -0.0664, -0.4237, -0.0101
11:46:36, 6.83, 205, 309.59, 352.63, 2.20, 0.9033, -0.0663, -0.4238, -0.0101
11:46:36, 6.83, 205, 309.59, 352.68, 2.21, 0.9033, -0.0659, -0.4238, -0.0097
11:46:36, 6.87, 206, 309.59, 352.75, 2.19, 0.9033, -0.0653, -0.4238, -0.0097
11:46:36, 6.87, 206, 309.57, 352.81, 2.21, 0.9033, -0.0649, -0.4240, -0.0093
11:46:36, 6.87, 206, 309.55, 352.77, 2.20, 0.9032, -0.0652, -0.4242, -0.0096
11:46:36, 6.90, 207, 309.50, 352.63, 2.17, 0.9029, -0.0662, -0.4245, -0.0104
11:46:36, 6.90, 207, 309.49, 352.51, 2.13, 0.9029, -0.0669, -0.4245, -0.0111
11:46:36, 6.93, 208, 309.51, 352.56, 2.10, 0.9029, -0.0665, -0.4244, -0.0112
11:46:36, 6.93, 208, 309.52, 352.62, 2.10, 0.9030, -0.0660, -0.4244, -0.0109
11:46:36, 6.93, 208, 309.60, 352.73, 2.10, 0.9033, -0.0652, -0.4238, -0.0105
11:46:36, 6.97, 209, 309.65, 352.74, 2.08, 0.9035, -0.0650, -0.4234, -0.0105
11:46:36, 6.97, 209, 309.70, 352.66, 2.03, 0.9037, -0.0654, -0.4231, -0.0112
11:46:36, 7.00, 210, 309.70, 352.59, 2.00, 0.9037, -0.0659, -0.4230, -0.0117
11:46:36, 7.00, 210, 309.71, 352.56, 1.95, 0.9037, -0.0660, -0.4229, -0.0122
11:46:36, 7.00, 210, 309.70, 352.49, 1.81, 0.9036, -0.0660, -0.4231, -0.0136
11:46:36, 7.03, 211, 309.66, 352.40, 1.54, 0.9033, -0.0657, -0.4236, -0.0161
11:46:36, 7.03, 211, 309.60, 352.24, 1.33, 0.9030, -0.0661, -0.4240, -0.0183
11:46:36, 7.07, 212, 309.57, 352.04, 1.24, 0.9028, -0.0674, -0.4243, -0.0198
11:46:36, 7.07, 212, 309.54, 351.86, 1.28, 0.9026, -0.0690, -0.4244, -0.0202
11:46:36, 7.10, 213, 309.41, 351.78, 1.37, 0.9021, -0.0698, -0.4254, -0.0199
11:46:36, 7.10, 213, 309.26, 351.64, 1.32, 0.9015, -0.0707, -0.4265, -0.0209
11:46:36, 7.10, 213, 309.11, 351.51, 1.29, 0.9008, -0.0717, -0.4277, -0.0217
11:46:36, 7.13, 214, 308.94, 351.37, 1.37, 0.9001, -0.0730, -0.4289, -0.0216
11:46:36, 7.13, 214, 308.80, 351.34, 1.39, 0.8996, -0.0733, -0.4300, -0.0217
11:46:37, 7.17, 215, 308.65, 351.37, 1.36, 0.8990, -0.0729, -0.4312, -0.0219
11:46:37, 7.17, 215, 308.53, 351.43, 1.37, 0.8986, -0.0725, -0.4321, -0.0217
11:46:37, 7.17, 215, 308.45, 351.50, 1.38, 0.8984, -0.0719, -0.4328, -0.0214
11:46:37, 7.20, 216, 308.41, 351.58, 1.39, 0.8983, -0.0714, -0.4331, -0.0210
11:46:37, 7.20, 216, 308.44, 351.65, 1.42, 0.8984, -0.0709, -0.4329, -0.0205
11:46:37, 7.23, 217, 308.53, 351.72, 1.40, 0.8988, -0.0703, -0.4322, -0.0203
11:46:37, 7.23, 217, 308.61, 351.77, 1.44, 0.8991, -0.0701, -0.4316, -0.0198
11:46:37, 7.27, 218, 308.68, 351.74, 1.43, 0.8994, -0.0703, -0.4310, -0.0200
11:46:37, 7.27, 218, 308.75, 351.76, 1.42, 0.8996, -0.0701, -0.4305, -0.0199
11:46:37, 7.27, 218, 308.79, 351.75, 1.39, 0.8998, -0.0701, -0.4302, -0.0202
11:46:37, 7.30, 219, 308.84, 351.78, 1.33, 0.9000, -0.0696, -0.4299, -0.0205
11:46:37, 7.30, 219, 308.90, 351.83, 1.28, 0.9002, -0.0691, -0.4295, -0.0207
11:46:37, 7.33, 220, 308.94, 351.81, 1.22, 0.9003, -0.0690, -0.4292, -0.0212
11:46:37, 7.33, 220, 308.99, 351.83, 1.18, 0.9005, -0.0687, -0.4288, -0.0214
11:46:37, 7.33, 220, 309.05, 351.78, 1.19, 0.9007, -0.0692, -0.4283, -0.0215
11:46:37, 7.37, 221, 309.11, 351.79, 1.21, 0.9010, -0.0692, -0.4278, -0.0213
11:46:37, 7.37, 221, 309.17, 351.80, 1.23, 0.9012, -0.0691, -0.4273, -0.0210
11:46:37, 7.40, 222, 309.24, 351.78, 1.22, 0.9014, -0.0693, -0.4268, -0.0211
11:46:37, 7.40, 222, 309.32, 351.69, 1.26, 0.9017, -0.0702, -0.4261, -0.0211
11:46:37, 7.43, 223, 309.41, 351.62, 1.34, 0.9020, -0.0710, -0.4253, -0.0206
11:46:37, 7.43, 223, 309.56, 351.55, 1.44, 0.9025, -0.0720, -0.4241, -0.0201
11:46:37, 7.43, 223, 309.73, 351.56, 1.54, 0.9032, -0.0723, -0.4226, -0.0192
11:46:37, 7.47, 224, 309.86, 351.55, 1.74, 0.9037, -0.0732, -0.4215, -0.0175
11:46:37, 7.47, 224, 309.97, 351.57, 1.89, 0.9041, -0.0736, -0.4206, -0.0162
11:46:37, 7.50, 225, 310.03, 351.54, 2.00, 0.9043, -0.0742, -0.4200, -0.0154
11:46:37, 7.50, 225, 310.10, 351.51, 2.05, 0.9046, -0.0746, -0.4194, -0.0150
11:46:37, 7.50, 225, 310.17, 351.46, 2.10, 0.9048, -0.0752, -0.4188, -0.0148
11:46:37, 7.53, 226, 310.19, 351.40, 2.15, 0.9049, -0.0758, -0.4186, -0.0146
11:46:37, 7.53, 226, 310.17, 351.39, 2.16, 0.9048, -0.0760, -0.4187, -0.0146
11:46:37, 7.57, 227, 310.11, 351.39, 2.15, 0.9046, -0.0760, -0.4192, -0.0147
11:46:37, 7.57, 227, 310.03, 351.33, 2.11, 0.9043, -0.0762, -0.4198, -0.0153
11:46:37, 7.60, 228, 310.00, 351.32, 2.07, 0.9042, -0.0762, -0.4201, -0.0157
11:46:37, 7.60, 228, 309.99, 351.30, 2.05, 0.9041, -0.0762, -0.4202, -0.0159
11:46:37, 7.60, 228, 310.00, 351.30, 2.04, 0.9041, -0.0762, -0.4201, -0.0160
11:46:37, 7.63, 229, 309.99, 351.28, 2.02, 0.9041, -0.0763, -0.4202, -0.0162
11:46:37, 7.63, 229, 309.98, 351.28, 2.00, 0.9040, -0.0763, -0.4203, -0.0164
11:46:37, 7.67, 230, 309.99, 351.28, 1.96, 0.9041, -0.0761, -0.4203, -0.0167
11:46:37, 7.67, 230, 309.97, 351.26, 1.92, 0.9040, -0.0761, -0.4204, -0.0171
11:46:37, 7.70, 231, 309.96, 351.28, 1.91, 0.9040, -0.0759, -0.4205, -0.0171
11:46:37, 7.70, 231, 309.96, 351.28, 1.89, 0.9039, -0.0758, -0.4206, -0.0172
11:46:37, 7.70, 231, 309.94, 351.30, 1.87, 0.9039, -0.0756, -0.4207, -0.0174
11:46:37, 7.73, 232, 309.93, 351.29, 1.85, 0.9038, -0.0756, -0.4208, -0.0175
11:46:37, 7.73, 232, 309.90, 351.27, 1.85, 0.9037, -0.0757, -0.4210, -0.0176
11:46:37, 7.77, 233, 309.87, 351.24, 1.81, 0.9036, -0.0758, -0.4213, -0.0181
11:46:37, 7.77, 233, 309.84, 351.21, 1.75, 0.9035, -0.0759, -0.4215, -0.0187
11:46:37, 7.77, 233, 309.86, 351.22, 1.69, 0.9035, -0.0755, -0.4214, -0.0191
11:46:37, 7.80, 234, 309.87, 351.23, 1.68, 0.9036, -0.0754, -0.4213, -0.0192
11:46:37, 7.80, 234, 309.87, 351.23, 1.70, 0.9035, -0.0755, -0.4214, -0.0190
11:46:37, 7.83, 235, 309.81, 351.23, 1.71, 0.9034, -0.0756, -0.4218, -0.0189
11:46:37, 7.83, 235, 309.77, 351.19, 1.73, 0.9032, -0.0759, -0.4221, -0.0190
11:46:37, 7.83, 235, 309.74, 351.18, 1.70, 0.9031, -0.0759, -0.4223, -0.0192
11:46:37, 7.87, 236, 309.74, 351.22, 1.71, 0.9031, -0.0756, -0.4223, -0.0190
11:46:37, 7.87, 236, 309.74, 351.20, 1.72, 0.9031, -0.0758, -0.4224, -0.0190
11:46:37, 7.90, 237, 309.74, 351.21, 1.73, 0.9031, -0.0758, -0.4224, -0.0190
11:46:37, 7.90, 237, 309.74, 351.22, 1.75, 0.9031, -0.0758, -0.4223, -0.0188
11:46:37, 7.93, 238, 309.73, 351.22, 1.75, 0.9030, -0.0757, -0.4224, -0.0187
11:46:37, 7.93, 238, 309.71, 351.23, 1.73, 0.9030, -0.0756, -0.4226, -0.0189
11:46:37, 7.93, 238, 309.69, 351.23, 1.66, 0.9029, -0.0753, -0.4228, -0.0194
11:46:37, 7.97, 239, 309.65, 351.27, 1.63, 0.9028, -0.0749, -0.4231, -0.0196
11:46:37, 7.97, 239, 309.63, 351.29, 1.60, 0.9027, -0.0746, -0.4233, -0.0197
11:46:37, 8.00, 240, 309.62, 351.31, 1.57, 0.9027, -0.0743, -0.4234, -0.0199
11:46:37, 8.00, 240, 309.61, 351.36, 1.57, 0.9027, -0.0740, -0.4235, -0.0197
11:46:37, 8.00, 240, 309.59, 351.37, 1.54, 0.9026, -0.0738, -0.4237, -0.0199
11:46:37, 8.03, 241, 309.54, 351.40, 1.50, 0.9024, -0.0734, -0.4241, -0.0201
11:46:37, 8.03, 241, 309.50, 351.44, 1.49, 0.9023, -0.0730, -0.4245, -0.0201
11:46:37, 8.07, 242, 309.43, 351.47, 1.46, 0.9020, -0.0727, -0.4250, -0.0203
11:46:37, 8.07, 242, 309.40, 351.46, 1.44, 0.9019, -0.0727, -0.4253, -0.0205
11:46:37, 8.10, 243, 309.36, 351.50, 1.47, 0.9018, -0.0725, -0.4256, -0.0201
11:46:37, 8.10, 243, 309.33, 351.52, 1.46, 0.9017, -0.0722, -0.4258, -0.0201
11:46:37, 8.10, 243, 309.32, 351.53, 1.43, 0.9017, -0.0721, -0.4259, -0.0204
11:46:37, 8.13, 244, 309.30, 351.55, 1.41, 0.9016, -0.0718, -0.4261, -0.0205
11:46:37, 8.13, 244, 309.24, 351.53, 1.41, 0.9013, -0.0719, -0.4266, -0.0206
11:46:38, 8.17, 245, 309.18, 351.54, 1.34, 0.9011, -0.0716, -0.4271, -0.0211
11:46:38, 8.17, 245, 309.13, 351.53, 1.29, 0.9009, -0.0715, -0.4275, -0.0216
11:46:38, 8.20, 246, 309.09, 351.53, 1.25, 0.9008, -0.0714, -0.4278, -0.0219
11:46:38, 8.20, 246, 309.08, 351.57, 1.23, 0.9007, -0.0710, -0.4280, -0.0219
11:46:38, 8.20, 246, 309.09, 351.57, 1.22, 0.9008, -0.0710, -0.4279, -0.0220
11:46:38, 8.23, 247, 309.11, 351.58, 1.24, 0.9008, -0.0709, -0.4278, -0.0218
11:46:38, 8.23, 247, 309.13, 351.61, 1.22, 0.9009, -0.0706, -0.4276, -0.0218
11:46:38, 8.27, 248, 309.17, 351.62, 1.20, 0.9011, -0.0704, -0.4273, -0.0219
11:46:38, 8.27, 248, 309.22, 351.62, 1.19, 0.9013, -0.0705, -0.4269, -0.0220
11:46:38, 8.27, 248, 309.29, 351.64, 1.22, 0.9015, -0.0704, -0.4264, -0.0216
11:46:38, 8.30, 249, 309.37, 351.63, 1.23, 0.9018, -0.0706, -0.4257, -0.0215
11:46:38, 8.30, 249, 309.44, 351.66, 1.24, 0.9021, -0.0703, -0.4252, -0.0213
11:46:38, 8.33, 250, 309.55, 351.68, 1.22, 0.9025, -0.0701, -0.4243, -0.0213
11:46:38, 8.33, 250, 309.71, 351.66, 1.18, 0.9031, -0.0702, -0.4231, -0.0216
11:46:38, 8.33, 250, 309.87, 351.65, 1.11, 0.9037, -0.0700, -0.4219, -0.0220
11:46:38, 8.37, 251, 310.10, 351.64, 1.07, 0.9045, -0.0700, -0.4200, -0.0223
11:46:38, 8.37, 251, 310.37, 351.64, 1.04, 0.9055, -0.0700, -0.4180, -0.0224
11:46:38, 8.40, 252, 310.66, 351.60, 1.01, 0.9065, -0.0702, -0.4157, -0.0226
11:46:38, 8.40, 252, 311.03, 351.59, 0.95, 0.9078, -0.0702, -0.4128, -0.0228
11:46:38, 8.43, 253, 311.49, 351.57, 0.90, 0.9095, -0.0703, -0.4091, -0.0230
11:46:38, 8.43, 253, 312.06, 351.58, 0.86, 0.9115, -0.0701, -0.4046, -0.0229
11:46:38, 8.43, 253, 312.76, 351.57, 0.77, 0.9139, -0.0701, -0.3991, -0.0233
11:46:38, 8.47, 254, 313.60, 351.59, 0.67, 0.9168, -0.0697, -0.3925, -0.0235
11:46:38, 8.47, 254, 314.43, 351.70, 0.70, 0.9197, -0.0691, -0.3858, -0.0224
11:46:38, 8.50, 255, 315.27, 351.73, 0.67, 0.9225, -0.0689, -0.3791, -0.0220
11:46:38, 8.50, 255, 316.16, 351.78, 0.73, 0.9255, -0.0688, -0.3719, -0.0209
11:46:38, 8.50, 255, 317.05, 351.81, 0.75, 0.9284, -0.0688, -0.3647, -0.0201
11:46:38, 8.53, 256, 317.89, 351.88, 0.90, 0.9311, -0.0689, -0.3578, -0.0181
11:46:38, 8.53, 256, 318.76, 351.88, 0.92, 0.9337, -0.0691, -0.3508, -0.0175
11:46:38, 8.57, 257, 319.66, 351.88, 0.90, 0.9365, -0.0692, -0.3434, -0.0171
11:46:38, 8.57, 257, 320.59, 351.85, 0.89, 0.9392, -0.0695, -0.3358, -0.0166
11:46:38, 8.60, 258, 321.66, 351.90, 0.84, 0.9423, -0.0691, -0.3270, -0.0163
11:46:38, 8.60, 258, 322.66, 351.94, 0.99, 0.9452, -0.0693, -0.3187, -0.0143
11:46:38, 8.60, 258, 323.47, 351.97, 1.15, 0.9475, -0.0697, -0.3119, -0.0124
11:46:38, 8.63, 259, 324.17, 351.90, 1.30, 0.9493, -0.0707, -0.3061, -0.0109
11:46:38, 8.63, 259, 324.80, 351.84, 1.31, 0.9510, -0.0713, -0.3008, -0.0107
11:46:38, 8.67, 260, 325.57, 351.75, 1.29, 0.9529, -0.0721, -0.2944, -0.0105
11:46:38, 8.67, 260, 326.35, 351.73, 1.32, 0.9549, -0.0723, -0.2878, -0.0099
11:46:38, 8.67, 260, 327.16, 351.76, 1.44, 0.9569, -0.0725, -0.2811, -0.0082
11:46:38, 8.70, 261, 327.83, 351.70, 1.53, 0.9585, -0.0732, -0.2754, -0.0073
11:46:38, 8.70, 261, 328.43, 351.67, 1.63, 0.9599, -0.0738, -0.2703, -0.0062
11:46:38, 8.73, 262, 328.86, 351.49, 1.70, 0.9608, -0.0755, -0.2666, -0.0056
11:46:38, 8.73, 262, 329.29, 351.34, 1.74, 0.9617, -0.0768, -0.2629, -0.0054
11:46:38, 8.77, 263, 329.67, 351.22, 1.73, 0.9625, -0.0778, -0.2597, -0.0055
11:46:38, 8.77, 263, 330.11, 351.22, 1.76, 0.9635, -0.0779, -0.2559, -0.0049
11:46:38, 8.77, 263, 330.57, 351.20, 1.72, 0.9645, -0.0780, -0.2521, -0.0050
11:46:38, 8.80, 264, 331.05, 351.19, 1.75, 0.9656, -0.0782, -0.2480, -0.0045
11:46:38, 8.80, 264, 331.40, 351.14, 1.87, 0.9663, -0.0788, -0.2450, -0.0033
11:46:38, 8.83, 265, 331.74, 351.09, 1.85, 0.9670, -0.0793, -0.2421, -0.0033
11:46:38, 8.83, 265, 332.11, 350.97, 1.85, 0.9677, -0.0802, -0.2390, -0.0033
11:46:38, 8.87, 266, 332.42, 350.87, 1.90, 0.9683, -0.0812, -0.2363, -0.0029
11:46:38, 8.87, 266, 332.80, 350.73, 1.97, 0.9690, -0.0825, -0.2330, -0.0023
11:46:38, 8.87, 266, 333.26, 350.56, 2.10, 0.9698, -0.0843, -0.2290, -0.0012
11:46:38, 8.90, 267, 333.69, 350.53, 2.18, 0.9706, -0.0846, -0.2253, -0.0003
11:46:38, 8.90, 267, 334.20, 350.44, 2.29, 0.9715, -0.0856, -0.2208, 0.0009
11:46:38, 8.93, 268, 334.68, 350.39, 2.39, 0.9724, -0.0863, -0.2167, 0.0019
11:46:38, 8.93, 268, 335.25, 350.26, 2.44, 0.9734, -0.0875, -0.2118, 0.0025
11:46:38, 8.93, 268, 335.83, 350.14, 2.49, 0.9744, -0.0886, -0.2067, 0.0032
11:46:38, 8.97, 269, 336.53, 349.98, 2.52, 0.9755, -0.0900, -0.2007, 0.0037
11:46:38, 8.97, 269, 337.38, 349.86, 2.54, 0.9769, -0.0909, -0.1933, 0.0043
11:46:38, 9.00, 270, 338.35, 349.72, 2.60, 0.9784, -0.0922, -0.1850, 0.0054
11:46:38, 9.00, 270, 339.46, 349.57, 2.66, 0.9800, -0.0936, -0.1754, 0.0065
11:46:38, 9.00, 270, 340.64, 349.40, 2.86, 0.9816, -0.0952, -0.1651, 0.0089
11:46:38, 9.03, 271, 341.80, 349.27, 2.90, 0.9832, -0.0963, -0.1550, 0.0101
11:46:38, 9.03, 271, 342.90, 349.05, 2.93, 0.9844, -0.0981, -0.1455, 0.0110
11:46:38, 9.07, 272, 344.00, 348.89, 3.00, 0.9856, -0.0995, -0.1359, 0.0123
11:46:38, 9.07, 272, 345.06, 348.78, 3.06, 0.9867, -0.1003, -0.1268, 0.0136
11:46:38, 9.10, 273, 346.01, 348.66, 3.16, 0.9876, -0.1014, -0.1185, 0.0152
11:46:38, 9.10, 273, 346.92, 348.51, 3.17, 0.9884, -0.1026, -0.1106, 0.0159
11:46:38, 9.10, 273, 347.62, 348.44, 3.13, 0.9890, -0.1030, -0.1045, 0.0161
11:46:38, 9.13, 274, 348.30, 348.33, 3.10, 0.9896, -0.1039, -0.0986, 0.0164
11:46:38, 9.13, 274, 348.94, 348.26, 3.02, 0.9900, -0.1042, -0.0931, 0.0162
11:46:39, 9.17, 275, 349.61, 348.23, 2.92, 0.9906, -0.1044, -0.0875, 0.0159
11:46:39, 9.17, 275, 350.26, 348.23, 2.89, 0.9910, -0.1043, -0.0818, 0.0163
11:46:39, 9.17, 275, 350.82, 348.22, 2.93, 0.9914, -0.1043, -0.0770, 0.0172
11:46:39, 9.20, 276, 351.32, 348.18, 2.96, 0.9917, -0.1046, -0.0726, 0.0179
11:46:39, 9.20, 276, 351.75, 348.17, 2.94, 0.9920, -0.1046, -0.0689, 0.0181
11:46:39, 9.23, 277, 352.09, 348.08, 2.95, 0.9921, -0.1053, -0.0659, 0.0184
11:46:39, 9.23, 277, 352.44, 348.07, 2.94, 0.9923, -0.1054, -0.0629, 0.0186
11:46:39, 9.27, 278, 352.85, 348.02, 2.92, 0.9924, -0.1057, -0.0594, 0.0188
11:46:39, 9.27, 278, 353.25, 347.93, 2.97, 0.9926, -0.1064, -0.0558, 0.0195
11:46:39, 9.27, 278, 353.61, 347.86, 2.98, 0.9927, -0.1070, -0.0527, 0.0199
11:46:39, 9.30, 279, 353.89, 347.79, 3.04, 0.9927, -0.1075, -0.0502, 0.0206
11:46:39, 9.30, 279, 354.09, 347.72, 3.08, 0.9927, -0.1082, -0.0484, 0.0211
11:46:39, 9.33, 280, 354.28, 347.74, 3.10, 0.9928, -0.1079, -0.0467, 0.0215
11:46:39, 9.33, 280, 354.42, 347.69, 3.11, 0.9928, -0.1083, -0.0455, 0.0218
11:46:39, 9.33, 280, 354.55, 347.68, 3.12, 0.9929, -0.1084, -0.0443, 0.0220
11:46:39, 9.37, 281, 354.63, 347.68, 3.13, 0.9929, -0.1084, -0.0436, 0.0221
11:46:39, 9.37, 281, 354.76, 347.64, 3.09, 0.9929, -0.1087, -0.0426, 0.0219
11:46:39, 9.40, 282, 354.90, 347.62, 3.09, 0.9929, -0.1089, -0.0413, 0.0220
11:46:39, 9.40, 282, 355.04, 347.56, 3.13, 0.9929, -0.1094, -0.0401, 0.0224
11:46:39, 9.43, 283, 355.12, 347.50, 3.18, 0.9929, -0.1099, -0.0393, 0.0229
11:46:39, 9.43, 283, 355.17, 347.47, 3.20, 0.9929, -0.1101, -0.0388, 0.0231
11:46:39, 9.43, 283, 355.17, 347.47, 3.20, 0.9929, -0.1102, -0.0388, 0.0231
11:46:39, 9.47, 284, 355.18, 347.45, 3.18, 0.9929, -0.1103, -0.0387, 0.0230
11:46:39, 9.47, 284, 355.18, 347.46, 3.16, 0.9929, -0.1102, -0.0388, 0.0228
11:46:39, 9.50, 285, 355.16, 347.45, 3.16, 0.9929, -0.1103, -0.0389, 0.0228
11:46:39, 9.50, 285, 355.15, 347.45, 3.14, 0.9929, -0.1104, -0.0391, 0.0226
11:46:39, 9.50, 285, 355.15, 347.45, 3.12, 0.9929, -0.1103, -0.0390, 0.0224
11:46:39, 9.53, 286, 355.17, 347.46, 3.10, 0.9929, -0.1102, -0.0389, 0.0222
11:46:39, 9.53, 286, 355.19, 347.47, 3.09, 0.9929, -0.1101, -0.0388, 0.0222
11:46:39, 9.57, 287, 355.20, 347.46, 3.09, 0.9929, -0.1102, -0.0387, 0.0222
11:46:39, 9.57, 287, 355.22, 347.46, 3.09, 0.9929, -0.1102, -0.0385, 0.0223
11:46:39, 9.60, 288, 355.24, 347.50, 3.11, 0.9930, -0.1098, -0.0383, 0.0224
11:46:39, 9.60, 288, 355.27, 347.59, 3.10, 0.9930, -0.1091, -0.0381, 0.0224
11:46:39, 9.60, 288, 355.28, 347.65, 3.11, 0.9931, -0.1085, -0.0380, 0.0226
11:46:39, 9.63, 289, 355.28, 347.72, 3.12, 0.9932, -0.1079, -0.0380, 0.0226
11:46:39, 9.63, 289, 355.32, 347.76, 3.09, 0.9932, -0.1076, -0.0377, 0.0224
11:46:39, 9.67, 290, 355.38, 347.74, 3.08, 0.9932, -0.1078, -0.0372, 0.0224
11:46:39, 9.67, 290, 355.45, 347.75, 3.10, 0.9933, -0.1076, -0.0366, 0.0227
11:46:39, 9.67, 290, 355.52, 347.78, 3.11, 0.9933, -0.1074, -0.0359, 0.0228
11:46:39, 9.70, 291, 355.57, 347.83, 3.14, 0.9934, -0.1070, -0.0355, 0.0231
11:46:39, 9.70, 291, 355.61, 347.89, 3.15, 0.9934, -0.1064, -0.0352, 0.0233
11:46:39, 9.73, 292, 355.65, 347.95, 3.16, 0.9935, -0.1059, -0.0348, 0.0234
11:46:39, 9.73, 292, 355.66, 347.97, 3.15, 0.9935, -0.1057, -0.0348, 0.0233
11:46:39, 9.77, 293, 355.68, 348.02, 3.11, 0.9936, -0.1052, -0.0346, 0.0231
11:46:39, 9.77, 293, 355.71, 348.02, 3.08, 0.9936, -0.1052, -0.0344, 0.0228
11:46:39, 9.77, 293, 355.75, 348.08, 3.08, 0.9937, -0.1047, -0.0340, 0.0229
11:46:39, 9.80, 294, 355.79, 348.07, 3.10, 0.9937, -0.1048, -0.0338, 0.0231
11:46:39, 9.80, 294, 355.81, 348.08, 3.12, 0.9937, -0.1047, -0.0335, 0.0233
11:46:39, 9.83, 295, 355.81, 348.09, 3.14, 0.9937, -0.1046, -0.0335, 0.0234
11:46:39, 9.83, 295, 355.76, 348.09, 3.16, 0.9937, -0.1046, -0.0339, 0.0235
11:46:39, 9.87, 296, 355.70, 348.11, 3.15, 0.9937, -0.1045, -0.0344, 0.0234
11:46:39, 9.87, 296, 355.64, 348.11, 3.14, 0.9936, -0.1045, -0.0350, 0.0233
11:46:39, 9.87, 296, 355.60, 348.10, 3.15, 0.9936, -0.1046, -0.0354, 0.0233
11:46:39, 9.90, 297, 355.55, 348.05, 3.11, 0.9936, -0.1051, -0.0357, 0.0229
11:46:39, 9.90, 297, 355.53, 348.05, 3.12, 0.9935, -0.1051, -0.0360, 0.0230
11:46:39, 9.93, 298, 355.50, 348.04, 3.14, 0.9935, -0.1051, -0.0362, 0.0231
11:46:39, 9.93, 298, 355.44, 348.08, 3.18, 0.9935, -0.1049, -0.0367, 0.0235
11:46:39, 9.93, 298, 355.37, 348.13, 3.19, 0.9936, -0.1044, -0.0373, 0.0235
11:46:39, 9.97, 299, 355.30, 348.13, 3.17, 0.9935, -0.1044, -0.0379, 0.0233
11:46:39, 9.97, 299, 355.23, 348.14, 3.16, 0.9935, -0.1043, -0.0386, 0.0231
