Timestamp, VideoTime, VideoFrame, HeadYaw, HeadPitch, HeadRoll, HeadQuatW, HeadQuatX, HeadQuatY, HeadQuatZ
11:43:51, 0.00, 0, 351.42, 2.45, 3.25, 0.9965, 0.0192, -0.0754, 0.0298
11:43:51, 0.03, 1, 350.30, 2.34, 3.49, 0.9957, 0.0178, -0.0851, 0.0321
11:43:51, 0.03, 1, 349.14, 2.21, 3.61, 0.9948, 0.0162, -0.0952, 0.0331
11:43:51, 0.03, 1, 347.76, 2.08, 3.67, 0.9936, 0.0147, -0.1071, 0.0338
11:43:51, 0.07, 2, 346.31, 1.97, 3.79, 0.9921, 0.0131, -0.1197, 0.0349
11:43:51, 0.07, 2, 344.63, 1.84, 3.80, 0.9903, 0.0115, -0.1341, 0.0350
11:43:51, 0.10, 3, 342.89, 1.76, 3.79, 0.9881, 0.0102, -0.1491, 0.0350
11:43:51, 0.10, 3, 340.99, 1.47, 3.69, 0.9856, 0.0073, -0.1654, 0.0338
11:43:51, 0.10, 3, 339.02, 1.27, 3.64, 0.9827, 0.0051, -0.1823, 0.0332
11:43:51, 0.13, 4, 337.06, 1.03, 3.57, 0.9795, 0.0026, -0.1990, 0.0323
11:43:51, 0.13, 4, 335.12, 0.86, 3.48, 0.9760, 0.0008, -0.2155, 0.0313
11:43:51, 0.17, 5, 333.27, 0.72, 3.36, 0.9724, -0.0007, -0.2312, 0.0300
11:43:51, 0.17, 5, 331.58, 0.62, 3.22, 0.9690, -0.0017, -0.2455, 0.0286
11:43:51, 0.17, 5, 330.11, 0.52, 3.10, 0.9658, -0.0026, -0.2579, 0.0273
11:43:51, 0.20, 6, 328.77, 0.46, 3.06, 0.9627, -0.0033, -0.2691, 0.0268
11:43:51, 0.20, 6, 327.58, 0.40, 3.02, 0.9599, -0.0040, -0.2792, 0.0263
11:43:51, 0.23, 7, 326.53, 0.45, 3.05, 0.9573, -0.0039, -0.2880, 0.0266
11:43:51, 0.23, 7, 326.00, 0.46, 3.11, 0.9559, -0.0041, -0.2923, 0.0271
11:43:51, 0.27, 8, 323.95, 0.39, 3.14, 0.9505, -0.0053, -0.3094, 0.0271
11:43:51, 0.27, 8, 323.27, 0.30, 3.27, 0.9487, -0.0065, -0.3150, 0.0279
11:43:51, 0.30, 9, 322.66, 0.19, 3.39, 0.9470, -0.0079, -0.3200, 0.0286
11:43:51, 0.30, 9, 322.23, 0.12, 3.42, 0.9457, -0.0087, -0.3236, 0.0286
11:43:51, 0.33, 10, 321.80, 0.02, 3.53, 0.9445, -0.0099, -0.3270, 0.0292
11:43:51, 0.33, 10, 321.57, 359.89, 3.58, 0.9439, -0.0112, -0.3289, 0.0292
11:43:51, 0.33, 10, 321.29, 359.81, 3.62, 0.9430, -0.0120, -0.3312, 0.0292
11:43:51, 0.37, 11, 321.11, 359.67, 3.64, 0.9425, -0.0133, -0.3326, 0.0290
11:43:51, 0.37, 11, 321.05, 359.53, 3.64, 0.9423, -0.0145, -0.3331, 0.0285
11:43:51, 0.40, 12, 321.00, 359.41, 3.60, 0.9422, -0.0153, -0.3335, 0.0279
11:43:51, 0.40, 12, 320.98, 359.31, 3.59, 0.9422, -0.0161, -0.3336, 0.0275
11:43:51, 0.43, 13, 321.08, 359.22, 3.54, 0.9425, -0.0167, -0.3328, 0.0268
11:43:51, 0.43, 13, 321.24, 359.16, 3.51, 0.9429, -0.0171, -0.3315, 0.0265
11:43:51, 0.43, 13, 321.41, 359.16, 3.49, 0.9434, -0.0170, -0.3301, 0.0263
11:43:51, 0.47, 14, 321.66, 359.15, 3.50, 0.9442, -0.0170, -0.3280, 0.0264
11:43:51, 0.47, 14, 321.93, 359.17, 3.50, 0.9449, -0.0168, -0.3258, 0.0265
11:43:51, 0.50, 15, 322.19, 359.14, 3.52, 0.9457, -0.0170, -0.3236, 0.0266
11:43:51, 0.50, 15, 322.44, 359.09, 3.50, 0.9464, -0.0174, -0.3216, 0.0264
11:43:51, 0.50, 15, 322.68, 359.01, 3.48, 0.9470, -0.0179, -0.3195, 0.0260
11:43:51, 0.53, 16, 322.89, 358.94, 3.46, 0.9476, -0.0184, -0.3178, 0.0256
11:43:51, 0.53, 16, 323.13, 358.92, 3.43, 0.9483, -0.0184, -0.3158, 0.0254
11:43:51, 0.57, 17, 323.32, 358.84, 3.43, 0.9488, -0.0190, -0.3142, 0.0252
11:43:51, 0.57, 17, 323.48, 358.77, 3.42, 0.9493, -0.0195, -0.3128, 0.0250
11:43:51, 0.60, 18, 323.62, 358.69, 3.33, 0.9497, -0.0199, -0.3117, 0.0240
11:43:51, 0.60, 18, 323.83, 358.61, 3.18, 0.9503, -0.0202, -0.3100, 0.0226
11:43:51, 0.60, 18, 324.15, 358.58, 3.05, 0.9512, -0.0199, -0.3073, 0.0215
11:43:51, 0.63, 19, 324.60, 358.56, 2.93, 0.9524, -0.0197, -0.3036, 0.0205
11:43:51, 0.63, 19, 325.16, 358.55, 2.82, 0.9539, -0.0194, -0.2990, 0.0197
11:43:51, 0.67, 20, 325.89, 358.54, 2.69, 0.9558, -0.0191, -0.2929, 0.0187
11:43:51, 0.67, 20, 326.81, 358.56, 2.61, 0.9581, -0.0185, -0.2852, 0.0182
11:43:51, 0.67, 20, 327.86, 358.59, 2.65, 0.9607, -0.0182, -0.2764, 0.0188
11:43:51, 0.70, 21, 329.08, 358.57, 2.70, 0.9636, -0.0183, -0.2662, 0.0194
11:43:51, 0.70, 21, 330.40, 358.54, 2.80, 0.9665, -0.0186, -0.2550, 0.0204
11:43:51, 0.73, 22, 331.78, 358.41, 2.95, 0.9695, -0.0197, -0.2433, 0.0216
11:43:51, 0.73, 22, 333.13, 358.34, 3.05, 0.9723, -0.0203, -0.2319, 0.0225
11:43:51, 0.77, 23, 334.46, 358.23, 3.09, 0.9749, -0.0211, -0.2205, 0.0229
11:43:51, 0.77, 23, 335.76, 358.09, 3.14, 0.9773, -0.0220, -0.2094, 0.0233
11:43:51, 0.77, 23, 336.95, 357.99, 3.16, 0.9794, -0.0227, -0.1992, 0.0235
11:43:51, 0.80, 24, 338.14, 357.90, 3.17, 0.9814, -0.0232, -0.1890, 0.0237
11:43:51, 0.80, 24, 339.11, 357.87, 3.14, 0.9830, -0.0233, -0.1807, 0.0236
11:43:51, 0.83, 25, 340.01, 357.75, 3.08, 0.9844, -0.0240, -0.1730, 0.0231
11:43:51, 0.83, 25, 340.93, 357.76, 3.00, 0.9857, -0.0236, -0.1651, 0.0226
11:43:51, 0.83, 25, 341.93, 357.75, 2.91, 0.9872, -0.0234, -0.1564, 0.0220
11:43:52, 0.87, 26, 342.84, 357.66, 2.87, 0.9884, -0.0239, -0.1486, 0.0217
11:43:52, 0.87, 26, 343.81, 357.61, 2.84, 0.9896, -0.0241, -0.1402, 0.0216
11:43:52, 0.90, 27, 344.76, 357.45, 2.78, 0.9907, -0.0252, -0.1320, 0.0211
11:43:52, 0.90, 27, 345.70, 357.30, 2.66, 0.9917, -0.0263, -0.1239, 0.0201
11:43:52, 0.93, 28, 346.63, 357.19, 2.58, 0.9927, -0.0270, -0.1158, 0.0195
11:43:52, 0.93, 28, 347.56, 357.07, 2.59, 0.9936, -0.0279, -0.1077, 0.0197
11:43:52, 0.93, 28, 348.49, 356.95, 2.67, 0.9944, -0.0288, -0.0996, 0.0205
11:43:52, 0.97, 29, 349.31, 356.87, 2.75, 0.9951, -0.0294, -0.0924, 0.0214
11:43:52, 0.97, 29, 350.08, 356.69, 2.77, 0.9956, -0.0308, -0.0857, 0.0216
11:43:52, 1.00, 30, 350.81, 356.58, 2.75, 0.9961, -0.0317, -0.0794, 0.0215
11:43:52, 1.00, 30, 351.47, 356.39, 2.77, 0.9965, -0.0332, -0.0736, 0.0217
11:43:52, 1.00, 30, 352.15, 356.22, 2.69, 0.9969, -0.0345, -0.0676, 0.0211
11:43:52, 1.03, 31, 352.73, 356.05, 2.62, 0.9972, -0.0358, -0.0626, 0.0206
11:43:52, 1.03, 31, 353.38, 355.93, 2.64, 0.9975, -0.0367, -0.0568, 0.0209
11:43:52, 1.07, 32, 353.91, 355.79, 2.65, 0.9977, -0.0379, -0.0522, 0.0211
11:43:52, 1.07, 32, 354.43, 355.71, 2.63, 0.9979, -0.0385, -0.0477, 0.0210
11:43:52, 1.10, 33, 354.91, 355.60, 2.63, 0.9981, -0.0394, -0.0435, 0.0212
11:43:52, 1.10, 33, 355.36, 355.53, 2.58, 0.9982, -0.0398, -0.0395, 0.0209
11:43:52, 1.10, 33, 355.93, 355.57, 2.60, 0.9984, -0.0394, -0.0346, 0.0213
11:43:52, 1.13, 34, 356.45, 355.38, 2.61, 0.9985, -0.0409, -0.0300, 0.0215
11:43:52, 1.13, 34, 356.89, 355.30, 2.63, 0.9986, -0.0416, -0.0262, 0.0218
11:43:52, 1.17, 35, 357.35, 355.24, 2.64, 0.9986, -0.0420, -0.0222, 0.0221
11:43:52, 1.17, 35, 357.79, 355.22, 2.66, 0.9987, -0.0422, -0.0183, 0.0224
11:43:52, 1.17, 35, 358.17, 355.10, 2.72, 0.9987, -0.0431, -0.0150, 0.0230
11:43:52, 1.20, 36, 358.56, 355.14, 2.79, 0.9987, -0.0426, -0.0115, 0.0238
11:43:52, 1.20, 36, 358.95, 355.09, 2.81, 0.9987, -0.0430, -0.0081, 0.0241
11:43:52, 1.23, 37, 359.29, 355.03, 2.86, 0.9987, -0.0435, -0.0051, 0.0246
11:43:52, 1.23, 37, 359.62, 354.98, 2.82, 0.9987, -0.0439, -0.0023, 0.0244
11:43:52, 1.27, 38, 0.03, 354.99, 2.84, 0.9987, -0.0437, 0.0013, 0.0247
11:43:52, 1.27, 38, 0.40, 354.99, 2.83, 0.9987, -0.0436, 0.0045, 0.0248
11:43:52, 1.27, 38, 0.72, 354.91, 2.89, 0.9987, -0.0442, 0.0074, 0.0255
11:43:52, 1.30, 39, 1.05, 354.94, 2.89, 0.9987, -0.0439, 0.0103, 0.0256
11:43:52, 1.30, 39, 1.35, 354.94, 2.85, 0.9986, -0.0438, 0.0128, 0.0254
11:43:52, 1.33, 40, 1.62, 354.95, 2.86, 0.9986, -0.0437, 0.0152, 0.0255
11:43:52, 1.33, 40, 1.99, 354.94, 2.83, 0.9985, -0.0437, 0.0184, 0.0255
11:43:52, 1.33, 40, 2.36, 354.90, 2.85, 0.9985, -0.0440, 0.0217, 0.0257
11:43:52, 1.37, 41, 2.71, 354.85, 2.89, 0.9984, -0.0443, 0.0247, 0.0263
11:43:52, 1.37, 41, 3.13, 354.76, 2.89, 0.9982, -0.0450, 0.0284, 0.0264
11:43:52, 1.40, 42, 3.54, 354.72, 2.91, 0.9981, -0.0452, 0.0320, 0.0268
11:43:52, 1.40, 42, 4.01, 354.71, 2.98, 0.9979, -0.0452, 0.0361, 0.0276
11:43:52, 1.43, 43, 4.46, 354.68, 3.02, 0.9978, -0.0453, 0.0401, 0.0281
11:43:52, 1.43, 43, 5.03, 354.62, 3.05, 0.9975, -0.0457, 0.0451, 0.0286
11:43:52, 1.43, 43, 5.67, 354.57, 3.05, 0.9972, -0.0460, 0.0506, 0.0289
11:43:52, 1.47, 44, 6.39, 354.54, 3.14, 0.9969, -0.0460, 0.0570, 0.0300
11:43:52, 1.47, 44, 7.27, 354.44, 3.20, 0.9963, -0.0466, 0.0646, 0.0309
11:43:52, 1.50, 45, 8.23, 354.36, 3.21, 0.9957, -0.0471, 0.0730, 0.0315
11:43:52, 1.50, 45, 9.24, 354.27, 3.20, 0.9950, -0.0476, 0.0818, 0.0318
11:43:52, 1.50, 45, 10.48, 354.15, 3.28, 0.9940, -0.0482, 0.0927, 0.0332
11:43:52, 1.53, 46, 11.88, 353.99, 3.34, 0.9927, -0.0491, 0.1048, 0.0344
11:43:52, 1.53, 46, 13.45, 353.89, 3.41, 0.9911, -0.0494, 0.1184, 0.0357
11:43:52, 1.57, 47, 15.12, 353.73, 3.51, 0.9891, -0.0502, 0.1330, 0.0375
11:43:52, 1.57, 47, 16.93, 353.60, 3.58, 0.9868, -0.0506, 0.1486, 0.0390
11:43:52, 1.60, 48, 18.95, 353.46, 3.67, 0.9839, -0.0510, 0.1661, 0.0409
11:43:52, 1.60, 48, 21.25, 353.25, 3.74, 0.9803, -0.0518, 0.1859, 0.0429
11:43:52, 1.60, 48, 23.85, 353.07, 3.93, 0.9756, -0.0520, 0.2081, 0.0460
11:43:52, 1.63, 49, 26.63, 352.90, 4.06, 0.9701, -0.0521, 0.2318, 0.0487
11:43:52, 1.63, 49, 29.39, 352.80, 4.04, 0.9642, -0.0518, 0.2552, 0.0500
11:43:52, 1.67, 50, 32.14, 352.69, 3.93, 0.9578, -0.0517, 0.2782, 0.0505
11:43:52, 1.67, 50, 35.04, 352.50, 3.92, 0.9503, -0.0520, 0.3024, 0.0522
11:43:52, 1.67, 50, 38.06, 352.35, 4.09, 0.9419, -0.0514, 0.3274, 0.0554
11:43:52, 1.70, 51, 41.01, 352.15, 4.17, 0.9330, -0.0514, 0.3515, 0.0580
11:43:52, 1.70, 51, 43.94, 351.97, 4.11, 0.9236, -0.0515, 0.3753, 0.0593
11:43:52, 1.73, 52, 46.85, 351.80, 4.08, 0.9136, -0.0515, 0.3986, 0.0610
11:43:52, 1.73, 52, 49.70, 351.50, 3.95, 0.9033, -0.0527, 0.4211, 0.0623
11:43:52, 1.77, 53, 52.49, 351.38, 3.86, 0.8927, -0.0526, 0.4430, 0.0633
11:43:52, 1.77, 53, 55.03, 351.22, 3.74, 0.8827, -0.0529, 0.4626, 0.0642
11:43:52, 1.77, 53, 57.42, 351.10, 3.57, 0.8728, -0.0531, 0.4808, 0.0645
11:43:52, 1.80, 54, 59.77, 351.09, 3.40, 0.8629, -0.0526, 0.4985, 0.0643
11:43:52, 1.80, 54, 61.97, 351.15, 3.29, 0.8533, -0.0514, 0.5150, 0.0642
11:43:52, 1.83, 55, 63.98, 351.14, 3.17, 0.8441, -0.0509, 0.5298, 0.0643
11:43:52, 1.83, 55, 65.87, 351.16, 3.03, 0.8354, -0.0503, 0.5436, 0.0640
11:43:52, 1.83, 55, 67.70, 351.28, 2.82, 0.8268, -0.0495, 0.5568, 0.0627
11:43:53, 1.87, 56, 69.38, 351.43, 2.70, 0.8187, -0.0481, 0.5688, 0.0619
11:43:53, 1.87, 56, 71.11, 351.46, 2.66, 0.8101, -0.0471, 0.5811, 0.0621
11:43:53, 1.90, 57, 72.65, 351.52, 2.61, 0.8023, -0.0461, 0.5919, 0.0621
11:43:53, 1.90, 57, 74.18, 351.63, 2.64, 0.7943, -0.0443, 0.6027, 0.0623
11:43:53, 1.93, 58, 75.57, 351.66, 2.62, 0.7870, -0.0435, 0.6122, 0.0626
11:43:53, 1.93, 58, 76.97, 351.74, 2.64, 0.7795, -0.0420, 0.6218, 0.0628
11:43:53, 1.93, 58, 78.28, 351.72, 2.71, 0.7723, -0.0411, 0.6307, 0.0639
11:43:53, 1.97, 59, 79.52, 351.69, 2.69, 0.7654, -0.0407, 0.6390, 0.0643
11:43:53, 1.97, 59, 80.73, 351.74, 2.72, 0.7586, -0.0395, 0.6471, 0.0646
11:43:53, 2.00, 60, 81.88, 351.77, 2.77, 0.7521, -0.0384, 0.6547, 0.0652
11:43:53, 2.00, 60, 83.06, 351.77, 2.76, 0.7453, -0.0378, 0.6624, 0.0655
11:43:53, 2.00, 60, 84.22, 351.80, 2.83, 0.7386, -0.0365, 0.6699, 0.0662
11:43:53, 2.03, 61, 85.17, 351.88, 2.92, 0.7330, -0.0349, 0.6761, 0.0666
11:43:53, 2.03, 61, 85.98, 351.99, 3.05, 0.7282, -0.0330, 0.6813, 0.0671
11:43:53, 2.07, 62, 86.58, 352.09, 3.17, 0.7246, -0.0313, 0.6852, 0.0674
11:43:53, 2.07, 62, 87.21, 352.19, 3.22, 0.7208, -0.0300, 0.6892, 0.0673
11:43:53, 2.10, 63, 87.84, 352.21, 3.16, 0.7171, -0.0298, 0.6932, 0.0669
11:43:53, 2.10, 63, 88.47, 352.22, 3.15, 0.7133, -0.0295, 0.6970, 0.0670
11:43:53, 2.10, 63, 89.05, 352.25, 3.15, 0.7098, -0.0289, 0.7007, 0.0669
11:43:53, 2.13, 64, 89.45, 352.22, 3.24, 0.7072, -0.0283, 0.7031, 0.0678
11:43:53, 2.13, 64, 89.84, 352.18, 3.29, 0.7048, -0.0280, 0.7056, 0.0684
11:43:53, 2.17, 65, 90.24, 352.04, 3.36, 0.7022, -0.0282, 0.7080, 0.0698
11:43:53, 2.17, 65, 90.66, 351.93, 3.35, 0.6995, -0.0287, 0.7105, 0.0705
11:43:53, 2.20, 66, 91.07, 351.84, 3.33, 0.6969, -0.0291, 0.7130, 0.0711
11:43:53, 2.20, 66, 91.43, 351.76, 3.38, 0.6946, -0.0291, 0.7152, 0.0720
11:43:53, 2.20, 66, 91.70, 351.69, 3.38, 0.6929, -0.0294, 0.7168, 0.0724
11:43:53, 2.23, 67, 91.93, 351.66, 3.42, 0.6914, -0.0291, 0.7182, 0.0730
11:43:53, 2.23, 67, 92.14, 351.56, 3.50, 0.6900, -0.0291, 0.7194, 0.0741
11:43:53, 2.27, 68, 92.39, 351.45, 3.58, 0.6883, -0.0291, 0.7209, 0.0753
11:43:53, 2.27, 68, 92.71, 351.32, 3.54, 0.6862, -0.0299, 0.7228, 0.0760
11:43:53, 2.27, 68, 93.07, 351.24, 3.63, 0.6838, -0.0296, 0.7250, 0.0771
11:43:53, 2.30, 69, 93.34, 351.25, 3.62, 0.6821, -0.0294, 0.7266, 0.0771
11:43:53, 2.30, 69, 93.59, 351.32, 3.63, 0.6805, -0.0288, 0.7281, 0.0768
11:43:53, 2.33, 70, 93.84, 351.35, 3.66, 0.6790, -0.0282, 0.7296, 0.0768
11:43:53, 2.33, 70, 94.08, 351.35, 3.70, 0.6774, -0.0278, 0.7310, 0.0771
11:43:53, 2.33, 70, 94.29, 351.30, 3.74, 0.6760, -0.0277, 0.7323, 0.0777
11:43:53, 2.37, 71, 94.51, 351.29, 3.71, 0.6746, -0.0278, 0.7335, 0.0777
11:43:53, 2.37, 71, 94.64, 351.28, 3.74, 0.6738, -0.0276, 0.7343, 0.0779
11:43:53, 2.40, 72, 94.78, 351.29, 3.73, 0.6729, -0.0275, 0.7352, 0.0778
11:43:53, 2.40, 72, 94.91, 351.30, 3.76, 0.6721, -0.0272, 0.7359, 0.0779
11:43:53, 2.43, 73, 95.08, 351.31, 3.78, 0.6709, -0.0269, 0.7369, 0.0781
11:43:53, 2.43, 73, 95.24, 351.26, 3.79, 0.6698, -0.0270, 0.7378, 0.0785
11:43:53, 2.43, 73, 95.40, 351.22, 3.84, 0.6688, -0.0267, 0.7388, 0.0791
11:43:53, 2.47, 74, 95.55, 351.16, 3.88, 0.6677, -0.0268, 0.7397, 0.0797
11:43:53, 2.47, 74, 95.67, 351.11, 3.89, 0.6669, -0.0269, 0.7403, 0.0802
11:43:53, 2.50, 75, 95.76, 351.03, 3.92, 0.6662, -0.0272, 0.7409, 0.0809
11:43:53, 2.50, 75, 95.85, 350.97, 3.93, 0.6656, -0.0273, 0.7414, 0.0813
11:43:53, 2.53, 76, 95.95, 350.91, 3.94, 0.6649, -0.0276, 0.7419, 0.0818
11:43:53, 2.53, 76, 96.04, 350.87, 3.92, 0.6643, -0.0278, 0.7424, 0.0819
11:43:53, 2.53, 76, 96.12, 350.79, 3.93, 0.6638, -0.0282, 0.7428, 0.0826
11:43:53, 2.57, 77, 96.19, 350.77, 3.99, 0.6632, -0.0279, 0.7433, 0.0830
11:43:53, 2.57, 77, 96.28, 350.73, 4.02, 0.6626, -0.0279, 0.7438, 0.0835
11:43:53, 2.60, 78, 96.30, 350.72, 4.08, 0.6624, -0.0275, 0.7439, 0.0839
11:43:53, 2.60, 78, 96.33, 350.71, 4.15, 0.6622, -0.0271, 0.7441, 0.0844
11:43:53, 2.60, 78, 96.33, 350.72, 4.20, 0.6622, -0.0268, 0.7441, 0.0846
11:43:53, 2.63, 79, 96.36, 350.73, 4.25, 0.6619, -0.0263, 0.7443, 0.0849
11:43:53, 2.63, 79, 96.41, 350.71, 4.31, 0.6616, -0.0260, 0.7446, 0.0853
11:43:53, 2.67, 80, 96.42, 350.71, 4.35, 0.6615, -0.0257, 0.7446, 0.0856
11:43:53, 2.67, 80, 96.41, 350.70, 4.40, 0.6615, -0.0255, 0.7446, 0.0859
11:43:53, 2.70, 81, 96.38, 350.69, 4.36, 0.6617, -0.0258, 0.7444, 0.0857
11:43:53, 2.70, 81, 96.39, 350.71, 4.37, 0.6616, -0.0256, 0.7445, 0.0857
11:43:53, 2.70, 81, 96.41, 350.72, 4.40, 0.6615, -0.0253, 0.7446, 0.0858
11:43:53, 2.73, 82, 96.43, 350.70, 4.44, 0.6613, -0.0252, 0.7448, 0.0862
11:43:53, 2.73, 82, 96.47, 350.66, 4.46, 0.6610, -0.0253, 0.7450, 0.0865
11:43:53, 2.77, 83, 96.49, 350.61, 4.47, 0.6608, -0.0254, 0.7451, 0.0869
11:43:53, 2.77, 83, 96.53, 350.58, 4.50, 0.6605, -0.0255, 0.7453, 0.0873
11:43:53, 2.77, 83, 96.53, 350.52, 4.51, 0.6604, -0.0257, 0.7453, 0.0877
11:43:53, 2.80, 84, 96.54, 350.53, 4.50, 0.6604, -0.0257, 0.7454, 0.0876
11:43:53, 2.80, 84, 96.57, 350.55, 4.52, 0.6603, -0.0254, 0.7455, 0.0876
11:43:53, 2.83, 85, 96.57, 350.60, 4.52, 0.6603, -0.0251, 0.7455, 0.0873
11:43:53, 2.83, 85, 96.60, 350.62, 4.52, 0.6601, -0.0250, 0.7457, 0.0871
11:43:53, 2.87, 86, 96.59, 350.60, 4.53, 0.6601, -0.0251, 0.7457, 0.0873
11:43:54, 2.87, 86, 96.57, 350.60, 4.55, 0.6602, -0.0249, 0.7456, 0.0874
11:43:54, 2.87, 86, 96.55, 350.59, 4.55, 0.6604, -0.0250, 0.7454, 0.0875
11:43:54, 2.90, 87, 96.49, 350.61, 4.55, 0.6607, -0.0249, 0.7451, 0.0874
11:43:54, 2.90, 87, 96.42, 350.61, 4.57, 0.6612, -0.0248, 0.7447, 0.0875
11:43:54, 2.93, 88, 96.38, 350.62, 4.56, 0.6615, -0.0249, 0.7445, 0.0873
11:43:54, 2.93, 88, 96.33, 350.64, 4.58, 0.6618, -0.0247, 0.7441, 0.0873
11:43:54, 2.93, 88, 96.28, 350.66, 4.59, 0.6621, -0.0246, 0.7439, 0.0872
11:43:54, 2.97, 89, 96.20, 350.68, 4.62, 0.6627, -0.0243, 0.7434, 0.0873
11:43:54, 2.97, 89, 96.15, 350.71, 4.64, 0.6630, -0.0240, 0.7432, 0.0872
11:43:54, 3.00, 90, 96.04, 350.74, 4.66, 0.6637, -0.0238, 0.7426, 0.0871
11:43:54, 3.00, 90, 95.96, 350.73, 4.66, 0.6642, -0.0240, 0.7420, 0.0871
11:43:54, 3.03, 91, 95.87, 350.73, 4.66, 0.6648, -0.0240, 0.7415, 0.0871
11:43:54, 3.03, 91, 95.77, 350.73, 4.65, 0.6655, -0.0242, 0.7409, 0.0870
11:43:54, 3.03, 91, 95.68, 350.78, 4.65, 0.6661, -0.0239, 0.7404, 0.0867
11:43:54, 3.07, 92, 95.58, 350.78, 4.67, 0.6667, -0.0239, 0.7398, 0.0868
11:43:54, 3.07, 92, 95.49, 350.78, 4.68, 0.6673, -0.0239, 0.7393, 0.0868
11:43:54, 3.10, 93, 95.41, 350.76, 4.73, 0.6677, -0.0238, 0.7389, 0.0872
11:43:54, 3.10, 93, 95.35, 350.75, 4.73, 0.6681, -0.0238, 0.7386, 0.0872
11:43:54, 3.10, 93, 95.32, 350.77, 4.75, 0.6683, -0.0236, 0.7384, 0.0872
11:43:54, 3.13, 94, 95.27, 350.77, 4.73, 0.6687, -0.0238, 0.7381, 0.0871
11:43:54, 3.13, 94, 95.23, 350.75, 4.71, 0.6689, -0.0240, 0.7378, 0.0871
11:43:54, 3.17, 95, 95.18, 350.76, 4.74, 0.6692, -0.0238, 0.7376, 0.0872
11:43:54, 3.17, 95, 95.16, 350.79, 4.77, 0.6693, -0.0235, 0.7375, 0.0872
11:43:54, 3.20, 96, 95.13, 350.81, 4.81, 0.6695, -0.0231, 0.7373, 0.0873
11:43:54, 3.20, 96, 95.10, 350.83, 4.86, 0.6697, -0.0227, 0.7371, 0.0874
11:43:54, 3.20, 96, 95.03, 350.88, 4.85, 0.6702, -0.0225, 0.7367, 0.0871
11:43:54, 3.23, 97, 94.94, 350.92, 4.86, 0.6708, -0.0223, 0.7362, 0.0869
11:43:54, 3.23, 97, 94.86, 350.95, 4.86, 0.6713, -0.0222, 0.7358, 0.0867
11:43:54, 3.27, 98, 94.80, 350.98, 4.84, 0.6717, -0.0222, 0.7354, 0.0863
11:43:54, 3.27, 98, 94.71, 351.01, 4.83, 0.6723, -0.0222, 0.7349, 0.0861
11:43:54, 3.27, 98, 94.64, 351.02, 4.83, 0.6728, -0.0222, 0.7345, 0.0860
11:43:54, 3.30, 99, 94.52, 351.00, 4.81, 0.6736, -0.0225, 0.7338, 0.0859
11:43:54, 3.30, 99, 94.41, 351.02, 4.80, 0.6743, -0.0226, 0.7331, 0.0858
11:43:54, 3.33, 100, 94.35, 351.01, 4.81, 0.6747, -0.0225, 0.7328, 0.0859
11:43:54, 3.33, 100, 94.27, 351.03, 4.84, 0.6751, -0.0223, 0.7323, 0.0859
11:43:54, 3.37, 101, 94.21, 351.04, 4.82, 0.6756, -0.0224, 0.7320, 0.0857
11:43:54, 3.37, 101, 94.15, 351.06, 4.79, 0.6760, -0.0225, 0.7316, 0.0854
11:43:54, 3.37, 101, 94.07, 351.04, 4.81, 0.6765, -0.0226, 0.7311, 0.0856
11:43:54, 3.40, 102, 94.01, 351.05, 4.81, 0.6768, -0.0225, 0.7308, 0.0855
11:43:54, 3.40, 102, 93.96, 351.03, 4.79, 0.6772, -0.0228, 0.7305, 0.0856
11:43:54, 3.43, 103, 93.93, 351.06, 4.79, 0.6774, -0.0227, 0.7303, 0.0854
11:43:54, 3.43, 103, 93.87, 351.06, 4.80, 0.6777, -0.0227, 0.7300, 0.0854
11:43:54, 3.43, 103, 93.82, 351.08, 4.79, 0.6781, -0.0227, 0.7296, 0.0852
11:43:54, 3.47, 104, 93.77, 351.08, 4.81, 0.6784, -0.0226, 0.7294, 0.0853
11:43:54, 3.47, 104, 93.71, 351.08, 4.83, 0.6788, -0.0225, 0.7290, 0.0854
11:43:54, 3.50, 105, 93.67, 351.04, 4.84, 0.6790, -0.0227, 0.7288, 0.0857
11:43:54, 3.50, 105, 93.63, 351.00, 4.85, 0.6792, -0.0229, 0.7285, 0.0860
11:43:54, 3.53, 106, 93.59, 350.99, 4.86, 0.6794, -0.0229, 0.7283, 0.0862
11:43:54, 3.53, 106, 93.55, 350.98, 4.88, 0.6797, -0.0229, 0.7280, 0.0863
11:43:54, 3.53, 106, 93.50, 350.96, 4.89, 0.6800, -0.0230, 0.7277, 0.0865
11:43:54, 3.57, 107, 93.44, 350.94, 4.87, 0.6804, -0.0232, 0.7274, 0.0865
11:43:54, 3.57, 107, 93.44, 350.94, 4.83, 0.6804, -0.0235, 0.7274, 0.0863
11:43:54, 3.60, 108, 93.43, 350.92, 4.82, 0.6804, -0.0237, 0.7273, 0.0863
11:43:54, 3.60, 108, 93.45, 350.89, 4.81, 0.6803, -0.0239, 0.7274, 0.0864
11:43:54, 3.60, 108, 93.49, 350.91, 4.79, 0.6801, -0.0239, 0.7276, 0.0862
11:43:54, 3.63, 109, 93.49, 350.91, 4.80, 0.6800, -0.0239, 0.7277, 0.0863
11:43:54, 3.63, 109, 93.53, 350.90, 4.79, 0.6798, -0.0239, 0.7279, 0.0863
11:43:54, 3.67, 110, 93.62, 350.87, 4.78, 0.6793, -0.0241, 0.7284, 0.0864
11:43:54, 3.67, 110, 93.69, 350.80, 4.77, 0.6787, -0.0246, 0.7288, 0.0868
11:43:54, 3.70, 111, 93.79, 350.74, 4.76, 0.6780, -0.0249, 0.7294, 0.0872
11:43:54, 3.70, 111, 93.87, 350.71, 4.79, 0.6775, -0.0249, 0.7298, 0.0875
11:43:54, 3.70, 111, 93.93, 350.66, 4.77, 0.6771, -0.0252, 0.7302, 0.0877
11:43:54, 3.73, 112, 93.98, 350.64, 4.77, 0.6768, -0.0253, 0.7305, 0.0879
11:43:54, 3.73, 112, 94.01, 350.64, 4.76, 0.6766, -0.0253, 0.7307, 0.0879
11:43:54, 3.77, 113, 94.01, 350.64, 4.79, 0.6766, -0.0251, 0.7307, 0.0881
11:43:54, 3.77, 113, 94.02, 350.63, 4.81, 0.6765, -0.0251, 0.7307, 0.0882
11:43:54, 3.77, 113, 94.05, 350.67, 4.80, 0.6763, -0.0248, 0.7309, 0.0879
11:43:54, 3.80, 114, 94.03, 350.68, 4.81, 0.6765, -0.0247, 0.7308, 0.0879
11:43:54, 3.80, 114, 94.03, 350.69, 4.83, 0.6765, -0.0246, 0.7308, 0.0879
11:43:54, 3.83, 115, 94.03, 350.73, 4.84, 0.6764, -0.0243, 0.7308, 0.0878
11:43:54, 3.83, 115, 94.05, 350.74, 4.82, 0.6764, -0.0243, 0.7309, 0.0876
11:43:54, 3.87, 116, 94.07, 350.77, 4.82, 0.6763, -0.0241, 0.7311, 0.0874
11:43:55, 3.87, 116, 94.08, 350.76, 4.81, 0.6762, -0.0242, 0.7311, 0.0874
11:43:55, 3.87, 116, 94.08, 350.75, 4.80, 0.6762, -0.0243, 0.7311, 0.0874
11:43:55, 3.90, 117, 94.06, 350.74, 4.80, 0.6763, -0.0244, 0.7310, 0.0875
11:43:55, 3.90, 117, 94.06, 350.72, 4.80, 0.6763, -0.0245, 0.7310, 0.0876
11:43:55, 3.93, 118, 94.07, 350.71, 4.78, 0.6763, -0.0248, 0.7310, 0.0875
11:43:55, 3.93, 118, 94.07, 350.69, 4.77, 0.6762, -0.0249, 0.7310, 0.0876
11:43:55, 3.93, 118, 94.06, 350.68, 4.72, 0.6763, -0.0253, 0.7310, 0.0874
11:43:55, 3.97, 119, 94.04, 350.67, 4.68, 0.6765, -0.0256, 0.7308, 0.0872
11:43:55, 3.97, 119, 94.02, 350.66, 4.66, 0.6766, -0.0258, 0.7307, 0.0871
11:43:55, 4.00, 120, 94.04, 350.65, 4.64, 0.6765, -0.0260, 0.7308, 0.0871
11:43:55, 4.00, 120, 94.07, 350.64, 4.62, 0.6763, -0.0262, 0.7310, 0.0870
11:43:55, 4.03, 121, 94.11, 350.66, 4.59, 0.6761, -0.0262, 0.7312, 0.0867
11:43:55, 4.03, 121, 94.14, 350.66, 4.54, 0.6760, -0.0265, 0.7314, 0.0865
11:43:55, 4.03, 121, 94.17, 350.65, 4.54, 0.6758, -0.0266, 0.7315, 0.0865
11:43:55, 4.07, 122, 94.17, 350.64, 4.51, 0.6757, -0.0268, 0.7316, 0.0864
11:43:55, 4.07, 122, 94.18, 350.59, 4.51, 0.6756, -0.0271, 0.7316, 0.0867
11:43:55, 4.10, 123, 94.23, 350.60, 4.49, 0.6754, -0.0271, 0.7319, 0.0866
11:43:55, 4.10, 123, 94.28, 350.59, 4.48, 0.6750, -0.0272, 0.7322, 0.0866
11:43:55, 4.10, 123, 94.31, 350.59, 4.46, 0.6749, -0.0273, 0.7324, 0.0865
11:43:55, 4.13, 124, 94.34, 350.60, 4.44, 0.6747, -0.0274, 0.7325, 0.0863
11:43:55, 4.13, 124, 94.36, 350.60, 4.43, 0.6746, -0.0274, 0.7327, 0.0862
11:43:55, 4.17, 125, 94.39, 350.60, 4.40, 0.6744, -0.0276, 0.7328, 0.0861
11:43:55, 4.17, 125, 94.43, 350.60, 4.37, 0.6742, -0.0277, 0.7331, 0.0859
11:43:55, 4.20, 126, 94.47, 350.58, 4.33, 0.6739, -0.0281, 0.7333, 0.0858
11:43:55, 4.20, 126, 94.51, 350.59, 4.33, 0.6737, -0.0280, 0.7335, 0.0858
11:43:55, 4.20, 126, 94.52, 350.58, 4.30, 0.6737, -0.0282, 0.7335, 0.0856
11:43:55, 4.23, 127, 94.53, 350.62, 4.29, 0.6736, -0.0281, 0.7336, 0.0853
11:43:55, 4.23, 127, 94.52, 350.61, 4.28, 0.6737, -0.0282, 0.7335, 0.0853
11:43:55, 4.27, 128, 94.53, 350.61, 4.28, 0.6736, -0.0282, 0.7336, 0.0853
11:43:55, 4.27, 128, 94.55, 350.60, 4.25, 0.6735, -0.0284, 0.7337, 0.0852
11:43:55, 4.27, 128, 94.57, 350.58, 4.25, 0.6733, -0.0285, 0.7338, 0.0854
11:43:55, 4.30, 129, 94.60, 350.57, 4.23, 0.6732, -0.0287, 0.7340, 0.0853
11:43:55, 4.30, 129, 94.59, 350.58, 4.21, 0.6732, -0.0288, 0.7339, 0.0852
11:43:55, 4.33, 130, 94.61, 350.60, 4.22, 0.6732, -0.0286, 0.7340, 0.0851
11:43:55, 4.33, 130, 94.62, 350.60, 4.21, 0.6731, -0.0286, 0.7341, 0.0850
11:43:55, 4.37, 131, 94.67, 350.59, 4.17, 0.6728, -0.0289, 0.7344, 0.0849
11:43:55, 4.37, 131, 94.67, 350.57, 4.14, 0.6728, -0.0292, 0.7344, 0.0848
11:43:55, 4.37, 131, 94.68, 350.56, 4.11, 0.6728, -0.0294, 0.7344, 0.0847
11:43:55, 4.40, 132, 94.69, 350.60, 4.09, 0.6727, -0.0293, 0.7345, 0.0843
11:43:55, 4.40, 132, 94.73, 350.61, 4.10, 0.6725, -0.0292, 0.7347, 0.0843
11:43:55, 4.43, 133, 94.79, 350.64, 4.09, 0.6721, -0.0291, 0.7351, 0.0841
11:43:55, 4.43, 133, 94.83, 350.64, 4.08, 0.6719, -0.0290, 0.7353, 0.0840
11:43:55, 4.43, 133, 94.92, 350.69, 4.05, 0.6713, -0.0289, 0.7359, 0.0836
11:43:55, 4.47, 134, 95.01, 350.73, 4.03, 0.6708, -0.0287, 0.7364, 0.0832
11:43:55, 4.47, 134, 95.08, 350.80, 4.01, 0.6704, -0.0284, 0.7368, 0.0827
11:43:55, 4.50, 135, 95.13, 350.82, 3.97, 0.6701, -0.0285, 0.7371, 0.0823
11:43:55, 4.50, 135, 95.20, 350.83, 3.91, 0.6697, -0.0288, 0.7375, 0.0819
11:43:55, 4.53, 136, 95.27, 350.83, 3.88, 0.6693, -0.0289, 0.7379, 0.0818
11:43:55, 4.53, 136, 95.35, 350.86, 3.86, 0.6688, -0.0288, 0.7384, 0.0815
11:43:55, 4.53, 136, 95.44, 350.94, 3.85, 0.6683, -0.0283, 0.7389, 0.0809
11:43:55, 4.57, 137, 95.53, 351.00, 3.80, 0.6678, -0.0282, 0.7395, 0.0803
11:43:55, 4.57, 137, 95.61, 351.04, 3.77, 0.6674, -0.0281, 0.7399, 0.0798
11:43:55, 4.60, 138, 95.71, 351.08, 3.77, 0.6667, -0.0278, 0.7405, 0.0796
11:43:55, 4.60, 138, 95.79, 351.08, 3.75, 0.6662, -0.0279, 0.7410, 0.0796
11:43:55, 4.60, 138, 95.90, 351.09, 3.74, 0.6655, -0.0278, 0.7417, 0.0794
11:43:55, 4.63, 139, 95.99, 351.17, 3.75, 0.6650, -0.0272, 0.7422, 0.0790
11:43:55, 4.63, 139, 96.06, 351.25, 3.76, 0.6646, -0.0267, 0.7426, 0.0786
11:43:55, 4.67, 140, 96.11, 351.34, 3.78, 0.6643, -0.0260, 0.7429, 0.0781
11:43:55, 4.67, 140, 96.18, 351.41, 3.76, 0.6639, -0.0256, 0.7433, 0.0775
11:43:55, 4.70, 141, 96.21, 351.45, 3.76, 0.6637, -0.0254, 0.7436, 0.0773
11:43:55, 4.70, 141, 96.26, 351.53, 3.76, 0.6634, -0.0249, 0.7439, 0.0768
11:43:55, 4.70, 141, 96.29, 351.60, 3.76, 0.6633, -0.0245, 0.7440, 0.0764
11:43:55, 4.73, 142, 96.27, 351.66, 3.76, 0.6634, -0.0241, 0.7440, 0.0760
11:43:55, 4.73, 142, 96.27, 351.71, 3.77, 0.6635, -0.0238, 0.7439, 0.0757
11:43:55, 4.77, 143, 96.25, 351.73, 3.78, 0.6637, -0.0236, 0.7438, 0.0756
11:43:55, 4.77, 143, 96.26, 351.74, 3.77, 0.6636, -0.0237, 0.7439, 0.0755
11:43:55, 4.77, 143, 96.27, 351.75, 3.74, 0.6636, -0.0237, 0.7439, 0.0753
11:43:55, 4.80, 144, 96.27, 351.78, 3.71, 0.6636, -0.0238, 0.7439, 0.0749
11:43:55, 4.80, 144, 96.26, 351.81, 3.69, 0.6637, -0.0237, 0.7439, 0.0746
11:43:55, 4.83, 145, 96.24, 351.85, 3.70, 0.6638, -0.0234, 0.7438, 0.0744
11:43:55, 4.83, 145, 96.24, 351.84, 3.72, 0.6638, -0.0233, 0.7438, 0.0746
11:43:55, 4.87, 146, 96.25, 351.84, 3.72, 0.6638, -0.0234, 0.7438, 0.0745
11:43:56, 4.87, 146, 96.26, 351.86, 3.75, 0.6637, -0.0230, 0.7439, 0.0746
11:43:56, 4.87, 146, 96.27, 351.89, 3.72, 0.6637, -0.0231, 0.7440, 0.0743
11:43:56, 4.90, 147, 96.27, 351.92, 3.73, 0.6636, -0.0228, 0.7440, 0.0741
11:43:56, 4.90, 147, 96.27, 351.94, 3.73, 0.6637, -0.0227, 0.7440, 0.0740
11:43:56, 4.93, 148, 96.25, 351.97, 3.72, 0.6638, -0.0226, 0.7439, 0.0737
11:43:56, 4.93, 148, 96.26, 351.99, 3.72, 0.6638, -0.0225, 0.7439, 0.0736
11:43:56, 4.93, 148, 96.26, 352.01, 3.73, 0.6638, -0.0223, 0.7440, 0.0736
11:43:56, 4.97, 149, 96.27, 352.02, 3.72, 0.6637, -0.0223, 0.7440, 0.0734
11:43:56, 4.97, 149, 96.27, 352.03, 3.72, 0.6638, -0.0222, 0.7440, 0.0733
11:43:56, 5.00, 150, 96.28, 352.03, 3.70, 0.6637, -0.0224, 0.7441, 0.0732
11:43:56, 5.00, 150, 96.27, 352.02, 3.69, 0.6637, -0.0225, 0.7440, 0.0732
11:43:56, 5.03, 151, 96.27, 352.03, 3.70, 0.6638, -0.0223, 0.7440, 0.0732
11:43:56, 5.03, 151, 96.26, 352.08, 3.73, 0.6638, -0.0219, 0.7440, 0.0731
11:43:56, 5.03, 151, 96.25, 352.10, 3.78, 0.6639, -0.0214, 0.7440, 0.0732
11:43:56, 5.07, 152, 96.25, 352.12, 3.80, 0.6639, -0.0212, 0.7440, 0.0732
11:43:56, 5.07, 152, 96.23, 352.13, 3.81, 0.6640, -0.0211, 0.7438, 0.0732
11:43:56, 5.10, 153, 96.21, 352.16, 3.83, 0.6641, -0.0208, 0.7438, 0.0731
11:43:56, 5.10, 153, 96.18, 352.19, 3.84, 0.6644, -0.0206, 0.7436, 0.0729
11:43:56, 5.10, 153, 96.13, 352.22, 3.85, 0.6647, -0.0204, 0.7433, 0.0728
11:43:56, 5.13, 154, 96.08, 352.22, 3.82, 0.6650, -0.0206, 0.7430, 0.0727
11:43:56, 5.13, 154, 96.04, 352.22, 3.83, 0.6653, -0.0206, 0.7427, 0.0727
11:43:56, 5.17, 155, 95.98, 352.22, 3.82, 0.6657, -0.0207, 0.7424, 0.0727
11:43:56, 5.17, 155, 95.88, 352.23, 3.84, 0.6663, -0.0206, 0.7418, 0.0727
11:43:56, 5.20, 156, 95.72, 352.26, 3.86, 0.6674, -0.0204, 0.7409, 0.0726
11:43:56, 5.20, 156, 95.43, 352.29, 3.85, 0.6692, -0.0204, 0.7393, 0.0722
11:43:56, 5.20, 156, 95.08, 352.33, 3.78, 0.6716, -0.0209, 0.7372, 0.0715
11:43:56, 5.23, 157, 94.78, 352.36, 3.75, 0.6736, -0.0211, 0.7354, 0.0711
11:43:56, 5.23, 157, 94.49, 352.35, 3.73, 0.6754, -0.0214, 0.7337, 0.0710
11:43:56, 5.27, 158, 94.23, 352.37, 3.73, 0.6771, -0.0215, 0.7322, 0.0708
11:43:56, 5.27, 158, 93.98, 352.36, 3.78, 0.6786, -0.0214, 0.7307, 0.0711
11:43:56, 5.27, 158, 93.77, 352.37, 3.82, 0.6800, -0.0211, 0.7295, 0.0713
11:43:56, 5.30, 159, 93.59, 352.41, 3.83, 0.6811, -0.0210, 0.7284, 0.0711
11:43:56, 5.30, 159, 93.39, 352.43, 3.90, 0.6823, -0.0206, 0.7273, 0.0713
11:43:56, 5.33, 160, 93.21, 352.48, 3.96, 0.6835, -0.0200, 0.7262, 0.0713
11:43:56, 5.33, 160, 93.02, 352.52, 4.00, 0.6847, -0.0196, 0.7251, 0.0712
11:43:56, 5.37, 161, 92.80, 352.55, 4.05, 0.6860, -0.0192, 0.7238, 0.0714
11:43:56, 5.37, 161, 92.53, 352.59, 4.08, 0.6878, -0.0190, 0.7222, 0.0712
11:43:56, 5.37, 161, 92.26, 352.62, 4.05, 0.6895, -0.0192, 0.7206, 0.0708
11:43:56, 5.40, 162, 91.97, 352.64, 3.99, 0.6914, -0.0195, 0.7188, 0.0703
11:43:56, 5.40, 162, 91.74, 352.66, 3.93, 0.6929, -0.0199, 0.7174, 0.0698
11:43:56, 5.43, 163, 91.56, 352.64, 3.94, 0.6940, -0.0201, 0.7163, 0.0699
11:43:56, 5.43, 163, 91.37, 352.63, 3.95, 0.6952, -0.0203, 0.7151, 0.0700
11:43:56, 5.43, 163, 91.21, 352.64, 3.96, 0.6961, -0.0203, 0.7142, 0.0700
11:43:56, 5.47, 164, 91.07, 352.60, 3.95, 0.6970, -0.0206, 0.7133, 0.0701
11:43:56, 5.47, 164, 90.95, 352.61, 3.97, 0.6978, -0.0206, 0.7126, 0.0702
11:43:56, 5.50, 165, 90.84, 352.61, 3.97, 0.6984, -0.0206, 0.7119, 0.0702
11:43:56, 5.50, 165, 90.72, 352.60, 3.98, 0.6991, -0.0207, 0.7112, 0.0702
11:43:56, 5.53, 166, 90.60, 352.62, 3.99, 0.6999, -0.0206, 0.7105, 0.0702
11:43:56, 5.53, 166, 90.48, 352.63, 4.01, 0.7006, -0.0204, 0.7098, 0.0702
11:43:56, 5.53, 166, 90.34, 352.64, 4.03, 0.7015, -0.0203, 0.7089, 0.0702
11:43:56, 5.57, 167, 90.20, 352.65, 4.03, 0.7024, -0.0204, 0.7081, 0.0702
11:43:56, 5.57, 167, 90.08, 352.69, 4.05, 0.7032, -0.0201, 0.7073, 0.0700
11:43:56, 5.60, 168, 89.93, 352.72, 4.06, 0.7041, -0.0199, 0.7064, 0.0698
11:43:56, 5.60, 168, 89.77, 352.76, 4.07, 0.7051, -0.0197, 0.7054, 0.0696
11:43:56, 5.60, 168, 89.61, 352.80, 4.06, 0.7061, -0.0196, 0.7045, 0.0693
11:43:56, 5.63, 169, 89.47, 352.81, 4.02, 0.7070, -0.0199, 0.7036, 0.0690
11:43:56, 5.63, 169, 89.33, 352.79, 4.04, 0.7078, -0.0200, 0.7027, 0.0692
11:43:56, 5.67, 170, 89.21, 352.80, 4.04, 0.7085, -0.0200, 0.7020, 0.0692
11:43:56, 5.67, 170, 89.11, 352.83, 4.04, 0.7092, -0.0198, 0.7014, 0.0690
11:43:56, 5.67, 170, 89.00, 352.86, 4.08, 0.7098, -0.0195, 0.7007, 0.0689
11:43:56, 5.70, 171, 88.94, 352.87, 4.10, 0.7102, -0.0194, 0.7003, 0.0690
11:43:56, 5.70, 171, 88.83, 352.86, 4.13, 0.7109, -0.0193, 0.6996, 0.0693
11:43:56, 5.73, 172, 88.74, 352.88, 4.15, 0.7114, -0.0191, 0.6991, 0.0692
11:43:56, 5.73, 172, 88.67, 352.87, 4.17, 0.7119, -0.0191, 0.6986, 0.0694
11:43:56, 5.77, 173, 88.59, 352.86, 4.20, 0.7123, -0.0190, 0.6982, 0.0696
11:43:56, 5.77, 173, 88.49, 352.86, 4.22, 0.7129, -0.0189, 0.6976, 0.0697
11:43:56, 5.77, 173, 88.39, 352.84, 4.26, 0.7135, -0.0188, 0.6969, 0.0701
11:43:56, 5.80, 174, 88.29, 352.87, 4.27, 0.7141, -0.0187, 0.6963, 0.0700
11:43:56, 5.80, 174, 88.21, 352.85, 4.25, 0.7146, -0.0190, 0.6958, 0.0699
11:43:56, 5.83, 175, 88.15, 352.82, 4.27, 0.7149, -0.0191, 0.6955, 0.0702
11:43:56, 5.83, 175, 88.09, 352.82, 4.27, 0.7152, -0.0191, 0.6951, 0.0703
11:43:56, 5.83, 175, 88.04, 352.80, 4.26, 0.7156, -0.0194, 0.6947, 0.0703
11:43:57, 5.87, 176, 88.01, 352.75, 4.28, 0.7157, -0.0195, 0.6945, 0.0707
11:43:57, 5.87, 176, 87.94, 352.74, 4.31, 0.7161, -0.0195, 0.6941, 0.0709
11:43:57, 5.90, 177, 87.88, 352.75, 4.34, 0.7164, -0.0193, 0.6938, 0.0711
11:43:57, 5.90, 177, 87.83, 352.76, 4.37, 0.7168, -0.0191, 0.6934, 0.0712
11:43:57, 5.93, 178, 87.80, 352.75, 4.38, 0.7169, -0.0191, 0.6932, 0.0713
11:43:57, 5.93, 178, 87.76, 352.77, 4.40, 0.7172, -0.0188, 0.6930, 0.0713
11:43:57, 5.93, 178, 87.71, 352.80, 4.42, 0.7174, -0.0186, 0.6927, 0.0712
11:43:57, 5.97, 179, 87.69, 352.80, 4.45, 0.7176, -0.0184, 0.6926, 0.0714
11:43:57, 5.97, 179, 87.66, 352.83, 4.44, 0.7178, -0.0183, 0.6924, 0.0712
11:43:57, 6.00, 180, 87.63, 352.83, 4.47, 0.7179, -0.0181, 0.6922, 0.0714
11:43:57, 6.00, 180, 87.61, 352.86, 4.49, 0.7181, -0.0178, 0.6921, 0.0713
11:43:57, 6.00, 180, 87.58, 352.86, 4.51, 0.7182, -0.0178, 0.6919, 0.0714
11:43:57, 6.03, 181, 87.54, 352.87, 4.52, 0.7184, -0.0176, 0.6917, 0.0714
11:43:57, 6.03, 181, 87.50, 352.88, 4.50, 0.7187, -0.0177, 0.6914, 0.0712
11:43:57, 6.07, 182, 87.46, 352.87, 4.50, 0.7189, -0.0178, 0.6912, 0.0713
11:43:57, 6.07, 182, 87.44, 352.86, 4.49, 0.7191, -0.0179, 0.6910, 0.0713
11:43:57, 6.10, 183, 87.41, 352.88, 4.49, 0.7193, -0.0179, 0.6909, 0.0712
11:43:57, 6.10, 183, 87.38, 352.86, 4.49, 0.7195, -0.0180, 0.6906, 0.0712
11:43:57, 6.10, 183, 87.36, 352.89, 4.50, 0.7196, -0.0178, 0.6905, 0.0712
11:43:57, 6.13, 184, 87.33, 352.87, 4.51, 0.7197, -0.0178, 0.6904, 0.0713
11:43:57, 6.13, 184, 87.30, 352.87, 4.51, 0.7199, -0.0178, 0.6902, 0.0713
11:43:57, 6.17, 185, 87.26, 352.87, 4.52, 0.7202, -0.0178, 0.6899, 0.0713
11:43:57, 6.17, 185, 87.23, 352.86, 4.53, 0.7203, -0.0178, 0.6897, 0.0715
11:43:57, 6.17, 185, 87.21, 352.84, 4.52, 0.7204, -0.0180, 0.6896, 0.0716
11:43:57, 6.20, 186, 87.19, 352.80, 4.54, 0.7205, -0.0181, 0.6895, 0.0719
11:43:57, 6.20, 186, 87.16, 352.80, 4.55, 0.7207, -0.0182, 0.6893, 0.0719
11:43:57, 6.23, 187, 87.13, 352.80, 4.55, 0.7209, -0.0181, 0.6891, 0.0720
11:43:57, 6.23, 187, 87.09, 352.79, 4.55, 0.7211, -0.0182, 0.6888, 0.0720
11:43:57, 6.27, 188, 87.03, 352.78, 4.56, 0.7215, -0.0182, 0.6884, 0.0721
11:43:57, 6.27, 188, 86.98, 352.75, 4.54, 0.7217, -0.0186, 0.6881, 0.0722
11:43:57, 6.27, 188, 86.95, 352.74, 4.54, 0.7219, -0.0187, 0.6879, 0.0722
11:43:57, 6.30, 189, 86.92, 352.69, 4.51, 0.7221, -0.0192, 0.6878, 0.0723
11:43:57, 6.30, 189, 86.88, 352.67, 4.52, 0.7223, -0.0193, 0.6875, 0.0725
11:43:57, 6.33, 190, 86.87, 352.67, 4.52, 0.7224, -0.0194, 0.6874, 0.0725
11:43:57, 6.33, 190, 86.85, 352.69, 4.51, 0.7225, -0.0193, 0.6873, 0.0723
11:43:57, 6.33, 190, 86.83, 352.68, 4.54, 0.7226, -0.0192, 0.6872, 0.0725
11:43:57, 6.37, 191, 86.81, 352.67, 4.56, 0.7227, -0.0192, 0.6870, 0.0727
11:43:57, 6.37, 191, 86.82, 352.63, 4.56, 0.7226, -0.0194, 0.6871, 0.0730
11:43:57, 6.40, 192, 86.82, 352.58, 4.58, 0.7226, -0.0195, 0.6871, 0.0734
11:43:57, 6.40, 192, 86.85, 352.56, 4.56, 0.7224, -0.0198, 0.6873, 0.0734
11:43:57, 6.43, 193, 86.88, 352.53, 4.57, 0.7222, -0.0199, 0.6875, 0.0737
11:43:57, 6.43, 193, 86.96, 352.52, 4.55, 0.7217, -0.0200, 0.6880, 0.0736
11:43:57, 6.43, 193, 87.04, 352.48, 4.56, 0.7212, -0.0202, 0.6885, 0.0739
11:43:57, 6.47, 194, 87.10, 352.43, 4.56, 0.7208, -0.0204, 0.6888, 0.0742
11:43:57, 6.47, 194, 87.18, 352.36, 4.55, 0.7203, -0.0209, 0.6893, 0.0746
11:43:57, 6.50, 195, 87.32, 352.27, 4.52, 0.7194, -0.0215, 0.6902, 0.0750
11:43:57, 6.50, 195, 87.47, 352.20, 4.49, 0.7185, -0.0221, 0.6911, 0.0752
11:43:57, 6.50, 195, 87.62, 352.13, 4.44, 0.7176, -0.0228, 0.6920, 0.0754
11:43:57, 6.53, 196, 87.78, 352.07, 4.38, 0.7166, -0.0234, 0.6930, 0.0754
11:43:57, 6.53, 196, 87.93, 352.01, 4.33, 0.7157, -0.0239, 0.6939, 0.0755
11:43:57, 6.57, 197, 88.06, 351.99, 4.29, 0.7149, -0.0243, 0.6947, 0.0754
11:43:57, 6.57, 197, 88.21, 351.96, 4.23, 0.7140, -0.0247, 0.6957, 0.0752
11:43:57, 6.60, 198, 88.34, 351.92, 4.19, 0.7132, -0.0251, 0.6964, 0.0752
11:43:57, 6.60, 198, 88.40, 351.88, 4.16, 0.7129, -0.0255, 0.6968, 0.0753
11:43:57, 6.60, 198, 88.46, 351.86, 4.15, 0.7125, -0.0256, 0.6972, 0.0753
11:43:57, 6.63, 199, 88.44, 351.86, 4.12, 0.7126, -0.0258, 0.6970, 0.0752
11:43:57, 6.63, 199, 88.46, 351.82, 4.08, 0.7125, -0.0263, 0.6972, 0.0752
11:43:57, 6.67, 200, 88.47, 351.79, 4.04, 0.7125, -0.0267, 0.6972, 0.0751
11:43:57, 6.67, 200, 88.44, 351.81, 4.05, 0.7126, -0.0266, 0.6970, 0.0751
11:43:57, 6.70, 201, 88.40, 351.76, 4.05, 0.7129, -0.0269, 0.6967, 0.0754
11:43:57, 6.70, 201, 88.37, 351.73, 4.06, 0.7130, -0.0271, 0.6966, 0.0755
11:43:57, 6.70, 201, 88.35, 351.74, 4.05, 0.7131, -0.0271, 0.6964, 0.0754
11:43:57, 6.73, 202, 88.34, 351.74, 4.04, 0.7132, -0.0271, 0.6964, 0.0754
11:43:57, 6.73, 202, 88.32, 351.71, 4.05, 0.7133, -0.0273, 0.6963, 0.0756
11:43:57, 6.77, 203, 88.33, 351.66, 4.04, 0.7132, -0.0276, 0.6963, 0.0758
11:43:57, 6.77, 203, 88.32, 351.60, 4.04, 0.7132, -0.0280, 0.6962, 0.0762
11:43:57, 6.77, 203, 88.33, 351.60, 4.03, 0.7132, -0.0281, 0.6963, 0.0761
11:43:57, 6.80, 204, 88.33, 351.61, 4.06, 0.7131, -0.0278, 0.6963, 0.0762
11:43:57, 6.80, 204, 88.35, 351.60, 4.06, 0.7130, -0.0279, 0.6964, 0.0764
11:43:57, 6.83, 205, 88.36, 351.58, 4.06, 0.7130, -0.0279, 0.6964, 0.0765
11:43:57, 6.83, 205, 88.37, 351.58, 4.08, 0.7129, -0.0279, 0.6965, 0.0766
11:43:57, 6.83, 205, 88.38, 351.57, 4.07, 0.7128, -0.0279, 0.6966, 0.0766
11:43:58, 6.87, 206, 88.43, 351.55, 4.09, 0.7125, -0.0280, 0.6969, 0.0769
11:43:58, 6.87, 206, 88.45, 351.53, 4.08, 0.7124, -0.0281, 0.6970, 0.0769
11:43:58, 6.90, 207, 88.45, 351.53, 4.05, 0.7124, -0.0283, 0.6970, 0.0767
11:43:58, 6.90, 207, 88.46, 351.53, 4.00, 0.7124, -0.0286, 0.6970, 0.0764
11:43:58, 6.93, 208, 88.48, 351.55, 4.02, 0.7122, -0.0283, 0.6972, 0.0764
11:43:58, 6.93, 208, 88.51, 351.56, 4.02, 0.7121, -0.0283, 0.6974, 0.0764
11:43:58, 6.93, 208, 88.52, 351.56, 4.00, 0.7120, -0.0284, 0.6974, 0.0762
11:43:58, 6.97, 209, 88.52, 351.55, 3.94, 0.7120, -0.0288, 0.6974, 0.0759
11:43:58, 6.97, 209, 88.53, 351.52, 3.91, 0.7120, -0.0292, 0.6975, 0.0759
11:43:58, 7.00, 210, 88.53, 351.52, 3.90, 0.7120, -0.0293, 0.6975, 0.0759
11:43:58, 7.00, 210, 88.53, 351.53, 3.90, 0.7120, -0.0292, 0.6975, 0.0758
11:43:58, 7.00, 210, 88.56, 351.53, 3.89, 0.7118, -0.0292, 0.6977, 0.0757
11:43:58, 7.03, 211, 88.58, 351.54, 3.89, 0.7117, -0.0292, 0.6978, 0.0757
11:43:58, 7.03, 211, 88.61, 351.55, 3.89, 0.7115, -0.0290, 0.6980, 0.0757
11:43:58, 7.07, 212, 88.64, 351.52, 3.91, 0.7113, -0.0290, 0.6982, 0.0760
11:43:58, 7.07, 212, 88.67, 351.54, 3.89, 0.7112, -0.0291, 0.6983, 0.0757
11:43:58, 7.10, 213, 88.69, 351.53, 3.89, 0.7111, -0.0291, 0.6984, 0.0757
11:43:58, 7.10, 213, 88.69, 351.54, 3.87, 0.7110, -0.0292, 0.6985, 0.0756
11:43:58, 7.10, 213, 88.68, 351.52, 3.88, 0.7111, -0.0292, 0.6984, 0.0758
11:43:58, 7.13, 214, 88.65, 351.52, 3.88, 0.7113, -0.0293, 0.6982, 0.0758
11:43:58, 7.13, 214, 88.62, 351.52, 3.88, 0.7115, -0.0293, 0.6980, 0.0758
11:43:58, 7.17, 215, 88.61, 351.53, 3.88, 0.7115, -0.0293, 0.6980, 0.0757
11:43:58, 7.17, 215, 88.61, 351.53, 3.88, 0.7115, -0.0292, 0.6980, 0.0757
11:43:58, 7.20, 216, 88.62, 351.52, 3.88, 0.7115, -0.0293, 0.6980, 0.0758
11:43:58, 7.20, 216, 88.61, 351.52, 3.91, 0.7115, -0.0292, 0.6980, 0.0760
11:43:58, 7.20, 216, 88.59, 351.53, 3.94, 0.7116, -0.0289, 0.6978, 0.0760
11:43:58, 7.23, 217, 88.57, 351.55, 3.94, 0.7117, -0.0287, 0.6977, 0.0759
11:43:58, 7.23, 217, 88.57, 351.58, 3.94, 0.7118, -0.0286, 0.6977, 0.0757
11:43:58, 7.27, 218, 88.58, 351.60, 3.95, 0.7117, -0.0284, 0.6978, 0.0757
11:43:58, 7.27, 218, 88.58, 351.61, 3.94, 0.7117, -0.0284, 0.6978, 0.0756
11:43:58, 7.27, 218, 88.58, 351.64, 3.95, 0.7117, -0.0281, 0.6978, 0.0755
11:43:58, 7.30, 219, 88.59, 351.66, 3.96, 0.7117, -0.0279, 0.6979, 0.0755
11:43:58, 7.30, 219, 88.57, 351.68, 3.97, 0.7118, -0.0278, 0.6978, 0.0753
11:43:58, 7.33, 220, 88.56, 351.70, 3.97, 0.7119, -0.0276, 0.6977, 0.0752
11:43:58, 7.33, 220, 88.55, 351.69, 3.97, 0.7119, -0.0277, 0.6977, 0.0753
11:43:58, 7.37, 221, 88.55, 351.69, 3.96, 0.7120, -0.0278, 0.6976, 0.0752
11:43:58, 7.37, 221, 88.53, 351.69, 3.95, 0.7120, -0.0279, 0.6975, 0.0752
11:43:58, 7.37, 221, 88.52, 351.67, 3.94, 0.7121, -0.0280, 0.6975, 0.0752
11:43:58, 7.40, 222, 88.53, 351.66, 3.96, 0.7120, -0.0280, 0.6975, 0.0754
11:43:58, 7.40, 222, 88.54, 351.64, 3.96, 0.7120, -0.0281, 0.6976, 0.0755
11:43:58, 7.43, 223, 88.58, 351.63, 3.96, 0.7117, -0.0282, 0.6978, 0.0756
11:43:58, 7.43, 223, 88.62, 351.62, 3.95, 0.7114, -0.0282, 0.6981, 0.0757
11:43:58, 7.43, 223, 88.64, 351.63, 3.97, 0.7114, -0.0280, 0.6982, 0.0756
11:43:58, 7.47, 224, 88.65, 351.63, 3.94, 0.7113, -0.0282, 0.6982, 0.0755
11:43:58, 7.47, 224, 88.66, 351.60, 3.95, 0.7112, -0.0283, 0.6983, 0.0757
11:43:58, 7.50, 225, 88.66, 351.59, 3.95, 0.7112, -0.0284, 0.6983, 0.0758
11:43:58, 7.50, 225, 88.67, 351.58, 3.94, 0.7111, -0.0285, 0.6984, 0.0758
11:43:58, 7.50, 225, 88.68, 351.56, 3.94, 0.7111, -0.0286, 0.6984, 0.0760
11:43:58, 7.53, 226, 88.69, 351.56, 3.95, 0.7110, -0.0286, 0.6985, 0.0760
11:43:58, 7.53, 226, 88.67, 351.57, 3.96, 0.7111, -0.0285, 0.6984, 0.0760
11:43:58, 7.57, 227, 88.66, 351.57, 3.96, 0.7112, -0.0285, 0.6983, 0.0760
11:43:58, 7.57, 227, 88.62, 351.56, 3.97, 0.7114, -0.0285, 0.6980, 0.0760
11:43:58, 7.60, 228, 88.57, 351.56, 3.95, 0.7117, -0.0287, 0.6978, 0.0759
11:43:58, 7.60, 228, 88.56, 351.52, 3.95, 0.7118, -0.0289, 0.6976, 0.0761
11:43:58, 7.60, 228, 88.55, 351.47, 3.92, 0.7118, -0.0294, 0.6976, 0.0763
11:43:58, 7.63, 229, 88.54, 351.45, 3.91, 0.7119, -0.0296, 0.6975, 0.0764
11:43:58, 7.63, 229, 88.50, 351.40, 3.93, 0.7121, -0.0298, 0.6972, 0.0768
11:43:58, 7.67, 230, 88.47, 351.43, 3.92, 0.7123, -0.0297, 0.6971, 0.0766
11:43:58, 7.67, 230, 88.40, 351.41, 3.95, 0.7127, -0.0297, 0.6967, 0.0768
11:43:58, 7.70, 231, 88.33, 351.39, 3.99, 0.7131, -0.0296, 0.6962, 0.0771
11:43:58, 7.70, 231, 88.25, 351.36, 3.98, 0.7135, -0.0299, 0.6957, 0.0772
11:43:58, 7.70, 231, 88.17, 351.36, 3.98, 0.7140, -0.0300, 0.6952, 0.0773
11:43:58, 7.73, 232, 88.09, 351.33, 3.98, 0.7145, -0.0302, 0.6947, 0.0774
11:43:58, 7.73, 232, 88.01, 351.30, 3.96, 0.7149, -0.0306, 0.6942, 0.0775
11:43:58, 7.77, 233, 87.93, 351.25, 3.99, 0.7154, -0.0308, 0.6937, 0.0779
11:43:58, 7.77, 233, 87.85, 351.21, 3.98, 0.7159, -0.0312, 0.6932, 0.0780
11:43:58, 7.77, 233, 87.78, 351.17, 3.97, 0.7163, -0.0314, 0.6927, 0.0782
11:43:58, 7.80, 234, 87.71, 351.14, 4.00, 0.7167, -0.0315, 0.6923, 0.0786
11:43:58, 7.80, 234, 87.62, 351.14, 4.02, 0.7172, -0.0315, 0.6917, 0.0786
11:43:58, 7.83, 235, 87.55, 351.14, 4.03, 0.7176, -0.0315, 0.6913, 0.0787
11:43:58, 7.83, 235, 87.49, 351.12, 4.02, 0.7179, -0.0317, 0.6909, 0.0787
11:43:58, 7.87, 236, 87.45, 351.09, 4.02, 0.7182, -0.0320, 0.6906, 0.0789
11:43:59, 7.87, 236, 87.40, 351.08, 4.03, 0.7185, -0.0320, 0.6903, 0.0791
11:43:59, 7.87, 236, 87.37, 351.09, 4.05, 0.7186, -0.0318, 0.6902, 0.0791
11:43:59, 7.90, 237, 87.34, 351.08, 4.03, 0.7188, -0.0320, 0.6900, 0.0790
11:43:59, 7.90, 237, 87.32, 351.12, 4.03, 0.7190, -0.0318, 0.6898, 0.0788
11:43:59, 7.93, 238, 87.31, 351.11, 4.05, 0.7190, -0.0317, 0.6898, 0.0789
11:43:59, 7.93, 238, 87.31, 351.11, 4.07, 0.7190, -0.0316, 0.6898, 0.0791
11:43:59, 7.93, 238, 87.30, 351.13, 4.11, 0.7190, -0.0312, 0.6897, 0.0792
11:43:59, 7.97, 239, 87.31, 351.15, 4.15, 0.7190, -0.0309, 0.6898, 0.0793
11:43:59, 7.97, 239, 87.31, 351.13, 4.15, 0.7190, -0.0310, 0.6898, 0.0795
11:43:59, 8.00, 240, 87.28, 351.13, 4.19, 0.7191, -0.0308, 0.6896, 0.0797
11:43:59, 8.00, 240, 87.26, 351.13, 4.19, 0.7192, -0.0308, 0.6895, 0.0797
11:43:59, 8.03, 241, 87.25, 351.14, 4.18, 0.7193, -0.0308, 0.6894, 0.0796
11:43:59, 8.03, 241, 87.20, 351.14, 4.19, 0.7196, -0.0308, 0.6892, 0.0796
11:43:59, 8.03, 241, 87.18, 351.14, 4.20, 0.7197, -0.0307, 0.6890, 0.0796
11:43:59, 8.07, 242, 87.13, 351.15, 4.22, 0.7200, -0.0306, 0.6887, 0.0797
11:43:59, 8.07, 242, 87.09, 351.16, 4.23, 0.7202, -0.0304, 0.6885, 0.0797
11:43:59, 8.10, 243, 87.04, 351.16, 4.27, 0.7205, -0.0302, 0.6882, 0.0800
11:43:59, 8.10, 243, 86.98, 351.16, 4.29, 0.7208, -0.0302, 0.6878, 0.0801
11:43:59, 8.10, 243, 86.90, 351.16, 4.30, 0.7213, -0.0302, 0.6873, 0.0802
11:43:59, 8.13, 244, 86.82, 351.16, 4.34, 0.7218, -0.0300, 0.6868, 0.0803
11:43:59, 8.13, 244, 86.73, 351.16, 4.37, 0.7223, -0.0299, 0.6862, 0.0805
11:43:59, 8.17, 245, 86.63, 351.19, 4.42, 0.7229, -0.0294, 0.6856, 0.0806
11:43:59, 8.17, 245, 86.50, 351.22, 4.45, 0.7236, -0.0292, 0.6848, 0.0806
11:43:59, 8.20, 246, 86.33, 351.22, 4.47, 0.7246, -0.0292, 0.6838, 0.0807
11:43:59, 8.20, 246, 86.15, 351.24, 4.51, 0.7257, -0.0289, 0.6826, 0.0807
11:43:59, 8.20, 246, 85.98, 351.25, 4.50, 0.7268, -0.0290, 0.6815, 0.0806
11:43:59, 8.23, 247, 85.78, 351.26, 4.53, 0.7279, -0.0290, 0.6803, 0.0807
11:43:59, 8.23, 247, 85.58, 351.28, 4.54, 0.7291, -0.0289, 0.6790, 0.0806
11:43:59, 8.27, 248, 85.38, 351.29, 4.57, 0.7302, -0.0288, 0.6778, 0.0806
11:43:59, 8.27, 248, 85.19, 351.30, 4.58, 0.7314, -0.0288, 0.6765, 0.0806
11:43:59, 8.27, 248, 84.98, 351.28, 4.60, 0.7326, -0.0290, 0.6752, 0.0808
11:43:59, 8.30, 249, 84.78, 351.32, 4.62, 0.7338, -0.0287, 0.6739, 0.0807
11:43:59, 8.30, 249, 84.61, 351.35, 4.67, 0.7348, -0.0284, 0.6729, 0.0807
11:43:59, 8.33, 250, 84.44, 351.36, 4.72, 0.7357, -0.0281, 0.6718, 0.0810
11:43:59, 8.33, 250, 84.24, 351.36, 4.77, 0.7369, -0.0280, 0.6706, 0.0813
11:43:59, 8.37, 251, 84.06, 351.37, 4.79, 0.7379, -0.0279, 0.6694, 0.0813
11:43:59, 8.37, 251, 83.86, 351.39, 4.83, 0.7391, -0.0277, 0.6681, 0.0814
11:43:59, 8.37, 251, 83.66, 351.42, 4.85, 0.7403, -0.0275, 0.6668, 0.0813
11:43:59, 8.40, 252, 83.48, 351.44, 4.87, 0.7413, -0.0274, 0.6657, 0.0812
11:43:59, 8.40, 252, 83.32, 351.48, 4.90, 0.7422, -0.0271, 0.6646, 0.0812
11:43:59, 8.43, 253, 83.14, 351.48, 4.92, 0.7433, -0.0271, 0.6634, 0.0812
11:43:59, 8.43, 253, 82.99, 351.51, 4.95, 0.7442, -0.0269, 0.6625, 0.0813
11:43:59, 8.43, 253, 82.82, 351.53, 5.00, 0.7451, -0.0266, 0.6614, 0.0814
11:43:59, 8.47, 254, 82.68, 351.57, 5.02, 0.7459, -0.0263, 0.6605, 0.0813
11:43:59, 8.47, 254, 82.56, 351.60, 5.06, 0.7466, -0.0260, 0.6597, 0.0814
11:43:59, 8.50, 255, 82.42, 351.61, 5.10, 0.7474, -0.0258, 0.6588, 0.0815
11:43:59, 8.50, 255, 82.24, 351.61, 5.12, 0.7484, -0.0257, 0.6577, 0.0816
11:43:59, 8.53, 256, 82.07, 351.64, 5.15, 0.7494, -0.0255, 0.6566, 0.0816
11:43:59, 8.53, 256, 81.87, 351.69, 5.19, 0.7505, -0.0251, 0.6553, 0.0815
11:43:59, 8.53, 256, 81.69, 351.73, 5.17, 0.7516, -0.0251, 0.6541, 0.0811
11:43:59, 8.57, 257, 81.51, 351.80, 5.20, 0.7527, -0.0246, 0.6529, 0.0809
11:43:59, 8.57, 257, 81.34, 351.83, 5.22, 0.7537, -0.0244, 0.6518, 0.0808
11:43:59, 8.60, 258, 81.19, 351.85, 5.23, 0.7545, -0.0243, 0.6508, 0.0807
11:43:59, 8.60, 258, 81.03, 351.88, 5.27, 0.7554, -0.0240, 0.6498, 0.0808
11:43:59, 8.60, 258, 80.85, 351.90, 5.28, 0.7564, -0.0239, 0.6486, 0.0807
11:43:59, 8.63, 259, 80.67, 351.96, 5.34, 0.7574, -0.0233, 0.6475, 0.0808
11:43:59, 8.63, 259, 80.52, 351.99, 5.37, 0.7583, -0.0231, 0.6465, 0.0808
11:43:59, 8.67, 260, 80.37, 352.03, 5.40, 0.7592, -0.0227, 0.6455, 0.0807
11:43:59, 8.67, 260, 80.21, 352.07, 5.45, 0.7601, -0.0223, 0.6444, 0.0808
11:43:59, 8.70, 261, 80.05, 352.12, 5.48, 0.7610, -0.0219, 0.6434, 0.0807
11:43:59, 8.70, 261, 79.86, 352.17, 5.51, 0.7621, -0.0216, 0.6421, 0.0805
11:43:59, 8.70, 261, 79.67, 352.21, 5.49, 0.7632, -0.0215, 0.6409, 0.0802
11:43:59, 8.73, 262, 79.53, 352.23, 5.47, 0.7640, -0.0215, 0.6399, 0.0799
11:43:59, 8.73, 262, 79.41, 352.29, 5.47, 0.7647, -0.0212, 0.6391, 0.0796
11:43:59, 8.77, 263, 79.29, 352.37, 5.46, 0.7654, -0.0208, 0.6383, 0.0790
11:43:59, 8.77, 263, 79.14, 352.43, 5.48, 0.7663, -0.0204, 0.6374, 0.0787
11:43:59, 8.77, 263, 79.02, 352.49, 5.47, 0.7670, -0.0202, 0.6365, 0.0784
11:43:59, 8.80, 264, 78.87, 352.53, 5.47, 0.7679, -0.0200, 0.6355, 0.0781
11:43:59, 8.80, 264, 78.74, 352.56, 5.46, 0.7686, -0.0199, 0.6347, 0.0779
11:43:59, 8.83, 265, 78.63, 352.63, 5.47, 0.7693, -0.0195, 0.6339, 0.0776
11:43:59, 8.83, 265, 78.53, 352.64, 5.50, 0.7698, -0.0193, 0.6332, 0.0777
11:43:59, 8.87, 266, 78.40, 352.65, 5.49, 0.7705, -0.0194, 0.6324, 0.0775
11:44:00, 8.87, 266, 78.24, 352.69, 5.55, 0.7714, -0.0189, 0.6313, 0.0776
11:44:00, 8.87, 266, 78.10, 352.71, 5.57, 0.7721, -0.0188, 0.6304, 0.0777
11:44:00, 8.90, 267, 77.96, 352.71, 5.57, 0.7729, -0.0188, 0.6294, 0.0777
11:44:00, 8.90, 267, 77.82, 352.73, 5.58, 0.7737, -0.0188, 0.6285, 0.0776
11:44:00, 8.93, 268, 77.69, 352.74, 5.56, 0.7744, -0.0189, 0.6276, 0.0774
11:44:00, 8.93, 268, 77.58, 352.76, 5.61, 0.7750, -0.0185, 0.6269, 0.0776
11:44:00, 8.93, 268, 77.50, 352.78, 5.61, 0.7755, -0.0184, 0.6264, 0.0775
11:44:00, 8.97, 269, 77.40, 352.79, 5.66, 0.7760, -0.0183, 0.6256, 0.0777
11:44:00, 8.97, 269, 77.30, 352.78, 5.72, 0.7765, -0.0180, 0.6250, 0.0781
11:44:00, 9.00, 270, 77.20, 352.76, 5.76, 0.7770, -0.0180, 0.6243, 0.0785
11:44:00, 9.00, 270, 77.12, 352.80, 5.80, 0.7774, -0.0175, 0.6238, 0.0785
11:44:00, 9.00, 270, 77.01, 352.82, 5.86, 0.7780, -0.0172, 0.6230, 0.0788
11:44:00, 9.03, 271, 76.92, 352.86, 5.88, 0.7785, -0.0169, 0.6225, 0.0788
11:44:00, 9.03, 271, 76.81, 352.89, 5.90, 0.7791, -0.0166, 0.6217, 0.0787
11:44:00, 9.07, 272, 76.65, 352.92, 5.91, 0.7800, -0.0164, 0.6206, 0.0786
11:44:00, 9.07, 272, 76.49, 352.93, 5.92, 0.7808, -0.0164, 0.6196, 0.0786
11:44:00, 9.10, 273, 76.32, 352.94, 5.94, 0.7818, -0.0164, 0.6184, 0.0786
11:44:00, 9.10, 273, 76.14, 352.92, 6.00, 0.7827, -0.0163, 0.6171, 0.0791
11:44:00, 9.10, 273, 75.97, 352.91, 6.06, 0.7836, -0.0162, 0.6160, 0.0796
11:44:00, 9.13, 274, 75.78, 352.93, 6.11, 0.7845, -0.0159, 0.6147, 0.0798
11:44:00, 9.13, 274, 75.57, 352.93, 6.14, 0.7856, -0.0159, 0.6133, 0.0799
11:44:00, 9.17, 275, 75.41, 352.94, 6.16, 0.7865, -0.0158, 0.6121, 0.0800
11:44:00, 9.17, 275, 75.24, 352.94, 6.20, 0.7874, -0.0158, 0.6110, 0.0803
11:44:00, 9.20, 276, 75.10, 352.95, 6.22, 0.7881, -0.0157, 0.6100, 0.0804
11:44:00, 9.20, 276, 74.98, 352.97, 6.23, 0.7888, -0.0156, 0.6092, 0.0803
11:44:00, 9.20, 276, 74.89, 352.98, 6.24, 0.7892, -0.0155, 0.6086, 0.0803
11:44:00, 9.23, 277, 74.84, 352.98, 6.24, 0.7895, -0.0155, 0.6083, 0.0803
11:44:00, 9.23, 277, 74.82, 352.98, 6.28, 0.7896, -0.0153, 0.6082, 0.0806
11:44:00, 9.27, 278, 74.87, 352.93, 6.30, 0.7893, -0.0155, 0.6085, 0.0810
11:44:00, 9.27, 278, 75.04, 352.86, 6.33, 0.7883, -0.0158, 0.6096, 0.0816
11:44:00, 9.27, 278, 75.22, 352.81, 6.35, 0.7873, -0.0159, 0.6109, 0.0820
11:44:00, 9.30, 279, 75.39, 352.77, 6.35, 0.7864, -0.0160, 0.6121, 0.0822
11:44:00, 9.30, 279, 75.53, 352.76, 6.33, 0.7856, -0.0161, 0.6130, 0.0822
11:44:00, 9.33, 280, 75.64, 352.73, 6.34, 0.7850, -0.0162, 0.6138, 0.0824
11:44:00, 9.33, 280, 75.81, 352.65, 6.35, 0.7840, -0.0165, 0.6150, 0.0829
11:44:00, 9.33, 280, 76.07, 352.59, 6.30, 0.7826, -0.0170, 0.6167, 0.0829
11:44:00, 9.37, 281, 76.43, 352.52, 6.27, 0.7806, -0.0174, 0.6192, 0.0831
11:44:00, 9.37, 281, 76.74, 352.47, 6.24, 0.7790, -0.0177, 0.6213, 0.0833
11:44:00, 9.40, 282, 77.05, 352.41, 6.21, 0.7772, -0.0181, 0.6234, 0.0834
11:44:00, 9.40, 282, 77.39, 352.37, 6.17, 0.7754, -0.0182, 0.6257, 0.0835
11:44:00, 9.43, 283, 77.86, 352.27, 6.14, 0.7728, -0.0188, 0.6288, 0.0839
11:44:00, 9.43, 283, 78.33, 352.21, 6.12, 0.7702, -0.0189, 0.6320, 0.0841
11:44:00, 9.43, 283, 78.77, 352.18, 6.12, 0.7677, -0.0188, 0.6349, 0.0844
11:44:00, 9.47, 284, 79.09, 352.14, 6.05, 0.7659, -0.0193, 0.6371, 0.0842
11:44:00, 9.47, 284, 79.42, 352.11, 6.08, 0.7641, -0.0190, 0.6393, 0.0846
11:44:00, 9.50, 285, 79.70, 352.05, 6.04, 0.7625, -0.0194, 0.6412, 0.0847
11:44:00, 9.50, 285, 79.91, 352.07, 6.06, 0.7613, -0.0190, 0.6426, 0.0847
11:44:00, 9.50, 285, 80.07, 352.07, 6.03, 0.7604, -0.0191, 0.6436, 0.0846
11:44:00, 9.53, 286, 80.18, 352.08, 6.01, 0.7598, -0.0191, 0.6443, 0.0845
11:44:00, 9.53, 286, 80.20, 352.13, 5.96, 0.7598, -0.0190, 0.6444, 0.0838
11:44:00, 9.57, 287, 80.26, 352.15, 5.91, 0.7595, -0.0191, 0.6449, 0.0834
11:44:00, 9.57, 287, 80.28, 352.16, 5.89, 0.7594, -0.0191, 0.6450, 0.0832
11:44:00, 9.60, 288, 80.30, 352.15, 5.86, 0.7593, -0.0194, 0.6451, 0.0831
11:44:00, 9.60, 288, 80.26, 352.13, 5.84, 0.7595, -0.0196, 0.6448, 0.0830
11:44:00, 9.60, 288, 80.22, 352.15, 5.82, 0.7598, -0.0196, 0.6446, 0.0828
11:44:00, 9.63, 289, 80.19, 352.14, 5.84, 0.7599, -0.0196, 0.6444, 0.0829
11:44:00, 9.63, 289, 80.05, 352.18, 5.87, 0.7607, -0.0193, 0.6435, 0.0829
11:44:00, 9.67, 290, 79.94, 352.20, 5.87, 0.7614, -0.0192, 0.6427, 0.0828
11:44:00, 9.67, 290, 79.79, 352.21, 5.93, 0.7622, -0.0190, 0.6417, 0.0831
11:44:00, 9.70, 291, 79.62, 352.20, 5.94, 0.7631, -0.0191, 0.6406, 0.0832
11:44:00, 9.70, 291, 79.37, 352.16, 5.97, 0.7644, -0.0194, 0.6390, 0.0836
11:44:00, 9.70, 291, 79.13, 352.14, 5.97, 0.7658, -0.0197, 0.6374, 0.0837
11:44:00, 9.73, 292, 78.89, 352.11, 5.95, 0.7671, -0.0202, 0.6357, 0.0836
11:44:00, 9.73, 292, 78.69, 352.11, 5.97, 0.7682, -0.0202, 0.6344, 0.0838
11:44:00, 9.77, 293, 78.51, 352.06, 5.98, 0.7691, -0.0206, 0.6332, 0.0840
11:44:00, 9.77, 293, 78.35, 352.03, 5.98, 0.7700, -0.0209, 0.6321, 0.0842
11:44:00, 9.77, 293, 78.21, 351.99, 5.99, 0.7707, -0.0212, 0.6312, 0.0845
11:44:00, 9.80, 294, 78.04, 351.98, 6.00, 0.7716, -0.0214, 0.6301, 0.0845
11:44:00, 9.80, 294, 77.85, 351.98, 5.99, 0.7727, -0.0216, 0.6288, 0.0844
11:44:00, 9.83, 295, 77.66, 352.03, 5.97, 0.7738, -0.0215, 0.6275, 0.0840
11:44:00, 9.83, 295, 77.45, 352.03, 5.97, 0.7749, -0.0216, 0.6261, 0.0839
11:44:00, 9.87, 296, 77.29, 352.05, 5.95, 0.7759, -0.0217, 0.6250, 0.0837
11:44:01, 9.87, 296, 77.11, 352.05, 5.97, 0.7768, -0.0218, 0.6237, 0.0838
11:44:01, 9.87, 296, 76.89, 352.03, 5.99, 0.7780, -0.0219, 0.6223, 0.0839
11:44:01, 9.90, 297, 76.64, 352.04, 6.03, 0.7793, -0.0219, 0.6205, 0.0841
11:44:01, 9.90, 297, 76.36, 352.05, 6.04, 0.7808, -0.0219, 0.6186, 0.0841
11:44:01, 9.93, 298, 76.04, 352.08, 6.06, 0.7826, -0.0218, 0.6165, 0.0840
11:44:01, 9.93, 298, 75.76, 352.12, 6.05, 0.7841, -0.0218, 0.6146, 0.0837
11:44:01, 9.93, 298, 75.52, 352.12, 6.02, 0.7854, -0.0222, 0.6129, 0.0834
11:44:01, 9.97, 299, 75.23, 352.13, 6.02, 0.7870, -0.0223, 0.6109, 0.0833
11:44:01, 9.97, 299, 74.94, 352.15, 6.01, 0.7885, -0.0224, 0.6090, 0.0831
