Timestamp, VideoTime, VideoFrame, HeadYaw, HeadPitch, HeadRoll, HeadQuatW, HeadQuatX, HeadQuatY, HeadQuatZ
11:47:31, 0.00, 0, 309.66, 0.78, 0.79, 0.9050, 0.0032, -0.4253, 0.0091
11:47:31, 0.03, 1, 309.66, 0.84, 0.79, 0.9050, 0.0037, -0.4253, 0.0094
11:47:31, 0.03, 1, 309.68, 0.90, 0.77, 0.9050, 0.0043, -0.4252, 0.0094
11:47:31, 0.03, 1, 309.72, 0.99, 0.78, 0.9052, 0.0049, -0.4249, 0.0098
11:47:31, 0.07, 2, 309.77, 1.11, 0.79, 0.9054, 0.0059, -0.4245, 0.0103
11:47:31, 0.07, 2, 309.82, 1.22, 0.78, 0.9056, 0.0068, -0.4240, 0.0107
11:47:31, 0.10, 3, 309.93, 1.40, 0.77, 0.9059, 0.0083, -0.4232, 0.0112
11:47:31, 0.10, 3, 310.03, 1.63, 0.74, 0.9063, 0.0102, -0.4224, 0.0119
11:47:31, 0.10, 3, 310.14, 1.87, 0.68, 0.9066, 0.0123, -0.4215, 0.0122
11:47:31, 0.13, 4, 310.27, 2.11, 0.67, 0.9071, 0.0143, -0.4205, 0.0130
11:47:31, 0.13, 4, 310.43, 2.37, 0.71, 0.9076, 0.0162, -0.4192, 0.0143
11:47:31, 0.17, 5, 310.63, 2.60, 0.76, 0.9083, 0.0178, -0.4177, 0.0155
11:47:31, 0.17, 5, 310.90, 2.76, 0.83, 0.9093, 0.0189, -0.4155, 0.0166
11:47:31, 0.17, 5, 311.22, 2.83, 0.88, 0.9104, 0.0193, -0.4130, 0.0172
11:47:31, 0.20, 6, 311.64, 2.90, 1.01, 0.9118, 0.0195, -0.4097, 0.0184
11:47:31, 0.20, 6, 312.13, 2.92, 1.16, 0.9135, 0.0192, -0.4058, 0.0196
11:47:31, 0.23, 7, 312.62, 2.98, 1.26, 0.9152, 0.0194, -0.4019, 0.0205
11:47:31, 0.23, 7, 313.14, 3.02, 1.36, 0.9170, 0.0195, -0.3978, 0.0214
11:47:31, 0.27, 8, 313.58, 3.16, 1.50, 0.9185, 0.0202, -0.3943, 0.0229
11:47:31, 0.27, 8, 314.01, 3.28, 1.58, 0.9199, 0.0210, -0.3908, 0.0238
11:47:31, 0.27, 8, 314.38, 3.31, 1.61, 0.9212, 0.0212, -0.3878, 0.0242
11:47:31, 0.30, 9, 314.64, 3.36, 1.71, 0.9220, 0.0213, -0.3858, 0.0250
11:47:31, 0.30, 9, 314.87, 3.32, 1.74, 0.9228, 0.0209, -0.3840, 0.0251
11:47:31, 0.33, 10, 315.04, 3.36, 1.75, 0.9233, 0.0212, -0.3826, 0.0253
11:47:31, 0.33, 10, 315.15, 3.38, 1.69, 0.9237, 0.0216, -0.3817, 0.0249
11:47:31, 0.33, 10, 315.20, 3.38, 1.67, 0.9239, 0.0217, -0.3813, 0.0247
11:47:31, 0.37, 11, 315.22, 3.36, 1.60, 0.9240, 0.0218, -0.3811, 0.0240
11:47:31, 0.37, 11, 315.21, 3.35, 1.58, 0.9239, 0.0218, -0.3812, 0.0239
11:47:31, 0.40, 12, 315.14, 3.34, 1.56, 0.9237, 0.0217, -0.3818, 0.0237
11:47:31, 0.40, 12, 315.02, 3.35, 1.57, 0.9233, 0.0217, -0.3827, 0.0239
11:47:31, 0.43, 13, 314.84, 3.37, 1.60, 0.9227, 0.0218, -0.3841, 0.0241
11:47:31, 0.43, 13, 314.52, 3.36, 1.63, 0.9216, 0.0215, -0.3868, 0.0244
11:47:31, 0.43, 13, 314.07, 3.36, 1.59, 0.9201, 0.0216, -0.3904, 0.0242
11:47:31, 0.47, 14, 313.47, 3.35, 1.52, 0.9181, 0.0216, -0.3951, 0.0237
11:47:31, 0.47, 14, 312.68, 3.40, 1.36, 0.9153, 0.0224, -0.4014, 0.0228
11:47:31, 0.50, 15, 311.73, 3.48, 1.30, 0.9120, 0.0231, -0.4090, 0.0228
11:47:31, 0.50, 15, 310.47, 3.51, 1.26, 0.9074, 0.0232, -0.4190, 0.0228
11:47:31, 0.50, 15, 309.05, 3.53, 1.12, 0.9022, 0.0236, -0.4302, 0.0220
11:47:31, 0.53, 16, 307.42, 3.53, 0.91, 0.8960, 0.0241, -0.4429, 0.0207
11:47:31, 0.53, 16, 305.65, 3.43, 0.56, 0.8891, 0.0244, -0.4567, 0.0180
11:47:31, 0.57, 17, 303.63, 3.44, 0.13, 0.8810, 0.0260, -0.4722, 0.0152
11:47:31, 0.57, 17, 301.33, 3.39, 359.62, 0.8714, 0.0274, -0.4896, 0.0116
11:47:31, 0.60, 18, 298.79, 3.31, 358.93, 0.8604, 0.0296, -0.5087, 0.0067
11:47:31, 0.60, 18, 296.29, 3.10, 358.48, 0.8492, 0.0300, -0.5272, 0.0030
11:47:31, 0.60, 18, 293.70, 2.96, 358.05, 0.8371, 0.0309, -0.5462, -0.0001
11:47:31, 0.63, 19, 290.93, 2.72, 357.76, 0.8237, 0.0306, -0.5663, -0.0027
11:47:31, 0.63, 19, 288.11, 2.51, 357.40, 0.8095, 0.0310, -0.5863, -0.0056
11:47:31, 0.67, 20, 285.20, 2.33, 356.94, 0.7943, 0.0324, -0.6066, -0.0089
11:47:31, 0.67, 20, 282.52, 2.24, 356.54, 0.7798, 0.0341, -0.6249, -0.0113
11:47:31, 0.67, 20, 279.80, 2.24, 356.12, 0.7648, 0.0368, -0.6431, -0.0133
11:47:31, 0.70, 21, 277.32, 2.25, 355.66, 0.7506, 0.0397, -0.6594, -0.0155
11:47:31, 0.70, 21, 274.96, 2.25, 355.29, 0.7368, 0.0422, -0.6745, -0.0171
11:47:31, 0.73, 22, 272.68, 2.17, 354.98, 0.7232, 0.0439, -0.6890, -0.0186
11:47:31, 0.73, 22, 270.45, 2.18, 354.74, 0.7096, 0.0458, -0.7028, -0.0192
11:47:31, 0.77, 23, 268.34, 2.24, 354.27, 0.6965, 0.0494, -0.7156, -0.0208
11:47:32, 0.77, 23, 266.17, 2.33, 353.79, 0.6827, 0.0534, -0.7284, -0.0221
11:47:32, 0.77, 23, 263.97, 2.62, 353.39, 0.6686, 0.0582, -0.7410, -0.0216
11:47:32, 0.80, 24, 261.84, 2.79, 353.09, 0.6547, 0.0615, -0.7531, -0.0211
11:47:32, 0.80, 24, 259.90, 2.91, 352.92, 0.6419, 0.0636, -0.7639, -0.0202
11:47:32, 0.83, 25, 258.02, 2.98, 352.76, 0.6293, 0.0654, -0.7742, -0.0196
11:47:32, 0.83, 25, 256.10, 3.04, 352.65, 0.6162, 0.0668, -0.7845, -0.0186
11:47:32, 0.83, 25, 254.14, 2.99, 352.60, 0.6027, 0.0672, -0.7949, -0.0181
11:47:32, 0.87, 26, 252.21, 2.92, 352.34, 0.5891, 0.0689, -0.8049, -0.0188
11:47:32, 0.87, 26, 250.30, 2.91, 352.24, 0.5756, 0.0699, -0.8145, -0.0182
11:47:32, 0.90, 27, 248.40, 2.91, 352.13, 0.5620, 0.0710, -0.8239, -0.0176
11:47:32, 0.90, 27, 246.51, 2.93, 351.95, 0.5483, 0.0726, -0.8329, -0.0172
11:47:32, 0.93, 28, 244.78, 2.91, 351.81, 0.5357, 0.0739, -0.8410, -0.0168
11:47:32, 0.93, 28, 243.29, 2.81, 351.65, 0.5246, 0.0748, -0.8479, -0.0174
11:47:32, 0.93, 28, 242.01, 2.79, 351.56, 0.5151, 0.0756, -0.8536, -0.0171
11:47:32, 0.97, 29, 240.78, 2.77, 351.56, 0.5059, 0.0756, -0.8591, -0.0164
11:47:32, 0.97, 29, 239.83, 2.92, 351.62, 0.4989, 0.0760, -0.8632, -0.0144
11:47:32, 1.00, 30, 238.91, 2.98, 351.64, 0.4919, 0.0762, -0.8672, -0.0132
11:47:32, 1.00, 30, 238.08, 2.96, 351.72, 0.4857, 0.0756, -0.8708, -0.0125
11:47:32, 1.00, 30, 237.29, 2.92, 351.84, 0.4796, 0.0746, -0.8742, -0.0118
11:47:32, 1.03, 31, 236.51, 2.79, 352.00, 0.4736, 0.0729, -0.8777, -0.0117
11:47:32, 1.03, 31, 235.80, 2.57, 352.16, 0.4681, 0.0709, -0.8808, -0.0122
11:47:32, 1.07, 32, 235.11, 2.47, 352.31, 0.4627, 0.0694, -0.8837, -0.0120
11:47:32, 1.07, 32, 234.38, 2.36, 352.48, 0.4571, 0.0677, -0.8868, -0.0117
11:47:32, 1.10, 33, 233.63, 2.23, 352.67, 0.4512, 0.0658, -0.8899, -0.0115
11:47:32, 1.10, 33, 233.04, 2.10, 352.84, 0.4465, 0.0640, -0.8924, -0.0115
11:47:32, 1.10, 33, 232.45, 1.96, 353.03, 0.4419, 0.0621, -0.8948, -0.0116
11:47:32, 1.13, 34, 231.92, 1.81, 353.26, 0.4378, 0.0597, -0.8970, -0.0116
11:47:32, 1.13, 34, 231.44, 1.60, 353.39, 0.4339, 0.0579, -0.8990, -0.0125
11:47:32, 1.17, 35, 230.96, 1.48, 353.60, 0.4301, 0.0559, -0.9010, -0.0124
11:47:32, 1.17, 35, 230.40, 1.35, 353.71, 0.4257, 0.0546, -0.9031, -0.0127
11:47:32, 1.20, 36, 229.85, 1.19, 353.88, 0.4213, 0.0528, -0.9053, -0.0131
11:47:32, 1.20, 36, 229.30, 1.10, 354.09, 0.4170, 0.0508, -0.9074, -0.0128
11:47:32, 1.20, 36, 228.79, 1.06, 354.23, 0.4129, 0.0497, -0.9093, -0.0124
11:47:32, 1.23, 37, 228.30, 0.98, 354.31, 0.4090, 0.0488, -0.9112, -0.0125
11:47:32, 1.23, 37, 227.81, 0.90, 354.49, 0.4051, 0.0471, -0.9130, -0.0123
11:47:32, 1.27, 38, 227.27, 0.80, 354.69, 0.4008, 0.0452, -0.9150, -0.0122
11:47:32, 1.27, 38, 226.77, 0.80, 354.85, 0.3968, 0.0440, -0.9168, -0.0114
11:47:32, 1.27, 38, 226.30, 0.75, 354.99, 0.3930, 0.0427, -0.9185, -0.0111
11:47:32, 1.30, 39, 225.89, 0.73, 355.12, 0.3898, 0.0417, -0.9199, -0.0107
11:47:32, 1.30, 39, 225.39, 0.68, 355.34, 0.3857, 0.0398, -0.9217, -0.0102
11:47:32, 1.33, 40, 224.82, 0.62, 355.51, 0.3811, 0.0383, -0.9237, -0.0100
11:47:32, 1.33, 40, 224.29, 0.51, 355.63, 0.3768, 0.0370, -0.9255, -0.0102
11:47:32, 1.33, 40, 223.77, 0.33, 355.69, 0.3726, 0.0360, -0.9272, -0.0113
11:47:32, 1.37, 41, 223.29, 0.22, 355.80, 0.3687, 0.0348, -0.9288, -0.0118
11:47:32, 1.37, 41, 222.84, 0.20, 355.83, 0.3650, 0.0345, -0.9303, -0.0117
11:47:32, 1.40, 42, 222.38, 0.16, 355.87, 0.3613, 0.0341, -0.9318, -0.0117
11:47:32, 1.40, 42, 221.95, 0.11, 355.92, 0.3578, 0.0336, -0.9331, -0.0118
11:47:32, 1.43, 43, 221.53, 0.08, 355.93, 0.3543, 0.0334, -0.9344, -0.0119
11:47:32, 1.43, 43, 221.11, 0.09, 355.97, 0.3509, 0.0332, -0.9358, -0.0116
11:47:32, 1.43, 43, 220.66, 0.14, 356.03, 0.3473, 0.0329, -0.9371, -0.0109
11:47:32, 1.47, 44, 220.29, 0.16, 356.01, 0.3442, 0.0331, -0.9382, -0.0107
11:47:32, 1.47, 44, 219.86, 0.18, 356.00, 0.3407, 0.0333, -0.9395, -0.0104
11:47:32, 1.50, 45, 219.43, 0.11, 356.02, 0.3372, 0.0330, -0.9408, -0.0108
11:47:32, 1.50, 45, 219.07, 0.12, 356.03, 0.3343, 0.0330, -0.9418, -0.0106
11:47:32, 1.50, 45, 218.73, 0.07, 356.09, 0.3314, 0.0324, -0.9429, -0.0107
11:47:32, 1.53, 46, 218.31, 0.08, 356.15, 0.3280, 0.0319, -0.9441, -0.0104
11:47:32, 1.53, 46, 217.95, 0.11, 356.22, 0.3250, 0.0315, -0.9451, -0.0098
11:47:32, 1.57, 47, 217.52, 0.13, 356.27, 0.3215, 0.0312, -0.9463, -0.0094
11:47:32, 1.57, 47, 217.22, 0.17, 356.30, 0.3190, 0.0310, -0.9472, -0.0089
11:47:32, 1.60, 48, 216.92, 0.13, 356.32, 0.3165, 0.0308, -0.9480, -0.0091
11:47:32, 1.60, 48, 216.57, 0.11, 356.39, 0.3136, 0.0302, -0.9490, -0.0089
11:47:32, 1.60, 48, 216.18, 0.15, 356.40, 0.3104, 0.0303, -0.9501, -0.0085
11:47:32, 1.63, 49, 215.80, 0.17, 356.47, 0.3073, 0.0297, -0.9511, -0.0080
11:47:32, 1.63, 49, 215.46, 0.20, 356.53, 0.3044, 0.0293, -0.9521, -0.0076
11:47:32, 1.67, 50, 215.13, 0.23, 356.60, 0.3017, 0.0289, -0.9529, -0.0070
11:47:32, 1.67, 50, 214.91, 0.23, 356.67, 0.2999, 0.0283, -0.9535, -0.0068
11:47:32, 1.67, 50, 214.74, 0.24, 356.79, 0.2985, 0.0273, -0.9540, -0.0064
11:47:32, 1.70, 51, 214.60, 0.25, 356.90, 0.2974, 0.0265, -0.9544, -0.0060
11:47:32, 1.70, 51, 214.47, 0.34, 357.00, 0.2962, 0.0259, -0.9548, -0.0049
11:47:32, 1.73, 52, 214.38, 0.38, 357.05, 0.2956, 0.0256, -0.9550, -0.0044
11:47:32, 1.73, 52, 214.40, 0.40, 357.05, 0.2957, 0.0256, -0.9549, -0.0042
11:47:32, 1.77, 53, 214.47, 0.45, 357.16, 0.2963, 0.0249, -0.9548, -0.0036
11:47:33, 1.77, 53, 214.55, 0.44, 357.27, 0.2969, 0.0239, -0.9546, -0.0034
11:47:33, 1.77, 53, 214.57, 0.42, 357.32, 0.2971, 0.0235, -0.9545, -0.0035
11:47:33, 1.80, 54, 214.64, 0.42, 357.39, 0.2977, 0.0228, -0.9544, -0.0033
11:47:33, 1.80, 54, 214.70, 0.43, 357.47, 0.2983, 0.0222, -0.9542, -0.0030
11:47:33, 1.83, 55, 214.76, 0.45, 357.58, 0.2987, 0.0213, -0.9541, -0.0025
11:47:33, 1.83, 55, 214.78, 0.43, 357.68, 0.2989, 0.0205, -0.9541, -0.0025
11:47:33, 1.83, 55, 214.66, 0.41, 357.74, 0.2979, 0.0199, -0.9544, -0.0024
11:47:33, 1.87, 56, 214.53, 0.30, 357.78, 0.2967, 0.0193, -0.9548, -0.0033
11:47:33, 1.87, 56, 214.34, 0.24, 357.81, 0.2952, 0.0189, -0.9552, -0.0036
11:47:33, 1.90, 57, 214.11, 0.22, 357.83, 0.2933, 0.0187, -0.9558, -0.0037
11:47:33, 1.90, 57, 213.85, 0.19, 357.81, 0.2911, 0.0188, -0.9565, -0.0040
11:47:33, 1.93, 58, 213.55, 0.14, 357.76, 0.2886, 0.0190, -0.9573, -0.0044
11:47:33, 1.93, 58, 213.23, 0.10, 357.70, 0.2859, 0.0195, -0.9581, -0.0049
11:47:33, 1.93, 58, 212.82, 0.05, 357.64, 0.2824, 0.0199, -0.9591, -0.0054
11:47:33, 1.97, 59, 212.36, 0.05, 357.59, 0.2786, 0.0203, -0.9602, -0.0055
11:47:33, 1.97, 59, 211.90, 0.01, 357.58, 0.2747, 0.0203, -0.9613, -0.0057
11:47:33, 2.00, 60, 211.38, 359.96, 357.49, 0.2704, 0.0210, -0.9625, -0.0062
11:47:33, 2.00, 60, 210.90, 359.95, 357.49, 0.2663, 0.0210, -0.9636, -0.0063
11:47:33, 2.00, 60, 210.48, 359.87, 357.42, 0.2628, 0.0214, -0.9646, -0.0070
11:47:33, 2.03, 61, 210.08, 359.84, 357.41, 0.2594, 0.0214, -0.9655, -0.0072
11:47:33, 2.03, 61, 209.77, 359.89, 357.40, 0.2568, 0.0217, -0.9662, -0.0067
11:47:33, 2.07, 62, 209.47, 359.92, 357.43, 0.2542, 0.0215, -0.9669, -0.0064
11:47:33, 2.07, 62, 209.15, 359.97, 357.48, 0.2516, 0.0212, -0.9676, -0.0058
11:47:33, 2.10, 63, 208.89, 359.92, 357.54, 0.2494, 0.0206, -0.9682, -0.0061
11:47:33, 2.10, 63, 208.64, 359.99, 357.60, 0.2473, 0.0203, -0.9687, -0.0053
11:47:33, 2.10, 63, 208.38, 0.03, 357.61, 0.2451, 0.0202, -0.9693, -0.0049
11:47:33, 2.13, 64, 208.14, 0.04, 357.66, 0.2431, 0.0199, -0.9698, -0.0046
11:47:33, 2.13, 64, 207.86, 0.06, 357.68, 0.2407, 0.0198, -0.9704, -0.0043
11:47:33, 2.17, 65, 207.58, 0.11, 357.74, 0.2383, 0.0194, -0.9710, -0.0038
11:47:33, 2.17, 65, 207.33, 0.14, 357.77, 0.2362, 0.0192, -0.9715, -0.0034
11:47:33, 2.17, 65, 207.06, 0.12, 357.79, 0.2339, 0.0190, -0.9721, -0.0035
11:47:33, 2.20, 66, 206.81, 0.11, 357.78, 0.2318, 0.0191, -0.9726, -0.0035
11:47:33, 2.20, 66, 206.55, 0.08, 357.75, 0.2296, 0.0193, -0.9731, -0.0038
11:47:33, 2.23, 67, 206.20, 0.06, 357.73, 0.2267, 0.0194, -0.9738, -0.0040
11:47:33, 2.23, 67, 205.86, 0.09, 357.66, 0.2238, 0.0201, -0.9744, -0.0038
11:47:33, 2.27, 68, 205.52, 0.12, 357.58, 0.2208, 0.0208, -0.9751, -0.0037
11:47:33, 2.27, 68, 205.22, 0.14, 357.51, 0.2183, 0.0215, -0.9756, -0.0036
11:47:33, 2.27, 68, 204.89, 0.15, 357.47, 0.2155, 0.0219, -0.9763, -0.0035
11:47:33, 2.30, 69, 204.59, 0.17, 357.50, 0.2129, 0.0216, -0.9768, -0.0032
11:47:33, 2.30, 69, 204.27, 0.20, 357.49, 0.2102, 0.0218, -0.9774, -0.0029
11:47:33, 2.33, 70, 203.96, 0.26, 357.50, 0.2076, 0.0219, -0.9780, -0.0023
11:47:33, 2.33, 70, 203.66, 0.30, 357.49, 0.2050, 0.0220, -0.9785, -0.0019
11:47:33, 2.33, 70, 203.33, 0.40, 357.48, 0.2022, 0.0222, -0.9791, -0.0010
11:47:33, 2.37, 71, 202.97, 0.39, 357.47, 0.1992, 0.0223, -0.9797, -0.0010
11:47:33, 2.37, 71, 202.63, 0.46, 357.46, 0.1963, 0.0226, -0.9803, -0.0004
11:47:33, 2.40, 72, 202.22, 0.51, 357.46, 0.1928, 0.0226, -0.9810, 0.0001
11:47:33, 2.40, 72, 201.88, 0.59, 357.42, 0.1899, 0.0230, -0.9815, 0.0008
11:47:33, 2.43, 73, 201.55, 0.62, 357.37, 0.1870, 0.0236, -0.9821, 0.0010
11:47:33, 2.43, 73, 201.25, 0.64, 357.35, 0.1844, 0.0238, -0.9826, 0.0012
11:47:33, 2.43, 73, 200.92, 0.67, 357.29, 0.1816, 0.0243, -0.9831, 0.0014
11:47:33, 2.47, 74, 200.63, 0.74, 357.21, 0.1791, 0.0251, -0.9835, 0.0020
11:47:33, 2.47, 74, 200.32, 0.79, 357.17, 0.1765, 0.0255, -0.9840, 0.0024
11:47:33, 2.50, 75, 200.03, 0.88, 357.15, 0.1740, 0.0258, -0.9844, 0.0032
11:47:33, 2.50, 75, 199.74, 0.97, 357.11, 0.1716, 0.0263, -0.9848, 0.0040
11:47:33, 2.50, 75, 199.50, 1.01, 357.08, 0.1695, 0.0266, -0.9852, 0.0044
11:47:33, 2.53, 76, 199.21, 1.06, 357.02, 0.1671, 0.0272, -0.9856, 0.0048
11:47:33, 2.53, 76, 198.91, 1.11, 356.99, 0.1645, 0.0275, -0.9860, 0.0052
11:47:33, 2.57, 77, 198.63, 1.20, 356.90, 0.1621, 0.0284, -0.9863, 0.0059
11:47:33, 2.57, 77, 198.33, 1.24, 356.81, 0.1595, 0.0292, -0.9868, 0.0063
11:47:33, 2.60, 78, 198.04, 1.34, 356.73, 0.1570, 0.0300, -0.9871, 0.0071
11:47:33, 2.60, 78, 197.70, 1.36, 356.69, 0.1541, 0.0304, -0.9876, 0.0073
11:47:33, 2.60, 78, 197.36, 1.45, 356.66, 0.1512, 0.0307, -0.9880, 0.0081
11:47:33, 2.63, 79, 197.05, 1.55, 356.58, 0.1486, 0.0315, -0.9884, 0.0090
11:47:33, 2.63, 79, 196.68, 1.61, 356.49, 0.1454, 0.0324, -0.9888, 0.0094
11:47:33, 2.67, 80, 196.36, 1.68, 356.41, 0.1427, 0.0330, -0.9892, 0.0101
11:47:33, 2.67, 80, 196.02, 1.76, 356.35, 0.1398, 0.0337, -0.9896, 0.0108
11:47:33, 2.67, 80, 195.69, 1.81, 356.27, 0.1369, 0.0344, -0.9899, 0.0112
11:47:33, 2.70, 81, 195.39, 1.87, 356.22, 0.1343, 0.0349, -0.9903, 0.0118
11:47:33, 2.70, 81, 195.08, 1.91, 356.20, 0.1317, 0.0351, -0.9906, 0.0122
11:47:33, 2.73, 82, 194.80, 1.89, 356.15, 0.1292, 0.0354, -0.9909, 0.0120
11:47:33, 2.73, 82, 194.51, 1.87, 356.09, 0.1268, 0.0359, -0.9912, 0.0119
11:47:33, 2.77, 83, 194.26, 1.90, 356.02, 0.1246, 0.0365, -0.9915, 0.0122
11:47:34, 2.77, 83, 193.99, 1.95, 355.97, 0.1223, 0.0370, -0.9917, 0.0126
11:47:34, 2.77, 83, 193.75, 2.00, 355.91, 0.1203, 0.0375, -0.9919, 0.0130
11:47:34, 2.80, 84, 193.58, 2.03, 355.89, 0.1187, 0.0377, -0.9921, 0.0133
11:47:34, 2.80, 84, 193.41, 2.04, 355.84, 0.1173, 0.0381, -0.9923, 0.0135
11:47:34, 2.83, 85, 193.27, 2.05, 355.80, 0.1161, 0.0385, -0.9924, 0.0135
11:47:34, 2.83, 85, 193.12, 2.07, 355.74, 0.1148, 0.0390, -0.9925, 0.0137
11:47:34, 2.83, 85, 192.98, 2.08, 355.68, 0.1136, 0.0395, -0.9926, 0.0138
11:47:34, 2.87, 86, 192.79, 2.15, 355.59, 0.1120, 0.0403, -0.9928, 0.0143
11:47:34, 2.87, 86, 192.59, 2.24, 355.50, 0.1103, 0.0412, -0.9929, 0.0151
11:47:34, 2.90, 87, 192.39, 2.26, 355.43, 0.1086, 0.0418, -0.9931, 0.0153
11:47:34, 2.90, 87, 192.21, 2.29, 355.36, 0.1071, 0.0423, -0.9932, 0.0155
11:47:34, 2.93, 88, 192.01, 2.34, 355.32, 0.1054, 0.0427, -0.9934, 0.0160
11:47:34, 2.93, 88, 191.81, 2.44, 355.27, 0.1037, 0.0432, -0.9935, 0.0169
11:47:34, 2.93, 88, 191.59, 2.60, 355.24, 0.1018, 0.0436, -0.9937, 0.0183
11:47:34, 2.97, 89, 191.37, 2.78, 355.21, 0.1000, 0.0440, -0.9938, 0.0200
11:47:34, 2.97, 89, 191.15, 2.98, 355.15, 0.0982, 0.0446, -0.9939, 0.0217
11:47:34, 3.00, 90, 190.98, 3.24, 355.09, 0.0968, 0.0453, -0.9940, 0.0240
11:47:34, 3.00, 90, 190.85, 3.61, 355.03, 0.0958, 0.0462, -0.9940, 0.0272
11:47:34, 3.00, 90, 190.73, 4.14, 355.01, 0.0949, 0.0467, -0.9939, 0.0319
11:47:34, 3.03, 91, 190.59, 4.86, 355.02, 0.0940, 0.0471, -0.9937, 0.0381
11:47:34, 3.03, 91, 190.42, 5.64, 354.94, 0.0928, 0.0484, -0.9935, 0.0449
11:47:34, 3.07, 92, 190.21, 6.43, 354.82, 0.0912, 0.0499, -0.9932, 0.0518
11:47:34, 3.07, 92, 190.04, 7.07, 354.71, 0.0901, 0.0513, -0.9930, 0.0573
11:47:34, 3.10, 93, 189.79, 7.41, 354.63, 0.0881, 0.0520, -0.9929, 0.0604
11:47:34, 3.10, 93, 189.58, 7.64, 354.57, 0.0864, 0.0526, -0.9929, 0.0624
11:47:34, 3.10, 93, 189.36, 7.84, 354.46, 0.0846, 0.0536, -0.9929, 0.0641
11:47:34, 3.13, 94, 189.21, 8.10, 354.41, 0.0834, 0.0542, -0.9928, 0.0664
11:47:34, 3.13, 94, 188.95, 8.47, 354.35, 0.0814, 0.0548, -0.9927, 0.0697
11:47:34, 3.17, 95, 188.74, 8.74, 354.32, 0.0797, 0.0551, -0.9927, 0.0721
11:47:34, 3.17, 95, 188.53, 8.99, 354.27, 0.0779, 0.0555, -0.9926, 0.0744
11:47:34, 3.20, 96, 188.37, 9.22, 354.24, 0.0767, 0.0558, -0.9926, 0.0764
11:47:34, 3.20, 96, 188.21, 9.40, 354.23, 0.0753, 0.0559, -0.9925, 0.0780
11:47:34, 3.20, 96, 188.08, 9.54, 354.19, 0.0743, 0.0562, -0.9925, 0.0793
11:47:34, 3.23, 97, 187.93, 9.68, 354.18, 0.0731, 0.0563, -0.9925, 0.0806
11:47:34, 3.23, 97, 187.77, 9.75, 354.18, 0.0717, 0.0562, -0.9925, 0.0812
11:47:34, 3.27, 98, 187.58, 9.77, 354.15, 0.0701, 0.0564, -0.9926, 0.0815
11:47:34, 3.27, 98, 187.38, 9.81, 354.10, 0.0684, 0.0567, -0.9927, 0.0819
11:47:34, 3.27, 98, 187.14, 9.77, 354.09, 0.0663, 0.0565, -0.9928, 0.0817
11:47:34, 3.30, 99, 186.87, 9.67, 354.03, 0.0640, 0.0568, -0.9930, 0.0810
11:47:34, 3.30, 99, 186.56, 9.58, 353.96, 0.0613, 0.0572, -0.9932, 0.0802
11:47:34, 3.33, 100, 186.15, 9.45, 353.88, 0.0577, 0.0576, -0.9935, 0.0793
11:47:34, 3.33, 100, 185.66, 9.31, 353.75, 0.0536, 0.0583, -0.9938, 0.0782
11:47:34, 3.33, 100, 185.07, 9.16, 353.55, 0.0485, 0.0595, -0.9941, 0.0771
11:47:34, 3.37, 101, 184.35, 8.91, 353.29, 0.0423, 0.0612, -0.9944, 0.0753
11:47:34, 3.37, 101, 183.57, 8.61, 352.99, 0.0356, 0.0633, -0.9947, 0.0730
11:47:34, 3.40, 102, 182.70, 8.37, 352.70, 0.0281, 0.0652, -0.9949, 0.0713
11:47:34, 3.40, 102, 181.79, 8.12, 352.45, 0.0202, 0.0668, -0.9951, 0.0696
11:47:34, 3.43, 103, 180.84, 7.95, 352.22, 0.0120, 0.0681, -0.9952, 0.0687
11:47:34, 3.43, 103, 180.02, 7.83, 352.05, 0.0049, 0.0691, -0.9953, 0.0681
11:47:34, 3.43, 103, 179.24, 7.73, 351.87, -0.0018, 0.0703, -0.9952, 0.0677
11:47:34, 3.47, 104, 178.54, 7.64, 351.75, -0.0079, 0.0709, -0.9952, 0.0674
11:47:34, 3.47, 104, 177.93, 7.54, 351.64, -0.0132, 0.0715, -0.9951, 0.0669
11:47:34, 3.50, 105, 177.30, 7.57, 351.51, -0.0186, 0.0723, -0.9949, 0.0675
11:47:34, 3.50, 105, 176.73, 7.57, 351.42, -0.0235, 0.0727, -0.9948, 0.0679
11:47:34, 3.50, 105, 176.17, 7.52, 351.32, -0.0283, 0.0733, -0.9946, 0.0679
11:47:34, 3.53, 106, 175.69, 7.56, 351.19, -0.0324, 0.0741, -0.9944, 0.0685
11:47:34, 3.53, 106, 175.23, 7.56, 351.05, -0.0363, 0.0751, -0.9941, 0.0689
11:47:34, 3.57, 107, 174.86, 7.45, 351.02, -0.0395, 0.0751, -0.9941, 0.0682
11:47:34, 3.57, 107, 174.45, 7.42, 350.94, -0.0431, 0.0756, -0.9939, 0.0682
11:47:34, 3.60, 108, 174.15, 7.38, 350.83, -0.0457, 0.0764, -0.9937, 0.0681
11:47:34, 3.60, 108, 173.88, 7.33, 350.78, -0.0480, 0.0767, -0.9936, 0.0679
11:47:34, 3.60, 108, 173.61, 7.27, 350.70, -0.0503, 0.0773, -0.9934, 0.0676
11:47:34, 3.63, 109, 173.33, 7.17, 350.60, -0.0528, 0.0780, -0.9933, 0.0670
11:47:34, 3.63, 109, 173.09, 7.09, 350.60, -0.0549, 0.0779, -0.9932, 0.0665
11:47:34, 3.67, 110, 172.89, 7.08, 350.65, -0.0567, 0.0774, -0.9932, 0.0665
11:47:34, 3.67, 110, 172.66, 7.05, 350.65, -0.0587, 0.0772, -0.9931, 0.0664
11:47:34, 3.70, 111, 172.43, 6.98, 350.63, -0.0607, 0.0773, -0.9930, 0.0659
11:47:34, 3.70, 111, 172.21, 6.90, 350.61, -0.0627, 0.0774, -0.9929, 0.0654
11:47:34, 3.70, 111, 171.93, 6.83, 350.54, -0.0651, 0.0779, -0.9927, 0.0650
11:47:34, 3.73, 112, 171.69, 6.78, 350.48, -0.0672, 0.0784, -0.9925, 0.0648
11:47:34, 3.73, 112, 171.37, 6.70, 350.42, -0.0700, 0.0788, -0.9924, 0.0643
11:47:34, 3.77, 113, 171.02, 6.56, 350.38, -0.0731, 0.0790, -0.9922, 0.0634
11:47:35, 3.77, 113, 170.67, 6.43, 350.30, -0.0762, 0.0796, -0.9919, 0.0626
11:47:35, 3.77, 113, 170.35, 6.28, 350.23, -0.0790, 0.0801, -0.9917, 0.0615
11:47:35, 3.80, 114, 170.00, 6.12, 350.14, -0.0821, 0.0809, -0.9915, 0.0605
11:47:35, 3.80, 114, 169.72, 5.97, 350.07, -0.0847, 0.0814, -0.9913, 0.0594
11:47:35, 3.83, 115, 169.41, 5.87, 350.04, -0.0874, 0.0816, -0.9911, 0.0588
11:47:35, 3.83, 115, 169.15, 5.76, 350.07, -0.0897, 0.0813, -0.9909, 0.0580
11:47:35, 3.83, 115, 168.96, 5.68, 350.10, -0.0915, 0.0810, -0.9908, 0.0575
11:47:35, 3.87, 116, 168.76, 5.57, 350.15, -0.0933, 0.0806, -0.9908, 0.0566
11:47:35, 3.87, 116, 168.67, 5.41, 350.20, -0.0942, 0.0803, -0.9908, 0.0552
11:47:35, 3.90, 117, 168.55, 5.29, 350.26, -0.0954, 0.0798, -0.9908, 0.0542
11:47:35, 3.90, 117, 168.44, 5.20, 350.32, -0.0964, 0.0793, -0.9907, 0.0535
11:47:35, 3.93, 118, 168.34, 5.11, 350.35, -0.0974, 0.0791, -0.9907, 0.0528
11:47:35, 3.93, 118, 168.24, 5.03, 350.37, -0.0983, 0.0789, -0.9907, 0.0521
11:47:35, 3.93, 118, 168.16, 4.89, 350.39, -0.0991, 0.0788, -0.9906, 0.0510
11:47:35, 3.97, 119, 168.14, 4.79, 350.42, -0.0994, 0.0787, -0.9907, 0.0500
11:47:35, 3.97, 119, 168.10, 4.66, 350.49, -0.0999, 0.0782, -0.9907, 0.0489
11:47:35, 4.00, 120, 168.04, 4.54, 350.60, -0.1005, 0.0773, -0.9908, 0.0478
11:47:35, 4.00, 120, 167.98, 4.37, 350.69, -0.1012, 0.0767, -0.9908, 0.0463
11:47:35, 4.00, 120, 167.92, 4.24, 350.78, -0.1018, 0.0760, -0.9909, 0.0451
11:47:35, 4.03, 121, 167.91, 4.07, 350.91, -0.1021, 0.0750, -0.9910, 0.0436
11:47:35, 4.03, 121, 167.86, 3.86, 351.09, -0.1028, 0.0737, -0.9911, 0.0416
11:47:35, 4.07, 122, 167.83, 3.67, 351.23, -0.1032, 0.0726, -0.9912, 0.0398
11:47:35, 4.07, 122, 167.83, 3.49, 351.35, -0.1034, 0.0718, -0.9913, 0.0382
11:47:35, 4.10, 123, 167.86, 3.31, 351.46, -0.1033, 0.0710, -0.9914, 0.0365
11:47:35, 4.10, 123, 167.86, 3.11, 351.53, -0.1034, 0.0705, -0.9915, 0.0347
11:47:35, 4.10, 123, 167.88, 2.90, 351.58, -0.1034, 0.0703, -0.9916, 0.0329
11:47:35, 4.13, 124, 167.89, 2.75, 351.60, -0.1034, 0.0703, -0.9916, 0.0315
11:47:35, 4.13, 124, 167.94, 2.63, 351.64, -0.1030, 0.0701, -0.9917, 0.0304
11:47:35, 4.17, 125, 168.03, 2.54, 351.74, -0.1024, 0.0693, -0.9919, 0.0295
11:47:35, 4.17, 125, 168.16, 2.43, 351.88, -0.1014, 0.0683, -0.9921, 0.0283
11:47:35, 4.20, 126, 168.30, 2.27, 352.04, -0.1003, 0.0670, -0.9923, 0.0267
11:47:35, 4.20, 126, 168.46, 2.12, 352.17, -0.0990, 0.0660, -0.9926, 0.0252
11:47:35, 4.20, 126, 168.66, 2.00, 352.35, -0.0974, 0.0647, -0.9929, 0.0239
11:47:35, 4.23, 127, 168.88, 1.88, 352.54, -0.0956, 0.0632, -0.9932, 0.0226
11:47:35, 4.23, 127, 169.12, 1.74, 352.75, -0.0936, 0.0615, -0.9935, 0.0211
11:47:35, 4.27, 128, 169.38, 1.61, 352.93, -0.0915, 0.0601, -0.9938, 0.0197
11:47:35, 4.27, 128, 169.73, 1.44, 353.12, -0.0886, 0.0586, -0.9942, 0.0179
11:47:35, 4.27, 128, 170.20, 1.32, 353.27, -0.0846, 0.0575, -0.9946, 0.0165
11:47:35, 4.30, 129, 170.73, 1.21, 353.52, -0.0801, 0.0555, -0.9951, 0.0151
11:47:35, 4.30, 129, 171.33, 1.13, 353.72, -0.0749, 0.0539, -0.9956, 0.0139
11:47:35, 4.33, 130, 172.02, 1.05, 353.98, -0.0690, 0.0518, -0.9962, 0.0128
11:47:35, 4.33, 130, 172.76, 0.96, 354.20, -0.0626, 0.0500, -0.9967, 0.0115
11:47:35, 4.33, 130, 173.74, 0.89, 354.50, -0.0542, 0.0475, -0.9973, 0.0104
11:47:35, 4.37, 131, 174.82, 0.76, 354.82, -0.0449, 0.0449, -0.9979, 0.0086
11:47:35, 4.37, 131, 176.00, 0.69, 355.22, -0.0347, 0.0414, -0.9985, 0.0074
11:47:35, 4.40, 132, 177.18, 0.54, 355.60, -0.0244, 0.0382, -0.9990, 0.0056
11:47:35, 4.40, 132, 178.31, 0.44, 355.93, -0.0146, 0.0354, -0.9993, 0.0043
11:47:35, 4.43, 133, 179.41, 0.37, 356.36, -0.0051, 0.0318, -0.9995, 0.0034
11:47:35, 4.43, 133, 180.45, 0.30, 356.78, 0.0040, 0.0281, -0.9996, 0.0025
11:47:35, 4.43, 133, 181.22, 0.29, 357.33, 0.0107, 0.0233, -0.9997, 0.0023
11:47:35, 4.47, 134, 181.86, 0.16, 357.69, 0.0163, 0.0202, -0.9997, 0.0011
11:47:35, 4.47, 134, 182.37, 359.99, 357.76, 0.0207, 0.0195, -0.9996, -0.0005
11:47:35, 4.50, 135, 182.78, 359.88, 357.83, 0.0243, 0.0189, -0.9995, -0.0015
11:47:35, 4.50, 135, 183.16, 359.77, 357.99, 0.0275, 0.0175, -0.9995, -0.0025
11:47:35, 4.50, 135, 183.51, 359.70, 358.10, 0.0306, 0.0165, -0.9994, -0.0031
11:47:35, 4.53, 136, 183.81, 359.64, 358.22, 0.0332, 0.0154, -0.9993, -0.0036
11:47:35, 4.53, 136, 184.06, 359.61, 358.23, 0.0353, 0.0154, -0.9993, -0.0039
11:47:35, 4.57, 137, 184.27, 359.60, 358.25, 0.0372, 0.0151, -0.9992, -0.0040
11:47:35, 4.57, 137, 184.57, 359.67, 358.21, 0.0398, 0.0155, -0.9991, -0.0035
11:47:35, 4.60, 138, 184.90, 359.74, 358.24, 0.0427, 0.0153, -0.9990, -0.0030
11:47:35, 4.60, 138, 185.28, 359.75, 358.32, 0.0460, 0.0145, -0.9988, -0.0029
11:47:35, 4.60, 138, 185.59, 359.70, 358.44, 0.0487, 0.0135, -0.9987, -0.0033
11:47:35, 4.63, 139, 185.80, 359.70, 358.42, 0.0506, 0.0136, -0.9986, -0.0033
11:47:35, 4.63, 139, 186.02, 359.71, 358.39, 0.0525, 0.0139, -0.9985, -0.0033
11:47:35, 4.67, 140, 186.25, 359.74, 358.34, 0.0545, 0.0144, -0.9984, -0.0030
11:47:35, 4.67, 140, 186.57, 359.82, 358.30, 0.0573, 0.0147, -0.9982, -0.0024
11:47:35, 4.67, 140, 186.94, 359.92, 358.31, 0.0605, 0.0147, -0.9981, -0.0016
11:47:35, 4.70, 141, 187.31, 0.11, 358.38, 0.0638, 0.0141, -0.9979, 0.0001
11:47:35, 4.70, 141, 187.77, 0.25, 358.37, 0.0677, 0.0143, -0.9976, 0.0012
11:47:35, 4.73, 142, 188.18, 0.38, 358.34, 0.0714, 0.0147, -0.9973, 0.0023
11:47:35, 4.73, 142, 188.60, 0.57, 358.39, 0.0750, 0.0144, -0.9971, 0.0039
11:47:35, 4.77, 143, 189.04, 0.63, 358.57, 0.0788, 0.0129, -0.9968, 0.0045
11:47:36, 4.77, 143, 189.46, 0.73, 358.91, 0.0825, 0.0100, -0.9965, 0.0055
11:47:36, 4.77, 143, 189.89, 0.77, 359.21, 0.0862, 0.0074, -0.9962, 0.0061
11:47:36, 4.80, 144, 190.33, 0.81, 359.65, 0.0900, 0.0037, -0.9959, 0.0067
11:47:36, 4.80, 144, 190.85, 0.83, 0.08, 0.0946, 0.0000, -0.9955, 0.0073
11:47:36, 4.83, 145, 191.43, 0.92, 0.54, 0.0996, -0.0039, -0.9950, 0.0085
11:47:36, 4.83, 145, 192.06, 1.04, 0.99, 0.1049, -0.0076, -0.9944, 0.0099
11:47:36, 4.83, 145, 192.67, 1.15, 1.27, 0.1102, -0.0099, -0.9938, 0.0112
11:47:36, 4.87, 146, 193.21, 1.18, 1.48, 0.1149, -0.0116, -0.9932, 0.0117
11:47:36, 4.87, 146, 193.67, 1.11, 1.60, 0.1189, -0.0127, -0.9928, 0.0113
11:47:36, 4.90, 147, 194.20, 1.18, 1.66, 0.1234, -0.0131, -0.9922, 0.0120
11:47:36, 4.90, 147, 194.77, 1.30, 1.75, 0.1283, -0.0137, -0.9916, 0.0132
11:47:36, 4.93, 148, 195.47, 1.41, 1.93, 0.1343, -0.0151, -0.9907, 0.0145
11:47:36, 4.93, 148, 195.96, 1.47, 2.14, 0.1385, -0.0167, -0.9901, 0.0153
11:47:36, 4.93, 148, 196.38, 1.40, 2.25, 0.1422, -0.0177, -0.9896, 0.0149
11:47:36, 4.97, 149, 196.72, 1.36, 2.26, 0.1451, -0.0178, -0.9891, 0.0146
11:47:36, 4.97, 149, 196.98, 1.30, 2.19, 0.1474, -0.0172, -0.9888, 0.0141
11:47:36, 5.00, 150, 197.37, 1.22, 2.22, 0.1508, -0.0175, -0.9883, 0.0134
11:47:36, 5.00, 150, 197.73, 1.17, 2.27, 0.1539, -0.0180, -0.9878, 0.0131
11:47:36, 5.00, 150, 198.07, 1.15, 2.39, 0.1568, -0.0190, -0.9874, 0.0132
11:47:36, 5.03, 151, 198.26, 1.07, 2.44, 0.1584, -0.0195, -0.9871, 0.0126
11:47:36, 5.03, 151, 198.39, 0.96, 2.45, 0.1596, -0.0197, -0.9869, 0.0117
11:47:36, 5.07, 152, 198.45, 0.86, 2.44, 0.1601, -0.0198, -0.9868, 0.0108
11:47:36, 5.07, 152, 198.56, 0.79, 2.38, 0.1611, -0.0194, -0.9867, 0.0101
11:47:36, 5.10, 153, 198.66, 0.73, 2.37, 0.1620, -0.0194, -0.9866, 0.0096
11:47:36, 5.10, 153, 198.79, 0.64, 2.37, 0.1631, -0.0195, -0.9864, 0.0089
11:47:36, 5.10, 153, 198.91, 0.56, 2.39, 0.1641, -0.0198, -0.9862, 0.0082
11:47:36, 5.13, 154, 199.04, 0.48, 2.40, 0.1653, -0.0199, -0.9860, 0.0076
11:47:36, 5.13, 154, 199.10, 0.41, 2.40, 0.1658, -0.0201, -0.9859, 0.0070
11:47:36, 5.17, 155, 199.17, 0.39, 2.38, 0.1664, -0.0199, -0.9858, 0.0068
11:47:36, 5.17, 155, 199.21, 0.37, 2.32, 0.1668, -0.0195, -0.9858, 0.0066
11:47:36, 5.17, 155, 199.28, 0.35, 2.31, 0.1673, -0.0194, -0.9857, 0.0064
11:47:36, 5.20, 156, 199.38, 0.34, 2.30, 0.1683, -0.0193, -0.9855, 0.0063
11:47:36, 5.20, 156, 199.51, 0.35, 2.33, 0.1693, -0.0195, -0.9853, 0.0064
11:47:36, 5.23, 157, 199.65, 0.35, 2.36, 0.1705, -0.0198, -0.9851, 0.0066
11:47:36, 5.23, 157, 199.77, 0.38, 2.38, 0.1716, -0.0199, -0.9849, 0.0068
11:47:36, 5.27, 158, 199.87, 0.38, 2.38, 0.1724, -0.0199, -0.9848, 0.0069
11:47:36, 5.27, 158, 199.95, 0.41, 2.36, 0.1731, -0.0197, -0.9847, 0.0071
11:47:36, 5.27, 158, 200.02, 0.39, 2.33, 0.1737, -0.0194, -0.9846, 0.0069
11:47:36, 5.30, 159, 200.13, 0.41, 2.30, 0.1747, -0.0191, -0.9844, 0.0070
11:47:36, 5.30, 159, 200.26, 0.39, 2.33, 0.1758, -0.0194, -0.9842, 0.0069
11:47:36, 5.33, 160, 200.35, 0.37, 2.35, 0.1766, -0.0196, -0.9841, 0.0068
11:47:36, 5.33, 160, 200.45, 0.37, 2.32, 0.1774, -0.0193, -0.9839, 0.0068
11:47:36, 5.33, 160, 200.54, 0.38, 2.28, 0.1782, -0.0190, -0.9838, 0.0068
11:47:36, 5.37, 161, 200.57, 0.36, 2.27, 0.1784, -0.0189, -0.9837, 0.0066
11:47:36, 5.37, 161, 200.59, 0.33, 2.27, 0.1786, -0.0190, -0.9837, 0.0064
11:47:36, 5.40, 162, 200.58, 0.34, 2.21, 0.1785, -0.0184, -0.9837, 0.0064
11:47:36, 5.40, 162, 200.61, 0.35, 2.15, 0.1788, -0.0179, -0.9837, 0.0063
11:47:36, 5.43, 163, 200.62, 0.34, 2.12, 0.1789, -0.0177, -0.9837, 0.0062
11:47:36, 5.43, 163, 200.64, 0.32, 2.10, 0.1791, -0.0176, -0.9837, 0.0061
11:47:36, 5.43, 163, 200.67, 0.31, 2.09, 0.1793, -0.0174, -0.9836, 0.0059
11:47:36, 5.47, 164, 200.69, 0.31, 2.06, 0.1795, -0.0172, -0.9836, 0.0059
11:47:36, 5.47, 164, 200.70, 0.25, 2.05, 0.1796, -0.0172, -0.9836, 0.0053
11:47:36, 5.50, 165, 200.72, 0.25, 2.04, 0.1797, -0.0171, -0.9835, 0.0054
11:47:36, 5.50, 165, 200.73, 0.19, 2.02, 0.1799, -0.0171, -0.9835, 0.0048
11:47:36, 5.50, 165, 200.76, 0.14, 2.02, 0.1801, -0.0171, -0.9835, 0.0044
11:47:36, 5.53, 166, 200.78, 0.11, 2.00, 0.1803, -0.0170, -0.9835, 0.0041
11:47:36, 5.53, 166, 200.81, 0.07, 1.97, 0.1805, -0.0168, -0.9834, 0.0037
11:47:36, 5.57, 167, 200.88, 0.02, 1.96, 0.1811, -0.0168, -0.9833, 0.0032
11:47:36, 5.57, 167, 200.97, 359.94, 1.94, 0.1819, -0.0167, -0.9832, 0.0026
11:47:36, 5.60, 168, 201.02, 359.89, 1.94, 0.1824, -0.0168, -0.9831, 0.0022
11:47:36, 5.60, 168, 201.08, 359.84, 1.90, 0.1830, -0.0166, -0.9830, 0.0017
11:47:36, 5.60, 168, 201.11, 359.78, 1.86, 0.1832, -0.0163, -0.9829, 0.0011
11:47:36, 5.63, 169, 201.15, 359.73, 1.80, 0.1836, -0.0159, -0.9829, 0.0006
11:47:36, 5.63, 169, 201.21, 359.68, 1.73, 0.1840, -0.0154, -0.9828, 0.0001
11:47:36, 5.67, 170, 201.30, 359.66, 1.66, 0.1848, -0.0148, -0.9827, -0.0003
11:47:36, 5.67, 170, 201.37, 359.61, 1.62, 0.1855, -0.0145, -0.9825, -0.0008
11:47:36, 5.67, 170, 201.48, 359.61, 1.58, 0.1864, -0.0142, -0.9824, -0.0008
11:47:36, 5.70, 171, 201.58, 359.61, 1.58, 0.1873, -0.0142, -0.9822, -0.0008
11:47:36, 5.70, 171, 201.63, 359.59, 1.58, 0.1877, -0.0142, -0.9821, -0.0010
11:47:36, 5.73, 172, 201.70, 359.59, 1.52, 0.1883, -0.0137, -0.9820, -0.0010
11:47:36, 5.73, 172, 201.74, 359.58, 1.48, 0.1886, -0.0133, -0.9820, -0.0011
11:47:36, 5.77, 173, 201.81, 359.59, 1.45, 0.1892, -0.0131, -0.9819, -0.0012
11:47:37, 5.77, 173, 201.88, 359.59, 1.42, 0.1898, -0.0128, -0.9817, -0.0012
11:47:37, 5.77, 173, 201.96, 359.59, 1.41, 0.1905, -0.0128, -0.9816, -0.0012
11:47:37, 5.80, 174, 202.10, 359.63, 1.39, 0.1917, -0.0125, -0.9814, -0.0008
11:47:37, 5.80, 174, 202.26, 359.63, 1.38, 0.1931, -0.0124, -0.9811, -0.0009
11:47:37, 5.83, 175, 202.48, 359.66, 1.31, 0.1950, -0.0118, -0.9807, -0.0007
11:47:37, 5.83, 175, 202.77, 359.67, 1.26, 0.1974, -0.0113, -0.9803, -0.0006
11:47:37, 5.83, 175, 203.19, 359.72, 1.12, 0.2010, -0.0100, -0.9795, -0.0005
11:47:37, 5.87, 176, 203.78, 359.82, 0.88, 0.2061, -0.0078, -0.9785, 0.0001
11:47:37, 5.87, 176, 204.66, 359.94, 0.58, 0.2135, -0.0051, -0.9769, 0.0005
11:47:37, 5.90, 177, 205.96, 0.21, 0.17, 0.2246, -0.0011, -0.9745, 0.0021
11:47:37, 5.90, 177, 207.72, 0.54, 359.71, 0.2395, 0.0036, -0.9709, 0.0039
11:47:37, 5.93, 178, 209.87, 0.97, 359.22, 0.2577, 0.0088, -0.9662, 0.0064
11:47:37, 5.93, 178, 212.35, 1.43, 358.73, 0.2787, 0.0141, -0.9602, 0.0089
11:47:37, 5.93, 178, 215.11, 1.95, 358.63, 0.3017, 0.0166, -0.9532, 0.0126
11:47:37, 5.97, 179, 217.65, 2.39, 358.61, 0.3228, 0.0182, -0.9461, 0.0158
11:47:37, 5.97, 179, 220.12, 2.72, 358.84, 0.3431, 0.0176, -0.9389, 0.0188
11:47:37, 6.00, 180, 222.40, 2.87, 359.05, 0.3617, 0.0168, -0.9319, 0.0204
11:47:37, 6.00, 180, 224.46, 3.12, 359.25, 0.3783, 0.0164, -0.9252, 0.0227
11:47:37, 6.00, 180, 226.32, 3.32, 359.47, 0.3933, 0.0156, -0.9190, 0.0248
11:47:37, 6.03, 181, 227.95, 3.52, 359.51, 0.4063, 0.0164, -0.9132, 0.0263
11:47:37, 6.03, 181, 229.49, 3.79, 359.55, 0.4185, 0.0174, -0.9076, 0.0284
11:47:37, 6.07, 182, 230.88, 4.11, 359.57, 0.4294, 0.0188, -0.9024, 0.0308
11:47:37, 6.07, 182, 232.26, 4.37, 359.53, 0.4402, 0.0205, -0.8971, 0.0324
11:47:37, 6.10, 183, 233.51, 4.57, 359.43, 0.4500, 0.0224, -0.8921, 0.0334
11:47:37, 6.10, 183, 234.69, 4.91, 359.38, 0.4591, 0.0245, -0.8873, 0.0356
11:47:37, 6.10, 183, 235.76, 5.13, 359.38, 0.4674, 0.0257, -0.8829, 0.0371
11:47:37, 6.13, 184, 236.76, 5.43, 359.34, 0.4750, 0.0276, -0.8787, 0.0390
11:47:37, 6.13, 184, 237.64, 5.63, 359.28, 0.4817, 0.0292, -0.8749, 0.0400
11:47:37, 6.17, 185, 238.52, 5.85, 359.21, 0.4884, 0.0309, -0.8711, 0.0412
11:47:37, 6.17, 185, 239.26, 6.03, 359.19, 0.4940, 0.0322, -0.8678, 0.0423
11:47:37, 6.17, 185, 239.85, 6.13, 359.11, 0.4985, 0.0334, -0.8652, 0.0425
11:47:37, 6.20, 186, 240.46, 6.29, 359.00, 0.5031, 0.0352, -0.8624, 0.0430
11:47:37, 6.20, 186, 241.06, 6.46, 358.86, 0.5077, 0.0372, -0.8597, 0.0435
11:47:37, 6.23, 187, 241.68, 6.61, 358.80, 0.5123, 0.0385, -0.8568, 0.0442
11:47:37, 6.23, 187, 242.35, 6.72, 358.80, 0.5172, 0.0392, -0.8538, 0.0447
11:47:37, 6.27, 188, 242.99, 6.77, 358.81, 0.5220, 0.0397, -0.8508, 0.0450
11:47:37, 6.27, 188, 243.74, 6.85, 358.76, 0.5275, 0.0407, -0.8474, 0.0450
11:47:37, 6.27, 188, 244.62, 6.94, 358.77, 0.5341, 0.0414, -0.8432, 0.0454
11:47:37, 6.30, 189, 245.79, 7.19, 358.92, 0.5425, 0.0419, -0.8376, 0.0475
11:47:37, 6.30, 189, 246.99, 7.36, 359.05, 0.5512, 0.0423, -0.8319, 0.0490
11:47:37, 6.33, 190, 248.27, 7.65, 359.09, 0.5603, 0.0440, -0.8255, 0.0508
11:47:37, 6.33, 190, 249.65, 7.89, 359.11, 0.5701, 0.0456, -0.8186, 0.0520
11:47:37, 6.37, 191, 251.09, 8.10, 359.30, 0.5802, 0.0460, -0.8113, 0.0539
11:47:37, 6.37, 191, 252.63, 8.21, 359.68, 0.5909, 0.0447, -0.8036, 0.0560
11:47:37, 6.37, 191, 254.11, 8.43, 359.91, 0.6010, 0.0449, -0.7959, 0.0581
11:47:37, 6.40, 192, 255.42, 8.71, 359.93, 0.6099, 0.0469, -0.7888, 0.0597
11:47:37, 6.40, 192, 256.79, 9.03, 359.87, 0.6192, 0.0498, -0.7813, 0.0610
11:47:37, 6.43, 193, 258.11, 9.34, 359.89, 0.6280, 0.0520, -0.7739, 0.0626
11:47:37, 6.43, 193, 259.44, 9.55, 0.12, 0.6367, 0.0524, -0.7666, 0.0647
11:47:37, 6.43, 193, 260.54, 9.80, 0.31, 0.6439, 0.0531, -0.7603, 0.0669
11:47:37, 6.47, 194, 261.57, 9.97, 0.47, 0.6505, 0.0537, -0.7545, 0.0684
11:47:37, 6.47, 194, 262.51, 10.25, 0.53, 0.6564, 0.0554, -0.7490, 0.0702
11:47:37, 6.50, 195, 263.35, 10.38, 0.50, 0.6619, 0.0569, -0.7441, 0.0704
11:47:37, 6.50, 195, 264.25, 10.52, 0.53, 0.6676, 0.0581, -0.7388, 0.0711
11:47:37, 6.53, 196, 265.14, 10.65, 0.54, 0.6732, 0.0594, -0.7336, 0.0715
11:47:37, 6.53, 196, 265.97, 10.70, 0.45, 0.6786, 0.0607, -0.7286, 0.0709
11:47:37, 6.53, 196, 266.82, 10.78, 0.37, 0.6839, 0.0622, -0.7235, 0.0704
11:47:37, 6.57, 197, 267.72, 10.88, 0.25, 0.6896, 0.0641, -0.7179, 0.0698
11:47:37, 6.57, 197, 268.83, 11.00, 0.23, 0.6965, 0.0656, -0.7111, 0.0699
11:47:37, 6.60, 198, 270.07, 11.18, 0.33, 0.7040, 0.0669, -0.7035, 0.0709
11:47:37, 6.60, 198, 271.31, 11.35, 0.45, 0.7114, 0.0680, -0.6958, 0.0719
11:47:37, 6.60, 198, 272.55, 11.50, 0.55, 0.7187, 0.0691, -0.6881, 0.0727
11:47:37, 6.63, 199, 273.63, 11.59, 0.54, 0.7251, 0.0704, -0.6812, 0.0725
11:47:37, 6.63, 199, 274.75, 11.65, 0.58, 0.7317, 0.0713, -0.6741, 0.0724
11:47:37, 6.67, 200, 275.83, 11.67, 0.60, 0.7379, 0.0720, -0.6672, 0.0720
11:47:37, 6.67, 200, 276.93, 11.74, 0.67, 0.7442, 0.0727, -0.6601, 0.0721
11:47:37, 6.70, 201, 277.97, 11.75, 0.75, 0.7501, 0.0730, -0.6533, 0.0721
11:47:37, 6.70, 201, 279.03, 11.81, 0.76, 0.7561, 0.0739, -0.6463, 0.0718
11:47:37, 6.70, 201, 279.98, 11.93, 0.72, 0.7613, 0.0756, -0.6399, 0.0716
11:47:37, 6.73, 202, 280.96, 12.06, 0.76, 0.7667, 0.0769, -0.6333, 0.0719
11:47:37, 6.73, 202, 281.91, 12.25, 0.75, 0.7717, 0.0787, -0.6269, 0.0722
11:47:37, 6.77, 203, 282.94, 12.40, 0.81, 0.7772, 0.0801, -0.6199, 0.0728
11:47:38, 6.77, 203, 283.93, 12.59, 0.84, 0.7824, 0.0819, -0.6130, 0.0733
11:47:38, 6.77, 203, 284.91, 12.75, 0.84, 0.7875, 0.0836, -0.6062, 0.0734
11:47:38, 6.80, 204, 285.87, 12.92, 0.85, 0.7924, 0.0853, -0.5995, 0.0737
11:47:38, 6.80, 204, 286.93, 13.12, 0.92, 0.7977, 0.0870, -0.5921, 0.0744
11:47:38, 6.83, 205, 287.97, 13.26, 1.05, 0.8028, 0.0880, -0.5849, 0.0752
11:47:38, 6.83, 205, 288.96, 13.34, 1.09, 0.8078, 0.0890, -0.5779, 0.0751
11:47:38, 6.87, 206, 289.99, 13.28, 1.19, 0.8129, 0.0888, -0.5708, 0.0748
11:47:38, 6.87, 206, 291.15, 13.28, 1.32, 0.8185, 0.0889, -0.5626, 0.0748
11:47:38, 6.87, 206, 292.37, 13.20, 1.57, 0.8244, 0.0879, -0.5541, 0.0752
11:47:38, 6.90, 207, 293.56, 13.23, 1.89, 0.8298, 0.0874, -0.5458, 0.0769
11:47:38, 6.90, 207, 294.82, 13.39, 2.14, 0.8355, 0.0882, -0.5367, 0.0784
11:47:38, 6.93, 208, 296.22, 13.48, 2.33, 0.8418, 0.0890, -0.5265, 0.0791
11:47:38, 6.93, 208, 297.72, 13.56, 2.64, 0.8483, 0.0892, -0.5157, 0.0806
11:47:38, 6.93, 208, 299.28, 13.65, 2.98, 0.8549, 0.0894, -0.5043, 0.0823
11:47:38, 6.97, 209, 300.73, 13.68, 3.33, 0.8609, 0.0892, -0.4938, 0.0839
11:47:38, 6.97, 209, 302.10, 13.82, 3.56, 0.8665, 0.0903, -0.4836, 0.0852
11:47:38, 7.00, 210, 303.37, 13.86, 3.80, 0.8716, 0.0905, -0.4741, 0.0862
11:47:38, 7.00, 210, 304.55, 13.81, 3.93, 0.8763, 0.0905, -0.4652, 0.0860
11:47:38, 7.00, 210, 305.66, 13.89, 4.08, 0.8806, 0.0914, -0.4568, 0.0866
11:47:38, 7.03, 211, 306.75, 13.94, 4.15, 0.8848, 0.0923, -0.4485, 0.0865
11:47:38, 7.03, 211, 307.76, 13.97, 4.23, 0.8886, 0.0930, -0.4407, 0.0864
11:47:38, 7.07, 212, 308.75, 14.07, 4.34, 0.8922, 0.0941, -0.4331, 0.0868
11:47:38, 7.07, 212, 309.69, 14.06, 4.39, 0.8957, 0.0945, -0.4258, 0.0864
11:47:38, 7.10, 213, 310.54, 14.02, 4.43, 0.8989, 0.0947, -0.4192, 0.0858
11:47:38, 7.10, 213, 311.43, 13.89, 4.50, 0.9022, 0.0941, -0.4123, 0.0852
11:47:38, 7.10, 213, 312.32, 13.76, 4.65, 0.9054, 0.0932, -0.4054, 0.0852
11:47:38, 7.13, 214, 313.24, 13.67, 4.77, 0.9086, 0.0927, -0.3982, 0.0851
11:47:38, 7.13, 214, 314.08, 13.60, 4.91, 0.9115, 0.0924, -0.3917, 0.0853
11:47:38, 7.17, 215, 314.96, 13.56, 4.94, 0.9145, 0.0926, -0.3847, 0.0847
11:47:38, 7.17, 215, 315.78, 13.61, 5.01, 0.9171, 0.0933, -0.3782, 0.0848
11:47:38, 7.20, 216, 316.62, 13.61, 5.09, 0.9198, 0.0937, -0.3715, 0.0847
11:47:38, 7.20, 216, 317.50, 13.61, 5.20, 0.9225, 0.0940, -0.3646, 0.0848
11:47:38, 7.20, 216, 318.37, 13.58, 5.22, 0.9253, 0.0944, -0.3575, 0.0842
11:47:38, 7.23, 217, 319.28, 13.57, 5.29, 0.9281, 0.0947, -0.3502, 0.0840
11:47:38, 7.23, 217, 320.26, 13.49, 5.37, 0.9311, 0.0945, -0.3423, 0.0836
11:47:38, 7.27, 218, 321.29, 13.47, 5.54, 0.9340, 0.0946, -0.3341, 0.0841
11:47:38, 7.27, 218, 322.34, 13.45, 5.68, 0.9369, 0.0948, -0.3257, 0.0843
11:47:38, 7.27, 218, 323.35, 13.45, 5.80, 0.9397, 0.0952, -0.3174, 0.0845
11:47:38, 7.30, 219, 324.37, 13.46, 5.96, 0.9423, 0.0956, -0.3092, 0.0850
11:47:38, 7.30, 219, 325.31, 13.41, 6.04, 0.9448, 0.0957, -0.3016, 0.0847
11:47:38, 7.33, 220, 326.29, 13.40, 6.17, 0.9473, 0.0960, -0.2936, 0.0849
11:47:38, 7.33, 220, 327.27, 13.44, 6.27, 0.9497, 0.0968, -0.2856, 0.0850
11:47:38, 7.37, 221, 328.17, 13.54, 6.33, 0.9517, 0.0982, -0.2782, 0.0850
11:47:38, 7.37, 221, 329.05, 13.56, 6.38, 0.9538, 0.0989, -0.2709, 0.0847
11:47:38, 7.37, 221, 329.90, 13.71, 6.38, 0.9556, 0.1007, -0.2638, 0.0843
11:47:38, 7.40, 222, 330.72, 13.82, 6.40, 0.9573, 0.1022, -0.2570, 0.0839
11:47:38, 7.40, 222, 331.51, 13.92, 6.45, 0.9589, 0.1035, -0.2505, 0.0839
11:47:38, 7.43, 223, 332.38, 14.11, 6.51, 0.9605, 0.1056, -0.2433, 0.0840
11:47:38, 7.43, 223, 333.23, 14.26, 6.54, 0.9621, 0.1075, -0.2363, 0.0838
11:47:38, 7.43, 223, 334.08, 14.33, 6.56, 0.9637, 0.1086, -0.2291, 0.0832
11:47:38, 7.47, 224, 334.91, 14.56, 6.60, 0.9651, 0.1111, -0.2222, 0.0832
11:47:38, 7.47, 224, 335.77, 14.70, 6.69, 0.9665, 0.1128, -0.2151, 0.0834
11:47:38, 7.50, 225, 336.59, 14.87, 6.70, 0.9678, 0.1147, -0.2082, 0.0829
11:47:38, 7.50, 225, 337.49, 14.96, 6.71, 0.9693, 0.1161, -0.2007, 0.0823
11:47:38, 7.50, 225, 338.40, 15.10, 6.74, 0.9706, 0.1179, -0.1930, 0.0818
11:47:38, 7.53, 226, 339.36, 15.13, 6.83, 0.9721, 0.1187, -0.1850, 0.0816
11:47:38, 7.53, 226, 340.30, 15.24, 6.86, 0.9735, 0.1203, -0.1770, 0.0811
11:47:38, 7.57, 227, 341.25, 15.32, 6.94, 0.9747, 0.1215, -0.1691, 0.0808
11:47:38, 7.57, 227, 342.19, 15.43, 6.94, 0.9760, 0.1231, -0.1611, 0.0800
11:47:38, 7.60, 228, 343.13, 15.61, 6.93, 0.9770, 0.1253, -0.1532, 0.0792
11:47:38, 7.60, 228, 344.11, 15.71, 6.93, 0.9782, 0.1268, -0.1449, 0.0781
11:47:38, 7.60, 228, 345.15, 15.82, 6.91, 0.9793, 0.1285, -0.1360, 0.0769
11:47:38, 7.63, 229, 346.29, 15.97, 6.92, 0.9804, 0.1305, -0.1263, 0.0759
11:47:38, 7.63, 229, 347.56, 16.03, 7.00, 0.9816, 0.1318, -0.1155, 0.0752
11:47:38, 7.67, 230, 348.86, 16.11, 7.09, 0.9827, 0.1333, -0.1045, 0.0745
11:47:38, 7.67, 230, 350.12, 16.26, 7.19, 0.9836, 0.1353, -0.0939, 0.0740
11:47:38, 7.67, 230, 351.34, 16.44, 7.26, 0.9842, 0.1376, -0.0836, 0.0732
11:47:38, 7.70, 231, 352.58, 16.59, 7.35, 0.9848, 0.1396, -0.0731, 0.0726
11:47:38, 7.70, 231, 353.89, 16.67, 7.40, 0.9855, 0.1410, -0.0620, 0.0715
11:47:38, 7.73, 232, 355.08, 16.77, 7.49, 0.9859, 0.1426, -0.0519, 0.0708
11:47:38, 7.73, 232, 356.28, 16.91, 7.60, 0.9861, 0.1445, -0.0418, 0.0702
11:47:38, 7.77, 233, 357.44, 17.11, 7.65, 0.9862, 0.1469, -0.0320, 0.0692
11:47:39, 7.77, 233, 358.60, 17.20, 7.69, 0.9863, 0.1483, -0.0221, 0.0681
11:47:39, 7.77, 233, 359.80, 17.24, 7.71, 0.9864, 0.1495, -0.0118, 0.0667
11:47:39, 7.80, 234, 0.99, 17.25, 7.71, 0.9865, 0.1502, -0.0016, 0.0652
11:47:39, 7.80, 234, 2.18, 17.21, 7.68, 0.9865, 0.1506, 0.0087, 0.0634
11:47:39, 7.83, 235, 3.36, 17.20, 7.70, 0.9864, 0.1511, 0.0189, 0.0620
11:47:39, 7.83, 235, 4.54, 17.21, 7.74, 0.9861, 0.1518, 0.0290, 0.0607
11:47:39, 7.83, 235, 5.69, 17.11, 7.78, 0.9859, 0.1516, 0.0389, 0.0596
11:47:39, 7.87, 236, 6.95, 17.15, 7.89, 0.9853, 0.1526, 0.0496, 0.0588
11:47:39, 7.87, 236, 8.24, 17.20, 7.97, 0.9846, 0.1537, 0.0605, 0.0578
11:47:39, 7.90, 237, 9.65, 17.13, 8.07, 0.9838, 0.1539, 0.0725, 0.0569
11:47:39, 7.90, 237, 10.98, 17.15, 8.14, 0.9828, 0.1548, 0.0838, 0.0556
11:47:39, 7.90, 237, 12.39, 17.12, 8.27, 0.9817, 0.1553, 0.0958, 0.0549
11:47:39, 7.93, 238, 13.95, 16.99, 8.39, 0.9804, 0.1551, 0.1091, 0.0539
11:47:39, 7.93, 238, 15.65, 16.95, 8.61, 0.9786, 0.1557, 0.1233, 0.0536
11:47:39, 7.97, 239, 17.39, 16.76, 8.83, 0.9767, 0.1552, 0.1380, 0.0534
11:47:39, 7.97, 239, 19.17, 16.71, 9.07, 0.9744, 0.1559, 0.1529, 0.0530
11:47:39, 8.00, 240, 20.89, 16.64, 9.19, 0.9721, 0.1562, 0.1674, 0.0518
11:47:39, 8.00, 240, 22.74, 16.64, 9.37, 0.9691, 0.1573, 0.1828, 0.0508
11:47:39, 8.00, 240, 24.52, 16.63, 9.54, 0.9661, 0.1583, 0.1976, 0.0498
11:47:39, 8.03, 241, 26.28, 16.64, 9.71, 0.9629, 0.1594, 0.2122, 0.0488
11:47:39, 8.03, 241, 28.05, 16.65, 9.84, 0.9594, 0.1605, 0.2269, 0.0474
11:47:39, 8.07, 242, 29.71, 16.60, 9.94, 0.9561, 0.1610, 0.2406, 0.0460
11:47:39, 8.07, 242, 31.31, 16.59, 9.96, 0.9526, 0.1616, 0.2540, 0.0439
11:47:39, 8.10, 243, 32.93, 16.46, 10.05, 0.9490, 0.1613, 0.2674, 0.0427
11:47:39, 8.10, 243, 34.47, 16.40, 10.04, 0.9454, 0.1613, 0.2802, 0.0406
11:47:39, 8.10, 243, 35.99, 16.22, 10.14, 0.9417, 0.1607, 0.2928, 0.0398
11:47:39, 8.13, 244, 37.43, 16.17, 10.20, 0.9380, 0.1609, 0.3046, 0.0384
11:47:39, 8.13, 244, 38.86, 16.11, 10.27, 0.9342, 0.1611, 0.3162, 0.0371
11:47:39, 8.17, 245, 40.33, 15.99, 10.32, 0.9301, 0.1608, 0.3282, 0.0359
11:47:39, 8.17, 245, 41.64, 15.84, 10.32, 0.9264, 0.1600, 0.3391, 0.0345
11:47:39, 8.17, 245, 43.03, 15.61, 10.31, 0.9225, 0.1585, 0.3505, 0.0332
11:47:39, 8.20, 246, 44.43, 15.46, 10.31, 0.9182, 0.1577, 0.3619, 0.0318
11:47:39, 8.20, 246, 45.86, 15.31, 10.24, 0.9137, 0.1567, 0.3737, 0.0298
11:47:39, 8.23, 247, 47.21, 15.13, 10.22, 0.9094, 0.1555, 0.3846, 0.0284
11:47:39, 8.23, 247, 48.57, 14.87, 10.23, 0.9050, 0.1539, 0.3957, 0.0276
11:47:39, 8.27, 248, 49.84, 14.74, 10.13, 0.9007, 0.1527, 0.4060, 0.0256
11:47:39, 8.27, 248, 51.04, 14.52, 10.13, 0.8965, 0.1513, 0.4156, 0.0248
11:47:39, 8.27, 248, 52.17, 14.42, 10.04, 0.8924, 0.1504, 0.4247, 0.0230
11:47:39, 8.30, 249, 53.35, 14.34, 10.04, 0.8881, 0.1501, 0.4339, 0.0218
11:47:39, 8.30, 249, 54.42, 14.25, 9.91, 0.8841, 0.1491, 0.4425, 0.0197
11:47:39, 8.33, 250, 55.39, 13.95, 9.91, 0.8805, 0.1470, 0.4503, 0.0196
11:47:39, 8.33, 250, 56.29, 13.77, 9.90, 0.8770, 0.1457, 0.4575, 0.0192
11:47:39, 8.33, 250, 57.15, 13.57, 9.86, 0.8737, 0.1442, 0.4643, 0.0186
11:47:39, 8.37, 251, 57.99, 13.30, 9.80, 0.8704, 0.1420, 0.4711, 0.0183
11:47:39, 8.37, 251, 58.94, 13.07, 9.76, 0.8666, 0.1403, 0.4785, 0.0178
11:47:39, 8.40, 252, 59.84, 12.81, 9.69, 0.8629, 0.1382, 0.4857, 0.0173
11:47:39, 8.40, 252, 60.69, 12.40, 9.67, 0.8595, 0.1352, 0.4926, 0.0180
11:47:39, 8.43, 253, 61.47, 11.99, 9.68, 0.8563, 0.1324, 0.4989, 0.0189
11:47:39, 8.43, 253, 62.14, 11.66, 9.69, 0.8535, 0.1301, 0.5042, 0.0197
11:47:39, 8.43, 253, 62.86, 11.40, 9.72, 0.8504, 0.1284, 0.5098, 0.0204
11:47:39, 8.47, 254, 63.47, 11.13, 9.77, 0.8477, 0.1268, 0.5146, 0.0213
11:47:39, 8.47, 254, 64.10, 10.97, 9.80, 0.8450, 0.1259, 0.5194, 0.0216
11:47:39, 8.50, 255, 64.76, 10.69, 9.80, 0.8420, 0.1239, 0.5245, 0.0221
11:47:39, 8.50, 255, 65.40, 10.59, 9.74, 0.8391, 0.1231, 0.5294, 0.0214
11:47:39, 8.50, 255, 66.00, 10.50, 9.76, 0.8364, 0.1226, 0.5338, 0.0214
11:47:39, 8.53, 256, 66.61, 10.35, 9.66, 0.8335, 0.1212, 0.5386, 0.0207
11:47:39, 8.53, 256, 67.21, 10.15, 9.56, 0.8308, 0.1194, 0.5433, 0.0203
11:47:39, 8.57, 257, 67.84, 9.96, 9.51, 0.8278, 0.1179, 0.5481, 0.0202
11:47:39, 8.57, 257, 68.46, 9.72, 9.47, 0.8249, 0.1161, 0.5528, 0.0205
11:47:39, 8.60, 258, 69.07, 9.52, 9.51, 0.8220, 0.1150, 0.5573, 0.0212
11:47:39, 8.60, 258, 69.63, 9.39, 9.53, 0.8193, 0.1142, 0.5615, 0.0214
11:47:39, 8.60, 258, 70.22, 9.29, 9.45, 0.8164, 0.1132, 0.5659, 0.0207
11:47:39, 8.63, 259, 70.74, 9.11, 9.43, 0.8139, 0.1120, 0.5698, 0.0210
11:47:39, 8.63, 259, 71.35, 8.97, 9.42, 0.8109, 0.1111, 0.5742, 0.0210
11:47:39, 8.67, 260, 71.92, 8.80, 9.38, 0.8080, 0.1097, 0.5785, 0.0211
11:47:39, 8.67, 260, 72.46, 8.64, 9.23, 0.8053, 0.1079, 0.5825, 0.0203
11:47:39, 8.67, 260, 73.01, 8.43, 9.05, 0.8026, 0.1057, 0.5868, 0.0197
11:47:39, 8.70, 261, 73.50, 8.24, 8.95, 0.8001, 0.1040, 0.5905, 0.0195
11:47:39, 8.70, 261, 74.02, 8.08, 8.79, 0.7975, 0.1021, 0.5944, 0.0188
11:47:39, 8.73, 262, 74.46, 7.87, 8.67, 0.7952, 0.1001, 0.5977, 0.0187
11:47:39, 8.73, 262, 74.93, 7.77, 8.61, 0.7928, 0.0992, 0.6011, 0.0183
11:47:39, 8.77, 263, 75.43, 7.67, 8.53, 0.7902, 0.0982, 0.6047, 0.0179
11:47:40, 8.77, 263, 75.86, 7.53, 8.48, 0.7879, 0.0970, 0.6078, 0.0180
11:47:40, 8.77, 263, 76.33, 7.35, 8.39, 0.7854, 0.0954, 0.6113, 0.0179
11:47:40, 8.80, 264, 76.90, 7.18, 8.25, 0.7824, 0.0935, 0.6155, 0.0174
11:47:40, 8.80, 264, 77.48, 7.07, 8.16, 0.7793, 0.0924, 0.6196, 0.0169
11:47:40, 8.83, 265, 78.11, 6.99, 8.12, 0.7759, 0.0917, 0.6240, 0.0166
11:47:40, 8.83, 265, 78.81, 6.93, 8.07, 0.7721, 0.0912, 0.6288, 0.0160
11:47:40, 8.83, 265, 79.45, 6.95, 7.95, 0.7686, 0.0907, 0.6331, 0.0146
11:47:40, 8.87, 266, 80.14, 6.88, 7.86, 0.7648, 0.0899, 0.6379, 0.0138
11:47:40, 8.87, 266, 80.90, 6.84, 7.78, 0.7605, 0.0892, 0.6430, 0.0129
11:47:40, 8.90, 267, 81.72, 6.86, 7.63, 0.7559, 0.0886, 0.6486, 0.0112
11:47:40, 8.90, 267, 82.58, 6.92, 7.55, 0.7510, 0.0886, 0.6542, 0.0096
11:47:40, 8.93, 268, 83.45, 7.01, 7.44, 0.7460, 0.0886, 0.6600, 0.0077
11:47:40, 8.93, 268, 84.48, 7.12, 7.26, 0.7400, 0.0884, 0.6667, 0.0051
11:47:40, 8.93, 268, 85.58, 7.16, 7.14, 0.7336, 0.0879, 0.6738, 0.0033
11:47:40, 8.97, 269, 86.67, 7.22, 7.15, 0.7272, 0.0884, 0.6807, 0.0021
11:47:40, 8.97, 269, 87.74, 7.36, 7.11, 0.7208, 0.0891, 0.6874, 0.0002
11:47:40, 9.00, 270, 88.74, 7.71, 6.93, 0.7148, 0.0902, 0.6935, -0.0038
11:47:40, 9.00, 270, 89.69, 8.06, 6.87, 0.7090, 0.0919, 0.6992, -0.0071
11:47:40, 9.00, 270, 90.55, 8.54, 6.75, 0.7037, 0.0940, 0.7042, -0.0115
11:47:40, 9.03, 271, 91.39, 8.97, 6.75, 0.6984, 0.0965, 0.7090, -0.0148
11:47:40, 9.03, 271, 92.16, 9.43, 6.70, 0.6936, 0.0989, 0.7133, -0.0187
11:47:40, 9.07, 272, 92.94, 9.85, 6.64, 0.6886, 0.1008, 0.7177, -0.0224
11:47:40, 9.07, 272, 93.71, 10.22, 6.53, 0.6838, 0.1022, 0.7221, -0.0260
11:47:40, 9.10, 273, 94.51, 10.56, 6.55, 0.6786, 0.1042, 0.7265, -0.0289
11:47:40, 9.10, 273, 95.32, 10.91, 6.59, 0.6734, 0.1062, 0.7309, -0.0316
11:47:40, 9.10, 273, 96.12, 11.19, 6.62, 0.6683, 0.1077, 0.7353, -0.0340
11:47:40, 9.13, 274, 96.93, 11.46, 6.61, 0.6630, 0.1090, 0.7397, -0.0366
11:47:40, 9.13, 274, 97.72, 11.66, 6.64, 0.6578, 0.1101, 0.7441, -0.0385
11:47:40, 9.17, 275, 98.55, 11.89, 6.65, 0.6524, 0.1112, 0.7486, -0.0407
11:47:40, 9.17, 275, 99.33, 12.05, 6.75, 0.6473, 0.1125, 0.7528, -0.0420
11:47:40, 9.17, 275, 100.21, 12.23, 6.90, 0.6415, 0.1141, 0.7574, -0.0432
11:47:40, 9.20, 276, 101.05, 12.40, 7.03, 0.6359, 0.1156, 0.7617, -0.0445
11:47:40, 9.20, 276, 101.84, 12.58, 7.19, 0.6307, 0.1173, 0.7657, -0.0456
11:47:40, 9.23, 277, 102.57, 12.76, 7.30, 0.6259, 0.1188, 0.7694, -0.0469
11:47:40, 9.23, 277, 103.28, 12.90, 7.38, 0.6211, 0.1198, 0.7730, -0.0482
11:47:40, 9.27, 278, 103.95, 13.00, 7.49, 0.6166, 0.1207, 0.7764, -0.0490
11:47:40, 9.27, 278, 104.65, 13.09, 7.57, 0.6119, 0.1214, 0.7800, -0.0499
11:47:40, 9.27, 278, 105.33, 13.06, 7.74, 0.6073, 0.1221, 0.7835, -0.0496
11:47:40, 9.30, 279, 105.83, 13.15, 7.83, 0.6038, 0.1230, 0.7859, -0.0502
11:47:40, 9.30, 279, 106.40, 13.20, 7.83, 0.6000, 0.1230, 0.7888, -0.0512
11:47:40, 9.33, 280, 106.98, 13.11, 7.95, 0.5960, 0.1231, 0.7919, -0.0506
11:47:40, 9.33, 280, 107.52, 13.09, 8.01, 0.5923, 0.1232, 0.7946, -0.0507
11:47:40, 9.33, 280, 107.97, 13.02, 8.00, 0.5892, 0.1225, 0.7970, -0.0507
11:47:40, 9.37, 281, 108.39, 12.86, 7.91, 0.5862, 0.1209, 0.7995, -0.0505
11:47:40, 9.37, 281, 108.84, 12.68, 7.79, 0.5830, 0.1190, 0.8021, -0.0503
11:47:40, 9.40, 282, 109.31, 12.56, 7.75, 0.5798, 0.1179, 0.8046, -0.0501
11:47:40, 9.40, 282, 109.66, 12.47, 7.70, 0.5773, 0.1170, 0.8066, -0.0501
11:47:40, 9.43, 283, 109.93, 12.36, 7.60, 0.5753, 0.1156, 0.8082, -0.0501
11:47:40, 9.43, 283, 110.11, 12.19, 7.41, 0.5740, 0.1134, 0.8094, -0.0500
11:47:40, 9.43, 283, 110.19, 12.03, 7.24, 0.5734, 0.1114, 0.8102, -0.0498
11:47:40, 9.47, 284, 110.28, 11.80, 6.99, 0.5727, 0.1084, 0.8111, -0.0495
11:47:40, 9.47, 284, 110.32, 11.62, 6.77, 0.5723, 0.1059, 0.8117, -0.0494
11:47:40, 9.50, 285, 110.33, 11.42, 6.60, 0.5721, 0.1038, 0.8121, -0.0488
11:47:40, 9.50, 285, 110.30, 11.16, 6.39, 0.5723, 0.1010, 0.8124, -0.0479
11:47:40, 9.50, 285, 110.22, 10.86, 6.22, 0.5728, 0.0984, 0.8125, -0.0466
11:47:40, 9.53, 286, 110.09, 10.60, 6.07, 0.5737, 0.0961, 0.8122, -0.0454
11:47:40, 9.53, 286, 109.95, 10.28, 5.85, 0.5746, 0.0929, 0.8119, -0.0441
11:47:40, 9.57, 287, 109.82, 10.07, 5.69, 0.5755, 0.0908, 0.8116, -0.0433
11:47:40, 9.57, 287, 109.77, 9.92, 5.58, 0.5758, 0.0893, 0.8116, -0.0428
11:47:40, 9.60, 288, 109.80, 9.73, 5.49, 0.5756, 0.0878, 0.8119, -0.0419
11:47:40, 9.60, 288, 109.82, 9.54, 5.41, 0.5754, 0.0862, 0.8123, -0.0409
11:47:40, 9.60, 288, 109.88, 9.37, 5.36, 0.5750, 0.0850, 0.8127, -0.0401
11:47:40, 9.63, 289, 109.98, 9.22, 5.30, 0.5743, 0.0838, 0.8134, -0.0393
11:47:40, 9.63, 289, 110.10, 9.14, 5.25, 0.5735, 0.0830, 0.8141, -0.0391
11:47:40, 9.67, 290, 110.21, 9.10, 5.23, 0.5727, 0.0826, 0.8147, -0.0390
11:47:40, 9.67, 290, 110.30, 9.11, 5.21, 0.5720, 0.0825, 0.8152, -0.0392
11:47:40, 9.67, 290, 110.42, 9.16, 5.13, 0.5711, 0.0822, 0.8158, -0.0401
11:47:40, 9.70, 291, 110.57, 9.26, 5.00, 0.5700, 0.0817, 0.8165, -0.0416
11:47:40, 9.70, 291, 110.74, 9.37, 4.91, 0.5687, 0.0815, 0.8174, -0.0429
11:47:40, 9.73, 292, 110.88, 9.50, 4.90, 0.5678, 0.0821, 0.8179, -0.0440
11:47:40, 9.73, 292, 111.00, 9.62, 4.90, 0.5668, 0.0826, 0.8185, -0.0449
11:47:40, 9.77, 293, 111.15, 9.74, 4.81, 0.5657, 0.0824, 0.8192, -0.0463
11:47:41, 9.77, 293, 111.30, 9.82, 4.74, 0.5646, 0.0822, 0.8199, -0.0474
11:47:41, 9.77, 293, 111.47, 9.85, 4.67, 0.5634, 0.0819, 0.8207, -0.0480
11:47:41, 9.80, 294, 111.77, 9.91, 4.54, 0.5611, 0.0811, 0.8223, -0.0493
11:47:41, 9.80, 294, 112.30, 9.82, 4.26, 0.5572, 0.0784, 0.8251, -0.0504
11:47:41, 9.83, 295, 113.01, 9.70, 4.16, 0.5521, 0.0768, 0.8287, -0.0505
11:47:41, 9.83, 295, 113.84, 9.42, 4.24, 0.5461, 0.0757, 0.8329, -0.0486
11:47:41, 9.83, 295, 114.78, 9.10, 4.46, 0.5394, 0.0754, 0.8374, -0.0458
11:47:41, 9.87, 296, 115.74, 8.72, 4.55, 0.5324, 0.0739, 0.8421, -0.0433
11:47:41, 9.87, 296, 116.72, 8.43, 4.66, 0.5253, 0.0731, 0.8468, -0.0412
11:47:41, 9.90, 297, 117.63, 8.21, 4.87, 0.5186, 0.0733, 0.8510, -0.0392
11:47:41, 9.90, 297, 118.36, 8.11, 4.98, 0.5132, 0.0734, 0.8543, -0.0385
11:47:41, 9.93, 298, 118.96, 8.03, 4.97, 0.5088, 0.0728, 0.8570, -0.0383
11:47:41, 9.93, 298, 119.47, 8.00, 4.92, 0.5049, 0.0721, 0.8593, -0.0386
11:47:41, 9.93, 298, 119.86, 7.99, 4.83, 0.5019, 0.0712, 0.8611, -0.0392
11:47:41, 9.97, 299, 120.29, 8.04, 4.43, 0.4986, 0.0683, 0.8631, -0.0416
11:47:41, 9.97, 299, 120.68, 8.08, 4.39, 0.4956, 0.0681, 0.8648, -0.0422
