Timestamp, VideoTime, VideoFrame, HeadYaw, HeadPitch, HeadRoll, HeadQuatW, HeadQuatX, HeadQuatY, HeadQuatZ
11:52:06, 0.00, 0, 342.98, 350.61, 356.33, 0.9848, -0.0762, -0.1500, -0.0436
11:52:06, 0.03, 1, 343.00, 350.62, 356.33, 0.9848, -0.0761, -0.1499, -0.0437
11:52:06, 0.03, 1, 343.00, 350.63, 356.34, 0.9848, -0.0760, -0.1498, -0.0435
11:52:06, 0.03, 1, 342.98, 350.65, 356.35, 0.9848, -0.0758, -0.1500, -0.0435
11:52:06, 0.07, 2, 342.98, 350.68, 356.34, 0.9848, -0.0756, -0.1499, -0.0435
11:52:06, 0.07, 2, 342.98, 350.69, 356.34, 0.9848, -0.0755, -0.1500, -0.0435
11:52:06, 0.10, 3, 342.97, 350.70, 356.33, 0.9848, -0.0754, -0.1501, -0.0435
11:52:06, 0.10, 3, 342.95, 350.73, 356.33, 0.9848, -0.0751, -0.1502, -0.0435
11:52:06, 0.10, 3, 342.94, 350.75, 356.33, 0.9848, -0.0750, -0.1503, -0.0435
11:52:06, 0.13, 4, 342.92, 350.77, 356.35, 0.9848, -0.0748, -0.1504, -0.0434
11:52:06, 0.13, 4, 342.92, 350.77, 356.34, 0.9848, -0.0748, -0.1505, -0.0434
11:52:06, 0.17, 5, 342.90, 350.79, 356.35, 0.9848, -0.0746, -0.1506, -0.0433
11:52:06, 0.17, 5, 342.89, 350.83, 356.34, 0.9848, -0.0743, -0.1507, -0.0434
11:52:06, 0.17, 5, 342.91, 350.82, 356.35, 0.9848, -0.0744, -0.1506, -0.0433
11:52:06, 0.20, 6, 342.90, 350.84, 356.35, 0.9848, -0.0742, -0.1507, -0.0433
11:52:06, 0.20, 6, 342.90, 350.84, 356.35, 0.9848, -0.0742, -0.1507, -0.0433
11:52:06, 0.23, 7, 342.90, 350.82, 356.35, 0.9848, -0.0744, -0.1506, -0.0433
11:52:06, 0.23, 7, 342.91, 350.82, 356.34, 0.9848, -0.0744, -0.1506, -0.0434
11:52:06, 0.27, 8, 342.91, 350.82, 356.34, 0.9848, -0.0743, -0.1505, -0.0434
11:52:06, 0.27, 8, 342.91, 350.84, 356.35, 0.9849, -0.0742, -0.1506, -0.0432
11:52:06, 0.27, 8, 342.91, 350.85, 356.35, 0.9849, -0.0741, -0.1506, -0.0432
11:52:06, 0.30, 9, 342.92, 350.84, 356.33, 0.9849, -0.0742, -0.1505, -0.0434
11:52:06, 0.30, 9, 342.96, 350.83, 356.31, 0.9849, -0.0742, -0.1502, -0.0436
11:52:06, 0.33, 10, 342.98, 350.83, 356.30, 0.9849, -0.0743, -0.1500, -0.0436
11:52:06, 0.33, 10, 342.99, 350.85, 356.31, 0.9850, -0.0741, -0.1499, -0.0436
11:52:06, 0.33, 10, 342.99, 350.88, 356.30, 0.9850, -0.0738, -0.1498, -0.0436
11:52:06, 0.37, 11, 342.98, 350.90, 356.29, 0.9850, -0.0736, -0.1500, -0.0437
11:52:06, 0.37, 11, 343.00, 350.94, 356.27, 0.9850, -0.0733, -0.1498, -0.0438
11:52:06, 0.40, 12, 343.01, 350.96, 356.26, 0.9851, -0.0731, -0.1497, -0.0438
11:52:06, 0.40, 12, 343.06, 350.97, 356.25, 0.9851, -0.0730, -0.1493, -0.0438
11:52:06, 0.43, 13, 343.10, 351.04, 356.24, 0.9852, -0.0724, -0.1489, -0.0438
11:52:06, 0.43, 13, 343.15, 351.09, 356.27, 0.9853, -0.0721, -0.1485, -0.0435
11:52:06, 0.43, 13, 343.19, 351.12, 356.25, 0.9854, -0.0717, -0.1481, -0.0436
11:52:06, 0.47, 14, 343.27, 351.19, 356.25, 0.9855, -0.0712, -0.1475, -0.0434
11:52:06, 0.47, 14, 343.34, 351.25, 356.25, 0.9857, -0.0707, -0.1468, -0.0434
11:52:06, 0.50, 15, 343.39, 351.29, 356.28, 0.9858, -0.0704, -0.1464, -0.0430
11:52:06, 0.50, 15, 343.45, 351.33, 356.29, 0.9859, -0.0701, -0.1459, -0.0428
11:52:06, 0.50, 15, 343.49, 351.38, 356.27, 0.9860, -0.0697, -0.1455, -0.0429
11:52:06, 0.53, 16, 343.55, 351.41, 356.23, 0.9860, -0.0694, -0.1450, -0.0432
11:52:06, 0.53, 16, 343.64, 351.48, 356.18, 0.9862, -0.0687, -0.1443, -0.0435
11:52:06, 0.57, 17, 343.73, 351.55, 356.16, 0.9863, -0.0681, -0.1435, -0.0435
11:52:06, 0.57, 17, 343.82, 351.65, 356.13, 0.9865, -0.0673, -0.1427, -0.0436
11:52:06, 0.60, 18, 343.93, 351.76, 356.10, 0.9867, -0.0664, -0.1417, -0.0437
11:52:06, 0.60, 18, 344.06, 351.85, 356.08, 0.9869, -0.0656, -0.1407, -0.0437
11:52:06, 0.60, 18, 344.20, 351.96, 356.08, 0.9872, -0.0647, -0.1394, -0.0434
11:52:06, 0.63, 19, 344.32, 352.05, 356.07, 0.9874, -0.0639, -0.1384, -0.0433
11:52:06, 0.63, 19, 344.43, 352.16, 356.07, 0.9876, -0.0631, -0.1374, -0.0431
11:52:06, 0.67, 20, 344.52, 352.24, 356.07, 0.9877, -0.0624, -0.1366, -0.0430
11:52:06, 0.67, 20, 344.60, 352.30, 356.06, 0.9879, -0.0619, -0.1359, -0.0430
11:52:06, 0.70, 21, 344.63, 352.31, 356.06, 0.9879, -0.0618, -0.1356, -0.0429
11:52:06, 0.70, 21, 344.65, 352.36, 356.05, 0.9879, -0.0614, -0.1355, -0.0430
11:52:06, 0.70, 21, 344.63, 352.42, 356.03, 0.9880, -0.0609, -0.1356, -0.0431
11:52:06, 0.73, 22, 344.65, 352.46, 355.99, 0.9880, -0.0605, -0.1354, -0.0434
11:52:06, 0.73, 22, 344.67, 352.54, 355.99, 0.9881, -0.0597, -0.1353, -0.0433
11:52:06, 0.77, 23, 344.68, 352.61, 355.95, 0.9881, -0.0592, -0.1352, -0.0435
11:52:06, 0.77, 23, 344.68, 352.66, 355.92, 0.9881, -0.0586, -0.1352, -0.0438
11:52:06, 0.77, 23, 344.70, 352.73, 355.89, 0.9882, -0.0580, -0.1350, -0.0439
11:52:06, 0.80, 24, 344.77, 352.81, 355.84, 0.9883, -0.0573, -0.1344, -0.0442
11:52:06, 0.80, 24, 344.89, 352.93, 355.81, 0.9885, -0.0562, -0.1334, -0.0443
11:52:06, 0.83, 25, 345.01, 353.08, 355.82, 0.9887, -0.0551, -0.1323, -0.0439
11:52:06, 0.83, 25, 345.17, 353.17, 355.83, 0.9889, -0.0543, -0.1309, -0.0437
11:52:06, 0.87, 26, 345.36, 353.30, 355.81, 0.9892, -0.0533, -0.1292, -0.0436
11:52:06, 0.87, 26, 345.57, 353.43, 355.79, 0.9895, -0.0522, -0.1274, -0.0436
11:52:06, 0.87, 26, 345.82, 353.56, 355.77, 0.9899, -0.0512, -0.1252, -0.0435
11:52:06, 0.90, 27, 346.14, 353.77, 355.73, 0.9903, -0.0494, -0.1224, -0.0435
11:52:06, 0.90, 27, 346.52, 353.98, 355.69, 0.9908, -0.0477, -0.1191, -0.0434
11:52:06, 0.93, 28, 346.94, 354.24, 355.77, 0.9914, -0.0457, -0.1154, -0.0423
11:52:06, 0.93, 28, 347.29, 354.40, 355.83, 0.9918, -0.0445, -0.1123, -0.0415
11:52:07, 0.93, 28, 347.60, 354.60, 355.85, 0.9922, -0.0429, -0.1095, -0.0411
11:52:07, 0.97, 29, 347.89, 354.82, 355.88, 0.9926, -0.0411, -0.1070, -0.0405
11:52:07, 0.97, 29, 348.20, 355.04, 355.86, 0.9930, -0.0393, -0.1042, -0.0403
11:52:07, 1.00, 30, 348.56, 355.25, 355.87, 0.9934, -0.0376, -0.1010, -0.0399
11:52:07, 1.00, 30, 348.95, 355.46, 355.84, 0.9938, -0.0359, -0.0976, -0.0399
11:52:07, 1.00, 30, 349.30, 355.68, 355.82, 0.9941, -0.0341, -0.0945, -0.0398
11:52:07, 1.03, 31, 349.64, 355.86, 355.77, 0.9945, -0.0326, -0.0915, -0.0400
11:52:07, 1.03, 31, 350.05, 356.12, 355.75, 0.9949, -0.0305, -0.0878, -0.0399
11:52:07, 1.07, 32, 350.43, 356.35, 355.70, 0.9952, -0.0286, -0.0845, -0.0401
11:52:07, 1.07, 32, 350.82, 356.63, 355.63, 0.9956, -0.0262, -0.0810, -0.0403
11:52:07, 1.10, 33, 351.32, 356.91, 355.59, 0.9960, -0.0240, -0.0766, -0.0404
11:52:07, 1.10, 33, 351.81, 357.23, 355.55, 0.9963, -0.0213, -0.0723, -0.0404
11:52:07, 1.10, 33, 352.31, 357.46, 355.58, 0.9967, -0.0195, -0.0678, -0.0400
11:52:07, 1.13, 34, 352.86, 357.72, 355.56, 0.9971, -0.0174, -0.0629, -0.0399
11:52:07, 1.13, 34, 353.45, 357.99, 355.57, 0.9974, -0.0152, -0.0578, -0.0396
11:52:07, 1.17, 35, 354.09, 358.40, 355.52, 0.9978, -0.0119, -0.0520, -0.0397
11:52:07, 1.17, 35, 354.88, 358.83, 355.47, 0.9982, -0.0085, -0.0450, -0.0400
11:52:07, 1.20, 36, 355.84, 359.37, 355.37, 0.9985, -0.0040, -0.0365, -0.0405
11:52:07, 1.20, 36, 356.92, 359.94, 355.29, 0.9988, 0.0006, -0.0269, -0.0411
11:52:07, 1.20, 36, 358.23, 0.60, 355.20, 0.9990, 0.0059, -0.0152, -0.0418
11:52:07, 1.23, 37, 359.71, 1.24, 355.14, 0.9990, 0.0110, -0.0021, -0.0424
11:52:07, 1.23, 37, 1.24, 1.97, 355.18, 0.9989, 0.0168, 0.0115, -0.0423
11:52:07, 1.27, 38, 2.83, 2.65, 355.31, 0.9986, 0.0221, 0.0256, -0.0414
11:52:07, 1.27, 38, 4.41, 3.40, 355.37, 0.9980, 0.0281, 0.0396, -0.0415
11:52:07, 1.27, 38, 5.96, 3.96, 355.49, 0.9972, 0.0324, 0.0533, -0.0411
11:52:07, 1.30, 39, 7.41, 4.48, 355.67, 0.9963, 0.0366, 0.0660, -0.0402
11:52:07, 1.30, 39, 8.86, 5.03, 355.85, 0.9953, 0.0409, 0.0787, -0.0395
11:52:07, 1.33, 40, 10.19, 5.51, 356.02, 0.9941, 0.0448, 0.0903, -0.0388
11:52:07, 1.33, 40, 11.55, 6.01, 356.13, 0.9928, 0.0487, 0.1022, -0.0389
11:52:07, 1.33, 40, 12.82, 6.50, 356.30, 0.9914, 0.0527, 0.1132, -0.0383
11:52:07, 1.37, 41, 13.97, 6.87, 356.48, 0.9901, 0.0557, 0.1232, -0.0378
11:52:07, 1.37, 41, 15.00, 7.19, 356.53, 0.9888, 0.0582, 0.1321, -0.0381
11:52:07, 1.40, 42, 15.95, 7.50, 356.61, 0.9875, 0.0606, 0.1403, -0.0383
11:52:07, 1.40, 42, 16.86, 7.81, 356.60, 0.9862, 0.0630, 0.1482, -0.0392
11:52:07, 1.43, 43, 17.73, 8.14, 356.70, 0.9848, 0.0657, 0.1557, -0.0393
11:52:07, 1.43, 43, 18.56, 8.46, 356.78, 0.9835, 0.0682, 0.1628, -0.0395
11:52:07, 1.43, 43, 19.29, 8.74, 356.78, 0.9822, 0.0704, 0.1691, -0.0404
11:52:07, 1.47, 44, 19.92, 8.97, 356.79, 0.9812, 0.0722, 0.1745, -0.0410
11:52:07, 1.47, 44, 20.47, 9.13, 356.76, 0.9802, 0.0732, 0.1792, -0.0419
11:52:07, 1.50, 45, 21.04, 9.32, 356.75, 0.9791, 0.0747, 0.1842, -0.0426
11:52:07, 1.50, 45, 21.59, 9.59, 356.71, 0.9780, 0.0767, 0.1889, -0.0438
11:52:07, 1.50, 45, 22.16, 9.79, 356.73, 0.9769, 0.0783, 0.1938, -0.0443
11:52:07, 1.53, 46, 22.63, 10.03, 356.77, 0.9759, 0.0801, 0.1978, -0.0446
11:52:07, 1.53, 46, 23.04, 10.20, 356.78, 0.9751, 0.0815, 0.2013, -0.0452
11:52:07, 1.57, 47, 23.35, 10.29, 356.77, 0.9745, 0.0821, 0.2040, -0.0456
11:52:07, 1.57, 47, 23.65, 10.40, 356.73, 0.9738, 0.0828, 0.2065, -0.0464
11:52:07, 1.60, 48, 23.94, 10.54, 356.72, 0.9732, 0.0839, 0.2090, -0.0469
11:52:07, 1.60, 48, 24.21, 10.71, 356.68, 0.9725, 0.0851, 0.2113, -0.0477
11:52:07, 1.60, 48, 24.55, 10.91, 356.75, 0.9717, 0.0868, 0.2142, -0.0478
11:52:07, 1.63, 49, 24.82, 11.05, 356.72, 0.9711, 0.0879, 0.2165, -0.0485
11:52:07, 1.63, 49, 25.10, 11.26, 356.79, 0.9704, 0.0897, 0.2188, -0.0485
11:52:07, 1.67, 50, 25.30, 11.43, 356.79, 0.9699, 0.0910, 0.2205, -0.0490
11:52:07, 1.67, 50, 25.50, 11.50, 356.79, 0.9694, 0.0915, 0.2223, -0.0493
11:52:07, 1.67, 50, 25.64, 11.65, 356.77, 0.9690, 0.0927, 0.2235, -0.0498
11:52:07, 1.70, 51, 25.81, 11.80, 356.78, 0.9685, 0.0939, 0.2249, -0.0502
11:52:07, 1.70, 51, 26.01, 11.91, 356.81, 0.9681, 0.0948, 0.2265, -0.0503
11:52:07, 1.73, 52, 26.16, 12.01, 356.85, 0.9677, 0.0957, 0.2278, -0.0503
11:52:07, 1.73, 52, 26.25, 12.04, 356.84, 0.9675, 0.0958, 0.2286, -0.0505
11:52:07, 1.77, 53, 26.25, 12.06, 356.82, 0.9674, 0.0960, 0.2286, -0.0508
11:52:07, 1.77, 53, 26.09, 12.01, 356.77, 0.9678, 0.0956, 0.2272, -0.0509
11:52:07, 1.77, 53, 25.80, 11.95, 356.70, 0.9684, 0.0951, 0.2249, -0.0511
11:52:07, 1.80, 54, 25.29, 11.82, 356.53, 0.9694, 0.0939, 0.2207, -0.0519
11:52:07, 1.80, 54, 24.59, 11.60, 356.32, 0.9709, 0.0919, 0.2150, -0.0528
11:52:07, 1.83, 55, 23.62, 11.29, 356.07, 0.9728, 0.0892, 0.2068, -0.0535
11:52:07, 1.83, 55, 22.34, 10.92, 355.69, 0.9752, 0.0860, 0.1962, -0.0551
11:52:07, 1.83, 55, 20.56, 10.30, 355.20, 0.9784, 0.0808, 0.1813, -0.0571
11:52:07, 1.87, 56, 18.26, 9.63, 354.47, 0.9821, 0.0751, 0.1619, -0.0608
11:52:07, 1.87, 56, 15.84, 8.96, 353.64, 0.9853, 0.0696, 0.1415, -0.0655
11:52:07, 1.90, 57, 13.18, 8.31, 352.82, 0.9883, 0.0647, 0.1187, -0.0703
11:52:07, 1.90, 57, 10.42, 7.60, 352.15, 0.9909, 0.0596, 0.0949, -0.0740
11:52:07, 1.93, 58, 7.60, 6.81, 351.37, 0.9929, 0.0541, 0.0704, -0.0789
11:52:07, 1.93, 58, 4.68, 5.92, 350.61, 0.9943, 0.0481, 0.0449, -0.0838
11:52:08, 1.93, 58, 1.77, 5.05, 349.89, 0.9950, 0.0425, 0.0193, -0.0887
11:52:08, 1.97, 59, 358.78, 4.21, 349.31, 0.9950, 0.0375, -0.0072, -0.0927
11:52:08, 1.97, 59, 355.69, 3.27, 348.90, 0.9943, 0.0320, -0.0346, -0.0955
11:52:08, 2.00, 60, 352.55, 2.31, 348.39, 0.9927, 0.0266, -0.0626, -0.0996
11:52:08, 2.00, 60, 349.35, 1.30, 347.95, 0.9902, 0.0210, -0.0911, -0.1035
11:52:08, 2.00, 60, 346.32, 0.19, 347.68, 0.9872, 0.0145, -0.1183, -0.1063
11:52:08, 2.03, 61, 343.39, 359.31, 347.52, 0.9835, 0.0098, -0.1442, -0.1084
11:52:08, 2.03, 61, 340.56, 358.47, 347.50, 0.9794, 0.0053, -0.1693, -0.1096
11:52:08, 2.07, 62, 337.80, 357.80, 347.58, 0.9749, 0.0021, -0.1934, -0.1098
11:52:08, 2.07, 62, 335.14, 357.20, 347.71, 0.9701, -0.0007, -0.2165, -0.1097
11:52:08, 2.10, 63, 332.63, 356.58, 347.91, 0.9650, -0.0039, -0.2382, -0.1093
11:52:08, 2.10, 63, 330.24, 356.08, 348.20, 0.9599, -0.0065, -0.2587, -0.1080
11:52:08, 2.10, 63, 327.90, 355.51, 348.43, 0.9543, -0.0096, -0.2786, -0.1076
11:52:08, 2.13, 64, 325.76, 355.07, 348.64, 0.9489, -0.0118, -0.2967, -0.1071
11:52:08, 2.13, 64, 323.73, 354.61, 348.95, 0.9435, -0.0145, -0.3137, -0.1060
11:52:08, 2.17, 65, 321.73, 354.33, 349.24, 0.9379, -0.0158, -0.3304, -0.1046
11:52:08, 2.17, 65, 319.76, 354.01, 349.51, 0.9321, -0.0174, -0.3466, -0.1036
11:52:08, 2.20, 66, 317.92, 353.75, 349.77, 0.9265, -0.0187, -0.3616, -0.1025
11:52:08, 2.20, 66, 316.10, 353.58, 350.12, 0.9208, -0.0197, -0.3763, -0.1006
11:52:08, 2.20, 66, 314.51, 353.49, 350.43, 0.9157, -0.0199, -0.3890, -0.0987
11:52:08, 2.23, 67, 312.91, 353.58, 350.78, 0.9105, -0.0191, -0.4017, -0.0959
11:52:08, 2.23, 67, 311.34, 353.69, 350.99, 0.9052, -0.0177, -0.4141, -0.0941
11:52:08, 2.27, 68, 309.94, 353.84, 351.17, 0.9003, -0.0160, -0.4250, -0.0923
11:52:08, 2.27, 68, 308.60, 354.11, 351.38, 0.8957, -0.0136, -0.4354, -0.0899
11:52:08, 2.27, 68, 307.32, 354.41, 351.63, 0.8911, -0.0112, -0.4452, -0.0869
11:52:08, 2.30, 69, 306.05, 354.71, 351.87, 0.8866, -0.0089, -0.4549, -0.0840
11:52:08, 2.30, 69, 304.79, 354.96, 352.06, 0.8818, -0.0068, -0.4645, -0.0816
11:52:08, 2.33, 70, 303.55, 355.16, 352.21, 0.8769, -0.0051, -0.4740, -0.0797
11:52:08, 2.33, 70, 302.32, 355.32, 352.35, 0.8720, -0.0035, -0.4833, -0.0781
11:52:08, 2.37, 71, 300.96, 355.56, 352.37, 0.8664, -0.0009, -0.4935, -0.0769
11:52:08, 2.37, 71, 299.70, 355.81, 352.38, 0.8610, 0.0018, -0.5029, -0.0757
11:52:08, 2.37, 71, 298.27, 356.12, 352.27, 0.8548, 0.0056, -0.5135, -0.0751
11:52:08, 2.40, 72, 296.90, 356.36, 352.22, 0.8487, 0.0085, -0.5236, -0.0744
11:52:08, 2.40, 72, 295.31, 356.63, 352.15, 0.8414, 0.0118, -0.5352, -0.0735
11:52:08, 2.43, 73, 293.78, 356.95, 352.11, 0.8344, 0.0153, -0.5463, -0.0721
11:52:08, 2.43, 73, 292.22, 357.29, 351.93, 0.8269, 0.0196, -0.5575, -0.0716
11:52:08, 2.43, 73, 290.68, 357.73, 351.86, 0.8195, 0.0241, -0.5683, -0.0696
11:52:08, 2.47, 74, 289.22, 358.11, 351.74, 0.8123, 0.0282, -0.5785, -0.0682
11:52:08, 2.47, 74, 287.78, 358.46, 351.65, 0.8051, 0.0321, -0.5885, -0.0667
11:52:08, 2.50, 75, 286.42, 358.83, 351.54, 0.7981, 0.0360, -0.5979, -0.0652
11:52:08, 2.50, 75, 285.25, 359.17, 351.39, 0.7921, 0.0398, -0.6057, -0.0640
11:52:08, 2.50, 75, 284.18, 359.55, 351.30, 0.7865, 0.0436, -0.6129, -0.0622
11:52:08, 2.53, 76, 283.18, 359.94, 351.22, 0.7812, 0.0471, -0.6195, -0.0603
11:52:08, 2.53, 76, 282.25, 0.23, 351.25, 0.7764, 0.0494, -0.6256, -0.0581
11:52:08, 2.57, 77, 281.36, 0.46, 351.29, 0.7716, 0.0512, -0.6316, -0.0562
11:52:08, 2.57, 77, 280.59, 0.66, 351.25, 0.7674, 0.0532, -0.6366, -0.0550
11:52:08, 2.60, 78, 279.89, 0.96, 351.34, 0.7636, 0.0550, -0.6412, -0.0524
11:52:08, 2.60, 78, 279.38, 1.16, 351.40, 0.7608, 0.0562, -0.6445, -0.0507
11:52:08, 2.60, 78, 278.76, 1.39, 351.44, 0.7575, 0.0578, -0.6485, -0.0488
11:52:08, 2.63, 79, 278.20, 1.49, 351.52, 0.7543, 0.0582, -0.6522, -0.0474
11:52:08, 2.63, 79, 277.59, 1.56, 351.53, 0.7509, 0.0589, -0.6561, -0.0466
11:52:08, 2.67, 80, 277.06, 1.66, 351.56, 0.7479, 0.0596, -0.6596, -0.0456
11:52:08, 2.67, 80, 276.52, 1.79, 351.49, 0.7448, 0.0610, -0.6630, -0.0450
11:52:08, 2.67, 80, 275.97, 1.93, 351.42, 0.7416, 0.0626, -0.6664, -0.0443
11:52:08, 2.70, 81, 275.43, 2.11, 351.38, 0.7385, 0.0641, -0.6698, -0.0433
11:52:08, 2.70, 81, 274.89, 2.23, 351.35, 0.7354, 0.0652, -0.6731, -0.0424
11:52:08, 2.73, 82, 274.33, 2.30, 351.29, 0.7321, 0.0663, -0.6767, -0.0420
11:52:08, 2.73, 82, 273.83, 2.38, 351.22, 0.7291, 0.0674, -0.6798, -0.0417
11:52:08, 2.77, 83, 273.36, 2.48, 351.25, 0.7264, 0.0680, -0.6827, -0.0407
11:52:08, 2.77, 83, 272.92, 2.63, 351.25, 0.7238, 0.0691, -0.6854, -0.0395
11:52:08, 2.77, 83, 272.54, 2.74, 351.32, 0.7216, 0.0695, -0.6878, -0.0382
11:52:08, 2.80, 84, 272.11, 2.76, 351.33, 0.7190, 0.0698, -0.6905, -0.0378
11:52:08, 2.80, 84, 271.70, 2.79, 351.33, 0.7165, 0.0700, -0.6930, -0.0373
11:52:08, 2.83, 85, 271.30, 2.78, 351.34, 0.7141, 0.0701, -0.6955, -0.0371
11:52:08, 2.83, 85, 270.93, 2.70, 351.32, 0.7118, 0.0698, -0.6979, -0.0375
11:52:08, 2.87, 86, 270.59, 2.71, 351.27, 0.7097, 0.0703, -0.6999, -0.0375
11:52:08, 2.87, 86, 270.19, 2.73, 351.36, 0.7074, 0.0700, -0.7024, -0.0366
11:52:08, 2.87, 86, 269.81, 2.68, 351.34, 0.7050, 0.0699, -0.7048, -0.0368
11:52:08, 2.90, 87, 269.43, 2.66, 351.31, 0.7026, 0.0701, -0.7071, -0.0368
11:52:08, 2.90, 87, 268.95, 2.59, 351.32, 0.6996, 0.0698, -0.7101, -0.0369
11:52:08, 2.93, 88, 268.63, 2.57, 351.24, 0.6976, 0.0702, -0.7121, -0.0373
11:52:08, 2.93, 88, 268.21, 2.54, 351.17, 0.6949, 0.0706, -0.7146, -0.0377
11:52:09, 2.93, 88, 267.90, 2.51, 351.17, 0.6930, 0.0705, -0.7165, -0.0377
11:52:09, 2.97, 89, 267.56, 2.49, 351.20, 0.6909, 0.0704, -0.7185, -0.0374
11:52:09, 2.97, 89, 267.22, 2.50, 351.21, 0.6887, 0.0705, -0.7206, -0.0371
11:52:09, 3.00, 90, 266.90, 2.44, 351.27, 0.6867, 0.0698, -0.7226, -0.0369
11:52:09, 3.00, 90, 266.65, 2.38, 351.32, 0.6852, 0.0693, -0.7241, -0.0369
11:52:09, 3.03, 91, 266.36, 2.34, 351.37, 0.6833, 0.0688, -0.7260, -0.0367
11:52:09, 3.03, 91, 266.01, 2.26, 351.41, 0.6811, 0.0682, -0.7281, -0.0367
11:52:09, 3.03, 91, 265.73, 2.11, 351.50, 0.6793, 0.0668, -0.7299, -0.0370
11:52:09, 3.07, 92, 265.39, 1.97, 351.63, 0.6771, 0.0653, -0.7321, -0.0369
11:52:09, 3.07, 92, 265.13, 1.86, 351.74, 0.6755, 0.0640, -0.7337, -0.0368
11:52:09, 3.10, 93, 264.80, 1.70, 351.84, 0.6733, 0.0625, -0.7358, -0.0370
11:52:09, 3.10, 93, 264.47, 1.59, 351.87, 0.6712, 0.0618, -0.7378, -0.0374
11:52:09, 3.10, 93, 264.11, 1.41, 351.94, 0.6688, 0.0604, -0.7400, -0.0380
11:52:09, 3.13, 94, 263.76, 1.27, 351.94, 0.6665, 0.0597, -0.7421, -0.0387
11:52:09, 3.13, 94, 263.43, 1.12, 351.90, 0.6643, 0.0592, -0.7441, -0.0397
11:52:09, 3.17, 95, 263.01, 0.96, 351.92, 0.6615, 0.0583, -0.7466, -0.0404
11:52:09, 3.17, 95, 262.69, 0.81, 351.93, 0.6593, 0.0575, -0.7485, -0.0411
11:52:09, 3.20, 96, 262.32, 0.64, 351.90, 0.6568, 0.0569, -0.7507, -0.0423
11:52:09, 3.20, 96, 261.94, 0.50, 351.94, 0.6543, 0.0559, -0.7530, -0.0428
11:52:09, 3.20, 96, 261.57, 0.43, 351.94, 0.6518, 0.0557, -0.7551, -0.0431
11:52:09, 3.23, 97, 261.27, 0.30, 352.00, 0.6498, 0.0546, -0.7569, -0.0435
11:52:09, 3.23, 97, 260.96, 0.19, 352.03, 0.6477, 0.0539, -0.7587, -0.0439
11:52:09, 3.27, 98, 260.63, 0.10, 352.03, 0.6455, 0.0536, -0.7606, -0.0443
11:52:09, 3.27, 98, 260.35, 359.96, 352.08, 0.6436, 0.0525, -0.7623, -0.0448
11:52:09, 3.27, 98, 260.02, 359.86, 352.11, 0.6413, 0.0519, -0.7642, -0.0452
11:52:09, 3.30, 99, 259.69, 359.76, 352.13, 0.6391, 0.0513, -0.7661, -0.0456
11:52:09, 3.30, 99, 259.40, 359.69, 352.19, 0.6371, 0.0506, -0.7678, -0.0456
11:52:09, 3.33, 100, 259.12, 359.61, 352.21, 0.6353, 0.0502, -0.7693, -0.0459
11:52:09, 3.33, 100, 258.79, 359.53, 352.24, 0.6330, 0.0497, -0.7712, -0.0461
11:52:09, 3.33, 100, 258.49, 359.45, 352.28, 0.6310, 0.0491, -0.7729, -0.0463
11:52:09, 3.37, 101, 258.22, 359.43, 352.28, 0.6291, 0.0491, -0.7744, -0.0463
11:52:09, 3.37, 101, 257.94, 359.38, 352.28, 0.6272, 0.0490, -0.7759, -0.0465
11:52:09, 3.40, 102, 257.68, 359.34, 352.27, 0.6254, 0.0489, -0.7774, -0.0467
11:52:09, 3.40, 102, 257.37, 359.30, 352.30, 0.6233, 0.0486, -0.7791, -0.0467
11:52:09, 3.43, 103, 257.04, 359.28, 352.34, 0.6210, 0.0484, -0.7809, -0.0465
11:52:09, 3.43, 103, 256.71, 359.20, 352.30, 0.6188, 0.0483, -0.7827, -0.0471
11:52:09, 3.43, 103, 256.34, 359.10, 352.31, 0.6162, 0.0479, -0.7847, -0.0476
11:52:09, 3.47, 104, 255.97, 359.04, 352.36, 0.6136, 0.0474, -0.7867, -0.0476
11:52:09, 3.47, 104, 255.65, 358.94, 352.39, 0.6114, 0.0468, -0.7885, -0.0480
11:52:09, 3.50, 105, 255.33, 358.83, 352.45, 0.6091, 0.0459, -0.7903, -0.0483
11:52:09, 3.50, 105, 255.00, 358.71, 352.42, 0.6068, 0.0456, -0.7920, -0.0491
11:52:09, 3.53, 106, 254.72, 358.55, 352.50, 0.6048, 0.0443, -0.7936, -0.0497
11:52:09, 3.53, 106, 254.40, 358.45, 352.55, 0.6026, 0.0436, -0.7953, -0.0501
11:52:09, 3.53, 106, 254.10, 358.37, 352.52, 0.6004, 0.0434, -0.7969, -0.0506
11:52:09, 3.57, 107, 253.84, 358.30, 352.55, 0.5986, 0.0430, -0.7983, -0.0509
11:52:09, 3.57, 107, 253.58, 358.22, 352.59, 0.5968, 0.0424, -0.7996, -0.0511
11:52:09, 3.60, 108, 253.35, 358.12, 352.65, 0.5951, 0.0416, -0.8009, -0.0514
11:52:09, 3.60, 108, 253.14, 357.96, 352.66, 0.5936, 0.0408, -0.8020, -0.0524
11:52:09, 3.60, 108, 252.95, 357.79, 352.71, 0.5922, 0.0397, -0.8031, -0.0533
11:52:09, 3.63, 109, 252.77, 357.60, 352.78, 0.5909, 0.0383, -0.8040, -0.0542
11:52:09, 3.63, 109, 252.60, 357.43, 352.83, 0.5896, 0.0371, -0.8050, -0.0551
11:52:09, 3.67, 110, 252.49, 357.15, 352.84, 0.5886, 0.0357, -0.8056, -0.0569
11:52:09, 3.67, 110, 252.46, 356.76, 352.95, 0.5882, 0.0329, -0.8059, -0.0591
11:52:09, 3.70, 111, 252.49, 356.20, 353.07, 0.5882, 0.0291, -0.8057, -0.0624
11:52:09, 3.70, 111, 252.56, 355.56, 353.17, 0.5884, 0.0251, -0.8055, -0.0664
11:52:09, 3.70, 111, 252.64, 354.89, 353.26, 0.5886, 0.0210, -0.8051, -0.0707
11:52:09, 3.73, 112, 252.71, 354.22, 353.37, 0.5887, 0.0167, -0.8047, -0.0747
11:52:09, 3.73, 112, 252.83, 353.51, 353.47, 0.5891, 0.0122, -0.8040, -0.0792
11:52:09, 3.77, 113, 252.99, 352.75, 353.59, 0.5898, 0.0073, -0.8031, -0.0840
11:52:09, 3.77, 113, 253.07, 352.41, 353.78, 0.5903, 0.0041, -0.8027, -0.0853
11:52:09, 3.77, 113, 253.16, 351.91, 353.96, 0.5906, 0.0002, -0.8021, -0.0879
11:52:09, 3.80, 114, 253.19, 351.41, 354.13, 0.5906, -0.0036, -0.8019, -0.0905
11:52:09, 3.80, 114, 253.16, 351.02, 354.19, 0.5901, -0.0061, -0.8019, -0.0929
11:52:09, 3.83, 115, 253.16, 350.78, 354.21, 0.5900, -0.0074, -0.8018, -0.0945
11:52:09, 3.83, 115, 253.14, 350.48, 354.31, 0.5897, -0.0096, -0.8018, -0.0961
11:52:09, 3.87, 116, 253.11, 350.20, 354.37, 0.5893, -0.0115, -0.8019, -0.0977
11:52:09, 3.87, 116, 253.10, 349.97, 354.47, 0.5892, -0.0134, -0.8018, -0.0988
11:52:09, 3.87, 116, 253.05, 349.72, 354.56, 0.5887, -0.0152, -0.8020, -0.1000
11:52:09, 3.90, 117, 252.99, 349.55, 354.68, 0.5883, -0.0169, -0.8022, -0.1006
11:52:09, 3.90, 117, 252.92, 349.38, 354.71, 0.5876, -0.0180, -0.8025, -0.1017
11:52:09, 3.93, 118, 252.89, 349.21, 354.73, 0.5873, -0.0190, -0.8026, -0.1027
11:52:09, 3.93, 118, 252.87, 349.12, 354.79, 0.5871, -0.0198, -0.8027, -0.1030
11:52:10, 3.93, 118, 252.86, 349.06, 354.87, 0.5871, -0.0207, -0.8027, -0.1030
11:52:10, 3.97, 119, 252.85, 349.11, 354.94, 0.5871, -0.0209, -0.8027, -0.1023
11:52:10, 3.97, 119, 252.85, 349.12, 355.00, 0.5872, -0.0213, -0.8027, -0.1020
11:52:10, 4.00, 120, 252.84, 349.12, 355.02, 0.5871, -0.0214, -0.8028, -0.1019
11:52:10, 4.00, 120, 252.91, 349.11, 355.00, 0.5876, -0.0214, -0.8024, -0.1020
11:52:10, 4.03, 121, 252.98, 349.10, 355.02, 0.5881, -0.0217, -0.8020, -0.1020
11:52:10, 4.03, 121, 253.05, 349.12, 355.00, 0.5886, -0.0215, -0.8017, -0.1020
11:52:10, 4.03, 121, 253.12, 349.09, 355.01, 0.5891, -0.0218, -0.8013, -0.1021
11:52:10, 4.07, 122, 253.16, 348.95, 355.11, 0.5894, -0.0232, -0.8010, -0.1025
11:52:10, 4.07, 122, 253.19, 348.80, 355.16, 0.5895, -0.0244, -0.8008, -0.1033
11:52:10, 4.10, 123, 253.23, 348.68, 355.20, 0.5897, -0.0253, -0.8005, -0.1039
11:52:10, 4.10, 123, 253.22, 348.64, 355.29, 0.5897, -0.0262, -0.8005, -0.1038
11:52:10, 4.10, 123, 253.18, 348.62, 355.38, 0.5894, -0.0269, -0.8007, -0.1035
11:52:10, 4.13, 124, 253.15, 348.54, 355.43, 0.5892, -0.0276, -0.8008, -0.1037
11:52:10, 4.13, 124, 253.14, 348.44, 355.47, 0.5891, -0.0284, -0.8008, -0.1043
11:52:10, 4.17, 125, 253.12, 348.38, 355.49, 0.5889, -0.0288, -0.8009, -0.1046
11:52:10, 4.17, 125, 253.08, 348.35, 355.49, 0.5887, -0.0290, -0.8010, -0.1048
11:52:10, 4.20, 126, 253.04, 348.26, 355.51, 0.5883, -0.0295, -0.8012, -0.1053
11:52:10, 4.20, 126, 252.99, 348.23, 355.50, 0.5879, -0.0295, -0.8015, -0.1056
11:52:10, 4.20, 126, 252.98, 348.19, 355.52, 0.5878, -0.0299, -0.8015, -0.1058
11:52:10, 4.23, 127, 252.97, 348.16, 355.52, 0.5878, -0.0301, -0.8015, -0.1059
11:52:10, 4.23, 127, 252.97, 348.13, 355.55, 0.5878, -0.0304, -0.8015, -0.1061
11:52:10, 4.27, 128, 253.00, 348.07, 355.56, 0.5879, -0.0308, -0.8013, -0.1064
11:52:10, 4.27, 128, 253.01, 347.97, 355.56, 0.5879, -0.0313, -0.8012, -0.1071
11:52:10, 4.27, 128, 253.06, 347.93, 355.58, 0.5883, -0.0317, -0.8009, -0.1072
11:52:10, 4.30, 129, 253.12, 347.90, 355.62, 0.5887, -0.0322, -0.8006, -0.1073
11:52:10, 4.30, 129, 253.19, 347.86, 355.67, 0.5892, -0.0328, -0.8002, -0.1073
11:52:10, 4.33, 130, 253.23, 347.82, 355.76, 0.5895, -0.0337, -0.7999, -0.1070
11:52:10, 4.33, 130, 253.27, 347.75, 355.80, 0.5898, -0.0344, -0.7997, -0.1073
11:52:10, 4.37, 131, 253.34, 347.68, 355.84, 0.5902, -0.0351, -0.7993, -0.1076
11:52:10, 4.37, 131, 253.38, 347.56, 355.84, 0.5905, -0.0358, -0.7990, -0.1083
11:52:10, 4.37, 131, 253.44, 347.46, 355.89, 0.5908, -0.0367, -0.7986, -0.1088
11:52:10, 4.40, 132, 253.46, 347.35, 355.94, 0.5909, -0.0376, -0.7984, -0.1093
11:52:10, 4.40, 132, 253.47, 347.33, 355.92, 0.5909, -0.0376, -0.7984, -0.1095
11:52:10, 4.43, 133, 253.45, 347.30, 355.95, 0.5908, -0.0379, -0.7984, -0.1096
11:52:10, 4.43, 133, 253.42, 347.21, 355.98, 0.5905, -0.0386, -0.7985, -0.1101
11:52:10, 4.43, 133, 253.36, 347.11, 356.03, 0.5901, -0.0394, -0.7988, -0.1105
11:52:10, 4.47, 134, 253.29, 347.02, 356.05, 0.5895, -0.0399, -0.7991, -0.1111
11:52:10, 4.47, 134, 253.21, 346.91, 356.03, 0.5889, -0.0403, -0.7994, -0.1119
11:52:10, 4.50, 135, 253.14, 346.84, 356.04, 0.5883, -0.0406, -0.7997, -0.1124
11:52:10, 4.50, 135, 253.04, 346.78, 356.05, 0.5876, -0.0410, -0.8002, -0.1128
11:52:10, 4.53, 136, 252.91, 346.73, 356.10, 0.5867, -0.0414, -0.8008, -0.1129
11:52:10, 4.53, 136, 252.78, 346.69, 356.10, 0.5858, -0.0415, -0.8014, -0.1132
11:52:10, 4.53, 136, 252.68, 346.67, 356.12, 0.5851, -0.0416, -0.8019, -0.1134
11:52:10, 4.57, 137, 252.62, 346.63, 356.07, 0.5846, -0.0415, -0.8022, -0.1139
11:52:10, 4.57, 137, 252.60, 346.60, 356.07, 0.5844, -0.0416, -0.8023, -0.1141
11:52:10, 4.60, 138, 252.56, 346.60, 356.05, 0.5841, -0.0414, -0.8025, -0.1142
11:52:10, 4.60, 138, 252.51, 346.58, 356.05, 0.5838, -0.0414, -0.8028, -0.1144
11:52:10, 4.60, 138, 252.45, 346.60, 356.05, 0.5834, -0.0413, -0.8031, -0.1143
11:52:10, 4.63, 139, 252.36, 346.63, 356.04, 0.5827, -0.0410, -0.8036, -0.1142
11:52:10, 4.63, 139, 252.28, 346.62, 356.05, 0.5822, -0.0410, -0.8040, -0.1142
11:52:10, 4.67, 140, 252.17, 346.57, 356.06, 0.5814, -0.0412, -0.8045, -0.1146
11:52:10, 4.67, 140, 252.09, 346.55, 356.03, 0.5808, -0.0411, -0.8049, -0.1148
11:52:10, 4.70, 141, 252.03, 346.57, 356.03, 0.5803, -0.0409, -0.8052, -0.1148
11:52:10, 4.70, 141, 251.95, 346.57, 356.02, 0.5798, -0.0407, -0.8056, -0.1149
11:52:10, 4.70, 141, 251.89, 346.54, 356.04, 0.5793, -0.0409, -0.8059, -0.1150
11:52:10, 4.73, 142, 251.81, 346.56, 356.05, 0.5788, -0.0408, -0.8063, -0.1148
11:52:10, 4.73, 142, 251.73, 346.57, 356.06, 0.5783, -0.0408, -0.8067, -0.1147
11:52:10, 4.77, 143, 251.65, 346.55, 356.07, 0.5777, -0.0408, -0.8071, -0.1148
11:52:10, 4.77, 143, 251.59, 346.53, 356.05, 0.5772, -0.0408, -0.8074, -0.1151
11:52:10, 4.77, 143, 251.55, 346.50, 356.05, 0.5769, -0.0409, -0.8076, -0.1153
11:52:10, 4.80, 144, 251.50, 346.48, 356.01, 0.5765, -0.0407, -0.8079, -0.1156
11:52:10, 4.80, 144, 251.46, 346.51, 355.99, 0.5762, -0.0403, -0.8081, -0.1156
11:52:10, 4.83, 145, 251.42, 346.51, 355.98, 0.5759, -0.0402, -0.8083, -0.1156
11:52:10, 4.83, 145, 251.39, 346.49, 355.97, 0.5757, -0.0402, -0.8084, -0.1159
11:52:10, 4.87, 146, 251.37, 346.46, 355.98, 0.5755, -0.0404, -0.8085, -0.1160
11:52:10, 4.87, 146, 251.29, 346.44, 355.99, 0.5750, -0.0405, -0.8089, -0.1161
11:52:10, 4.87, 146, 251.24, 346.43, 355.99, 0.5746, -0.0405, -0.8091, -0.1162
11:52:10, 4.90, 147, 251.20, 346.40, 355.99, 0.5743, -0.0406, -0.8093, -0.1164
11:52:10, 4.90, 147, 251.18, 346.36, 356.00, 0.5741, -0.0409, -0.8094, -0.1167
11:52:10, 4.93, 148, 251.16, 346.30, 356.02, 0.5740, -0.0413, -0.8094, -0.1170
11:52:10, 4.93, 148, 251.15, 346.24, 356.04, 0.5738, -0.0418, -0.8094, -0.1173
11:52:11, 4.93, 148, 251.12, 346.20, 356.05, 0.5736, -0.0420, -0.8096, -0.1176
11:52:11, 4.97, 149, 251.08, 346.16, 356.09, 0.5733, -0.0424, -0.8097, -0.1177
11:52:11, 4.97, 149, 251.08, 346.12, 356.10, 0.5734, -0.0427, -0.8097, -0.1179
11:52:11, 5.00, 150, 251.05, 346.08, 356.09, 0.5731, -0.0428, -0.8098, -0.1182
11:52:11, 5.00, 150, 251.07, 346.03, 356.08, 0.5732, -0.0430, -0.8096, -0.1186
11:52:11, 5.03, 151, 251.09, 345.99, 356.05, 0.5732, -0.0430, -0.8095, -0.1191
11:52:11, 5.03, 151, 251.11, 345.93, 356.06, 0.5733, -0.0434, -0.8094, -0.1194
11:52:11, 5.03, 151, 251.13, 345.92, 356.04, 0.5735, -0.0433, -0.8093, -0.1196
11:52:11, 5.07, 152, 251.17, 345.91, 356.04, 0.5737, -0.0435, -0.8091, -0.1196
11:52:11, 5.07, 152, 251.20, 345.90, 356.01, 0.5739, -0.0433, -0.8089, -0.1198
11:52:11, 5.10, 153, 251.24, 345.88, 356.00, 0.5741, -0.0434, -0.8088, -0.1201
11:52:11, 5.10, 153, 251.27, 345.85, 355.98, 0.5743, -0.0434, -0.8086, -0.1203
11:52:11, 5.10, 153, 251.28, 345.85, 355.98, 0.5744, -0.0434, -0.8086, -0.1203
11:52:11, 5.13, 154, 251.29, 345.80, 355.95, 0.5744, -0.0434, -0.8085, -0.1208
11:52:11, 5.13, 154, 251.30, 345.78, 355.94, 0.5744, -0.0436, -0.8084, -0.1210
11:52:11, 5.17, 155, 251.30, 345.77, 355.95, 0.5744, -0.0437, -0.8084, -0.1210
11:52:11, 5.17, 155, 251.28, 345.71, 355.96, 0.5742, -0.0440, -0.8084, -0.1214
11:52:11, 5.20, 156, 251.27, 345.66, 355.97, 0.5741, -0.0443, -0.8084, -0.1217
11:52:11, 5.20, 156, 251.27, 345.56, 355.98, 0.5741, -0.0449, -0.8084, -0.1224
11:52:11, 5.20, 156, 251.30, 345.51, 355.99, 0.5742, -0.0452, -0.8082, -0.1227
11:52:11, 5.23, 157, 251.31, 345.44, 356.01, 0.5743, -0.0458, -0.8081, -0.1231
11:52:11, 5.23, 157, 251.36, 345.39, 356.00, 0.5746, -0.0460, -0.8078, -0.1234
11:52:11, 5.27, 158, 251.41, 345.25, 356.03, 0.5748, -0.0470, -0.8074, -0.1242
11:52:11, 5.27, 158, 251.46, 345.12, 356.05, 0.5751, -0.0478, -0.8071, -0.1251
11:52:11, 5.27, 158, 251.55, 344.93, 356.06, 0.5755, -0.0490, -0.8065, -0.1262
11:52:11, 5.30, 159, 251.68, 344.76, 356.03, 0.5763, -0.0498, -0.8057, -0.1276
11:52:11, 5.30, 159, 251.81, 344.49, 356.01, 0.5769, -0.0511, -0.8049, -0.1294
11:52:11, 5.33, 160, 251.91, 344.19, 356.02, 0.5773, -0.0529, -0.8041, -0.1315
11:52:11, 5.33, 160, 251.99, 343.92, 356.00, 0.5777, -0.0542, -0.8035, -0.1334
11:52:11, 5.37, 161, 252.05, 343.71, 356.03, 0.5779, -0.0556, -0.8030, -0.1347
11:52:11, 5.37, 161, 252.16, 343.53, 356.04, 0.5785, -0.0566, -0.8023, -0.1358
11:52:11, 5.37, 161, 252.28, 343.35, 355.99, 0.5791, -0.0573, -0.8016, -0.1373
11:52:11, 5.40, 162, 252.44, 343.15, 355.97, 0.5800, -0.0585, -0.8006, -0.1387
11:52:11, 5.40, 162, 252.56, 342.98, 355.97, 0.5806, -0.0595, -0.7999, -0.1398
11:52:11, 5.43, 163, 252.66, 342.82, 355.91, 0.5811, -0.0600, -0.7993, -0.1411
11:52:11, 5.43, 163, 252.73, 342.71, 355.91, 0.5815, -0.0607, -0.7988, -0.1419
11:52:11, 5.43, 163, 252.80, 342.62, 355.90, 0.5819, -0.0612, -0.7984, -0.1425
11:52:11, 5.47, 164, 252.88, 342.51, 355.89, 0.5823, -0.0617, -0.7978, -0.1433
11:52:11, 5.47, 164, 252.93, 342.37, 355.90, 0.5825, -0.0626, -0.7975, -0.1442
11:52:11, 5.50, 165, 252.95, 342.28, 355.93, 0.5826, -0.0633, -0.7973, -0.1446
11:52:11, 5.50, 165, 252.98, 342.18, 355.93, 0.5828, -0.0639, -0.7970, -0.1452
11:52:11, 5.53, 166, 252.97, 342.10, 355.96, 0.5826, -0.0644, -0.7970, -0.1457
11:52:11, 5.53, 166, 252.95, 342.03, 355.98, 0.5824, -0.0649, -0.7970, -0.1462
11:52:11, 5.53, 166, 252.96, 341.93, 355.97, 0.5824, -0.0654, -0.7969, -0.1468
11:52:11, 5.57, 167, 252.96, 341.86, 356.00, 0.5823, -0.0659, -0.7968, -0.1472
11:52:11, 5.57, 167, 252.93, 341.87, 356.03, 0.5822, -0.0661, -0.7969, -0.1470
11:52:11, 5.60, 168, 252.90, 341.84, 356.05, 0.5819, -0.0663, -0.7971, -0.1471
11:52:11, 5.60, 168, 252.89, 341.80, 356.06, 0.5819, -0.0666, -0.7971, -0.1473
11:52:11, 5.60, 168, 252.92, 341.76, 356.07, 0.5820, -0.0669, -0.7969, -0.1475
11:52:11, 5.63, 169, 252.92, 341.69, 356.07, 0.5820, -0.0673, -0.7968, -0.1480
11:52:11, 5.63, 169, 252.93, 341.68, 356.08, 0.5820, -0.0674, -0.7968, -0.1480
11:52:11, 5.67, 170, 252.95, 341.69, 356.04, 0.5821, -0.0671, -0.7967, -0.1481
11:52:11, 5.67, 170, 252.93, 341.71, 356.06, 0.5820, -0.0671, -0.7968, -0.1479
11:52:11, 5.70, 171, 252.91, 341.68, 356.04, 0.5818, -0.0671, -0.7969, -0.1482
11:52:11, 5.70, 171, 252.88, 341.68, 356.05, 0.5816, -0.0671, -0.7970, -0.1482
11:52:11, 5.70, 171, 252.82, 341.73, 356.04, 0.5813, -0.0667, -0.7973, -0.1479
11:52:11, 5.73, 172, 252.72, 341.79, 356.06, 0.5807, -0.0664, -0.7979, -0.1475
11:52:11, 5.73, 172, 252.59, 341.90, 356.10, 0.5799, -0.0660, -0.7986, -0.1466
11:52:11, 5.77, 173, 252.43, 342.05, 356.15, 0.5790, -0.0654, -0.7996, -0.1454
11:52:11, 5.77, 173, 252.24, 342.21, 356.23, 0.5780, -0.0648, -0.8006, -0.1440
11:52:11, 5.77, 173, 252.00, 342.41, 356.38, 0.5767, -0.0646, -0.8019, -0.1420
11:52:11, 5.80, 174, 251.74, 342.75, 356.54, 0.5754, -0.0637, -0.8035, -0.1390
11:52:11, 5.80, 174, 251.40, 343.26, 356.79, 0.5738, -0.0624, -0.8055, -0.1343
11:52:11, 5.83, 175, 251.07, 343.91, 357.02, 0.5724, -0.0603, -0.8076, -0.1288
11:52:11, 5.83, 175, 250.62, 344.86, 357.25, 0.5703, -0.0567, -0.8105, -0.1212
11:52:11, 5.87, 176, 250.18, 345.90, 357.43, 0.5682, -0.0523, -0.8134, -0.1132
11:52:11, 5.87, 176, 249.78, 347.01, 357.53, 0.5662, -0.0471, -0.8162, -0.1050
11:52:11, 5.87, 176, 249.34, 347.89, 357.49, 0.5636, -0.0421, -0.8190, -0.0991
11:52:11, 5.90, 177, 248.89, 348.83, 357.40, 0.5610, -0.0364, -0.8218, -0.0930
11:52:11, 5.90, 177, 248.59, 349.47, 357.27, 0.5591, -0.0321, -0.8237, -0.0891
11:52:11, 5.93, 178, 248.29, 350.13, 357.13, 0.5573, -0.0276, -0.8255, -0.0852
11:52:11, 5.93, 178, 248.08, 350.85, 357.01, 0.5561, -0.0231, -0.8269, -0.0806
11:52:12, 5.93, 178, 247.97, 351.62, 356.91, 0.5556, -0.0185, -0.8278, -0.0756
11:52:12, 5.97, 179, 247.86, 352.26, 356.91, 0.5552, -0.0153, -0.8285, -0.0710
11:52:12, 5.97, 179, 247.83, 352.77, 357.00, 0.5553, -0.0135, -0.8289, -0.0669
11:52:12, 6.00, 180, 247.74, 353.25, 357.04, 0.5549, -0.0114, -0.8294, -0.0632
11:52:12, 6.00, 180, 247.69, 353.75, 357.04, 0.5548, -0.0089, -0.8298, -0.0596
11:52:12, 6.03, 181, 247.64, 354.24, 357.01, 0.5546, -0.0063, -0.8302, -0.0562
11:52:12, 6.03, 181, 247.53, 354.81, 357.01, 0.5541, -0.0035, -0.8308, -0.0521
11:52:12, 6.03, 181, 247.43, 355.30, 356.95, 0.5535, -0.0007, -0.8314, -0.0488
11:52:12, 6.07, 182, 247.23, 355.70, 356.80, 0.5522, 0.0025, -0.8324, -0.0467
11:52:12, 6.07, 182, 246.99, 356.09, 356.70, 0.5505, 0.0052, -0.8337, -0.0443
11:52:12, 6.10, 183, 246.69, 356.48, 356.59, 0.5484, 0.0079, -0.8351, -0.0420
11:52:12, 6.10, 183, 246.40, 356.85, 356.44, 0.5464, 0.0109, -0.8365, -0.0400
11:52:12, 6.10, 183, 246.05, 357.20, 356.25, 0.5439, 0.0141, -0.8382, -0.0383
11:52:12, 6.13, 184, 245.72, 357.56, 356.10, 0.5415, 0.0170, -0.8397, -0.0363
11:52:12, 6.13, 184, 245.40, 357.94, 355.96, 0.5393, 0.0199, -0.8412, -0.0342
11:52:12, 6.17, 185, 245.07, 358.23, 355.82, 0.5369, 0.0225, -0.8427, -0.0326
11:52:12, 6.17, 185, 244.78, 358.43, 355.73, 0.5349, 0.0241, -0.8440, -0.0315
11:52:12, 6.20, 186, 244.57, 358.61, 355.70, 0.5333, 0.0253, -0.8450, -0.0303
11:52:12, 6.20, 186, 244.30, 358.83, 355.63, 0.5314, 0.0269, -0.8462, -0.0290
11:52:12, 6.20, 186, 244.07, 359.05, 355.57, 0.5298, 0.0284, -0.8472, -0.0276
11:52:12, 6.23, 187, 243.81, 359.29, 355.44, 0.5278, 0.0305, -0.8484, -0.0263
11:52:12, 6.23, 187, 243.50, 359.39, 355.34, 0.5256, 0.0318, -0.8498, -0.0259
11:52:12, 6.27, 188, 243.16, 359.56, 355.19, 0.5231, 0.0337, -0.8513, -0.0252
11:52:12, 6.27, 188, 242.80, 359.82, 355.06, 0.5204, 0.0359, -0.8528, -0.0238
11:52:12, 6.27, 188, 242.32, 359.96, 354.87, 0.5169, 0.0381, -0.8549, -0.0234
11:52:12, 6.30, 189, 241.79, 0.16, 354.70, 0.5130, 0.0404, -0.8571, -0.0225
11:52:12, 6.30, 189, 241.13, 0.35, 354.42, 0.5080, 0.0435, -0.8600, -0.0222
11:52:12, 6.33, 190, 240.44, 0.59, 354.18, 0.5029, 0.0464, -0.8628, -0.0211
11:52:12, 6.33, 190, 239.62, 0.82, 353.91, 0.4968, 0.0496, -0.8662, -0.0202
11:52:12, 6.37, 191, 238.74, 1.08, 353.69, 0.4901, 0.0525, -0.8699, -0.0188
11:52:12, 6.37, 191, 237.72, 1.32, 353.48, 0.4824, 0.0553, -0.8740, -0.0174
11:52:12, 6.37, 191, 236.67, 1.50, 353.25, 0.4744, 0.0580, -0.8782, -0.0165
11:52:12, 6.40, 192, 235.61, 1.72, 352.90, 0.4663, 0.0618, -0.8823, -0.0156
11:52:12, 6.40, 192, 234.62, 1.98, 352.66, 0.4588, 0.0648, -0.8861, -0.0140
11:52:12, 6.43, 193, 233.68, 2.25, 352.32, 0.4515, 0.0686, -0.8895, -0.0127
11:52:12, 6.43, 193, 232.73, 2.55, 352.03, 0.4443, 0.0721, -0.8929, -0.0109
11:52:12, 6.43, 193, 231.83, 2.84, 351.72, 0.4374, 0.0758, -0.8960, -0.0093
11:52:12, 6.47, 194, 231.02, 3.18, 351.44, 0.4312, 0.0793, -0.8987, -0.0072
11:52:12, 6.47, 194, 230.30, 3.48, 351.15, 0.4257, 0.0827, -0.9011, -0.0054
11:52:12, 6.50, 195, 229.60, 3.84, 350.88, 0.4203, 0.0861, -0.9033, -0.0030
11:52:12, 6.50, 195, 228.94, 4.29, 350.58, 0.4153, 0.0901, -0.9052, 0.0000
11:52:12, 6.53, 196, 228.22, 4.62, 350.33, 0.4098, 0.0932, -0.9074, 0.0022
11:52:12, 6.53, 196, 227.44, 4.92, 349.96, 0.4038, 0.0972, -0.9096, 0.0039
11:52:12, 6.53, 196, 226.77, 5.14, 349.50, 0.3986, 0.1016, -0.9115, 0.0047
11:52:12, 6.57, 197, 226.18, 5.47, 348.92, 0.3941, 0.1073, -0.9128, 0.0058
11:52:12, 6.57, 197, 225.67, 5.71, 348.43, 0.3902, 0.1120, -0.9139, 0.0066
11:52:12, 6.60, 198, 225.29, 5.93, 348.16, 0.3874, 0.1149, -0.9147, 0.0079
11:52:12, 6.60, 198, 224.80, 6.17, 348.02, 0.3837, 0.1168, -0.9160, 0.0098
11:52:12, 6.60, 198, 224.47, 6.39, 347.79, 0.3812, 0.1192, -0.9167, 0.0111
11:52:12, 6.63, 199, 224.24, 6.58, 347.55, 0.3795, 0.1218, -0.9171, 0.0121
11:52:12, 6.63, 199, 223.97, 6.80, 347.46, 0.3775, 0.1232, -0.9177, 0.0138
11:52:12, 6.67, 200, 223.74, 6.95, 347.35, 0.3757, 0.1245, -0.9182, 0.0149
11:52:12, 6.67, 200, 223.51, 7.12, 347.21, 0.3740, 0.1261, -0.9187, 0.0161
11:52:12, 6.70, 201, 223.34, 7.26, 347.09, 0.3728, 0.1275, -0.9190, 0.0170
11:52:12, 6.70, 201, 223.14, 7.39, 346.96, 0.3713, 0.1290, -0.9193, 0.0179
11:52:12, 6.70, 201, 222.90, 7.51, 346.79, 0.3695, 0.1306, -0.9198, 0.0185
11:52:12, 6.73, 202, 222.64, 7.62, 346.64, 0.3675, 0.1321, -0.9204, 0.0193
11:52:12, 6.73, 202, 222.38, 7.69, 346.45, 0.3655, 0.1339, -0.9209, 0.0196
11:52:12, 6.77, 203, 222.15, 7.75, 346.26, 0.3638, 0.1355, -0.9214, 0.0197
11:52:12, 6.77, 203, 221.90, 7.81, 346.15, 0.3618, 0.1365, -0.9220, 0.0201
11:52:12, 6.77, 203, 221.63, 7.92, 346.01, 0.3598, 0.1380, -0.9226, 0.0209
11:52:12, 6.80, 204, 221.42, 8.09, 345.88, 0.3582, 0.1394, -0.9229, 0.0222
11:52:12, 6.80, 204, 221.23, 8.15, 345.79, 0.3567, 0.1403, -0.9234, 0.0225
11:52:12, 6.83, 205, 221.06, 8.21, 345.76, 0.3554, 0.1407, -0.9238, 0.0232
11:52:12, 6.83, 205, 220.87, 8.26, 345.69, 0.3539, 0.1413, -0.9242, 0.0236
11:52:12, 6.87, 206, 220.67, 8.34, 345.60, 0.3524, 0.1423, -0.9246, 0.0242
11:52:12, 6.87, 206, 220.47, 8.46, 345.50, 0.3509, 0.1434, -0.9250, 0.0252
11:52:12, 6.87, 206, 220.30, 8.53, 345.44, 0.3496, 0.1441, -0.9254, 0.0257
11:52:12, 6.90, 207, 220.12, 8.58, 345.41, 0.3482, 0.1444, -0.9259, 0.0262
11:52:12, 6.90, 207, 219.93, 8.55, 345.32, 0.3466, 0.1450, -0.9264, 0.0260
11:52:12, 6.93, 208, 219.79, 8.57, 345.14, 0.3456, 0.1465, -0.9265, 0.0258
11:52:12, 6.93, 208, 219.63, 8.62, 344.96, 0.3444, 0.1481, -0.9267, 0.0258
11:52:13, 6.93, 208, 219.46, 8.51, 344.85, 0.3429, 0.1486, -0.9272, 0.0249
11:52:13, 6.97, 209, 219.25, 8.44, 344.78, 0.3412, 0.1489, -0.9278, 0.0243
11:52:13, 6.97, 209, 219.01, 8.28, 344.66, 0.3391, 0.1494, -0.9285, 0.0230
11:52:13, 7.00, 210, 218.72, 8.16, 344.53, 0.3366, 0.1500, -0.9293, 0.0220
11:52:13, 7.00, 210, 218.37, 8.06, 344.32, 0.3338, 0.1514, -0.9302, 0.0211
11:52:13, 7.03, 211, 217.96, 7.92, 344.02, 0.3304, 0.1534, -0.9311, 0.0195
11:52:13, 7.03, 211, 217.52, 7.77, 343.77, 0.3267, 0.1549, -0.9321, 0.0182
11:52:13, 7.03, 211, 217.06, 7.59, 343.42, 0.3228, 0.1572, -0.9332, 0.0164
11:52:13, 7.07, 212, 216.65, 7.49, 343.17, 0.3194, 0.1590, -0.9340, 0.0154
11:52:13, 7.07, 212, 216.27, 7.28, 343.08, 0.3161, 0.1591, -0.9352, 0.0140
11:52:13, 7.10, 213, 215.90, 7.27, 342.99, 0.3131, 0.1597, -0.9361, 0.0142
11:52:13, 7.10, 213, 215.55, 7.06, 342.88, 0.3100, 0.1600, -0.9371, 0.0126
11:52:13, 7.10, 213, 215.23, 6.93, 342.82, 0.3073, 0.1602, -0.9380, 0.0118
11:52:13, 7.13, 214, 214.91, 6.71, 342.82, 0.3045, 0.1596, -0.9390, 0.0104
11:52:13, 7.13, 214, 214.58, 6.52, 342.89, 0.3015, 0.1585, -0.9401, 0.0095
11:52:13, 7.17, 215, 214.24, 6.27, 342.99, 0.2984, 0.1570, -0.9414, 0.0082
11:52:13, 7.17, 215, 213.83, 6.02, 343.15, 0.2948, 0.1551, -0.9429, 0.0071
11:52:13, 7.20, 216, 213.46, 5.73, 343.36, 0.2914, 0.1526, -0.9443, 0.0058
11:52:13, 7.20, 216, 213.13, 5.38, 343.55, 0.2883, 0.1502, -0.9457, 0.0038
11:52:13, 7.20, 216, 212.75, 5.05, 343.78, 0.2848, 0.1475, -0.9472, 0.0021
11:52:13, 7.23, 217, 212.44, 4.68, 343.96, 0.2819, 0.1452, -0.9484, -0.0001
11:52:13, 7.23, 217, 212.19, 4.50, 344.09, 0.2796, 0.1436, -0.9493, -0.0010
11:52:13, 7.27, 218, 211.97, 4.30, 344.31, 0.2775, 0.1414, -0.9502, -0.0018
11:52:13, 7.27, 218, 211.78, 4.24, 344.49, 0.2759, 0.1397, -0.9510, -0.0016
11:52:13, 7.27, 218, 211.63, 3.97, 344.66, 0.2744, 0.1377, -0.9517, -0.0033
11:52:13, 7.30, 219, 211.57, 3.88, 344.73, 0.2738, 0.1369, -0.9520, -0.0039
11:52:13, 7.30, 219, 211.47, 3.87, 344.92, 0.2730, 0.1353, -0.9525, -0.0033
11:52:13, 7.33, 220, 211.35, 3.87, 345.08, 0.2720, 0.1340, -0.9529, -0.0028
11:52:13, 7.33, 220, 211.18, 3.86, 345.20, 0.2705, 0.1329, -0.9535, -0.0024
11:52:13, 7.37, 221, 211.05, 3.69, 345.21, 0.2693, 0.1325, -0.9539, -0.0036
11:52:13, 7.37, 221, 211.01, 3.55, 345.23, 0.2688, 0.1320, -0.9541, -0.0047
11:52:13, 7.37, 221, 210.94, 3.42, 345.32, 0.2681, 0.1310, -0.9544, -0.0055
11:52:13, 7.40, 222, 210.88, 3.36, 345.35, 0.2675, 0.1306, -0.9546, -0.0059
11:52:13, 7.40, 222, 210.85, 3.31, 345.30, 0.2672, 0.1309, -0.9547, -0.0064
11:52:13, 7.43, 223, 210.84, 3.30, 345.38, 0.2672, 0.1302, -0.9548, -0.0063
11:52:13, 7.43, 223, 210.86, 3.33, 345.49, 0.2674, 0.1293, -0.9549, -0.0058
11:52:13, 7.43, 223, 210.89, 3.39, 345.52, 0.2677, 0.1292, -0.9548, -0.0053
11:52:13, 7.47, 224, 210.85, 3.45, 345.57, 0.2674, 0.1289, -0.9549, -0.0046
11:52:13, 7.47, 224, 210.79, 3.48, 345.61, 0.2669, 0.1287, -0.9551, -0.0042
11:52:13, 7.50, 225, 210.82, 3.48, 345.43, 0.2672, 0.1302, -0.9548, -0.0047
11:52:13, 7.50, 225, 210.87, 3.49, 345.43, 0.2676, 0.1302, -0.9547, -0.0046
11:52:13, 7.53, 226, 211.14, 3.52, 345.56, 0.2698, 0.1292, -0.9542, -0.0044
11:52:13, 7.53, 226, 211.39, 3.59, 345.74, 0.2720, 0.1279, -0.9537, -0.0036
11:52:13, 7.53, 226, 211.71, 3.63, 345.82, 0.2747, 0.1273, -0.9531, -0.0035
11:52:13, 7.57, 227, 211.96, 3.56, 345.87, 0.2768, 0.1267, -0.9525, -0.0042
11:52:13, 7.57, 227, 212.17, 3.54, 345.94, 0.2785, 0.1260, -0.9521, -0.0044
11:52:13, 7.60, 228, 212.37, 3.58, 345.99, 0.2802, 0.1257, -0.9517, -0.0042
11:52:13, 7.60, 228, 212.61, 3.70, 346.04, 0.2823, 0.1256, -0.9511, -0.0033
11:52:13, 7.60, 228, 212.90, 3.86, 346.12, 0.2848, 0.1253, -0.9504, -0.0021
11:52:13, 7.63, 229, 213.13, 3.92, 346.26, 0.2868, 0.1242, -0.9499, -0.0016
11:52:13, 7.63, 229, 213.32, 3.92, 346.30, 0.2884, 0.1239, -0.9495, -0.0016
11:52:13, 7.67, 230, 213.48, 3.88, 346.19, 0.2897, 0.1247, -0.9490, -0.0024
11:52:13, 7.67, 230, 213.65, 3.92, 345.99, 0.2911, 0.1265, -0.9483, -0.0028
11:52:13, 7.67, 230, 213.87, 3.99, 345.80, 0.2930, 0.1282, -0.9475, -0.0030
11:52:13, 7.70, 231, 214.24, 4.24, 345.51, 0.2962, 0.1312, -0.9460, -0.0020
11:52:13, 7.70, 231, 214.69, 4.59, 345.32, 0.3003, 0.1337, -0.9444, -0.0001
11:52:13, 7.73, 232, 215.23, 5.20, 345.19, 0.3053, 0.1363, -0.9424, 0.0039
11:52:13, 7.73, 232, 215.87, 6.04, 344.90, 0.3114, 0.1409, -0.9397, 0.0093
11:52:13, 7.77, 233, 216.63, 7.00, 344.33, 0.3186, 0.1481, -0.9361, 0.0146
11:52:13, 7.77, 233, 217.59, 8.12, 343.69, 0.3277, 0.1565, -0.9315, 0.0208
11:52:13, 7.77, 233, 218.73, 9.39, 343.21, 0.3382, 0.1641, -0.9262, 0.0281
11:52:13, 7.80, 234, 219.70, 10.72, 343.01, 0.3474, 0.1697, -0.9215, 0.0370
11:52:13, 7.80, 234, 220.56, 12.26, 342.80, 0.3557, 0.1761, -0.9166, 0.0475
11:52:13, 7.83, 235, 221.51, 13.84, 342.23, 0.3650, 0.1855, -0.9106, 0.0570
11:52:13, 7.83, 235, 222.38, 15.45, 341.73, 0.3736, 0.1947, -0.9045, 0.0669
11:52:13, 7.87, 236, 223.15, 17.12, 341.48, 0.3811, 0.2020, -0.8988, 0.0781
11:52:13, 7.87, 236, 223.75, 18.74, 341.18, 0.3874, 0.2095, -0.8934, 0.0889
11:52:13, 7.87, 236, 224.34, 20.32, 340.66, 0.3936, 0.2188, -0.8874, 0.0987
11:52:13, 7.90, 237, 224.67, 22.41, 339.89, 0.3984, 0.2311, -0.8805, 0.1119
11:52:13, 7.90, 237, 226.10, 23.46, 339.80, 0.4103, 0.2364, -0.8730, 0.1169
11:52:13, 7.93, 238, 227.05, 24.70, 339.93, 0.4181, 0.2402, -0.8671, 0.1252
11:52:13, 7.93, 238, 227.87, 25.87, 339.86, 0.4251, 0.2452, -0.8612, 0.1323
11:52:14, 7.93, 238, 228.92, 26.88, 339.45, 0.4340, 0.2526, -0.8540, 0.1364
11:52:14, 7.97, 239, 230.36, 28.16, 339.12, 0.4457, 0.2609, -0.8445, 0.1418
11:52:14, 7.97, 239, 232.34, 29.57, 339.08, 0.4609, 0.2682, -0.8329, 0.1478
11:52:14, 8.00, 240, 234.59, 30.91, 339.48, 0.4771, 0.2728, -0.8210, 0.1543
11:52:14, 8.00, 240, 236.87, 32.16, 340.22, 0.4925, 0.2751, -0.8098, 0.1614
11:52:14, 8.03, 241, 239.04, 33.38, 340.86, 0.5069, 0.2781, -0.7984, 0.1679
11:52:14, 8.03, 241, 241.16, 34.58, 341.20, 0.5210, 0.2834, -0.7863, 0.1731
11:52:14, 8.03, 241, 243.61, 36.14, 341.68, 0.5366, 0.2900, -0.7716, 0.1805
11:52:14, 8.07, 242, 246.26, 37.76, 342.60, 0.5522, 0.2947, -0.7565, 0.1896
11:52:14, 8.07, 242, 248.94, 39.32, 344.01, 0.5664, 0.2966, -0.7423, 0.2005
11:52:14, 8.10, 243, 251.53, 40.50, 345.12, 0.5801, 0.2992, -0.7286, 0.2075
11:52:14, 8.10, 243, 253.95, 41.49, 346.02, 0.5927, 0.3024, -0.7156, 0.2124
11:52:14, 8.10, 243, 256.49, 42.42, 346.98, 0.6056, 0.3055, -0.7020, 0.2169
11:52:14, 8.13, 244, 259.29, 43.32, 348.22, 0.6190, 0.3077, -0.6877, 0.2219
11:52:14, 8.13, 244, 261.94, 44.23, 349.35, 0.6312, 0.3107, -0.6736, 0.2267
11:52:14, 8.17, 245, 264.33, 45.08, 350.40, 0.6416, 0.3137, -0.6606, 0.2313
11:52:14, 8.17, 245, 266.33, 45.83, 351.11, 0.6502, 0.3176, -0.6492, 0.2343
11:52:14, 8.20, 246, 268.07, 46.40, 351.47, 0.6582, 0.3222, -0.6386, 0.2350
11:52:14, 8.20, 246, 269.90, 46.96, 351.89, 0.6663, 0.3267, -0.6276, 0.2354
11:52:14, 8.20, 246, 271.89, 47.50, 352.57, 0.6746, 0.3301, -0.6164, 0.2368
11:52:14, 8.23, 247, 273.91, 48.08, 353.47, 0.6822, 0.3328, -0.6054, 0.2396
11:52:14, 8.23, 247, 275.85, 48.59, 354.31, 0.6894, 0.3353, -0.5948, 0.2418
11:52:14, 8.27, 248, 277.75, 49.12, 355.11, 0.6961, 0.3383, -0.5843, 0.2439
11:52:14, 8.27, 248, 279.57, 49.58, 355.86, 0.7026, 0.3411, -0.5742, 0.2455
11:52:14, 8.27, 248, 281.35, 50.00, 356.66, 0.7086, 0.3435, -0.5646, 0.2473
11:52:14, 8.30, 249, 283.15, 50.30, 357.51, 0.7147, 0.3451, -0.5552, 0.2487
11:52:14, 8.30, 249, 284.91, 50.66, 358.42, 0.7202, 0.3467, -0.5461, 0.2508
11:52:14, 8.33, 250, 286.67, 51.05, 359.36, 0.7253, 0.3486, -0.5369, 0.2532
11:52:14, 8.33, 250, 288.32, 51.39, 0.29, 0.7299, 0.3501, -0.5285, 0.2557
11:52:14, 8.37, 251, 289.82, 51.70, 1.10, 0.7340, 0.3518, -0.5207, 0.2577
11:52:14, 8.37, 251, 291.03, 52.01, 1.72, 0.7370, 0.3537, -0.5142, 0.2594
11:52:14, 8.37, 251, 292.16, 52.41, 2.36, 0.7393, 0.3561, -0.5081, 0.2617
11:52:14, 8.40, 252, 293.08, 52.78, 2.85, 0.7410, 0.3585, -0.5029, 0.2636
11:52:14, 8.40, 252, 293.82, 53.18, 3.09, 0.7423, 0.3617, -0.4981, 0.2645
11:52:14, 8.43, 253, 294.45, 53.43, 3.19, 0.7440, 0.3644, -0.4939, 0.2642
11:52:14, 8.43, 253, 294.90, 53.70, 3.22, 0.7449, 0.3671, -0.4906, 0.2640
11:52:14, 8.43, 253, 295.22, 53.90, 3.09, 0.7459, 0.3697, -0.4877, 0.2630
11:52:14, 8.47, 254, 295.49, 54.13, 2.93, 0.7466, 0.3725, -0.4849, 0.2620
11:52:14, 8.47, 254, 295.72, 54.33, 2.77, 0.7473, 0.3751, -0.4825, 0.2610
11:52:14, 8.50, 255, 296.05, 54.55, 2.73, 0.7480, 0.3774, -0.4798, 0.2606
11:52:14, 8.50, 255, 296.27, 54.80, 2.60, 0.7483, 0.3801, -0.4775, 0.2600
11:52:14, 8.53, 256, 296.68, 54.94, 2.67, 0.7494, 0.3817, -0.4747, 0.2596
11:52:14, 8.53, 256, 297.02, 55.21, 2.66, 0.7498, 0.3843, -0.4719, 0.2595
11:52:14, 8.53, 256, 297.47, 55.44, 2.80, 0.7506, 0.3863, -0.4690, 0.2598
11:52:14, 8.57, 257, 297.85, 55.71, 2.83, 0.7511, 0.3888, -0.4661, 0.2598
11:52:14, 8.57, 257, 298.35, 55.91, 3.07, 0.7519, 0.3903, -0.4632, 0.2604
11:52:14, 8.60, 258, 298.81, 56.14, 3.21, 0.7526, 0.3923, -0.4602, 0.2606
11:52:14, 8.60, 258, 299.17, 56.42, 3.32, 0.7527, 0.3946, -0.4577, 0.2612
11:52:14, 8.60, 258, 299.56, 56.67, 3.51, 0.7529, 0.3964, -0.4554, 0.2621
11:52:14, 8.63, 259, 299.94, 56.94, 3.63, 0.7531, 0.3985, -0.4528, 0.2626
11:52:14, 8.63, 259, 300.23, 57.16, 3.66, 0.7534, 0.4006, -0.4506, 0.2625
11:52:14, 8.67, 260, 300.50, 57.32, 3.65, 0.7538, 0.4023, -0.4485, 0.2622
11:52:14, 8.67, 260, 300.77, 57.42, 3.67, 0.7545, 0.4036, -0.4466, 0.2617
11:52:14, 8.70, 261, 300.96, 57.49, 3.57, 0.7552, 0.4048, -0.4448, 0.2606
11:52:14, 8.70, 261, 301.23, 57.54, 3.56, 0.7561, 0.4058, -0.4429, 0.2598
11:52:14, 8.70, 261, 301.42, 57.55, 3.45, 0.7570, 0.4067, -0.4413, 0.2584
11:52:14, 8.73, 262, 301.71, 57.61, 3.39, 0.7580, 0.4080, -0.4390, 0.2572
11:52:14, 8.73, 262, 301.90, 57.63, 3.27, 0.7590, 0.4091, -0.4373, 0.2558
11:52:14, 8.77, 263, 302.12, 57.73, 3.10, 0.7598, 0.4109, -0.4350, 0.2542
11:52:14, 8.77, 263, 302.50, 57.77, 3.06, 0.7612, 0.4121, -0.4323, 0.2527
11:52:14, 8.77, 263, 302.87, 57.85, 2.98, 0.7624, 0.4138, -0.4294, 0.2512
11:52:14, 8.80, 264, 303.26, 57.94, 2.96, 0.7636, 0.4153, -0.4266, 0.2499
11:52:14, 8.80, 264, 303.79, 58.01, 3.08, 0.7651, 0.4165, -0.4233, 0.2490
11:52:14, 8.83, 265, 304.21, 58.04, 3.10, 0.7664, 0.4175, -0.4205, 0.2478
11:52:14, 8.83, 265, 304.67, 58.16, 3.10, 0.7677, 0.4193, -0.4173, 0.2465
11:52:14, 8.87, 266, 305.25, 58.25, 3.22, 0.7691, 0.4207, -0.4137, 0.2455
11:52:14, 8.87, 266, 305.77, 58.35, 3.31, 0.7704, 0.4222, -0.4103, 0.2445
11:52:14, 8.87, 266, 306.31, 58.51, 3.40, 0.7716, 0.4241, -0.4067, 0.2436
11:52:14, 8.90, 267, 306.85, 58.65, 3.44, 0.7728, 0.4261, -0.4030, 0.2424
11:52:14, 8.90, 267, 307.26, 58.81, 3.43, 0.7736, 0.4281, -0.4000, 0.2414
11:52:14, 8.93, 268, 307.83, 58.94, 3.48, 0.7750, 0.4301, -0.3960, 0.2399
11:52:14, 8.93, 268, 308.35, 59.20, 3.53, 0.7757, 0.4327, -0.3923, 0.2392
11:52:15, 8.93, 268, 308.83, 59.35, 3.50, 0.7768, 0.4349, -0.3887, 0.2376
11:52:15, 8.97, 269, 309.32, 59.54, 3.43, 0.7778, 0.4374, -0.3848, 0.2359
11:52:15, 8.97, 269, 309.79, 59.77, 3.45, 0.7784, 0.4399, -0.3812, 0.2349
11:52:15, 9.00, 270, 310.27, 59.96, 3.46, 0.7792, 0.4422, -0.3777, 0.2337
11:52:15, 9.00, 270, 310.78, 60.14, 3.50, 0.7801, 0.4443, -0.3741, 0.2326
11:52:15, 9.03, 271, 311.12, 60.34, 3.35, 0.7806, 0.4469, -0.3709, 0.2309
11:52:15, 9.03, 271, 311.53, 60.46, 3.26, 0.7817, 0.4489, -0.3675, 0.2290
11:52:15, 9.03, 271, 311.98, 60.61, 3.19, 0.7826, 0.4510, -0.3640, 0.2272
11:52:15, 9.07, 272, 312.44, 60.81, 3.18, 0.7833, 0.4533, -0.3605, 0.2259
11:52:15, 9.07, 272, 312.82, 60.85, 3.11, 0.7844, 0.4545, -0.3576, 0.2240
11:52:15, 9.10, 273, 313.31, 60.96, 3.11, 0.7855, 0.4563, -0.3540, 0.2224
11:52:15, 9.10, 273, 313.70, 61.00, 3.11, 0.7865, 0.4573, -0.3513, 0.2210
11:52:15, 9.10, 273, 314.05, 61.12, 3.01, 0.7873, 0.4591, -0.3483, 0.2192
11:52:15, 9.13, 274, 314.40, 61.15, 2.93, 0.7884, 0.4603, -0.3455, 0.2173
11:52:15, 9.13, 274, 314.70, 61.24, 2.72, 0.7893, 0.4621, -0.3425, 0.2150
11:52:15, 9.17, 275, 315.10, 61.33, 2.68, 0.7902, 0.4635, -0.3394, 0.2133
11:52:15, 9.17, 275, 315.40, 61.42, 2.49, 0.7911, 0.4653, -0.3364, 0.2110
11:52:15, 9.20, 276, 315.87, 61.57, 2.47, 0.7918, 0.4673, -0.3329, 0.2094
11:52:15, 9.20, 276, 316.25, 61.66, 2.34, 0.7928, 0.4690, -0.3296, 0.2072
11:52:15, 9.20, 276, 316.66, 61.82, 2.30, 0.7934, 0.4710, -0.3263, 0.2056
11:52:15, 9.23, 277, 317.07, 61.89, 2.26, 0.7943, 0.4723, -0.3232, 0.2039
11:52:15, 9.23, 277, 317.48, 61.96, 2.26, 0.7951, 0.4735, -0.3203, 0.2024
11:52:15, 9.27, 278, 317.89, 62.09, 2.17, 0.7959, 0.4754, -0.3168, 0.2004
11:52:15, 9.27, 278, 318.36, 62.15, 2.18, 0.7969, 0.4766, -0.3136, 0.1987
11:52:15, 9.27, 278, 318.75, 62.25, 2.11, 0.7977, 0.4781, -0.3104, 0.1968
11:52:15, 9.30, 279, 319.21, 62.30, 2.15, 0.7986, 0.4792, -0.3073, 0.1953
11:52:15, 9.30, 279, 319.71, 62.42, 2.20, 0.7994, 0.4808, -0.3038, 0.1938
11:52:15, 9.33, 280, 320.13, 62.48, 2.18, 0.8003, 0.4819, -0.3007, 0.1921
11:52:15, 9.33, 280, 320.57, 62.52, 2.25, 0.8011, 0.4827, -0.2979, 0.1908
11:52:15, 9.37, 281, 320.98, 62.62, 2.18, 0.8019, 0.4843, -0.2946, 0.1888
11:52:15, 9.37, 281, 321.42, 62.71, 2.19, 0.8026, 0.4856, -0.2915, 0.1873
11:52:15, 9.37, 281, 321.79, 62.79, 2.14, 0.8033, 0.4870, -0.2885, 0.1855
11:52:15, 9.40, 282, 322.23, 62.92, 2.18, 0.8037, 0.4885, -0.2854, 0.1842
11:52:15, 9.40, 282, 322.70, 63.02, 2.18, 0.8045, 0.4899, -0.2820, 0.1825
11:52:15, 9.43, 283, 323.03, 63.16, 2.01, 0.8049, 0.4918, -0.2788, 0.1802
11:52:15, 9.43, 283, 323.48, 63.22, 2.03, 0.8057, 0.4929, -0.2757, 0.1786
11:52:15, 9.43, 283, 323.97, 63.35, 2.02, 0.8063, 0.4946, -0.2720, 0.1767
11:52:15, 9.47, 284, 324.39, 63.48, 1.98, 0.8068, 0.4963, -0.2687, 0.1748
11:52:15, 9.47, 284, 324.89, 63.58, 2.03, 0.8074, 0.4977, -0.2652, 0.1732
11:52:15, 9.50, 285, 325.31, 63.66, 1.99, 0.8081, 0.4990, -0.2620, 0.1713
11:52:15, 9.50, 285, 325.85, 63.68, 2.02, 0.8092, 0.4998, -0.2583, 0.1692
11:52:15, 9.50, 285, 326.34, 63.66, 2.03, 0.8104, 0.5004, -0.2549, 0.1671
11:52:15, 9.53, 286, 326.79, 63.71, 2.00, 0.8112, 0.5014, -0.2516, 0.1650
11:52:15, 9.53, 286, 327.16, 63.72, 1.92, 0.8121, 0.5023, -0.2485, 0.1628
11:52:15, 9.57, 287, 327.65, 63.74, 1.97, 0.8130, 0.5029, -0.2453, 0.1611
11:52:15, 9.57, 287, 328.02, 63.63, 1.85, 0.8144, 0.5029, -0.2422, 0.1584
11:52:15, 9.60, 288, 328.45, 63.63, 1.86, 0.8153, 0.5035, -0.2392, 0.1566
11:52:15, 9.60, 288, 328.78, 63.61, 1.75, 0.8163, 0.5040, -0.2364, 0.1543
11:52:15, 9.60, 288, 329.14, 63.52, 1.65, 0.8175, 0.5041, -0.2335, 0.1519
11:52:15, 9.63, 289, 329.55, 63.47, 1.63, 0.8186, 0.5043, -0.2306, 0.1498
11:52:15, 9.63, 289, 329.99, 63.42, 1.60, 0.8197, 0.5045, -0.2274, 0.1476
11:52:15, 9.67, 290, 330.31, 63.42, 1.49, 0.8205, 0.5052, -0.2246, 0.1454
11:52:15, 9.67, 290, 330.80, 63.41, 1.50, 0.8215, 0.5058, -0.2211, 0.1432
11:52:15, 9.67, 290, 331.25, 63.41, 1.51, 0.8223, 0.5062, -0.2179, 0.1414
11:52:15, 9.70, 291, 331.65, 63.34, 1.47, 0.8235, 0.5063, -0.2149, 0.1391
11:52:15, 9.70, 291, 332.09, 63.31, 1.50, 0.8244, 0.5066, -0.2119, 0.1373
11:52:15, 9.73, 292, 332.44, 63.28, 1.43, 0.8252, 0.5069, -0.2091, 0.1353
11:52:15, 9.73, 292, 332.82, 63.29, 1.36, 0.8259, 0.5076, -0.2061, 0.1331
11:52:15, 9.77, 293, 333.10, 63.24, 1.29, 0.8267, 0.5076, -0.2038, 0.1313
11:52:15, 9.77, 293, 333.55, 63.18, 1.32, 0.8278, 0.5076, -0.2008, 0.1294
11:52:15, 9.77, 293, 333.83, 63.10, 1.19, 0.8288, 0.5076, -0.1982, 0.1271
11:52:15, 9.80, 294, 334.17, 63.06, 1.08, 0.8296, 0.5079, -0.1953, 0.1247
11:52:15, 9.80, 294, 334.52, 62.96, 0.97, 0.8308, 0.5077, -0.1924, 0.1222
11:52:15, 9.83, 295, 334.90, 62.95, 0.96, 0.8315, 0.5081, -0.1895, 0.1204
11:52:15, 9.83, 295, 335.26, 62.87, 0.96, 0.8325, 0.5079, -0.1870, 0.1187
11:52:15, 9.83, 295, 335.63, 62.85, 0.91, 0.8332, 0.5082, -0.1841, 0.1167
11:52:15, 9.87, 296, 335.90, 62.88, 0.78, 0.8336, 0.5089, -0.1816, 0.1146
11:52:15, 9.87, 296, 336.32, 62.86, 0.78, 0.8344, 0.5092, -0.1785, 0.1126
11:52:15, 9.90, 297, 336.71, 62.83, 0.70, 0.8352, 0.5094, -0.1754, 0.1103
11:52:15, 9.90, 297, 337.15, 62.79, 0.72, 0.8360, 0.5096, -0.1723, 0.1084
11:52:15, 9.93, 298, 337.64, 62.80, 0.73, 0.8367, 0.5101, -0.1687, 0.1063
11:52:15, 9.93, 298, 338.16, 62.80, 0.84, 0.8374, 0.5103, -0.1654, 0.1048
11:52:16, 9.93, 298, 338.66, 62.73, 0.89, 0.8383, 0.5103, -0.1621, 0.1029
11:52:16, 9.97, 299, 339.22, 62.70, 0.94, 0.8392, 0.5105, -0.1582, 0.1007
11:52:16, 9.97, 299, 339.72, 62.65, 1.03, 0.8400, 0.5104, -0.1550, 0.0991
