Timestamp, VideoTime, VideoFrame, HeadYaw, HeadPitch, HeadRoll, HeadQuatW, HeadQuatX, HeadQuatY, HeadQuatZ
11:54:45, 0.00, 0, 10.41, 1.21, 0.43, 0.9958, 0.0109, 0.0907, 0.0027
11:54:45, 0.03, 1, 10.45, 1.26, 0.42, 0.9958, 0.0113, 0.0911, 0.0026
11:54:45, 0.03, 1, 10.51, 1.30, 0.41, 0.9957, 0.0116, 0.0916, 0.0025
11:54:45, 0.03, 1, 10.57, 1.36, 0.41, 0.9957, 0.0121, 0.0921, 0.0025
11:54:45, 0.07, 2, 10.65, 1.40, 0.41, 0.9956, 0.0125, 0.0927, 0.0024
11:54:45, 0.07, 2, 10.75, 1.46, 0.41, 0.9955, 0.0130, 0.0936, 0.0024
11:54:45, 0.10, 3, 10.87, 1.52, 0.41, 0.9954, 0.0136, 0.0947, 0.0023
11:54:45, 0.10, 3, 10.98, 1.60, 0.42, 0.9953, 0.0142, 0.0956, 0.0024
11:54:45, 0.10, 3, 11.12, 1.64, 0.44, 0.9952, 0.0146, 0.0968, 0.0025
11:54:45, 0.13, 4, 11.25, 1.68, 0.47, 0.9951, 0.0150, 0.0980, 0.0027
11:54:45, 0.13, 4, 11.39, 1.68, 0.52, 0.9950, 0.0151, 0.0991, 0.0030
11:54:45, 0.17, 5, 11.53, 1.74, 0.58, 0.9948, 0.0156, 0.1004, 0.0035
11:54:45, 0.17, 5, 11.67, 1.76, 0.62, 0.9947, 0.0158, 0.1016, 0.0038
11:54:45, 0.17, 5, 11.81, 1.76, 0.65, 0.9946, 0.0159, 0.1028, 0.0041
11:54:45, 0.20, 6, 11.99, 1.83, 0.71, 0.9944, 0.0165, 0.1044, 0.0045
11:54:45, 0.20, 6, 12.14, 1.86, 0.69, 0.9943, 0.0168, 0.1056, 0.0043
11:54:45, 0.23, 7, 12.32, 1.92, 0.72, 0.9941, 0.0173, 0.1072, 0.0045
11:54:45, 0.23, 7, 12.50, 1.96, 0.74, 0.9939, 0.0178, 0.1087, 0.0046
11:54:45, 0.27, 8, 12.72, 2.05, 0.75, 0.9937, 0.0185, 0.1106, 0.0045
11:54:45, 0.27, 8, 12.90, 2.12, 0.77, 0.9935, 0.0192, 0.1122, 0.0046
11:54:45, 0.27, 8, 13.06, 2.19, 0.79, 0.9933, 0.0198, 0.1136, 0.0047
11:54:45, 0.30, 9, 13.23, 2.22, 0.79, 0.9931, 0.0201, 0.1151, 0.0046
11:54:46, 0.30, 9, 13.40, 2.29, 0.77, 0.9930, 0.0207, 0.1165, 0.0043
11:54:46, 0.33, 10, 13.57, 2.35, 0.78, 0.9928, 0.0212, 0.1180, 0.0044
11:54:46, 0.33, 10, 13.76, 2.40, 0.79, 0.9926, 0.0216, 0.1196, 0.0043
11:54:46, 0.33, 10, 13.93, 2.44, 0.78, 0.9924, 0.0220, 0.1211, 0.0042
11:54:46, 0.37, 11, 14.08, 2.48, 0.77, 0.9922, 0.0223, 0.1224, 0.0040
11:54:46, 0.37, 11, 14.23, 2.51, 0.79, 0.9921, 0.0226, 0.1236, 0.0041
11:54:46, 0.40, 12, 14.38, 2.55, 0.82, 0.9919, 0.0230, 0.1250, 0.0043
11:54:46, 0.40, 12, 14.51, 2.57, 0.82, 0.9917, 0.0231, 0.1261, 0.0043
11:54:46, 0.43, 13, 14.61, 2.61, 0.83, 0.9916, 0.0235, 0.1270, 0.0043
11:54:46, 0.43, 13, 14.73, 2.62, 0.85, 0.9915, 0.0237, 0.1280, 0.0044
11:54:46, 0.43, 13, 14.83, 2.67, 0.86, 0.9914, 0.0241, 0.1289, 0.0045
11:54:46, 0.47, 14, 14.93, 2.72, 0.85, 0.9912, 0.0245, 0.1297, 0.0042
11:54:46, 0.47, 14, 15.02, 2.76, 0.85, 0.9911, 0.0249, 0.1305, 0.0042
11:54:46, 0.50, 15, 15.08, 2.85, 0.86, 0.9910, 0.0256, 0.1310, 0.0042
11:54:46, 0.50, 15, 15.15, 2.92, 0.87, 0.9909, 0.0262, 0.1316, 0.0041
11:54:46, 0.50, 15, 15.20, 2.97, 0.87, 0.9909, 0.0267, 0.1320, 0.0041
11:54:46, 0.53, 16, 15.24, 3.04, 0.88, 0.9908, 0.0273, 0.1324, 0.0041
11:54:46, 0.53, 16, 15.30, 3.10, 0.87, 0.9907, 0.0278, 0.1329, 0.0039
11:54:46, 0.57, 17, 15.35, 3.15, 0.87, 0.9907, 0.0282, 0.1333, 0.0038
11:54:46, 0.57, 17, 15.41, 3.21, 0.87, 0.9906, 0.0287, 0.1338, 0.0038
11:54:46, 0.60, 18, 15.45, 3.26, 0.88, 0.9905, 0.0292, 0.1341, 0.0038
11:54:46, 0.60, 18, 15.49, 3.32, 0.88, 0.9905, 0.0297, 0.1345, 0.0037
11:54:46, 0.60, 18, 15.57, 3.33, 0.89, 0.9904, 0.0299, 0.1352, 0.0038
11:54:46, 0.63, 19, 15.62, 3.36, 0.94, 0.9903, 0.0302, 0.1356, 0.0041
11:54:46, 0.63, 19, 15.69, 3.39, 0.96, 0.9902, 0.0305, 0.1362, 0.0042
11:54:46, 0.67, 20, 15.76, 3.44, 0.98, 0.9901, 0.0309, 0.1368, 0.0044
11:54:46, 0.67, 20, 15.83, 3.47, 1.03, 0.9900, 0.0312, 0.1374, 0.0047
11:54:46, 0.67, 20, 15.92, 3.51, 1.02, 0.9899, 0.0316, 0.1381, 0.0046
11:54:46, 0.70, 21, 16.00, 3.55, 1.06, 0.9898, 0.0320, 0.1388, 0.0048
11:54:46, 0.70, 21, 16.11, 3.57, 1.09, 0.9897, 0.0322, 0.1397, 0.0051
11:54:46, 0.73, 22, 16.20, 3.59, 1.11, 0.9895, 0.0324, 0.1405, 0.0051
11:54:46, 0.73, 22, 16.30, 3.60, 1.11, 0.9894, 0.0324, 0.1414, 0.0052
11:54:46, 0.77, 23, 16.42, 3.64, 1.12, 0.9893, 0.0329, 0.1424, 0.0051
11:54:46, 0.77, 23, 16.50, 3.66, 1.14, 0.9891, 0.0330, 0.1431, 0.0053
11:54:46, 0.77, 23, 16.64, 3.68, 1.16, 0.9890, 0.0332, 0.1443, 0.0054
11:54:46, 0.80, 24, 16.77, 3.66, 1.16, 0.9888, 0.0330, 0.1454, 0.0053
11:54:46, 0.80, 24, 16.94, 3.67, 1.20, 0.9886, 0.0332, 0.1469, 0.0057
11:54:46, 0.83, 25, 17.16, 3.64, 1.24, 0.9883, 0.0330, 0.1487, 0.0059
11:54:46, 0.83, 25, 17.37, 3.62, 1.28, 0.9880, 0.0330, 0.1506, 0.0063
11:54:46, 0.83, 25, 17.66, 3.62, 1.32, 0.9877, 0.0330, 0.1530, 0.0065
11:54:46, 0.87, 26, 17.97, 3.60, 1.37, 0.9872, 0.0329, 0.1557, 0.0069
11:54:46, 0.87, 26, 18.37, 3.59, 1.44, 0.9867, 0.0330, 0.1591, 0.0074
11:54:46, 0.90, 27, 18.79, 3.58, 1.53, 0.9861, 0.0330, 0.1628, 0.0080
11:54:46, 0.90, 27, 19.24, 3.57, 1.60, 0.9854, 0.0331, 0.1665, 0.0085
11:54:46, 0.93, 28, 19.65, 3.57, 1.67, 0.9848, 0.0331, 0.1701, 0.0090
11:54:46, 0.93, 28, 20.11, 3.51, 1.76, 0.9841, 0.0329, 0.1741, 0.0098
11:54:46, 0.93, 28, 20.55, 3.46, 1.81, 0.9835, 0.0325, 0.1778, 0.0101
11:54:46, 0.97, 29, 20.98, 3.44, 1.86, 0.9828, 0.0325, 0.1815, 0.0105
11:54:46, 0.97, 29, 21.40, 3.46, 1.89, 0.9821, 0.0327, 0.1851, 0.0106
11:54:46, 1.00, 30, 21.78, 3.37, 1.95, 0.9815, 0.0321, 0.1883, 0.0111
11:54:46, 1.00, 30, 22.13, 3.37, 2.02, 0.9809, 0.0322, 0.1913, 0.0116
11:54:46, 1.03, 31, 22.55, 3.32, 2.04, 0.9802, 0.0319, 0.1949, 0.0118
11:54:46, 1.03, 31, 22.91, 3.27, 2.10, 0.9796, 0.0316, 0.1979, 0.0123
11:54:46, 1.03, 31, 23.33, 3.24, 2.15, 0.9789, 0.0315, 0.2015, 0.0126
11:54:46, 1.07, 32, 23.70, 3.18, 2.17, 0.9782, 0.0311, 0.2047, 0.0128
11:54:46, 1.07, 32, 24.09, 3.16, 2.18, 0.9775, 0.0310, 0.2081, 0.0129
11:54:46, 1.10, 33, 24.53, 3.18, 2.19, 0.9767, 0.0311, 0.2118, 0.0128
11:54:46, 1.10, 33, 24.92, 3.17, 2.26, 0.9760, 0.0312, 0.2151, 0.0133
11:54:46, 1.10, 33, 25.43, 3.16, 2.30, 0.9750, 0.0313, 0.2194, 0.0135
11:54:46, 1.13, 34, 25.93, 3.09, 2.36, 0.9741, 0.0309, 0.2237, 0.0140
11:54:46, 1.13, 34, 26.45, 3.10, 2.43, 0.9730, 0.0312, 0.2281, 0.0144
11:54:46, 1.17, 35, 26.96, 3.04, 2.50, 0.9720, 0.0309, 0.2324, 0.0150
11:54:46, 1.17, 35, 27.46, 2.97, 2.52, 0.9710, 0.0304, 0.2366, 0.0152
11:54:46, 1.17, 35, 27.97, 2.90, 2.59, 0.9699, 0.0300, 0.2410, 0.0158
11:54:46, 1.20, 36, 28.52, 2.86, 2.64, 0.9688, 0.0298, 0.2456, 0.0162
11:54:46, 1.20, 36, 29.11, 2.74, 2.72, 0.9675, 0.0291, 0.2506, 0.0169
11:54:46, 1.23, 37, 29.65, 2.61, 2.83, 0.9663, 0.0283, 0.2552, 0.0180
11:54:46, 1.23, 37, 30.26, 2.50, 2.90, 0.9649, 0.0277, 0.2603, 0.0187
11:54:46, 1.27, 38, 30.82, 2.44, 2.98, 0.9637, 0.0274, 0.2650, 0.0194
11:54:46, 1.27, 38, 31.39, 2.35, 3.09, 0.9623, 0.0271, 0.2698, 0.0204
11:54:46, 1.27, 38, 32.05, 2.27, 3.14, 0.9607, 0.0266, 0.2754, 0.0209
11:54:46, 1.30, 39, 32.80, 2.09, 3.20, 0.9589, 0.0254, 0.2817, 0.0216
11:54:47, 1.30, 39, 33.49, 2.13, 3.26, 0.9572, 0.0260, 0.2874, 0.0219
11:54:47, 1.33, 40, 34.17, 2.00, 3.29, 0.9555, 0.0251, 0.2932, 0.0223
11:54:47, 1.33, 40, 34.88, 2.05, 3.32, 0.9536, 0.0258, 0.2990, 0.0223
11:54:47, 1.33, 40, 35.56, 1.97, 3.34, 0.9518, 0.0253, 0.3047, 0.0225
11:54:47, 1.37, 41, 36.37, 1.91, 3.42, 0.9497, 0.0251, 0.3114, 0.0232
11:54:47, 1.37, 41, 37.13, 1.88, 3.45, 0.9476, 0.0251, 0.3178, 0.0233
11:54:47, 1.40, 42, 37.90, 1.89, 3.46, 0.9454, 0.0254, 0.3241, 0.0232
11:54:47, 1.40, 42, 38.66, 1.84, 3.57, 0.9432, 0.0255, 0.3303, 0.0241
11:54:47, 1.43, 43, 39.43, 1.83, 3.64, 0.9410, 0.0257, 0.3367, 0.0245
11:54:47, 1.43, 43, 40.24, 1.88, 3.70, 0.9386, 0.0265, 0.3432, 0.0247
11:54:47, 1.43, 43, 40.95, 1.83, 3.68, 0.9364, 0.0262, 0.3491, 0.0245
11:54:47, 1.47, 44, 41.61, 1.85, 3.77, 0.9343, 0.0268, 0.3545, 0.0250
11:54:47, 1.47, 44, 42.20, 1.89, 3.76, 0.9325, 0.0272, 0.3593, 0.0247
11:54:47, 1.50, 45, 42.80, 1.95, 3.82, 0.9306, 0.0280, 0.3641, 0.0249
11:54:47, 1.50, 45, 43.32, 2.03, 3.82, 0.9289, 0.0287, 0.3683, 0.0244
11:54:47, 1.50, 45, 43.82, 2.06, 3.87, 0.9273, 0.0292, 0.3723, 0.0246
11:54:47, 1.53, 46, 44.28, 2.10, 3.93, 0.9258, 0.0299, 0.3760, 0.0248
11:54:47, 1.53, 46, 44.70, 2.10, 3.92, 0.9244, 0.0299, 0.3794, 0.0247
11:54:47, 1.57, 47, 45.17, 2.08, 3.94, 0.9229, 0.0300, 0.3832, 0.0248
11:54:47, 1.57, 47, 45.64, 2.00, 3.99, 0.9213, 0.0296, 0.3870, 0.0253
11:54:47, 1.60, 48, 46.12, 1.97, 4.05, 0.9196, 0.0296, 0.3908, 0.0258
11:54:47, 1.60, 48, 46.60, 1.87, 4.15, 0.9180, 0.0293, 0.3947, 0.0268
11:54:47, 1.60, 48, 47.09, 1.76, 4.22, 0.9162, 0.0288, 0.3987, 0.0276
11:54:47, 1.63, 49, 47.58, 1.73, 4.29, 0.9145, 0.0289, 0.4026, 0.0281
11:54:47, 1.63, 49, 48.15, 1.62, 4.36, 0.9125, 0.0284, 0.4071, 0.0289
11:54:47, 1.67, 50, 48.66, 1.53, 4.43, 0.9106, 0.0280, 0.4112, 0.0297
11:54:47, 1.67, 50, 49.17, 1.51, 4.51, 0.9088, 0.0284, 0.4152, 0.0303
11:54:47, 1.67, 50, 49.73, 1.57, 4.60, 0.9067, 0.0293, 0.4196, 0.0307
11:54:47, 1.70, 51, 50.21, 1.51, 4.65, 0.9049, 0.0292, 0.4234, 0.0312
11:54:47, 1.70, 51, 50.74, 1.54, 4.72, 0.9030, 0.0298, 0.4275, 0.0315
11:54:47, 1.73, 52, 51.18, 1.64, 4.81, 0.9013, 0.0310, 0.4310, 0.0317
11:54:47, 1.73, 52, 51.70, 1.64, 4.98, 0.8993, 0.0319, 0.4350, 0.0329
11:54:47, 1.77, 53, 52.22, 1.75, 5.08, 0.8973, 0.0332, 0.4390, 0.0331
11:54:47, 1.77, 53, 52.82, 1.81, 5.18, 0.8949, 0.0342, 0.4437, 0.0335
11:54:47, 1.77, 53, 53.47, 1.87, 5.38, 0.8924, 0.0357, 0.4486, 0.0346
11:54:47, 1.80, 54, 54.26, 1.97, 5.59, 0.8892, 0.0375, 0.4546, 0.0356
11:54:47, 1.80, 54, 55.19, 2.07, 5.79, 0.8854, 0.0394, 0.4618, 0.0364
11:54:47, 1.83, 55, 56.19, 2.22, 6.07, 0.8812, 0.0420, 0.4693, 0.0376
11:54:47, 1.83, 55, 57.21, 2.41, 6.35, 0.8770, 0.0449, 0.4769, 0.0385
11:54:47, 1.83, 55, 58.16, 2.62, 6.68, 0.8729, 0.0483, 0.4839, 0.0398
11:54:47, 1.87, 56, 59.06, 2.85, 6.88, 0.8690, 0.0512, 0.4905, 0.0399
11:54:47, 1.87, 56, 59.95, 3.14, 7.12, 0.8651, 0.0547, 0.4970, 0.0401
11:54:47, 1.90, 57, 60.74, 3.40, 7.34, 0.8616, 0.0579, 0.5027, 0.0402
11:54:47, 1.90, 57, 61.44, 3.64, 7.45, 0.8585, 0.0604, 0.5078, 0.0396
11:54:47, 1.93, 58, 62.16, 3.85, 7.52, 0.8553, 0.0626, 0.5130, 0.0388
11:54:47, 1.93, 58, 62.76, 3.97, 7.54, 0.8526, 0.0637, 0.5173, 0.0381
11:54:47, 1.93, 58, 63.27, 4.10, 7.58, 0.8502, 0.0650, 0.5210, 0.0375
11:54:47, 1.97, 59, 63.79, 4.13, 7.62, 0.8479, 0.0656, 0.5248, 0.0374
11:54:47, 1.97, 59, 64.29, 4.16, 7.71, 0.8455, 0.0664, 0.5285, 0.0376
11:54:47, 2.00, 60, 64.72, 4.24, 7.75, 0.8435, 0.0673, 0.5315, 0.0373
11:54:47, 2.00, 60, 65.08, 4.30, 7.73, 0.8418, 0.0678, 0.5342, 0.0366
11:54:47, 2.00, 60, 65.35, 4.32, 7.78, 0.8406, 0.0683, 0.5361, 0.0367
11:54:47, 2.03, 61, 65.58, 4.37, 7.73, 0.8395, 0.0685, 0.5378, 0.0361
11:54:47, 2.03, 61, 65.68, 4.28, 7.77, 0.8391, 0.0680, 0.5385, 0.0367
11:54:47, 2.07, 62, 65.77, 4.15, 7.81, 0.8386, 0.0673, 0.5393, 0.0375
11:54:47, 2.07, 62, 65.76, 4.05, 7.73, 0.8387, 0.0662, 0.5393, 0.0375
11:54:47, 2.10, 63, 65.67, 3.98, 7.69, 0.8391, 0.0654, 0.5387, 0.0375
11:54:47, 2.10, 63, 65.45, 3.87, 7.65, 0.8401, 0.0643, 0.5372, 0.0379
11:54:47, 2.10, 63, 65.20, 3.74, 7.49, 0.8414, 0.0626, 0.5355, 0.0374
11:54:47, 2.13, 64, 64.88, 3.65, 7.39, 0.8429, 0.0614, 0.5333, 0.0373
11:54:47, 2.13, 64, 64.58, 3.58, 7.30, 0.8443, 0.0604, 0.5312, 0.0372
11:54:47, 2.17, 65, 64.27, 3.49, 7.22, 0.8457, 0.0592, 0.5290, 0.0371
11:54:47, 2.17, 65, 64.00, 3.35, 7.12, 0.8470, 0.0576, 0.5271, 0.0372
11:54:47, 2.20, 66, 63.74, 3.21, 7.04, 0.8482, 0.0561, 0.5253, 0.0374
11:54:47, 2.20, 66, 63.49, 3.06, 6.99, 0.8494, 0.0547, 0.5236, 0.0378
11:54:47, 2.20, 66, 63.22, 2.97, 6.93, 0.8506, 0.0537, 0.5217, 0.0379
11:54:47, 2.23, 67, 62.89, 2.85, 6.84, 0.8521, 0.0523, 0.5193, 0.0379
11:54:47, 2.23, 67, 62.51, 2.74, 6.73, 0.8539, 0.0508, 0.5166, 0.0378
11:54:47, 2.27, 68, 62.18, 2.65, 6.66, 0.8554, 0.0498, 0.5142, 0.0378
11:54:47, 2.27, 68, 61.77, 2.50, 6.55, 0.8573, 0.0480, 0.5113, 0.0378
11:54:47, 2.27, 68, 61.37, 2.41, 6.51, 0.8590, 0.0470, 0.5084, 0.0381
11:54:47, 2.30, 69, 60.98, 2.32, 6.45, 0.8608, 0.0459, 0.5055, 0.0382
11:54:48, 2.30, 69, 60.54, 2.19, 6.41, 0.8627, 0.0446, 0.5023, 0.0387
11:54:48, 2.33, 70, 60.13, 2.13, 6.42, 0.8645, 0.0441, 0.4992, 0.0391
11:54:48, 2.33, 70, 59.75, 2.04, 6.35, 0.8662, 0.0430, 0.4964, 0.0392
11:54:48, 2.33, 70, 59.48, 1.83, 6.32, 0.8673, 0.0411, 0.4945, 0.0399
11:54:48, 2.37, 71, 59.17, 1.74, 6.31, 0.8686, 0.0403, 0.4922, 0.0404
11:54:48, 2.37, 71, 58.91, 1.63, 6.29, 0.8697, 0.0394, 0.4902, 0.0408
11:54:48, 2.40, 72, 58.64, 1.59, 6.27, 0.8709, 0.0389, 0.4882, 0.0409
11:54:48, 2.40, 72, 58.39, 1.55, 6.26, 0.8719, 0.0384, 0.4864, 0.0411
11:54:48, 2.43, 73, 58.13, 1.49, 6.19, 0.8731, 0.0376, 0.4844, 0.0409
11:54:48, 2.43, 73, 57.90, 1.44, 6.22, 0.8740, 0.0372, 0.4827, 0.0414
11:54:48, 2.43, 73, 57.72, 1.33, 6.19, 0.8748, 0.0362, 0.4814, 0.0417
11:54:48, 2.47, 74, 57.53, 1.21, 6.19, 0.8755, 0.0352, 0.4800, 0.0423
11:54:48, 2.47, 74, 57.43, 1.13, 6.17, 0.8760, 0.0345, 0.4793, 0.0425
11:54:48, 2.50, 75, 57.29, 1.06, 6.19, 0.8765, 0.0340, 0.4782, 0.0430
11:54:48, 2.50, 75, 57.17, 1.03, 6.22, 0.8770, 0.0338, 0.4773, 0.0433
11:54:48, 2.50, 75, 57.04, 0.99, 6.22, 0.8776, 0.0335, 0.4763, 0.0435
11:54:48, 2.53, 76, 56.89, 0.95, 6.22, 0.8782, 0.0331, 0.4752, 0.0437
11:54:48, 2.53, 76, 56.75, 0.86, 6.19, 0.8787, 0.0322, 0.4742, 0.0440
11:54:48, 2.57, 77, 56.65, 0.77, 6.20, 0.8791, 0.0316, 0.4735, 0.0444
11:54:48, 2.57, 77, 56.60, 0.72, 6.20, 0.8793, 0.0312, 0.4731, 0.0446
11:54:48, 2.60, 78, 56.55, 0.67, 6.17, 0.8795, 0.0307, 0.4727, 0.0446
11:54:48, 2.60, 78, 56.52, 0.64, 6.19, 0.8797, 0.0305, 0.4725, 0.0449
11:54:48, 2.60, 78, 56.46, 0.58, 6.17, 0.8799, 0.0299, 0.4720, 0.0450
11:54:48, 2.63, 79, 56.35, 0.54, 6.13, 0.8804, 0.0294, 0.4712, 0.0449
11:54:48, 2.63, 79, 56.27, 0.50, 6.07, 0.8807, 0.0288, 0.4707, 0.0447
11:54:48, 2.67, 80, 56.20, 0.46, 6.03, 0.8810, 0.0283, 0.4702, 0.0446
11:54:48, 2.67, 80, 56.15, 0.43, 6.02, 0.8812, 0.0280, 0.4698, 0.0446
11:54:48, 2.67, 80, 56.11, 0.41, 5.98, 0.8814, 0.0277, 0.4695, 0.0443
11:54:48, 2.70, 81, 56.04, 0.40, 5.99, 0.8817, 0.0276, 0.4690, 0.0445
11:54:48, 2.70, 81, 55.96, 0.39, 5.97, 0.8820, 0.0274, 0.4684, 0.0444
11:54:48, 2.73, 82, 55.87, 0.34, 5.99, 0.8823, 0.0271, 0.4677, 0.0447
11:54:48, 2.73, 82, 55.78, 0.33, 5.98, 0.8827, 0.0270, 0.4670, 0.0448
11:54:48, 2.77, 83, 55.71, 0.33, 6.01, 0.8830, 0.0270, 0.4664, 0.0450
11:54:48, 2.77, 83, 55.60, 0.36, 5.99, 0.8835, 0.0271, 0.4656, 0.0447
11:54:48, 2.77, 83, 55.53, 0.36, 6.00, 0.8837, 0.0272, 0.4650, 0.0448
11:54:48, 2.80, 84, 55.44, 0.36, 5.97, 0.8841, 0.0270, 0.4644, 0.0446
11:54:48, 2.80, 84, 55.39, 0.35, 5.97, 0.8843, 0.0269, 0.4640, 0.0447
11:54:48, 2.83, 85, 55.34, 0.31, 5.96, 0.8845, 0.0265, 0.4636, 0.0448
11:54:48, 2.83, 85, 55.28, 0.27, 5.96, 0.8847, 0.0262, 0.4632, 0.0449
11:54:48, 2.87, 86, 55.24, 0.22, 5.93, 0.8849, 0.0257, 0.4629, 0.0449
11:54:48, 2.87, 86, 55.20, 0.18, 5.89, 0.8850, 0.0252, 0.4626, 0.0448
11:54:48, 2.87, 86, 55.16, 0.17, 5.89, 0.8852, 0.0251, 0.4623, 0.0449
11:54:48, 2.90, 87, 55.10, 0.14, 5.89, 0.8855, 0.0248, 0.4619, 0.0450
11:54:48, 2.90, 87, 55.03, 0.14, 5.89, 0.8858, 0.0248, 0.4613, 0.0450
11:54:48, 2.93, 88, 54.97, 0.11, 5.86, 0.8860, 0.0245, 0.4609, 0.0449
11:54:48, 2.93, 88, 54.92, 0.08, 5.85, 0.8862, 0.0242, 0.4605, 0.0450
11:54:48, 2.93, 88, 54.91, 0.05, 5.84, 0.8862, 0.0238, 0.4605, 0.0450
11:54:48, 2.97, 89, 54.89, 0.01, 5.82, 0.8863, 0.0235, 0.4603, 0.0450
11:54:48, 2.97, 89, 54.91, 359.96, 5.84, 0.8862, 0.0231, 0.4605, 0.0454
11:54:48, 3.00, 90, 54.87, 359.92, 5.84, 0.8864, 0.0228, 0.4602, 0.0455
11:54:48, 3.00, 90, 54.86, 359.89, 5.85, 0.8864, 0.0227, 0.4601, 0.0457
11:54:48, 3.03, 91, 54.81, 359.87, 5.87, 0.8866, 0.0226, 0.4597, 0.0459
11:54:48, 3.03, 91, 54.75, 359.87, 5.85, 0.8868, 0.0224, 0.4593, 0.0458
11:54:48, 3.03, 91, 54.75, 359.86, 5.82, 0.8868, 0.0222, 0.4593, 0.0457
11:54:48, 3.07, 92, 54.75, 359.84, 5.81, 0.8868, 0.0221, 0.4593, 0.0456
11:54:48, 3.07, 92, 54.76, 359.78, 5.79, 0.8868, 0.0216, 0.4594, 0.0458
11:54:48, 3.10, 93, 54.76, 359.76, 5.79, 0.8868, 0.0213, 0.4594, 0.0458
11:54:48, 3.10, 93, 54.76, 359.74, 5.77, 0.8868, 0.0211, 0.4594, 0.0458
11:54:48, 3.10, 93, 54.76, 359.74, 5.76, 0.8868, 0.0210, 0.4594, 0.0456
11:54:48, 3.13, 94, 54.75, 359.71, 5.74, 0.8868, 0.0208, 0.4594, 0.0456
11:54:48, 3.13, 94, 54.75, 359.70, 5.72, 0.8869, 0.0207, 0.4593, 0.0455
11:54:48, 3.17, 95, 54.76, 359.66, 5.70, 0.8868, 0.0202, 0.4594, 0.0455
11:54:48, 3.17, 95, 54.74, 359.61, 5.70, 0.8869, 0.0199, 0.4593, 0.0457
11:54:48, 3.20, 96, 54.75, 359.58, 5.69, 0.8868, 0.0195, 0.4594, 0.0457
11:54:48, 3.20, 96, 54.73, 359.56, 5.71, 0.8869, 0.0195, 0.4593, 0.0460
11:54:48, 3.20, 96, 54.71, 359.57, 5.68, 0.8870, 0.0195, 0.4591, 0.0458
11:54:48, 3.23, 97, 54.73, 359.56, 5.69, 0.8869, 0.0194, 0.4593, 0.0458
11:54:48, 3.23, 97, 54.72, 359.53, 5.63, 0.8870, 0.0189, 0.4592, 0.0455
11:54:48, 3.27, 98, 54.73, 359.51, 5.63, 0.8869, 0.0188, 0.4593, 0.0456
11:54:48, 3.27, 98, 54.70, 359.49, 5.63, 0.8870, 0.0186, 0.4591, 0.0456
11:54:48, 3.27, 98, 54.68, 359.49, 5.61, 0.8871, 0.0185, 0.4589, 0.0455
11:54:48, 3.30, 99, 54.70, 359.50, 5.61, 0.8870, 0.0186, 0.4591, 0.0455
11:54:49, 3.30, 99, 54.70, 359.49, 5.62, 0.8870, 0.0186, 0.4591, 0.0456
11:54:49, 3.33, 100, 54.71, 359.48, 5.63, 0.8870, 0.0185, 0.4591, 0.0457
11:54:49, 3.33, 100, 54.70, 359.46, 5.63, 0.8870, 0.0184, 0.4591, 0.0458
11:54:49, 3.37, 101, 54.70, 359.46, 5.64, 0.8870, 0.0184, 0.4591, 0.0459
11:54:49, 3.37, 101, 54.69, 359.46, 5.64, 0.8871, 0.0185, 0.4590, 0.0459
11:54:49, 3.37, 101, 54.68, 359.49, 5.63, 0.8871, 0.0186, 0.4589, 0.0457
11:54:49, 3.40, 102, 54.65, 359.49, 5.62, 0.8872, 0.0186, 0.4587, 0.0456
11:54:49, 3.40, 102, 54.60, 359.45, 5.58, 0.8874, 0.0181, 0.4583, 0.0454
11:54:49, 3.43, 103, 54.61, 359.44, 5.57, 0.8874, 0.0180, 0.4584, 0.0454
11:54:49, 3.43, 103, 54.62, 359.40, 5.57, 0.8873, 0.0176, 0.4585, 0.0456
11:54:49, 3.43, 103, 54.64, 359.36, 5.57, 0.8873, 0.0174, 0.4587, 0.0458
11:54:49, 3.47, 104, 54.65, 359.34, 5.58, 0.8872, 0.0172, 0.4587, 0.0459
11:54:49, 3.47, 104, 54.62, 359.34, 5.58, 0.8873, 0.0172, 0.4585, 0.0459
11:54:49, 3.50, 105, 54.61, 359.34, 5.58, 0.8874, 0.0172, 0.4584, 0.0459
11:54:49, 3.50, 105, 54.58, 359.36, 5.57, 0.8875, 0.0174, 0.4582, 0.0458
11:54:49, 3.53, 106, 54.56, 359.38, 5.58, 0.8876, 0.0175, 0.4580, 0.0457
11:54:49, 3.53, 106, 54.52, 359.39, 5.59, 0.8877, 0.0176, 0.4577, 0.0458
11:54:49, 3.53, 106, 54.49, 359.40, 5.60, 0.8879, 0.0177, 0.4575, 0.0458
11:54:49, 3.57, 107, 54.45, 359.40, 5.61, 0.8880, 0.0177, 0.4571, 0.0459
11:54:49, 3.57, 107, 54.43, 359.40, 5.60, 0.8881, 0.0177, 0.4570, 0.0459
11:54:49, 3.60, 108, 54.41, 359.41, 5.61, 0.8882, 0.0178, 0.4568, 0.0459
11:54:49, 3.60, 108, 54.36, 359.42, 5.60, 0.8884, 0.0178, 0.4565, 0.0457
11:54:49, 3.60, 108, 54.34, 359.40, 5.61, 0.8885, 0.0177, 0.4563, 0.0459
11:54:49, 3.63, 109, 54.32, 359.42, 5.58, 0.8886, 0.0177, 0.4561, 0.0456
11:54:49, 3.63, 109, 54.29, 359.43, 5.57, 0.8887, 0.0177, 0.4559, 0.0455
11:54:49, 3.67, 110, 54.27, 359.43, 5.57, 0.8887, 0.0177, 0.4558, 0.0455
11:54:49, 3.67, 110, 54.25, 359.44, 5.56, 0.8888, 0.0178, 0.4556, 0.0454
11:54:49, 3.70, 111, 54.24, 359.44, 5.55, 0.8889, 0.0177, 0.4555, 0.0453
11:54:49, 3.70, 111, 54.23, 359.45, 5.56, 0.8889, 0.0178, 0.4554, 0.0453
11:54:49, 3.70, 111, 54.21, 359.40, 5.55, 0.8890, 0.0174, 0.4553, 0.0455
11:54:49, 3.73, 112, 54.17, 359.38, 5.56, 0.8891, 0.0172, 0.4550, 0.0456
11:54:49, 3.73, 112, 54.15, 359.39, 5.55, 0.8893, 0.0173, 0.4548, 0.0455
11:54:49, 3.77, 113, 54.15, 359.40, 5.55, 0.8892, 0.0174, 0.4548, 0.0455
11:54:49, 3.77, 113, 54.13, 359.42, 5.58, 0.8893, 0.0177, 0.4547, 0.0457
11:54:49, 3.77, 113, 54.12, 359.41, 5.58, 0.8893, 0.0176, 0.4546, 0.0457
11:54:49, 3.80, 114, 54.10, 359.42, 5.61, 0.8894, 0.0178, 0.4544, 0.0459
11:54:49, 3.80, 114, 54.05, 359.43, 5.64, 0.8896, 0.0179, 0.4540, 0.0461
11:54:49, 3.83, 115, 54.00, 359.45, 5.64, 0.8898, 0.0181, 0.4536, 0.0460
11:54:49, 3.83, 115, 53.93, 359.46, 5.64, 0.8901, 0.0182, 0.4531, 0.0460
11:54:49, 3.83, 115, 53.89, 359.47, 5.61, 0.8903, 0.0180, 0.4528, 0.0457
11:54:49, 3.87, 116, 53.85, 359.45, 5.62, 0.8904, 0.0179, 0.4525, 0.0458
11:54:49, 3.87, 116, 53.82, 359.47, 5.63, 0.8905, 0.0181, 0.4523, 0.0459
11:54:49, 3.90, 117, 53.81, 359.50, 5.66, 0.8906, 0.0185, 0.4522, 0.0460
11:54:49, 3.90, 117, 53.77, 359.55, 5.70, 0.8907, 0.0190, 0.4518, 0.0462
11:54:49, 3.93, 118, 53.76, 359.56, 5.71, 0.8908, 0.0191, 0.4517, 0.0462
11:54:49, 3.93, 118, 53.72, 359.58, 5.72, 0.8909, 0.0193, 0.4514, 0.0461
11:54:49, 3.93, 118, 53.68, 359.58, 5.72, 0.8911, 0.0193, 0.4511, 0.0462
11:54:49, 3.97, 119, 53.66, 359.59, 5.73, 0.8911, 0.0194, 0.4509, 0.0462
11:54:49, 3.97, 119, 53.63, 359.61, 5.71, 0.8913, 0.0194, 0.4507, 0.0460
11:54:49, 4.00, 120, 53.62, 359.62, 5.73, 0.8913, 0.0195, 0.4506, 0.0461
11:54:49, 4.00, 120, 53.60, 359.60, 5.73, 0.8914, 0.0194, 0.4505, 0.0461
11:54:49, 4.00, 120, 53.60, 359.60, 5.72, 0.8914, 0.0194, 0.4505, 0.0461
11:54:49, 4.03, 121, 53.60, 359.59, 5.75, 0.8914, 0.0194, 0.4505, 0.0464
11:54:49, 4.03, 121, 53.61, 359.57, 5.76, 0.8913, 0.0193, 0.4506, 0.0465
11:54:49, 4.07, 122, 53.61, 359.55, 5.76, 0.8913, 0.0192, 0.4506, 0.0466
11:54:49, 4.07, 122, 53.60, 359.56, 5.76, 0.8913, 0.0192, 0.4505, 0.0466
11:54:49, 4.10, 123, 53.58, 359.56, 5.76, 0.8914, 0.0192, 0.4504, 0.0466
11:54:49, 4.10, 123, 53.57, 359.58, 5.74, 0.8915, 0.0193, 0.4503, 0.0464
11:54:49, 4.10, 123, 53.58, 359.62, 5.73, 0.8915, 0.0196, 0.4503, 0.0461
11:54:49, 4.13, 124, 53.60, 359.63, 5.73, 0.8914, 0.0197, 0.4504, 0.0461
11:54:49, 4.13, 124, 53.59, 359.65, 5.73, 0.8914, 0.0198, 0.4504, 0.0460
11:54:49, 4.17, 125, 53.59, 359.66, 5.74, 0.8914, 0.0200, 0.4504, 0.0460
11:54:49, 4.17, 125, 53.60, 359.66, 5.75, 0.8914, 0.0200, 0.4504, 0.0461
11:54:49, 4.20, 126, 53.60, 359.67, 5.75, 0.8914, 0.0200, 0.4505, 0.0461
11:54:49, 4.20, 126, 53.62, 359.67, 5.76, 0.8913, 0.0201, 0.4506, 0.0461
11:54:49, 4.20, 126, 53.63, 359.67, 5.76, 0.8913, 0.0201, 0.4507, 0.0461
11:54:49, 4.23, 127, 53.64, 359.68, 5.75, 0.8912, 0.0202, 0.4507, 0.0460
11:54:49, 4.23, 127, 53.64, 359.71, 5.74, 0.8912, 0.0203, 0.4508, 0.0459
11:54:49, 4.27, 128, 53.67, 359.72, 5.72, 0.8912, 0.0204, 0.4509, 0.0457
11:54:49, 4.27, 128, 53.68, 359.71, 5.74, 0.8911, 0.0203, 0.4511, 0.0458
11:54:49, 4.27, 128, 53.69, 359.72, 5.72, 0.8910, 0.0204, 0.4512, 0.0457
11:54:49, 4.30, 129, 53.68, 359.73, 5.74, 0.8911, 0.0205, 0.4510, 0.0458
11:54:50, 4.30, 129, 53.68, 359.75, 5.73, 0.8911, 0.0207, 0.4511, 0.0456
11:54:50, 4.33, 130, 53.71, 359.79, 5.71, 0.8910, 0.0209, 0.4512, 0.0453
11:54:50, 4.33, 130, 53.74, 359.83, 5.72, 0.8909, 0.0212, 0.4515, 0.0451
11:54:50, 4.37, 131, 53.78, 359.85, 5.69, 0.8908, 0.0213, 0.4518, 0.0448
11:54:50, 4.37, 131, 53.81, 359.83, 5.69, 0.8906, 0.0211, 0.4520, 0.0450
11:54:50, 4.37, 131, 53.83, 359.82, 5.69, 0.8906, 0.0211, 0.4522, 0.0449
11:54:50, 4.40, 132, 53.84, 359.82, 5.71, 0.8905, 0.0212, 0.4522, 0.0451
11:54:50, 4.40, 132, 53.87, 359.80, 5.70, 0.8904, 0.0210, 0.4525, 0.0451
11:54:50, 4.43, 133, 53.91, 359.80, 5.70, 0.8902, 0.0210, 0.4528, 0.0451
11:54:50, 4.43, 133, 53.96, 359.80, 5.70, 0.8900, 0.0210, 0.4532, 0.0451
11:54:50, 4.43, 133, 53.96, 359.83, 5.69, 0.8900, 0.0212, 0.4532, 0.0449
11:54:50, 4.47, 134, 53.95, 359.83, 5.66, 0.8901, 0.0211, 0.4531, 0.0447
11:54:50, 4.47, 134, 53.95, 359.83, 5.67, 0.8901, 0.0211, 0.4531, 0.0447
11:54:50, 4.50, 135, 53.96, 359.86, 5.66, 0.8900, 0.0213, 0.4532, 0.0445
11:54:50, 4.50, 135, 53.98, 359.89, 5.67, 0.8900, 0.0216, 0.4534, 0.0445
11:54:50, 4.50, 135, 54.00, 359.94, 5.68, 0.8899, 0.0220, 0.4534, 0.0444
11:54:50, 4.53, 136, 54.02, 359.96, 5.68, 0.8898, 0.0222, 0.4536, 0.0443
11:54:50, 4.53, 136, 54.03, 359.97, 5.67, 0.8898, 0.0222, 0.4537, 0.0442
11:54:50, 4.57, 137, 54.05, 359.99, 5.69, 0.8897, 0.0225, 0.4538, 0.0442
11:54:50, 4.57, 137, 54.05, 0.01, 5.67, 0.8897, 0.0225, 0.4538, 0.0440
11:54:50, 4.60, 138, 54.02, 0.03, 5.67, 0.8899, 0.0227, 0.4535, 0.0440
11:54:50, 4.60, 138, 54.03, 0.02, 5.66, 0.8898, 0.0226, 0.4537, 0.0439
11:54:50, 4.60, 138, 54.04, 0.03, 5.65, 0.8898, 0.0226, 0.4537, 0.0438
11:54:50, 4.63, 139, 54.06, 0.03, 5.65, 0.8897, 0.0226, 0.4539, 0.0438
11:54:50, 4.63, 139, 54.07, 0.03, 5.67, 0.8896, 0.0227, 0.4540, 0.0439
11:54:50, 4.67, 140, 54.09, 0.01, 5.67, 0.8896, 0.0226, 0.4541, 0.0440
11:54:50, 4.67, 140, 54.11, 0.01, 5.67, 0.8895, 0.0226, 0.4542, 0.0440
11:54:50, 4.67, 140, 54.11, 0.01, 5.69, 0.8895, 0.0226, 0.4543, 0.0442
11:54:50, 4.70, 141, 54.12, 0.02, 5.69, 0.8894, 0.0227, 0.4544, 0.0441
11:54:50, 4.70, 141, 54.13, 0.06, 5.69, 0.8894, 0.0230, 0.4544, 0.0440
11:54:50, 4.73, 142, 54.12, 0.11, 5.70, 0.8894, 0.0235, 0.4543, 0.0438
11:54:50, 4.73, 142, 54.11, 0.12, 5.68, 0.8895, 0.0235, 0.4543, 0.0436
11:54:50, 4.77, 143, 54.13, 0.16, 5.69, 0.8894, 0.0238, 0.4544, 0.0436
11:54:50, 4.77, 143, 54.13, 0.17, 5.70, 0.8894, 0.0240, 0.4543, 0.0436
11:54:50, 4.77, 143, 54.11, 0.19, 5.74, 0.8895, 0.0242, 0.4542, 0.0438
11:54:50, 4.80, 144, 54.11, 0.20, 5.73, 0.8895, 0.0243, 0.4542, 0.0438
11:54:50, 4.80, 144, 54.11, 0.22, 5.73, 0.8895, 0.0244, 0.4542, 0.0437
11:54:50, 4.83, 145, 54.14, 0.23, 5.72, 0.8894, 0.0245, 0.4544, 0.0435
11:54:50, 4.83, 145, 54.16, 0.24, 5.73, 0.8893, 0.0246, 0.4546, 0.0435
11:54:50, 4.87, 146, 54.19, 0.24, 5.74, 0.8892, 0.0247, 0.4548, 0.0436
11:54:50, 4.87, 146, 54.18, 0.25, 5.73, 0.8892, 0.0247, 0.4547, 0.0435
11:54:50, 4.87, 146, 54.18, 0.26, 5.72, 0.8892, 0.0247, 0.4548, 0.0434
11:54:50, 4.90, 147, 54.20, 0.29, 5.73, 0.8892, 0.0250, 0.4548, 0.0433
11:54:50, 4.90, 147, 54.20, 0.31, 5.74, 0.8892, 0.0252, 0.4548, 0.0433
11:54:50, 4.93, 148, 54.21, 0.33, 5.74, 0.8891, 0.0254, 0.4549, 0.0432
11:54:50, 4.93, 148, 54.21, 0.34, 5.74, 0.8891, 0.0255, 0.4549, 0.0432
11:54:50, 4.93, 148, 54.21, 0.39, 5.74, 0.8891, 0.0259, 0.4549, 0.0430
11:54:50, 4.97, 149, 54.20, 0.40, 5.75, 0.8892, 0.0260, 0.4548, 0.0431
11:54:50, 4.97, 149, 54.20, 0.42, 5.74, 0.8892, 0.0261, 0.4548, 0.0429
11:54:50, 5.00, 150, 54.21, 0.42, 5.74, 0.8891, 0.0261, 0.4549, 0.0429
11:54:50, 5.00, 150, 54.20, 0.41, 5.74, 0.8892, 0.0260, 0.4548, 0.0430
11:54:50, 5.00, 150, 54.21, 0.40, 5.75, 0.8891, 0.0260, 0.4549, 0.0430
11:54:50, 5.03, 151, 54.21, 0.39, 5.73, 0.8891, 0.0258, 0.4549, 0.0429
11:54:50, 5.03, 151, 54.23, 0.39, 5.71, 0.8890, 0.0257, 0.4551, 0.0428
11:54:50, 5.07, 152, 54.24, 0.37, 5.69, 0.8890, 0.0255, 0.4552, 0.0427
11:54:50, 5.07, 152, 54.25, 0.35, 5.69, 0.8890, 0.0254, 0.4552, 0.0428
11:54:50, 5.10, 153, 54.24, 0.35, 5.70, 0.8890, 0.0254, 0.4551, 0.0428
11:54:50, 5.10, 153, 54.23, 0.38, 5.70, 0.8891, 0.0256, 0.4550, 0.0428
11:54:50, 5.10, 153, 54.22, 0.40, 5.71, 0.8891, 0.0258, 0.4550, 0.0428
11:54:50, 5.13, 154, 54.21, 0.41, 5.73, 0.8891, 0.0260, 0.4549, 0.0429
11:54:50, 5.13, 154, 54.21, 0.43, 5.74, 0.8892, 0.0261, 0.4548, 0.0428
11:54:50, 5.17, 155, 54.19, 0.44, 5.73, 0.8892, 0.0262, 0.4547, 0.0428
11:54:50, 5.17, 155, 54.19, 0.44, 5.72, 0.8892, 0.0262, 0.4547, 0.0427
11:54:50, 5.17, 155, 54.18, 0.46, 5.72, 0.8893, 0.0262, 0.4546, 0.0426
11:54:50, 5.20, 156, 54.17, 0.47, 5.71, 0.8893, 0.0263, 0.4546, 0.0425
11:54:50, 5.20, 156, 54.16, 0.46, 5.71, 0.8894, 0.0263, 0.4545, 0.0425
11:54:50, 5.23, 157, 54.15, 0.46, 5.71, 0.8894, 0.0263, 0.4544, 0.0425
11:54:50, 5.23, 157, 54.14, 0.46, 5.71, 0.8894, 0.0262, 0.4543, 0.0425
11:54:50, 5.27, 158, 54.15, 0.45, 5.70, 0.8894, 0.0261, 0.4544, 0.0425
11:54:50, 5.27, 158, 54.17, 0.41, 5.68, 0.8893, 0.0258, 0.4546, 0.0425
11:54:50, 5.27, 158, 54.17, 0.41, 5.69, 0.8893, 0.0257, 0.4546, 0.0425
11:54:50, 5.30, 159, 54.17, 0.39, 5.68, 0.8893, 0.0256, 0.4546, 0.0426
11:54:51, 5.30, 159, 54.18, 0.42, 5.67, 0.8893, 0.0258, 0.4547, 0.0424
11:54:51, 5.33, 160, 54.19, 0.43, 5.66, 0.8892, 0.0258, 0.4548, 0.0422
11:54:51, 5.33, 160, 54.20, 0.45, 5.67, 0.8892, 0.0260, 0.4548, 0.0422
11:54:51, 5.37, 161, 54.20, 0.46, 5.67, 0.8892, 0.0261, 0.4548, 0.0422
11:54:51, 5.37, 161, 54.19, 0.47, 5.68, 0.8892, 0.0262, 0.4547, 0.0422
11:54:51, 5.37, 161, 54.18, 0.47, 5.67, 0.8893, 0.0262, 0.4547, 0.0422
11:54:51, 5.40, 162, 54.18, 0.46, 5.66, 0.8893, 0.0261, 0.4546, 0.0422
11:54:51, 5.40, 162, 54.18, 0.45, 5.66, 0.8893, 0.0260, 0.4546, 0.0422
11:54:51, 5.43, 163, 54.17, 0.44, 5.66, 0.8893, 0.0259, 0.4546, 0.0423
11:54:51, 5.43, 163, 54.16, 0.44, 5.66, 0.8894, 0.0259, 0.4545, 0.0422
11:54:51, 5.43, 163, 54.15, 0.44, 5.66, 0.8894, 0.0259, 0.4544, 0.0422
11:54:51, 5.47, 164, 54.13, 0.45, 5.65, 0.8895, 0.0259, 0.4542, 0.0421
11:54:51, 5.47, 164, 54.10, 0.45, 5.64, 0.8896, 0.0259, 0.4541, 0.0420
11:54:51, 5.50, 165, 54.10, 0.43, 5.63, 0.8896, 0.0257, 0.4540, 0.0420
11:54:51, 5.50, 165, 54.08, 0.44, 5.63, 0.8897, 0.0257, 0.4539, 0.0420
11:54:51, 5.50, 165, 54.05, 0.44, 5.63, 0.8898, 0.0257, 0.4537, 0.0420
11:54:51, 5.53, 166, 54.06, 0.44, 5.63, 0.8898, 0.0257, 0.4537, 0.0420
11:54:51, 5.53, 166, 54.06, 0.44, 5.63, 0.8898, 0.0258, 0.4537, 0.0420
11:54:51, 5.57, 167, 54.06, 0.44, 5.64, 0.8898, 0.0257, 0.4538, 0.0421
11:54:51, 5.57, 167, 54.07, 0.43, 5.65, 0.8897, 0.0257, 0.4538, 0.0422
11:54:51, 5.60, 168, 54.07, 0.41, 5.65, 0.8897, 0.0256, 0.4538, 0.0422
11:54:51, 5.60, 168, 54.06, 0.41, 5.66, 0.8897, 0.0256, 0.4538, 0.0423
11:54:51, 5.60, 168, 54.06, 0.41, 5.66, 0.8898, 0.0256, 0.4538, 0.0424
11:54:51, 5.63, 169, 54.04, 0.42, 5.66, 0.8898, 0.0257, 0.4536, 0.0424
11:54:51, 5.63, 169, 54.03, 0.43, 5.65, 0.8899, 0.0257, 0.4535, 0.0422
11:54:51, 5.67, 170, 53.99, 0.44, 5.63, 0.8901, 0.0257, 0.4532, 0.0420
11:54:51, 5.67, 170, 53.98, 0.44, 5.62, 0.8901, 0.0257, 0.4531, 0.0419
11:54:51, 5.67, 170, 53.96, 0.42, 5.61, 0.8902, 0.0255, 0.4530, 0.0419
11:54:51, 5.70, 171, 53.96, 0.45, 5.61, 0.8902, 0.0257, 0.4529, 0.0418
11:54:51, 5.70, 171, 53.94, 0.46, 5.62, 0.8902, 0.0258, 0.4528, 0.0418
11:54:51, 5.73, 172, 53.95, 0.48, 5.63, 0.8902, 0.0260, 0.4529, 0.0419
11:54:51, 5.73, 172, 53.94, 0.48, 5.64, 0.8903, 0.0261, 0.4528, 0.0419
11:54:51, 5.77, 173, 53.92, 0.48, 5.65, 0.8903, 0.0261, 0.4526, 0.0420
11:54:51, 5.77, 173, 53.91, 0.48, 5.66, 0.8904, 0.0261, 0.4525, 0.0421
11:54:51, 5.77, 173, 53.91, 0.48, 5.66, 0.8903, 0.0261, 0.4526, 0.0421
11:54:51, 5.80, 174, 53.91, 0.48, 5.66, 0.8904, 0.0262, 0.4525, 0.0421
11:54:51, 5.80, 174, 53.90, 0.48, 5.66, 0.8904, 0.0261, 0.4525, 0.0421
11:54:51, 5.83, 175, 53.90, 0.47, 5.65, 0.8904, 0.0260, 0.4525, 0.0421
11:54:51, 5.83, 175, 53.89, 0.46, 5.65, 0.8904, 0.0259, 0.4524, 0.0421
11:54:51, 5.87, 176, 53.89, 0.47, 5.66, 0.8904, 0.0260, 0.4524, 0.0421
11:54:51, 5.87, 176, 53.88, 0.46, 5.65, 0.8905, 0.0259, 0.4523, 0.0421
11:54:51, 5.87, 176, 53.85, 0.46, 5.65, 0.8906, 0.0259, 0.4521, 0.0421
11:54:51, 5.90, 177, 53.82, 0.46, 5.65, 0.8907, 0.0259, 0.4519, 0.0421
11:54:51, 5.90, 177, 53.78, 0.47, 5.63, 0.8909, 0.0258, 0.4515, 0.0419
11:54:51, 5.93, 178, 53.76, 0.47, 5.63, 0.8910, 0.0259, 0.4514, 0.0419
11:54:51, 5.93, 178, 53.75, 0.48, 5.62, 0.8910, 0.0259, 0.4513, 0.0418
11:54:51, 5.93, 178, 53.75, 0.47, 5.60, 0.8910, 0.0257, 0.4513, 0.0418
11:54:51, 5.97, 179, 53.73, 0.46, 5.62, 0.8911, 0.0257, 0.4512, 0.0419
11:54:51, 5.97, 179, 53.72, 0.45, 5.61, 0.8911, 0.0257, 0.4511, 0.0419
11:54:51, 6.00, 180, 53.66, 0.44, 5.62, 0.8913, 0.0255, 0.4507, 0.0420
11:54:51, 6.00, 180, 53.64, 0.43, 5.61, 0.8914, 0.0254, 0.4505, 0.0420
11:54:51, 6.00, 180, 53.59, 0.41, 5.61, 0.8916, 0.0252, 0.4501, 0.0421
11:54:51, 6.03, 181, 53.55, 0.39, 5.58, 0.8918, 0.0250, 0.4498, 0.0419
11:54:51, 6.03, 181, 53.50, 0.38, 5.58, 0.8920, 0.0249, 0.4494, 0.0420
11:54:51, 6.07, 182, 53.42, 0.37, 5.55, 0.8923, 0.0246, 0.4488, 0.0418
11:54:51, 6.07, 182, 53.35, 0.35, 5.52, 0.8926, 0.0243, 0.4483, 0.0417
11:54:51, 6.10, 183, 53.30, 0.33, 5.49, 0.8928, 0.0241, 0.4479, 0.0415
11:54:51, 6.10, 183, 53.26, 0.29, 5.47, 0.8930, 0.0237, 0.4476, 0.0415
11:54:51, 6.10, 183, 53.24, 0.27, 5.46, 0.8930, 0.0234, 0.4474, 0.0415
11:54:51, 6.13, 184, 53.19, 0.21, 5.44, 0.8932, 0.0229, 0.4471, 0.0416
11:54:51, 6.13, 184, 53.13, 0.15, 5.42, 0.8935, 0.0224, 0.4466, 0.0417
11:54:51, 6.17, 185, 53.10, 0.13, 5.43, 0.8936, 0.0222, 0.4464, 0.0418
11:54:51, 6.17, 185, 53.01, 0.10, 5.40, 0.8939, 0.0218, 0.4458, 0.0418
11:54:51, 6.17, 185, 52.93, 0.04, 5.39, 0.8942, 0.0212, 0.4452, 0.0419
11:54:51, 6.20, 186, 52.83, 0.00, 5.37, 0.8946, 0.0208, 0.4444, 0.0419
11:54:51, 6.20, 186, 52.71, 359.95, 5.37, 0.8951, 0.0204, 0.4434, 0.0422
11:54:51, 6.23, 187, 52.57, 359.94, 5.36, 0.8956, 0.0203, 0.4424, 0.0422
11:54:51, 6.23, 187, 52.45, 359.92, 5.34, 0.8961, 0.0199, 0.4415, 0.0421
11:54:51, 6.27, 188, 52.28, 359.89, 5.29, 0.8967, 0.0195, 0.4402, 0.0419
11:54:51, 6.27, 188, 52.15, 359.83, 5.21, 0.8972, 0.0186, 0.4392, 0.0414
11:54:51, 6.27, 188, 51.98, 359.77, 5.19, 0.8979, 0.0181, 0.4379, 0.0416
11:54:51, 6.30, 189, 51.84, 359.72, 5.18, 0.8984, 0.0176, 0.4368, 0.0417
11:54:52, 6.30, 189, 51.69, 359.72, 5.14, 0.8990, 0.0174, 0.4356, 0.0414
11:54:52, 6.33, 190, 51.50, 359.69, 5.10, 0.8997, 0.0169, 0.4341, 0.0413
11:54:52, 6.33, 190, 51.31, 359.65, 5.08, 0.9005, 0.0164, 0.4326, 0.0413
11:54:52, 6.33, 190, 51.08, 359.59, 5.03, 0.9014, 0.0157, 0.4308, 0.0411
11:54:52, 6.37, 191, 50.79, 359.55, 4.98, 0.9024, 0.0151, 0.4286, 0.0409
11:54:52, 6.37, 191, 50.39, 359.49, 4.89, 0.9039, 0.0141, 0.4255, 0.0405
11:54:52, 6.40, 192, 49.94, 359.44, 4.75, 0.9057, 0.0131, 0.4220, 0.0396
11:54:52, 6.40, 192, 49.44, 359.40, 4.63, 0.9075, 0.0122, 0.4181, 0.0388
11:54:52, 6.43, 193, 48.90, 359.39, 4.46, 0.9095, 0.0113, 0.4137, 0.0376
11:54:52, 6.43, 193, 48.40, 359.33, 4.31, 0.9114, 0.0100, 0.4098, 0.0367
11:54:52, 6.43, 193, 47.90, 359.30, 4.17, 0.9132, 0.0091, 0.4058, 0.0357
11:54:52, 6.47, 194, 47.38, 359.26, 4.09, 0.9150, 0.0084, 0.4017, 0.0353
11:54:52, 6.47, 194, 46.94, 359.18, 4.01, 0.9166, 0.0073, 0.3982, 0.0349
11:54:52, 6.50, 195, 46.47, 359.15, 3.99, 0.9182, 0.0069, 0.3945, 0.0349
11:54:52, 6.50, 195, 46.00, 359.04, 3.91, 0.9198, 0.0056, 0.3907, 0.0347
11:54:52, 6.50, 195, 45.52, 359.00, 3.81, 0.9215, 0.0048, 0.3869, 0.0341
11:54:52, 6.53, 196, 45.01, 358.96, 3.74, 0.9232, 0.0041, 0.3829, 0.0336
11:54:52, 6.53, 196, 44.46, 358.94, 3.68, 0.9251, 0.0036, 0.3784, 0.0332
11:54:52, 6.57, 197, 43.91, 358.93, 3.63, 0.9268, 0.0032, 0.3740, 0.0328
11:54:52, 6.57, 197, 43.38, 358.88, 3.48, 0.9286, 0.0021, 0.3697, 0.0318
11:54:52, 6.60, 198, 42.86, 358.84, 3.41, 0.9303, 0.0015, 0.3655, 0.0314
11:54:52, 6.60, 198, 42.39, 358.77, 3.40, 0.9318, 0.0007, 0.3617, 0.0315
11:54:52, 6.60, 198, 41.88, 358.74, 3.34, 0.9334, 0.0001, 0.3575, 0.0312
11:54:52, 6.63, 199, 41.30, 358.74, 3.31, 0.9352, -0.0001, 0.3528, 0.0309
11:54:52, 6.63, 199, 40.69, 358.68, 3.24, 0.9371, -0.0010, 0.3478, 0.0305
11:54:52, 6.67, 200, 40.15, 358.70, 3.17, 0.9387, -0.0011, 0.3434, 0.0299
11:54:52, 6.67, 200, 39.55, 358.63, 3.06, 0.9405, -0.0022, 0.3385, 0.0292
11:54:52, 6.67, 200, 39.01, 358.62, 3.01, 0.9421, -0.0026, 0.3341, 0.0288
11:54:52, 6.70, 201, 38.37, 358.57, 2.95, 0.9440, -0.0033, 0.3288, 0.0284
11:54:52, 6.70, 201, 37.72, 358.53, 2.88, 0.9458, -0.0040, 0.3234, 0.0279
11:54:52, 6.73, 202, 37.07, 358.50, 2.82, 0.9477, -0.0045, 0.3180, 0.0275
11:54:52, 6.73, 202, 36.59, 358.43, 2.79, 0.9490, -0.0053, 0.3141, 0.0274
11:54:52, 6.77, 203, 36.14, 358.38, 2.72, 0.9502, -0.0060, 0.3104, 0.0269
11:54:52, 6.77, 203, 35.67, 358.32, 2.76, 0.9515, -0.0066, 0.3065, 0.0274
11:54:52, 6.77, 203, 35.19, 358.23, 2.78, 0.9527, -0.0074, 0.3025, 0.0277
11:54:52, 6.80, 204, 34.66, 358.18, 2.80, 0.9541, -0.0079, 0.2981, 0.0281
11:54:52, 6.80, 204, 34.10, 358.12, 2.82, 0.9555, -0.0085, 0.2935, 0.0283
11:54:52, 6.83, 205, 33.55, 358.05, 2.86, 0.9569, -0.0091, 0.2889, 0.0288
11:54:52, 6.83, 205, 33.11, 358.05, 2.90, 0.9580, -0.0091, 0.2852, 0.0291
11:54:52, 6.83, 205, 32.62, 357.93, 2.96, 0.9592, -0.0101, 0.2811, 0.0299
11:54:52, 6.87, 206, 32.15, 357.94, 2.99, 0.9603, -0.0100, 0.2772, 0.0300
11:54:52, 6.87, 206, 31.68, 357.87, 3.00, 0.9614, -0.0107, 0.2733, 0.0303
11:54:52, 6.90, 207, 31.27, 357.89, 2.97, 0.9624, -0.0107, 0.2699, 0.0299
11:54:52, 6.90, 207, 30.78, 357.86, 2.96, 0.9635, -0.0112, 0.2657, 0.0299
11:54:52, 6.93, 208, 30.34, 357.79, 2.98, 0.9645, -0.0118, 0.2621, 0.0301
11:54:52, 6.93, 208, 29.97, 357.78, 2.92, 0.9654, -0.0121, 0.2589, 0.0296
11:54:52, 6.93, 208, 29.51, 357.74, 2.96, 0.9664, -0.0125, 0.2550, 0.0300
11:54:52, 6.97, 209, 29.10, 357.73, 2.96, 0.9673, -0.0127, 0.2516, 0.0299
11:54:52, 6.97, 209, 28.74, 357.66, 2.92, 0.9681, -0.0134, 0.2485, 0.0297
11:54:52, 7.00, 210, 28.34, 357.66, 2.95, 0.9689, -0.0135, 0.2452, 0.0300
11:54:52, 7.00, 210, 27.99, 357.67, 2.97, 0.9697, -0.0134, 0.2422, 0.0300
11:54:52, 7.03, 211, 27.69, 357.61, 2.96, 0.9703, -0.0140, 0.2397, 0.0301
11:54:52, 7.03, 211, 27.29, 357.61, 2.92, 0.9711, -0.0142, 0.2363, 0.0297
11:54:52, 7.03, 211, 26.97, 357.59, 2.95, 0.9718, -0.0145, 0.2336, 0.0300
11:54:52, 7.07, 212, 26.68, 357.55, 2.94, 0.9724, -0.0149, 0.2311, 0.0299
11:54:52, 7.07, 212, 26.36, 357.53, 2.94, 0.9730, -0.0152, 0.2284, 0.0299
11:54:52, 7.10, 213, 26.09, 357.48, 2.95, 0.9735, -0.0156, 0.2261, 0.0301
11:54:52, 7.10, 213, 25.89, 357.46, 2.96, 0.9739, -0.0158, 0.2244, 0.0301
11:54:52, 7.10, 213, 25.73, 357.44, 3.02, 0.9742, -0.0160, 0.2231, 0.0306
11:54:52, 7.13, 214, 25.61, 357.40, 3.05, 0.9744, -0.0163, 0.2221, 0.0310
11:54:52, 7.13, 214, 25.47, 357.38, 3.08, 0.9747, -0.0163, 0.2209, 0.0313
11:54:52, 7.17, 215, 25.34, 357.38, 3.12, 0.9749, -0.0163, 0.2198, 0.0316
11:54:52, 7.17, 215, 25.23, 357.36, 3.16, 0.9751, -0.0164, 0.2188, 0.0319
11:54:52, 7.20, 216, 25.11, 357.36, 3.18, 0.9753, -0.0164, 0.2178, 0.0320
11:54:52, 7.20, 216, 25.01, 357.36, 3.22, 0.9755, -0.0164, 0.2170, 0.0324
11:54:52, 7.20, 216, 24.93, 357.37, 3.22, 0.9756, -0.0163, 0.2164, 0.0323
11:54:52, 7.23, 217, 24.87, 357.35, 3.25, 0.9757, -0.0165, 0.2159, 0.0326
11:54:52, 7.23, 217, 24.82, 357.37, 3.29, 0.9758, -0.0163, 0.2154, 0.0330
11:54:52, 7.27, 218, 24.78, 357.38, 3.29, 0.9759, -0.0162, 0.2151, 0.0330
11:54:52, 7.27, 218, 24.74, 357.37, 3.31, 0.9760, -0.0162, 0.2147, 0.0331
11:54:52, 7.27, 218, 24.69, 357.36, 3.31, 0.9761, -0.0163, 0.2143, 0.0331
11:54:52, 7.30, 219, 24.65, 357.35, 3.29, 0.9761, -0.0165, 0.2140, 0.0330
11:54:53, 7.30, 219, 24.62, 357.30, 3.28, 0.9762, -0.0169, 0.2137, 0.0329
11:54:53, 7.33, 220, 24.58, 357.30, 3.26, 0.9763, -0.0170, 0.2133, 0.0328
11:54:53, 7.33, 220, 24.53, 357.31, 3.23, 0.9764, -0.0170, 0.2130, 0.0325
11:54:53, 7.33, 220, 24.52, 357.34, 3.23, 0.9764, -0.0167, 0.2128, 0.0325
11:54:53, 7.37, 221, 24.50, 357.34, 3.23, 0.9764, -0.0167, 0.2127, 0.0325
11:54:53, 7.37, 221, 24.49, 357.35, 3.23, 0.9765, -0.0166, 0.2126, 0.0324
11:54:53, 7.40, 222, 24.46, 357.34, 3.23, 0.9765, -0.0167, 0.2123, 0.0324
11:54:53, 7.40, 222, 24.42, 357.33, 3.21, 0.9766, -0.0169, 0.2120, 0.0323
11:54:53, 7.43, 223, 24.35, 357.30, 3.21, 0.9767, -0.0171, 0.2114, 0.0323
11:54:53, 7.43, 223, 24.29, 357.27, 3.20, 0.9768, -0.0174, 0.2109, 0.0323
11:54:53, 7.43, 223, 24.19, 357.27, 3.20, 0.9770, -0.0174, 0.2101, 0.0323
11:54:53, 7.47, 224, 24.09, 357.25, 3.15, 0.9772, -0.0178, 0.2092, 0.0319
11:54:53, 7.47, 224, 23.98, 357.24, 3.16, 0.9774, -0.0179, 0.2082, 0.0320
11:54:53, 7.50, 225, 23.88, 357.22, 3.13, 0.9776, -0.0181, 0.2074, 0.0317
11:54:53, 7.50, 225, 23.77, 357.21, 3.12, 0.9778, -0.0182, 0.2064, 0.0316
11:54:53, 7.50, 225, 23.68, 357.20, 3.11, 0.9779, -0.0184, 0.2057, 0.0316
11:54:53, 7.53, 226, 23.56, 357.19, 3.11, 0.9781, -0.0184, 0.2047, 0.0316
11:54:53, 7.53, 226, 23.45, 357.21, 3.09, 0.9784, -0.0183, 0.2037, 0.0313
11:54:53, 7.57, 227, 23.33, 357.18, 3.06, 0.9786, -0.0187, 0.2027, 0.0311
11:54:53, 7.57, 227, 23.23, 357.17, 3.06, 0.9787, -0.0188, 0.2018, 0.0311
11:54:53, 7.60, 228, 23.11, 357.16, 3.01, 0.9790, -0.0190, 0.2008, 0.0307
11:54:53, 7.60, 228, 22.99, 357.14, 3.00, 0.9792, -0.0193, 0.1998, 0.0306
11:54:53, 7.60, 228, 22.89, 357.15, 2.96, 0.9794, -0.0193, 0.1990, 0.0302
11:54:53, 7.63, 229, 22.81, 357.14, 2.93, 0.9795, -0.0194, 0.1982, 0.0299
11:54:53, 7.63, 229, 22.72, 357.13, 2.94, 0.9796, -0.0195, 0.1975, 0.0301
11:54:53, 7.67, 230, 22.62, 357.09, 2.92, 0.9798, -0.0199, 0.1966, 0.0300
11:54:53, 7.67, 230, 22.52, 357.08, 2.92, 0.9800, -0.0200, 0.1958, 0.0299
11:54:53, 7.67, 230, 22.39, 357.02, 2.90, 0.9802, -0.0206, 0.1946, 0.0298
11:54:53, 7.70, 231, 22.26, 356.98, 2.86, 0.9804, -0.0210, 0.1935, 0.0295
11:54:53, 7.70, 231, 22.10, 356.95, 2.81, 0.9807, -0.0214, 0.1922, 0.0292
11:54:53, 7.73, 232, 21.94, 356.93, 2.77, 0.9810, -0.0217, 0.1908, 0.0288
11:54:53, 7.73, 232, 21.79, 356.90, 2.72, 0.9812, -0.0221, 0.1895, 0.0284
11:54:53, 7.77, 233, 21.58, 356.90, 2.66, 0.9816, -0.0222, 0.1877, 0.0279
11:54:53, 7.77, 233, 21.37, 356.88, 2.58, 0.9819, -0.0226, 0.1859, 0.0272
11:54:53, 7.77, 233, 21.12, 356.88, 2.52, 0.9824, -0.0227, 0.1837, 0.0266
11:54:53, 7.80, 234, 20.87, 356.86, 2.44, 0.9828, -0.0231, 0.1816, 0.0259
11:54:53, 7.80, 234, 20.61, 356.85, 2.39, 0.9832, -0.0233, 0.1794, 0.0254
11:54:53, 7.83, 235, 20.36, 356.84, 2.33, 0.9836, -0.0236, 0.1772, 0.0249
11:54:53, 7.83, 235, 20.11, 356.79, 2.31, 0.9840, -0.0240, 0.1750, 0.0248
11:54:53, 7.87, 236, 19.85, 356.79, 2.31, 0.9844, -0.0241, 0.1728, 0.0246
11:54:53, 7.87, 236, 19.52, 356.78, 2.29, 0.9848, -0.0243, 0.1700, 0.0244
11:54:53, 7.87, 236, 19.19, 356.79, 2.25, 0.9853, -0.0244, 0.1671, 0.0241
11:54:53, 7.90, 237, 18.86, 356.79, 2.23, 0.9858, -0.0244, 0.1643, 0.0238
11:54:53, 7.90, 237, 18.54, 356.77, 2.17, 0.9863, -0.0248, 0.1615, 0.0233
11:54:53, 7.93, 238, 18.20, 356.76, 2.13, 0.9868, -0.0250, 0.1586, 0.0228
11:54:53, 7.93, 238, 17.90, 356.77, 2.12, 0.9872, -0.0249, 0.1560, 0.0227
11:54:53, 7.93, 238, 17.61, 356.76, 2.11, 0.9876, -0.0251, 0.1535, 0.0225
11:54:53, 7.97, 239, 17.23, 356.76, 2.12, 0.9881, -0.0252, 0.1502, 0.0225
11:54:53, 7.97, 239, 16.91, 356.78, 2.15, 0.9885, -0.0250, 0.1475, 0.0227
11:54:53, 8.00, 240, 16.55, 356.75, 2.11, 0.9889, -0.0254, 0.1444, 0.0223
11:54:53, 8.00, 240, 16.24, 356.78, 2.07, 0.9893, -0.0252, 0.1417, 0.0219
11:54:53, 8.00, 240, 15.92, 356.78, 2.05, 0.9897, -0.0253, 0.1389, 0.0216
11:54:53, 8.03, 241, 15.67, 356.78, 2.07, 0.9900, -0.0254, 0.1367, 0.0217
11:54:53, 8.03, 241, 15.38, 356.78, 2.01, 0.9904, -0.0255, 0.1342, 0.0212
11:54:53, 8.07, 242, 15.12, 356.78, 2.04, 0.9907, -0.0255, 0.1320, 0.0213
11:54:53, 8.07, 242, 14.84, 356.78, 2.00, 0.9910, -0.0256, 0.1296, 0.0209
11:54:53, 8.10, 243, 14.59, 356.78, 1.97, 0.9913, -0.0257, 0.1274, 0.0206
11:54:53, 8.10, 243, 14.35, 356.79, 1.93, 0.9916, -0.0257, 0.1253, 0.0202
11:54:53, 8.10, 243, 14.12, 356.78, 1.94, 0.9918, -0.0258, 0.1233, 0.0203
11:54:53, 8.13, 244, 13.90, 356.77, 1.90, 0.9921, -0.0259, 0.1214, 0.0199
11:54:53, 8.13, 244, 13.70, 356.80, 1.86, 0.9923, -0.0257, 0.1197, 0.0194
11:54:53, 8.17, 245, 13.56, 356.81, 1.85, 0.9924, -0.0257, 0.1184, 0.0193
11:54:53, 8.17, 245, 13.40, 356.83, 1.84, 0.9926, -0.0256, 0.1171, 0.0192
11:54:53, 8.17, 245, 13.26, 356.85, 1.84, 0.9928, -0.0255, 0.1158, 0.0191
11:54:53, 8.20, 246, 13.13, 356.88, 1.83, 0.9929, -0.0253, 0.1147, 0.0190
11:54:53, 8.20, 246, 12.95, 356.91, 1.84, 0.9931, -0.0249, 0.1132, 0.0190
11:54:53, 8.23, 247, 12.79, 356.96, 1.83, 0.9933, -0.0246, 0.1117, 0.0188
11:54:53, 8.23, 247, 12.62, 356.99, 1.81, 0.9934, -0.0244, 0.1102, 0.0186
11:54:53, 8.27, 248, 12.42, 357.00, 1.82, 0.9936, -0.0243, 0.1086, 0.0186
11:54:53, 8.27, 248, 12.26, 357.00, 1.83, 0.9938, -0.0243, 0.1071, 0.0187
11:54:53, 8.27, 248, 12.09, 357.00, 1.82, 0.9939, -0.0243, 0.1057, 0.0186
11:54:53, 8.30, 249, 11.93, 356.99, 1.82, 0.9941, -0.0245, 0.1043, 0.0185
11:54:54, 8.30, 249, 11.78, 356.97, 1.85, 0.9942, -0.0246, 0.1030, 0.0187
11:54:54, 8.33, 250, 11.60, 356.98, 1.87, 0.9944, -0.0245, 0.1015, 0.0189
11:54:54, 8.33, 250, 11.41, 357.01, 1.87, 0.9945, -0.0244, 0.0998, 0.0188
11:54:54, 8.33, 250, 11.22, 357.03, 1.90, 0.9947, -0.0242, 0.0982, 0.0191
11:54:54, 8.37, 251, 11.05, 357.04, 1.89, 0.9948, -0.0241, 0.0967, 0.0189
11:54:54, 8.37, 251, 10.87, 357.04, 1.87, 0.9950, -0.0242, 0.0951, 0.0187
11:54:54, 8.40, 252, 10.72, 357.06, 1.86, 0.9951, -0.0241, 0.0938, 0.0186
11:54:54, 8.40, 252, 10.53, 357.08, 1.84, 0.9953, -0.0239, 0.0921, 0.0184
11:54:54, 8.43, 253, 10.36, 357.07, 1.85, 0.9954, -0.0240, 0.0906, 0.0184
11:54:54, 8.43, 253, 10.22, 357.09, 1.83, 0.9955, -0.0238, 0.0894, 0.0181
11:54:54, 8.43, 253, 10.06, 357.08, 1.83, 0.9957, -0.0240, 0.0880, 0.0182
11:54:54, 8.47, 254, 9.91, 357.10, 1.84, 0.9958, -0.0239, 0.0867, 0.0182
11:54:54, 8.47, 254, 9.75, 357.13, 1.83, 0.9959, -0.0236, 0.0853, 0.0180
11:54:54, 8.50, 255, 9.60, 357.14, 1.83, 0.9960, -0.0235, 0.0840, 0.0180
11:54:54, 8.50, 255, 9.46, 357.16, 1.81, 0.9961, -0.0234, 0.0828, 0.0178
11:54:54, 8.50, 255, 9.29, 357.15, 1.81, 0.9963, -0.0235, 0.0814, 0.0177
11:54:54, 8.53, 256, 9.15, 357.14, 1.78, 0.9964, -0.0237, 0.0801, 0.0175
11:54:54, 8.53, 256, 8.97, 357.13, 1.76, 0.9965, -0.0238, 0.0786, 0.0173
11:54:54, 8.57, 257, 8.82, 357.12, 1.75, 0.9966, -0.0238, 0.0772, 0.0172
11:54:54, 8.57, 257, 8.68, 357.12, 1.74, 0.9967, -0.0239, 0.0760, 0.0171
11:54:54, 8.60, 258, 8.48, 357.14, 1.75, 0.9968, -0.0237, 0.0743, 0.0171
11:54:54, 8.60, 258, 8.30, 357.15, 1.76, 0.9969, -0.0237, 0.0727, 0.0171
11:54:54, 8.60, 258, 8.10, 357.16, 1.72, 0.9971, -0.0237, 0.0709, 0.0167
11:54:54, 8.63, 259, 7.88, 357.13, 1.71, 0.9972, -0.0239, 0.0690, 0.0166
11:54:54, 8.63, 259, 7.69, 357.15, 1.68, 0.9973, -0.0239, 0.0674, 0.0163
11:54:54, 8.67, 260, 7.50, 357.15, 1.68, 0.9974, -0.0239, 0.0657, 0.0162
11:54:54, 8.67, 260, 7.33, 357.17, 1.67, 0.9975, -0.0237, 0.0643, 0.0161
11:54:54, 8.67, 260, 7.16, 357.15, 1.64, 0.9976, -0.0239, 0.0628, 0.0158
11:54:54, 8.70, 261, 6.99, 357.13, 1.65, 0.9977, -0.0241, 0.0613, 0.0159
11:54:54, 8.70, 261, 6.80, 357.13, 1.66, 0.9978, -0.0241, 0.0597, 0.0159
11:54:54, 8.73, 262, 6.61, 357.11, 1.65, 0.9979, -0.0244, 0.0580, 0.0158
11:54:54, 8.73, 262, 6.46, 357.13, 1.63, 0.9980, -0.0242, 0.0567, 0.0156
11:54:54, 8.77, 263, 6.31, 357.19, 1.60, 0.9981, -0.0237, 0.0554, 0.0153
11:54:54, 8.77, 263, 6.21, 357.21, 1.60, 0.9981, -0.0235, 0.0545, 0.0152
11:54:54, 8.77, 263, 6.10, 357.22, 1.60, 0.9982, -0.0235, 0.0535, 0.0153
11:54:54, 8.80, 264, 6.01, 357.25, 1.59, 0.9982, -0.0232, 0.0527, 0.0151
11:54:54, 8.80, 264, 5.89, 357.24, 1.61, 0.9983, -0.0233, 0.0517, 0.0152
11:54:54, 8.83, 265, 5.80, 357.23, 1.61, 0.9983, -0.0234, 0.0510, 0.0152
11:54:54, 8.83, 265, 5.70, 357.20, 1.59, 0.9984, -0.0237, 0.0500, 0.0151
11:54:54, 8.83, 265, 5.59, 357.21, 1.60, 0.9984, -0.0236, 0.0491, 0.0151
11:54:54, 8.87, 266, 5.50, 357.19, 1.58, 0.9984, -0.0238, 0.0483, 0.0149
11:54:54, 8.87, 266, 5.39, 357.18, 1.60, 0.9985, -0.0239, 0.0473, 0.0151
11:54:54, 8.90, 267, 5.25, 357.17, 1.56, 0.9985, -0.0241, 0.0461, 0.0147
11:54:54, 8.90, 267, 5.08, 357.13, 1.59, 0.9986, -0.0244, 0.0446, 0.0149
11:54:54, 8.93, 268, 4.86, 357.12, 1.56, 0.9987, -0.0246, 0.0428, 0.0147
11:54:54, 8.93, 268, 4.61, 357.08, 1.55, 0.9988, -0.0249, 0.0405, 0.0145
11:54:54, 8.93, 268, 4.23, 357.03, 1.49, 0.9989, -0.0254, 0.0373, 0.0139
11:54:54, 8.97, 269, 3.84, 357.01, 1.38, 0.9990, -0.0257, 0.0338, 0.0129
11:54:54, 8.97, 269, 3.39, 357.00, 1.26, 0.9992, -0.0258, 0.0298, 0.0117
11:54:54, 9.00, 270, 2.94, 356.99, 1.15, 0.9993, -0.0260, 0.0259, 0.0107
11:54:54, 9.00, 270, 2.45, 357.02, 1.00, 0.9994, -0.0258, 0.0216, 0.0093
11:54:54, 9.03, 271, 1.97, 356.99, 0.97, 0.9995, -0.0261, 0.0174, 0.0089
11:54:54, 9.03, 271, 1.50, 356.99, 0.87, 0.9995, -0.0262, 0.0133, 0.0079
11:54:54, 9.03, 271, 0.97, 357.00, 0.80, 0.9996, -0.0262, 0.0087, 0.0072
11:54:54, 9.07, 272, 0.51, 357.02, 0.76, 0.9996, -0.0260, 0.0046, 0.0068
11:54:54, 9.07, 272, 0.01, 357.05, 0.74, 0.9996, -0.0257, 0.0003, 0.0064
11:54:54, 9.10, 273, 359.56, 357.07, 0.75, 0.9996, -0.0256, -0.0037, 0.0064
11:54:54, 9.10, 273, 359.07, 357.10, 0.74, 0.9996, -0.0253, -0.0079, 0.0063
11:54:54, 9.10, 273, 358.55, 357.08, 0.69, 0.9996, -0.0256, -0.0125, 0.0057
11:54:54, 9.13, 274, 358.07, 357.06, 0.64, 0.9995, -0.0258, -0.0167, 0.0051
11:54:54, 9.13, 274, 357.62, 357.09, 0.64, 0.9994, -0.0255, -0.0207, 0.0050
11:54:54, 9.17, 275, 357.28, 357.10, 0.60, 0.9994, -0.0254, -0.0236, 0.0046
11:54:54, 9.17, 275, 356.84, 357.08, 0.57, 0.9993, -0.0256, -0.0274, 0.0043
11:54:54, 9.20, 276, 356.54, 357.05, 0.63, 0.9992, -0.0259, -0.0300, 0.0047
11:54:54, 9.20, 276, 356.25, 357.05, 0.64, 0.9991, -0.0259, -0.0326, 0.0048
11:54:54, 9.20, 276, 355.92, 357.05, 0.70, 0.9990, -0.0259, -0.0354, 0.0052
11:54:54, 9.23, 277, 355.60, 357.01, 0.69, 0.9989, -0.0263, -0.0382, 0.0050
11:54:54, 9.23, 277, 355.38, 356.99, 0.72, 0.9988, -0.0265, -0.0401, 0.0052
11:54:54, 9.27, 278, 355.07, 356.97, 0.74, 0.9987, -0.0267, -0.0428, 0.0053
11:54:54, 9.27, 278, 354.78, 356.98, 0.76, 0.9986, -0.0266, -0.0453, 0.0054
11:54:54, 9.27, 278, 354.52, 356.99, 0.76, 0.9985, -0.0266, -0.0477, 0.0053
11:54:54, 9.30, 279, 354.21, 356.96, 0.75, 0.9984, -0.0269, -0.0503, 0.0052
11:54:55, 9.30, 279, 353.91, 356.93, 0.77, 0.9982, -0.0271, -0.0529, 0.0053
11:54:55, 9.33, 280, 353.62, 356.88, 0.74, 0.9981, -0.0276, -0.0555, 0.0049
11:54:55, 9.33, 280, 353.31, 356.89, 0.68, 0.9979, -0.0274, -0.0582, 0.0044
11:54:55, 9.33, 280, 353.02, 356.89, 0.68, 0.9978, -0.0274, -0.0607, 0.0043
11:54:55, 9.37, 281, 352.78, 356.94, 0.64, 0.9977, -0.0270, -0.0628, 0.0039
11:54:55, 9.37, 281, 352.54, 356.97, 0.63, 0.9975, -0.0267, -0.0649, 0.0038
11:54:55, 9.40, 282, 352.31, 356.98, 0.62, 0.9974, -0.0266, -0.0669, 0.0037
11:54:55, 9.40, 282, 352.06, 357.03, 0.64, 0.9973, -0.0263, -0.0690, 0.0038
11:54:55, 9.43, 283, 351.86, 357.04, 0.62, 0.9971, -0.0261, -0.0708, 0.0036
11:54:55, 9.43, 283, 351.65, 357.09, 0.61, 0.9970, -0.0257, -0.0726, 0.0034
11:54:55, 9.43, 283, 351.43, 357.13, 0.61, 0.9969, -0.0254, -0.0746, 0.0034
11:54:55, 9.47, 284, 351.22, 357.18, 0.62, 0.9968, -0.0249, -0.0764, 0.0035
11:54:55, 9.47, 284, 351.03, 357.19, 0.63, 0.9966, -0.0248, -0.0780, 0.0035
11:54:55, 9.50, 285, 350.83, 357.19, 0.63, 0.9965, -0.0249, -0.0797, 0.0035
11:54:55, 9.50, 285, 350.64, 357.18, 0.63, 0.9964, -0.0250, -0.0815, 0.0034
11:54:55, 9.50, 285, 350.46, 357.22, 0.66, 0.9962, -0.0246, -0.0830, 0.0037
11:54:55, 9.53, 286, 350.26, 357.25, 0.67, 0.9961, -0.0244, -0.0848, 0.0038
11:54:55, 9.53, 286, 350.05, 357.28, 0.68, 0.9959, -0.0241, -0.0866, 0.0039
11:54:55, 9.57, 287, 349.82, 357.32, 0.64, 0.9958, -0.0238, -0.0885, 0.0035
11:54:55, 9.57, 287, 349.59, 357.33, 0.62, 0.9956, -0.0237, -0.0906, 0.0033
11:54:55, 9.60, 288, 349.38, 357.34, 0.56, 0.9954, -0.0236, -0.0924, 0.0027
11:54:55, 9.60, 288, 349.13, 357.33, 0.55, 0.9952, -0.0236, -0.0945, 0.0026
11:54:55, 9.60, 288, 348.89, 357.33, 0.51, 0.9950, -0.0236, -0.0967, 0.0021
11:54:55, 9.63, 289, 348.56, 357.32, 0.49, 0.9948, -0.0237, -0.0995, 0.0019
11:54:55, 9.63, 289, 348.14, 357.26, 0.43, 0.9944, -0.0241, -0.1032, 0.0013
11:54:55, 9.67, 290, 347.70, 357.23, 0.33, 0.9940, -0.0243, -0.1071, 0.0002
11:54:55, 9.67, 290, 347.18, 357.17, 0.14, 0.9935, -0.0247, -0.1115, -0.0015
11:54:55, 9.67, 290, 346.73, 357.07, 0.05, 0.9930, -0.0255, -0.1155, -0.0025
11:54:55, 9.70, 291, 346.30, 357.03, 359.87, 0.9925, -0.0256, -0.1193, -0.0042
11:54:55, 9.70, 291, 345.82, 356.97, 359.79, 0.9920, -0.0260, -0.1234, -0.0051
11:54:55, 9.73, 292, 345.44, 356.91, 359.68, 0.9916, -0.0264, -0.1268, -0.0062
11:54:55, 9.73, 292, 344.99, 356.86, 359.58, 0.9910, -0.0267, -0.1307, -0.0072
11:54:55, 9.77, 293, 344.52, 356.83, 359.49, 0.9905, -0.0268, -0.1347, -0.0081
11:54:55, 9.77, 293, 344.16, 356.78, 359.43, 0.9900, -0.0271, -0.1379, -0.0088
11:54:55, 9.77, 293, 343.70, 356.76, 359.39, 0.9895, -0.0273, -0.1419, -0.0093
11:54:55, 9.80, 294, 343.31, 356.68, 359.36, 0.9890, -0.0279, -0.1452, -0.0098
11:54:55, 9.80, 294, 342.93, 356.64, 359.34, 0.9885, -0.0281, -0.1485, -0.0101
11:54:55, 9.83, 295, 342.52, 356.59, 359.31, 0.9879, -0.0285, -0.1520, -0.0105
11:54:55, 9.83, 295, 342.09, 356.54, 359.28, 0.9873, -0.0288, -0.1558, -0.0109
11:54:55, 9.83, 295, 341.75, 356.52, 359.27, 0.9868, -0.0290, -0.1587, -0.0111
11:54:55, 9.87, 296, 341.40, 356.45, 359.25, 0.9863, -0.0295, -0.1617, -0.0114
11:54:55, 9.87, 296, 341.09, 356.34, 359.25, 0.9859, -0.0304, -0.1644, -0.0117
11:54:55, 9.90, 297, 340.78, 356.35, 359.29, 0.9854, -0.0304, -0.1671, -0.0115
11:54:55, 9.90, 297, 340.49, 356.28, 359.31, 0.9850, -0.0310, -0.1695, -0.0115
11:54:55, 9.93, 298, 340.21, 356.24, 359.28, 0.9845, -0.0312, -0.1719, -0.0118
11:54:55, 9.93, 298, 339.86, 356.24, 359.26, 0.9840, -0.0311, -0.1750, -0.0120
11:54:55, 9.93, 298, 339.57, 356.19, 359.25, 0.9835, -0.0316, -0.1775, -0.0124
11:54:55, 9.97, 299, 339.24, 356.15, 359.20, 0.9830, -0.0318, -0.1803, -0.0129
11:54:55, 9.97, 299, 338.94, 356.12, 359.17, 0.9825, -0.0320, -0.1829, -0.0133
