Timestamp, VideoTime, VideoFrame, HeadYaw, HeadPitch, HeadRoll, HeadQuatW, HeadQuatX, HeadQuatY, HeadQuatZ
11:56:47, 0.00, 0, 18.05, 348.22, 355.23, 0.9822, -0.1077, 0.1517, -0.0248
11:56:47, 0.03, 1, 18.06, 348.23, 355.24, 0.9822, -0.1077, 0.1518, -0.0247
11:56:47, 0.03, 1, 18.04, 348.24, 355.26, 0.9823, -0.1076, 0.1517, -0.0246
11:56:47, 0.03, 1, 18.03, 348.22, 355.29, 0.9823, -0.1076, 0.1516, -0.0243
11:56:47, 0.07, 2, 18.03, 348.22, 355.33, 0.9823, -0.1076, 0.1516, -0.0239
11:56:47, 0.07, 2, 18.02, 348.21, 355.34, 0.9823, -0.1077, 0.1515, -0.0238
11:56:47, 0.10, 3, 17.99, 348.21, 355.37, 0.9823, -0.1076, 0.1513, -0.0236
11:56:47, 0.10, 3, 17.99, 348.19, 355.38, 0.9823, -0.1078, 0.1513, -0.0235
11:56:47, 0.10, 3, 17.98, 348.19, 355.40, 0.9823, -0.1078, 0.1512, -0.0234
11:56:47, 0.13, 4, 17.98, 348.17, 355.38, 0.9823, -0.1080, 0.1512, -0.0235
11:56:48, 0.13, 4, 17.98, 348.17, 355.40, 0.9823, -0.1080, 0.1512, -0.0233
11:56:48, 0.17, 5, 17.98, 348.16, 355.40, 0.9823, -0.1080, 0.1512, -0.0234
11:56:48, 0.17, 5, 17.99, 348.15, 355.39, 0.9823, -0.1082, 0.1513, -0.0234
11:56:48, 0.17, 5, 17.99, 348.13, 355.40, 0.9823, -0.1083, 0.1513, -0.0233
11:56:48, 0.20, 6, 18.00, 348.09, 355.41, 0.9822, -0.1086, 0.1513, -0.0231
11:56:48, 0.20, 6, 17.98, 348.07, 355.42, 0.9822, -0.1088, 0.1512, -0.0230
11:56:48, 0.23, 7, 18.01, 348.05, 355.39, 0.9822, -0.1090, 0.1514, -0.0232
11:56:48, 0.23, 7, 18.02, 348.05, 355.39, 0.9822, -0.1090, 0.1515, -0.0232
11:56:48, 0.27, 8, 18.01, 348.06, 355.39, 0.9822, -0.1089, 0.1515, -0.0232
11:56:48, 0.27, 8, 18.01, 348.07, 355.39, 0.9822, -0.1088, 0.1514, -0.0233
11:56:48, 0.27, 8, 18.03, 348.09, 355.38, 0.9822, -0.1087, 0.1516, -0.0234
11:56:48, 0.30, 9, 18.06, 348.09, 355.37, 0.9821, -0.1087, 0.1519, -0.0234
11:56:48, 0.30, 9, 18.10, 348.11, 355.38, 0.9821, -0.1085, 0.1522, -0.0233
11:56:48, 0.33, 10, 18.15, 348.11, 355.38, 0.9820, -0.1086, 0.1526, -0.0233
11:56:48, 0.33, 10, 18.18, 348.14, 355.38, 0.9820, -0.1083, 0.1529, -0.0233
11:56:48, 0.37, 11, 18.22, 348.12, 355.36, 0.9819, -0.1084, 0.1532, -0.0234
11:56:48, 0.37, 11, 18.26, 348.12, 355.35, 0.9819, -0.1085, 0.1535, -0.0235
11:56:48, 0.37, 11, 18.30, 348.10, 355.32, 0.9818, -0.1087, 0.1538, -0.0236
11:56:48, 0.40, 12, 18.34, 348.10, 355.31, 0.9818, -0.1088, 0.1542, -0.0237
11:56:48, 0.40, 12, 18.39, 348.08, 355.29, 0.9817, -0.1089, 0.1546, -0.0238
11:56:48, 0.43, 13, 18.44, 348.08, 355.27, 0.9816, -0.1090, 0.1550, -0.0239
11:56:48, 0.43, 13, 18.47, 348.09, 355.24, 0.9815, -0.1090, 0.1553, -0.0241
11:56:48, 0.43, 13, 18.52, 348.08, 355.24, 0.9815, -0.1090, 0.1557, -0.0241
11:56:48, 0.47, 14, 18.56, 348.08, 355.23, 0.9814, -0.1091, 0.1560, -0.0241
11:56:48, 0.47, 14, 18.61, 348.09, 355.22, 0.9814, -0.1090, 0.1564, -0.0242
11:56:48, 0.50, 15, 18.62, 348.09, 355.22, 0.9813, -0.1090, 0.1565, -0.0242
11:56:48, 0.50, 15, 18.66, 348.09, 355.21, 0.9813, -0.1090, 0.1568, -0.0242
11:56:48, 0.50, 15, 18.68, 348.09, 355.20, 0.9813, -0.1090, 0.1570, -0.0243
11:56:48, 0.53, 16, 18.70, 348.07, 355.16, 0.9812, -0.1093, 0.1571, -0.0246
11:56:48, 0.53, 16, 18.71, 348.07, 355.17, 0.9812, -0.1093, 0.1572, -0.0245
11:56:48, 0.57, 17, 18.71, 348.07, 355.16, 0.9812, -0.1093, 0.1572, -0.0246
11:56:48, 0.57, 17, 18.72, 348.06, 355.15, 0.9812, -0.1094, 0.1573, -0.0246
11:56:48, 0.60, 18, 18.73, 348.05, 355.13, 0.9811, -0.1095, 0.1573, -0.0248
11:56:48, 0.60, 18, 18.75, 348.01, 355.09, 0.9811, -0.1099, 0.1574, -0.0250
11:56:48, 0.60, 18, 18.74, 348.02, 355.05, 0.9811, -0.1099, 0.1573, -0.0254
11:56:48, 0.63, 19, 18.72, 347.99, 355.02, 0.9811, -0.1102, 0.1571, -0.0256
11:56:48, 0.63, 19, 18.72, 347.94, 354.96, 0.9810, -0.1107, 0.1570, -0.0261
11:56:48, 0.67, 20, 18.74, 347.94, 354.92, 0.9810, -0.1108, 0.1571, -0.0264
11:56:48, 0.67, 20, 18.76, 347.95, 354.90, 0.9810, -0.1106, 0.1573, -0.0266
11:56:48, 0.70, 21, 18.76, 347.93, 354.87, 0.9809, -0.1108, 0.1573, -0.0268
11:56:48, 0.70, 21, 18.76, 347.97, 354.84, 0.9810, -0.1105, 0.1573, -0.0271
11:56:48, 0.70, 21, 18.78, 347.98, 354.83, 0.9810, -0.1105, 0.1574, -0.0272
11:56:48, 0.73, 22, 18.80, 347.98, 354.80, 0.9809, -0.1105, 0.1576, -0.0274
11:56:48, 0.73, 22, 18.81, 347.99, 354.77, 0.9809, -0.1105, 0.1576, -0.0277
11:56:48, 0.77, 23, 18.82, 348.01, 354.71, 0.9809, -0.1104, 0.1577, -0.0282
11:56:48, 0.77, 23, 18.82, 348.03, 354.68, 0.9809, -0.1103, 0.1576, -0.0285
11:56:48, 0.77, 23, 18.84, 348.03, 354.63, 0.9809, -0.1104, 0.1577, -0.0289
11:56:48, 0.80, 24, 18.85, 348.00, 354.58, 0.9808, -0.1107, 0.1578, -0.0293
11:56:48, 0.80, 24, 18.87, 348.00, 354.52, 0.9808, -0.1108, 0.1579, -0.0298
11:56:48, 0.83, 25, 18.88, 348.01, 354.45, 0.9807, -0.1108, 0.1580, -0.0303
11:56:48, 0.83, 25, 18.89, 348.02, 354.40, 0.9807, -0.1108, 0.1580, -0.0309
11:56:48, 0.83, 25, 18.89, 348.04, 354.32, 0.9807, -0.1108, 0.1579, -0.0315
11:56:48, 0.87, 26, 18.95, 348.09, 354.24, 0.9807, -0.1105, 0.1583, -0.0323
11:56:48, 0.87, 26, 18.94, 348.12, 354.17, 0.9807, -0.1103, 0.1582, -0.0329
11:56:48, 0.90, 27, 18.96, 348.17, 354.12, 0.9807, -0.1099, 0.1584, -0.0334
11:56:48, 0.90, 27, 19.00, 348.22, 354.05, 0.9806, -0.1096, 0.1587, -0.0340
11:56:48, 0.93, 28, 18.99, 348.28, 354.00, 0.9807, -0.1092, 0.1586, -0.0345
11:56:48, 0.93, 28, 18.98, 348.32, 354.00, 0.9807, -0.1088, 0.1585, -0.0346
11:56:48, 0.93, 28, 18.96, 348.34, 353.97, 0.9808, -0.1087, 0.1583, -0.0349
11:56:48, 0.97, 29, 18.93, 348.38, 353.99, 0.9808, -0.1083, 0.1581, -0.0349
11:56:48, 0.97, 29, 18.90, 348.40, 354.01, 0.9809, -0.1081, 0.1580, -0.0347
11:56:48, 1.00, 30, 18.89, 348.40, 354.03, 0.9809, -0.1080, 0.1578, -0.0346
11:56:48, 1.00, 30, 18.88, 348.43, 354.05, 0.9810, -0.1078, 0.1578, -0.0344
11:56:48, 1.03, 31, 18.84, 348.44, 354.08, 0.9810, -0.1076, 0.1575, -0.0342
11:56:48, 1.03, 31, 18.76, 348.44, 354.15, 0.9812, -0.1075, 0.1569, -0.0337
11:56:48, 1.03, 31, 18.73, 348.47, 354.21, 0.9813, -0.1071, 0.1567, -0.0333
11:56:48, 1.07, 32, 18.66, 348.53, 354.26, 0.9814, -0.1066, 0.1561, -0.0330
11:56:48, 1.07, 32, 18.58, 348.53, 354.34, 0.9815, -0.1064, 0.1556, -0.0324
11:56:48, 1.10, 33, 18.48, 348.53, 354.40, 0.9817, -0.1063, 0.1548, -0.0320
11:56:48, 1.10, 33, 18.36, 348.52, 354.42, 0.9819, -0.1063, 0.1537, -0.0319
11:56:48, 1.10, 33, 18.22, 348.52, 354.43, 0.9820, -0.1063, 0.1526, -0.0319
11:56:48, 1.13, 34, 18.07, 348.47, 354.47, 0.9822, -0.1067, 0.1513, -0.0316
11:56:49, 1.13, 34, 17.93, 348.39, 354.53, 0.9823, -0.1072, 0.1501, -0.0311
11:56:49, 1.17, 35, 17.78, 348.39, 354.56, 0.9826, -0.1071, 0.1488, -0.0311
11:56:49, 1.17, 35, 17.64, 348.20, 354.56, 0.9826, -0.1087, 0.1475, -0.0309
11:56:49, 1.20, 36, 17.46, 348.08, 354.51, 0.9827, -0.1098, 0.1459, -0.0313
11:56:49, 1.20, 36, 17.26, 347.93, 354.50, 0.9828, -0.1110, 0.1440, -0.0314
11:56:49, 1.20, 36, 17.01, 347.82, 354.48, 0.9830, -0.1119, 0.1419, -0.0317
11:56:49, 1.23, 37, 16.82, 347.75, 354.46, 0.9832, -0.1125, 0.1402, -0.0319
11:56:49, 1.23, 37, 16.58, 347.87, 354.46, 0.9836, -0.1114, 0.1381, -0.0324
11:56:49, 1.27, 38, 16.31, 348.08, 354.52, 0.9841, -0.1094, 0.1360, -0.0323
11:56:49, 1.27, 38, 16.07, 348.05, 354.46, 0.9844, -0.1097, 0.1339, -0.0331
11:56:49, 1.27, 38, 15.84, 347.95, 354.38, 0.9845, -0.1105, 0.1318, -0.0338
11:56:49, 1.30, 39, 15.63, 347.71, 354.43, 0.9846, -0.1125, 0.1298, -0.0333
11:56:49, 1.30, 39, 15.44, 347.43, 354.48, 0.9845, -0.1148, 0.1281, -0.0328
11:56:49, 1.33, 40, 15.31, 347.32, 354.52, 0.9846, -0.1157, 0.1270, -0.0324
11:56:49, 1.33, 40, 15.17, 347.32, 354.58, 0.9848, -0.1155, 0.1259, -0.0320
11:56:49, 1.37, 41, 15.06, 347.35, 354.62, 0.9849, -0.1152, 0.1249, -0.0319
11:56:49, 1.37, 41, 14.98, 347.39, 354.68, 0.9851, -0.1148, 0.1244, -0.0315
11:56:49, 1.37, 41, 14.94, 347.42, 354.71, 0.9851, -0.1145, 0.1241, -0.0313
11:56:49, 1.40, 42, 14.90, 347.37, 354.69, 0.9851, -0.1149, 0.1237, -0.0314
11:56:49, 1.40, 42, 14.88, 347.29, 354.71, 0.9851, -0.1156, 0.1235, -0.0312
11:56:49, 1.43, 43, 14.86, 347.16, 354.70, 0.9850, -0.1167, 0.1232, -0.0311
11:56:49, 1.43, 43, 14.84, 347.13, 354.70, 0.9850, -0.1170, 0.1230, -0.0311
11:56:49, 1.43, 43, 14.85, 347.12, 354.66, 0.9850, -0.1171, 0.1231, -0.0314
11:56:49, 1.47, 44, 14.88, 347.15, 354.62, 0.9850, -0.1169, 0.1233, -0.0318
11:56:49, 1.47, 44, 14.91, 347.20, 354.57, 0.9849, -0.1166, 0.1236, -0.0322
11:56:49, 1.50, 45, 14.97, 347.26, 354.55, 0.9849, -0.1161, 0.1241, -0.0324
11:56:49, 1.50, 45, 15.07, 347.28, 354.51, 0.9848, -0.1159, 0.1249, -0.0327
11:56:49, 1.53, 46, 15.12, 347.34, 354.47, 0.9848, -0.1155, 0.1253, -0.0330
11:56:49, 1.53, 46, 15.17, 347.47, 354.46, 0.9849, -0.1144, 0.1258, -0.0333
11:56:49, 1.53, 46, 15.23, 347.59, 354.43, 0.9849, -0.1134, 0.1263, -0.0336
11:56:49, 1.57, 47, 15.24, 347.65, 354.42, 0.9849, -0.1129, 0.1265, -0.0337
11:56:49, 1.57, 47, 15.30, 347.67, 354.39, 0.9849, -0.1128, 0.1270, -0.0339
11:56:49, 1.60, 48, 15.38, 347.68, 354.37, 0.9848, -0.1127, 0.1276, -0.0341
11:56:49, 1.60, 48, 15.45, 347.69, 354.37, 0.9847, -0.1126, 0.1282, -0.0340
11:56:49, 1.60, 48, 15.51, 347.80, 354.36, 0.9848, -0.1118, 0.1289, -0.0342
11:56:49, 1.63, 49, 15.58, 347.90, 354.33, 0.9848, -0.1109, 0.1295, -0.0344
11:56:49, 1.63, 49, 15.56, 348.04, 354.36, 0.9849, -0.1097, 0.1294, -0.0344
11:56:49, 1.67, 50, 15.54, 348.14, 354.43, 0.9850, -0.1088, 0.1293, -0.0339
11:56:49, 1.67, 50, 15.66, 348.16, 354.49, 0.9849, -0.1086, 0.1304, -0.0333
11:56:49, 1.70, 51, 15.82, 348.04, 354.52, 0.9847, -0.1096, 0.1318, -0.0328
11:56:49, 1.70, 51, 16.02, 348.05, 354.52, 0.9844, -0.1096, 0.1335, -0.0326
11:56:49, 1.70, 51, 16.26, 348.05, 354.52, 0.9842, -0.1097, 0.1355, -0.0324
11:56:49, 1.73, 52, 16.50, 348.10, 354.47, 0.9839, -0.1093, 0.1376, -0.0326
11:56:49, 1.73, 52, 16.69, 348.22, 354.45, 0.9838, -0.1084, 0.1393, -0.0327
11:56:49, 1.77, 53, 16.90, 348.32, 354.48, 0.9836, -0.1076, 0.1411, -0.0324
11:56:49, 1.77, 53, 17.09, 348.43, 354.51, 0.9834, -0.1067, 0.1429, -0.0321
11:56:49, 1.77, 53, 17.28, 348.45, 354.51, 0.9832, -0.1065, 0.1445, -0.0320
11:56:49, 1.80, 54, 17.43, 348.47, 354.47, 0.9830, -0.1065, 0.1458, -0.0323
11:56:49, 1.80, 54, 17.51, 348.44, 354.50, 0.9829, -0.1067, 0.1465, -0.0319
11:56:49, 1.83, 55, 17.53, 348.39, 354.48, 0.9828, -0.1072, 0.1466, -0.0319
11:56:49, 1.83, 55, 17.49, 348.27, 354.45, 0.9828, -0.1082, 0.1462, -0.0321
11:56:49, 1.83, 55, 17.43, 348.16, 354.41, 0.9828, -0.1092, 0.1455, -0.0323
11:56:49, 1.87, 56, 17.36, 348.13, 354.46, 0.9829, -0.1093, 0.1450, -0.0319
11:56:49, 1.87, 56, 17.42, 348.23, 354.52, 0.9829, -0.1085, 0.1456, -0.0315
11:56:49, 1.90, 57, 17.50, 348.31, 354.40, 0.9828, -0.1079, 0.1462, -0.0326
11:56:49, 1.90, 57, 17.57, 348.51, 354.20, 0.9828, -0.1065, 0.1467, -0.0345
11:56:49, 1.93, 58, 17.59, 348.64, 354.09, 0.9829, -0.1056, 0.1469, -0.0355
11:56:49, 1.93, 58, 17.69, 348.66, 354.03, 0.9827, -0.1055, 0.1477, -0.0360
11:56:49, 1.93, 58, 17.77, 348.70, 353.97, 0.9826, -0.1053, 0.1483, -0.0365
11:56:49, 1.97, 59, 17.87, 348.76, 353.92, 0.9825, -0.1048, 0.1492, -0.0370
11:56:49, 1.97, 59, 17.94, 348.82, 353.86, 0.9825, -0.1044, 0.1498, -0.0375
11:56:49, 2.00, 60, 18.10, 348.78, 353.72, 0.9822, -0.1050, 0.1510, -0.0385
11:56:49, 2.00, 60, 18.25, 348.67, 353.59, 0.9819, -0.1061, 0.1521, -0.0393
11:56:49, 2.03, 61, 18.34, 348.72, 353.43, 0.9817, -0.1059, 0.1528, -0.0406
11:56:49, 2.03, 61, 18.43, 348.79, 353.33, 0.9816, -0.1056, 0.1535, -0.0415
11:56:49, 2.03, 61, 18.47, 348.88, 353.19, 0.9816, -0.1050, 0.1537, -0.0428
11:56:49, 2.07, 62, 18.48, 348.96, 353.06, 0.9816, -0.1045, 0.1537, -0.0440
11:56:49, 2.07, 62, 18.48, 348.93, 352.99, 0.9815, -0.1048, 0.1537, -0.0446
11:56:49, 2.10, 63, 18.46, 348.81, 352.92, 0.9814, -0.1059, 0.1533, -0.0450
11:56:49, 2.10, 63, 18.49, 348.83, 352.87, 0.9814, -0.1058, 0.1536, -0.0455
11:56:49, 2.10, 63, 18.46, 348.81, 352.81, 0.9814, -0.1060, 0.1533, -0.0460
11:56:49, 2.13, 64, 18.47, 348.85, 352.72, 0.9814, -0.1058, 0.1533, -0.0468
11:56:50, 2.13, 64, 18.47, 348.92, 352.64, 0.9814, -0.1054, 0.1533, -0.0476
11:56:50, 2.17, 65, 18.49, 348.97, 352.56, 0.9814, -0.1051, 0.1534, -0.0484
11:56:50, 2.17, 65, 18.48, 349.04, 352.43, 0.9814, -0.1046, 0.1532, -0.0496
11:56:50, 2.20, 66, 18.46, 349.03, 352.37, 0.9814, -0.1048, 0.1530, -0.0500
11:56:50, 2.20, 66, 18.44, 348.95, 352.29, 0.9813, -0.1055, 0.1527, -0.0507
11:56:50, 2.20, 66, 18.41, 349.09, 352.25, 0.9814, -0.1044, 0.1526, -0.0513
11:56:50, 2.23, 67, 18.38, 349.10, 352.23, 0.9815, -0.1043, 0.1522, -0.0515
11:56:50, 2.23, 67, 18.37, 349.18, 352.22, 0.9815, -0.1036, 0.1522, -0.0517
11:56:50, 2.27, 68, 18.45, 349.17, 352.19, 0.9814, -0.1038, 0.1529, -0.0519
11:56:50, 2.27, 68, 18.52, 349.14, 352.12, 0.9813, -0.1042, 0.1534, -0.0523
11:56:50, 2.27, 68, 18.63, 349.10, 352.06, 0.9811, -0.1047, 0.1542, -0.0527
11:56:50, 2.30, 69, 18.67, 349.20, 351.98, 0.9810, -0.1039, 0.1546, -0.0534
11:56:50, 2.30, 69, 18.73, 349.15, 351.92, 0.9809, -0.1044, 0.1550, -0.0539
11:56:50, 2.33, 70, 18.72, 349.22, 351.90, 0.9810, -0.1039, 0.1549, -0.0541
11:56:50, 2.33, 70, 18.77, 349.27, 351.93, 0.9809, -0.1035, 0.1555, -0.0539
11:56:50, 2.37, 71, 18.82, 349.26, 351.92, 0.9808, -0.1036, 0.1559, -0.0539
11:56:50, 2.37, 71, 18.89, 349.25, 351.86, 0.9807, -0.1038, 0.1564, -0.0543
11:56:50, 2.37, 71, 18.93, 349.15, 351.83, 0.9806, -0.1046, 0.1566, -0.0545
11:56:50, 2.40, 72, 18.93, 349.13, 351.83, 0.9806, -0.1049, 0.1566, -0.0544
11:56:50, 2.40, 72, 18.93, 349.12, 351.80, 0.9805, -0.1050, 0.1566, -0.0547
11:56:50, 2.43, 73, 18.86, 349.17, 351.82, 0.9807, -0.1045, 0.1561, -0.0546
11:56:50, 2.43, 73, 18.82, 349.27, 351.86, 0.9808, -0.1036, 0.1558, -0.0545
11:56:50, 2.43, 73, 18.76, 349.36, 351.85, 0.9810, -0.1028, 0.1554, -0.0547
11:56:50, 2.47, 74, 18.72, 349.42, 351.84, 0.9811, -0.1023, 0.1551, -0.0549
11:56:50, 2.47, 74, 18.67, 349.49, 351.86, 0.9812, -0.1016, 0.1547, -0.0549
11:56:50, 2.50, 75, 18.63, 349.59, 351.87, 0.9813, -0.1007, 0.1545, -0.0550
11:56:50, 2.50, 75, 18.60, 349.54, 351.87, 0.9813, -0.1011, 0.1542, -0.0549
11:56:50, 2.53, 76, 18.59, 349.51, 351.86, 0.9813, -0.1014, 0.1541, -0.0550
11:56:50, 2.53, 76, 18.58, 349.46, 351.87, 0.9813, -0.1018, 0.1539, -0.0549
11:56:50, 2.53, 76, 18.55, 349.45, 351.89, 0.9813, -0.1018, 0.1537, -0.0547
11:56:50, 2.57, 77, 18.55, 349.46, 351.89, 0.9813, -0.1018, 0.1537, -0.0547
11:56:50, 2.57, 77, 18.56, 349.44, 351.90, 0.9813, -0.1019, 0.1537, -0.0546
11:56:50, 2.60, 78, 18.54, 349.48, 351.91, 0.9814, -0.1016, 0.1537, -0.0546
11:56:50, 2.60, 78, 18.49, 349.52, 352.00, 0.9815, -0.1011, 0.1533, -0.0539
11:56:50, 2.60, 78, 18.47, 349.43, 352.03, 0.9815, -0.1018, 0.1531, -0.0535
11:56:50, 2.63, 79, 18.45, 349.21, 352.03, 0.9814, -0.1037, 0.1528, -0.0533
11:56:50, 2.63, 79, 18.45, 349.04, 352.07, 0.9813, -0.1051, 0.1527, -0.0527
11:56:50, 2.67, 80, 18.41, 348.90, 352.06, 0.9812, -0.1063, 0.1522, -0.0526
11:56:50, 2.67, 80, 18.36, 348.90, 352.04, 0.9813, -0.1062, 0.1518, -0.0529
11:56:50, 2.70, 81, 18.25, 348.94, 352.01, 0.9814, -0.1060, 0.1509, -0.0532
11:56:50, 2.70, 81, 18.17, 348.95, 351.98, 0.9815, -0.1058, 0.1502, -0.0535
11:56:50, 2.70, 81, 18.09, 348.93, 351.97, 0.9816, -0.1059, 0.1494, -0.0537
11:56:50, 2.73, 82, 18.02, 348.86, 351.96, 0.9816, -0.1066, 0.1488, -0.0537
11:56:50, 2.73, 82, 17.94, 348.79, 351.99, 0.9817, -0.1071, 0.1480, -0.0535
11:56:50, 2.77, 83, 17.85, 348.78, 352.03, 0.9818, -0.1070, 0.1474, -0.0532
11:56:50, 2.77, 83, 17.80, 348.81, 352.05, 0.9819, -0.1068, 0.1469, -0.0531
11:56:50, 2.77, 83, 17.78, 348.86, 352.07, 0.9820, -0.1063, 0.1468, -0.0531
11:56:50, 2.80, 84, 17.74, 348.90, 352.09, 0.9821, -0.1059, 0.1465, -0.0530
11:56:50, 2.80, 84, 17.76, 348.93, 352.11, 0.9821, -0.1056, 0.1468, -0.0528
11:56:50, 2.83, 85, 17.77, 348.87, 352.15, 0.9821, -0.1061, 0.1468, -0.0523
11:56:50, 2.83, 85, 17.84, 348.79, 352.17, 0.9819, -0.1068, 0.1473, -0.0521
11:56:50, 2.87, 86, 17.94, 348.76, 352.15, 0.9818, -0.1071, 0.1482, -0.0521
11:56:50, 2.87, 86, 18.01, 348.77, 352.11, 0.9817, -0.1072, 0.1488, -0.0523
11:56:50, 2.87, 86, 18.08, 348.84, 352.10, 0.9816, -0.1066, 0.1494, -0.0525
11:56:50, 2.90, 87, 18.13, 348.87, 352.06, 0.9815, -0.1064, 0.1498, -0.0528
11:56:50, 2.90, 87, 18.14, 348.85, 352.03, 0.9815, -0.1066, 0.1498, -0.0530
11:56:50, 2.93, 88, 18.18, 348.89, 352.00, 0.9815, -0.1063, 0.1502, -0.0533
11:56:50, 2.93, 88, 18.22, 348.87, 351.95, 0.9814, -0.1066, 0.1504, -0.0537
11:56:50, 2.93, 88, 18.24, 348.86, 351.93, 0.9813, -0.1067, 0.1506, -0.0538
11:56:50, 2.97, 89, 18.25, 348.89, 351.91, 0.9813, -0.1065, 0.1507, -0.0540
11:56:50, 2.97, 89, 18.25, 349.00, 351.89, 0.9814, -0.1055, 0.1508, -0.0543
11:56:50, 3.00, 90, 18.24, 349.10, 351.88, 0.9815, -0.1047, 0.1508, -0.0546
11:56:50, 3.00, 90, 18.25, 349.08, 351.85, 0.9815, -0.1049, 0.1508, -0.0548
11:56:50, 3.03, 91, 18.24, 349.04, 351.86, 0.9814, -0.1053, 0.1507, -0.0547
11:56:50, 3.03, 91, 18.28, 348.97, 351.86, 0.9813, -0.1059, 0.1510, -0.0545
11:56:50, 3.03, 91, 18.33, 349.00, 351.87, 0.9813, -0.1056, 0.1514, -0.0544
11:56:50, 3.07, 92, 18.36, 349.03, 351.86, 0.9813, -0.1054, 0.1517, -0.0545
11:56:50, 3.07, 92, 18.38, 349.11, 351.85, 0.9813, -0.1047, 0.1520, -0.0547
11:56:50, 3.10, 93, 18.41, 349.15, 351.86, 0.9813, -0.1044, 0.1522, -0.0547
11:56:50, 3.10, 93, 18.41, 349.16, 351.85, 0.9813, -0.1043, 0.1522, -0.0547
11:56:50, 3.10, 93, 18.43, 349.17, 351.84, 0.9813, -0.1042, 0.1524, -0.0548
11:56:50, 3.13, 94, 18.47, 349.14, 351.82, 0.9812, -0.1046, 0.1527, -0.0549
11:56:51, 3.13, 94, 18.50, 349.12, 351.79, 0.9811, -0.1048, 0.1529, -0.0551
11:56:51, 3.17, 95, 18.52, 349.10, 351.78, 0.9811, -0.1050, 0.1530, -0.0552
11:56:51, 3.17, 95, 18.54, 349.07, 351.76, 0.9810, -0.1052, 0.1532, -0.0553
11:56:51, 3.20, 96, 18.55, 349.06, 351.74, 0.9810, -0.1054, 0.1532, -0.0555
11:56:51, 3.20, 96, 18.58, 349.04, 351.69, 0.9809, -0.1056, 0.1535, -0.0558
11:56:51, 3.20, 96, 18.62, 349.01, 351.66, 0.9808, -0.1060, 0.1538, -0.0560
11:56:51, 3.23, 97, 18.66, 348.98, 351.66, 0.9807, -0.1063, 0.1541, -0.0559
11:56:51, 3.23, 97, 18.71, 348.91, 351.63, 0.9806, -0.1069, 0.1544, -0.0560
11:56:51, 3.27, 98, 18.75, 348.87, 351.62, 0.9805, -0.1072, 0.1547, -0.0560
11:56:51, 3.27, 98, 18.80, 348.82, 351.62, 0.9804, -0.1077, 0.1551, -0.0559
11:56:51, 3.27, 98, 18.81, 348.82, 351.59, 0.9804, -0.1077, 0.1552, -0.0562
11:56:51, 3.30, 99, 18.84, 348.79, 351.60, 0.9803, -0.1081, 0.1554, -0.0560
11:56:51, 3.30, 99, 18.85, 348.76, 351.60, 0.9803, -0.1083, 0.1555, -0.0559
11:56:51, 3.33, 100, 18.85, 348.75, 351.62, 0.9803, -0.1084, 0.1555, -0.0557
11:56:51, 3.33, 100, 18.85, 348.71, 351.63, 0.9803, -0.1087, 0.1554, -0.0555
11:56:51, 3.37, 101, 18.82, 348.68, 351.66, 0.9803, -0.1089, 0.1552, -0.0553
11:56:51, 3.37, 101, 18.79, 348.64, 351.69, 0.9803, -0.1091, 0.1550, -0.0550
11:56:51, 3.37, 101, 18.75, 348.62, 351.69, 0.9804, -0.1093, 0.1546, -0.0551
11:56:51, 3.40, 102, 18.71, 348.61, 351.68, 0.9804, -0.1093, 0.1542, -0.0551
11:56:51, 3.40, 102, 18.66, 348.59, 351.68, 0.9805, -0.1095, 0.1538, -0.0552
11:56:51, 3.43, 103, 18.62, 348.57, 351.65, 0.9805, -0.1098, 0.1534, -0.0554
11:56:51, 3.43, 103, 18.62, 348.59, 351.64, 0.9805, -0.1096, 0.1534, -0.0555
11:56:51, 3.43, 103, 18.61, 348.57, 351.64, 0.9805, -0.1098, 0.1533, -0.0556
11:56:51, 3.47, 104, 18.62, 348.56, 351.62, 0.9805, -0.1098, 0.1534, -0.0557
11:56:51, 3.47, 104, 18.64, 348.55, 351.60, 0.9804, -0.1100, 0.1535, -0.0558
11:56:51, 3.50, 105, 18.68, 348.52, 351.59, 0.9803, -0.1103, 0.1538, -0.0558
11:56:51, 3.50, 105, 18.72, 348.52, 351.58, 0.9803, -0.1103, 0.1541, -0.0558
11:56:51, 3.53, 106, 18.75, 348.52, 351.56, 0.9802, -0.1104, 0.1544, -0.0560
11:56:51, 3.53, 106, 18.77, 348.49, 351.56, 0.9802, -0.1106, 0.1545, -0.0559
11:56:51, 3.53, 106, 18.80, 348.51, 351.53, 0.9802, -0.1105, 0.1547, -0.0562
11:56:51, 3.57, 107, 18.82, 348.51, 351.52, 0.9801, -0.1105, 0.1550, -0.0563
11:56:51, 3.57, 107, 18.83, 348.49, 351.49, 0.9801, -0.1107, 0.1549, -0.0565
11:56:51, 3.60, 108, 18.84, 348.51, 351.47, 0.9801, -0.1106, 0.1551, -0.0566
11:56:51, 3.60, 108, 18.85, 348.51, 351.46, 0.9800, -0.1106, 0.1551, -0.0567
11:56:51, 3.60, 108, 18.88, 348.50, 351.44, 0.9800, -0.1108, 0.1554, -0.0568
11:56:51, 3.63, 109, 18.89, 348.52, 351.46, 0.9800, -0.1105, 0.1555, -0.0567
11:56:51, 3.63, 109, 18.89, 348.52, 351.46, 0.9800, -0.1106, 0.1555, -0.0567
11:56:51, 3.67, 110, 18.89, 348.52, 351.47, 0.9800, -0.1105, 0.1555, -0.0566
11:56:51, 3.67, 110, 18.88, 348.52, 351.48, 0.9800, -0.1105, 0.1554, -0.0566
11:56:51, 3.70, 111, 18.88, 348.52, 351.48, 0.9800, -0.1105, 0.1554, -0.0565
11:56:51, 3.70, 111, 18.87, 348.52, 351.49, 0.9800, -0.1105, 0.1554, -0.0565
11:56:51, 3.70, 111, 18.87, 348.51, 351.51, 0.9800, -0.1105, 0.1553, -0.0563
11:56:51, 3.73, 112, 18.84, 348.51, 351.54, 0.9801, -0.1105, 0.1551, -0.0560
11:56:51, 3.73, 112, 18.81, 348.47, 351.56, 0.9801, -0.1108, 0.1548, -0.0559
11:56:51, 3.77, 113, 18.78, 348.44, 351.57, 0.9801, -0.1110, 0.1546, -0.0558
11:56:51, 3.77, 113, 18.76, 348.39, 351.56, 0.9801, -0.1114, 0.1544, -0.0558
11:56:51, 3.77, 113, 18.74, 348.33, 351.56, 0.9801, -0.1120, 0.1541, -0.0557
11:56:51, 3.80, 114, 18.72, 348.30, 351.55, 0.9801, -0.1123, 0.1539, -0.0558
11:56:51, 3.80, 114, 18.69, 348.26, 351.54, 0.9801, -0.1126, 0.1537, -0.0558
11:56:51, 3.83, 115, 18.69, 348.25, 351.53, 0.9801, -0.1126, 0.1536, -0.0559
11:56:51, 3.83, 115, 18.71, 348.24, 351.55, 0.9801, -0.1127, 0.1538, -0.0557
11:56:51, 3.83, 115, 18.73, 348.23, 351.55, 0.9800, -0.1129, 0.1539, -0.0557
11:56:51, 3.87, 116, 18.72, 348.21, 351.57, 0.9800, -0.1130, 0.1539, -0.0555
11:56:51, 3.87, 116, 18.70, 348.21, 351.59, 0.9801, -0.1129, 0.1538, -0.0553
11:56:51, 3.90, 117, 18.72, 348.20, 351.59, 0.9800, -0.1130, 0.1539, -0.0553
11:56:51, 3.90, 117, 18.72, 348.19, 351.59, 0.9800, -0.1131, 0.1539, -0.0553
11:56:51, 3.93, 118, 18.72, 348.20, 351.59, 0.9800, -0.1130, 0.1539, -0.0553
11:56:51, 3.93, 118, 18.72, 348.18, 351.58, 0.9800, -0.1132, 0.1539, -0.0553
11:56:51, 3.93, 118, 18.73, 348.17, 351.58, 0.9800, -0.1133, 0.1539, -0.0553
11:56:51, 3.97, 119, 18.73, 348.15, 351.57, 0.9800, -0.1134, 0.1539, -0.0554
11:56:51, 3.97, 119, 18.73, 348.13, 351.58, 0.9800, -0.1137, 0.1539, -0.0553
11:56:51, 4.00, 120, 18.72, 348.12, 351.58, 0.9800, -0.1137, 0.1539, -0.0552
11:56:51, 4.00, 120, 18.71, 348.11, 351.58, 0.9800, -0.1138, 0.1537, -0.0553
11:56:51, 4.03, 121, 18.71, 348.11, 351.58, 0.9800, -0.1138, 0.1537, -0.0553
11:56:51, 4.03, 121, 18.70, 348.12, 351.58, 0.9800, -0.1137, 0.1537, -0.0553
11:56:51, 4.03, 121, 18.69, 348.12, 351.56, 0.9800, -0.1137, 0.1536, -0.0554
11:56:51, 4.07, 122, 18.69, 348.11, 351.56, 0.9800, -0.1138, 0.1535, -0.0554
11:56:51, 4.07, 122, 18.68, 348.10, 351.57, 0.9800, -0.1138, 0.1535, -0.0553
11:56:51, 4.10, 123, 18.68, 348.10, 351.58, 0.9800, -0.1138, 0.1535, -0.0553
11:56:51, 4.10, 123, 18.66, 348.10, 351.60, 0.9800, -0.1138, 0.1534, -0.0551
11:56:51, 4.10, 123, 18.63, 348.09, 351.61, 0.9801, -0.1139, 0.1531, -0.0550
11:56:51, 4.13, 124, 18.60, 348.06, 351.62, 0.9801, -0.1141, 0.1528, -0.0549
11:56:52, 4.13, 124, 18.60, 348.02, 351.62, 0.9801, -0.1144, 0.1528, -0.0549
11:56:52, 4.17, 125, 18.59, 347.99, 351.63, 0.9801, -0.1147, 0.1527, -0.0548
11:56:52, 4.17, 125, 18.59, 347.98, 351.64, 0.9801, -0.1147, 0.1527, -0.0547
11:56:52, 4.20, 126, 18.57, 347.96, 351.61, 0.9801, -0.1150, 0.1524, -0.0549
11:56:52, 4.20, 126, 18.56, 347.95, 351.62, 0.9801, -0.1150, 0.1524, -0.0548
11:56:52, 4.20, 126, 18.56, 347.94, 351.60, 0.9801, -0.1151, 0.1524, -0.0550
11:56:52, 4.23, 127, 18.56, 347.94, 351.58, 0.9800, -0.1152, 0.1524, -0.0551
11:56:52, 4.23, 127, 18.56, 347.93, 351.57, 0.9800, -0.1153, 0.1523, -0.0552
11:56:52, 4.27, 128, 18.56, 347.91, 351.58, 0.9800, -0.1154, 0.1523, -0.0552
11:56:52, 4.27, 128, 18.58, 347.92, 351.58, 0.9800, -0.1153, 0.1525, -0.0551
11:56:52, 4.27, 128, 18.59, 347.92, 351.58, 0.9800, -0.1154, 0.1526, -0.0551
11:56:52, 4.30, 129, 18.62, 347.92, 351.58, 0.9799, -0.1154, 0.1528, -0.0550
11:56:52, 4.30, 129, 18.67, 347.92, 351.61, 0.9799, -0.1154, 0.1533, -0.0548
11:56:52, 4.33, 130, 18.69, 347.94, 351.64, 0.9799, -0.1151, 0.1535, -0.0545
11:56:52, 4.33, 130, 18.71, 347.94, 351.63, 0.9799, -0.1152, 0.1537, -0.0546
11:56:52, 4.37, 131, 18.72, 347.95, 351.61, 0.9798, -0.1152, 0.1538, -0.0547
11:56:52, 4.37, 131, 18.73, 347.96, 351.60, 0.9798, -0.1151, 0.1538, -0.0548
11:56:52, 4.37, 131, 18.74, 347.95, 351.59, 0.9798, -0.1152, 0.1539, -0.0549
11:56:52, 4.40, 132, 18.75, 347.94, 351.61, 0.9798, -0.1152, 0.1539, -0.0547
11:56:52, 4.40, 132, 18.75, 347.94, 351.59, 0.9798, -0.1152, 0.1539, -0.0549
11:56:52, 4.43, 133, 18.76, 347.95, 351.57, 0.9798, -0.1152, 0.1540, -0.0550
11:56:52, 4.43, 133, 18.78, 347.98, 351.58, 0.9798, -0.1149, 0.1542, -0.0550
11:56:52, 4.43, 133, 18.79, 348.03, 351.60, 0.9798, -0.1145, 0.1544, -0.0549
11:56:52, 4.47, 134, 18.83, 348.02, 351.62, 0.9798, -0.1145, 0.1547, -0.0547
11:56:52, 4.47, 134, 18.85, 348.04, 351.62, 0.9798, -0.1144, 0.1549, -0.0547
11:56:52, 4.50, 135, 18.87, 348.02, 351.63, 0.9797, -0.1145, 0.1551, -0.0545
11:56:52, 4.50, 135, 18.90, 348.01, 351.66, 0.9797, -0.1146, 0.1553, -0.0542
11:56:52, 4.53, 136, 18.93, 347.99, 351.67, 0.9796, -0.1148, 0.1556, -0.0541
11:56:52, 4.53, 136, 18.96, 347.97, 351.69, 0.9796, -0.1150, 0.1558, -0.0539
11:56:52, 4.53, 136, 18.97, 347.93, 351.72, 0.9796, -0.1152, 0.1560, -0.0536
11:56:52, 4.57, 137, 18.99, 347.89, 351.69, 0.9795, -0.1156, 0.1561, -0.0537
11:56:52, 4.57, 137, 19.02, 347.86, 351.71, 0.9794, -0.1159, 0.1563, -0.0534
11:56:52, 4.60, 138, 19.07, 347.85, 351.72, 0.9794, -0.1160, 0.1567, -0.0533
11:56:52, 4.60, 138, 19.10, 347.84, 351.71, 0.9793, -0.1161, 0.1570, -0.0534
11:56:52, 4.60, 138, 19.14, 347.82, 351.71, 0.9792, -0.1163, 0.1574, -0.0533
11:56:52, 4.63, 139, 19.17, 347.83, 351.72, 0.9792, -0.1162, 0.1576, -0.0532
11:56:52, 4.63, 139, 19.20, 347.83, 351.73, 0.9792, -0.1162, 0.1579, -0.0531
11:56:52, 4.67, 140, 19.26, 347.85, 351.72, 0.9791, -0.1161, 0.1583, -0.0531
11:56:52, 4.67, 140, 19.30, 347.85, 351.70, 0.9790, -0.1161, 0.1587, -0.0532
11:56:52, 4.70, 141, 19.33, 347.85, 351.70, 0.9790, -0.1162, 0.1589, -0.0532
11:56:52, 4.70, 141, 19.37, 347.87, 351.69, 0.9789, -0.1160, 0.1593, -0.0533
11:56:52, 4.70, 141, 19.40, 347.85, 351.68, 0.9789, -0.1162, 0.1595, -0.0533
11:56:52, 4.73, 142, 19.45, 347.86, 351.68, 0.9788, -0.1161, 0.1599, -0.0533
11:56:52, 4.73, 142, 19.49, 347.87, 351.69, 0.9788, -0.1160, 0.1603, -0.0532
11:56:52, 4.77, 143, 19.51, 347.84, 351.67, 0.9787, -0.1163, 0.1605, -0.0532
11:56:52, 4.77, 143, 19.54, 347.85, 351.66, 0.9787, -0.1163, 0.1607, -0.0533
11:56:52, 4.77, 143, 19.59, 347.83, 351.64, 0.9786, -0.1165, 0.1611, -0.0535
11:56:52, 4.80, 144, 19.62, 347.82, 351.64, 0.9785, -0.1166, 0.1613, -0.0534
11:56:52, 4.80, 144, 19.65, 347.79, 351.63, 0.9784, -0.1169, 0.1616, -0.0534
11:56:52, 4.83, 145, 19.69, 347.79, 351.61, 0.9784, -0.1170, 0.1619, -0.0535
11:56:52, 4.83, 145, 19.70, 347.77, 351.59, 0.9784, -0.1171, 0.1619, -0.0537
11:56:52, 4.83, 145, 19.71, 347.74, 351.58, 0.9783, -0.1174, 0.1620, -0.0537
11:56:52, 4.87, 146, 19.73, 347.75, 351.57, 0.9783, -0.1174, 0.1622, -0.0538
11:56:52, 4.87, 146, 19.75, 347.72, 351.57, 0.9782, -0.1176, 0.1623, -0.0537
11:56:52, 4.90, 147, 19.76, 347.71, 351.56, 0.9782, -0.1177, 0.1624, -0.0537
11:56:52, 4.90, 147, 19.74, 347.71, 351.60, 0.9783, -0.1176, 0.1623, -0.0535
11:56:52, 4.93, 148, 19.76, 347.69, 351.59, 0.9782, -0.1178, 0.1624, -0.0534
11:56:52, 4.93, 148, 19.75, 347.68, 351.60, 0.9782, -0.1179, 0.1623, -0.0534
11:56:52, 4.93, 148, 19.74, 347.67, 351.59, 0.9782, -0.1180, 0.1622, -0.0535
11:56:52, 4.97, 149, 19.72, 347.66, 351.59, 0.9782, -0.1181, 0.1620, -0.0535
11:56:52, 4.97, 149, 19.69, 347.63, 351.59, 0.9783, -0.1183, 0.1618, -0.0534
11:56:52, 5.00, 150, 19.67, 347.63, 351.59, 0.9783, -0.1183, 0.1616, -0.0534
11:56:52, 5.00, 150, 19.64, 347.61, 351.59, 0.9783, -0.1185, 0.1613, -0.0535
11:56:52, 5.03, 151, 19.62, 347.65, 351.59, 0.9784, -0.1181, 0.1612, -0.0535
11:56:52, 5.03, 151, 19.61, 347.65, 351.60, 0.9784, -0.1181, 0.1611, -0.0535
11:56:52, 5.03, 151, 19.60, 347.67, 351.61, 0.9784, -0.1179, 0.1610, -0.0534
11:56:52, 5.07, 152, 19.58, 347.66, 351.64, 0.9785, -0.1180, 0.1609, -0.0532
11:56:52, 5.07, 152, 19.60, 347.68, 351.64, 0.9784, -0.1178, 0.1611, -0.0532
11:56:52, 5.10, 153, 19.61, 347.67, 351.66, 0.9784, -0.1178, 0.1611, -0.0530
11:56:52, 5.10, 153, 19.61, 347.68, 351.67, 0.9784, -0.1178, 0.1612, -0.0529
11:56:52, 5.10, 153, 19.62, 347.66, 351.66, 0.9784, -0.1179, 0.1613, -0.0530
11:56:52, 5.13, 154, 19.63, 347.65, 351.66, 0.9784, -0.1180, 0.1613, -0.0529
11:56:53, 5.13, 154, 19.63, 347.62, 351.65, 0.9784, -0.1183, 0.1613, -0.0530
11:56:53, 5.17, 155, 19.64, 347.60, 351.64, 0.9783, -0.1185, 0.1614, -0.0530
11:56:53, 5.17, 155, 19.64, 347.58, 351.64, 0.9783, -0.1187, 0.1613, -0.0530
11:56:53, 5.20, 156, 19.64, 347.58, 351.64, 0.9783, -0.1187, 0.1613, -0.0530
11:56:53, 5.20, 156, 19.63, 347.57, 351.64, 0.9783, -0.1187, 0.1613, -0.0530
11:56:53, 5.20, 156, 19.62, 347.59, 351.63, 0.9783, -0.1185, 0.1612, -0.0531
11:56:53, 5.23, 157, 19.62, 347.60, 351.64, 0.9784, -0.1185, 0.1611, -0.0530
11:56:53, 5.23, 157, 19.61, 347.60, 351.64, 0.9784, -0.1184, 0.1611, -0.0530
11:56:53, 5.27, 158, 19.63, 347.61, 351.65, 0.9784, -0.1184, 0.1612, -0.0530
11:56:53, 5.27, 158, 19.64, 347.62, 351.65, 0.9783, -0.1183, 0.1614, -0.0530
11:56:53, 5.27, 158, 19.65, 347.63, 351.66, 0.9783, -0.1182, 0.1614, -0.0529
11:56:53, 5.30, 159, 19.66, 347.63, 351.67, 0.9783, -0.1182, 0.1616, -0.0528
11:56:53, 5.30, 159, 19.67, 347.64, 351.69, 0.9783, -0.1181, 0.1616, -0.0526
11:56:53, 5.33, 160, 19.68, 347.64, 351.70, 0.9783, -0.1181, 0.1618, -0.0525
11:56:53, 5.33, 160, 19.69, 347.64, 351.71, 0.9783, -0.1181, 0.1619, -0.0524
11:56:53, 5.33, 160, 19.70, 347.64, 351.71, 0.9783, -0.1181, 0.1619, -0.0525
11:56:53, 5.37, 161, 19.70, 347.64, 351.71, 0.9783, -0.1181, 0.1620, -0.0524
11:56:53, 5.37, 161, 19.71, 347.64, 351.71, 0.9783, -0.1181, 0.1620, -0.0524
11:56:53, 5.40, 162, 19.69, 347.64, 351.71, 0.9783, -0.1181, 0.1619, -0.0524
11:56:53, 5.40, 162, 19.69, 347.63, 351.72, 0.9783, -0.1182, 0.1619, -0.0524
11:56:53, 5.43, 163, 19.69, 347.62, 351.72, 0.9783, -0.1182, 0.1619, -0.0523
11:56:53, 5.43, 163, 19.69, 347.62, 351.72, 0.9783, -0.1182, 0.1619, -0.0523
11:56:53, 5.43, 163, 19.69, 347.62, 351.72, 0.9783, -0.1183, 0.1619, -0.0523
11:56:53, 5.47, 164, 19.71, 347.63, 351.73, 0.9783, -0.1182, 0.1621, -0.0523
11:56:53, 5.47, 164, 19.74, 347.59, 351.73, 0.9782, -0.1185, 0.1623, -0.0522
11:56:53, 5.50, 165, 19.77, 347.59, 351.76, 0.9782, -0.1185, 0.1626, -0.0519
11:56:53, 5.50, 165, 19.78, 347.58, 351.78, 0.9782, -0.1186, 0.1626, -0.0517
11:56:53, 5.50, 165, 19.81, 347.57, 351.75, 0.9781, -0.1187, 0.1629, -0.0518
11:56:53, 5.53, 166, 19.83, 347.55, 351.75, 0.9781, -0.1188, 0.1630, -0.0519
11:56:53, 5.53, 166, 19.83, 347.54, 351.73, 0.9781, -0.1189, 0.1630, -0.0520
11:56:53, 5.57, 167, 19.83, 347.51, 351.72, 0.9780, -0.1193, 0.1629, -0.0521
11:56:53, 5.57, 167, 19.82, 347.50, 351.69, 0.9780, -0.1193, 0.1629, -0.0523
11:56:53, 5.60, 168, 19.84, 347.50, 351.65, 0.9780, -0.1194, 0.1630, -0.0526
11:56:53, 5.60, 168, 19.85, 347.53, 351.64, 0.9780, -0.1192, 0.1631, -0.0527
11:56:53, 5.60, 168, 19.85, 347.54, 351.63, 0.9780, -0.1191, 0.1631, -0.0528
11:56:53, 5.63, 169, 19.87, 347.54, 351.63, 0.9779, -0.1191, 0.1633, -0.0528
11:56:53, 5.63, 169, 19.89, 347.56, 351.64, 0.9779, -0.1189, 0.1634, -0.0528
11:56:53, 5.67, 170, 19.91, 347.57, 351.64, 0.9779, -0.1189, 0.1636, -0.0527
11:56:53, 5.67, 170, 19.94, 347.57, 351.64, 0.9779, -0.1189, 0.1639, -0.0527
11:56:53, 5.70, 171, 19.95, 347.55, 351.64, 0.9778, -0.1190, 0.1640, -0.0526
11:56:53, 5.70, 171, 19.97, 347.55, 351.65, 0.9778, -0.1190, 0.1641, -0.0525
11:56:53, 5.70, 171, 19.97, 347.56, 351.63, 0.9778, -0.1190, 0.1642, -0.0527
11:56:53, 5.73, 172, 19.98, 347.55, 351.63, 0.9778, -0.1191, 0.1642, -0.0527
11:56:53, 5.73, 172, 19.99, 347.53, 351.63, 0.9778, -0.1193, 0.1643, -0.0526
11:56:53, 5.77, 173, 20.00, 347.52, 351.62, 0.9777, -0.1193, 0.1644, -0.0527
11:56:53, 5.77, 173, 20.01, 347.51, 351.62, 0.9777, -0.1194, 0.1644, -0.0527
11:56:53, 5.77, 173, 20.00, 347.52, 351.62, 0.9777, -0.1194, 0.1644, -0.0527
11:56:53, 5.80, 174, 20.00, 347.52, 351.60, 0.9777, -0.1194, 0.1643, -0.0529
11:56:53, 5.80, 174, 20.00, 347.54, 351.59, 0.9777, -0.1193, 0.1643, -0.0530
11:56:53, 5.83, 175, 20.01, 347.55, 351.57, 0.9777, -0.1192, 0.1644, -0.0532
11:56:53, 5.83, 175, 20.01, 347.56, 351.57, 0.9777, -0.1191, 0.1644, -0.0532
11:56:53, 5.87, 176, 20.01, 347.58, 351.56, 0.9777, -0.1190, 0.1644, -0.0533
11:56:53, 5.87, 176, 20.01, 347.61, 351.56, 0.9778, -0.1187, 0.1645, -0.0534
11:56:53, 5.87, 176, 20.04, 347.63, 351.57, 0.9777, -0.1185, 0.1647, -0.0533
11:56:53, 5.90, 177, 20.05, 347.65, 351.57, 0.9777, -0.1184, 0.1648, -0.0533
11:56:53, 5.90, 177, 20.08, 347.64, 351.56, 0.9777, -0.1185, 0.1650, -0.0533
11:56:53, 5.93, 178, 20.09, 347.65, 351.57, 0.9777, -0.1184, 0.1651, -0.0533
11:56:53, 5.93, 178, 20.11, 347.64, 351.51, 0.9776, -0.1185, 0.1653, -0.0537
11:56:53, 5.93, 178, 20.13, 347.64, 351.50, 0.9776, -0.1186, 0.1654, -0.0538
11:56:53, 5.97, 179, 20.15, 347.64, 351.49, 0.9775, -0.1186, 0.1656, -0.0538
11:56:53, 5.97, 179, 20.16, 347.64, 351.50, 0.9775, -0.1186, 0.1657, -0.0537
11:56:53, 6.00, 180, 20.17, 347.63, 351.48, 0.9775, -0.1187, 0.1657, -0.0539
11:56:53, 6.00, 180, 20.17, 347.63, 351.48, 0.9775, -0.1187, 0.1657, -0.0539
11:56:53, 6.00, 180, 20.17, 347.64, 351.48, 0.9775, -0.1187, 0.1657, -0.0539
11:56:53, 6.03, 181, 20.16, 347.62, 351.47, 0.9775, -0.1188, 0.1656, -0.0539
11:56:53, 6.03, 181, 20.15, 347.63, 351.48, 0.9775, -0.1187, 0.1656, -0.0539
11:56:53, 6.07, 182, 20.15, 347.62, 351.47, 0.9775, -0.1188, 0.1656, -0.0540
11:56:53, 6.07, 182, 20.15, 347.61, 351.48, 0.9775, -0.1189, 0.1655, -0.0539
11:56:53, 6.10, 183, 20.14, 347.61, 351.50, 0.9776, -0.1188, 0.1655, -0.0537
11:56:53, 6.10, 183, 20.14, 347.60, 351.50, 0.9775, -0.1189, 0.1654, -0.0537
11:56:53, 6.10, 183, 20.14, 347.60, 351.50, 0.9775, -0.1189, 0.1655, -0.0537
11:56:53, 6.13, 184, 20.14, 347.59, 351.50, 0.9775, -0.1190, 0.1655, -0.0537
11:56:54, 6.13, 184, 20.15, 347.56, 351.50, 0.9775, -0.1193, 0.1655, -0.0537
11:56:54, 6.17, 185, 20.14, 347.52, 351.46, 0.9775, -0.1196, 0.1654, -0.0539
11:56:54, 6.17, 185, 20.16, 347.53, 351.45, 0.9774, -0.1196, 0.1655, -0.0540
11:56:54, 6.17, 185, 20.15, 347.54, 351.44, 0.9774, -0.1196, 0.1654, -0.0541
11:56:54, 6.20, 186, 20.16, 347.56, 351.44, 0.9774, -0.1194, 0.1656, -0.0541
11:56:54, 6.20, 186, 20.16, 347.57, 351.44, 0.9775, -0.1193, 0.1656, -0.0542
11:56:54, 6.23, 187, 20.18, 347.57, 351.45, 0.9774, -0.1192, 0.1657, -0.0540
11:56:54, 6.23, 187, 20.18, 347.56, 351.46, 0.9774, -0.1193, 0.1657, -0.0540
11:56:54, 6.27, 188, 20.19, 347.56, 351.47, 0.9774, -0.1193, 0.1658, -0.0539
11:56:54, 6.27, 188, 20.20, 347.55, 351.47, 0.9774, -0.1194, 0.1659, -0.0538
11:56:54, 6.27, 188, 20.19, 347.56, 351.48, 0.9774, -0.1194, 0.1659, -0.0538
11:56:54, 6.30, 189, 20.19, 347.54, 351.49, 0.9774, -0.1195, 0.1659, -0.0537
11:56:54, 6.30, 189, 20.19, 347.53, 351.49, 0.9774, -0.1195, 0.1658, -0.0536
11:56:54, 6.33, 190, 20.19, 347.53, 351.50, 0.9774, -0.1195, 0.1658, -0.0536
11:56:54, 6.33, 190, 20.18, 347.54, 351.51, 0.9774, -0.1194, 0.1658, -0.0535
11:56:54, 6.37, 191, 20.17, 347.55, 351.49, 0.9774, -0.1194, 0.1657, -0.0537
11:56:54, 6.37, 191, 20.17, 347.55, 351.48, 0.9775, -0.1194, 0.1656, -0.0537
11:56:54, 6.37, 191, 20.16, 347.54, 351.48, 0.9775, -0.1195, 0.1655, -0.0538
11:56:54, 6.40, 192, 20.15, 347.55, 351.47, 0.9775, -0.1194, 0.1655, -0.0539
11:56:54, 6.40, 192, 20.15, 347.56, 351.47, 0.9775, -0.1194, 0.1655, -0.0539
11:56:54, 6.43, 193, 20.15, 347.58, 351.48, 0.9775, -0.1191, 0.1655, -0.0539
11:56:54, 6.43, 193, 20.16, 347.59, 351.47, 0.9775, -0.1191, 0.1656, -0.0539
11:56:54, 6.43, 193, 20.16, 347.61, 351.47, 0.9775, -0.1189, 0.1656, -0.0540
11:56:54, 6.47, 194, 20.17, 347.62, 351.47, 0.9775, -0.1188, 0.1657, -0.0540
11:56:54, 6.47, 194, 20.18, 347.63, 351.47, 0.9775, -0.1188, 0.1658, -0.0540
11:56:54, 6.50, 195, 20.18, 347.63, 351.47, 0.9775, -0.1187, 0.1658, -0.0540
11:56:54, 6.50, 195, 20.21, 347.63, 351.46, 0.9774, -0.1188, 0.1660, -0.0540
11:56:54, 6.50, 195, 20.23, 347.65, 351.45, 0.9774, -0.1186, 0.1662, -0.0542
11:56:54, 6.53, 196, 20.25, 347.64, 351.44, 0.9774, -0.1187, 0.1664, -0.0542
11:56:54, 6.53, 196, 20.28, 347.63, 351.44, 0.9773, -0.1188, 0.1666, -0.0541
11:56:54, 6.57, 197, 20.28, 347.65, 351.43, 0.9773, -0.1187, 0.1666, -0.0543
11:56:54, 6.57, 197, 20.28, 347.64, 351.42, 0.9773, -0.1188, 0.1666, -0.0543
11:56:54, 6.60, 198, 20.28, 347.64, 351.40, 0.9773, -0.1188, 0.1666, -0.0544
11:56:54, 6.60, 198, 20.28, 347.64, 351.40, 0.9773, -0.1188, 0.1666, -0.0545
11:56:54, 6.60, 198, 20.28, 347.64, 351.38, 0.9773, -0.1189, 0.1665, -0.0546
11:56:54, 6.63, 199, 20.28, 347.64, 351.36, 0.9773, -0.1188, 0.1666, -0.0548
11:56:54, 6.63, 199, 20.28, 347.65, 351.37, 0.9773, -0.1188, 0.1666, -0.0548
11:56:54, 6.67, 200, 20.26, 347.66, 351.39, 0.9774, -0.1187, 0.1664, -0.0546
11:56:54, 6.67, 200, 20.26, 347.65, 351.40, 0.9774, -0.1187, 0.1665, -0.0545
11:56:54, 6.67, 200, 20.27, 347.63, 351.40, 0.9773, -0.1189, 0.1665, -0.0545
11:56:54, 6.70, 201, 20.27, 347.62, 351.41, 0.9773, -0.1189, 0.1665, -0.0544
11:56:54, 6.70, 201, 20.27, 347.62, 351.40, 0.9773, -0.1190, 0.1665, -0.0544
11:56:54, 6.73, 202, 20.28, 347.60, 351.40, 0.9773, -0.1192, 0.1665, -0.0544
11:56:54, 6.73, 202, 20.27, 347.59, 351.38, 0.9773, -0.1192, 0.1664, -0.0546
11:56:54, 6.77, 203, 20.27, 347.60, 351.36, 0.9773, -0.1192, 0.1664, -0.0548
11:56:54, 6.77, 203, 20.25, 347.63, 351.36, 0.9773, -0.1190, 0.1663, -0.0549
11:56:54, 6.77, 203, 20.24, 347.66, 351.38, 0.9774, -0.1186, 0.1663, -0.0547
11:56:54, 6.80, 204, 20.24, 347.66, 351.39, 0.9774, -0.1186, 0.1663, -0.0547
11:56:54, 6.80, 204, 20.24, 347.65, 351.39, 0.9774, -0.1187, 0.1663, -0.0547
11:56:54, 6.83, 205, 20.24, 347.66, 351.39, 0.9774, -0.1187, 0.1662, -0.0546
11:56:54, 6.83, 205, 20.24, 347.64, 351.40, 0.9774, -0.1187, 0.1663, -0.0545
11:56:54, 6.83, 205, 20.25, 347.64, 351.39, 0.9774, -0.1188, 0.1663, -0.0546
11:56:54, 6.87, 206, 20.26, 347.61, 351.39, 0.9773, -0.1191, 0.1663, -0.0546
11:56:54, 6.87, 206, 20.26, 347.59, 351.38, 0.9773, -0.1192, 0.1663, -0.0546
11:56:54, 6.90, 207, 20.27, 347.57, 351.38, 0.9773, -0.1194, 0.1664, -0.0546
11:56:54, 6.90, 207, 20.26, 347.55, 351.38, 0.9773, -0.1196, 0.1663, -0.0546
11:56:54, 6.93, 208, 20.25, 347.55, 351.35, 0.9773, -0.1196, 0.1662, -0.0547
11:56:54, 6.93, 208, 20.24, 347.55, 351.34, 0.9773, -0.1196, 0.1661, -0.0549
11:56:54, 6.93, 208, 20.22, 347.55, 351.31, 0.9773, -0.1196, 0.1660, -0.0552
11:56:54, 6.97, 209, 20.22, 347.55, 351.28, 0.9773, -0.1197, 0.1659, -0.0554
11:56:54, 6.97, 209, 20.21, 347.56, 351.28, 0.9773, -0.1196, 0.1658, -0.0555
11:56:54, 7.00, 210, 20.21, 347.57, 351.25, 0.9773, -0.1196, 0.1658, -0.0558
11:56:54, 7.00, 210, 20.20, 347.58, 351.24, 0.9773, -0.1195, 0.1657, -0.0559
11:56:54, 7.00, 210, 20.19, 347.57, 351.22, 0.9773, -0.1196, 0.1656, -0.0560
11:56:54, 7.03, 211, 20.17, 347.57, 351.20, 0.9773, -0.1197, 0.1654, -0.0562
11:56:54, 7.03, 211, 20.14, 347.57, 351.22, 0.9774, -0.1196, 0.1651, -0.0561
11:56:54, 7.07, 212, 20.10, 347.57, 351.19, 0.9774, -0.1196, 0.1648, -0.0563
11:56:54, 7.07, 212, 20.12, 347.58, 351.19, 0.9774, -0.1195, 0.1650, -0.0564
11:56:54, 7.10, 213, 20.11, 347.56, 351.18, 0.9774, -0.1197, 0.1649, -0.0564
11:56:54, 7.10, 213, 20.12, 347.55, 351.15, 0.9774, -0.1199, 0.1649, -0.0566
11:56:54, 7.10, 213, 20.13, 347.53, 351.14, 0.9773, -0.1201, 0.1650, -0.0566
11:56:54, 7.13, 214, 20.14, 347.52, 351.13, 0.9773, -0.1201, 0.1650, -0.0567
11:56:55, 7.13, 214, 20.15, 347.51, 351.12, 0.9773, -0.1203, 0.1651, -0.0568
11:56:55, 7.17, 215, 20.16, 347.51, 351.12, 0.9773, -0.1202, 0.1652, -0.0568
11:56:55, 7.17, 215, 20.15, 347.52, 351.12, 0.9773, -0.1202, 0.1651, -0.0568
11:56:55, 7.20, 216, 20.15, 347.52, 351.13, 0.9773, -0.1202, 0.1651, -0.0567
11:56:55, 7.20, 216, 20.13, 347.51, 351.14, 0.9773, -0.1202, 0.1650, -0.0566
11:56:55, 7.20, 216, 20.13, 347.51, 351.15, 0.9773, -0.1202, 0.1649, -0.0566
11:56:55, 7.23, 217, 20.13, 347.50, 351.15, 0.9773, -0.1203, 0.1650, -0.0566
11:56:55, 7.23, 217, 20.13, 347.50, 351.15, 0.9773, -0.1203, 0.1649, -0.0566
11:56:55, 7.27, 218, 20.11, 347.48, 351.17, 0.9773, -0.1204, 0.1648, -0.0563
11:56:55, 7.27, 218, 20.09, 347.47, 351.20, 0.9774, -0.1204, 0.1646, -0.0561
11:56:55, 7.27, 218, 20.06, 347.45, 351.18, 0.9774, -0.1206, 0.1643, -0.0563
11:56:55, 7.30, 219, 20.03, 347.42, 351.18, 0.9774, -0.1208, 0.1640, -0.0563
11:56:55, 7.30, 219, 20.02, 347.39, 351.18, 0.9774, -0.1211, 0.1640, -0.0562
11:56:55, 7.33, 220, 20.01, 347.38, 351.17, 0.9774, -0.1212, 0.1638, -0.0563
11:56:55, 7.33, 220, 20.00, 347.36, 351.16, 0.9774, -0.1214, 0.1638, -0.0564
11:56:55, 7.37, 221, 20.01, 347.38, 351.16, 0.9774, -0.1212, 0.1638, -0.0564
11:56:55, 7.37, 221, 19.99, 347.40, 351.18, 0.9774, -0.1210, 0.1637, -0.0563
11:56:55, 7.37, 221, 19.99, 347.42, 351.21, 0.9775, -0.1208, 0.1637, -0.0561
11:56:55, 7.40, 222, 19.99, 347.44, 351.23, 0.9775, -0.1206, 0.1638, -0.0559
11:56:55, 7.40, 222, 19.97, 347.45, 351.25, 0.9775, -0.1205, 0.1636, -0.0558
11:56:55, 7.43, 223, 19.96, 347.44, 351.27, 0.9776, -0.1205, 0.1636, -0.0556
11:56:55, 7.43, 223, 19.96, 347.44, 351.27, 0.9776, -0.1206, 0.1636, -0.0556
11:56:55, 7.43, 223, 19.94, 347.43, 351.27, 0.9776, -0.1206, 0.1634, -0.0556
11:56:55, 7.47, 224, 19.93, 347.43, 351.28, 0.9776, -0.1206, 0.1633, -0.0556
11:56:55, 7.47, 224, 19.89, 347.43, 351.28, 0.9777, -0.1206, 0.1630, -0.0555
11:56:55, 7.50, 225, 19.86, 347.41, 351.28, 0.9777, -0.1208, 0.1627, -0.0556
11:56:55, 7.50, 225, 19.86, 347.42, 351.25, 0.9777, -0.1207, 0.1627, -0.0558
11:56:55, 7.50, 225, 19.81, 347.42, 351.29, 0.9778, -0.1206, 0.1623, -0.0556
11:56:55, 7.53, 226, 19.76, 347.42, 351.31, 0.9778, -0.1205, 0.1619, -0.0555
11:56:55, 7.53, 226, 19.66, 347.45, 351.34, 0.9780, -0.1202, 0.1611, -0.0553
11:56:55, 7.57, 227, 19.59, 347.47, 351.37, 0.9782, -0.1200, 0.1605, -0.0552
11:56:55, 7.57, 227, 19.53, 347.48, 351.39, 0.9783, -0.1198, 0.1600, -0.0551
11:56:55, 7.60, 228, 19.45, 347.52, 351.45, 0.9784, -0.1194, 0.1595, -0.0547
11:56:55, 7.60, 228, 19.34, 347.55, 351.49, 0.9786, -0.1190, 0.1586, -0.0545
11:56:55, 7.60, 228, 19.22, 347.59, 351.51, 0.9788, -0.1186, 0.1576, -0.0545
11:56:55, 7.63, 229, 19.10, 347.60, 351.54, 0.9790, -0.1184, 0.1566, -0.0545
11:56:55, 7.63, 229, 18.97, 347.53, 351.55, 0.9792, -0.1189, 0.1555, -0.0544
11:56:55, 7.67, 230, 18.79, 347.64, 351.62, 0.9795, -0.1178, 0.1541, -0.0542
11:56:55, 7.67, 230, 18.55, 347.72, 351.65, 0.9799, -0.1170, 0.1522, -0.0542
11:56:55, 7.70, 231, 18.32, 347.83, 351.67, 0.9803, -0.1159, 0.1503, -0.0545
11:56:55, 7.70, 231, 18.08, 347.88, 351.76, 0.9807, -0.1152, 0.1484, -0.0540
11:56:55, 7.70, 231, 17.87, 347.88, 351.81, 0.9810, -0.1151, 0.1466, -0.0538
11:56:55, 7.73, 232, 17.69, 347.83, 351.76, 0.9812, -0.1154, 0.1449, -0.0543
11:56:55, 7.73, 232, 17.47, 347.78, 351.68, 0.9814, -0.1159, 0.1429, -0.0552
11:56:55, 7.77, 233, 17.31, 347.66, 351.62, 0.9814, -0.1169, 0.1414, -0.0556
11:56:55, 7.77, 233, 17.15, 347.62, 351.59, 0.9816, -0.1172, 0.1400, -0.0561
11:56:55, 7.77, 233, 17.03, 347.59, 351.59, 0.9817, -0.1174, 0.1390, -0.0561
11:56:55, 7.80, 234, 16.93, 347.58, 351.65, 0.9819, -0.1173, 0.1382, -0.0557
11:56:55, 7.80, 234, 16.91, 347.57, 351.66, 0.9819, -0.1175, 0.1380, -0.0557
11:56:55, 7.83, 235, 16.89, 347.54, 351.69, 0.9819, -0.1176, 0.1378, -0.0554
11:56:55, 7.83, 235, 16.89, 347.49, 351.71, 0.9819, -0.1180, 0.1378, -0.0551
11:56:55, 7.83, 235, 16.80, 347.47, 351.73, 0.9820, -0.1182, 0.1370, -0.0550
11:56:55, 7.87, 236, 16.64, 347.45, 351.82, 0.9822, -0.1181, 0.1358, -0.0544
11:56:55, 7.87, 236, 16.50, 347.47, 351.90, 0.9824, -0.1178, 0.1346, -0.0539
11:56:55, 7.90, 237, 16.33, 347.55, 351.95, 0.9827, -0.1170, 0.1333, -0.0537
11:56:55, 7.90, 237, 16.17, 347.60, 351.97, 0.9829, -0.1165, 0.1320, -0.0537
11:56:55, 7.93, 238, 16.02, 347.56, 352.01, 0.9831, -0.1167, 0.1307, -0.0535
11:56:55, 7.93, 238, 15.85, 347.62, 352.01, 0.9833, -0.1161, 0.1293, -0.0538
11:56:55, 7.93, 238, 15.68, 347.59, 351.98, 0.9835, -0.1163, 0.1278, -0.0542
11:56:55, 7.97, 239, 15.54, 347.46, 351.97, 0.9835, -0.1173, 0.1265, -0.0542
11:56:55, 7.97, 239, 15.37, 347.46, 351.97, 0.9837, -0.1173, 0.1250, -0.0544
11:56:55, 8.00, 240, 15.21, 347.45, 351.95, 0.9839, -0.1173, 0.1236, -0.0547
11:56:55, 8.00, 240, 15.11, 347.46, 351.93, 0.9840, -0.1172, 0.1227, -0.0550
11:56:55, 8.00, 240, 15.01, 347.52, 351.89, 0.9841, -0.1167, 0.1219, -0.0555
11:56:55, 8.03, 241, 14.89, 347.57, 351.89, 0.9843, -0.1162, 0.1209, -0.0557
11:56:55, 8.03, 241, 14.78, 347.57, 351.85, 0.9844, -0.1162, 0.1199, -0.0562
11:56:55, 8.07, 242, 14.66, 347.58, 351.87, 0.9845, -0.1160, 0.1189, -0.0562
11:56:55, 8.07, 242, 14.52, 347.57, 351.89, 0.9847, -0.1160, 0.1177, -0.0561
11:56:55, 8.10, 243, 14.35, 347.57, 351.93, 0.9848, -0.1159, 0.1163, -0.0560
11:56:55, 8.10, 243, 14.16, 347.58, 351.97, 0.9851, -0.1156, 0.1148, -0.0558
11:56:55, 8.10, 243, 13.96, 347.62, 352.03, 0.9853, -0.1152, 0.1131, -0.0555
11:56:55, 8.13, 244, 13.72, 347.66, 352.06, 0.9856, -0.1147, 0.1111, -0.0556
11:56:56, 8.13, 244, 13.47, 347.61, 352.11, 0.9858, -0.1150, 0.1090, -0.0553
11:56:56, 8.17, 245, 13.23, 347.53, 352.17, 0.9860, -0.1154, 0.1069, -0.0550
11:56:56, 8.17, 245, 13.02, 347.34, 352.20, 0.9861, -0.1170, 0.1049, -0.0547
11:56:56, 8.20, 246, 12.79, 347.20, 352.18, 0.9861, -0.1181, 0.1028, -0.0549
11:56:56, 8.20, 246, 12.51, 347.15, 352.22, 0.9864, -0.1183, 0.1005, -0.0549
11:56:56, 8.20, 246, 12.27, 347.14, 352.22, 0.9866, -0.1183, 0.0984, -0.0550
11:56:56, 8.23, 247, 11.97, 347.09, 352.25, 0.9868, -0.1186, 0.0958, -0.0551
11:56:56, 8.23, 247, 11.74, 347.08, 352.31, 0.9870, -0.1184, 0.0938, -0.0548
11:56:56, 8.27, 248, 11.46, 347.31, 352.42, 0.9875, -0.1163, 0.0917, -0.0543
11:56:56, 8.27, 248, 11.25, 347.35, 352.58, 0.9877, -0.1157, 0.0902, -0.0532
11:56:56, 8.27, 248, 11.10, 347.44, 352.67, 0.9880, -0.1148, 0.0889, -0.0527
11:56:56, 8.30, 249, 10.91, 347.49, 352.83, 0.9883, -0.1142, 0.0875, -0.0516
11:56:56, 8.30, 249, 10.71, 347.42, 353.01, 0.9884, -0.1145, 0.0859, -0.0501
11:56:56, 8.33, 250, 10.55, 347.21, 353.11, 0.9884, -0.1162, 0.0845, -0.0493
11:56:56, 8.33, 250, 10.40, 346.96, 353.17, 0.9883, -0.1182, 0.0832, -0.0486
11:56:56, 8.37, 251, 10.23, 346.79, 353.22, 0.9883, -0.1196, 0.0817, -0.0483
11:56:56, 8.37, 251, 10.11, 346.68, 353.22, 0.9883, -0.1205, 0.0805, -0.0483
11:56:56, 8.37, 251, 9.92, 346.61, 353.22, 0.9883, -0.1210, 0.0788, -0.0485
11:56:56, 8.40, 252, 9.74, 346.60, 353.21, 0.9884, -0.1210, 0.0773, -0.0487
11:56:56, 8.40, 252, 9.59, 346.53, 353.21, 0.9885, -0.1216, 0.0760, -0.0489
11:56:56, 8.43, 253, 9.42, 346.45, 353.24, 0.9885, -0.1222, 0.0745, -0.0487
11:56:56, 8.43, 253, 9.25, 346.44, 353.24, 0.9886, -0.1222, 0.0730, -0.0489
11:56:56, 8.43, 253, 9.10, 346.52, 353.24, 0.9888, -0.1215, 0.0717, -0.0490
11:56:56, 8.47, 254, 8.94, 346.54, 353.30, 0.9889, -0.1211, 0.0704, -0.0488
11:56:56, 8.47, 254, 8.86, 346.54, 353.36, 0.9890, -0.1211, 0.0698, -0.0483
11:56:56, 8.50, 255, 8.78, 346.36, 353.39, 0.9889, -0.1226, 0.0691, -0.0480
11:56:56, 8.50, 255, 8.79, 346.07, 353.41, 0.9886, -0.1251, 0.0690, -0.0476
11:56:56, 8.50, 255, 8.79, 345.90, 353.40, 0.9884, -0.1265, 0.0689, -0.0476
11:56:56, 8.53, 256, 8.82, 345.93, 353.35, 0.9884, -0.1263, 0.0691, -0.0480
11:56:56, 8.53, 256, 8.87, 345.98, 353.33, 0.9884, -0.1260, 0.0696, -0.0481
11:56:56, 8.57, 257, 8.93, 346.05, 353.31, 0.9885, -0.1253, 0.0701, -0.0483
11:56:56, 8.57, 257, 8.94, 346.09, 353.31, 0.9885, -0.1250, 0.0702, -0.0483
11:56:56, 8.60, 258, 9.01, 346.15, 353.37, 0.9885, -0.1245, 0.0709, -0.0478
11:56:56, 8.60, 258, 9.11, 346.16, 353.36, 0.9885, -0.1244, 0.0717, -0.0477
11:56:56, 8.60, 258, 9.20, 346.14, 353.38, 0.9884, -0.1247, 0.0725, -0.0475
11:56:56, 8.63, 259, 9.32, 346.15, 353.37, 0.9883, -0.1246, 0.0736, -0.0475
11:56:56, 8.63, 259, 9.45, 346.18, 353.35, 0.9883, -0.1245, 0.0746, -0.0475
11:56:56, 8.67, 260, 9.56, 346.24, 353.30, 0.9882, -0.1240, 0.0756, -0.0478
11:56:56, 8.67, 260, 9.71, 346.27, 353.31, 0.9882, -0.1238, 0.0769, -0.0476
11:56:56, 8.70, 261, 9.86, 346.31, 353.27, 0.9881, -0.1236, 0.0782, -0.0478
11:56:56, 8.70, 261, 10.02, 346.33, 353.23, 0.9880, -0.1235, 0.0795, -0.0480
11:56:56, 8.70, 261, 10.15, 346.36, 353.18, 0.9879, -0.1233, 0.0806, -0.0484
11:56:56, 8.73, 262, 10.23, 346.39, 353.12, 0.9879, -0.1231, 0.0813, -0.0488
11:56:56, 8.73, 262, 10.30, 346.41, 353.05, 0.9878, -0.1230, 0.0818, -0.0494
11:56:56, 8.77, 263, 10.36, 346.48, 352.96, 0.9878, -0.1225, 0.0823, -0.0501
11:56:56, 8.77, 263, 10.40, 346.52, 352.88, 0.9878, -0.1222, 0.0826, -0.0508
11:56:56, 8.77, 263, 10.44, 346.52, 352.76, 0.9877, -0.1224, 0.0828, -0.0518
11:56:56, 8.80, 264, 10.48, 346.55, 352.66, 0.9876, -0.1222, 0.0830, -0.0526
11:56:56, 8.80, 264, 10.49, 346.55, 352.63, 0.9876, -0.1222, 0.0831, -0.0529
11:56:56, 8.83, 265, 10.54, 346.58, 352.50, 0.9875, -0.1221, 0.0834, -0.0539
11:56:56, 8.83, 265, 10.58, 346.55, 352.42, 0.9874, -0.1224, 0.0837, -0.0546
11:56:56, 8.83, 265, 10.66, 346.51, 352.39, 0.9873, -0.1228, 0.0843, -0.0547
11:56:56, 8.87, 266, 10.73, 346.44, 352.35, 0.9872, -0.1234, 0.0848, -0.0549
11:56:56, 8.87, 266, 10.78, 346.39, 352.35, 0.9871, -0.1240, 0.0852, -0.0548
11:56:56, 8.90, 267, 10.85, 346.39, 352.35, 0.9871, -0.1239, 0.0858, -0.0548
11:56:56, 8.90, 267, 10.95, 346.35, 352.33, 0.9869, -0.1243, 0.0866, -0.0548
11:56:56, 8.93, 268, 11.01, 346.34, 352.34, 0.9869, -0.1245, 0.0871, -0.0547
11:56:56, 8.93, 268, 11.04, 346.37, 352.32, 0.9869, -0.1242, 0.0874, -0.0548
11:56:56, 8.93, 268, 11.05, 346.37, 352.34, 0.9869, -0.1242, 0.0875, -0.0547
11:56:56, 8.97, 269, 11.03, 346.43, 352.34, 0.9869, -0.1237, 0.0874, -0.0547
11:56:56, 8.97, 269, 11.00, 346.40, 352.36, 0.9870, -0.1239, 0.0871, -0.0545
11:56:56, 9.00, 270, 11.01, 346.36, 352.36, 0.9869, -0.1243, 0.0872, -0.0544
11:56:56, 9.00, 270, 11.01, 346.23, 352.37, 0.9868, -0.1254, 0.0871, -0.0543
11:56:56, 9.03, 271, 11.03, 346.17, 352.35, 0.9867, -0.1260, 0.0872, -0.0544
11:56:56, 9.03, 271, 11.03, 346.20, 352.34, 0.9867, -0.1257, 0.0872, -0.0545
11:56:56, 9.03, 271, 11.01, 346.25, 352.35, 0.9868, -0.1252, 0.0871, -0.0545
11:56:56, 9.07, 272, 11.01, 346.28, 352.35, 0.9868, -0.1250, 0.0871, -0.0545
11:56:56, 9.07, 272, 10.99, 346.30, 352.34, 0.9869, -0.1248, 0.0870, -0.0547
11:56:56, 9.10, 273, 10.93, 346.27, 352.30, 0.9868, -0.1251, 0.0864, -0.0550
11:56:56, 9.10, 273, 10.86, 346.25, 352.33, 0.9869, -0.1252, 0.0857, -0.0548
11:56:56, 9.10, 273, 10.80, 346.20, 352.33, 0.9869, -0.1256, 0.0853, -0.0548
11:56:56, 9.13, 274, 10.76, 346.19, 352.33, 0.9869, -0.1257, 0.0849, -0.0549
11:56:57, 9.13, 274, 10.74, 346.19, 352.37, 0.9869, -0.1256, 0.0848, -0.0545
11:56:57, 9.17, 275, 10.78, 346.19, 352.40, 0.9869, -0.1256, 0.0851, -0.0542
11:56:57, 9.17, 275, 10.79, 346.20, 352.40, 0.9869, -0.1255, 0.0852, -0.0543
11:56:57, 9.20, 276, 10.84, 346.24, 352.38, 0.9869, -0.1252, 0.0857, -0.0544
11:56:57, 9.20, 276, 10.92, 346.33, 352.40, 0.9870, -0.1245, 0.0864, -0.0542
11:56:57, 9.20, 276, 11.01, 346.37, 352.37, 0.9869, -0.1242, 0.0871, -0.0544
11:56:57, 9.23, 277, 11.10, 346.37, 352.33, 0.9868, -0.1243, 0.0879, -0.0546
11:56:57, 9.23, 277, 11.22, 346.37, 352.26, 0.9867, -0.1243, 0.0889, -0.0551
11:56:57, 9.27, 278, 11.35, 346.41, 352.16, 0.9866, -0.1241, 0.0899, -0.0559
11:56:57, 9.27, 278, 11.52, 346.47, 352.06, 0.9865, -0.1238, 0.0913, -0.0566
11:56:57, 9.27, 278, 11.71, 346.50, 352.00, 0.9863, -0.1237, 0.0929, -0.0570
11:56:57, 9.30, 279, 11.94, 346.44, 351.95, 0.9861, -0.1244, 0.0948, -0.0570
11:56:57, 9.30, 279, 12.15, 346.37, 351.88, 0.9858, -0.1252, 0.0965, -0.0574
11:56:57, 9.33, 280, 12.34, 346.24, 351.79, 0.9854, -0.1265, 0.0979, -0.0578
11:56:57, 9.33, 280, 12.51, 346.13, 351.73, 0.9852, -0.1275, 0.0992, -0.0580
11:56:57, 9.37, 281, 12.68, 346.05, 351.66, 0.9849, -0.1283, 0.1005, -0.0584
11:56:57, 9.37, 281, 12.86, 345.97, 351.62, 0.9846, -0.1292, 0.1020, -0.0584
11:56:57, 9.37, 281, 13.06, 345.92, 351.59, 0.9844, -0.1297, 0.1037, -0.0584
11:56:57, 9.40, 282, 13.27, 345.87, 351.56, 0.9841, -0.1303, 0.1054, -0.0583
11:56:57, 9.40, 282, 13.49, 345.88, 351.54, 0.9839, -0.1303, 0.1072, -0.0583
11:56:57, 9.43, 283, 13.66, 345.86, 351.50, 0.9837, -0.1306, 0.1087, -0.0584
11:56:57, 9.43, 283, 13.87, 345.85, 351.51, 0.9835, -0.1308, 0.1104, -0.0581
11:56:57, 9.43, 283, 14.06, 345.86, 351.49, 0.9833, -0.1308, 0.1121, -0.0580
11:56:57, 9.47, 284, 14.28, 345.86, 351.48, 0.9831, -0.1309, 0.1139, -0.0579
11:56:57, 9.47, 284, 14.49, 345.90, 351.45, 0.9829, -0.1308, 0.1157, -0.0579
11:56:57, 9.50, 285, 14.67, 345.89, 351.44, 0.9827, -0.1310, 0.1173, -0.0578
11:56:57, 9.50, 285, 14.90, 345.89, 351.42, 0.9825, -0.1310, 0.1192, -0.0578
11:56:57, 9.53, 286, 15.12, 345.87, 351.41, 0.9822, -0.1314, 0.1211, -0.0576
11:56:57, 9.53, 286, 15.33, 345.86, 351.36, 0.9820, -0.1317, 0.1228, -0.0577
11:56:57, 9.53, 286, 15.54, 345.87, 351.31, 0.9817, -0.1317, 0.1246, -0.0579
11:56:57, 9.57, 287, 15.73, 345.88, 351.26, 0.9815, -0.1317, 0.1261, -0.0581
11:56:57, 9.57, 287, 15.89, 345.89, 351.22, 0.9813, -0.1318, 0.1274, -0.0583
11:56:57, 9.60, 288, 16.04, 345.88, 351.17, 0.9811, -0.1320, 0.1287, -0.0585
11:56:57, 9.60, 288, 16.17, 345.90, 351.11, 0.9810, -0.1320, 0.1298, -0.0589
11:56:57, 9.60, 288, 16.30, 345.89, 351.05, 0.9808, -0.1322, 0.1308, -0.0593
11:56:57, 9.63, 289, 16.41, 345.89, 350.97, 0.9806, -0.1323, 0.1316, -0.0599
11:56:57, 9.63, 289, 16.49, 345.93, 350.91, 0.9805, -0.1321, 0.1323, -0.0603
11:56:57, 9.67, 290, 16.59, 345.94, 350.85, 0.9804, -0.1321, 0.1330, -0.0607
11:56:57, 9.67, 290, 16.66, 345.96, 350.77, 0.9803, -0.1321, 0.1336, -0.0614
11:56:57, 9.70, 291, 16.74, 345.95, 350.68, 0.9801, -0.1323, 0.1341, -0.0621
11:56:57, 9.70, 291, 16.84, 345.95, 350.60, 0.9800, -0.1325, 0.1349, -0.0626
11:56:57, 9.70, 291, 16.93, 345.92, 350.54, 0.9798, -0.1329, 0.1356, -0.0629
11:56:57, 9.73, 292, 17.02, 345.91, 350.51, 0.9797, -0.1330, 0.1363, -0.0632
11:56:57, 9.73, 292, 17.09, 345.93, 350.44, 0.9796, -0.1330, 0.1369, -0.0636
11:56:57, 9.77, 293, 17.18, 345.93, 350.40, 0.9794, -0.1331, 0.1376, -0.0639
11:56:57, 9.77, 293, 17.27, 345.91, 350.35, 0.9793, -0.1334, 0.1383, -0.0642
11:56:57, 9.77, 293, 17.38, 345.90, 350.32, 0.9791, -0.1336, 0.1392, -0.0643
11:56:57, 9.80, 294, 17.47, 345.91, 350.25, 0.9790, -0.1336, 0.1399, -0.0648
11:56:57, 9.80, 294, 17.54, 345.91, 350.23, 0.9789, -0.1337, 0.1404, -0.0649
11:56:57, 9.83, 295, 17.62, 345.91, 350.20, 0.9788, -0.1337, 0.1411, -0.0651
11:56:57, 9.83, 295, 17.68, 345.93, 350.16, 0.9787, -0.1337, 0.1415, -0.0654
11:56:57, 9.87, 296, 17.75, 345.93, 350.13, 0.9786, -0.1338, 0.1421, -0.0655
11:56:57, 9.87, 296, 17.83, 345.93, 350.08, 0.9785, -0.1339, 0.1428, -0.0658
11:56:57, 9.87, 296, 17.88, 345.95, 350.07, 0.9784, -0.1337, 0.1432, -0.0660
11:56:57, 9.90, 297, 17.92, 345.96, 350.06, 0.9784, -0.1337, 0.1436, -0.0660
11:56:57, 9.90, 297, 17.96, 345.96, 350.06, 0.9783, -0.1337, 0.1439, -0.0659
11:56:57, 9.93, 298, 17.98, 345.96, 350.06, 0.9783, -0.1337, 0.1440, -0.0659
11:56:57, 9.93, 298, 18.02, 345.95, 350.04, 0.9782, -0.1338, 0.1444, -0.0661
11:56:57, 9.93, 298, 18.03, 345.96, 350.04, 0.9782, -0.1338, 0.1445, -0.0660
11:56:57, 9.97, 299, 18.03, 345.93, 350.07, 0.9782, -0.1340, 0.1445, -0.0657
11:56:57, 9.97, 299, 18.04, 345.91, 350.08, 0.9782, -0.1341, 0.1446, -0.0656
