Timestamp, VideoTime, VideoFrame, HeadYaw, HeadPitch, HeadRoll, HeadQuatW, HeadQuatX, HeadQuatY, HeadQuatZ
15:29:26, 0.00, 0, 23.88, 359.88, 358.79, 0.9783, -0.0032, 0.2069, -0.0101
15:29:26, 0.03, 1, 23.48, 359.83, 358.86, 0.9790, -0.0035, 0.2035, -0.0094
15:29:26, 0.03, 1, 22.96, 359.75, 358.93, 0.9799, -0.0040, 0.1990, -0.0088
15:29:26, 0.03, 1, 22.30, 359.60, 358.95, 0.9811, -0.0052, 0.1933, -0.0083
15:29:26, 0.07, 2, 21.56, 359.53, 358.94, 0.9823, -0.0058, 0.1870, -0.0084
15:29:26, 0.07, 2, 20.75, 359.44, 358.90, 0.9836, -0.0065, 0.1800, -0.0086
15:29:26, 0.10, 3, 19.80, 359.30, 358.89, 0.9850, -0.0077, 0.1719, -0.0085
15:29:26, 0.10, 3, 18.76, 359.18, 358.73, 0.9866, -0.0089, 0.1629, -0.0098
15:29:26, 0.10, 3, 17.73, 359.13, 358.55, 0.9880, -0.0094, 0.1540, -0.0113
15:29:26, 0.13, 4, 16.74, 359.08, 358.42, 0.9892, -0.0100, 0.1454, -0.0125
15:29:26, 0.13, 4, 15.64, 358.99, 358.30, 0.9906, -0.0107, 0.1359, -0.0135
15:29:26, 0.17, 5, 14.68, 358.93, 358.16, 0.9917, -0.0113, 0.1276, -0.0147
15:29:26, 0.17, 5, 13.66, 358.79, 358.06, 0.9927, -0.0125, 0.1187, -0.0155
15:29:26, 0.17, 5, 12.66, 358.64, 357.99, 0.9937, -0.0137, 0.1100, -0.0161
15:29:26, 0.20, 6, 11.66, 358.49, 357.93, 0.9946, -0.0149, 0.1013, -0.0166
15:29:26, 0.20, 6, 10.71, 358.39, 357.88, 0.9954, -0.0157, 0.0930, -0.0171
15:29:26, 0.23, 7, 9.83, 358.25, 357.84, 0.9961, -0.0169, 0.0853, -0.0175
15:29:26, 0.23, 7, 8.97, 358.13, 357.78, 0.9966, -0.0178, 0.0778, -0.0180
15:29:26, 0.27, 8, 8.19, 358.05, 357.81, 0.9971, -0.0183, 0.0711, -0.0178
15:29:26, 0.27, 8, 7.49, 357.92, 357.74, 0.9975, -0.0194, 0.0650, -0.0185
15:29:26, 0.27, 8, 6.86, 357.81, 357.81, 0.9979, -0.0202, 0.0595, -0.0179
15:29:26, 0.30, 9, 6.31, 357.71, 357.84, 0.9981, -0.0210, 0.0546, -0.0177
15:29:26, 0.30, 9, 5.79, 357.56, 357.92, 0.9984, -0.0222, 0.0501, -0.0170
15:29:26, 0.33, 10, 5.50, 357.49, 357.96, 0.9985, -0.0227, 0.0476, -0.0167
15:29:26, 0.33, 10, 5.17, 357.45, 358.04, 0.9986, -0.0230, 0.0447, -0.0161
15:29:26, 0.33, 10, 4.93, 357.33, 358.15, 0.9987, -0.0239, 0.0426, -0.0151
15:29:26, 0.37, 11, 4.77, 357.27, 358.28, 0.9988, -0.0244, 0.0413, -0.0140
15:29:26, 0.37, 11, 4.59, 357.09, 358.37, 0.9988, -0.0259, 0.0397, -0.0132
15:29:26, 0.40, 12, 4.45, 356.96, 358.46, 0.9988, -0.0270, 0.0385, -0.0124
15:29:26, 0.40, 12, 4.35, 356.83, 358.51, 0.9988, -0.0282, 0.0376, -0.0119
15:29:26, 0.43, 13, 4.31, 356.71, 358.53, 0.9988, -0.0292, 0.0372, -0.0118
15:29:26, 0.43, 13, 4.33, 356.63, 358.50, 0.9988, -0.0299, 0.0374, -0.0120
15:29:26, 0.43, 13, 4.37, 356.53, 358.50, 0.9987, -0.0307, 0.0377, -0.0119
15:29:26, 0.47, 14, 4.47, 356.44, 358.47, 0.9987, -0.0316, 0.0385, -0.0121
15:29:26, 0.47, 14, 4.57, 356.33, 358.49, 0.9986, -0.0325, 0.0394, -0.0119
15:29:26, 0.50, 15, 4.68, 356.20, 358.47, 0.9985, -0.0337, 0.0404, -0.0119
15:29:26, 0.50, 15, 4.89, 356.10, 358.41, 0.9984, -0.0345, 0.0422, -0.0124
15:29:26, 0.50, 15, 5.19, 356.01, 358.34, 0.9983, -0.0355, 0.0447, -0.0129
15:29:26, 0.53, 16, 5.60, 355.91, 358.22, 0.9981, -0.0364, 0.0482, -0.0137
15:29:26, 0.53, 16, 6.10, 355.82, 358.06, 0.9978, -0.0373, 0.0525, -0.0149
15:29:26, 0.57, 17, 6.87, 355.78, 357.89, 0.9974, -0.0378, 0.0592, -0.0162
15:29:26, 0.57, 17, 7.86, 355.71, 357.72, 0.9968, -0.0387, 0.0677, -0.0173
15:29:26, 0.60, 18, 9.15, 355.60, 357.60, 0.9959, -0.0399, 0.0789, -0.0178
15:29:26, 0.60, 18, 10.76, 355.53, 357.46, 0.9947, -0.0409, 0.0928, -0.0184
15:29:26, 0.60, 18, 12.71, 355.40, 357.38, 0.9929, -0.0424, 0.1096, -0.0183
15:29:26, 0.63, 19, 15.12, 355.34, 357.38, 0.9903, -0.0433, 0.1305, -0.0173
15:29:26, 0.63, 19, 18.17, 355.21, 357.48, 0.9865, -0.0447, 0.1568, -0.0151
15:29:26, 0.67, 20, 21.31, 355.08, 357.64, 0.9818, -0.0460, 0.1838, -0.0123
15:29:26, 0.67, 20, 24.74, 354.99, 358.05, 0.9759, -0.0463, 0.2133, -0.0073
15:29:26, 0.70, 21, 28.09, 354.88, 358.35, 0.9692, -0.0468, 0.2418, -0.0031
15:29:26, 0.70, 21, 31.50, 354.72, 358.64, 0.9615, -0.0476, 0.2706, 0.0011
15:29:26, 0.70, 21, 34.84, 354.49, 358.96, 0.9531, -0.0485, 0.2986, 0.0058
15:29:26, 0.73, 22, 38.19, 354.27, 359.21, 0.9439, -0.0495, 0.3264, 0.0098
15:29:26, 0.73, 22, 41.47, 354.08, 359.43, 0.9341, -0.0500, 0.3533, 0.0137
15:29:26, 0.77, 23, 44.59, 353.86, 359.63, 0.9240, -0.0508, 0.3787, 0.0173
15:29:26, 0.77, 23, 47.59, 353.57, 359.79, 0.9136, -0.0521, 0.4027, 0.0209
15:29:26, 0.77, 23, 50.33, 353.37, 359.87, 0.9036, -0.0528, 0.4245, 0.0235
15:29:26, 0.80, 24, 52.97, 353.11, 359.89, 0.8934, -0.0542, 0.4451, 0.0259
15:29:26, 0.80, 24, 55.51, 352.99, 359.86, 0.8833, -0.0547, 0.4648, 0.0274
15:29:26, 0.83, 25, 57.95, 352.78, 359.82, 0.8731, -0.0558, 0.4834, 0.0291
15:29:26, 0.83, 25, 60.25, 352.68, 359.86, 0.8632, -0.0558, 0.5008, 0.0310
15:29:26, 0.87, 26, 62.17, 352.55, 359.84, 0.8547, -0.0563, 0.5151, 0.0323
15:29:26, 0.87, 26, 63.96, 352.50, 359.78, 0.8465, -0.0565, 0.5283, 0.0330
15:29:26, 0.87, 26, 65.83, 352.37, 359.64, 0.8377, -0.0575, 0.5420, 0.0335
15:29:26, 0.90, 27, 67.51, 352.28, 359.48, 0.8297, -0.0585, 0.5541, 0.0336
15:29:26, 0.90, 27, 69.07, 352.14, 359.43, 0.8220, -0.0593, 0.5653, 0.0348
15:29:26, 0.93, 28, 70.46, 352.00, 359.37, 0.8151, -0.0601, 0.5751, 0.0358
15:29:26, 0.93, 28, 71.75, 351.83, 359.27, 0.8085, -0.0615, 0.5841, 0.0366
15:29:26, 0.93, 28, 72.86, 351.72, 359.25, 0.8028, -0.0620, 0.5919, 0.0376
15:29:26, 0.97, 29, 74.00, 351.60, 359.23, 0.7968, -0.0626, 0.5998, 0.0387
15:29:26, 0.97, 29, 75.04, 351.50, 359.10, 0.7913, -0.0635, 0.6069, 0.0389
15:29:26, 1.00, 30, 76.06, 351.52, 359.05, 0.7859, -0.0633, 0.6139, 0.0391
15:29:26, 1.00, 30, 77.01, 351.57, 358.97, 0.7808, -0.0631, 0.6203, 0.0388
15:29:27, 1.03, 31, 77.97, 351.43, 358.94, 0.7755, -0.0639, 0.6268, 0.0398
15:29:27, 1.03, 31, 78.88, 351.37, 359.02, 0.7705, -0.0635, 0.6330, 0.0412
15:29:27, 1.03, 31, 79.75, 351.28, 359.03, 0.7656, -0.0638, 0.6387, 0.0423
15:29:27, 1.07, 32, 80.60, 351.18, 359.03, 0.7608, -0.0641, 0.6444, 0.0433
15:29:27, 1.07, 32, 81.41, 351.13, 359.12, 0.7562, -0.0636, 0.6497, 0.0447
15:29:27, 1.10, 33, 82.18, 350.98, 359.07, 0.7517, -0.0645, 0.6547, 0.0456
15:29:27, 1.10, 33, 82.97, 350.84, 359.10, 0.7471, -0.0650, 0.6598, 0.0470
15:29:27, 1.10, 33, 83.79, 350.62, 359.11, 0.7423, -0.0660, 0.6650, 0.0488
15:29:27, 1.13, 34, 84.70, 350.39, 359.07, 0.7369, -0.0673, 0.6708, 0.0504
15:29:27, 1.13, 34, 85.62, 350.21, 359.06, 0.7314, -0.0681, 0.6765, 0.0520
15:29:27, 1.17, 35, 86.56, 350.00, 359.04, 0.7257, -0.0691, 0.6824, 0.0537
15:29:27, 1.17, 35, 87.42, 349.84, 359.07, 0.7205, -0.0696, 0.6878, 0.0554
15:29:27, 1.20, 36, 88.16, 349.57, 359.12, 0.7158, -0.0707, 0.6923, 0.0577
15:29:27, 1.20, 36, 88.90, 349.38, 359.07, 0.7113, -0.0717, 0.6967, 0.0590
15:29:27, 1.20, 36, 89.58, 349.19, 358.99, 0.7071, -0.0730, 0.7008, 0.0601
15:29:27, 1.23, 37, 90.24, 349.01, 359.00, 0.7030, -0.0737, 0.7047, 0.0617
15:29:27, 1.23, 37, 90.80, 348.89, 358.88, 0.6995, -0.0749, 0.7080, 0.0621
15:29:27, 1.27, 38, 91.37, 348.70, 358.86, 0.6959, -0.0759, 0.7113, 0.0635
15:29:27, 1.27, 38, 91.97, 348.49, 358.89, 0.6920, -0.0766, 0.7148, 0.0654
15:29:27, 1.27, 38, 92.57, 348.29, 358.83, 0.6882, -0.0778, 0.7183, 0.0667
15:29:27, 1.30, 39, 93.16, 348.15, 358.79, 0.6844, -0.0786, 0.7217, 0.0678
15:29:27, 1.30, 39, 93.78, 347.96, 358.76, 0.6804, -0.0795, 0.7252, 0.0692
15:29:27, 1.33, 40, 94.40, 347.84, 358.73, 0.6765, -0.0800, 0.7287, 0.0702
15:29:27, 1.33, 40, 95.08, 347.65, 358.64, 0.6720, -0.0813, 0.7326, 0.0714
15:29:27, 1.37, 41, 95.77, 347.42, 358.59, 0.6675, -0.0826, 0.7364, 0.0730
15:29:27, 1.37, 41, 96.43, 347.28, 358.61, 0.6632, -0.0828, 0.7401, 0.0746
15:29:27, 1.37, 41, 97.07, 347.11, 358.67, 0.6589, -0.0830, 0.7437, 0.0765
15:29:27, 1.40, 42, 97.74, 346.91, 358.63, 0.6545, -0.0839, 0.7474, 0.0781
15:29:27, 1.40, 42, 98.42, 346.71, 358.59, 0.6499, -0.0849, 0.7510, 0.0796
15:29:27, 1.43, 43, 99.13, 346.52, 358.47, 0.6452, -0.0862, 0.7548, 0.0808
15:29:27, 1.43, 43, 99.83, 346.26, 358.42, 0.6405, -0.0875, 0.7584, 0.0827
15:29:27, 1.43, 43, 100.55, 346.06, 358.37, 0.6356, -0.0884, 0.7623, 0.0843
15:29:27, 1.47, 44, 101.20, 345.84, 358.32, 0.6312, -0.0895, 0.7656, 0.0860
15:29:27, 1.47, 44, 101.94, 345.62, 358.22, 0.6262, -0.0908, 0.7694, 0.0875
15:29:27, 1.50, 45, 102.59, 345.41, 358.14, 0.6218, -0.0919, 0.7727, 0.0890
15:29:27, 1.50, 45, 103.23, 345.24, 358.11, 0.6174, -0.0926, 0.7759, 0.0905
15:29:27, 1.53, 46, 103.82, 345.04, 357.96, 0.6134, -0.0942, 0.7788, 0.0916
15:29:27, 1.53, 46, 104.41, 344.83, 357.88, 0.6093, -0.0954, 0.7817, 0.0931
15:29:27, 1.53, 46, 105.05, 344.59, 357.68, 0.6049, -0.0975, 0.7846, 0.0942
15:29:27, 1.57, 47, 105.70, 344.38, 357.58, 0.6005, -0.0987, 0.7878, 0.0957
15:29:27, 1.57, 47, 106.44, 344.20, 357.38, 0.5954, -0.1004, 0.7913, 0.0965
15:29:27, 1.60, 48, 107.16, 343.97, 357.24, 0.5904, -0.1019, 0.7946, 0.0981
15:29:27, 1.60, 48, 107.87, 343.75, 357.11, 0.5855, -0.1034, 0.7979, 0.0995
15:29:27, 1.60, 48, 108.55, 343.55, 356.96, 0.5808, -0.1048, 0.8010, 0.1008
15:29:27, 1.63, 49, 109.28, 343.32, 356.91, 0.5756, -0.1057, 0.8043, 0.1028
15:29:27, 1.63, 49, 109.91, 343.08, 356.82, 0.5711, -0.1069, 0.8071, 0.1047
15:29:27, 1.67, 50, 110.54, 342.89, 356.72, 0.5667, -0.1080, 0.8099, 0.1061
15:29:27, 1.67, 50, 111.02, 342.70, 356.64, 0.5632, -0.1090, 0.8120, 0.1075
15:29:27, 1.70, 51, 111.50, 342.56, 356.50, 0.5598, -0.1102, 0.8141, 0.1082
15:29:27, 1.70, 51, 111.89, 342.40, 356.43, 0.5571, -0.1112, 0.8157, 0.1095
15:29:27, 1.70, 51, 112.31, 342.21, 356.31, 0.5541, -0.1125, 0.8173, 0.1106
15:29:27, 1.73, 52, 112.70, 342.08, 356.25, 0.5513, -0.1132, 0.8190, 0.1116
15:29:27, 1.73, 52, 113.02, 341.90, 356.12, 0.5491, -0.1146, 0.8202, 0.1127
15:29:27, 1.77, 53, 113.38, 341.82, 356.02, 0.5465, -0.1154, 0.8217, 0.1131
15:29:27, 1.77, 53, 113.77, 341.70, 355.92, 0.5437, -0.1162, 0.8233, 0.1139
15:29:27, 1.77, 53, 114.06, 341.66, 355.88, 0.5417, -0.1164, 0.8246, 0.1143
15:29:27, 1.80, 54, 114.31, 341.55, 355.83, 0.5399, -0.1171, 0.8255, 0.1151
15:29:27, 1.80, 54, 114.54, 341.51, 355.82, 0.5382, -0.1171, 0.8266, 0.1157
15:29:27, 1.83, 55, 114.82, 341.47, 355.73, 0.5363, -0.1177, 0.8277, 0.1158
15:29:27, 1.83, 55, 115.05, 341.41, 355.69, 0.5347, -0.1180, 0.8287, 0.1162
15:29:27, 1.87, 56, 115.29, 341.31, 355.53, 0.5330, -0.1193, 0.8295, 0.1165
15:29:27, 1.87, 56, 115.54, 341.22, 355.45, 0.5312, -0.1201, 0.8305, 0.1170
15:29:27, 1.87, 56, 115.70, 341.17, 355.40, 0.5301, -0.1205, 0.8311, 0.1173
15:29:27, 1.90, 57, 115.82, 341.16, 355.36, 0.5293, -0.1207, 0.8316, 0.1174
15:29:27, 1.90, 57, 115.89, 341.16, 355.38, 0.5287, -0.1205, 0.8319, 0.1175
15:29:27, 1.93, 58, 115.96, 341.18, 355.39, 0.5282, -0.1203, 0.8323, 0.1175
15:29:27, 1.93, 58, 116.04, 341.18, 355.35, 0.5277, -0.1204, 0.8326, 0.1174
15:29:27, 1.93, 58, 116.04, 341.21, 355.35, 0.5277, -0.1204, 0.8326, 0.1171
15:29:27, 1.97, 59, 115.98, 341.22, 355.36, 0.5281, -0.1203, 0.8324, 0.1170
15:29:27, 1.97, 59, 115.90, 341.25, 355.38, 0.5287, -0.1201, 0.8321, 0.1169
15:29:27, 2.00, 60, 115.84, 341.25, 355.40, 0.5291, -0.1200, 0.8318, 0.1169
15:29:27, 2.00, 60, 115.52, 341.24, 355.55, 0.5313, -0.1193, 0.8305, 0.1173
15:29:28, 2.03, 61, 115.19, 341.24, 355.71, 0.5335, -0.1185, 0.8292, 0.1177
15:29:28, 2.03, 61, 114.79, 341.27, 355.89, 0.5362, -0.1174, 0.8275, 0.1179
15:29:28, 2.03, 61, 114.39, 341.35, 356.06, 0.5390, -0.1163, 0.8259, 0.1177
15:29:28, 2.07, 62, 113.92, 341.35, 356.28, 0.5421, -0.1151, 0.8239, 0.1183
15:29:28, 2.07, 62, 113.31, 341.38, 356.50, 0.5463, -0.1141, 0.8213, 0.1185
15:29:28, 2.10, 63, 112.57, 341.48, 356.72, 0.5514, -0.1128, 0.8181, 0.1181
15:29:28, 2.10, 63, 111.68, 341.50, 356.95, 0.5575, -0.1119, 0.8141, 0.1182
15:29:28, 2.10, 63, 110.50, 341.61, 357.31, 0.5656, -0.1100, 0.8087, 0.1180
15:29:28, 2.13, 64, 109.17, 341.62, 357.77, 0.5745, -0.1082, 0.8026, 0.1190
15:29:28, 2.13, 64, 108.00, 341.62, 358.07, 0.5823, -0.1073, 0.7969, 0.1194
15:29:28, 2.17, 65, 106.96, 341.64, 358.25, 0.5894, -0.1070, 0.7918, 0.1192
15:29:28, 2.17, 65, 106.00, 341.62, 358.38, 0.5959, -0.1072, 0.7869, 0.1192
15:29:28, 2.20, 66, 105.07, 341.56, 358.60, 0.6019, -0.1071, 0.7822, 0.1198
15:29:28, 2.20, 66, 104.02, 341.44, 358.87, 0.6087, -0.1069, 0.7768, 0.1211
15:29:28, 2.20, 66, 102.97, 341.15, 359.34, 0.6151, -0.1065, 0.7713, 0.1246
15:29:28, 2.23, 67, 102.30, 340.80, 359.68, 0.6188, -0.1068, 0.7676, 0.1281
15:29:28, 2.23, 67, 102.02, 340.47, 359.91, 0.6202, -0.1073, 0.7659, 0.1314
15:29:28, 2.27, 68, 101.99, 340.18, 0.16, 0.6198, -0.1072, 0.7657, 0.1346
15:29:28, 2.27, 68, 102.14, 339.99, 0.46, 0.6183, -0.1061, 0.7665, 0.1377
15:29:28, 2.27, 68, 102.14, 339.90, 0.81, 0.6178, -0.1042, 0.7667, 0.1401
15:29:28, 2.30, 69, 102.07, 339.81, 1.11, 0.6178, -0.1028, 0.7665, 0.1423
15:29:28, 2.30, 69, 101.96, 339.76, 1.41, 0.6181, -0.1012, 0.7661, 0.1441
15:29:28, 2.33, 70, 101.75, 339.72, 1.66, 0.6191, -0.1000, 0.7652, 0.1455
15:29:28, 2.33, 70, 101.46, 339.69, 1.89, 0.6207, -0.0990, 0.7638, 0.1468
15:29:28, 2.37, 71, 101.15, 339.69, 2.01, 0.6226, -0.0986, 0.7622, 0.1471
15:29:28, 2.37, 71, 100.71, 339.68, 2.11, 0.6254, -0.0985, 0.7599, 0.1474
15:29:28, 2.37, 71, 100.27, 339.67, 2.19, 0.6282, -0.0986, 0.7575, 0.1475
15:29:28, 2.40, 72, 99.81, 339.66, 2.29, 0.6311, -0.0987, 0.7551, 0.1477
15:29:28, 2.40, 72, 99.35, 339.71, 2.34, 0.6341, -0.0987, 0.7526, 0.1473
15:29:28, 2.43, 73, 98.94, 339.80, 2.46, 0.6367, -0.0978, 0.7506, 0.1470
15:29:28, 2.43, 73, 98.50, 339.85, 2.53, 0.6396, -0.0977, 0.7482, 0.1467
15:29:28, 2.43, 73, 98.09, 339.95, 2.69, 0.6422, -0.0966, 0.7462, 0.1466
15:29:28, 2.47, 74, 97.66, 339.98, 2.77, 0.6449, -0.0965, 0.7438, 0.1464
15:29:28, 2.47, 74, 97.23, 339.98, 2.94, 0.6475, -0.0959, 0.7416, 0.1471
15:29:28, 2.50, 75, 96.87, 340.02, 2.99, 0.6498, -0.0959, 0.7396, 0.1468
15:29:28, 2.50, 75, 96.50, 340.02, 3.07, 0.6521, -0.0958, 0.7376, 0.1469
15:29:28, 2.53, 76, 96.11, 340.06, 3.17, 0.6545, -0.0954, 0.7355, 0.1470
15:29:28, 2.53, 76, 95.66, 340.13, 3.31, 0.6573, -0.0947, 0.7331, 0.1469
15:29:28, 2.53, 76, 95.18, 340.13, 3.33, 0.6604, -0.0952, 0.7303, 0.1466
15:29:28, 2.57, 77, 94.78, 340.19, 3.30, 0.6630, -0.0955, 0.7280, 0.1458
15:29:28, 2.57, 77, 94.34, 340.17, 3.32, 0.6658, -0.0961, 0.7255, 0.1456
15:29:28, 2.60, 78, 93.97, 340.23, 3.30, 0.6681, -0.0963, 0.7234, 0.1449
15:29:28, 2.60, 78, 93.58, 340.27, 3.34, 0.6706, -0.0963, 0.7212, 0.1445
15:29:28, 2.60, 78, 93.14, 340.30, 3.40, 0.6734, -0.0963, 0.7187, 0.1442
15:29:28, 2.63, 79, 92.70, 340.28, 3.50, 0.6760, -0.0964, 0.7162, 0.1446
15:29:28, 2.63, 79, 92.24, 340.24, 3.62, 0.6786, -0.0965, 0.7135, 0.1451
15:29:28, 2.67, 80, 91.90, 340.27, 3.65, 0.6807, -0.0965, 0.7115, 0.1449
15:29:28, 2.67, 80, 91.44, 340.32, 3.70, 0.6836, -0.0965, 0.7089, 0.1444
15:29:28, 2.70, 81, 91.04, 340.38, 3.76, 0.6861, -0.0963, 0.7066, 0.1442
15:29:28, 2.70, 81, 90.54, 340.42, 3.79, 0.6891, -0.0965, 0.7037, 0.1437
15:29:28, 2.70, 81, 90.07, 340.49, 3.74, 0.6922, -0.0969, 0.7008, 0.1426
15:29:28, 2.73, 82, 89.56, 340.47, 3.75, 0.6953, -0.0976, 0.6977, 0.1423
15:29:28, 2.73, 82, 89.07, 340.51, 3.74, 0.6983, -0.0981, 0.6948, 0.1416
15:29:28, 2.77, 83, 88.51, 340.55, 3.72, 0.7017, -0.0986, 0.6914, 0.1407
15:29:28, 2.77, 83, 87.92, 340.58, 3.76, 0.7053, -0.0989, 0.6878, 0.1403
15:29:28, 2.77, 83, 87.31, 340.70, 3.77, 0.7091, -0.0988, 0.6842, 0.1391
15:29:28, 2.80, 84, 86.47, 340.79, 3.80, 0.7142, -0.0991, 0.6790, 0.1381
15:29:28, 2.80, 84, 85.55, 341.02, 3.89, 0.7198, -0.0982, 0.6736, 0.1365
15:29:28, 2.83, 85, 84.41, 341.22, 3.94, 0.7266, -0.0980, 0.6665, 0.1347
15:29:28, 2.83, 85, 83.16, 341.48, 3.97, 0.7341, -0.0976, 0.6588, 0.1324
15:29:28, 2.87, 86, 81.72, 341.83, 3.92, 0.7429, -0.0972, 0.6497, 0.1288
15:29:28, 2.87, 86, 80.24, 342.27, 3.92, 0.7517, -0.0960, 0.6404, 0.1251
15:29:28, 2.87, 86, 78.71, 342.54, 3.85, 0.7606, -0.0963, 0.6303, 0.1219
15:29:28, 2.90, 87, 77.14, 342.83, 3.79, 0.7696, -0.0963, 0.6200, 0.1186
15:29:28, 2.90, 87, 75.51, 343.00, 3.67, 0.7786, -0.0974, 0.6090, 0.1155
15:29:28, 2.93, 88, 73.99, 343.23, 3.57, 0.7870, -0.0979, 0.5986, 0.1124
15:29:28, 2.93, 88, 72.34, 343.52, 3.57, 0.7959, -0.0974, 0.5874, 0.1094
15:29:28, 2.93, 88, 70.58, 343.80, 3.62, 0.8051, -0.0969, 0.5753, 0.1069
15:29:28, 2.97, 89, 68.85, 343.94, 3.66, 0.8138, -0.0973, 0.5632, 0.1050
15:29:28, 2.97, 89, 67.23, 344.04, 3.72, 0.8218, -0.0977, 0.5517, 0.1035
15:29:28, 3.00, 90, 65.69, 344.16, 3.74, 0.8293, -0.0982, 0.5407, 0.1018
15:29:28, 3.00, 90, 64.03, 344.41, 3.86, 0.8372, -0.0973, 0.5288, 0.1002
15:29:29, 3.03, 91, 62.19, 344.72, 3.92, 0.8458, -0.0963, 0.5155, 0.0977
15:29:29, 3.03, 91, 60.24, 345.19, 4.03, 0.8550, -0.0939, 0.5012, 0.0948
15:29:29, 3.03, 91, 58.20, 345.58, 4.05, 0.8642, -0.0925, 0.4861, 0.0916
15:29:29, 3.07, 92, 55.93, 346.10, 4.12, 0.8741, -0.0901, 0.4690, 0.0882
15:29:29, 3.07, 92, 53.57, 346.51, 4.23, 0.8840, -0.0883, 0.4511, 0.0856
15:29:29, 3.10, 93, 50.96, 347.08, 4.19, 0.8946, -0.0859, 0.4309, 0.0812
15:29:29, 3.10, 93, 48.29, 347.71, 4.06, 0.9051, -0.0832, 0.4099, 0.0759
15:29:29, 3.10, 93, 45.54, 348.39, 4.01, 0.9154, -0.0798, 0.3881, 0.0712
15:29:29, 3.13, 94, 42.73, 348.96, 4.00, 0.9252, -0.0769, 0.3656, 0.0674
15:29:29, 3.13, 94, 39.95, 349.33, 3.94, 0.9341, -0.0757, 0.3429, 0.0639
15:29:29, 3.17, 95, 37.20, 349.67, 3.74, 0.9425, -0.0749, 0.3203, 0.0595
15:29:29, 3.17, 95, 34.63, 350.05, 3.52, 0.9499, -0.0736, 0.2989, 0.0550
15:29:29, 3.20, 96, 32.16, 350.46, 3.30, 0.9565, -0.0719, 0.2782, 0.0506
15:29:29, 3.20, 96, 29.85, 350.66, 3.17, 0.9621, -0.0715, 0.2588, 0.0476
15:29:29, 3.20, 96, 27.71, 350.79, 3.05, 0.9669, -0.0716, 0.2407, 0.0450
15:29:29, 3.23, 97, 25.78, 350.76, 3.00, 0.9708, -0.0726, 0.2243, 0.0434
15:29:29, 3.23, 97, 23.95, 350.86, 3.07, 0.9743, -0.0723, 0.2089, 0.0427
15:29:29, 3.27, 98, 22.21, 351.07, 3.07, 0.9775, -0.0713, 0.1940, 0.0412
15:29:29, 3.27, 98, 20.38, 351.21, 3.01, 0.9806, -0.0707, 0.1783, 0.0394
15:29:29, 3.27, 98, 18.61, 351.39, 2.95, 0.9834, -0.0699, 0.1631, 0.0374
15:29:29, 3.30, 99, 17.01, 351.45, 2.90, 0.9857, -0.0700, 0.1493, 0.0360
15:29:29, 3.30, 99, 15.50, 351.57, 2.91, 0.9876, -0.0694, 0.1363, 0.0350
15:29:29, 3.33, 100, 14.03, 351.64, 2.91, 0.9893, -0.0693, 0.1236, 0.0340
15:29:29, 3.33, 100, 12.68, 351.70, 2.93, 0.9908, -0.0691, 0.1119, 0.0333
15:29:29, 3.37, 101, 11.32, 351.83, 2.92, 0.9921, -0.0683, 0.1001, 0.0323
15:29:29, 3.37, 101, 10.08, 351.92, 2.89, 0.9932, -0.0680, 0.0894, 0.0313
15:29:29, 3.37, 101, 8.89, 352.01, 3.02, 0.9941, -0.0674, 0.0791, 0.0316
15:29:29, 3.40, 102, 7.69, 351.97, 3.11, 0.9948, -0.0680, 0.0688, 0.0317
15:29:29, 3.40, 102, 6.50, 351.93, 3.19, 0.9954, -0.0686, 0.0585, 0.0317
15:29:29, 3.43, 103, 5.41, 351.99, 3.28, 0.9959, -0.0684, 0.0491, 0.0318
15:29:29, 3.43, 103, 4.40, 352.04, 3.29, 0.9964, -0.0682, 0.0403, 0.0312
15:29:29, 3.43, 103, 3.52, 352.18, 3.32, 0.9967, -0.0673, 0.0326, 0.0310
15:29:29, 3.47, 104, 2.64, 352.16, 3.34, 0.9969, -0.0676, 0.0249, 0.0306
15:29:29, 3.47, 104, 1.88, 352.20, 3.33, 0.9971, -0.0675, 0.0183, 0.0301
15:29:29, 3.50, 105, 1.17, 352.18, 3.29, 0.9972, -0.0678, 0.0122, 0.0293
15:29:29, 3.50, 105, 0.51, 352.18, 3.37, 0.9972, -0.0681, 0.0064, 0.0296
15:29:29, 3.53, 106, 359.86, 352.22, 3.34, 0.9973, -0.0678, 0.0008, 0.0290
15:29:29, 3.53, 106, 359.31, 352.21, 3.34, 0.9973, -0.0680, -0.0041, 0.0286
15:29:29, 3.53, 106, 358.75, 352.22, 3.31, 0.9972, -0.0682, -0.0089, 0.0281
15:29:29, 3.57, 107, 358.12, 352.14, 3.32, 0.9971, -0.0690, -0.0144, 0.0277
15:29:29, 3.57, 107, 357.55, 352.05, 3.30, 0.9970, -0.0699, -0.0193, 0.0272
15:29:29, 3.60, 108, 356.92, 352.01, 3.23, 0.9969, -0.0704, -0.0249, 0.0262
15:29:29, 3.60, 108, 356.23, 351.91, 3.27, 0.9966, -0.0714, -0.0307, 0.0262
15:29:29, 3.60, 108, 355.36, 351.79, 3.32, 0.9963, -0.0726, -0.0383, 0.0260
15:29:29, 3.63, 109, 354.28, 351.64, 3.45, 0.9958, -0.0743, -0.0476, 0.0264
15:29:29, 3.63, 109, 352.96, 351.43, 3.44, 0.9950, -0.0764, -0.0590, 0.0253
15:29:29, 3.67, 110, 351.41, 351.31, 3.35, 0.9941, -0.0777, -0.0724, 0.0234
15:29:29, 3.67, 110, 349.77, 351.28, 3.25, 0.9929, -0.0782, -0.0868, 0.0214
15:29:29, 3.70, 111, 348.06, 351.24, 3.12, 0.9915, -0.0787, -0.1016, 0.0190
15:29:29, 3.70, 111, 346.40, 351.30, 3.00, 0.9900, -0.0784, -0.1161, 0.0169
15:29:29, 3.70, 111, 344.67, 351.28, 2.87, 0.9881, -0.0786, -0.1311, 0.0146
15:29:29, 3.73, 112, 343.00, 351.17, 2.74, 0.9861, -0.0796, -0.1455, 0.0122
15:29:29, 3.73, 112, 341.31, 351.15, 2.55, 0.9838, -0.0797, -0.1601, 0.0093
15:29:29, 3.77, 113, 339.67, 351.17, 2.48, 0.9815, -0.0796, -0.1742, 0.0077
15:29:29, 3.77, 113, 338.06, 351.05, 2.48, 0.9788, -0.0806, -0.1881, 0.0063
15:29:29, 3.77, 113, 336.45, 350.92, 2.55, 0.9760, -0.0820, -0.2017, 0.0056
15:29:29, 3.80, 114, 334.90, 350.85, 2.51, 0.9732, -0.0826, -0.2148, 0.0040
15:29:29, 3.80, 114, 333.54, 350.80, 2.44, 0.9705, -0.0829, -0.2265, 0.0023
15:29:29, 3.83, 115, 332.15, 350.63, 2.38, 0.9676, -0.0842, -0.2382, 0.0004
15:29:29, 3.83, 115, 330.94, 350.51, 2.28, 0.9649, -0.0850, -0.2484, -0.0016
15:29:29, 3.87, 116, 329.83, 350.10, 2.11, 0.9622, -0.0881, -0.2577, -0.0047
15:29:29, 3.87, 116, 328.82, 349.69, 2.01, 0.9596, -0.0913, -0.2661, -0.0074
15:29:29, 3.87, 116, 327.75, 349.26, 2.08, 0.9567, -0.0949, -0.2749, -0.0087
15:29:29, 3.90, 117, 326.66, 348.87, 2.07, 0.9538, -0.0980, -0.2838, -0.0106
15:29:29, 3.90, 117, 325.66, 348.54, 2.05, 0.9510, -0.1006, -0.2920, -0.0125
15:29:29, 3.93, 118, 324.68, 348.23, 2.02, 0.9482, -0.1030, -0.3000, -0.0144
15:29:29, 3.93, 118, 323.72, 348.05, 2.00, 0.9456, -0.1043, -0.3079, -0.0159
15:29:29, 3.93, 118, 322.69, 347.84, 1.93, 0.9426, -0.1057, -0.3164, -0.0180
15:29:29, 3.97, 119, 321.61, 347.67, 1.86, 0.9394, -0.1068, -0.3252, -0.0200
15:29:29, 3.97, 119, 320.48, 347.62, 1.74, 0.9361, -0.1066, -0.3345, -0.0222
15:29:29, 4.00, 120, 319.36, 347.52, 1.54, 0.9326, -0.1066, -0.3438, -0.0252
15:29:29, 4.00, 120, 318.23, 347.34, 1.38, 0.9290, -0.1072, -0.3530, -0.0281
15:29:30, 4.03, 121, 316.92, 347.18, 1.28, 0.9248, -0.1079, -0.3636, -0.0307
15:29:30, 4.03, 121, 315.62, 346.93, 1.19, 0.9203, -0.1093, -0.3741, -0.0334
15:29:30, 4.03, 121, 314.20, 346.80, 1.18, 0.9155, -0.1098, -0.3854, -0.0353
15:29:30, 4.07, 122, 312.80, 346.74, 1.12, 0.9106, -0.1097, -0.3966, -0.0373
15:29:30, 4.07, 122, 311.43, 346.60, 1.08, 0.9057, -0.1102, -0.4075, -0.0395
15:29:30, 4.10, 123, 310.08, 346.52, 1.00, 0.9007, -0.1101, -0.4181, -0.0417
15:29:30, 4.10, 123, 308.81, 346.35, 0.98, 0.8959, -0.1108, -0.4280, -0.0437
15:29:30, 4.10, 123, 307.51, 346.18, 0.93, 0.8908, -0.1114, -0.4381, -0.0460
15:29:30, 4.13, 124, 306.31, 346.11, 0.97, 0.8861, -0.1117, -0.4473, -0.0471
15:29:30, 4.13, 124, 305.21, 345.95, 0.99, 0.8816, -0.1125, -0.4557, -0.0487
15:29:30, 4.17, 125, 304.14, 345.83, 1.01, 0.8773, -0.1130, -0.4638, -0.0500
15:29:30, 4.17, 125, 303.09, 345.67, 1.14, 0.8729, -0.1144, -0.4716, -0.0507
15:29:30, 4.20, 126, 302.04, 345.54, 1.25, 0.8685, -0.1154, -0.4794, -0.0515
15:29:30, 4.20, 126, 301.00, 345.33, 1.31, 0.8639, -0.1167, -0.4871, -0.0530
15:29:30, 4.20, 126, 299.99, 345.16, 1.48, 0.8595, -0.1182, -0.4944, -0.0535
15:29:30, 4.23, 127, 298.98, 344.88, 1.61, 0.8549, -0.1204, -0.5016, -0.0548
15:29:30, 4.23, 127, 297.99, 344.65, 1.79, 0.8504, -0.1225, -0.5086, -0.0555
15:29:30, 4.27, 128, 297.13, 344.25, 1.90, 0.8462, -0.1254, -0.5146, -0.0575
15:29:30, 4.27, 128, 296.34, 343.84, 1.96, 0.8423, -0.1284, -0.5200, -0.0597
15:29:30, 4.27, 128, 295.62, 343.42, 2.12, 0.8387, -0.1317, -0.5248, -0.0613
15:29:30, 4.30, 129, 294.94, 343.07, 2.30, 0.8354, -0.1348, -0.5293, -0.0624
15:29:30, 4.30, 129, 294.23, 342.88, 2.48, 0.8320, -0.1366, -0.5341, -0.0628
15:29:30, 4.33, 130, 293.62, 342.68, 2.62, 0.8290, -0.1384, -0.5381, -0.0635
15:29:30, 4.33, 130, 293.00, 342.59, 2.79, 0.8261, -0.1394, -0.5424, -0.0634
15:29:30, 4.37, 131, 292.35, 342.45, 2.91, 0.8229, -0.1407, -0.5468, -0.0641
15:29:30, 4.37, 131, 291.84, 342.33, 2.92, 0.8203, -0.1413, -0.5503, -0.0652
15:29:30, 4.37, 131, 291.27, 342.23, 3.03, 0.8176, -0.1422, -0.5542, -0.0656
15:29:30, 4.40, 132, 290.74, 342.03, 3.03, 0.8148, -0.1433, -0.5577, -0.0673
15:29:30, 4.40, 132, 290.08, 341.89, 3.11, 0.8115, -0.1443, -0.5621, -0.0682
15:29:30, 4.43, 133, 289.48, 341.81, 3.13, 0.8085, -0.1446, -0.5663, -0.0692
15:29:30, 4.43, 133, 288.85, 341.80, 3.12, 0.8053, -0.1442, -0.5708, -0.0701
15:29:30, 4.43, 133, 288.28, 341.64, 3.10, 0.8023, -0.1449, -0.5746, -0.0718
15:29:30, 4.47, 134, 287.65, 341.57, 3.14, 0.7991, -0.1452, -0.5789, -0.0727
15:29:30, 4.47, 134, 287.05, 341.39, 3.15, 0.7959, -0.1461, -0.5828, -0.0743
15:29:30, 4.50, 135, 286.47, 341.32, 3.16, 0.7929, -0.1462, -0.5868, -0.0753
15:29:30, 4.50, 135, 285.91, 341.17, 3.10, 0.7898, -0.1466, -0.5905, -0.0772
15:29:30, 4.53, 136, 285.28, 341.02, 3.12, 0.7864, -0.1473, -0.5947, -0.0786
15:29:30, 4.53, 136, 284.71, 340.87, 3.14, 0.7833, -0.1480, -0.5984, -0.0800
15:29:30, 4.53, 136, 283.98, 340.64, 3.21, 0.7793, -0.1494, -0.6031, -0.0818
15:29:30, 4.57, 137, 283.19, 340.49, 3.22, 0.7749, -0.1499, -0.6083, -0.0835
15:29:30, 4.57, 137, 282.36, 340.19, 3.40, 0.7703, -0.1523, -0.6133, -0.0850
15:29:30, 4.60, 138, 281.34, 339.90, 3.54, 0.7647, -0.1542, -0.6196, -0.0870
15:29:30, 4.60, 138, 280.09, 339.57, 3.83, 0.7578, -0.1570, -0.6271, -0.0886
15:29:30, 4.60, 138, 278.69, 339.20, 4.06, 0.7499, -0.1595, -0.6355, -0.0911
15:29:30, 4.63, 139, 277.35, 338.90, 4.11, 0.7421, -0.1607, -0.6438, -0.0943
15:29:30, 4.63, 139, 276.10, 338.63, 4.10, 0.7348, -0.1613, -0.6515, -0.0977
15:29:30, 4.67, 140, 275.00, 338.41, 4.04, 0.7283, -0.1614, -0.6583, -0.1009
15:29:30, 4.67, 140, 274.05, 338.27, 3.96, 0.7225, -0.1610, -0.6643, -0.1036
15:29:30, 4.70, 141, 273.17, 338.16, 3.92, 0.7173, -0.1606, -0.6697, -0.1057
15:29:30, 4.70, 141, 272.42, 338.02, 3.88, 0.7127, -0.1605, -0.6743, -0.1078
15:29:30, 4.70, 141, 271.77, 337.87, 3.91, 0.7088, -0.1610, -0.6781, -0.1094
15:29:30, 4.73, 142, 271.18, 337.68, 4.04, 0.7052, -0.1624, -0.6812, -0.1107
15:29:30, 4.73, 142, 270.62, 337.46, 4.21, 0.7018, -0.1642, -0.6842, -0.1118
15:29:30, 4.77, 143, 270.25, 337.25, 4.21, 0.6994, -0.1651, -0.6861, -0.1135
15:29:30, 4.77, 143, 269.88, 337.08, 4.14, 0.6969, -0.1653, -0.6882, -0.1155
15:29:30, 4.77, 143, 269.49, 337.09, 4.09, 0.6945, -0.1645, -0.6907, -0.1164
15:29:30, 4.80, 144, 269.13, 337.08, 4.03, 0.6923, -0.1639, -0.6929, -0.1173
15:29:30, 4.80, 144, 268.65, 337.11, 4.09, 0.6895, -0.1636, -0.6957, -0.1174
15:29:30, 4.83, 145, 268.15, 337.12, 4.12, 0.6864, -0.1632, -0.6988, -0.1179
15:29:30, 4.83, 145, 267.69, 337.15, 4.17, 0.6837, -0.1628, -0.7015, -0.1181
15:29:30, 4.87, 146, 267.29, 337.14, 4.15, 0.6813, -0.1624, -0.7038, -0.1188
15:29:30, 4.87, 146, 266.84, 337.06, 4.14, 0.6784, -0.1623, -0.7064, -0.1200
15:29:30, 4.87, 146, 266.51, 337.09, 4.15, 0.6764, -0.1618, -0.7084, -0.1202
15:29:30, 4.90, 147, 266.24, 337.13, 4.11, 0.6747, -0.1611, -0.7101, -0.1206
15:29:30, 4.90, 147, 265.93, 337.17, 4.12, 0.6728, -0.1606, -0.7120, -0.1207
15:29:30, 4.93, 148, 265.70, 337.14, 4.14, 0.6714, -0.1606, -0.7133, -0.1211
15:29:30, 4.93, 148, 265.48, 337.13, 4.15, 0.6701, -0.1605, -0.7145, -0.1214
15:29:30, 4.93, 148, 265.33, 337.10, 4.12, 0.6690, -0.1603, -0.7154, -0.1220
15:29:30, 4.97, 149, 265.18, 337.11, 4.12, 0.6681, -0.1601, -0.7163, -0.1221
15:29:30, 4.97, 149, 265.07, 337.13, 4.11, 0.6674, -0.1598, -0.7170, -0.1223
15:29:30, 5.00, 150, 264.97, 337.16, 4.10, 0.6668, -0.1595, -0.7176, -0.1223
15:29:30, 5.00, 150, 264.90, 337.16, 4.05, 0.6663, -0.1591, -0.7181, -0.1226
15:29:31, 5.03, 151, 264.81, 337.14, 4.07, 0.6658, -0.1593, -0.7185, -0.1228
15:29:31, 5.03, 151, 264.67, 337.10, 4.14, 0.6649, -0.1598, -0.7192, -0.1229
15:29:31, 5.03, 151, 264.58, 337.08, 4.14, 0.6643, -0.1598, -0.7197, -0.1231
15:29:31, 5.07, 152, 264.52, 337.09, 4.14, 0.6640, -0.1597, -0.7201, -0.1231
15:29:31, 5.07, 152, 264.52, 337.11, 4.12, 0.6640, -0.1594, -0.7201, -0.1231
15:29:31, 5.10, 153, 264.53, 337.13, 4.09, 0.6640, -0.1591, -0.7201, -0.1232
15:29:31, 5.10, 153, 264.54, 337.13, 4.07, 0.6641, -0.1590, -0.7201, -0.1232
15:29:31, 5.10, 153, 264.59, 337.13, 3.98, 0.6643, -0.1585, -0.7199, -0.1237
15:29:31, 5.13, 154, 264.64, 337.12, 3.94, 0.6646, -0.1584, -0.7197, -0.1238
15:29:31, 5.13, 154, 264.71, 337.14, 3.88, 0.6649, -0.1579, -0.7194, -0.1240
15:29:31, 5.17, 155, 264.80, 337.16, 3.83, 0.6655, -0.1576, -0.7190, -0.1240
15:29:31, 5.17, 155, 264.85, 337.19, 3.77, 0.6657, -0.1571, -0.7188, -0.1241
15:29:31, 5.20, 156, 264.94, 337.20, 3.70, 0.6663, -0.1567, -0.7184, -0.1244
15:29:31, 5.20, 156, 265.00, 337.20, 3.68, 0.6666, -0.1567, -0.7181, -0.1244
15:29:31, 5.20, 156, 265.04, 337.17, 3.68, 0.6668, -0.1569, -0.7178, -0.1245
15:29:31, 5.23, 157, 265.09, 337.16, 3.65, 0.6671, -0.1568, -0.7176, -0.1247
15:29:31, 5.23, 157, 265.14, 337.14, 3.62, 0.6674, -0.1568, -0.7172, -0.1249
15:29:31, 5.27, 158, 265.24, 337.15, 3.59, 0.6680, -0.1567, -0.7167, -0.1249
15:29:31, 5.27, 158, 265.36, 337.13, 3.55, 0.6686, -0.1566, -0.7161, -0.1251
15:29:31, 5.27, 158, 265.48, 337.15, 3.50, 0.6694, -0.1563, -0.7154, -0.1251
15:29:31, 5.30, 159, 265.64, 337.19, 3.48, 0.6703, -0.1561, -0.7146, -0.1248
15:29:31, 5.30, 159, 265.83, 337.26, 3.38, 0.6715, -0.1553, -0.7137, -0.1246
15:29:31, 5.33, 160, 266.02, 337.29, 3.32, 0.6727, -0.1550, -0.7127, -0.1245
15:29:31, 5.33, 160, 266.21, 337.32, 3.27, 0.6738, -0.1547, -0.7117, -0.1244
15:29:31, 5.37, 161, 266.42, 337.35, 3.21, 0.6751, -0.1544, -0.7106, -0.1243
15:29:31, 5.37, 161, 266.62, 337.41, 3.16, 0.6763, -0.1539, -0.7096, -0.1239
15:29:31, 5.37, 161, 266.85, 337.47, 3.09, 0.6777, -0.1534, -0.7084, -0.1237
15:29:31, 5.40, 162, 267.07, 337.53, 3.04, 0.6791, -0.1530, -0.7072, -0.1233
15:29:31, 5.40, 162, 267.30, 337.59, 3.01, 0.6806, -0.1527, -0.7060, -0.1228
15:29:31, 5.43, 163, 267.57, 337.67, 2.94, 0.6822, -0.1521, -0.7046, -0.1224
15:29:31, 5.43, 163, 267.80, 337.73, 2.88, 0.6837, -0.1516, -0.7034, -0.1220
15:29:31, 5.43, 163, 268.12, 337.75, 2.78, 0.6855, -0.1513, -0.7016, -0.1221
15:29:31, 5.47, 164, 268.49, 337.75, 2.60, 0.6876, -0.1506, -0.6997, -0.1227
15:29:31, 5.47, 164, 268.78, 337.78, 2.45, 0.6892, -0.1498, -0.6982, -0.1230
15:29:31, 5.50, 165, 269.02, 337.82, 2.42, 0.6907, -0.1496, -0.6968, -0.1226
15:29:31, 5.50, 165, 269.21, 337.85, 2.37, 0.6918, -0.1493, -0.6958, -0.1224
15:29:31, 5.50, 165, 269.45, 337.93, 2.25, 0.6933, -0.1483, -0.6946, -0.1224
15:29:31, 5.53, 166, 269.75, 337.97, 2.11, 0.6949, -0.1476, -0.6930, -0.1226
15:29:31, 5.53, 166, 270.04, 338.01, 1.99, 0.6966, -0.1469, -0.6914, -0.1227
15:29:31, 5.57, 167, 270.32, 337.99, 1.90, 0.6982, -0.1468, -0.6899, -0.1230
15:29:31, 5.57, 167, 270.49, 337.98, 1.81, 0.6991, -0.1465, -0.6889, -0.1234
15:29:31, 5.60, 168, 270.59, 337.97, 1.73, 0.6996, -0.1462, -0.6884, -0.1238
15:29:31, 5.60, 168, 270.69, 338.02, 1.64, 0.7002, -0.1455, -0.6879, -0.1240
15:29:31, 5.60, 168, 270.80, 338.03, 1.52, 0.7007, -0.1448, -0.6875, -0.1245
15:29:31, 5.63, 169, 270.80, 338.03, 1.45, 0.7006, -0.1444, -0.6875, -0.1249
15:29:31, 5.63, 169, 270.78, 338.01, 1.44, 0.7004, -0.1444, -0.6877, -0.1252
15:29:31, 5.67, 170, 270.70, 338.02, 1.41, 0.6999, -0.1441, -0.6882, -0.1254
15:29:31, 5.67, 170, 270.64, 338.03, 1.36, 0.6995, -0.1437, -0.6886, -0.1257
15:29:31, 5.70, 171, 270.63, 338.07, 1.25, 0.6994, -0.1428, -0.6889, -0.1261
15:29:31, 5.70, 171, 270.64, 338.10, 1.17, 0.6994, -0.1422, -0.6889, -0.1264
15:29:31, 5.70, 171, 270.58, 338.14, 1.14, 0.6991, -0.1416, -0.6894, -0.1264
15:29:31, 5.73, 172, 270.53, 338.18, 1.11, 0.6988, -0.1412, -0.6898, -0.1264
15:29:31, 5.73, 172, 270.47, 338.24, 1.11, 0.6985, -0.1407, -0.6902, -0.1262
15:29:31, 5.77, 173, 270.43, 338.30, 1.09, 0.6983, -0.1402, -0.6906, -0.1259
15:29:31, 5.77, 173, 270.38, 338.36, 1.11, 0.6981, -0.1399, -0.6909, -0.1256
15:29:31, 5.77, 173, 270.29, 338.41, 1.17, 0.6977, -0.1399, -0.6914, -0.1250
15:29:31, 5.80, 174, 270.18, 338.45, 1.21, 0.6971, -0.1397, -0.6921, -0.1246
15:29:31, 5.80, 174, 270.12, 338.45, 1.22, 0.6967, -0.1397, -0.6925, -0.1247
15:29:31, 5.83, 175, 270.04, 338.47, 1.25, 0.6963, -0.1397, -0.6929, -0.1244
15:29:31, 5.83, 175, 269.97, 338.49, 1.26, 0.6959, -0.1395, -0.6934, -0.1244
15:29:31, 5.87, 176, 269.93, 338.52, 1.22, 0.6957, -0.1391, -0.6937, -0.1244
15:29:31, 5.87, 176, 269.91, 338.55, 1.18, 0.6955, -0.1387, -0.6939, -0.1245
15:29:31, 5.87, 176, 269.88, 338.57, 1.15, 0.6953, -0.1383, -0.6942, -0.1246
15:29:31, 5.90, 177, 269.82, 338.59, 1.15, 0.6950, -0.1381, -0.6945, -0.1246
15:29:31, 5.90, 177, 269.76, 338.61, 1.14, 0.6946, -0.1379, -0.6949, -0.1246
15:29:31, 5.93, 178, 269.71, 338.64, 1.12, 0.6944, -0.1375, -0.6953, -0.1246
15:29:31, 5.93, 178, 269.67, 338.65, 1.13, 0.6941, -0.1374, -0.6955, -0.1245
15:29:31, 5.93, 178, 269.63, 338.64, 1.13, 0.6939, -0.1375, -0.6957, -0.1246
15:29:31, 5.97, 179, 269.60, 338.65, 1.15, 0.6937, -0.1375, -0.6959, -0.1245
15:29:31, 5.97, 179, 269.58, 338.64, 1.16, 0.6936, -0.1376, -0.6961, -0.1245
15:29:31, 6.00, 180, 269.56, 338.66, 1.15, 0.6935, -0.1374, -0.6962, -0.1244
15:29:31, 6.00, 180, 269.58, 338.67, 1.16, 0.6937, -0.1374, -0.6961, -0.1243
15:29:32, 6.03, 181, 269.59, 338.68, 1.16, 0.6937, -0.1374, -0.6960, -0.1243
15:29:32, 6.03, 181, 269.57, 338.71, 1.16, 0.6936, -0.1372, -0.6962, -0.1241
15:29:32, 6.03, 181, 269.55, 338.75, 1.17, 0.6936, -0.1369, -0.6963, -0.1238
15:29:32, 6.07, 182, 269.57, 338.78, 1.13, 0.6937, -0.1366, -0.6963, -0.1238
15:29:32, 6.07, 182, 269.60, 338.81, 1.07, 0.6938, -0.1361, -0.6962, -0.1240
15:29:32, 6.10, 183, 269.63, 338.80, 1.04, 0.6939, -0.1360, -0.6961, -0.1242
15:29:32, 6.10, 183, 269.65, 338.80, 1.03, 0.6941, -0.1359, -0.6960, -0.1242
15:29:32, 6.10, 183, 269.65, 338.82, 1.03, 0.6941, -0.1358, -0.6960, -0.1241
15:29:32, 6.13, 184, 269.63, 338.84, 1.03, 0.6940, -0.1357, -0.6961, -0.1241
15:29:32, 6.13, 184, 269.63, 338.86, 1.01, 0.6940, -0.1354, -0.6962, -0.1240
15:29:32, 6.17, 185, 269.63, 338.85, 1.00, 0.6939, -0.1354, -0.6962, -0.1241
15:29:32, 6.17, 185, 269.65, 338.87, 0.96, 0.6941, -0.1351, -0.6961, -0.1242
15:29:32, 6.20, 186, 269.66, 338.88, 0.92, 0.6941, -0.1348, -0.6961, -0.1244
15:29:32, 6.20, 186, 269.66, 338.85, 0.91, 0.6941, -0.1349, -0.6961, -0.1247
15:29:32, 6.20, 186, 269.67, 338.86, 0.88, 0.6941, -0.1347, -0.6961, -0.1248
15:29:32, 6.23, 187, 269.67, 338.86, 0.89, 0.6941, -0.1347, -0.6961, -0.1247
15:29:32, 6.23, 187, 269.70, 338.87, 0.85, 0.6942, -0.1345, -0.6960, -0.1248
15:29:32, 6.27, 188, 269.72, 338.87, 0.85, 0.6943, -0.1345, -0.6959, -0.1248
15:29:32, 6.27, 188, 269.73, 338.88, 0.86, 0.6945, -0.1345, -0.6958, -0.1246
15:29:32, 6.27, 188, 269.79, 338.87, 0.85, 0.6948, -0.1346, -0.6954, -0.1247
15:29:32, 6.30, 189, 269.82, 338.85, 0.83, 0.6949, -0.1346, -0.6952, -0.1250
15:29:32, 6.30, 189, 269.88, 338.83, 0.79, 0.6953, -0.1346, -0.6949, -0.1252
15:29:32, 6.33, 190, 269.90, 338.81, 0.79, 0.6953, -0.1347, -0.6948, -0.1253
15:29:32, 6.33, 190, 269.89, 338.80, 0.80, 0.6953, -0.1348, -0.6948, -0.1253
15:29:32, 6.37, 191, 269.92, 338.80, 0.81, 0.6954, -0.1349, -0.6946, -0.1253
15:29:32, 6.37, 191, 269.96, 338.82, 0.77, 0.6957, -0.1345, -0.6944, -0.1253
15:29:32, 6.37, 191, 270.03, 338.81, 0.70, 0.6960, -0.1342, -0.6941, -0.1258
15:29:32, 6.40, 192, 270.14, 338.81, 0.64, 0.6966, -0.1341, -0.6935, -0.1259
15:29:32, 6.40, 192, 270.23, 338.83, 0.61, 0.6972, -0.1338, -0.6930, -0.1260
15:29:32, 6.43, 193, 270.30, 338.83, 0.56, 0.6975, -0.1336, -0.6926, -0.1261
15:29:32, 6.43, 193, 270.35, 338.83, 0.54, 0.6978, -0.1335, -0.6923, -0.1262
15:29:32, 6.43, 193, 270.38, 338.84, 0.52, 0.6980, -0.1334, -0.6922, -0.1263
15:29:32, 6.47, 194, 270.41, 338.87, 0.49, 0.6981, -0.1331, -0.6921, -0.1262
15:29:32, 6.47, 194, 270.48, 338.87, 0.42, 0.6985, -0.1327, -0.6917, -0.1265
15:29:32, 6.50, 195, 270.50, 338.89, 0.38, 0.6986, -0.1324, -0.6916, -0.1266
15:29:32, 6.50, 195, 270.53, 338.92, 0.37, 0.6988, -0.1322, -0.6915, -0.1265
15:29:32, 6.50, 195, 270.56, 338.95, 0.33, 0.6990, -0.1318, -0.6914, -0.1265
15:29:32, 6.53, 196, 270.60, 338.95, 0.30, 0.6992, -0.1317, -0.6912, -0.1267
15:29:32, 6.53, 196, 270.59, 338.98, 0.31, 0.6992, -0.1315, -0.6913, -0.1264
15:29:32, 6.57, 197, 270.62, 339.00, 0.27, 0.6993, -0.1312, -0.6912, -0.1265
15:29:32, 6.57, 197, 270.64, 339.01, 0.25, 0.6994, -0.1311, -0.6911, -0.1266
15:29:32, 6.60, 198, 270.68, 339.01, 0.19, 0.6996, -0.1307, -0.6910, -0.1269
15:29:32, 6.60, 198, 270.75, 339.06, 0.15, 0.7000, -0.1302, -0.6906, -0.1267
15:29:32, 6.60, 198, 270.78, 339.06, 0.08, 0.7001, -0.1298, -0.6905, -0.1271
15:29:32, 6.63, 199, 270.76, 339.08, 0.09, 0.7000, -0.1298, -0.6906, -0.1270
15:29:32, 6.63, 199, 270.76, 339.13, 0.11, 0.7001, -0.1296, -0.6907, -0.1266
15:29:32, 6.67, 200, 270.78, 339.16, 0.05, 0.7002, -0.1291, -0.6906, -0.1267
15:29:32, 6.67, 200, 270.78, 339.19, 0.04, 0.7002, -0.1288, -0.6907, -0.1266
15:29:32, 6.67, 200, 270.77, 339.20, 0.04, 0.7002, -0.1287, -0.6908, -0.1265
15:29:32, 6.70, 201, 270.77, 339.21, 0.03, 0.7002, -0.1286, -0.6908, -0.1265
15:29:32, 6.70, 201, 270.78, 339.25, 0.02, 0.7003, -0.1284, -0.6907, -0.1264
15:29:32, 6.73, 202, 270.78, 339.27, 0.00, 0.7003, -0.1281, -0.6908, -0.1263
15:29:32, 6.73, 202, 270.78, 339.29, 0.01, 0.7003, -0.1280, -0.6908, -0.1262
15:29:32, 6.77, 203, 270.75, 339.31, 0.05, 0.7002, -0.1281, -0.6910, -0.1258
15:29:32, 6.77, 203, 270.70, 339.33, 0.06, 0.6999, -0.1279, -0.6913, -0.1257
15:29:32, 6.77, 203, 270.67, 339.38, 0.12, 0.6999, -0.1280, -0.6915, -0.1251
15:29:32, 6.80, 204, 270.65, 339.41, 0.13, 0.6998, -0.1278, -0.6916, -0.1249
15:29:32, 6.80, 204, 270.62, 339.45, 0.15, 0.6997, -0.1277, -0.6918, -0.1245
15:29:32, 6.83, 205, 270.55, 339.45, 0.20, 0.6993, -0.1280, -0.6922, -0.1243
15:29:32, 6.83, 205, 270.48, 339.46, 0.25, 0.6990, -0.1282, -0.6925, -0.1240
15:29:32, 6.83, 205, 270.43, 339.46, 0.29, 0.6987, -0.1283, -0.6928, -0.1238
15:29:32, 6.87, 206, 270.40, 339.46, 0.34, 0.6986, -0.1286, -0.6930, -0.1235
15:29:32, 6.87, 206, 270.37, 339.50, 0.35, 0.6984, -0.1284, -0.6932, -0.1233
15:29:32, 6.90, 207, 270.37, 339.50, 0.32, 0.6984, -0.1282, -0.6932, -0.1235
15:29:32, 6.90, 207, 270.40, 339.54, 0.26, 0.6986, -0.1276, -0.6931, -0.1236
15:29:32, 6.93, 208, 270.41, 339.55, 0.26, 0.6986, -0.1275, -0.6931, -0.1235
15:29:32, 6.93, 208, 270.37, 339.61, 0.24, 0.6985, -0.1270, -0.6934, -0.1233
15:29:32, 6.93, 208, 270.34, 339.63, 0.26, 0.6983, -0.1269, -0.6936, -0.1231
15:29:32, 6.97, 209, 270.30, 339.64, 0.28, 0.6981, -0.1270, -0.6938, -0.1229
15:29:32, 6.97, 209, 270.28, 339.63, 0.26, 0.6980, -0.1269, -0.6940, -0.1231
15:29:32, 7.00, 210, 270.25, 339.62, 0.28, 0.6978, -0.1270, -0.6941, -0.1231
15:29:32, 7.00, 210, 270.20, 339.60, 0.29, 0.6975, -0.1272, -0.6944, -0.1232
15:29:33, 7.00, 210, 270.18, 339.57, 0.28, 0.6973, -0.1273, -0.6945, -0.1235
15:29:33, 7.03, 211, 270.12, 339.59, 0.30, 0.6970, -0.1272, -0.6949, -0.1233
15:29:33, 7.03, 211, 270.12, 339.59, 0.29, 0.6969, -0.1272, -0.6949, -0.1234
15:29:33, 7.07, 212, 270.09, 339.63, 0.29, 0.6968, -0.1269, -0.6951, -0.1232
15:29:33, 7.07, 212, 270.06, 339.64, 0.30, 0.6967, -0.1269, -0.6953, -0.1231
15:29:33, 7.10, 213, 270.08, 339.65, 0.32, 0.6968, -0.1269, -0.6952, -0.1229
15:29:33, 7.10, 213, 270.08, 339.62, 0.31, 0.6968, -0.1270, -0.6952, -0.1231
15:29:33, 7.10, 213, 270.10, 339.61, 0.29, 0.6968, -0.1270, -0.6950, -0.1233
15:29:33, 7.13, 214, 270.13, 339.59, 0.26, 0.6970, -0.1270, -0.6949, -0.1235
15:29:33, 7.13, 214, 270.13, 339.60, 0.23, 0.6969, -0.1267, -0.6949, -0.1237
15:29:33, 7.17, 215, 270.13, 339.62, 0.18, 0.6970, -0.1264, -0.6949, -0.1238
15:29:33, 7.17, 215, 270.14, 339.63, 0.16, 0.6970, -0.1261, -0.6950, -0.1239
15:29:33, 7.17, 215, 270.11, 339.65, 0.15, 0.6968, -0.1260, -0.6952, -0.1239
15:29:33, 7.20, 216, 270.08, 339.65, 0.14, 0.6966, -0.1259, -0.6954, -0.1239
15:29:33, 7.20, 216, 270.06, 339.76, 0.11, 0.6966, -0.1250, -0.6956, -0.1235
15:29:33, 7.23, 217, 270.12, 339.93, 0.03, 0.6971, -0.1236, -0.6955, -0.1229
15:29:33, 7.23, 217, 270.23, 340.15, 0.00, 0.6979, -0.1221, -0.6951, -0.1216
15:29:33, 7.27, 218, 270.35, 340.19, 359.96, 0.6986, -0.1217, -0.6945, -0.1215
15:29:33, 7.27, 218, 270.38, 340.07, 359.92, 0.6986, -0.1223, -0.6942, -0.1224
15:29:33, 7.27, 218, 270.35, 339.91, 0.00, 0.6984, -0.1237, -0.6941, -0.1230
15:29:33, 7.30, 219, 270.29, 339.81, 0.17, 0.6981, -0.1253, -0.6942, -0.1226
15:29:33, 7.30, 219, 270.26, 339.90, 0.20, 0.6980, -0.1249, -0.6945, -0.1219
15:29:33, 7.33, 220, 270.21, 339.95, 0.23, 0.6978, -0.1247, -0.6948, -0.1214
15:29:33, 7.33, 220, 270.14, 339.90, 0.23, 0.6974, -0.1249, -0.6951, -0.1218
15:29:33, 7.33, 220, 269.98, 339.79, 0.21, 0.6963, -0.1253, -0.6960, -0.1228
15:29:33, 7.37, 221, 269.71, 339.59, 0.25, 0.6944, -0.1265, -0.6974, -0.1241
15:29:33, 7.37, 221, 269.40, 339.42, 0.37, 0.6925, -0.1280, -0.6989, -0.1247
15:29:33, 7.40, 222, 269.16, 339.38, 0.45, 0.6911, -0.1283, -0.7003, -0.1248
15:29:33, 7.40, 222, 269.04, 339.55, 0.45, 0.6905, -0.1272, -0.7012, -0.1239
15:29:33, 7.43, 223, 269.00, 339.71, 0.39, 0.6904, -0.1258, -0.7017, -0.1233
15:29:33, 7.43, 223, 269.01, 339.63, 0.33, 0.6903, -0.1260, -0.7016, -0.1241
15:29:33, 7.43, 223, 268.99, 339.69, 0.34, 0.6903, -0.1257, -0.7017, -0.1237
15:29:33, 7.47, 224, 268.96, 339.60, 0.32, 0.6899, -0.1260, -0.7019, -0.1244
15:29:33, 7.47, 224, 268.85, 339.53, 0.33, 0.6892, -0.1264, -0.7025, -0.1249
15:29:33, 7.50, 225, 268.75, 339.44, 0.35, 0.6885, -0.1270, -0.7029, -0.1255
15:29:33, 7.50, 225, 268.64, 339.45, 0.38, 0.6879, -0.1270, -0.7035, -0.1254
15:29:33, 7.50, 225, 268.49, 339.42, 0.44, 0.6870, -0.1274, -0.7044, -0.1253
15:29:33, 7.53, 226, 268.40, 339.49, 0.44, 0.6865, -0.1268, -0.7050, -0.1250
15:29:33, 7.53, 226, 268.27, 339.44, 0.41, 0.6856, -0.1268, -0.7058, -0.1256
15:29:33, 7.57, 227, 268.22, 339.46, 0.41, 0.6853, -0.1266, -0.7061, -0.1256
15:29:33, 7.57, 227, 268.13, 339.49, 0.42, 0.6848, -0.1265, -0.7066, -0.1254
15:29:33, 7.60, 228, 268.05, 339.51, 0.41, 0.6844, -0.1262, -0.7071, -0.1254
15:29:33, 7.60, 228, 268.01, 339.51, 0.40, 0.6841, -0.1261, -0.7073, -0.1255
15:29:33, 7.60, 228, 267.98, 339.45, 0.36, 0.6838, -0.1261, -0.7075, -0.1262
15:29:33, 7.63, 229, 267.95, 339.49, 0.29, 0.6836, -0.1254, -0.7078, -0.1264
15:29:33, 7.63, 229, 267.91, 339.50, 0.22, 0.6833, -0.1248, -0.7082, -0.1268
15:29:33, 7.67, 230, 267.83, 339.53, 0.22, 0.6828, -0.1246, -0.7087, -0.1267
15:29:33, 7.67, 230, 267.75, 339.53, 0.21, 0.6823, -0.1245, -0.7092, -0.1268
15:29:33, 7.70, 231, 267.63, 339.53, 0.24, 0.6816, -0.1245, -0.7098, -0.1268
15:29:33, 7.70, 231, 267.55, 339.53, 0.22, 0.6810, -0.1243, -0.7104, -0.1270
15:29:33, 7.70, 231, 267.46, 339.59, 0.20, 0.6806, -0.1237, -0.7109, -0.1268
15:29:33, 7.73, 232, 267.42, 339.73, 0.19, 0.6805, -0.1228, -0.7113, -0.1260
15:29:33, 7.73, 232, 267.43, 339.86, 0.20, 0.6807, -0.1221, -0.7114, -0.1252
15:29:33, 7.77, 233, 267.44, 339.83, 0.17, 0.6806, -0.1221, -0.7114, -0.1255
15:29:33, 7.77, 233, 267.38, 339.70, 0.15, 0.6801, -0.1227, -0.7116, -0.1265
15:29:33, 7.77, 233, 267.29, 339.60, 0.20, 0.6795, -0.1235, -0.7120, -0.1269
15:29:33, 7.80, 234, 267.21, 339.59, 0.30, 0.6791, -0.1240, -0.7124, -0.1265
15:29:33, 7.80, 234, 267.20, 339.64, 0.36, 0.6791, -0.1241, -0.7124, -0.1259
15:29:33, 7.83, 235, 267.20, 339.74, 0.39, 0.6793, -0.1237, -0.7124, -0.1251
15:29:33, 7.83, 235, 267.25, 339.71, 0.37, 0.6795, -0.1238, -0.7122, -0.1253
15:29:33, 7.87, 236, 267.19, 339.52, 0.38, 0.6790, -0.1249, -0.7123, -0.1265
15:29:33, 7.87, 236, 267.13, 339.52, 0.52, 0.6787, -0.1258, -0.7125, -0.1258
15:29:33, 7.87, 236, 267.13, 339.55, 0.57, 0.6788, -0.1259, -0.7125, -0.1253
15:29:33, 7.90, 237, 267.21, 339.57, 0.53, 0.6793, -0.1256, -0.7121, -0.1253
15:29:33, 7.90, 237, 267.33, 339.49, 0.38, 0.6799, -0.1253, -0.7114, -0.1266
15:29:33, 7.93, 238, 267.43, 339.32, 0.27, 0.6801, -0.1257, -0.7108, -0.1281
15:29:33, 7.93, 238, 267.47, 339.22, 0.20, 0.6802, -0.1260, -0.7105, -0.1291
15:29:33, 7.93, 238, 267.54, 339.21, 0.11, 0.6805, -0.1255, -0.7101, -0.1297
15:29:33, 7.97, 239, 267.60, 339.21, 0.01, 0.6808, -0.1250, -0.7099, -0.1302
15:29:33, 7.97, 239, 267.63, 339.19, 359.95, 0.6809, -0.1248, -0.7098, -0.1306
15:29:33, 8.00, 240, 267.62, 339.19, 359.98, 0.6809, -0.1249, -0.7098, -0.1305
15:29:33, 8.00, 240, 267.65, 339.22, 359.98, 0.6811, -0.1248, -0.7097, -0.1303
15:29:34, 8.00, 240, 267.67, 339.26, 359.98, 0.6813, -0.1246, -0.7096, -0.1300
15:29:34, 8.03, 241, 267.70, 339.29, 359.99, 0.6815, -0.1245, -0.7094, -0.1297
15:29:34, 8.03, 241, 267.73, 339.33, 359.96, 0.6817, -0.1240, -0.7093, -0.1296
15:29:34, 8.07, 242, 267.74, 339.36, 359.93, 0.6818, -0.1237, -0.7093, -0.1296
15:29:34, 8.07, 242, 267.71, 339.42, 359.96, 0.6817, -0.1235, -0.7095, -0.1291
15:29:34, 8.10, 243, 267.68, 339.48, 359.97, 0.6815, -0.1232, -0.7098, -0.1287
15:29:34, 8.10, 243, 267.70, 339.53, 359.92, 0.6817, -0.1226, -0.7098, -0.1286
15:29:34, 8.10, 243, 267.70, 339.51, 359.84, 0.6815, -0.1222, -0.7098, -0.1292
15:29:34, 8.13, 244, 267.69, 339.47, 359.79, 0.6814, -0.1222, -0.7099, -0.1298
15:29:34, 8.13, 244, 267.68, 339.42, 359.73, 0.6812, -0.1221, -0.7100, -0.1305
15:29:34, 8.17, 245, 267.63, 339.32, 359.69, 0.6807, -0.1223, -0.7102, -0.1313
15:29:34, 8.17, 245, 267.59, 339.31, 359.72, 0.6805, -0.1225, -0.7104, -0.1313
15:29:34, 8.17, 245, 267.53, 339.38, 359.76, 0.6803, -0.1223, -0.7108, -0.1306
15:29:34, 8.20, 246, 267.57, 339.52, 359.76, 0.6807, -0.1215, -0.7107, -0.1298
15:29:34, 8.20, 246, 267.62, 339.58, 359.76, 0.6810, -0.1212, -0.7105, -0.1293
15:29:34, 8.23, 247, 267.66, 339.55, 359.68, 0.6811, -0.1209, -0.7103, -0.1300
15:29:34, 8.23, 247, 267.60, 339.41, 359.60, 0.6806, -0.1212, -0.7106, -0.1314
15:29:34, 8.27, 248, 267.48, 339.38, 359.73, 0.6799, -0.1221, -0.7111, -0.1309
15:29:34, 8.27, 248, 267.56, 339.56, 359.87, 0.6807, -0.1220, -0.7107, -0.1289
15:29:34, 8.27, 248, 267.75, 339.68, 359.69, 0.6819, -0.1203, -0.7099, -0.1290
15:29:34, 8.30, 249, 267.76, 339.53, 359.50, 0.6816, -0.1201, -0.7098, -0.1311
15:29:34, 8.30, 249, 267.66, 339.33, 359.54, 0.6808, -0.1214, -0.7102, -0.1322
15:29:34, 8.33, 250, 267.56, 339.28, 359.56, 0.6801, -0.1217, -0.7107, -0.1324
15:29:34, 8.33, 250, 267.51, 339.33, 359.47, 0.6798, -0.1208, -0.7111, -0.1327
15:29:34, 8.33, 250, 267.48, 339.37, 359.44, 0.6796, -0.1204, -0.7114, -0.1327
15:29:34, 8.37, 251, 267.49, 339.35, 359.40, 0.6796, -0.1202, -0.7114, -0.1331
15:29:34, 8.37, 251, 267.45, 339.30, 359.37, 0.6793, -0.1203, -0.7115, -0.1335
15:29:34, 8.40, 252, 267.41, 339.26, 359.42, 0.6790, -0.1208, -0.7117, -0.1335
15:29:34, 8.40, 252, 267.44, 339.27, 359.41, 0.6792, -0.1207, -0.7116, -0.1336
15:29:34, 8.43, 253, 267.47, 339.27, 359.36, 0.6793, -0.1204, -0.7115, -0.1338
15:29:34, 8.43, 253, 267.48, 339.25, 359.33, 0.6793, -0.1203, -0.7114, -0.1340
15:29:34, 8.43, 253, 267.49, 339.29, 359.33, 0.6794, -0.1201, -0.7113, -0.1338
15:29:34, 8.47, 254, 267.49, 339.30, 359.32, 0.6794, -0.1200, -0.7114, -0.1338
15:29:34, 8.47, 254, 267.48, 339.37, 359.37, 0.6795, -0.1199, -0.7115, -0.1331
15:29:34, 8.50, 255, 267.47, 339.39, 359.40, 0.6795, -0.1199, -0.7115, -0.1328
15:29:34, 8.50, 255, 267.45, 339.39, 359.39, 0.6794, -0.1199, -0.7116, -0.1329
15:29:34, 8.50, 255, 267.43, 339.39, 359.41, 0.6793, -0.1199, -0.7117, -0.1328
15:29:34, 8.53, 256, 267.40, 339.39, 359.41, 0.6791, -0.1199, -0.7119, -0.1328
15:29:34, 8.53, 256, 267.35, 339.38, 359.43, 0.6787, -0.1200, -0.7122, -0.1329
15:29:34, 8.57, 257, 267.30, 339.37, 359.42, 0.6785, -0.1200, -0.7125, -0.1330
15:29:34, 8.57, 257, 267.24, 339.37, 359.44, 0.6781, -0.1200, -0.7128, -0.1329
15:29:34, 8.60, 258, 267.19, 339.37, 359.43, 0.6778, -0.1199, -0.7131, -0.1330
15:29:34, 8.60, 258, 267.16, 339.39, 359.43, 0.6776, -0.1198, -0.7133, -0.1330
15:29:34, 8.60, 258, 267.16, 339.39, 359.42, 0.6776, -0.1197, -0.7134, -0.1330
15:29:34, 8.63, 259, 267.14, 339.39, 359.41, 0.6775, -0.1196, -0.7135, -0.1331
15:29:34, 8.63, 259, 267.15, 339.42, 359.41, 0.6775, -0.1195, -0.7135, -0.1329
15:29:34, 8.67, 260, 267.14, 339.43, 359.41, 0.6775, -0.1194, -0.7135, -0.1328
15:29:34, 8.67, 260, 267.14, 339.42, 359.37, 0.6775, -0.1192, -0.7135, -0.1331
15:29:34, 8.70, 261, 267.13, 339.47, 359.38, 0.6774, -0.1190, -0.7137, -0.1328
15:29:34, 8.70, 261, 267.14, 339.47, 359.37, 0.6775, -0.1189, -0.7136, -0.1329
15:29:34, 8.70, 261, 267.15, 339.49, 359.33, 0.6775, -0.1185, -0.7136, -0.1330
15:29:34, 8.73, 262, 267.17, 339.46, 359.31, 0.6776, -0.1186, -0.7135, -0.1332
15:29:34, 8.73, 262, 267.17, 339.48, 359.30, 0.6776, -0.1184, -0.7135, -0.1331
15:29:34, 8.77, 263, 267.18, 339.49, 359.30, 0.6777, -0.1184, -0.7135, -0.1331
15:29:34, 8.77, 263, 267.18, 339.48, 359.31, 0.6777, -0.1185, -0.7134, -0.1331
15:29:34, 8.77, 263, 267.19, 339.48, 359.32, 0.6777, -0.1186, -0.7134, -0.1330
15:29:34, 8.80, 264, 267.21, 339.47, 359.31, 0.6778, -0.1186, -0.7133, -0.1331
15:29:34, 8.80, 264, 267.23, 339.46, 359.29, 0.6779, -0.1186, -0.7132, -0.1333
15:29:34, 8.83, 265, 267.26, 339.46, 359.28, 0.6781, -0.1185, -0.7130, -0.1333
15:29:34, 8.83, 265, 267.29, 339.45, 359.28, 0.6783, -0.1186, -0.7128, -0.1333
15:29:34, 8.87, 266, 267.31, 339.46, 359.26, 0.6784, -0.1185, -0.7127, -0.1334
15:29:34, 8.87, 266, 267.31, 339.44, 359.27, 0.6784, -0.1187, -0.7127, -0.1334
15:29:34, 8.87, 266, 267.31, 339.44, 359.29, 0.6784, -0.1188, -0.7127, -0.1333
15:29:34, 8.90, 267, 267.33, 339.43, 359.29, 0.6786, -0.1188, -0.7125, -0.1334
15:29:34, 8.90, 267, 267.39, 339.47, 359.22, 0.6789, -0.1183, -0.7122, -0.1335
15:29:34, 8.93, 268, 267.45, 339.51, 359.17, 0.6792, -0.1178, -0.7120, -0.1334
15:29:34, 8.93, 268, 267.53, 339.54, 359.10, 0.6797, -0.1173, -0.7116, -0.1336
15:29:34, 8.93, 268, 267.59, 339.56, 359.05, 0.6800, -0.1169, -0.7114, -0.1337
15:29:34, 8.97, 269, 267.63, 339.59, 359.02, 0.6803, -0.1166, -0.7112, -0.1337
15:29:34, 8.97, 269, 267.64, 339.63, 359.04, 0.6804, -0.1164, -0.7112, -0.1333
15:29:34, 9.00, 270, 267.65, 339.66, 359.04, 0.6805, -0.1163, -0.7111, -0.1331
15:29:34, 9.00, 270, 267.70, 339.69, 359.01, 0.6808, -0.1160, -0.7109, -0.1330
15:29:35, 9.03, 271, 267.70, 339.69, 359.00, 0.6808, -0.1160, -0.7109, -0.1331
15:29:35, 9.03, 271, 267.75, 339.70, 358.98, 0.6811, -0.1159, -0.7106, -0.1331
15:29:35, 9.03, 271, 267.77, 339.71, 358.94, 0.6812, -0.1155, -0.7106, -0.1333
15:29:35, 9.07, 272, 267.78, 339.75, 358.92, 0.6812, -0.1152, -0.7106, -0.1332
15:29:35, 9.07, 272, 267.79, 339.81, 358.88, 0.6813, -0.1145, -0.7106, -0.1330
15:29:35, 9.10, 273, 267.83, 339.85, 358.85, 0.6816, -0.1142, -0.7104, -0.1329
15:29:35, 9.10, 273, 267.87, 339.90, 358.78, 0.6818, -0.1136, -0.7103, -0.1329
15:29:35, 9.10, 273, 267.90, 339.96, 358.71, 0.6820, -0.1128, -0.7103, -0.1330
15:29:35, 9.13, 274, 267.96, 340.09, 358.64, 0.6824, -0.1116, -0.7101, -0.1325
15:29:35, 9.13, 274, 268.07, 340.18, 358.46, 0.6830, -0.1101, -0.7097, -0.1329
15:29:35, 9.17, 275, 268.18, 340.26, 358.24, 0.6835, -0.1084, -0.7094, -0.1337
15:29:35, 9.17, 275, 268.22, 340.24, 358.09, 0.6836, -0.1076, -0.7093, -0.1346
15:29:35, 9.17, 275, 268.23, 340.19, 358.01, 0.6835, -0.1074, -0.7092, -0.1354
15:29:35, 9.20, 276, 268.24, 340.21, 357.98, 0.6835, -0.1071, -0.7092, -0.1355
15:29:35, 9.20, 276, 268.28, 340.17, 358.04, 0.6838, -0.1078, -0.7089, -0.1352
15:29:35, 9.23, 277, 268.31, 340.09, 358.17, 0.6841, -0.1091, -0.7085, -0.1350
15:29:35, 9.23, 277, 268.35, 340.09, 358.21, 0.6844, -0.1094, -0.7082, -0.1347
15:29:35, 9.27, 278, 268.36, 340.17, 358.31, 0.6846, -0.1096, -0.7082, -0.1336
15:29:35, 9.27, 278, 268.34, 340.12, 358.46, 0.6846, -0.1108, -0.7081, -0.1330
15:29:35, 9.27, 278, 268.39, 340.06, 358.65, 0.6850, -0.1124, -0.7075, -0.1322
15:29:35, 9.30, 279, 268.44, 340.02, 358.71, 0.6854, -0.1131, -0.7071, -0.1321
15:29:35, 9.30, 279, 268.57, 340.08, 358.72, 0.6863, -0.1128, -0.7064, -0.1315
15:29:35, 9.33, 280, 268.67, 340.15, 358.70, 0.6869, -0.1124, -0.7059, -0.1311
15:29:35, 9.33, 280, 268.74, 340.19, 358.64, 0.6873, -0.1119, -0.7056, -0.1311
15:29:35, 9.33, 280, 268.71, 340.26, 358.63, 0.6873, -0.1114, -0.7058, -0.1307
15:29:35, 9.37, 281, 268.64, 340.29, 358.60, 0.6868, -0.1110, -0.7063, -0.1309
15:29:35, 9.37, 281, 268.61, 340.22, 358.57, 0.6865, -0.1112, -0.7064, -0.1315
15:29:35, 9.40, 282, 268.63, 340.26, 358.54, 0.6867, -0.1108, -0.7064, -0.1314
15:29:35, 9.40, 282, 268.70, 340.33, 358.43, 0.6870, -0.1097, -0.7062, -0.1315
15:29:35, 9.43, 283, 268.76, 340.39, 358.39, 0.6874, -0.1092, -0.7059, -0.1314
15:29:35, 9.43, 283, 268.88, 340.59, 358.31, 0.6883, -0.1077, -0.7054, -0.1305
15:29:35, 9.43, 283, 268.99, 340.83, 358.21, 0.6891, -0.1057, -0.7051, -0.1295
15:29:35, 9.47, 284, 269.05, 340.93, 358.18, 0.6896, -0.1050, -0.7048, -0.1291
15:29:35, 9.47, 284, 269.12, 341.03, 358.17, 0.6901, -0.1044, -0.7045, -0.1285
15:29:35, 9.50, 285, 269.15, 341.03, 358.11, 0.6902, -0.1040, -0.7044, -0.1288
15:29:35, 9.50, 285, 269.13, 341.04, 358.10, 0.6901, -0.1039, -0.7045, -0.1288
15:29:35, 9.53, 286, 269.09, 341.03, 358.10, 0.6898, -0.1039, -0.7048, -0.1289
15:29:35, 9.53, 286, 269.11, 340.95, 358.02, 0.6898, -0.1040, -0.7047, -0.1298
15:29:35, 9.53, 286, 269.15, 340.90, 357.98, 0.6899, -0.1040, -0.7044, -0.1303
15:29:35, 9.57, 287, 269.21, 340.90, 357.90, 0.6902, -0.1036, -0.7041, -0.1308
15:29:35, 9.57, 287, 269.30, 340.90, 357.79, 0.6906, -0.1031, -0.7036, -0.1314
15:29:35, 9.60, 288, 269.28, 340.89, 357.81, 0.6905, -0.1032, -0.7037, -0.1314
15:29:35, 9.60, 288, 269.28, 340.92, 357.87, 0.6906, -0.1034, -0.7038, -0.1308
15:29:35, 9.60, 288, 269.35, 340.93, 357.90, 0.6911, -0.1036, -0.7033, -0.1305
15:29:35, 9.63, 289, 269.53, 340.93, 357.84, 0.6922, -0.1034, -0.7022, -0.1307
15:29:35, 9.63, 289, 269.77, 340.93, 357.73, 0.6935, -0.1030, -0.7009, -0.1311
15:29:35, 9.67, 290, 270.02, 340.95, 357.57, 0.6949, -0.1022, -0.6995, -0.1318
15:29:35, 9.67, 290, 270.27, 341.00, 357.37, 0.6962, -0.1010, -0.6983, -0.1324
15:29:35, 9.70, 291, 270.61, 341.07, 357.20, 0.6981, -0.0999, -0.6964, -0.1327
15:29:35, 9.70, 291, 271.07, 341.34, 357.05, 0.7011, -0.0979, -0.6939, -0.1317
15:29:35, 9.70, 291, 271.94, 341.87, 356.62, 0.7065, -0.0930, -0.6894, -0.1304
15:29:35, 9.73, 292, 273.19, 342.27, 355.93, 0.7136, -0.0878, -0.6825, -0.1313
15:29:35, 9.73, 292, 275.13, 342.65, 355.03, 0.7245, -0.0823, -0.6712, -0.1333
15:29:35, 9.77, 293, 277.41, 343.00, 354.40, 0.7374, -0.0791, -0.6573, -0.1337
15:29:35, 9.77, 293, 279.98, 343.46, 353.76, 0.7518, -0.0754, -0.6413, -0.1336
15:29:35, 9.77, 293, 282.64, 344.11, 353.07, 0.7665, -0.0703, -0.6244, -0.1330
15:29:35, 9.80, 294, 285.35, 344.91, 352.59, 0.7816, -0.0653, -0.6065, -0.1304
15:29:35, 9.80, 294, 288.15, 345.81, 352.32, 0.7969, -0.0608, -0.5876, -0.1261
15:29:35, 9.83, 295, 290.99, 346.62, 352.21, 0.8121, -0.0575, -0.5678, -0.1214
15:29:35, 9.83, 295, 293.82, 347.38, 352.12, 0.8267, -0.0546, -0.5477, -0.1171
15:29:35, 9.87, 296, 296.56, 348.14, 352.12, 0.8403, -0.0517, -0.5278, -0.1123
15:29:35, 9.87, 296, 299.02, 348.78, 352.16, 0.8522, -0.0495, -0.5095, -0.1081
15:29:35, 9.87, 296, 301.18, 349.30, 352.14, 0.8622, -0.0475, -0.4933, -0.1051
15:29:35, 9.90, 297, 303.10, 349.73, 352.18, 0.8708, -0.0461, -0.4787, -0.1023
15:29:35, 9.90, 297, 304.76, 350.24, 352.22, 0.8781, -0.0439, -0.4660, -0.0992
15:29:35, 9.93, 298, 306.34, 350.72, 352.40, 0.8850, -0.0422, -0.4537, -0.0954
15:29:35, 9.93, 298, 307.70, 351.13, 352.57, 0.8909, -0.0408, -0.4430, -0.0920
15:29:35, 9.93, 298, 308.83, 351.43, 352.65, 0.8955, -0.0397, -0.4341, -0.0899
15:29:35, 9.97, 299, 309.84, 351.67, 352.68, 0.8995, -0.0387, -0.4261, -0.0884
15:29:35, 9.97, 299, 310.76, 351.95, 352.67, 0.9031, -0.0371, -0.4188, -0.0872
