Timestamp, VideoTime, VideoFrame, HeadYaw, HeadPitch, HeadRoll, HeadQuatW, HeadQuatX, HeadQuatY, HeadQuatZ
14:25:00, 0.00, 0, 356.90, 343.29, 356.12, 0.9883, -0.1443, -0.0317, -0.0374
14:25:00, 0.03, 1, 356.90, 343.29, 356.13, 0.9883, -0.1442, -0.0317, -0.0373
14:25:00, 0.03, 1, 356.90, 343.29, 356.13, 0.9883, -0.1443, -0.0316, -0.0373
14:25:00, 0.03, 1, 356.90, 343.28, 356.13, 0.9883, -0.1443, -0.0317, -0.0373
14:25:00, 0.07, 2, 356.90, 343.28, 356.14, 0.9883, -0.1443, -0.0317, -0.0373
14:25:00, 0.07, 2, 356.89, 343.29, 356.14, 0.9883, -0.1443, -0.0317, -0.0372
14:25:00, 0.10, 3, 356.88, 343.30, 356.15, 0.9883, -0.1442, -0.0318, -0.0372
14:25:00, 0.10, 3, 356.87, 343.31, 356.16, 0.9884, -0.1441, -0.0319, -0.0371
14:25:00, 0.10, 3, 356.85, 343.33, 356.17, 0.9884, -0.1439, -0.0320, -0.0370
14:25:00, 0.13, 4, 356.85, 343.35, 356.17, 0.9884, -0.1438, -0.0320, -0.0370
14:25:00, 0.13, 4, 356.81, 343.36, 356.19, 0.9884, -0.1436, -0.0323, -0.0369
14:25:00, 0.17, 5, 356.80, 343.39, 356.21, 0.9885, -0.1434, -0.0324, -0.0368
14:25:00, 0.17, 5, 356.78, 343.41, 356.22, 0.9885, -0.1433, -0.0325, -0.0367
14:25:00, 0.17, 5, 356.77, 343.44, 356.26, 0.9885, -0.1430, -0.0326, -0.0364
14:25:00, 0.20, 6, 356.75, 343.45, 356.25, 0.9885, -0.1429, -0.0328, -0.0365
14:25:00, 0.20, 6, 356.73, 343.47, 356.26, 0.9886, -0.1427, -0.0329, -0.0364
14:25:00, 0.23, 7, 356.72, 343.50, 356.27, 0.9886, -0.1424, -0.0330, -0.0363
14:25:00, 0.23, 7, 356.68, 343.53, 356.29, 0.9886, -0.1422, -0.0333, -0.0361
14:25:00, 0.23, 7, 356.68, 343.52, 356.29, 0.9886, -0.1422, -0.0333, -0.0362
14:25:00, 0.27, 8, 356.66, 343.56, 356.30, 0.9887, -0.1419, -0.0335, -0.0361
14:25:00, 0.27, 8, 356.65, 343.58, 356.32, 0.9887, -0.1418, -0.0335, -0.0359
14:25:00, 0.30, 9, 356.65, 343.59, 356.31, 0.9887, -0.1416, -0.0335, -0.0360
14:25:00, 0.30, 9, 356.63, 343.60, 356.34, 0.9887, -0.1416, -0.0336, -0.0357
14:25:00, 0.33, 10, 356.63, 343.64, 356.35, 0.9888, -0.1412, -0.0336, -0.0357
14:25:00, 0.33, 10, 356.61, 343.65, 356.38, 0.9888, -0.1411, -0.0338, -0.0355
14:25:00, 0.33, 10, 356.59, 343.67, 356.41, 0.9888, -0.1410, -0.0339, -0.0352
14:25:00, 0.37, 11, 356.57, 343.69, 356.43, 0.9888, -0.1408, -0.0340, -0.0350
14:25:00, 0.37, 11, 356.54, 343.70, 356.42, 0.9888, -0.1407, -0.0343, -0.0352
14:25:00, 0.40, 12, 356.53, 343.76, 356.40, 0.9889, -0.1402, -0.0344, -0.0354
14:25:00, 0.40, 12, 356.51, 343.80, 356.41, 0.9889, -0.1398, -0.0345, -0.0352
14:25:00, 0.43, 13, 356.47, 343.84, 356.45, 0.9890, -0.1394, -0.0348, -0.0350
14:25:00, 0.43, 13, 356.42, 343.93, 356.48, 0.9891, -0.1387, -0.0352, -0.0348
14:25:00, 0.43, 13, 356.36, 344.05, 356.52, 0.9892, -0.1377, -0.0356, -0.0344
14:25:00, 0.47, 14, 356.30, 344.19, 356.60, 0.9894, -0.1364, -0.0360, -0.0338
14:25:00, 0.47, 14, 356.25, 344.42, 356.62, 0.9897, -0.1344, -0.0364, -0.0337
14:25:00, 0.50, 15, 356.17, 344.75, 356.70, 0.9901, -0.1316, -0.0369, -0.0330
14:25:00, 0.50, 15, 356.06, 345.15, 356.83, 0.9905, -0.1281, -0.0377, -0.0319
14:25:00, 0.50, 15, 355.95, 345.63, 356.93, 0.9911, -0.1240, -0.0384, -0.0310
14:25:00, 0.53, 16, 355.85, 346.12, 357.03, 0.9916, -0.1198, -0.0390, -0.0301
14:25:00, 0.53, 16, 355.82, 346.64, 357.07, 0.9921, -0.1153, -0.0392, -0.0296
14:25:00, 0.57, 17, 355.71, 347.24, 357.16, 0.9927, -0.1101, -0.0399, -0.0287
14:25:00, 0.57, 17, 355.65, 347.82, 357.21, 0.9932, -0.1051, -0.0403, -0.0283
14:25:01, 0.60, 18, 355.55, 348.46, 357.34, 0.9938, -0.0995, -0.0410, -0.0269
14:25:01, 0.60, 18, 355.46, 349.12, 357.49, 0.9944, -0.0939, -0.0415, -0.0255
14:25:01, 0.60, 18, 355.36, 349.83, 357.55, 0.9949, -0.0877, -0.0422, -0.0248
14:25:01, 0.63, 19, 355.28, 350.44, 357.61, 0.9954, -0.0824, -0.0427, -0.0242
14:25:01, 0.63, 19, 355.17, 351.11, 357.70, 0.9958, -0.0765, -0.0435, -0.0233
14:25:01, 0.67, 20, 355.09, 351.73, 357.75, 0.9962, -0.0712, -0.0441, -0.0226
14:25:01, 0.67, 20, 354.94, 352.40, 357.76, 0.9966, -0.0653, -0.0453, -0.0224
14:25:01, 0.67, 20, 354.87, 352.98, 357.78, 0.9969, -0.0603, -0.0459, -0.0220
14:25:01, 0.70, 21, 354.75, 353.54, 357.83, 0.9971, -0.0554, -0.0468, -0.0214
14:25:01, 0.70, 21, 354.65, 354.05, 357.82, 0.9973, -0.0509, -0.0476, -0.0214
14:25:01, 0.73, 22, 354.50, 354.54, 357.81, 0.9975, -0.0467, -0.0488, -0.0214
14:25:01, 0.73, 22, 354.41, 355.04, 357.81, 0.9977, -0.0423, -0.0495, -0.0212
14:25:01, 0.77, 23, 354.38, 355.43, 357.79, 0.9978, -0.0389, -0.0497, -0.0212
14:25:01, 0.77, 23, 354.26, 355.86, 357.76, 0.9979, -0.0351, -0.0507, -0.0213
14:25:01, 0.77, 23, 354.25, 356.31, 357.81, 0.9980, -0.0312, -0.0507, -0.0207
14:25:01, 0.80, 24, 354.17, 356.72, 357.78, 0.9981, -0.0276, -0.0514, -0.0208
14:25:01, 0.80, 24, 354.16, 357.18, 357.78, 0.9982, -0.0236, -0.0514, -0.0206
14:25:01, 0.83, 25, 354.13, 357.65, 357.76, 0.9983, -0.0195, -0.0516, -0.0206
14:25:01, 0.83, 25, 354.14, 358.05, 357.83, 0.9984, -0.0160, -0.0514, -0.0198
14:25:01, 0.83, 25, 354.16, 358.48, 357.81, 0.9984, -0.0123, -0.0512, -0.0197
14:25:01, 0.87, 26, 354.15, 358.80, 357.83, 0.9985, -0.0095, -0.0512, -0.0194
14:25:01, 0.87, 26, 354.16, 359.19, 357.87, 0.9985, -0.0061, -0.0510, -0.0189
14:25:01, 0.90, 27, 354.22, 359.55, 357.90, 0.9985, -0.0030, -0.0505, -0.0185
14:25:01, 0.90, 27, 354.25, 359.91, 357.98, 0.9986, 0.0001, -0.0501, -0.0177
14:25:01, 0.93, 28, 354.28, 0.37, 358.02, 0.9986, 0.0041, -0.0498, -0.0171
14:25:01, 0.93, 28, 354.29, 0.77, 358.07, 0.9986, 0.0076, -0.0497, -0.0165
14:25:01, 0.93, 28, 354.29, 1.19, 358.12, 0.9986, 0.0111, -0.0496, -0.0159
14:25:01, 0.97, 29, 354.29, 1.59, 358.19, 0.9985, 0.0147, -0.0495, -0.0151
14:25:01, 0.97, 29, 354.24, 2.06, 358.22, 0.9985, 0.0187, -0.0500, -0.0146
14:25:01, 1.00, 30, 354.23, 2.55, 358.30, 0.9984, 0.0230, -0.0500, -0.0137
14:25:01, 1.00, 30, 354.19, 2.99, 358.42, 0.9983, 0.0267, -0.0503, -0.0124
14:25:01, 1.00, 30, 354.06, 3.46, 358.44, 0.9981, 0.0308, -0.0513, -0.0121
14:25:01, 1.03, 31, 353.89, 4.00, 358.49, 0.9979, 0.0355, -0.0528, -0.0113
14:25:01, 1.03, 31, 353.69, 4.44, 358.57, 0.9977, 0.0394, -0.0545, -0.0103
14:25:01, 1.07, 32, 353.44, 4.92, 358.65, 0.9974, 0.0435, -0.0566, -0.0093
14:25:01, 1.07, 32, 353.13, 5.38, 358.69, 0.9971, 0.0475, -0.0593, -0.0086
14:25:01, 1.10, 33, 352.76, 5.74, 358.70, 0.9967, 0.0507, -0.0625, -0.0082
14:25:01, 1.10, 33, 352.36, 6.04, 358.71, 0.9964, 0.0533, -0.0659, -0.0077
14:25:01, 1.10, 33, 351.94, 6.36, 358.75, 0.9960, 0.0561, -0.0696, -0.0069
14:25:01, 1.13, 34, 351.53, 6.54, 358.73, 0.9956, 0.0577, -0.0731, -0.0068
14:25:01, 1.13, 34, 351.04, 6.76, 358.73, 0.9952, 0.0596, -0.0774, -0.0064
14:25:01, 1.17, 35, 350.52, 6.84, 358.72, 0.9948, 0.0604, -0.0818, -0.0062
14:25:01, 1.17, 35, 349.92, 7.02, 358.66, 0.9943, 0.0620, -0.0869, -0.0062
14:25:01, 1.17, 35, 349.33, 7.11, 358.60, 0.9937, 0.0629, -0.0920, -0.0064
14:25:01, 1.20, 36, 348.68, 7.23, 358.59, 0.9931, 0.0639, -0.0977, -0.0060
14:25:01, 1.20, 36, 347.99, 7.32, 358.51, 0.9925, 0.0649, -0.1036, -0.0063
14:25:01, 1.23, 37, 347.29, 7.44, 358.43, 0.9918, 0.0660, -0.1096, -0.0064
14:25:01, 1.23, 37, 346.58, 7.43, 358.40, 0.9911, 0.0660, -0.1157, -0.0063
14:25:01, 1.27, 38, 345.85, 7.47, 358.33, 0.9903, 0.0665, -0.1220, -0.0064
14:25:01, 1.27, 38, 345.07, 7.51, 358.27, 0.9894, 0.0669, -0.1287, -0.0064
14:25:01, 1.27, 38, 344.29, 7.53, 358.16, 0.9885, 0.0673, -0.1353, -0.0069
14:25:01, 1.30, 39, 343.46, 7.56, 358.09, 0.9875, 0.0676, -0.1425, -0.0070
14:25:01, 1.30, 39, 342.66, 7.60, 358.03, 0.9864, 0.0681, -0.1493, -0.0069
14:25:01, 1.33, 40, 341.81, 7.60, 357.97, 0.9853, 0.0682, -0.1565, -0.0070
14:25:01, 1.33, 40, 340.93, 7.68, 357.91, 0.9840, 0.0690, -0.1640, -0.0069
14:25:01, 1.33, 40, 340.06, 7.63, 357.71, 0.9827, 0.0690, -0.1714, -0.0081
14:25:01, 1.37, 41, 339.19, 7.74, 357.61, 0.9814, 0.0701, -0.1788, -0.0083
14:25:01, 1.37, 41, 338.39, 7.77, 357.54, 0.9801, 0.0705, -0.1855, -0.0083
14:25:01, 1.40, 42, 337.53, 7.84, 357.44, 0.9786, 0.0714, -0.1928, -0.0085
14:25:01, 1.40, 42, 336.70, 7.87, 357.37, 0.9771, 0.0718, -0.1999, -0.0085
14:25:01, 1.43, 43, 335.85, 7.95, 357.29, 0.9756, 0.0727, -0.2071, -0.0086
14:25:01, 1.43, 43, 334.99, 7.91, 357.18, 0.9740, 0.0726, -0.2143, -0.0090
14:25:01, 1.43, 43, 334.12, 7.86, 357.09, 0.9724, 0.0724, -0.2216, -0.0093
14:25:01, 1.47, 44, 333.28, 7.79, 357.02, 0.9708, 0.0721, -0.2287, -0.0096
14:25:01, 1.47, 44, 332.45, 7.75, 356.96, 0.9691, 0.0719, -0.2357, -0.0096
14:25:01, 1.50, 45, 331.65, 7.63, 356.97, 0.9675, 0.0710, -0.2425, -0.0093
14:25:01, 1.50, 45, 330.79, 7.54, 356.88, 0.9657, 0.0705, -0.2498, -0.0097
14:25:01, 1.50, 45, 329.92, 7.40, 356.82, 0.9638, 0.0695, -0.2571, -0.0100
14:25:01, 1.53, 46, 329.08, 7.32, 356.81, 0.9620, 0.0689, -0.2642, -0.0098
14:25:01, 1.53, 46, 328.22, 7.21, 356.76, 0.9600, 0.0682, -0.2714, -0.0099
14:25:01, 1.57, 47, 327.42, 7.01, 356.66, 0.9582, 0.0668, -0.2781, -0.0108
14:25:01, 1.57, 47, 326.52, 6.80, 356.65, 0.9560, 0.0652, -0.2857, -0.0109
14:25:02, 1.60, 48, 325.68, 6.59, 356.57, 0.9540, 0.0637, -0.2928, -0.0116
14:25:02, 1.60, 48, 324.81, 6.42, 356.51, 0.9518, 0.0625, -0.3000, -0.0121
14:25:02, 1.60, 48, 323.99, 6.19, 356.49, 0.9497, 0.0608, -0.3069, -0.0124
14:25:02, 1.63, 49, 323.23, 6.04, 356.42, 0.9477, 0.0598, -0.3132, -0.0130
14:25:02, 1.63, 49, 322.43, 5.85, 356.37, 0.9456, 0.0584, -0.3199, -0.0135
14:25:02, 1.67, 50, 321.70, 5.69, 356.37, 0.9435, 0.0572, -0.3260, -0.0136
14:25:02, 1.67, 50, 320.94, 5.46, 356.24, 0.9414, 0.0558, -0.3323, -0.0150
14:25:02, 1.67, 50, 320.12, 5.25, 356.25, 0.9391, 0.0542, -0.3391, -0.0151
14:25:02, 1.70, 51, 319.42, 5.04, 356.19, 0.9370, 0.0527, -0.3448, -0.0159
14:25:02, 1.70, 51, 318.70, 4.92, 356.19, 0.9349, 0.0519, -0.3508, -0.0160
14:25:02, 1.73, 52, 318.04, 4.75, 356.22, 0.9329, 0.0505, -0.3563, -0.0160
14:25:02, 1.73, 52, 317.31, 4.52, 356.18, 0.9307, 0.0489, -0.3622, -0.0167
14:25:02, 1.77, 53, 316.69, 4.35, 356.15, 0.9287, 0.0477, -0.3673, -0.0172
14:25:02, 1.77, 53, 316.01, 4.12, 356.27, 0.9266, 0.0455, -0.3730, -0.0167
14:25:02, 1.77, 53, 315.40, 3.94, 356.28, 0.9246, 0.0441, -0.3780, -0.0170
14:25:02, 1.80, 54, 314.74, 3.68, 356.27, 0.9225, 0.0421, -0.3834, -0.0177
14:25:02, 1.80, 54, 314.19, 3.46, 356.32, 0.9206, 0.0403, -0.3879, -0.0179
14:25:02, 1.83, 55, 313.56, 3.30, 356.37, 0.9185, 0.0389, -0.3930, -0.0177
14:25:02, 1.83, 55, 313.03, 3.14, 356.44, 0.9167, 0.0375, -0.3974, -0.0176
14:25:02, 1.83, 55, 312.55, 3.05, 356.44, 0.9151, 0.0368, -0.4012, -0.0177
14:25:02, 1.87, 56, 312.05, 2.86, 356.52, 0.9133, 0.0351, -0.4053, -0.0176
14:25:02, 1.87, 56, 311.60, 2.80, 356.55, 0.9117, 0.0346, -0.4090, -0.0174
14:25:02, 1.90, 57, 311.17, 2.66, 356.63, 0.9102, 0.0332, -0.4124, -0.0172
14:25:02, 1.90, 57, 310.83, 2.51, 356.64, 0.9090, 0.0321, -0.4152, -0.0176
14:25:02, 1.93, 58, 310.43, 2.41, 356.66, 0.9076, 0.0313, -0.4184, -0.0177
14:25:02, 1.93, 58, 310.10, 2.30, 356.76, 0.9064, 0.0301, -0.4210, -0.0171
14:25:02, 1.93, 58, 309.77, 2.16, 356.84, 0.9052, 0.0288, -0.4237, -0.0170
14:25:02, 1.97, 59, 309.48, 2.01, 356.89, 0.9041, 0.0274, -0.4260, -0.0171
14:25:02, 1.97, 59, 309.20, 1.87, 356.97, 0.9031, 0.0261, -0.4284, -0.0168
14:25:02, 2.00, 60, 308.92, 1.76, 357.04, 0.9020, 0.0249, -0.4306, -0.0167
14:25:02, 2.00, 60, 308.62, 1.61, 357.14, 0.9010, 0.0235, -0.4330, -0.0164
14:25:02, 2.00, 60, 308.35, 1.44, 357.25, 0.8999, 0.0217, -0.4352, -0.0162
14:25:02, 2.03, 61, 308.07, 1.32, 357.30, 0.8989, 0.0207, -0.4375, -0.0162
14:25:02, 2.03, 61, 307.76, 1.23, 357.39, 0.8977, 0.0196, -0.4399, -0.0157
14:25:02, 2.07, 62, 307.40, 1.11, 357.42, 0.8963, 0.0187, -0.4427, -0.0159
14:25:02, 2.07, 62, 307.11, 1.06, 357.47, 0.8952, 0.0181, -0.4451, -0.0156
14:25:02, 2.10, 63, 306.64, 1.02, 357.55, 0.8934, 0.0176, -0.4487, -0.0151
14:25:02, 2.10, 63, 306.13, 1.05, 357.60, 0.8914, 0.0177, -0.4527, -0.0145
14:25:02, 2.10, 63, 305.58, 1.23, 357.69, 0.8892, 0.0188, -0.4569, -0.0130
14:25:02, 2.13, 64, 305.03, 1.40, 357.78, 0.8870, 0.0198, -0.4612, -0.0116
14:25:02, 2.13, 64, 304.49, 1.64, 357.80, 0.8848, 0.0216, -0.4653, -0.0103
14:25:02, 2.17, 65, 303.83, 2.04, 357.85, 0.8821, 0.0245, -0.4703, -0.0081
14:25:02, 2.17, 65, 303.22, 2.45, 357.88, 0.8796, 0.0277, -0.4750, -0.0061
14:25:02, 2.17, 65, 302.63, 2.89, 358.00, 0.8771, 0.0305, -0.4794, -0.0032
14:25:02, 2.20, 66, 301.96, 3.35, 358.05, 0.8742, 0.0338, -0.4844, -0.0007
14:25:02, 2.20, 66, 301.35, 3.84, 358.08, 0.8715, 0.0374, -0.4889, 0.0018
14:25:02, 2.23, 67, 300.73, 4.31, 358.14, 0.8688, 0.0407, -0.4935, 0.0045
14:25:02, 2.23, 67, 300.01, 4.84, 358.18, 0.8655, 0.0445, -0.4988, 0.0074
14:25:02, 2.27, 68, 299.39, 5.32, 358.12, 0.8627, 0.0483, -0.5033, 0.0093
14:25:02, 2.27, 68, 298.73, 5.72, 358.11, 0.8597, 0.0514, -0.5082, 0.0113
14:25:02, 2.27, 68, 298.02, 5.98, 358.01, 0.8564, 0.0536, -0.5133, 0.0120
14:25:02, 2.30, 69, 297.40, 6.29, 357.94, 0.8536, 0.0562, -0.5178, 0.0131
14:25:02, 2.30, 69, 296.71, 6.52, 357.82, 0.8503, 0.0583, -0.5228, 0.0136
14:25:02, 2.33, 70, 296.11, 6.76, 357.78, 0.8475, 0.0602, -0.5272, 0.0147
14:25:02, 2.33, 70, 295.51, 6.83, 357.73, 0.8447, 0.0609, -0.5315, 0.0151
14:25:02, 2.37, 71, 294.92, 6.96, 357.71, 0.8420, 0.0619, -0.5357, 0.0158
14:25:02, 2.37, 71, 294.29, 7.08, 357.62, 0.8389, 0.0632, -0.5403, 0.0161
14:25:02, 2.37, 71, 293.79, 7.14, 357.53, 0.8366, 0.0639, -0.5439, 0.0160
14:25:02, 2.40, 72, 293.26, 7.22, 357.45, 0.8340, 0.0648, -0.5477, 0.0160
14:25:02, 2.40, 72, 292.74, 7.30, 357.37, 0.8315, 0.0657, -0.5513, 0.0162
14:25:02, 2.43, 73, 292.26, 7.38, 357.33, 0.8292, 0.0664, -0.5547, 0.0166
14:25:02, 2.43, 73, 291.83, 7.48, 357.25, 0.8271, 0.0674, -0.5578, 0.0167
14:25:02, 2.43, 73, 291.41, 7.58, 357.19, 0.8250, 0.0684, -0.5607, 0.0170
14:25:02, 2.47, 74, 291.03, 7.60, 357.15, 0.8231, 0.0687, -0.5634, 0.0171
14:25:02, 2.47, 74, 290.67, 7.68, 357.15, 0.8213, 0.0692, -0.5660, 0.0177
14:25:02, 2.50, 75, 290.30, 7.62, 357.12, 0.8195, 0.0689, -0.5686, 0.0174
14:25:02, 2.50, 75, 289.98, 7.65, 357.14, 0.8179, 0.0689, -0.5709, 0.0178
14:25:02, 2.50, 75, 289.60, 7.62, 357.13, 0.8160, 0.0687, -0.5736, 0.0179
14:25:02, 2.53, 76, 289.33, 7.60, 357.10, 0.8147, 0.0686, -0.5755, 0.0177
14:25:02, 2.53, 76, 289.07, 7.58, 357.10, 0.8134, 0.0685, -0.5774, 0.0178
14:25:02, 2.57, 77, 288.85, 7.61, 357.07, 0.8123, 0.0688, -0.5789, 0.0178
14:25:03, 2.57, 77, 288.63, 7.63, 357.08, 0.8112, 0.0688, -0.5805, 0.0181
14:25:03, 2.60, 78, 288.46, 7.62, 357.09, 0.8103, 0.0687, -0.5817, 0.0183
14:25:03, 2.60, 78, 288.29, 7.63, 357.12, 0.8094, 0.0686, -0.5829, 0.0186
14:25:03, 2.60, 78, 288.13, 7.65, 357.16, 0.8086, 0.0685, -0.5841, 0.0191
14:25:03, 2.63, 79, 288.00, 7.65, 357.17, 0.8079, 0.0684, -0.5850, 0.0193
14:25:03, 2.63, 79, 287.83, 7.67, 357.20, 0.8071, 0.0684, -0.5862, 0.0197
14:25:03, 2.67, 80, 287.72, 7.71, 357.20, 0.8065, 0.0687, -0.5869, 0.0199
14:25:03, 2.67, 80, 287.58, 7.74, 357.19, 0.8058, 0.0689, -0.5879, 0.0202
14:25:03, 2.67, 80, 287.45, 7.78, 357.18, 0.8051, 0.0692, -0.5888, 0.0204
14:25:03, 2.70, 81, 287.31, 7.80, 357.18, 0.8043, 0.0693, -0.5898, 0.0205
14:25:03, 2.70, 81, 287.16, 7.82, 357.18, 0.8035, 0.0694, -0.5908, 0.0208
14:25:03, 2.73, 82, 287.00, 7.84, 357.15, 0.8027, 0.0696, -0.5919, 0.0207
14:25:03, 2.73, 82, 286.82, 7.86, 357.17, 0.8018, 0.0697, -0.5932, 0.0210
14:25:03, 2.77, 83, 286.65, 7.92, 357.14, 0.8009, 0.0702, -0.5943, 0.0213
14:25:03, 2.77, 83, 286.49, 7.95, 357.10, 0.8001, 0.0707, -0.5954, 0.0212
14:25:03, 2.77, 83, 286.35, 7.93, 357.04, 0.7993, 0.0708, -0.5963, 0.0208
14:25:03, 2.80, 84, 286.21, 7.91, 357.03, 0.7986, 0.0707, -0.5973, 0.0207
14:25:03, 2.80, 84, 286.07, 7.90, 357.03, 0.7979, 0.0706, -0.5983, 0.0207
14:25:03, 2.83, 85, 285.99, 7.89, 357.00, 0.7975, 0.0706, -0.5988, 0.0205
14:25:03, 2.83, 85, 285.89, 7.87, 356.98, 0.7970, 0.0706, -0.5995, 0.0204
14:25:03, 2.83, 85, 285.82, 7.88, 356.99, 0.7966, 0.0706, -0.6000, 0.0205
14:25:03, 2.87, 86, 285.74, 7.86, 357.00, 0.7962, 0.0704, -0.6006, 0.0205
14:25:03, 2.87, 86, 285.69, 7.83, 357.02, 0.7960, 0.0701, -0.6009, 0.0206
14:25:03, 2.90, 87, 285.68, 7.81, 357.01, 0.7959, 0.0700, -0.6010, 0.0203
14:25:03, 2.90, 87, 285.63, 7.77, 356.97, 0.7956, 0.0699, -0.6014, 0.0199
14:25:03, 2.93, 88, 285.59, 7.73, 356.98, 0.7955, 0.0696, -0.6017, 0.0198
14:25:03, 2.93, 88, 285.54, 7.71, 356.95, 0.7952, 0.0696, -0.6020, 0.0195
14:25:03, 2.93, 88, 285.50, 7.68, 356.93, 0.7950, 0.0695, -0.6023, 0.0193
14:25:03, 2.97, 89, 285.48, 7.67, 356.90, 0.7949, 0.0696, -0.6024, 0.0190
14:25:03, 2.97, 89, 285.47, 7.65, 356.90, 0.7949, 0.0695, -0.6025, 0.0189
14:25:03, 3.00, 90, 285.45, 7.65, 356.86, 0.7948, 0.0697, -0.6026, 0.0186
14:25:03, 3.00, 90, 285.43, 7.65, 356.85, 0.7947, 0.0696, -0.6027, 0.0186
14:25:03, 3.00, 90, 285.44, 7.63, 356.83, 0.7947, 0.0696, -0.6027, 0.0183
14:25:03, 3.03, 91, 285.42, 7.63, 356.80, 0.7946, 0.0698, -0.6028, 0.0182
14:25:03, 3.03, 91, 285.39, 7.65, 356.78, 0.7945, 0.0701, -0.6029, 0.0181
14:25:03, 3.07, 92, 285.36, 7.64, 356.74, 0.7943, 0.0701, -0.6032, 0.0178
14:25:03, 3.07, 92, 285.30, 7.64, 356.71, 0.7940, 0.0703, -0.6036, 0.0177
14:25:03, 3.10, 93, 285.27, 7.65, 356.67, 0.7938, 0.0706, -0.6038, 0.0174
14:25:03, 3.10, 93, 285.19, 7.59, 356.61, 0.7935, 0.0705, -0.6043, 0.0167
14:25:03, 3.10, 93, 285.15, 7.50, 356.58, 0.7933, 0.0700, -0.6046, 0.0161
14:25:03, 3.13, 94, 285.07, 7.43, 356.56, 0.7929, 0.0696, -0.6052, 0.0157
14:25:03, 3.13, 94, 285.00, 7.26, 356.51, 0.7926, 0.0687, -0.6057, 0.0144
14:25:03, 3.17, 95, 284.91, 7.00, 356.46, 0.7921, 0.0672, -0.6065, 0.0128
14:25:03, 3.17, 95, 284.82, 6.70, 356.40, 0.7918, 0.0654, -0.6072, 0.0108
14:25:03, 3.20, 96, 284.73, 6.37, 356.30, 0.7914, 0.0637, -0.6080, 0.0084
14:25:03, 3.20, 96, 284.62, 6.04, 356.21, 0.7909, 0.0619, -0.6088, 0.0061
14:25:03, 3.20, 96, 284.54, 5.77, 356.18, 0.7905, 0.0601, -0.6095, 0.0045
14:25:03, 3.23, 97, 284.45, 5.54, 356.12, 0.7901, 0.0589, -0.6102, 0.0028
14:25:03, 3.23, 97, 284.40, 5.31, 356.10, 0.7898, 0.0575, -0.6106, 0.0015
14:25:03, 3.27, 98, 284.36, 5.14, 356.07, 0.7896, 0.0564, -0.6110, 0.0004
14:25:03, 3.27, 98, 284.36, 4.99, 356.08, 0.7896, 0.0553, -0.6111, -0.0004
14:25:03, 3.27, 98, 284.33, 4.82, 356.08, 0.7895, 0.0542, -0.6113, -0.0012
14:25:03, 3.30, 99, 284.36, 4.69, 356.12, 0.7897, 0.0531, -0.6112, -0.0016
14:25:03, 3.30, 99, 284.38, 4.61, 356.17, 0.7898, 0.0523, -0.6112, -0.0018
14:25:03, 3.33, 100, 284.41, 4.48, 356.19, 0.7900, 0.0512, -0.6110, -0.0023
14:25:03, 3.33, 100, 284.43, 4.41, 356.22, 0.7901, 0.0506, -0.6109, -0.0025
14:25:03, 3.33, 100, 284.50, 4.35, 356.26, 0.7904, 0.0500, -0.6105, -0.0026
14:25:03, 3.37, 101, 284.56, 4.31, 356.30, 0.7908, 0.0495, -0.6101, -0.0026
14:25:03, 3.37, 101, 284.63, 4.26, 356.33, 0.7912, 0.0490, -0.6097, -0.0026
14:25:03, 3.40, 102, 284.67, 4.21, 356.36, 0.7914, 0.0485, -0.6094, -0.0027
14:25:03, 3.40, 102, 284.74, 4.16, 356.42, 0.7917, 0.0477, -0.6090, -0.0026
14:25:03, 3.43, 103, 284.78, 4.15, 356.43, 0.7920, 0.0476, -0.6087, -0.0026
14:25:03, 3.43, 103, 284.85, 4.09, 356.44, 0.7924, 0.0472, -0.6082, -0.0028
14:25:03, 3.43, 103, 284.95, 4.03, 356.47, 0.7929, 0.0466, -0.6076, -0.0030
14:25:03, 3.47, 104, 285.08, 3.96, 356.47, 0.7936, 0.0462, -0.6067, -0.0034
14:25:03, 3.47, 104, 285.19, 3.91, 356.46, 0.7942, 0.0458, -0.6060, -0.0038
14:25:03, 3.50, 105, 285.39, 3.84, 356.48, 0.7952, 0.0452, -0.6046, -0.0041
14:25:03, 3.50, 105, 285.57, 3.82, 356.54, 0.7962, 0.0448, -0.6034, -0.0039
14:25:03, 3.50, 105, 285.81, 3.75, 356.61, 0.7974, 0.0439, -0.6018, -0.0038
14:25:03, 3.53, 106, 286.03, 3.70, 356.69, 0.7986, 0.0432, -0.6003, -0.0037
14:25:03, 3.53, 106, 286.28, 3.63, 356.75, 0.7999, 0.0423, -0.5986, -0.0037
14:25:03, 3.57, 107, 286.57, 3.58, 356.82, 0.8014, 0.0416, -0.5966, -0.0036
14:25:03, 3.57, 107, 286.86, 3.47, 356.89, 0.8029, 0.0405, -0.5947, -0.0037
14:25:04, 3.60, 108, 287.20, 3.41, 356.95, 0.8047, 0.0397, -0.5923, -0.0038
14:25:04, 3.60, 108, 287.55, 3.31, 357.00, 0.8066, 0.0387, -0.5899, -0.0040
14:25:04, 3.60, 108, 287.96, 3.22, 357.05, 0.8087, 0.0379, -0.5870, -0.0043
14:25:04, 3.63, 109, 288.37, 3.10, 357.04, 0.8107, 0.0370, -0.5842, -0.0051
14:25:04, 3.63, 109, 288.86, 2.98, 357.08, 0.8133, 0.0360, -0.5807, -0.0056
14:25:04, 3.67, 110, 289.41, 2.84, 357.12, 0.8160, 0.0347, -0.5769, -0.0062
14:25:04, 3.67, 110, 290.07, 2.70, 357.12, 0.8193, 0.0337, -0.5723, -0.0071
14:25:04, 3.70, 111, 290.93, 2.50, 357.08, 0.8236, 0.0324, -0.5661, -0.0086
14:25:04, 3.70, 111, 291.92, 2.27, 357.01, 0.8285, 0.0310, -0.5590, -0.0105
14:25:04, 3.70, 111, 293.13, 2.13, 357.08, 0.8343, 0.0295, -0.5503, -0.0110
14:25:04, 3.73, 112, 294.43, 1.98, 357.15, 0.8406, 0.0280, -0.5409, -0.0116
14:25:04, 3.73, 112, 296.01, 1.79, 357.21, 0.8479, 0.0262, -0.5293, -0.0124
14:25:04, 3.77, 113, 297.88, 1.55, 357.18, 0.8565, 0.0243, -0.5154, -0.0141
14:25:04, 3.77, 113, 299.87, 1.18, 357.41, 0.8653, 0.0203, -0.5006, -0.0144
14:25:04, 3.77, 113, 301.95, 0.76, 357.75, 0.8743, 0.0154, -0.4849, -0.0139
14:25:04, 3.80, 114, 304.10, 0.43, 358.09, 0.8833, 0.0111, -0.4686, -0.0130
14:25:04, 3.80, 114, 306.30, 0.09, 358.44, 0.8921, 0.0068, -0.4516, -0.0118
14:25:04, 3.83, 115, 308.43, 359.83, 358.81, 0.9004, 0.0032, -0.4350, -0.0100
14:25:04, 3.83, 115, 310.51, 359.53, 359.07, 0.9081, -0.0004, -0.4186, -0.0091
14:25:04, 3.87, 116, 312.45, 359.47, 359.21, 0.9151, -0.0014, -0.4031, -0.0082
14:25:04, 3.87, 116, 314.26, 359.30, 359.28, 0.9213, -0.0032, -0.3887, -0.0081
14:25:04, 3.87, 116, 315.99, 359.25, 359.34, 0.9271, -0.0039, -0.3747, -0.0078
14:25:04, 3.90, 117, 317.57, 359.29, 359.45, 0.9322, -0.0040, -0.3619, -0.0067
14:25:04, 3.90, 117, 318.98, 359.40, 359.55, 0.9366, -0.0035, -0.3504, -0.0055
14:25:04, 3.93, 118, 320.27, 359.53, 359.70, 0.9405, -0.0030, -0.3398, -0.0038
14:25:04, 3.93, 118, 321.52, 359.76, 359.80, 0.9441, -0.0014, -0.3295, -0.0023
14:25:04, 3.93, 118, 322.58, 0.07, 359.83, 0.9472, 0.0011, -0.3208, -0.0012
14:25:04, 3.97, 119, 323.64, 0.45, 359.91, 0.9501, 0.0040, -0.3120, 0.0004
14:25:04, 3.97, 119, 324.75, 0.91, 359.81, 0.9530, 0.0080, -0.3027, 0.0008
14:25:04, 4.00, 120, 325.71, 1.29, 359.73, 0.9555, 0.0115, -0.2947, 0.0011
14:25:04, 4.00, 120, 326.75, 1.64, 359.60, 0.9581, 0.0147, -0.2860, 0.0007
14:25:04, 4.03, 121, 327.57, 1.97, 359.49, 0.9601, 0.0178, -0.2791, 0.0005
14:25:04, 4.03, 121, 328.57, 2.11, 359.39, 0.9625, 0.0192, -0.2707, -0.0001
14:25:04, 4.03, 121, 329.43, 2.36, 359.28, 0.9644, 0.0216, -0.2634, -0.0007
14:25:04, 4.07, 122, 330.30, 2.51, 359.12, 0.9664, 0.0231, -0.2560, -0.0018
14:25:04, 4.07, 122, 331.20, 2.74, 358.98, 0.9683, 0.0254, -0.2484, -0.0026
14:25:04, 4.10, 123, 332.08, 2.96, 358.98, 0.9701, 0.0273, -0.2410, -0.0024
14:25:04, 4.10, 123, 332.90, 3.11, 358.88, 0.9718, 0.0287, -0.2340, -0.0031
14:25:04, 4.10, 123, 333.77, 3.27, 358.82, 0.9735, 0.0301, -0.2265, -0.0036
14:25:04, 4.13, 124, 334.50, 3.38, 358.82, 0.9749, 0.0310, -0.2203, -0.0035
14:25:04, 4.13, 124, 335.31, 3.41, 358.83, 0.9765, 0.0312, -0.2134, -0.0036
14:25:04, 4.17, 125, 336.09, 3.48, 358.88, 0.9779, 0.0317, -0.2067, -0.0033
14:25:04, 4.17, 125, 336.81, 3.58, 358.88, 0.9791, 0.0326, -0.2006, -0.0033
14:25:04, 4.20, 126, 337.57, 3.67, 358.83, 0.9804, 0.0334, -0.1941, -0.0038
14:25:04, 4.20, 126, 338.29, 3.67, 358.75, 0.9816, 0.0335, -0.1879, -0.0047
14:25:04, 4.20, 126, 339.08, 3.69, 358.66, 0.9829, 0.0338, -0.1811, -0.0056
14:25:04, 4.23, 127, 339.79, 3.72, 358.58, 0.9840, 0.0341, -0.1750, -0.0065
14:25:04, 4.23, 127, 340.54, 3.73, 358.50, 0.9851, 0.0343, -0.1685, -0.0074
14:25:04, 4.27, 128, 341.24, 3.74, 358.44, 0.9861, 0.0344, -0.1624, -0.0081
14:25:04, 4.27, 128, 341.93, 3.78, 358.38, 0.9870, 0.0348, -0.1564, -0.0088
14:25:04, 4.27, 128, 342.67, 3.79, 358.27, 0.9880, 0.0350, -0.1501, -0.0099
14:25:04, 4.30, 129, 343.28, 3.82, 358.26, 0.9888, 0.0352, -0.1448, -0.0102
14:25:04, 4.30, 129, 343.98, 3.81, 358.17, 0.9896, 0.0351, -0.1387, -0.0112
14:25:04, 4.33, 130, 344.63, 3.79, 358.16, 0.9904, 0.0349, -0.1331, -0.0115
14:25:04, 4.33, 130, 345.23, 3.84, 358.13, 0.9911, 0.0353, -0.1279, -0.0119
14:25:04, 4.37, 131, 345.88, 3.85, 358.08, 0.9918, 0.0354, -0.1222, -0.0125
14:25:04, 4.37, 131, 346.51, 3.90, 358.03, 0.9924, 0.0358, -0.1168, -0.0131
14:25:04, 4.37, 131, 347.10, 3.89, 358.03, 0.9930, 0.0357, -0.1117, -0.0133
14:25:04, 4.40, 132, 347.71, 3.96, 358.06, 0.9936, 0.0361, -0.1064, -0.0132
14:25:04, 4.40, 132, 348.24, 3.96, 358.08, 0.9941, 0.0361, -0.1018, -0.0132
14:25:04, 4.43, 133, 348.74, 4.01, 358.14, 0.9945, 0.0364, -0.0975, -0.0128
14:25:04, 4.43, 133, 349.25, 4.04, 358.14, 0.9949, 0.0366, -0.0930, -0.0129
14:25:04, 4.43, 133, 349.72, 4.12, 358.17, 0.9953, 0.0372, -0.0889, -0.0126
14:25:04, 4.47, 134, 350.15, 4.12, 358.25, 0.9956, 0.0371, -0.0853, -0.0121
14:25:04, 4.47, 134, 350.57, 4.17, 358.23, 0.9959, 0.0375, -0.0816, -0.0124
14:25:04, 4.50, 135, 351.03, 4.19, 358.23, 0.9962, 0.0377, -0.0775, -0.0125
14:25:04, 4.50, 135, 351.47, 4.23, 358.29, 0.9965, 0.0379, -0.0738, -0.0122
14:25:04, 4.53, 136, 351.87, 4.25, 358.30, 0.9967, 0.0381, -0.0703, -0.0122
14:25:04, 4.53, 136, 352.29, 4.22, 358.29, 0.9970, 0.0377, -0.0667, -0.0124
14:25:04, 4.53, 136, 352.72, 4.20, 358.25, 0.9972, 0.0375, -0.0629, -0.0129
14:25:04, 4.57, 137, 353.10, 4.20, 358.22, 0.9974, 0.0375, -0.0595, -0.0133
14:25:05, 4.57, 137, 353.49, 4.21, 358.25, 0.9976, 0.0376, -0.0562, -0.0131
14:25:05, 4.60, 138, 353.87, 4.17, 358.23, 0.9978, 0.0371, -0.0529, -0.0135
14:25:05, 4.60, 138, 354.22, 4.20, 358.22, 0.9980, 0.0374, -0.0498, -0.0136
14:25:05, 4.60, 138, 354.53, 4.21, 358.21, 0.9981, 0.0374, -0.0471, -0.0139
14:25:05, 4.63, 139, 354.85, 4.15, 358.19, 0.9982, 0.0369, -0.0443, -0.0141
14:25:05, 4.63, 139, 355.19, 4.12, 358.16, 0.9984, 0.0366, -0.0414, -0.0145
14:25:05, 4.67, 140, 355.46, 4.07, 358.15, 0.9985, 0.0361, -0.0390, -0.0147
14:25:05, 4.67, 140, 355.73, 4.02, 358.14, 0.9986, 0.0357, -0.0367, -0.0149
14:25:05, 4.70, 141, 355.98, 3.98, 358.10, 0.9987, 0.0353, -0.0344, -0.0153
14:25:05, 4.70, 141, 356.22, 3.97, 358.15, 0.9987, 0.0351, -0.0324, -0.0150
14:25:05, 4.70, 141, 356.45, 3.93, 358.08, 0.9988, 0.0348, -0.0303, -0.0156
14:25:05, 4.73, 142, 356.69, 3.91, 358.10, 0.9989, 0.0346, -0.0283, -0.0155
14:25:05, 4.73, 142, 356.91, 3.93, 358.06, 0.9989, 0.0347, -0.0263, -0.0160
14:25:05, 4.77, 143, 357.15, 3.95, 358.01, 0.9990, 0.0349, -0.0243, -0.0165
14:25:05, 4.77, 143, 357.36, 3.95, 358.00, 0.9990, 0.0349, -0.0224, -0.0167
14:25:05, 4.77, 143, 357.62, 3.94, 357.96, 0.9990, 0.0347, -0.0201, -0.0170
14:25:05, 4.80, 144, 357.88, 3.93, 357.94, 0.9991, 0.0346, -0.0178, -0.0173
14:25:05, 4.80, 144, 358.15, 3.93, 357.89, 0.9991, 0.0346, -0.0155, -0.0179
14:25:05, 4.83, 145, 358.41, 3.93, 357.86, 0.9991, 0.0346, -0.0132, -0.0182
14:25:05, 4.83, 145, 358.68, 3.96, 357.86, 0.9992, 0.0347, -0.0108, -0.0183
14:25:05, 4.87, 146, 358.97, 3.96, 357.82, 0.9992, 0.0347, -0.0083, -0.0187
14:25:05, 4.87, 146, 359.23, 3.98, 357.83, 0.9992, 0.0348, -0.0061, -0.0187
14:25:05, 4.87, 146, 359.51, 4.00, 357.84, 0.9992, 0.0350, -0.0036, -0.0187
14:25:05, 4.90, 147, 359.79, 3.98, 357.88, 0.9992, 0.0348, -0.0012, -0.0184
14:25:05, 4.90, 147, 0.05, 4.01, 357.91, 0.9992, 0.0350, 0.0011, -0.0183
14:25:05, 4.93, 148, 0.35, 4.03, 357.93, 0.9992, 0.0351, 0.0037, -0.0182
14:25:05, 4.93, 148, 0.67, 4.03, 357.93, 0.9992, 0.0350, 0.0065, -0.0183
14:25:05, 4.93, 148, 0.99, 4.04, 357.97, 0.9992, 0.0351, 0.0092, -0.0180
14:25:05, 4.97, 149, 1.32, 4.08, 357.98, 0.9991, 0.0353, 0.0122, -0.0180
14:25:05, 4.97, 149, 1.68, 4.07, 358.01, 0.9991, 0.0352, 0.0152, -0.0179
14:25:05, 5.00, 150, 2.04, 4.09, 357.99, 0.9990, 0.0354, 0.0184, -0.0182
14:25:05, 5.00, 150, 2.40, 4.08, 358.03, 0.9990, 0.0352, 0.0216, -0.0180
14:25:05, 5.03, 151, 2.82, 4.13, 358.00, 0.9989, 0.0356, 0.0252, -0.0183
14:25:05, 5.03, 151, 3.22, 4.08, 358.04, 0.9988, 0.0351, 0.0287, -0.0181
14:25:05, 5.03, 151, 3.61, 4.14, 358.03, 0.9987, 0.0356, 0.0321, -0.0183
14:25:05, 5.07, 152, 4.03, 4.14, 358.08, 0.9986, 0.0355, 0.0357, -0.0180
14:25:05, 5.07, 152, 4.45, 4.15, 358.06, 0.9984, 0.0355, 0.0394, -0.0183
14:25:05, 5.10, 153, 4.91, 4.17, 358.10, 0.9983, 0.0356, 0.0434, -0.0181
14:25:05, 5.10, 153, 5.29, 4.25, 358.14, 0.9981, 0.0363, 0.0467, -0.0179
14:25:05, 5.10, 153, 5.71, 4.25, 358.12, 0.9979, 0.0362, 0.0504, -0.0183
14:25:05, 5.13, 154, 6.16, 4.25, 358.12, 0.9977, 0.0362, 0.0543, -0.0183
14:25:05, 5.13, 154, 6.52, 4.29, 358.19, 0.9975, 0.0365, 0.0574, -0.0179
14:25:05, 5.17, 155, 6.88, 4.20, 358.19, 0.9974, 0.0357, 0.0605, -0.0180
14:25:05, 5.17, 155, 7.24, 4.27, 358.21, 0.9972, 0.0362, 0.0637, -0.0179
14:25:05, 5.20, 156, 7.57, 4.21, 358.23, 0.9970, 0.0356, 0.0665, -0.0178
14:25:05, 5.20, 156, 7.82, 4.19, 358.26, 0.9969, 0.0355, 0.0687, -0.0176
14:25:05, 5.20, 156, 8.07, 4.17, 358.26, 0.9967, 0.0352, 0.0708, -0.0177
14:25:05, 5.23, 157, 8.25, 4.13, 358.29, 0.9966, 0.0348, 0.0724, -0.0174
14:25:05, 5.23, 157, 8.42, 4.08, 358.29, 0.9965, 0.0344, 0.0738, -0.0175
14:25:05, 5.27, 158, 8.56, 4.04, 358.29, 0.9964, 0.0340, 0.0751, -0.0175
14:25:05, 5.27, 158, 8.64, 3.99, 358.27, 0.9964, 0.0336, 0.0758, -0.0177
14:25:05, 5.27, 158, 8.70, 3.93, 358.29, 0.9964, 0.0330, 0.0763, -0.0175
14:25:05, 5.30, 159, 8.72, 3.90, 358.28, 0.9964, 0.0328, 0.0765, -0.0175
14:25:05, 5.30, 159, 8.72, 3.87, 358.28, 0.9964, 0.0325, 0.0765, -0.0176
14:25:05, 5.33, 160, 8.69, 3.83, 358.26, 0.9964, 0.0322, 0.0762, -0.0177
14:25:05, 5.33, 160, 8.64, 3.80, 358.26, 0.9965, 0.0319, 0.0757, -0.0176
14:25:05, 5.37, 161, 8.56, 3.78, 358.24, 0.9965, 0.0317, 0.0751, -0.0178
14:25:05, 5.37, 161, 8.46, 3.76, 358.23, 0.9966, 0.0316, 0.0742, -0.0178
14:25:05, 5.37, 161, 8.33, 3.74, 358.23, 0.9967, 0.0314, 0.0731, -0.0177
14:25:05, 5.40, 162, 8.18, 3.69, 358.24, 0.9968, 0.0311, 0.0718, -0.0176
14:25:05, 5.40, 162, 8.05, 3.64, 358.24, 0.9969, 0.0306, 0.0707, -0.0176
14:25:05, 5.43, 163, 7.90, 3.59, 358.21, 0.9970, 0.0302, 0.0693, -0.0177
14:25:05, 5.43, 163, 7.75, 3.57, 358.22, 0.9971, 0.0300, 0.0680, -0.0176
14:25:05, 5.43, 163, 7.60, 3.52, 358.22, 0.9972, 0.0296, 0.0668, -0.0175
14:25:05, 5.47, 164, 7.46, 3.48, 358.20, 0.9973, 0.0293, 0.0655, -0.0176
14:25:05, 5.47, 164, 7.30, 3.45, 358.20, 0.9974, 0.0290, 0.0641, -0.0175
14:25:05, 5.50, 165, 7.17, 3.42, 358.18, 0.9974, 0.0288, 0.0630, -0.0177
14:25:05, 5.50, 165, 7.05, 3.38, 358.18, 0.9975, 0.0285, 0.0619, -0.0177
14:25:05, 5.53, 166, 6.92, 3.38, 358.16, 0.9976, 0.0285, 0.0608, -0.0178
14:25:05, 5.53, 166, 6.79, 3.33, 358.15, 0.9977, 0.0280, 0.0596, -0.0178
14:25:05, 5.53, 166, 6.68, 3.31, 358.12, 0.9977, 0.0279, 0.0587, -0.0180
14:25:05, 5.57, 167, 6.58, 3.26, 358.08, 0.9978, 0.0275, 0.0578, -0.0183
14:25:06, 5.57, 167, 6.48, 3.24, 358.04, 0.9978, 0.0272, 0.0570, -0.0187
14:25:06, 5.60, 168, 6.41, 3.23, 358.00, 0.9979, 0.0272, 0.0564, -0.0190
14:25:06, 5.60, 168, 6.35, 3.20, 357.97, 0.9979, 0.0269, 0.0559, -0.0192
14:25:06, 5.60, 168, 6.28, 3.17, 357.97, 0.9979, 0.0266, 0.0552, -0.0192
14:25:06, 5.63, 169, 6.23, 3.16, 357.96, 0.9980, 0.0265, 0.0548, -0.0192
14:25:06, 5.63, 169, 6.20, 3.13, 357.93, 0.9980, 0.0263, 0.0546, -0.0195
14:25:06, 5.67, 170, 6.19, 3.11, 357.93, 0.9980, 0.0261, 0.0544, -0.0195
14:25:06, 5.67, 170, 6.19, 3.07, 357.94, 0.9980, 0.0258, 0.0544, -0.0194
14:25:06, 5.70, 171, 6.19, 3.02, 357.94, 0.9980, 0.0253, 0.0544, -0.0193
14:25:06, 5.70, 171, 6.18, 3.01, 357.95, 0.9980, 0.0252, 0.0544, -0.0192
14:25:06, 5.70, 171, 6.16, 2.97, 357.98, 0.9980, 0.0249, 0.0541, -0.0190
14:25:06, 5.73, 172, 6.17, 2.96, 358.00, 0.9980, 0.0248, 0.0542, -0.0188
14:25:06, 5.73, 172, 6.17, 2.95, 358.04, 0.9981, 0.0248, 0.0542, -0.0185
14:25:06, 5.77, 173, 6.17, 2.93, 358.05, 0.9981, 0.0246, 0.0542, -0.0183
14:25:06, 5.77, 173, 6.15, 2.93, 358.09, 0.9981, 0.0246, 0.0541, -0.0181
14:25:06, 5.77, 173, 6.15, 2.88, 358.08, 0.9981, 0.0242, 0.0540, -0.0180
14:25:06, 5.80, 174, 6.14, 2.86, 358.10, 0.9981, 0.0240, 0.0540, -0.0179
14:25:06, 5.80, 174, 6.14, 2.87, 358.11, 0.9981, 0.0242, 0.0539, -0.0178
14:25:06, 5.83, 175, 6.13, 2.89, 358.12, 0.9981, 0.0243, 0.0538, -0.0177
14:25:06, 5.83, 175, 6.12, 2.89, 358.11, 0.9981, 0.0243, 0.0538, -0.0178
14:25:06, 5.87, 176, 6.11, 2.91, 358.11, 0.9981, 0.0245, 0.0537, -0.0178
14:25:06, 5.87, 176, 6.11, 2.95, 358.11, 0.9981, 0.0248, 0.0537, -0.0178
14:25:06, 5.87, 176, 6.15, 3.00, 358.11, 0.9981, 0.0253, 0.0540, -0.0179
14:25:06, 5.90, 177, 6.25, 3.01, 358.11, 0.9980, 0.0254, 0.0549, -0.0179
14:25:06, 5.90, 177, 6.44, 3.06, 358.11, 0.9979, 0.0258, 0.0566, -0.0180
14:25:06, 5.93, 178, 6.69, 3.08, 358.14, 0.9978, 0.0259, 0.0588, -0.0177
14:25:06, 5.93, 178, 7.00, 3.13, 358.19, 0.9976, 0.0263, 0.0614, -0.0174
14:25:06, 5.93, 178, 7.36, 3.19, 358.22, 0.9974, 0.0268, 0.0646, -0.0172
14:25:06, 5.97, 179, 7.74, 3.28, 358.23, 0.9972, 0.0275, 0.0679, -0.0173
14:25:06, 5.97, 179, 8.18, 3.38, 358.22, 0.9969, 0.0283, 0.0717, -0.0176
14:25:06, 6.00, 180, 8.70, 3.52, 358.25, 0.9965, 0.0294, 0.0762, -0.0176
14:25:06, 6.00, 180, 9.39, 3.57, 358.25, 0.9960, 0.0298, 0.0823, -0.0178
14:25:06, 6.03, 181, 10.16, 3.70, 358.25, 0.9954, 0.0308, 0.0890, -0.0181
14:25:06, 6.03, 181, 10.98, 3.84, 358.25, 0.9947, 0.0319, 0.0961, -0.0184
14:25:06, 6.03, 181, 11.83, 3.95, 358.26, 0.9939, 0.0327, 0.1035, -0.0186
14:25:06, 6.07, 182, 12.80, 4.09, 358.29, 0.9930, 0.0338, 0.1119, -0.0188
14:25:06, 6.07, 182, 13.76, 4.25, 358.35, 0.9920, 0.0351, 0.1202, -0.0187
14:25:06, 6.10, 183, 14.76, 4.37, 358.32, 0.9908, 0.0360, 0.1289, -0.0194
14:25:06, 6.10, 183, 15.83, 4.47, 358.40, 0.9895, 0.0367, 0.1381, -0.0192
14:25:06, 6.10, 183, 17.02, 4.68, 358.47, 0.9880, 0.0384, 0.1484, -0.0193
14:25:06, 6.13, 184, 18.20, 4.82, 358.48, 0.9864, 0.0394, 0.1585, -0.0197
14:25:06, 6.13, 184, 19.44, 5.02, 358.57, 0.9845, 0.0411, 0.1692, -0.0197
14:25:06, 6.17, 185, 20.75, 5.29, 358.67, 0.9824, 0.0433, 0.1804, -0.0197
14:25:06, 6.17, 185, 22.13, 5.49, 358.75, 0.9801, 0.0449, 0.1922, -0.0199
14:25:06, 6.20, 186, 23.51, 5.79, 358.88, 0.9776, 0.0475, 0.2040, -0.0198
14:25:06, 6.20, 186, 24.89, 6.12, 359.00, 0.9750, 0.0503, 0.2157, -0.0200
14:25:06, 6.20, 186, 26.26, 6.47, 359.10, 0.9722, 0.0532, 0.2272, -0.0205
14:25:06, 6.23, 187, 27.59, 6.74, 359.27, 0.9694, 0.0556, 0.2384, -0.0202
14:25:06, 6.23, 187, 28.85, 7.08, 359.44, 0.9665, 0.0585, 0.2489, -0.0201
14:25:06, 6.27, 188, 30.10, 7.41, 359.55, 0.9636, 0.0614, 0.2593, -0.0205
14:25:06, 6.27, 188, 31.31, 7.69, 359.64, 0.9607, 0.0638, 0.2694, -0.0211
14:25:06, 6.27, 188, 32.39, 8.03, 359.79, 0.9579, 0.0667, 0.2783, -0.0213
14:25:06, 6.30, 189, 33.47, 8.28, 359.90, 0.9551, 0.0689, 0.2872, -0.0216
14:25:06, 6.30, 189, 34.48, 8.53, 0.02, 0.9524, 0.0711, 0.2955, -0.0219
14:25:06, 6.33, 190, 35.43, 8.78, 0.04, 0.9498, 0.0731, 0.3034, -0.0230
14:25:06, 6.33, 190, 36.40, 9.00, 0.15, 0.9471, 0.0749, 0.3113, -0.0233
14:25:06, 6.37, 191, 37.26, 9.18, 0.17, 0.9446, 0.0763, 0.3183, -0.0242
14:25:06, 6.37, 191, 38.07, 9.48, 0.22, 0.9421, 0.0787, 0.3249, -0.0252
14:25:06, 6.37, 191, 38.81, 9.63, 0.16, 0.9399, 0.0797, 0.3309, -0.0266
14:25:06, 6.40, 192, 39.59, 9.79, 0.23, 0.9375, 0.0810, 0.3373, -0.0270
14:25:06, 6.40, 192, 40.32, 9.95, 0.22, 0.9353, 0.0821, 0.3432, -0.0281
14:25:06, 6.43, 193, 40.97, 10.05, 0.17, 0.9332, 0.0826, 0.3485, -0.0292
14:25:06, 6.43, 193, 41.66, 10.13, 0.17, 0.9310, 0.0830, 0.3541, -0.0300
14:25:06, 6.43, 193, 42.32, 10.20, 0.20, 0.9289, 0.0836, 0.3594, -0.0305
14:25:06, 6.47, 194, 42.94, 10.26, 0.21, 0.9269, 0.0839, 0.3644, -0.0310
14:25:06, 6.47, 194, 43.54, 10.37, 0.20, 0.9249, 0.0846, 0.3692, -0.0319
14:25:06, 6.50, 195, 44.15, 10.45, 0.27, 0.9229, 0.0853, 0.3741, -0.0320
14:25:06, 6.50, 195, 44.67, 10.53, 0.29, 0.9211, 0.0859, 0.3782, -0.0326
14:25:06, 6.53, 196, 45.22, 10.62, 0.36, 0.9193, 0.0866, 0.3826, -0.0327
14:25:06, 6.53, 196, 45.73, 10.69, 0.38, 0.9175, 0.0871, 0.3866, -0.0332
14:25:06, 6.53, 196, 46.32, 10.73, 0.44, 0.9155, 0.0875, 0.3912, -0.0333
14:25:06, 6.57, 197, 46.86, 10.77, 0.46, 0.9136, 0.0877, 0.3955, -0.0337
14:25:07, 6.57, 197, 47.51, 10.80, 0.43, 0.9114, 0.0877, 0.4007, -0.0345
14:25:07, 6.60, 198, 48.16, 10.79, 0.52, 0.9091, 0.0877, 0.4058, -0.0343
14:25:07, 6.60, 198, 48.90, 10.73, 0.59, 0.9065, 0.0872, 0.4116, -0.0340
14:25:07, 6.60, 198, 49.60, 10.66, 0.65, 0.9040, 0.0867, 0.4172, -0.0339
14:25:07, 6.63, 199, 50.38, 10.56, 0.74, 0.9013, 0.0860, 0.4233, -0.0334
14:25:07, 6.63, 199, 51.15, 10.51, 0.82, 0.8985, 0.0857, 0.4293, -0.0331
14:25:07, 6.67, 200, 52.07, 10.29, 0.96, 0.8952, 0.0842, 0.4365, -0.0319
14:25:07, 6.67, 200, 52.95, 10.08, 1.06, 0.8920, 0.0827, 0.4433, -0.0309
14:25:07, 6.70, 201, 53.85, 9.93, 1.13, 0.8886, 0.0816, 0.4504, -0.0304
14:25:07, 6.70, 201, 54.71, 9.74, 1.29, 0.8854, 0.0806, 0.4570, -0.0290
14:25:07, 6.70, 201, 55.56, 9.54, 1.42, 0.8821, 0.0794, 0.4635, -0.0278
14:25:07, 6.73, 202, 56.30, 9.39, 1.50, 0.8792, 0.0784, 0.4692, -0.0271
14:25:07, 6.73, 202, 57.03, 9.28, 1.56, 0.8762, 0.0775, 0.4748, -0.0267
14:25:07, 6.77, 203, 57.75, 9.14, 1.62, 0.8733, 0.0766, 0.4803, -0.0261
14:25:07, 6.77, 203, 58.43, 9.05, 1.62, 0.8705, 0.0757, 0.4856, -0.0262
14:25:07, 6.77, 203, 59.09, 8.92, 1.62, 0.8678, 0.0746, 0.4906, -0.0261
14:25:07, 6.80, 204, 59.70, 8.84, 1.64, 0.8652, 0.0740, 0.4952, -0.0260
14:25:07, 6.80, 204, 60.29, 8.72, 1.64, 0.8627, 0.0729, 0.4997, -0.0259
14:25:07, 6.83, 205, 60.85, 8.69, 1.63, 0.8603, 0.0725, 0.5040, -0.0261
14:25:07, 6.83, 205, 61.45, 8.59, 1.64, 0.8577, 0.0717, 0.5085, -0.0260
14:25:07, 6.87, 206, 62.00, 8.52, 1.68, 0.8553, 0.0712, 0.5127, -0.0257
14:25:07, 6.87, 206, 62.58, 8.47, 1.65, 0.8527, 0.0705, 0.5170, -0.0260
14:25:07, 6.87, 206, 63.06, 8.33, 1.71, 0.8506, 0.0697, 0.5206, -0.0253
14:25:07, 6.90, 207, 63.64, 8.27, 1.72, 0.8480, 0.0691, 0.5249, -0.0252
14:25:07, 6.90, 207, 64.19, 8.23, 1.75, 0.8455, 0.0689, 0.5290, -0.0253
14:25:07, 6.93, 208, 64.76, 8.13, 1.68, 0.8429, 0.0677, 0.5332, -0.0256
14:25:07, 6.93, 208, 65.33, 8.02, 1.73, 0.8403, 0.0670, 0.5375, -0.0251
14:25:07, 6.93, 208, 65.87, 8.00, 1.69, 0.8377, 0.0666, 0.5414, -0.0256
14:25:07, 6.97, 209, 66.43, 7.92, 1.68, 0.8351, 0.0657, 0.5456, -0.0256
14:25:07, 6.97, 209, 66.95, 7.92, 1.67, 0.8326, 0.0656, 0.5494, -0.0260
14:25:07, 7.00, 210, 67.53, 7.85, 1.65, 0.8298, 0.0649, 0.5536, -0.0261
14:25:07, 7.00, 210, 68.06, 7.86, 1.60, 0.8272, 0.0646, 0.5575, -0.0268
14:25:07, 7.03, 211, 68.59, 7.80, 1.60, 0.8247, 0.0640, 0.5613, -0.0268
14:25:07, 7.03, 211, 69.16, 7.78, 1.62, 0.8219, 0.0638, 0.5654, -0.0269
14:25:07, 7.03, 211, 69.74, 7.66, 1.63, 0.8191, 0.0629, 0.5696, -0.0265
14:25:07, 7.07, 212, 70.39, 7.64, 1.60, 0.8159, 0.0625, 0.5742, -0.0270
14:25:07, 7.07, 212, 71.15, 7.55, 1.58, 0.8120, 0.0616, 0.5797, -0.0271
14:25:07, 7.10, 213, 71.98, 7.42, 1.64, 0.8079, 0.0608, 0.5856, -0.0265
14:25:07, 7.10, 213, 72.87, 7.34, 1.63, 0.8033, 0.0599, 0.5919, -0.0266
14:25:07, 7.10, 213, 73.74, 7.21, 1.67, 0.7989, 0.0591, 0.5980, -0.0261
14:25:07, 7.13, 214, 74.66, 7.16, 1.70, 0.7941, 0.0586, 0.6044, -0.0261
14:25:07, 7.13, 214, 75.54, 7.10, 1.79, 0.7895, 0.0584, 0.6105, -0.0256
14:25:07, 7.17, 215, 76.38, 7.03, 1.82, 0.7850, 0.0580, 0.6163, -0.0254
14:25:07, 7.17, 215, 77.22, 6.98, 1.84, 0.7805, 0.0575, 0.6220, -0.0255
14:25:07, 7.20, 216, 77.99, 6.99, 1.88, 0.7763, 0.0577, 0.6272, -0.0257
14:25:07, 7.20, 216, 78.79, 6.93, 1.89, 0.7719, 0.0571, 0.6326, -0.0256
14:25:07, 7.20, 216, 79.53, 6.95, 1.91, 0.7678, 0.0572, 0.6376, -0.0260
14:25:07, 7.23, 217, 80.28, 6.88, 1.86, 0.7636, 0.0563, 0.6426, -0.0263
14:25:07, 7.23, 217, 81.01, 6.87, 1.89, 0.7595, 0.0562, 0.6475, -0.0264
14:25:07, 7.27, 218, 81.81, 6.85, 1.87, 0.7550, 0.0558, 0.6528, -0.0268
14:25:07, 7.27, 218, 82.52, 6.83, 1.90, 0.7509, 0.0557, 0.6575, -0.0269
14:25:07, 7.27, 218, 83.24, 6.90, 1.84, 0.7468, 0.0556, 0.6622, -0.0279
14:25:07, 7.30, 219, 83.94, 6.87, 1.86, 0.7427, 0.0554, 0.6667, -0.0280
14:25:07, 7.30, 219, 84.67, 6.91, 1.86, 0.7384, 0.0555, 0.6715, -0.0287
14:25:07, 7.33, 220, 85.41, 6.99, 1.90, 0.7341, 0.0560, 0.6762, -0.0292
14:25:07, 7.33, 220, 86.18, 7.00, 1.91, 0.7295, 0.0559, 0.6810, -0.0296
14:25:07, 7.33, 220, 87.03, 7.01, 1.95, 0.7245, 0.0560, 0.6864, -0.0298
14:25:07, 7.37, 221, 87.89, 7.06, 1.99, 0.7192, 0.0563, 0.6918, -0.0302
14:25:07, 7.37, 221, 88.69, 7.12, 2.00, 0.7144, 0.0566, 0.6968, -0.0309
14:25:07, 7.40, 222, 89.53, 7.15, 2.12, 0.7093, 0.0572, 0.7019, -0.0308
14:25:07, 7.40, 222, 90.35, 7.17, 2.18, 0.7043, 0.0576, 0.7069, -0.0310
14:25:07, 7.43, 223, 91.14, 7.23, 2.24, 0.6994, 0.0580, 0.7117, -0.0314
14:25:07, 7.43, 223, 91.83, 7.27, 2.25, 0.6951, 0.0582, 0.7158, -0.0319
14:25:07, 7.43, 223, 92.46, 7.32, 2.27, 0.6911, 0.0584, 0.7196, -0.0324
14:25:07, 7.47, 224, 93.13, 7.33, 2.21, 0.6869, 0.0579, 0.7237, -0.0332
14:25:07, 7.47, 224, 93.77, 7.35, 2.15, 0.6828, 0.0575, 0.7276, -0.0340
14:25:07, 7.50, 225, 94.46, 7.36, 2.12, 0.6784, 0.0571, 0.7317, -0.0346
14:25:07, 7.50, 225, 95.15, 7.32, 2.10, 0.6740, 0.0566, 0.7357, -0.0348
14:25:07, 7.50, 225, 95.81, 7.42, 2.12, 0.6697, 0.0571, 0.7395, -0.0357
14:25:07, 7.53, 226, 96.43, 7.40, 2.05, 0.6657, 0.0563, 0.7432, -0.0362
14:25:07, 7.53, 226, 97.10, 7.38, 2.12, 0.6614, 0.0565, 0.7471, -0.0360
14:25:07, 7.57, 227, 97.71, 7.38, 2.09, 0.6574, 0.0560, 0.7506, -0.0365
14:25:08, 7.57, 227, 98.36, 7.41, 2.02, 0.6531, 0.0555, 0.7543, -0.0374
14:25:08, 7.60, 228, 99.12, 7.34, 2.05, 0.6481, 0.0551, 0.7587, -0.0371
14:25:08, 7.60, 228, 99.79, 7.32, 2.06, 0.6437, 0.0548, 0.7624, -0.0373
14:25:08, 7.60, 228, 100.52, 7.25, 2.15, 0.6388, 0.0548, 0.7665, -0.0366
14:25:08, 7.63, 229, 101.22, 7.14, 2.19, 0.6342, 0.0543, 0.7704, -0.0360
14:25:08, 7.63, 229, 101.95, 7.10, 2.23, 0.6293, 0.0541, 0.7745, -0.0359
14:25:08, 7.67, 230, 102.69, 7.04, 2.27, 0.6243, 0.0538, 0.7785, -0.0356
14:25:08, 7.67, 230, 103.53, 6.91, 2.33, 0.6186, 0.0532, 0.7831, -0.0347
14:25:08, 7.70, 231, 104.26, 6.88, 2.39, 0.6136, 0.0532, 0.7870, -0.0346
14:25:08, 7.70, 231, 105.01, 6.79, 2.46, 0.6085, 0.0530, 0.7911, -0.0340
14:25:08, 7.70, 231, 105.81, 6.65, 2.51, 0.6030, 0.0524, 0.7953, -0.0330
14:25:08, 7.73, 232, 106.66, 6.52, 2.60, 0.5971, 0.0521, 0.7998, -0.0321
14:25:08, 7.73, 232, 107.66, 6.26, 2.51, 0.5901, 0.0499, 0.8052, -0.0312
14:25:08, 7.77, 233, 108.87, 5.96, 2.42, 0.5816, 0.0474, 0.8116, -0.0300
14:25:08, 7.77, 233, 110.17, 5.60, 2.50, 0.5724, 0.0458, 0.8182, -0.0276
14:25:08, 7.77, 233, 111.46, 5.11, 2.58, 0.5632, 0.0437, 0.8248, -0.0241
14:25:08, 7.80, 234, 112.79, 4.64, 2.72, 0.5536, 0.0421, 0.8314, -0.0206
14:25:08, 7.80, 234, 114.06, 4.18, 2.87, 0.5445, 0.0408, 0.8376, -0.0169
14:25:08, 7.83, 235, 115.30, 3.63, 3.06, 0.5354, 0.0395, 0.8436, -0.0124
14:25:08, 7.83, 235, 116.47, 3.18, 3.15, 0.5267, 0.0380, 0.8492, -0.0091
14:25:08, 7.87, 236, 117.73, 2.72, 3.26, 0.5173, 0.0366, 0.8550, -0.0056
14:25:08, 7.87, 236, 118.89, 2.29, 3.35, 0.5085, 0.0353, 0.8603, -0.0024
14:25:08, 7.87, 236, 120.10, 1.88, 3.46, 0.4994, 0.0344, 0.8657, 0.0008
14:25:08, 7.90, 237, 121.15, 1.56, 3.61, 0.4914, 0.0341, 0.8703, 0.0037
14:25:08, 7.90, 237, 122.23, 1.20, 3.70, 0.4831, 0.0333, 0.8749, 0.0064
14:25:08, 7.93, 238, 123.23, 0.96, 3.82, 0.4754, 0.0333, 0.8791, 0.0084
14:25:08, 7.93, 238, 124.19, 0.72, 3.92, 0.4679, 0.0331, 0.8831, 0.0105
14:25:08, 7.93, 238, 125.17, 0.43, 4.01, 0.4603, 0.0328, 0.8871, 0.0128
14:25:08, 7.97, 239, 126.01, 0.22, 4.06, 0.4537, 0.0324, 0.8904, 0.0144
14:25:08, 7.97, 239, 126.79, 0.04, 4.14, 0.4476, 0.0324, 0.8935, 0.0159
14:25:08, 8.00, 240, 127.56, 359.93, 4.26, 0.4415, 0.0331, 0.8965, 0.0170
14:25:08, 8.00, 240, 128.23, 359.83, 4.32, 0.4362, 0.0333, 0.8990, 0.0178
14:25:08, 8.03, 241, 128.98, 359.61, 4.27, 0.4302, 0.0322, 0.9020, 0.0191
14:25:08, 8.03, 241, 129.59, 359.53, 4.26, 0.4254, 0.0319, 0.9042, 0.0195
14:25:08, 8.03, 241, 130.30, 359.41, 4.22, 0.4197, 0.0313, 0.9069, 0.0202
14:25:08, 8.07, 242, 130.84, 359.33, 4.19, 0.4155, 0.0308, 0.9088, 0.0205
14:25:08, 8.07, 242, 131.36, 359.28, 4.24, 0.4113, 0.0311, 0.9107, 0.0209
14:25:08, 8.10, 243, 131.86, 359.18, 4.34, 0.4073, 0.0317, 0.9125, 0.0220
14:25:08, 8.10, 243, 132.34, 359.09, 4.25, 0.4035, 0.0307, 0.9142, 0.0223
14:25:08, 8.10, 243, 132.80, 358.92, 4.16, 0.3997, 0.0295, 0.9159, 0.0231
14:25:08, 8.13, 244, 133.26, 358.81, 4.14, 0.3960, 0.0290, 0.9175, 0.0238
14:25:08, 8.13, 244, 133.74, 358.64, 3.96, 0.3922, 0.0271, 0.9192, 0.0245
14:25:08, 8.17, 245, 134.25, 358.60, 3.88, 0.3881, 0.0264, 0.9209, 0.0244
14:25:08, 8.17, 245, 134.76, 358.52, 3.78, 0.3840, 0.0255, 0.9227, 0.0246
14:25:08, 8.20, 246, 135.28, 358.57, 3.68, 0.3798, 0.0249, 0.9244, 0.0238
14:25:08, 8.20, 246, 135.75, 358.55, 3.65, 0.3760, 0.0248, 0.9260, 0.0237
14:25:08, 8.20, 246, 136.27, 358.60, 3.66, 0.3718, 0.0251, 0.9277, 0.0232
14:25:08, 8.23, 247, 136.79, 358.65, 3.54, 0.3677, 0.0244, 0.9294, 0.0223
14:25:08, 8.23, 247, 137.30, 358.72, 3.48, 0.3635, 0.0242, 0.9310, 0.0215
14:25:08, 8.27, 248, 137.82, 358.74, 3.46, 0.3593, 0.0242, 0.9327, 0.0211
14:25:08, 8.27, 248, 138.31, 358.80, 3.44, 0.3554, 0.0243, 0.9342, 0.0204
14:25:08, 8.27, 248, 138.87, 358.88, 3.36, 0.3509, 0.0240, 0.9359, 0.0195
14:25:08, 8.30, 249, 139.42, 358.88, 3.29, 0.3464, 0.0235, 0.9376, 0.0191
14:25:08, 8.30, 249, 139.95, 358.86, 3.21, 0.3420, 0.0230, 0.9392, 0.0189
14:25:08, 8.33, 250, 140.55, 358.83, 3.19, 0.3371, 0.0228, 0.9410, 0.0190
14:25:08, 8.33, 250, 141.12, 358.73, 3.14, 0.3324, 0.0222, 0.9427, 0.0195
14:25:08, 8.37, 251, 141.75, 358.60, 3.12, 0.3272, 0.0217, 0.9445, 0.0205
14:25:08, 8.37, 251, 142.41, 358.52, 3.02, 0.3217, 0.0208, 0.9464, 0.0207
14:25:08, 8.37, 251, 143.11, 358.41, 3.05, 0.3159, 0.0209, 0.9483, 0.0215
14:25:08, 8.40, 252, 143.74, 358.36, 3.03, 0.3107, 0.0206, 0.9500, 0.0218
14:25:08, 8.40, 252, 144.39, 358.34, 3.07, 0.3053, 0.0211, 0.9518, 0.0220
14:25:08, 8.43, 253, 144.97, 358.26, 3.15, 0.3004, 0.0216, 0.9533, 0.0228
14:25:08, 8.43, 253, 145.49, 358.19, 3.16, 0.2960, 0.0217, 0.9547, 0.0233
14:25:08, 8.43, 253, 146.00, 358.20, 3.20, 0.2918, 0.0221, 0.9559, 0.0232
14:25:08, 8.47, 254, 146.45, 358.23, 3.23, 0.2880, 0.0225, 0.9571, 0.0229
14:25:08, 8.47, 254, 146.86, 358.11, 3.19, 0.2846, 0.0220, 0.9581, 0.0237
14:25:08, 8.50, 255, 147.23, 358.15, 3.23, 0.2815, 0.0225, 0.9590, 0.0234
14:25:08, 8.50, 255, 147.60, 358.15, 3.21, 0.2784, 0.0224, 0.9599, 0.0233
14:25:08, 8.53, 256, 147.95, 358.22, 3.27, 0.2755, 0.0231, 0.9608, 0.0228
14:25:08, 8.53, 256, 148.32, 358.25, 3.29, 0.2724, 0.0235, 0.9616, 0.0225
14:25:08, 8.53, 256, 148.60, 358.32, 3.34, 0.2700, 0.0240, 0.9623, 0.0220
14:25:08, 8.57, 257, 148.92, 358.41, 3.47, 0.2673, 0.0255, 0.9630, 0.0214
14:25:09, 8.57, 257, 149.23, 358.49, 3.57, 0.2647, 0.0265, 0.9637, 0.0210
14:25:09, 8.60, 258, 149.56, 358.61, 3.65, 0.2620, 0.0275, 0.9645, 0.0201
14:25:09, 8.60, 258, 149.90, 358.70, 3.72, 0.2591, 0.0284, 0.9652, 0.0194
14:25:09, 8.60, 258, 150.29, 358.82, 3.71, 0.2559, 0.0286, 0.9661, 0.0182
14:25:09, 8.63, 259, 150.67, 358.94, 3.72, 0.2527, 0.0291, 0.9670, 0.0172
14:25:09, 8.63, 259, 151.07, 359.06, 3.70, 0.2494, 0.0292, 0.9678, 0.0161
14:25:09, 8.67, 260, 151.46, 359.21, 3.69, 0.2461, 0.0295, 0.9687, 0.0146
14:25:09, 8.67, 260, 151.88, 359.30, 3.65, 0.2426, 0.0294, 0.9696, 0.0137
14:25:09, 8.70, 261, 152.27, 359.39, 3.56, 0.2394, 0.0289, 0.9704, 0.0126
14:25:09, 8.70, 261, 152.67, 359.44, 3.42, 0.2360, 0.0279, 0.9713, 0.0118
14:25:09, 8.70, 261, 153.07, 359.55, 3.29, 0.2326, 0.0270, 0.9721, 0.0105
14:25:09, 8.73, 262, 153.45, 359.70, 3.18, 0.2295, 0.0264, 0.9729, 0.0089
14:25:09, 8.73, 262, 153.89, 359.80, 3.10, 0.2258, 0.0259, 0.9738, 0.0078
14:25:09, 8.77, 263, 154.31, 359.87, 3.04, 0.2222, 0.0256, 0.9746, 0.0070
14:25:09, 8.77, 263, 154.68, 359.92, 3.07, 0.2191, 0.0260, 0.9753, 0.0065
14:25:09, 8.77, 263, 155.05, 359.94, 3.03, 0.2159, 0.0257, 0.9761, 0.0062
14:25:09, 8.80, 264, 155.43, 0.06, 3.02, 0.2127, 0.0258, 0.9768, 0.0051
14:25:09, 8.80, 264, 155.77, 0.18, 3.08, 0.2098, 0.0266, 0.9774, 0.0041
14:25:09, 8.83, 265, 156.10, 0.31, 3.14, 0.2071, 0.0274, 0.9779, 0.0031
14:25:09, 8.83, 265, 156.43, 0.39, 3.21, 0.2042, 0.0281, 0.9785, 0.0024
14:25:09, 8.87, 266, 156.73, 0.52, 3.30, 0.2017, 0.0292, 0.9790, 0.0013
14:25:09, 8.87, 266, 157.02, 0.65, 3.34, 0.1993, 0.0297, 0.9795, 0.0002
14:25:09, 8.87, 266, 157.29, 0.77, 3.41, 0.1970, 0.0305, 0.9799, -0.0008
14:25:09, 8.90, 267, 157.58, 0.80, 3.46, 0.1945, 0.0309, 0.9804, -0.0010
14:25:09, 8.90, 267, 157.82, 0.92, 3.48, 0.1925, 0.0314, 0.9808, -0.0020
14:25:09, 8.93, 268, 158.05, 1.02, 3.44, 0.1906, 0.0312, 0.9812, -0.0030
14:25:09, 8.93, 268, 158.24, 1.16, 3.44, 0.1889, 0.0314, 0.9815, -0.0043
14:25:09, 8.93, 268, 158.47, 1.30, 3.38, 0.1870, 0.0311, 0.9819, -0.0056
14:25:09, 8.97, 269, 158.72, 1.42, 3.28, 0.1849, 0.0304, 0.9823, -0.0069
14:25:09, 8.97, 269, 158.97, 1.61, 3.22, 0.1828, 0.0302, 0.9826, -0.0086
14:25:09, 9.00, 270, 159.24, 1.78, 3.14, 0.1805, 0.0297, 0.9831, -0.0104
14:25:09, 9.00, 270, 159.51, 1.97, 3.07, 0.1782, 0.0294, 0.9835, -0.0121
14:25:09, 9.03, 271, 159.80, 2.18, 2.98, 0.1757, 0.0290, 0.9839, -0.0142
14:25:09, 9.03, 271, 160.13, 2.37, 2.96, 0.1729, 0.0290, 0.9844, -0.0159
14:25:09, 9.03, 271, 160.43, 2.55, 2.91, 0.1704, 0.0288, 0.9848, -0.0176
14:25:09, 9.07, 272, 160.73, 2.80, 2.89, 0.1679, 0.0289, 0.9852, -0.0198
14:25:09, 9.07, 272, 160.98, 2.98, 2.88, 0.1657, 0.0291, 0.9855, -0.0215
14:25:09, 9.10, 273, 161.27, 3.11, 2.89, 0.1633, 0.0293, 0.9859, -0.0227
14:25:09, 9.10, 273, 161.51, 3.24, 2.87, 0.1612, 0.0293, 0.9862, -0.0238
14:25:09, 9.10, 273, 161.76, 3.39, 2.84, 0.1591, 0.0292, 0.9865, -0.0253
14:25:09, 9.13, 274, 162.02, 3.56, 2.84, 0.1569, 0.0293, 0.9868, -0.0268
14:25:09, 9.13, 274, 162.26, 3.61, 2.85, 0.1549, 0.0294, 0.9871, -0.0273
14:25:09, 9.17, 275, 162.47, 3.71, 2.88, 0.1530, 0.0298, 0.9874, -0.0282
14:25:09, 9.17, 275, 162.71, 3.81, 2.91, 0.1510, 0.0300, 0.9877, -0.0290
14:25:09, 9.20, 276, 162.89, 3.88, 2.95, 0.1495, 0.0304, 0.9878, -0.0296
14:25:09, 9.20, 276, 163.02, 3.94, 2.99, 0.1484, 0.0309, 0.9880, -0.0301
14:25:09, 9.20, 276, 163.17, 3.95, 2.99, 0.1471, 0.0309, 0.9882, -0.0303
14:25:09, 9.23, 277, 163.30, 4.01, 3.01, 0.1460, 0.0310, 0.9883, -0.0308
14:25:09, 9.23, 277, 163.42, 4.07, 3.01, 0.1450, 0.0311, 0.9885, -0.0313
14:25:09, 9.27, 278, 163.54, 4.17, 3.03, 0.1440, 0.0313, 0.9886, -0.0322
14:25:09, 9.27, 278, 163.65, 4.23, 3.06, 0.1430, 0.0316, 0.9887, -0.0327
14:25:09, 9.27, 278, 163.75, 4.30, 3.06, 0.1422, 0.0317, 0.9888, -0.0333
14:25:09, 9.30, 279, 163.84, 4.34, 3.08, 0.1414, 0.0319, 0.9889, -0.0337
14:25:09, 9.30, 279, 163.93, 4.37, 3.10, 0.1407, 0.0321, 0.9890, -0.0339
14:25:09, 9.33, 280, 164.03, 4.40, 3.14, 0.1398, 0.0324, 0.9891, -0.0342
14:25:09, 9.33, 280, 164.10, 4.43, 3.16, 0.1392, 0.0326, 0.9891, -0.0344
14:25:09, 9.37, 281, 164.21, 4.41, 3.18, 0.1383, 0.0328, 0.9893, -0.0342
14:25:09, 9.37, 281, 164.32, 4.32, 3.18, 0.1373, 0.0326, 0.9894, -0.0335
14:25:09, 9.37, 281, 164.46, 4.14, 3.17, 0.1361, 0.0323, 0.9897, -0.0321
14:25:09, 9.40, 282, 164.61, 3.92, 3.18, 0.1348, 0.0321, 0.9899, -0.0302
14:25:09, 9.40, 282, 164.77, 3.69, 3.14, 0.1333, 0.0314, 0.9902, -0.0283
14:25:09, 9.43, 283, 164.97, 3.46, 3.17, 0.1315, 0.0313, 0.9905, -0.0263
14:25:09, 9.43, 283, 165.15, 3.17, 3.17, 0.1299, 0.0310, 0.9908, -0.0238
14:25:09, 9.43, 283, 165.43, 2.85, 3.14, 0.1274, 0.0303, 0.9912, -0.0212
14:25:09, 9.47, 284, 165.72, 2.54, 3.08, 0.1248, 0.0294, 0.9916, -0.0186
14:25:09, 9.47, 284, 166.00, 2.20, 3.12, 0.1223, 0.0293, 0.9919, -0.0158
14:25:09, 9.50, 285, 166.28, 1.89, 3.12, 0.1198, 0.0290, 0.9923, -0.0132
14:25:09, 9.50, 285, 166.61, 1.59, 3.16, 0.1169, 0.0290, 0.9927, -0.0106
14:25:09, 9.53, 286, 166.88, 1.36, 3.14, 0.1145, 0.0286, 0.9930, -0.0087
14:25:09, 9.53, 286, 167.18, 1.14, 3.15, 0.1119, 0.0284, 0.9933, -0.0068
14:25:09, 9.53, 286, 167.47, 0.86, 3.15, 0.1093, 0.0281, 0.9936, -0.0044
14:25:09, 9.57, 287, 167.71, 0.70, 3.15, 0.1072, 0.0279, 0.9938, -0.0031
14:25:10, 9.57, 287, 167.89, 0.43, 3.11, 0.1055, 0.0274, 0.9940, -0.0009
14:25:10, 9.60, 288, 168.07, 0.22, 3.11, 0.1040, 0.0272, 0.9942, 0.0009
14:25:10, 9.60, 288, 168.25, 0.05, 3.07, 0.1023, 0.0267, 0.9944, 0.0023
14:25:10, 9.60, 288, 168.39, 359.93, 3.04, 0.1011, 0.0263, 0.9945, 0.0033
14:25:10, 9.63, 289, 168.53, 359.81, 3.05, 0.0999, 0.0263, 0.9946, 0.0043
14:25:10, 9.63, 289, 168.64, 359.69, 3.06, 0.0989, 0.0263, 0.9947, 0.0053
14:25:10, 9.67, 290, 168.71, 359.66, 3.07, 0.0982, 0.0263, 0.9948, 0.0056
14:25:10, 9.67, 290, 168.71, 359.61, 3.10, 0.0982, 0.0266, 0.9948, 0.0060
14:25:10, 9.70, 291, 168.67, 359.56, 3.11, 0.0986, 0.0266, 0.9948, 0.0065
14:25:10, 9.70, 291, 168.56, 359.49, 3.06, 0.0995, 0.0261, 0.9947, 0.0071
14:25:10, 9.70, 291, 168.46, 359.40, 2.95, 0.1004, 0.0251, 0.9946, 0.0078
14:25:10, 9.73, 292, 168.27, 359.30, 2.85, 0.1020, 0.0241, 0.9945, 0.0086
14:25:10, 9.73, 292, 168.04, 359.24, 2.76, 0.1040, 0.0232, 0.9943, 0.0091
14:25:10, 9.77, 293, 167.81, 359.15, 2.67, 0.1060, 0.0223, 0.9941, 0.0098
14:25:10, 9.77, 293, 167.56, 358.98, 2.57, 0.1081, 0.0213, 0.9938, 0.0113
14:25:10, 9.77, 293, 167.40, 358.81, 2.41, 0.1095, 0.0197, 0.9937, 0.0126
14:25:10, 9.80, 294, 167.22, 358.63, 2.29, 0.1110, 0.0186, 0.9935, 0.0141
14:25:10, 9.80, 294, 167.07, 358.43, 2.22, 0.1123, 0.0177, 0.9934, 0.0158
14:25:10, 9.83, 295, 166.95, 358.23, 2.18, 0.1133, 0.0171, 0.9933, 0.0175
14:25:10, 9.83, 295, 166.89, 358.04, 2.13, 0.1138, 0.0165, 0.9932, 0.0191
14:25:10, 9.87, 296, 166.85, 357.86, 2.13, 0.1141, 0.0163, 0.9931, 0.0207
14:25:10, 9.87, 296, 166.83, 357.70, 2.13, 0.1143, 0.0161, 0.9931, 0.0220
14:25:10, 9.87, 296, 166.81, 357.57, 2.16, 0.1144, 0.0163, 0.9930, 0.0232
14:25:10, 9.90, 297, 166.79, 357.42, 2.18, 0.1145, 0.0163, 0.9930, 0.0246
14:25:10, 9.90, 297, 166.77, 357.30, 2.19, 0.1147, 0.0163, 0.9929, 0.0256
14:25:10, 9.93, 298, 166.74, 357.17, 2.20, 0.1150, 0.0162, 0.9929, 0.0267
14:25:10, 9.93, 298, 166.70, 357.06, 2.24, 0.1152, 0.0164, 0.9928, 0.0278
14:25:10, 9.93, 298, 166.64, 356.97, 2.29, 0.1158, 0.0168, 0.9927, 0.0285
14:25:10, 9.97, 299, 166.54, 356.83, 2.39, 0.1165, 0.0174, 0.9926, 0.0299
14:25:10, 9.97, 299, 166.48, 356.66, 2.39, 0.1170, 0.0173, 0.9925, 0.0314
