Timestamp, VideoTime, VideoFrame, HeadYaw, HeadPitch, HeadRoll, HeadQuatW, HeadQuatX, HeadQuatY, HeadQuatZ
18:37:14, 0.00, 0, 316.22, 0.98, 8.16, -0.9253, 0.0186, 0.3724, -0.0692
18:37:14, 0.03, 1, 315.55, 1.22, 8.22, -0.9230, 0.0173, 0.3780, -0.0704
18:37:14, 0.03, 1, 314.93, 1.38, 8.31, -0.9208, 0.0167, 0.3830, -0.0715
18:37:14, 0.03, 1, 314.19, 1.17, 8.31, -0.9184, 0.0188, 0.3888, -0.0707
18:37:14, 0.07, 2, 313.45, 0.82, 8.33, -0.9160, 0.0221, 0.3946, -0.0695
18:37:14, 0.07, 2, 312.69, 0.17, 8.22, -0.9136, 0.0274, 0.4003, -0.0662
18:37:14, 0.10, 3, 311.93, 359.50, 8.19, -0.9111, 0.0331, 0.4059, -0.0634
18:37:14, 0.10, 3, 311.15, 358.63, 8.10, -0.9085, 0.0401, 0.4117, -0.0594
18:37:14, 0.10, 3, 310.46, 357.78, 8.09, -0.9061, 0.0471, 0.4166, -0.0560
18:37:14, 0.13, 4, 309.83, 357.24, 8.10, -0.9039, 0.0516, 0.4213, -0.0538
18:37:14, 0.13, 4, 309.20, 356.98, 8.25, -0.9015, 0.0546, 0.4260, -0.0537
18:37:14, 0.17, 5, 308.52, 356.95, 8.34, -0.8989, 0.0555, 0.4313, -0.0540
18:37:15, 0.17, 5, 307.87, 357.09, 8.53, -0.8964, 0.0554, 0.4363, -0.0556
18:37:15, 0.17, 5, 307.26, 357.33, 8.57, -0.8940, 0.0540, 0.4413, -0.0566
18:37:15, 0.20, 6, 306.75, 357.58, 8.57, -0.8920, 0.0523, 0.4454, -0.0573
18:37:15, 0.20, 6, 306.16, 357.87, 8.50, -0.8896, 0.0501, 0.4502, -0.0577
18:37:15, 0.23, 7, 305.54, 358.14, 8.38, -0.8872, 0.0478, 0.4552, -0.0575
18:37:15, 0.23, 7, 305.10, 358.33, 8.15, -0.8856, 0.0457, 0.4588, -0.0563
18:37:15, 0.23, 7, 304.61, 358.31, 7.91, -0.8837, 0.0450, 0.4627, -0.0542
18:37:15, 0.27, 8, 304.12, 358.04, 7.79, -0.8818, 0.0469, 0.4664, -0.0520
18:37:15, 0.27, 8, 303.66, 357.96, 7.72, -0.8800, 0.0474, 0.4699, -0.0510
18:37:15, 0.30, 9, 303.25, 357.94, 7.70, -0.8783, 0.0477, 0.4730, -0.0506
18:37:15, 0.30, 9, 302.85, 358.02, 7.60, -0.8767, 0.0468, 0.4762, -0.0500
18:37:15, 0.33, 10, 302.47, 358.04, 7.49, -0.8752, 0.0464, 0.4791, -0.0490
18:37:15, 0.33, 10, 302.09, 357.98, 7.43, -0.8736, 0.0467, 0.4820, -0.0482
18:37:15, 0.33, 10, 301.68, 357.94, 7.36, -0.8719, 0.0470, 0.4851, -0.0473
18:37:15, 0.37, 11, 301.27, 357.80, 7.26, -0.8702, 0.0478, 0.4883, -0.0457
18:37:15, 0.37, 11, 300.75, 357.66, 7.19, -0.8680, 0.0487, 0.4921, -0.0444
18:37:15, 0.40, 12, 300.27, 357.50, 7.10, -0.8660, 0.0497, 0.4957, -0.0428
18:37:15, 0.40, 12, 299.80, 357.49, 7.03, -0.8640, 0.0496, 0.4993, -0.0420
18:37:15, 0.40, 12, 299.19, 357.58, 7.01, -0.8613, 0.0491, 0.5040, -0.0421
18:37:15, 0.43, 13, 298.64, 357.61, 6.98, -0.8589, 0.0489, 0.5081, -0.0417
18:37:15, 0.43, 13, 298.12, 357.65, 6.91, -0.8566, 0.0485, 0.5120, -0.0411
18:37:15, 0.47, 14, 297.57, 357.63, 6.82, -0.8542, 0.0485, 0.5161, -0.0401
18:37:15, 0.47, 14, 297.04, 357.51, 6.75, -0.8518, 0.0492, 0.5201, -0.0389
18:37:15, 0.50, 15, 296.50, 357.50, 6.61, -0.8494, 0.0489, 0.5242, -0.0376
18:37:15, 0.50, 15, 295.92, 357.51, 6.58, -0.8467, 0.0488, 0.5285, -0.0372
18:37:15, 0.50, 15, 295.39, 357.78, 6.62, -0.8442, 0.0472, 0.5325, -0.0384
18:37:15, 0.53, 16, 294.83, 357.94, 6.61, -0.8416, 0.0462, 0.5367, -0.0389
18:37:15, 0.53, 16, 294.37, 358.13, 6.68, -0.8394, 0.0453, 0.5402, -0.0402
18:37:15, 0.57, 17, 293.86, 358.24, 6.76, -0.8369, 0.0451, 0.5439, -0.0410
18:37:15, 0.57, 17, 293.45, 358.27, 6.82, -0.8350, 0.0453, 0.5469, -0.0414
18:37:15, 0.57, 17, 292.99, 358.35, 6.94, -0.8327, 0.0454, 0.5502, -0.0426
18:37:15, 0.60, 18, 292.60, 358.51, 7.09, -0.8307, 0.0451, 0.5531, -0.0442
18:37:15, 0.60, 18, 292.14, 358.68, 7.24, -0.8284, 0.0448, 0.5564, -0.0460
18:37:15, 0.63, 19, 291.76, 358.75, 7.42, -0.8265, 0.0453, 0.5591, -0.0475
18:37:15, 0.63, 19, 291.37, 358.95, 7.49, -0.8245, 0.0444, 0.5620, -0.0488
18:37:15, 0.67, 20, 290.98, 359.22, 7.65, -0.8224, 0.0434, 0.5649, -0.0511
18:37:15, 0.67, 20, 290.63, 359.51, 7.80, -0.8206, 0.0422, 0.5675, -0.0535
18:37:15, 0.67, 20, 290.25, 359.82, 7.89, -0.8185, 0.0406, 0.5703, -0.0555
18:37:15, 0.70, 21, 289.88, 0.05, 7.92, -0.8166, 0.0393, 0.5731, -0.0568
18:37:15, 0.70, 21, 289.53, 0.28, 7.85, -0.8148, 0.0375, 0.5757, -0.0573
18:37:15, 0.73, 22, 289.09, 0.40, 7.85, -0.8125, 0.0369, 0.5789, -0.0577
18:37:15, 0.73, 22, 288.78, 0.52, 7.85, -0.8109, 0.0362, 0.5811, -0.0583
18:37:15, 0.77, 23, 288.37, 0.74, 7.84, -0.8087, 0.0348, 0.5842, -0.0592
18:37:15, 0.77, 23, 288.06, 0.83, 7.77, -0.8072, 0.0340, 0.5864, -0.0591
18:37:15, 0.77, 23, 287.68, 0.77, 7.68, -0.8053, 0.0341, 0.5891, -0.0580
18:37:15, 0.80, 24, 287.28, 0.64, 7.65, -0.8033, 0.0351, 0.5918, -0.0571
18:37:15, 0.80, 24, 286.91, 0.45, 7.61, -0.8015, 0.0364, 0.5943, -0.0556
18:37:15, 0.83, 25, 286.42, 0.21, 7.53, -0.7990, 0.0378, 0.5977, -0.0537
18:37:15, 0.83, 25, 285.80, 359.97, 7.43, -0.7959, 0.0393, 0.6019, -0.0515
18:37:15, 0.83, 25, 285.29, 359.88, 7.45, -0.7932, 0.0403, 0.6054, -0.0510
18:37:15, 0.87, 26, 284.74, 359.82, 7.50, -0.7903, 0.0412, 0.6092, -0.0508
18:37:15, 0.87, 26, 284.02, 359.82, 7.53, -0.7865, 0.0416, 0.6141, -0.0508
18:37:15, 0.90, 27, 283.43, 359.85, 7.54, -0.7833, 0.0418, 0.6182, -0.0508
18:37:15, 0.90, 27, 282.84, 359.95, 7.53, -0.7801, 0.0413, 0.6222, -0.0511
18:37:15, 0.93, 28, 282.25, 359.95, 7.44, -0.7769, 0.0410, 0.6263, -0.0502
18:37:15, 0.93, 28, 281.76, 0.03, 7.48, -0.7742, 0.0409, 0.6296, -0.0508
18:37:15, 0.93, 28, 281.25, 0.11, 7.52, -0.7713, 0.0408, 0.6331, -0.0513
18:37:15, 0.97, 29, 280.71, 0.22, 7.68, -0.7682, 0.0413, 0.6367, -0.0528
18:37:15, 0.97, 29, 280.18, 0.47, 7.84, -0.7651, 0.0407, 0.6403, -0.0550
18:37:15, 1.00, 30, 279.62, 0.64, 7.93, -0.7618, 0.0404, 0.6441, -0.0564
18:37:15, 1.00, 30, 279.09, 0.84, 8.04, -0.7587, 0.0399, 0.6476, -0.0581
18:37:15, 1.00, 30, 278.58, 1.14, 8.13, -0.7556, 0.0387, 0.6511, -0.0602
18:37:15, 1.03, 31, 278.10, 1.41, 8.15, -0.7528, 0.0373, 0.6543, -0.0617
18:37:15, 1.03, 31, 277.63, 1.44, 8.23, -0.7500, 0.0378, 0.6574, -0.0623
18:37:15, 1.07, 32, 277.16, 1.68, 8.32, -0.7471, 0.0370, 0.6606, -0.0641
18:37:15, 1.07, 32, 276.71, 1.86, 8.45, -0.7443, 0.0369, 0.6635, -0.0658
18:37:15, 1.10, 33, 276.26, 2.06, 8.57, -0.7416, 0.0365, 0.6664, -0.0676
18:37:15, 1.10, 33, 275.80, 2.11, 8.66, -0.7388, 0.0370, 0.6695, -0.0683
18:37:15, 1.10, 33, 275.34, 2.14, 8.75, -0.7360, 0.0376, 0.6724, -0.0689
18:37:15, 1.13, 34, 274.83, 1.96, 8.72, -0.7332, 0.0389, 0.6756, -0.0675
18:37:15, 1.13, 34, 274.40, 2.01, 8.72, -0.7306, 0.0388, 0.6784, -0.0677
18:37:16, 1.17, 35, 273.97, 2.07, 8.72, -0.7280, 0.0386, 0.6811, -0.0679
18:37:16, 1.17, 35, 273.57, 2.22, 8.74, -0.7255, 0.0380, 0.6837, -0.0687
18:37:16, 1.17, 35, 273.19, 2.15, 8.78, -0.7233, 0.0390, 0.6860, -0.0684
18:37:16, 1.20, 36, 272.85, 2.20, 8.88, -0.7211, 0.0395, 0.6882, -0.0693
18:37:16, 1.20, 36, 272.53, 2.20, 8.89, -0.7192, 0.0398, 0.6902, -0.0692
18:37:16, 1.23, 37, 272.17, 2.11, 8.95, -0.7170, 0.0409, 0.6924, -0.0689
18:37:16, 1.23, 37, 271.90, 2.13, 9.04, -0.7153, 0.0415, 0.6941, -0.0695
18:37:16, 1.27, 38, 271.64, 2.15, 9.13, -0.7137, 0.0420, 0.6956, -0.0701
18:37:16, 1.27, 38, 271.40, 2.31, 9.22, -0.7121, 0.0417, 0.6972, -0.0715
18:37:16, 1.27, 38, 271.14, 2.37, 9.27, -0.7104, 0.0419, 0.6988, -0.0721
18:37:16, 1.30, 39, 270.85, 2.41, 9.30, -0.7087, 0.0420, 0.7006, -0.0724
18:37:16, 1.30, 39, 270.54, 2.41, 9.30, -0.7068, 0.0421, 0.7025, -0.0724
18:37:16, 1.33, 40, 270.23, 2.41, 9.38, -0.7048, 0.0428, 0.7044, -0.0727
18:37:16, 1.33, 40, 269.91, 2.40, 9.44, -0.7028, 0.0435, 0.7063, -0.0729
18:37:16, 1.33, 40, 269.51, 2.32, 9.44, -0.7003, 0.0442, 0.7088, -0.0723
18:37:16, 1.37, 41, 269.17, 2.33, 9.44, -0.6983, 0.0444, 0.7108, -0.0722
18:37:16, 1.37, 41, 268.84, 2.35, 9.39, -0.6962, 0.0442, 0.7128, -0.0719
18:37:16, 1.40, 42, 268.53, 2.34, 9.40, -0.6943, 0.0445, 0.7147, -0.0717
18:37:16, 1.40, 42, 268.17, 2.29, 9.35, -0.6921, 0.0447, 0.7169, -0.0710
18:37:16, 1.43, 43, 267.78, 2.28, 9.30, -0.6897, 0.0447, 0.7193, -0.0705
18:37:16, 1.43, 43, 267.44, 2.23, 9.32, -0.6876, 0.0453, 0.7213, -0.0701
18:37:16, 1.43, 43, 267.05, 2.14, 9.35, -0.6851, 0.0463, 0.7236, -0.0696
18:37:16, 1.47, 44, 266.63, 2.03, 9.25, -0.6827, 0.0466, 0.7261, -0.0682
18:37:16, 1.47, 44, 266.32, 1.94, 9.21, -0.6808, 0.0470, 0.7279, -0.0672
18:37:16, 1.50, 45, 265.99, 1.93, 9.20, -0.6787, 0.0472, 0.7299, -0.0670
18:37:16, 1.50, 45, 265.66, 1.89, 9.13, -0.6766, 0.0472, 0.7318, -0.0661
18:37:16, 1.50, 45, 265.31, 1.91, 9.09, -0.6744, 0.0470, 0.7339, -0.0659
18:37:16, 1.53, 46, 264.96, 1.95, 9.07, -0.6721, 0.0468, 0.7360, -0.0659
18:37:16, 1.53, 46, 264.59, 1.96, 9.07, -0.6697, 0.0470, 0.7382, -0.0658
18:37:16, 1.57, 47, 264.23, 1.99, 9.07, -0.6674, 0.0471, 0.7403, -0.0658
18:37:16, 1.57, 47, 263.89, 1.97, 9.04, -0.6653, 0.0472, 0.7422, -0.0654
18:37:16, 1.60, 48, 263.52, 2.04, 9.02, -0.6628, 0.0468, 0.7445, -0.0656
18:37:16, 1.60, 48, 263.14, 2.09, 9.03, -0.6603, 0.0468, 0.7467, -0.0659
18:37:16, 1.60, 48, 262.84, 2.18, 8.97, -0.6583, 0.0460, 0.7484, -0.0660
18:37:16, 1.63, 49, 262.53, 2.20, 8.92, -0.6563, 0.0458, 0.7503, -0.0657
18:37:16, 1.63, 49, 262.19, 2.26, 8.84, -0.6541, 0.0452, 0.7523, -0.0654
18:37:16, 1.67, 50, 261.86, 2.37, 8.75, -0.6519, 0.0441, 0.7542, -0.0656
18:37:16, 1.67, 50, 261.58, 2.35, 8.73, -0.6501, 0.0442, 0.7558, -0.0652
18:37:16, 1.67, 50, 261.33, 2.37, 8.67, -0.6485, 0.0439, 0.7572, -0.0649
18:37:16, 1.70, 51, 261.13, 2.38, 8.60, -0.6472, 0.0435, 0.7584, -0.0645
18:37:16, 1.70, 51, 260.94, 2.41, 8.54, -0.6459, 0.0430, 0.7595, -0.0643
18:37:16, 1.73, 52, 260.72, 2.42, 8.47, -0.6445, 0.0426, 0.7607, -0.0638
18:37:16, 1.73, 52, 260.49, 2.37, 8.40, -0.6431, 0.0425, 0.7620, -0.0631
18:37:16, 1.77, 53, 260.28, 2.34, 8.35, -0.6416, 0.0425, 0.7633, -0.0625
18:37:16, 1.77, 53, 260.06, 2.33, 8.28, -0.6402, 0.0422, 0.7645, -0.0619
18:37:16, 1.77, 53, 259.83, 2.31, 8.19, -0.6388, 0.0419, 0.7658, -0.0612
18:37:16, 1.80, 54, 259.63, 2.28, 8.09, -0.6375, 0.0415, 0.7669, -0.0604
18:37:16, 1.80, 54, 259.44, 2.25, 7.97, -0.6363, 0.0409, 0.7681, -0.0594
18:37:16, 1.83, 55, 259.24, 2.25, 7.83, -0.6351, 0.0401, 0.7692, -0.0586
18:37:16, 1.83, 55, 259.08, 2.25, 7.68, -0.6341, 0.0392, 0.7701, -0.0577
18:37:16, 1.83, 55, 258.91, 2.27, 7.63, -0.6329, 0.0388, 0.7711, -0.0575
18:37:16, 1.87, 56, 258.76, 2.28, 7.55, -0.6320, 0.0383, 0.7719, -0.0571
18:37:16, 1.87, 56, 258.62, 2.31, 7.48, -0.6310, 0.0377, 0.7728, -0.0568
18:37:16, 1.90, 57, 258.51, 2.30, 7.39, -0.6303, 0.0372, 0.7734, -0.0563
18:37:16, 1.90, 57, 258.39, 2.30, 7.31, -0.6295, 0.0368, 0.7741, -0.0558
18:37:16, 1.93, 58, 258.30, 2.30, 7.24, -0.6290, 0.0363, 0.7746, -0.0554
18:37:16, 1.93, 58, 258.19, 2.31, 7.16, -0.6283, 0.0358, 0.7752, -0.0550
18:37:16, 1.93, 58, 258.06, 2.31, 7.07, -0.6274, 0.0353, 0.7760, -0.0545
18:37:16, 1.97, 59, 257.93, 2.29, 7.03, -0.6266, 0.0351, 0.7767, -0.0540
18:37:16, 1.97, 59, 257.78, 2.32, 6.96, -0.6256, 0.0346, 0.7775, -0.0538
18:37:16, 2.00, 60, 257.62, 2.31, 6.89, -0.6245, 0.0342, 0.7784, -0.0534
18:37:16, 2.00, 60, 257.47, 2.28, 6.80, -0.6236, 0.0338, 0.7793, -0.0526
18:37:16, 2.00, 60, 257.35, 2.27, 6.72, -0.6228, 0.0334, 0.7799, -0.0521
18:37:16, 2.03, 61, 257.23, 2.27, 6.62, -0.6220, 0.0328, 0.7806, -0.0515
18:37:16, 2.03, 61, 257.13, 2.29, 6.55, -0.6213, 0.0322, 0.7812, -0.0512
18:37:16, 2.07, 62, 257.04, 2.27, 6.50, -0.6208, 0.0320, 0.7817, -0.0508
18:37:16, 2.07, 62, 256.91, 2.25, 6.45, -0.6199, 0.0318, 0.7824, -0.0503
18:37:16, 2.10, 63, 256.78, 2.21, 6.39, -0.6191, 0.0318, 0.7831, -0.0497
18:37:16, 2.10, 63, 256.67, 2.19, 6.37, -0.6184, 0.0317, 0.7837, -0.0494
18:37:16, 2.10, 63, 256.58, 2.19, 6.34, -0.6177, 0.0316, 0.7842, -0.0492
18:37:16, 2.13, 64, 256.47, 2.18, 6.32, -0.6170, 0.0315, 0.7848, -0.0490
18:37:16, 2.13, 64, 256.38, 2.15, 6.25, -0.6165, 0.0313, 0.7853, -0.0484
18:37:17, 2.17, 65, 256.27, 2.13, 6.18, -0.6157, 0.0309, 0.7859, -0.0479
18:37:17, 2.17, 65, 256.14, 2.08, 6.11, -0.6149, 0.0308, 0.7866, -0.0472
18:37:17, 2.17, 65, 256.04, 2.01, 6.05, -0.6143, 0.0308, 0.7871, -0.0463
18:37:17, 2.20, 66, 255.93, 1.93, 6.04, -0.6135, 0.0312, 0.7877, -0.0457
18:37:17, 2.20, 66, 255.82, 1.83, 6.02, -0.6128, 0.0316, 0.7883, -0.0448
18:37:17, 2.23, 67, 255.73, 1.75, 5.95, -0.6123, 0.0316, 0.7888, -0.0438
18:37:17, 2.23, 67, 255.66, 1.70, 5.87, -0.6118, 0.0313, 0.7892, -0.0431
18:37:17, 2.27, 68, 255.61, 1.67, 5.78, -0.6115, 0.0309, 0.7895, -0.0425
18:37:17, 2.27, 68, 255.51, 1.65, 5.72, -0.6109, 0.0306, 0.7900, -0.0419
18:37:17, 2.27, 68, 255.41, 1.64, 5.70, -0.6102, 0.0306, 0.7905, -0.0417
18:37:17, 2.30, 69, 255.31, 1.59, 5.62, -0.6096, 0.0304, 0.7911, -0.0409
18:37:17, 2.30, 69, 255.24, 1.55, 5.57, -0.6091, 0.0303, 0.7915, -0.0403
18:37:17, 2.33, 70, 255.17, 1.50, 5.49, -0.6087, 0.0300, 0.7919, -0.0396
18:37:17, 2.33, 70, 255.12, 1.40, 5.44, -0.6084, 0.0302, 0.7921, -0.0386
18:37:17, 2.33, 70, 255.07, 1.31, 5.44, -0.6081, 0.0307, 0.7924, -0.0379
18:37:17, 2.37, 71, 255.01, 1.23, 5.43, -0.6077, 0.0311, 0.7927, -0.0374
18:37:17, 2.37, 71, 254.92, 1.19, 5.39, -0.6071, 0.0310, 0.7932, -0.0368
18:37:17, 2.40, 72, 254.85, 1.10, 5.33, -0.6067, 0.0311, 0.7935, -0.0359
18:37:17, 2.40, 72, 254.76, 1.04, 5.30, -0.6061, 0.0312, 0.7940, -0.0353
18:37:17, 2.43, 73, 254.67, 1.00, 5.24, -0.6055, 0.0311, 0.7945, -0.0346
18:37:17, 2.43, 73, 254.57, 0.90, 5.16, -0.6049, 0.0311, 0.7950, -0.0335
18:37:17, 2.43, 73, 254.50, 0.77, 5.08, -0.6045, 0.0312, 0.7954, -0.0322
18:37:17, 2.47, 74, 254.47, 0.62, 4.98, -0.6043, 0.0314, 0.7955, -0.0306
18:37:17, 2.47, 74, 254.46, 0.46, 4.91, -0.6043, 0.0317, 0.7956, -0.0291
18:37:17, 2.50, 75, 254.43, 0.34, 4.80, -0.6042, 0.0316, 0.7957, -0.0277
18:37:17, 2.50, 75, 254.39, 0.18, 4.68, -0.6039, 0.0316, 0.7960, -0.0260
18:37:17, 2.50, 75, 254.40, 0.00, 4.53, -0.6041, 0.0315, 0.7959, -0.0239
18:37:17, 2.53, 76, 254.44, 359.75, 4.40, -0.6045, 0.0319, 0.7957, -0.0215
18:37:17, 2.53, 76, 254.48, 359.43, 4.31, -0.6049, 0.0330, 0.7954, -0.0188
18:37:17, 2.57, 77, 254.57, 359.12, 4.18, -0.6056, 0.0336, 0.7949, -0.0160
18:37:17, 2.57, 77, 254.59, 358.84, 4.04, -0.6058, 0.0342, 0.7948, -0.0133
18:37:17, 2.60, 78, 254.67, 358.58, 3.95, -0.6064, 0.0349, 0.7943, -0.0111
18:37:17, 2.60, 78, 254.70, 358.33, 3.84, -0.6067, 0.0355, 0.7941, -0.0087
18:37:17, 2.60, 78, 254.70, 358.11, 3.74, -0.6067, 0.0359, 0.7941, -0.0067
18:37:17, 2.63, 79, 254.72, 358.00, 3.63, -0.6069, 0.0358, 0.7940, -0.0054
18:37:17, 2.63, 79, 254.71, 357.96, 3.61, -0.6068, 0.0358, 0.7940, -0.0050
18:37:17, 2.67, 80, 254.67, 358.00, 3.66, -0.6065, 0.0359, 0.7943, -0.0055
18:37:17, 2.67, 80, 254.60, 358.31, 3.74, -0.6060, 0.0349, 0.7947, -0.0080
18:37:17, 2.70, 81, 254.51, 358.77, 3.81, -0.6053, 0.0329, 0.7952, -0.0116
18:37:17, 2.70, 81, 254.40, 359.44, 3.88, -0.6044, 0.0299, 0.7960, -0.0166
18:37:17, 2.70, 81, 254.23, 0.19, 3.77, -0.6030, 0.0252, 0.7970, -0.0212
18:37:17, 2.73, 82, 253.98, 0.86, 3.57, -0.6012, 0.0204, 0.7985, -0.0247
18:37:17, 2.73, 82, 253.76, 1.56, 3.39, -0.5995, 0.0155, 0.7997, -0.0286
18:37:17, 2.77, 83, 253.56, 2.27, 3.22, -0.5979, 0.0106, 0.8008, -0.0326
18:37:17, 2.77, 83, 253.38, 2.96, 2.95, -0.5966, 0.0052, 0.8017, -0.0361
18:37:17, 2.77, 83, 253.17, 3.27, 2.86, -0.5950, 0.0030, 0.8028, -0.0378
18:37:17, 2.80, 84, 253.03, 2.94, 2.71, -0.5942, 0.0037, 0.8036, -0.0346
18:37:17, 2.80, 84, 252.84, 2.70, 2.61, -0.5929, 0.0043, 0.8046, -0.0325
18:37:17, 2.83, 85, 252.65, 2.06, 2.49, -0.5918, 0.0069, 0.8056, -0.0273
18:37:17, 2.83, 85, 252.47, 1.69, 2.39, -0.5907, 0.0081, 0.8065, -0.0242
18:37:17, 2.83, 85, 252.34, 1.26, 2.31, -0.5898, 0.0098, 0.8072, -0.0208
18:37:17, 2.87, 86, 252.24, 1.01, 2.24, -0.5892, 0.0106, 0.8077, -0.0186
18:37:17, 2.87, 86, 252.15, 0.97, 2.12, -0.5886, 0.0099, 0.8082, -0.0177
18:37:17, 2.90, 87, 252.05, 0.94, 1.97, -0.5879, 0.0090, 0.8087, -0.0168
18:37:17, 2.90, 87, 252.01, 1.06, 1.78, -0.5877, 0.0072, 0.8089, -0.0166
18:37:17, 2.93, 88, 251.94, 1.28, 1.65, -0.5872, 0.0051, 0.8093, -0.0175
18:37:17, 2.93, 88, 251.89, 1.60, 1.53, -0.5867, 0.0026, 0.8096, -0.0192
18:37:17, 2.93, 88, 251.86, 1.98, 1.41, -0.5865, -0.0001, 0.8097, -0.0212
18:37:17, 2.97, 89, 251.85, 2.42, 1.25, -0.5863, -0.0035, 0.8097, -0.0235
18:37:17, 2.97, 89, 251.77, 2.73, 1.09, -0.5858, -0.0063, 0.8101, -0.0248
18:37:17, 3.00, 90, 251.78, 2.72, 1.02, -0.5859, -0.0067, 0.8100, -0.0245
18:37:17, 3.00, 90, 251.77, 2.72, 0.89, -0.5858, -0.0077, 0.8101, -0.0238
18:37:17, 3.00, 90, 251.77, 2.70, 0.79, -0.5858, -0.0082, 0.8101, -0.0231
18:37:17, 3.03, 91, 251.77, 2.79, 0.78, -0.5858, -0.0088, 0.8100, -0.0237
18:37:17, 3.03, 91, 251.79, 2.81, 0.73, -0.5860, -0.0092, 0.8099, -0.0236
18:37:17, 3.07, 92, 251.82, 2.79, 0.68, -0.5862, -0.0095, 0.8097, -0.0231
18:37:17, 3.07, 92, 251.85, 2.79, 0.66, -0.5865, -0.0097, 0.8096, -0.0231
18:37:17, 3.10, 93, 251.90, 2.78, 0.63, -0.5868, -0.0098, 0.8094, -0.0229
18:37:17, 3.10, 93, 251.90, 2.81, 0.60, -0.5868, -0.0102, 0.8093, -0.0230
18:37:17, 3.10, 93, 251.91, 2.77, 0.57, -0.5869, -0.0102, 0.8093, -0.0225
18:37:17, 3.13, 94, 251.94, 2.74, 0.53, -0.5871, -0.0103, 0.8092, -0.0221
18:37:17, 3.13, 94, 251.95, 2.76, 0.47, -0.5872, -0.0108, 0.8091, -0.0219
18:37:18, 3.17, 95, 251.97, 2.74, 0.46, -0.5873, -0.0108, 0.8090, -0.0217
18:37:18, 3.17, 95, 251.99, 2.71, 0.46, -0.5875, -0.0106, 0.8089, -0.0215
18:37:18, 3.17, 95, 252.02, 2.75, 0.45, -0.5876, -0.0109, 0.8088, -0.0217
18:37:18, 3.20, 96, 252.01, 2.81, 0.49, -0.5876, -0.0109, 0.8088, -0.0224
18:37:18, 3.20, 96, 252.04, 2.87, 0.51, -0.5878, -0.0111, 0.8086, -0.0229
18:37:18, 3.23, 97, 252.07, 2.97, 0.56, -0.5880, -0.0113, 0.8084, -0.0238
18:37:18, 3.23, 97, 252.10, 3.08, 0.62, -0.5882, -0.0114, 0.8083, -0.0249
18:37:18, 3.27, 98, 252.08, 3.21, 0.70, -0.5880, -0.0116, 0.8084, -0.0262
18:37:18, 3.27, 98, 252.03, 3.29, 0.79, -0.5876, -0.0113, 0.8086, -0.0272
18:37:18, 3.27, 98, 251.96, 3.34, 0.88, -0.5870, -0.0109, 0.8090, -0.0281
18:37:18, 3.30, 99, 251.85, 3.35, 1.00, -0.5863, -0.0101, 0.8096, -0.0288
18:37:18, 3.30, 99, 251.73, 3.36, 1.16, -0.5853, -0.0090, 0.8102, -0.0297
18:37:18, 3.33, 100, 251.60, 3.41, 1.30, -0.5844, -0.0082, 0.8109, -0.0307
18:37:18, 3.33, 100, 251.46, 3.46, 1.44, -0.5833, -0.0074, 0.8116, -0.0319
18:37:18, 3.33, 100, 251.36, 3.57, 1.60, -0.5825, -0.0068, 0.8121, -0.0335
18:37:18, 3.37, 101, 251.23, 3.62, 1.76, -0.5816, -0.0059, 0.8127, -0.0346
18:37:18, 3.37, 101, 251.15, 3.71, 1.93, -0.5809, -0.0051, 0.8131, -0.0361
18:37:18, 3.40, 102, 251.03, 3.76, 2.09, -0.5800, -0.0043, 0.8137, -0.0373
18:37:18, 3.40, 102, 250.90, 3.82, 2.24, -0.5790, -0.0034, 0.8144, -0.0384
18:37:18, 3.43, 103, 250.81, 3.82, 2.38, -0.5784, -0.0024, 0.8148, -0.0392
18:37:18, 3.43, 103, 250.70, 3.78, 2.49, -0.5775, -0.0013, 0.8154, -0.0394
18:37:18, 3.43, 103, 250.57, 3.68, 2.61, -0.5766, 0.0000, 0.8161, -0.0393
18:37:18, 3.47, 104, 250.42, 3.59, 2.68, -0.5755, 0.0011, 0.8169, -0.0391
18:37:18, 3.47, 104, 250.26, 3.55, 2.75, -0.5743, 0.0018, 0.8177, -0.0391
18:37:18, 3.50, 105, 250.07, 3.55, 2.83, -0.5730, 0.0025, 0.8186, -0.0395
18:37:18, 3.50, 105, 249.88, 3.49, 2.94, -0.5716, 0.0036, 0.8196, -0.0396
18:37:18, 3.53, 106, 249.69, 3.48, 3.03, -0.5702, 0.0044, 0.8205, -0.0400
18:37:18, 3.53, 106, 249.52, 3.43, 3.15, -0.5690, 0.0055, 0.8214, -0.0403
18:37:18, 3.53, 106, 249.36, 3.39, 3.20, -0.5678, 0.0061, 0.8222, -0.0402
18:37:18, 3.57, 107, 249.21, 3.34, 3.22, -0.5667, 0.0066, 0.8229, -0.0400
18:37:18, 3.57, 107, 249.05, 3.32, 3.22, -0.5657, 0.0067, 0.8237, -0.0398
18:37:18, 3.60, 108, 248.92, 3.27, 3.18, -0.5647, 0.0068, 0.8243, -0.0392
18:37:18, 3.60, 108, 248.83, 3.24, 3.17, -0.5641, 0.0069, 0.8248, -0.0389
18:37:18, 3.60, 108, 248.74, 3.18, 3.16, -0.5635, 0.0071, 0.8252, -0.0384
18:37:18, 3.63, 109, 248.70, 3.13, 3.13, -0.5632, 0.0071, 0.8254, -0.0380
18:37:18, 3.63, 109, 248.68, 3.06, 3.09, -0.5631, 0.0072, 0.8255, -0.0373
18:37:18, 3.67, 110, 248.68, 3.03, 3.05, -0.5632, 0.0071, 0.8255, -0.0368
18:37:18, 3.67, 110, 248.65, 2.99, 3.03, -0.5629, 0.0071, 0.8257, -0.0365
18:37:18, 3.70, 111, 248.61, 2.97, 3.01, -0.5627, 0.0071, 0.8259, -0.0362
18:37:18, 3.70, 111, 248.58, 2.93, 2.96, -0.5625, 0.0069, 0.8260, -0.0357
18:37:18, 3.70, 111, 248.55, 2.91, 2.90, -0.5622, 0.0066, 0.8262, -0.0352
18:37:18, 3.73, 112, 248.53, 2.86, 2.82, -0.5621, 0.0063, 0.8263, -0.0345
18:37:18, 3.73, 112, 248.50, 2.82, 2.79, -0.5620, 0.0062, 0.8264, -0.0340
18:37:18, 3.77, 113, 248.44, 2.80, 2.74, -0.5616, 0.0060, 0.8267, -0.0336
18:37:18, 3.77, 113, 248.35, 2.80, 2.69, -0.5609, 0.0057, 0.8272, -0.0334
18:37:18, 3.77, 113, 248.25, 2.76, 2.64, -0.5602, 0.0056, 0.8277, -0.0329
18:37:18, 3.80, 114, 248.13, 2.77, 2.62, -0.5594, 0.0054, 0.8282, -0.0328
18:37:18, 3.80, 114, 247.98, 2.76, 2.59, -0.5583, 0.0052, 0.8290, -0.0326
18:37:18, 3.83, 115, 247.80, 2.79, 2.53, -0.5570, 0.0047, 0.8298, -0.0325
18:37:18, 3.83, 115, 247.57, 2.81, 2.50, -0.5554, 0.0045, 0.8310, -0.0325
18:37:18, 3.83, 115, 247.38, 2.86, 2.45, -0.5539, 0.0039, 0.8319, -0.0326
18:37:18, 3.87, 116, 247.14, 2.93, 2.41, -0.5522, 0.0034, 0.8330, -0.0329
18:37:18, 3.87, 116, 246.93, 3.00, 2.36, -0.5507, 0.0027, 0.8340, -0.0332
18:37:18, 3.90, 117, 246.70, 3.05, 2.31, -0.5490, 0.0022, 0.8352, -0.0333
18:37:18, 3.90, 117, 246.47, 3.07, 2.28, -0.5473, 0.0020, 0.8362, -0.0333
18:37:18, 3.93, 118, 246.26, 3.10, 2.25, -0.5458, 0.0016, 0.8373, -0.0333
18:37:18, 3.93, 118, 246.07, 3.11, 2.26, -0.5444, 0.0017, 0.8382, -0.0335
18:37:18, 3.93, 118, 245.88, 3.13, 2.27, -0.5430, 0.0018, 0.8390, -0.0337
18:37:18, 3.97, 119, 245.70, 3.13, 2.28, -0.5417, 0.0019, 0.8399, -0.0337
18:37:18, 3.97, 119, 245.52, 3.13, 2.29, -0.5403, 0.0020, 0.8408, -0.0338
18:37:18, 4.00, 120, 245.30, 3.15, 2.27, -0.5388, 0.0019, 0.8418, -0.0338
18:37:18, 4.00, 120, 245.15, 3.14, 2.25, -0.5377, 0.0018, 0.8425, -0.0336
18:37:18, 4.00, 120, 245.00, 3.14, 2.24, -0.5365, 0.0018, 0.8432, -0.0336
18:37:18, 4.03, 121, 244.82, 3.09, 2.23, -0.5352, 0.0020, 0.8441, -0.0332
18:37:18, 4.03, 121, 244.65, 3.05, 2.22, -0.5340, 0.0021, 0.8449, -0.0328
18:37:18, 4.07, 122, 244.45, 3.01, 2.19, -0.5325, 0.0022, 0.8458, -0.0324
18:37:18, 4.07, 122, 244.25, 2.96, 2.19, -0.5311, 0.0025, 0.8467, -0.0320
18:37:18, 4.10, 123, 244.02, 2.97, 2.17, -0.5294, 0.0023, 0.8478, -0.0320
18:37:18, 4.10, 123, 243.81, 2.95, 2.14, -0.5279, 0.0023, 0.8487, -0.0317
18:37:18, 4.10, 123, 243.54, 2.91, 2.12, -0.5258, 0.0024, 0.8500, -0.0313
18:37:18, 4.13, 124, 243.25, 2.85, 2.11, -0.5237, 0.0026, 0.8513, -0.0308
18:37:18, 4.13, 124, 242.93, 2.77, 2.09, -0.5214, 0.0029, 0.8528, -0.0302
18:37:19, 4.17, 125, 242.65, 2.76, 2.04, -0.5193, 0.0027, 0.8541, -0.0298
18:37:19, 4.17, 125, 242.29, 2.76, 2.01, -0.5166, 0.0026, 0.8557, -0.0297
18:37:19, 4.17, 125, 241.90, 2.71, 1.94, -0.5137, 0.0024, 0.8575, -0.0290
18:37:19, 4.20, 126, 241.49, 2.73, 1.92, -0.5107, 0.0022, 0.8593, -0.0290
18:37:19, 4.20, 126, 241.03, 2.62, 1.84, -0.5073, 0.0023, 0.8613, -0.0278
18:37:19, 4.23, 127, 240.49, 2.57, 1.81, -0.5032, 0.0023, 0.8637, -0.0273
18:37:19, 4.23, 127, 239.98, 2.53, 1.82, -0.4993, 0.0027, 0.8660, -0.0271
18:37:19, 4.27, 128, 239.35, 2.47, 1.79, -0.4946, 0.0029, 0.8687, -0.0265
18:37:19, 4.27, 128, 238.64, 2.38, 1.76, -0.4893, 0.0032, 0.8718, -0.0256
18:37:19, 4.27, 128, 237.83, 2.35, 1.74, -0.4831, 0.0034, 0.8752, -0.0253
18:37:19, 4.30, 129, 237.03, 2.28, 1.70, -0.4770, 0.0035, 0.8786, -0.0246
18:37:19, 4.30, 129, 236.10, 2.26, 1.66, -0.4698, 0.0035, 0.8824, -0.0242
18:37:19, 4.33, 130, 235.13, 2.23, 1.57, -0.4624, 0.0032, 0.8863, -0.0236
18:37:19, 4.33, 130, 234.15, 2.19, 1.51, -0.4548, 0.0030, 0.8903, -0.0230
18:37:19, 4.37, 131, 233.17, 2.20, 1.52, -0.4472, 0.0033, 0.8942, -0.0231
18:37:19, 4.37, 131, 232.20, 2.10, 1.52, -0.4396, 0.0038, 0.8979, -0.0223
18:37:19, 4.37, 131, 231.27, 2.13, 1.52, -0.4323, 0.0039, 0.9014, -0.0225
18:37:19, 4.40, 132, 230.38, 2.09, 1.51, -0.4253, 0.0042, 0.9048, -0.0221
18:37:19, 4.40, 132, 229.45, 2.05, 1.52, -0.4180, 0.0045, 0.9082, -0.0218
18:37:19, 4.43, 133, 228.49, 2.06, 1.55, -0.4103, 0.0049, 0.9117, -0.0219
18:37:19, 4.43, 133, 227.58, 2.04, 1.55, -0.4031, 0.0052, 0.9149, -0.0217
18:37:19, 4.43, 133, 226.69, 2.09, 1.59, -0.3960, 0.0055, 0.9180, -0.0222
18:37:19, 4.47, 134, 225.87, 2.11, 1.54, -0.3894, 0.0052, 0.9208, -0.0222
18:37:19, 4.47, 134, 225.00, 2.13, 1.54, -0.3823, 0.0053, 0.9237, -0.0223
18:37:19, 4.50, 135, 224.22, 2.18, 1.53, -0.3761, 0.0053, 0.9263, -0.0226
18:37:19, 4.50, 135, 223.42, 2.26, 1.56, -0.3695, 0.0054, 0.9289, -0.0234
18:37:19, 4.50, 135, 222.67, 2.30, 1.59, -0.3634, 0.0056, 0.9313, -0.0237
18:37:19, 4.53, 136, 221.93, 2.33, 1.62, -0.3574, 0.0060, 0.9336, -0.0240
18:37:19, 4.53, 136, 221.13, 2.34, 1.61, -0.3509, 0.0060, 0.9361, -0.0240
18:37:19, 4.57, 137, 220.34, 2.33, 1.66, -0.3444, 0.0066, 0.9385, -0.0241
18:37:19, 4.57, 137, 219.54, 2.39, 1.64, -0.3378, 0.0064, 0.9409, -0.0245
18:37:19, 4.60, 138, 218.72, 2.42, 1.64, -0.3311, 0.0065, 0.9432, -0.0247
18:37:19, 4.60, 138, 218.00, 2.46, 1.60, -0.3252, 0.0062, 0.9453, -0.0249
18:37:19, 4.60, 138, 217.24, 2.49, 1.60, -0.3189, 0.0063, 0.9474, -0.0251
18:37:19, 4.63, 139, 216.47, 2.62, 1.55, -0.3125, 0.0057, 0.9495, -0.0260
18:37:19, 4.63, 139, 215.73, 2.66, 1.53, -0.3063, 0.0056, 0.9515, -0.0262
18:37:19, 4.67, 140, 214.96, 2.61, 1.53, -0.3000, 0.0058, 0.9536, -0.0257
18:37:19, 4.67, 140, 214.21, 2.63, 1.48, -0.2938, 0.0056, 0.9555, -0.0257
18:37:19, 4.67, 140, 213.46, 2.58, 1.47, -0.2875, 0.0058, 0.9574, -0.0252
18:37:19, 4.70, 141, 212.71, 2.59, 1.44, -0.2812, 0.0057, 0.9593, -0.0252
18:37:19, 4.70, 141, 211.95, 2.63, 1.39, -0.2748, 0.0053, 0.9611, -0.0254
18:37:19, 4.73, 142, 211.21, 2.68, 1.41, -0.2686, 0.0055, 0.9629, -0.0258
18:37:19, 4.73, 142, 210.48, 2.73, 1.40, -0.2625, 0.0055, 0.9646, -0.0261
18:37:19, 4.77, 143, 209.70, 2.70, 1.42, -0.2560, 0.0059, 0.9663, -0.0260
18:37:19, 4.77, 143, 208.90, 2.75, 1.48, -0.2491, 0.0065, 0.9681, -0.0264
18:37:19, 4.77, 143, 208.13, 2.75, 1.48, -0.2426, 0.0067, 0.9697, -0.0264
18:37:19, 4.80, 144, 207.35, 2.75, 1.51, -0.2360, 0.0071, 0.9714, -0.0264
18:37:19, 4.80, 144, 206.59, 2.83, 1.50, -0.2295, 0.0070, 0.9729, -0.0270
18:37:19, 4.83, 145, 205.79, 2.84, 1.54, -0.2228, 0.0076, 0.9745, -0.0272
18:37:19, 4.83, 145, 205.08, 2.88, 1.57, -0.2167, 0.0079, 0.9758, -0.0275
18:37:19, 4.83, 145, 204.26, 2.91, 1.61, -0.2097, 0.0084, 0.9773, -0.0278
18:37:19, 4.87, 146, 203.55, 2.89, 1.59, -0.2036, 0.0084, 0.9786, -0.0275
18:37:19, 4.87, 146, 202.81, 2.91, 1.65, -0.1973, 0.0091, 0.9799, -0.0277
18:37:19, 4.90, 147, 202.08, 2.99, 1.64, -0.1910, 0.0090, 0.9811, -0.0283
18:37:19, 4.90, 147, 201.36, 3.06, 1.68, -0.1848, 0.0095, 0.9823, -0.0290
18:37:19, 4.93, 148, 200.68, 3.19, 1.65, -0.1790, 0.0091, 0.9833, -0.0300
18:37:19, 4.93, 148, 199.97, 3.31, 1.68, -0.1729, 0.0095, 0.9844, -0.0310
18:37:19, 4.93, 148, 199.26, 3.40, 1.63, -0.1668, 0.0090, 0.9854, -0.0317
18:37:19, 4.97, 149, 198.63, 3.51, 1.59, -0.1613, 0.0087, 0.9863, -0.0325
18:37:19, 4.97, 149, 197.94, 3.63, 1.60, -0.1554, 0.0089, 0.9872, -0.0335
18:37:19, 5.00, 150, 197.30, 3.75, 1.54, -0.1499, 0.0084, 0.9881, -0.0344
18:37:19, 5.00, 150, 196.61, 3.86, 1.53, -0.1439, 0.0084, 0.9889, -0.0352
18:37:19, 5.00, 150, 195.94, 4.04, 1.52, -0.1381, 0.0082, 0.9897, -0.0367
18:37:19, 5.03, 151, 195.29, 4.12, 1.50, -0.1324, 0.0082, 0.9905, -0.0374
18:37:19, 5.03, 151, 194.69, 4.28, 1.50, -0.1273, 0.0082, 0.9911, -0.0387
18:37:19, 5.07, 152, 194.14, 4.32, 1.53, -0.1225, 0.0086, 0.9917, -0.0390
18:37:19, 5.07, 152, 193.47, 4.33, 1.51, -0.1167, 0.0087, 0.9924, -0.0390
18:37:19, 5.10, 153, 192.84, 4.41, 1.50, -0.1113, 0.0087, 0.9930, -0.0397
18:37:19, 5.10, 153, 192.17, 4.41, 1.49, -0.1054, 0.0089, 0.9936, -0.0396
18:37:19, 5.10, 153, 191.55, 4.43, 1.54, -0.1000, 0.0094, 0.9941, -0.0398
18:37:19, 5.13, 154, 190.95, 4.42, 1.53, -0.0948, 0.0096, 0.9947, -0.0397
18:37:19, 5.13, 154, 190.30, 4.41, 1.57, -0.0892, 0.0102, 0.9952, -0.0395
18:37:20, 5.17, 155, 189.67, 4.41, 1.56, -0.0837, 0.0104, 0.9957, -0.0395
18:37:20, 5.17, 155, 189.05, 4.40, 1.61, -0.0783, 0.0110, 0.9961, -0.0394
18:37:20, 5.17, 155, 188.43, 4.34, 1.66, -0.0729, 0.0117, 0.9965, -0.0388
18:37:20, 5.20, 156, 187.78, 4.36, 1.68, -0.0672, 0.0120, 0.9969, -0.0389
18:37:20, 5.20, 156, 187.17, 4.33, 1.75, -0.0619, 0.0128, 0.9972, -0.0387
18:37:20, 5.23, 157, 186.58, 4.34, 1.73, -0.0568, 0.0129, 0.9976, -0.0387
18:37:20, 5.23, 157, 185.92, 4.30, 1.80, -0.0510, 0.0137, 0.9979, -0.0383
18:37:20, 5.27, 158, 185.35, 4.28, 1.86, -0.0460, 0.0144, 0.9981, -0.0381
18:37:20, 5.27, 158, 184.68, 4.30, 1.91, -0.0402, 0.0151, 0.9983, -0.0382
18:37:20, 5.27, 158, 184.15, 4.32, 1.93, -0.0356, 0.0155, 0.9985, -0.0383
18:37:20, 5.30, 159, 183.59, 4.35, 1.98, -0.0306, 0.0161, 0.9987, -0.0384
18:37:20, 5.30, 159, 183.03, 4.41, 2.01, -0.0257, 0.0165, 0.9988, -0.0389
18:37:20, 5.33, 160, 182.44, 4.44, 2.05, -0.0206, 0.0171, 0.9989, -0.0391
18:37:20, 5.33, 160, 181.87, 4.47, 2.07, -0.0156, 0.0174, 0.9990, -0.0393
18:37:20, 5.33, 160, 181.35, 4.50, 2.06, -0.0110, 0.0175, 0.9990, -0.0394
18:37:20, 5.37, 161, 180.76, 4.58, 2.05, -0.0059, 0.0176, 0.9990, -0.0400
18:37:20, 5.37, 161, 180.25, 4.62, 2.04, -0.0015, 0.0177, 0.9990, -0.0403
18:37:20, 5.40, 162, 179.69, 4.67, 2.07, 0.0034, 0.0182, 0.9990, -0.0407
18:37:20, 5.40, 162, 179.19, 4.70, 2.04, 0.0078, 0.0181, 0.9990, -0.0409
18:37:20, 5.43, 163, 178.72, 4.67, 2.01, 0.0119, 0.0180, 0.9989, -0.0406
18:37:20, 5.43, 163, 178.23, 4.74, 1.95, 0.0161, 0.0176, 0.9989, -0.0411
18:37:20, 5.43, 163, 177.78, 4.80, 1.92, 0.0201, 0.0176, 0.9988, -0.0415
18:37:20, 5.47, 164, 177.30, 4.80, 1.93, 0.0243, 0.0178, 0.9987, -0.0415
18:37:20, 5.47, 164, 176.91, 4.85, 1.94, 0.0277, 0.0181, 0.9986, -0.0418
18:37:20, 5.50, 165, 176.42, 4.83, 1.91, 0.0319, 0.0180, 0.9985, -0.0416
18:37:20, 5.50, 165, 175.90, 4.85, 1.89, 0.0364, 0.0180, 0.9983, -0.0417
18:37:20, 5.50, 165, 175.38, 4.86, 1.85, 0.0409, 0.0178, 0.9981, -0.0417
18:37:20, 5.53, 166, 174.86, 4.87, 1.83, 0.0455, 0.0179, 0.9979, -0.0417
18:37:20, 5.53, 166, 174.35, 4.86, 1.79, 0.0499, 0.0177, 0.9977, -0.0416
18:37:20, 5.57, 167, 173.79, 4.85, 1.73, 0.0548, 0.0174, 0.9975, -0.0415
18:37:20, 5.57, 167, 173.20, 4.82, 1.63, 0.0598, 0.0167, 0.9972, -0.0411
18:37:20, 5.60, 168, 172.57, 4.79, 1.58, 0.0653, 0.0164, 0.9969, -0.0408
18:37:20, 5.60, 168, 172.01, 4.81, 1.42, 0.0701, 0.0153, 0.9966, -0.0410
18:37:20, 5.60, 168, 171.43, 4.79, 1.37, 0.0752, 0.0150, 0.9962, -0.0408
18:37:20, 5.63, 169, 170.91, 4.77, 1.32, 0.0796, 0.0148, 0.9959, -0.0406
18:37:20, 5.63, 169, 170.39, 4.76, 1.33, 0.0842, 0.0150, 0.9955, -0.0404
18:37:20, 5.67, 170, 169.80, 4.68, 1.32, 0.0893, 0.0151, 0.9951, -0.0397
18:37:20, 5.67, 170, 169.24, 4.54, 1.38, 0.0942, 0.0157, 0.9947, -0.0383
18:37:20, 5.70, 171, 168.57, 4.46, 1.39, 0.0999, 0.0159, 0.9942, -0.0376
18:37:20, 5.70, 171, 167.98, 4.37, 1.34, 0.1050, 0.0156, 0.9937, -0.0367
18:37:20, 5.70, 171, 167.36, 4.37, 1.36, 0.1104, 0.0160, 0.9931, -0.0366
18:37:20, 5.73, 172, 166.74, 4.33, 1.34, 0.1158, 0.0159, 0.9925, -0.0362
18:37:20, 5.73, 172, 166.08, 4.28, 1.41, 0.1216, 0.0168, 0.9918, -0.0356
18:37:20, 5.77, 173, 165.45, 4.28, 1.38, 0.1270, 0.0167, 0.9911, -0.0355
18:37:20, 5.77, 173, 164.75, 4.26, 1.41, 0.1331, 0.0171, 0.9903, -0.0352
18:37:20, 5.77, 173, 164.09, 4.18, 1.40, 0.1387, 0.0171, 0.9896, -0.0345
18:37:20, 5.80, 174, 163.53, 4.17, 1.35, 0.1436, 0.0169, 0.9889, -0.0343
18:37:20, 5.80, 174, 163.00, 4.13, 1.38, 0.1482, 0.0172, 0.9882, -0.0339
18:37:20, 5.83, 175, 162.48, 4.05, 1.40, 0.1526, 0.0174, 0.9876, -0.0330
18:37:20, 5.83, 175, 161.99, 3.97, 1.39, 0.1568, 0.0174, 0.9869, -0.0324
18:37:20, 5.83, 175, 161.49, 3.97, 1.42, 0.1612, 0.0178, 0.9862, -0.0322
18:37:20, 5.87, 176, 161.00, 3.99, 1.45, 0.1654, 0.0183, 0.9855, -0.0323
18:37:20, 5.87, 176, 160.53, 3.97, 1.50, 0.1694, 0.0187, 0.9849, -0.0319
18:37:20, 5.90, 177, 160.13, 3.93, 1.51, 0.1728, 0.0189, 0.9843, -0.0315
18:37:20, 5.90, 177, 159.70, 3.93, 1.58, 0.1766, 0.0196, 0.9836, -0.0313
18:37:20, 5.93, 178, 159.33, 3.95, 1.63, 0.1798, 0.0202, 0.9830, -0.0314
18:37:20, 5.93, 178, 158.97, 3.98, 1.66, 0.1828, 0.0206, 0.9824, -0.0315
18:37:20, 5.93, 178, 158.66, 3.99, 1.70, 0.1855, 0.0210, 0.9819, -0.0315
18:37:20, 5.97, 179, 158.35, 4.04, 1.76, 0.1882, 0.0217, 0.9814, -0.0317
18:37:20, 5.97, 179, 158.02, 4.02, 1.82, 0.1910, 0.0223, 0.9808, -0.0314
18:37:20, 6.00, 180, 157.73, 4.02, 1.87, 0.1935, 0.0227, 0.9803, -0.0312
18:37:20, 6.00, 180, 157.47, 4.01, 1.89, 0.1958, 0.0230, 0.9799, -0.0311
18:37:20, 6.00, 180, 157.20, 4.02, 1.94, 0.1981, 0.0235, 0.9794, -0.0310
18:37:20, 6.03, 181, 156.93, 4.03, 2.01, 0.2004, 0.0242, 0.9789, -0.0309
18:37:20, 6.03, 181, 156.68, 4.06, 2.03, 0.2026, 0.0245, 0.9785, -0.0311
18:37:20, 6.07, 182, 156.41, 4.08, 2.03, 0.2049, 0.0246, 0.9780, -0.0312
18:37:20, 6.07, 182, 156.12, 4.09, 2.05, 0.2074, 0.0249, 0.9774, -0.0312
18:37:20, 6.10, 183, 155.86, 4.08, 2.03, 0.2096, 0.0248, 0.9770, -0.0311
18:37:20, 6.10, 183, 155.56, 4.11, 2.05, 0.2121, 0.0251, 0.9764, -0.0312
18:37:20, 6.10, 183, 155.27, 4.11, 2.07, 0.2146, 0.0253, 0.9759, -0.0312
18:37:20, 6.13, 184, 155.00, 4.11, 2.09, 0.2169, 0.0255, 0.9754, -0.0311
18:37:20, 6.13, 184, 154.74, 4.13, 2.12, 0.2191, 0.0260, 0.9749, -0.0311
18:37:21, 6.17, 185, 154.50, 4.12, 2.14, 0.2212, 0.0261, 0.9744, -0.0309
18:37:21, 6.17, 185, 154.26, 4.10, 2.16, 0.2232, 0.0263, 0.9739, -0.0307
18:37:21, 6.17, 185, 154.02, 4.10, 2.17, 0.2252, 0.0265, 0.9735, -0.0306
18:37:21, 6.20, 186, 153.87, 4.09, 2.24, 0.2265, 0.0271, 0.9732, -0.0303
18:37:21, 6.20, 186, 153.66, 4.06, 2.29, 0.2283, 0.0275, 0.9727, -0.0300
18:37:21, 6.23, 187, 153.44, 4.01, 2.34, 0.2302, 0.0279, 0.9723, -0.0294
18:37:21, 6.23, 187, 153.22, 3.98, 2.35, 0.2320, 0.0280, 0.9719, -0.0291
18:37:21, 6.27, 188, 152.98, 3.96, 2.34, 0.2341, 0.0279, 0.9714, -0.0288
18:37:21, 6.27, 188, 152.74, 3.93, 2.36, 0.2362, 0.0281, 0.9709, -0.0285
18:37:21, 6.27, 188, 152.53, 3.98, 2.38, 0.2380, 0.0284, 0.9704, -0.0288
18:37:21, 6.30, 189, 152.28, 4.02, 2.38, 0.2401, 0.0285, 0.9699, -0.0290
18:37:21, 6.30, 189, 152.06, 4.06, 2.39, 0.2420, 0.0288, 0.9694, -0.0293
18:37:21, 6.33, 190, 151.81, 4.06, 2.37, 0.2440, 0.0287, 0.9689, -0.0293
18:37:21, 6.33, 190, 151.54, 4.15, 2.37, 0.2464, 0.0289, 0.9683, -0.0300
18:37:21, 6.33, 190, 151.32, 4.17, 2.32, 0.2482, 0.0286, 0.9678, -0.0302
18:37:21, 6.37, 191, 151.05, 4.18, 2.33, 0.2504, 0.0288, 0.9672, -0.0302
18:37:21, 6.37, 191, 150.81, 4.17, 2.37, 0.2525, 0.0292, 0.9667, -0.0300
18:37:21, 6.40, 192, 150.58, 4.13, 2.40, 0.2544, 0.0294, 0.9662, -0.0295
18:37:21, 6.40, 192, 150.37, 4.07, 2.43, 0.2562, 0.0296, 0.9657, -0.0289
18:37:21, 6.43, 193, 150.16, 4.06, 2.48, 0.2580, 0.0300, 0.9653, -0.0286
18:37:21, 6.43, 193, 149.98, 4.07, 2.52, 0.2595, 0.0304, 0.9648, -0.0286
18:37:21, 6.43, 193, 149.80, 4.10, 2.56, 0.2610, 0.0309, 0.9644, -0.0287
18:37:21, 6.47, 194, 149.66, 4.12, 2.61, 0.2622, 0.0314, 0.9641, -0.0287
18:37:21, 6.47, 194, 149.50, 4.14, 2.66, 0.2636, 0.0319, 0.9637, -0.0287
18:37:21, 6.50, 195, 149.31, 4.12, 2.70, 0.2652, 0.0322, 0.9632, -0.0285
18:37:21, 6.50, 195, 149.14, 4.12, 2.73, 0.2666, 0.0325, 0.9628, -0.0283
18:37:21, 6.53, 196, 149.00, 4.11, 2.76, 0.2678, 0.0328, 0.9625, -0.0281
18:37:21, 6.53, 196, 148.82, 4.11, 2.78, 0.2693, 0.0330, 0.9621, -0.0280
18:37:21, 6.53, 196, 148.67, 4.12, 2.79, 0.2706, 0.0332, 0.9617, -0.0280
18:37:21, 6.57, 197, 148.50, 4.10, 2.79, 0.2721, 0.0331, 0.9613, -0.0278
18:37:21, 6.57, 197, 148.35, 4.08, 2.75, 0.2733, 0.0328, 0.9610, -0.0277
18:37:21, 6.60, 198, 148.20, 4.01, 2.75, 0.2745, 0.0326, 0.9606, -0.0271
18:37:21, 6.60, 198, 148.07, 3.94, 2.72, 0.2756, 0.0323, 0.9604, -0.0265
18:37:21, 6.60, 198, 147.95, 3.89, 2.74, 0.2766, 0.0323, 0.9601, -0.0261
18:37:21, 6.63, 199, 147.82, 3.85, 2.73, 0.2777, 0.0322, 0.9598, -0.0257
18:37:21, 6.63, 199, 147.70, 3.81, 2.72, 0.2787, 0.0320, 0.9595, -0.0253
18:37:21, 6.67, 200, 147.60, 3.77, 2.68, 0.2795, 0.0317, 0.9593, -0.0251
18:37:21, 6.67, 200, 147.49, 3.73, 2.63, 0.2804, 0.0311, 0.9591, -0.0248
18:37:21, 6.70, 201, 147.36, 3.71, 2.60, 0.2815, 0.0309, 0.9587, -0.0247
18:37:21, 6.70, 201, 147.24, 3.69, 2.60, 0.2824, 0.0308, 0.9585, -0.0245
18:37:21, 6.70, 201, 147.10, 3.63, 2.57, 0.2837, 0.0304, 0.9581, -0.0240
18:37:21, 6.73, 202, 146.95, 3.60, 2.52, 0.2849, 0.0300, 0.9578, -0.0239
18:37:21, 6.73, 202, 146.77, 3.55, 2.50, 0.2864, 0.0298, 0.9574, -0.0235
18:37:21, 6.77, 203, 146.57, 3.52, 2.54, 0.2881, 0.0301, 0.9569, -0.0230
18:37:21, 6.77, 203, 146.37, 3.50, 2.54, 0.2897, 0.0301, 0.9564, -0.0228
18:37:21, 6.77, 203, 146.14, 3.48, 2.56, 0.2916, 0.0302, 0.9558, -0.0225
18:37:21, 6.80, 204, 145.92, 3.46, 2.59, 0.2935, 0.0304, 0.9552, -0.0222
18:37:21, 6.80, 204, 145.70, 3.41, 2.58, 0.2953, 0.0303, 0.9547, -0.0218
18:37:21, 6.83, 205, 145.45, 3.39, 2.63, 0.2974, 0.0307, 0.9540, -0.0215
18:37:21, 6.83, 205, 145.15, 3.38, 2.65, 0.2999, 0.0309, 0.9532, -0.0212
18:37:21, 6.83, 205, 144.86, 3.41, 2.71, 0.3023, 0.0315, 0.9525, -0.0212
18:37:21, 6.87, 206, 144.62, 3.38, 2.77, 0.3043, 0.0320, 0.9518, -0.0207
18:37:21, 6.87, 206, 144.36, 3.40, 2.83, 0.3065, 0.0326, 0.9511, -0.0207
18:37:21, 6.90, 207, 144.08, 3.41, 2.86, 0.3088, 0.0329, 0.9503, -0.0206
18:37:21, 6.90, 207, 143.84, 3.40, 2.90, 0.3108, 0.0333, 0.9497, -0.0204
18:37:21, 6.93, 208, 143.55, 3.37, 3.00, 0.3132, 0.0340, 0.9489, -0.0198
18:37:21, 6.93, 208, 143.21, 3.34, 3.05, 0.3161, 0.0344, 0.9479, -0.0193
18:37:21, 6.93, 208, 142.90, 3.31, 3.11, 0.3186, 0.0349, 0.9470, -0.0188
18:37:21, 6.97, 209, 142.59, 3.30, 3.17, 0.3212, 0.0354, 0.9462, -0.0184
18:37:21, 6.97, 209, 142.29, 3.20, 3.21, 0.3237, 0.0355, 0.9453, -0.0174
18:37:21, 7.00, 210, 142.03, 3.06, 3.24, 0.3258, 0.0354, 0.9447, -0.0160
18:37:21, 7.00, 210, 141.77, 2.86, 3.29, 0.3279, 0.0353, 0.9439, -0.0142
18:37:21, 7.00, 210, 141.58, 2.54, 3.34, 0.3295, 0.0348, 0.9435, -0.0113
18:37:21, 7.03, 211, 141.39, 2.25, 3.42, 0.3309, 0.0346, 0.9430, -0.0087
18:37:21, 7.03, 211, 141.20, 1.97, 3.52, 0.3325, 0.0347, 0.9425, -0.0060
18:37:21, 7.07, 212, 141.01, 1.73, 3.61, 0.3340, 0.0348, 0.9419, -0.0037
18:37:21, 7.07, 212, 140.76, 1.55, 3.72, 0.3360, 0.0351, 0.9412, -0.0019
18:37:21, 7.10, 213, 140.54, 1.37, 3.75, 0.3378, 0.0349, 0.9406, -0.0002
18:37:21, 7.10, 213, 140.35, 1.22, 3.77, 0.3392, 0.0346, 0.9401, 0.0011
18:37:21, 7.10, 213, 140.18, 1.16, 3.80, 0.3407, 0.0346, 0.9395, 0.0018
18:37:21, 7.13, 214, 140.01, 1.15, 3.79, 0.3420, 0.0345, 0.9391, 0.0019
18:37:21, 7.13, 214, 139.83, 1.24, 3.76, 0.3435, 0.0345, 0.9385, 0.0011
18:37:22, 7.17, 215, 139.64, 1.29, 3.78, 0.3451, 0.0349, 0.9379, 0.0008
18:37:22, 7.17, 215, 139.39, 1.31, 3.83, 0.3471, 0.0353, 0.9372, 0.0009
18:37:22, 7.17, 215, 139.15, 1.32, 3.85, 0.3491, 0.0355, 0.9364, 0.0009
18:37:22, 7.20, 216, 138.84, 1.35, 3.86, 0.3516, 0.0356, 0.9355, 0.0009
18:37:22, 7.20, 216, 138.50, 1.36, 3.86, 0.3544, 0.0357, 0.9344, 0.0008
18:37:22, 7.23, 217, 138.16, 1.36, 3.90, 0.3572, 0.0360, 0.9333, 0.0011
18:37:22, 7.23, 217, 137.79, 1.29, 3.87, 0.3602, 0.0356, 0.9322, 0.0017
18:37:22, 7.27, 218, 137.37, 1.27, 3.90, 0.3636, 0.0358, 0.9309, 0.0020
18:37:22, 7.27, 218, 136.92, 1.26, 3.88, 0.3673, 0.0355, 0.9294, 0.0022
18:37:22, 7.27, 218, 136.52, 1.30, 3.81, 0.3705, 0.0351, 0.9282, 0.0018
18:37:22, 7.30, 219, 136.05, 1.33, 3.78, 0.3743, 0.0349, 0.9266, 0.0015
18:37:22, 7.30, 219, 135.57, 1.40, 3.74, 0.3782, 0.0348, 0.9251, 0.0010
18:37:22, 7.33, 220, 135.13, 1.47, 3.69, 0.3818, 0.0346, 0.9236, 0.0004
18:37:22, 7.33, 220, 134.65, 1.61, 3.68, 0.3857, 0.0351, 0.9220, -0.0006
18:37:22, 7.33, 220, 134.15, 1.57, 3.62, 0.3897, 0.0344, 0.9203, -0.0003
18:37:22, 7.37, 221, 133.71, 1.57, 3.60, 0.3933, 0.0343, 0.9188, -0.0002
18:37:22, 7.37, 221, 133.16, 1.59, 3.56, 0.3977, 0.0340, 0.9169, -0.0004
18:37:22, 7.40, 222, 132.67, 1.53, 3.56, 0.4015, 0.0338, 0.9152, 0.0003
18:37:22, 7.40, 222, 132.10, 1.50, 3.55, 0.4061, 0.0336, 0.9132, 0.0007
18:37:22, 7.43, 223, 131.59, 1.42, 3.54, 0.4101, 0.0333, 0.9114, 0.0014
18:37:22, 7.43, 223, 131.05, 1.38, 3.52, 0.4144, 0.0330, 0.9095, 0.0018
18:37:22, 7.43, 223, 130.46, 1.42, 3.50, 0.4191, 0.0329, 0.9073, 0.0016
18:37:22, 7.47, 224, 129.92, 1.34, 3.54, 0.4234, 0.0329, 0.9054, 0.0025
18:37:22, 7.47, 224, 129.32, 1.31, 3.55, 0.4281, 0.0329, 0.9031, 0.0030
18:37:22, 7.50, 225, 128.76, 1.31, 3.56, 0.4325, 0.0330, 0.9010, 0.0031
18:37:22, 7.50, 225, 128.15, 1.34, 3.58, 0.4373, 0.0332, 0.8987, 0.0031
18:37:22, 7.50, 225, 127.55, 1.33, 3.63, 0.4420, 0.0336, 0.8964, 0.0036
18:37:22, 7.53, 226, 126.89, 1.39, 3.61, 0.4471, 0.0335, 0.8938, 0.0032
18:37:22, 7.53, 226, 126.26, 1.35, 3.59, 0.4520, 0.0333, 0.8914, 0.0037
18:37:22, 7.57, 227, 125.65, 1.31, 3.67, 0.4568, 0.0337, 0.8889, 0.0045
18:37:22, 7.57, 227, 125.08, 1.31, 3.67, 0.4612, 0.0337, 0.8866, 0.0047
18:37:22, 7.60, 228, 124.51, 1.36, 3.78, 0.4656, 0.0347, 0.8843, 0.0049
18:37:22, 7.60, 228, 124.01, 1.42, 3.78, 0.4695, 0.0350, 0.8822, 0.0046
18:37:22, 7.60, 228, 123.46, 1.49, 3.80, 0.4737, 0.0354, 0.8800, 0.0043
18:37:22, 7.63, 229, 122.96, 1.50, 3.78, 0.4775, 0.0352, 0.8779, 0.0043
18:37:22, 7.63, 229, 122.46, 1.48, 3.80, 0.4814, 0.0353, 0.8758, 0.0047
18:37:22, 7.67, 230, 121.99, 1.49, 3.79, 0.4850, 0.0352, 0.8738, 0.0047
18:37:22, 7.67, 230, 121.49, 1.46, 3.79, 0.4887, 0.0351, 0.8717, 0.0051
18:37:22, 7.70, 231, 120.96, 1.46, 3.80, 0.4928, 0.0351, 0.8694, 0.0052
18:37:22, 7.70, 231, 120.44, 1.44, 3.76, 0.4967, 0.0347, 0.8672, 0.0054
18:37:22, 7.70, 231, 119.95, 1.44, 3.75, 0.5004, 0.0346, 0.8651, 0.0055
18:37:22, 7.73, 232, 119.34, 1.39, 3.69, 0.5050, 0.0339, 0.8624, 0.0058
18:37:22, 7.73, 232, 118.76, 1.37, 3.64, 0.5094, 0.0334, 0.8599, 0.0059
18:37:22, 7.77, 233, 118.22, 1.31, 3.59, 0.5134, 0.0328, 0.8575, 0.0062
18:37:22, 7.77, 233, 117.62, 1.28, 3.56, 0.5179, 0.0324, 0.8548, 0.0065
18:37:22, 7.77, 233, 117.07, 1.21, 3.56, 0.5220, 0.0320, 0.8523, 0.0072
18:37:22, 7.80, 234, 116.53, 1.27, 3.53, 0.5260, 0.0320, 0.8499, 0.0068
18:37:22, 7.80, 234, 115.95, 1.27, 3.47, 0.5303, 0.0316, 0.8472, 0.0066
18:37:22, 7.83, 235, 115.37, 1.28, 3.53, 0.5346, 0.0320, 0.8445, 0.0070
18:37:22, 7.83, 235, 114.82, 1.38, 3.55, 0.5387, 0.0326, 0.8419, 0.0065
18:37:22, 7.83, 235, 114.33, 1.51, 3.52, 0.5423, 0.0329, 0.8395, 0.0056
18:37:22, 7.87, 236, 113.82, 1.48, 3.47, 0.5460, 0.0324, 0.8371, 0.0057
18:37:22, 7.87, 236, 113.27, 1.52, 3.39, 0.5500, 0.0320, 0.8345, 0.0052
18:37:22, 7.90, 237, 112.79, 1.54, 3.49, 0.5535, 0.0328, 0.8322, 0.0057
18:37:22, 7.90, 237, 112.24, 1.61, 3.59, 0.5575, 0.0338, 0.8295, 0.0058
18:37:22, 7.93, 238, 111.67, 1.42, 3.71, 0.5616, 0.0337, 0.8267, 0.0079
18:37:22, 7.93, 238, 111.23, 1.64, 3.65, 0.5648, 0.0344, 0.8245, 0.0062
18:37:22, 7.93, 238, 110.73, 1.85, 3.64, 0.5684, 0.0353, 0.8220, 0.0048
18:37:22, 7.97, 239, 110.15, 2.07, 3.63, 0.5726, 0.0363, 0.8190, 0.0033
18:37:22, 7.97, 239, 109.63, 2.08, 3.52, 0.5763, 0.0355, 0.8164, 0.0029
18:37:22, 8.00, 240, 109.07, 2.22, 3.52, 0.5803, 0.0363, 0.8136, 0.0021
18:37:22, 8.00, 240, 108.67, 2.46, 3.49, 0.5832, 0.0373, 0.8115, 0.0003
18:37:22, 8.00, 240, 108.20, 2.73, 3.53, 0.5865, 0.0389, 0.8090, -0.0012
18:37:22, 8.03, 241, 107.83, 3.15, 3.60, 0.5891, 0.0416, 0.8070, -0.0037
18:37:22, 8.03, 241, 107.47, 3.05, 3.58, 0.5917, 0.0409, 0.8051, -0.0030
18:37:22, 8.07, 242, 107.11, 2.84, 3.70, 0.5942, 0.0407, 0.8033, -0.0008
18:37:22, 8.07, 242, 106.84, 2.86, 3.84, 0.5961, 0.0418, 0.8019, -0.0001
18:37:22, 8.10, 243, 106.53, 2.88, 3.91, 0.5983, 0.0424, 0.8002, 0.0003
18:37:22, 8.10, 243, 106.17, 2.99, 3.98, 0.6008, 0.0435, 0.7982, 0.0000
18:37:22, 8.10, 243, 105.78, 2.96, 4.02, 0.6035, 0.0436, 0.7962, 0.0006
18:37:22, 8.13, 244, 105.32, 2.90, 4.08, 0.6067, 0.0436, 0.7937, 0.0015
18:37:22, 8.13, 244, 104.89, 2.98, 4.11, 0.6096, 0.0443, 0.7914, 0.0012
18:37:23, 8.17, 245, 104.51, 3.04, 4.21, 0.6123, 0.0453, 0.7893, 0.0015
18:37:23, 8.17, 245, 104.07, 3.08, 4.23, 0.6153, 0.0456, 0.7870, 0.0015
18:37:23, 8.17, 245, 103.67, 3.11, 4.32, 0.6181, 0.0464, 0.7848, 0.0020
18:37:23, 8.20, 246, 103.28, 3.07, 4.31, 0.6207, 0.0461, 0.7827, 0.0023
18:37:23, 8.20, 246, 102.86, 3.06, 4.35, 0.6236, 0.0463, 0.7804, 0.0028
18:37:23, 8.23, 247, 102.46, 3.08, 4.41, 0.6263, 0.0468, 0.7782, 0.0032
18:37:23, 8.23, 247, 102.13, 3.07, 4.45, 0.6286, 0.0470, 0.7763, 0.0035
18:37:23, 8.27, 248, 101.72, 3.02, 4.49, 0.6313, 0.0470, 0.7741, 0.0043
18:37:23, 8.27, 248, 101.40, 3.05, 4.55, 0.6335, 0.0475, 0.7723, 0.0046
18:37:23, 8.27, 248, 101.11, 3.07, 4.57, 0.6354, 0.0478, 0.7707, 0.0047
18:37:23, 8.30, 249, 100.75, 3.12, 4.60, 0.6379, 0.0483, 0.7686, 0.0046
18:37:23, 8.30, 249, 100.50, 3.15, 4.62, 0.6395, 0.0485, 0.7672, 0.0047
18:37:23, 8.33, 250, 100.25, 3.09, 4.65, 0.6412, 0.0484, 0.7658, 0.0053
18:37:23, 8.33, 250, 99.96, 3.05, 4.68, 0.6431, 0.0483, 0.7642, 0.0059
18:37:23, 8.33, 250, 99.73, 3.01, 4.69, 0.6446, 0.0482, 0.7629, 0.0064
18:37:23, 8.37, 251, 99.49, 3.05, 4.74, 0.6462, 0.0487, 0.7616, 0.0064
18:37:23, 8.37, 251, 99.25, 3.05, 4.74, 0.6479, 0.0487, 0.7602, 0.0065
18:37:23, 8.40, 252, 99.03, 3.05, 4.73, 0.6493, 0.0486, 0.7589, 0.0065
18:37:23, 8.40, 252, 98.80, 3.07, 4.73, 0.6508, 0.0487, 0.7576, 0.0065
18:37:23, 8.43, 253, 98.61, 3.04, 4.70, 0.6521, 0.0484, 0.7566, 0.0067
18:37:23, 8.43, 253, 98.42, 3.02, 4.68, 0.6533, 0.0481, 0.7555, 0.0067
18:37:23, 8.43, 253, 98.24, 2.99, 4.65, 0.6545, 0.0477, 0.7545, 0.0068
18:37:23, 8.47, 254, 98.05, 2.96, 4.62, 0.6558, 0.0473, 0.7534, 0.0069
18:37:23, 8.47, 254, 97.84, 3.00, 4.58, 0.6571, 0.0473, 0.7523, 0.0065
18:37:23, 8.50, 255, 97.60, 3.01, 4.53, 0.6587, 0.0470, 0.7509, 0.0063
18:37:23, 8.50, 255, 97.41, 3.02, 4.48, 0.6600, 0.0467, 0.7498, 0.0060
18:37:23, 8.53, 256, 97.19, 3.05, 4.42, 0.6614, 0.0465, 0.7486, 0.0055
18:37:23, 8.53, 256, 96.99, 3.09, 4.37, 0.6628, 0.0464, 0.7474, 0.0051
18:37:23, 8.53, 256, 96.75, 3.11, 4.34, 0.6643, 0.0463, 0.7460, 0.0049
18:37:23, 8.57, 257, 96.50, 3.12, 4.35, 0.6659, 0.0464, 0.7446, 0.0049
18:37:23, 8.57, 257, 96.27, 3.11, 4.33, 0.6674, 0.0462, 0.7432, 0.0050
18:37:23, 8.60, 258, 96.07, 3.08, 4.30, 0.6687, 0.0458, 0.7421, 0.0051
18:37:23, 8.60, 258, 95.88, 3.06, 4.25, 0.6699, 0.0454, 0.7410, 0.0050
18:37:23, 8.60, 258, 95.69, 3.10, 4.25, 0.6712, 0.0456, 0.7399, 0.0049
18:37:23, 8.63, 259, 95.51, 3.14, 4.26, 0.6724, 0.0460, 0.7388, 0.0047
18:37:23, 8.63, 259, 95.30, 3.17, 4.28, 0.6737, 0.0462, 0.7375, 0.0048
18:37:23, 8.67, 260, 95.08, 3.16, 4.28, 0.6751, 0.0461, 0.7363, 0.0049
18:37:23, 8.67, 260, 94.92, 3.12, 4.31, 0.6761, 0.0461, 0.7353, 0.0054
18:37:23, 8.67, 260, 94.75, 3.12, 4.34, 0.6772, 0.0463, 0.7343, 0.0056
18:37:23, 8.70, 261, 94.59, 3.15, 4.36, 0.6782, 0.0465, 0.7334, 0.0056
18:37:23, 8.70, 261, 94.41, 3.22, 4.41, 0.6794, 0.0473, 0.7322, 0.0055
18:37:23, 8.73, 262, 94.24, 3.21, 4.47, 0.6805, 0.0476, 0.7312, 0.0060
18:37:23, 8.73, 262, 94.07, 3.14, 4.53, 0.6816, 0.0476, 0.7302, 0.0069
18:37:23, 8.77, 263, 93.92, 3.09, 4.62, 0.6825, 0.0479, 0.7293, 0.0078
18:37:23, 8.77, 263, 93.79, 2.94, 4.69, 0.6833, 0.0474, 0.7285, 0.0092
18:37:23, 8.77, 263, 93.65, 2.76, 4.76, 0.6842, 0.0467, 0.7277, 0.0108
18:37:23, 8.80, 264, 93.48, 2.42, 4.80, 0.6852, 0.0450, 0.7269, 0.0133
18:37:23, 8.80, 264, 93.31, 2.16, 4.82, 0.6862, 0.0435, 0.7259, 0.0152
18:37:23, 8.83, 265, 93.15, 1.97, 4.85, 0.6872, 0.0425, 0.7250, 0.0166
18:37:23, 8.83, 265, 92.96, 1.75, 4.94, 0.6884, 0.0417, 0.7239, 0.0186
18:37:23, 8.83, 265, 92.79, 1.50, 4.94, 0.6894, 0.0402, 0.7230, 0.0203
18:37:23, 8.87, 266, 92.60, 1.23, 5.03, 0.6905, 0.0392, 0.7219, 0.0225
18:37:23, 8.87, 266, 92.42, 1.15, 5.01, 0.6917, 0.0385, 0.7208, 0.0230
18:37:23, 8.90, 267, 92.26, 1.02, 4.96, 0.6926, 0.0374, 0.7199, 0.0236
18:37:23, 8.90, 267, 92.10, 0.91, 4.89, 0.6936, 0.0362, 0.7190, 0.0239
18:37:23, 8.93, 268, 91.94, 0.81, 4.88, 0.6946, 0.0355, 0.7181, 0.0245
18:37:23, 8.93, 268, 91.83, 0.66, 4.87, 0.6953, 0.0345, 0.7174, 0.0254
18:37:23, 8.93, 268, 91.72, 0.93, 4.89, 0.6960, 0.0363, 0.7167, 0.0239
18:37:23, 8.97, 269, 91.59, 1.25, 4.91, 0.6969, 0.0383, 0.7158, 0.0220
18:37:23, 8.97, 269, 91.41, 1.53, 5.01, 0.6980, 0.0406, 0.7146, 0.0209
18:37:23, 9.00, 270, 91.27, 1.60, 5.04, 0.6989, 0.0412, 0.7137, 0.0207
18:37:23, 9.00, 270, 91.13, 1.84, 5.12, 0.6998, 0.0432, 0.7127, 0.0198
18:37:23, 9.03, 271, 91.01, 2.11, 5.21, 0.7006, 0.0453, 0.7119, 0.0187
18:37:23, 9.03, 271, 90.92, 2.40, 5.25, 0.7012, 0.0473, 0.7112, 0.0172
18:37:23, 9.03, 271, 90.81, 2.54, 5.21, 0.7019, 0.0479, 0.7105, 0.0161
18:37:23, 9.07, 272, 90.65, 2.47, 5.24, 0.7029, 0.0477, 0.7095, 0.0168
18:37:23, 9.07, 272, 90.49, 2.35, 5.29, 0.7039, 0.0472, 0.7085, 0.0179
18:37:23, 9.10, 273, 90.29, 2.25, 5.34, 0.7051, 0.0468, 0.7074, 0.0190
18:37:23, 9.10, 273, 90.07, 2.33, 5.36, 0.7064, 0.0475, 0.7059, 0.0187
18:37:23, 9.10, 273, 89.86, 2.36, 5.37, 0.7077, 0.0477, 0.7046, 0.0186
18:37:23, 9.13, 274, 89.64, 2.44, 5.37, 0.7091, 0.0481, 0.7033, 0.0183
18:37:23, 9.13, 274, 89.44, 2.45, 5.39, 0.7103, 0.0482, 0.7020, 0.0184
18:37:24, 9.17, 275, 89.22, 2.41, 5.38, 0.7117, 0.0480, 0.7006, 0.0187
18:37:24, 9.17, 275, 88.99, 2.39, 5.40, 0.7131, 0.0479, 0.6992, 0.0190
18:37:24, 9.17, 275, 88.77, 2.40, 5.45, 0.7144, 0.0482, 0.6978, 0.0193
18:37:24, 9.20, 276, 88.59, 2.40, 5.48, 0.7155, 0.0484, 0.6967, 0.0196
18:37:24, 9.20, 276, 88.39, 2.36, 5.52, 0.7167, 0.0483, 0.6954, 0.0202
18:37:24, 9.23, 277, 88.22, 2.35, 5.57, 0.7177, 0.0485, 0.6944, 0.0206
18:37:24, 9.23, 277, 88.04, 2.31, 5.61, 0.7188, 0.0485, 0.6932, 0.0212
18:37:24, 9.27, 278, 87.86, 2.25, 5.69, 0.7198, 0.0485, 0.6921, 0.0221
18:37:24, 9.27, 278, 87.70, 2.24, 5.76, 0.7208, 0.0489, 0.6910, 0.0227
18:37:24, 9.27, 278, 87.47, 2.25, 5.81, 0.7221, 0.0492, 0.6896, 0.0230
18:37:24, 9.30, 279, 87.28, 2.26, 5.85, 0.7233, 0.0495, 0.6884, 0.0233
18:37:24, 9.30, 279, 87.12, 2.33, 5.84, 0.7243, 0.0498, 0.6873, 0.0229
18:37:24, 9.33, 280, 86.94, 2.39, 5.90, 0.7253, 0.0505, 0.6862, 0.0230
18:37:24, 9.33, 280, 86.77, 2.50, 5.95, 0.7264, 0.0514, 0.6850, 0.0227
18:37:24, 9.33, 280, 86.58, 2.60, 5.98, 0.7276, 0.0522, 0.6837, 0.0225
18:37:24, 9.37, 281, 86.40, 2.65, 5.99, 0.7286, 0.0526, 0.6825, 0.0223
18:37:24, 9.37, 281, 86.25, 2.67, 5.95, 0.7295, 0.0524, 0.6816, 0.0220
18:37:24, 9.40, 282, 86.13, 2.73, 5.88, 0.7302, 0.0524, 0.6809, 0.0212
18:37:24, 9.40, 282, 86.05, 2.78, 5.83, 0.7308, 0.0524, 0.6803, 0.0207
18:37:24, 9.43, 283, 85.94, 2.84, 5.83, 0.7314, 0.0528, 0.6796, 0.0203
18:37:24, 9.43, 283, 85.87, 2.88, 5.78, 0.7318, 0.0527, 0.6792, 0.0198
18:37:24, 9.43, 283, 85.82, 2.89, 5.73, 0.7321, 0.0525, 0.6789, 0.0194
18:37:24, 9.47, 284, 85.80, 2.95, 5.66, 0.7323, 0.0524, 0.6787, 0.0187
18:37:24, 9.47, 284, 85.78, 2.99, 5.57, 0.7324, 0.0522, 0.6786, 0.0179
18:37:24, 9.50, 285, 85.76, 3.04, 5.49, 0.7326, 0.0521, 0.6785, 0.0171
18:37:24, 9.50, 285, 85.72, 3.07, 5.42, 0.7328, 0.0518, 0.6783, 0.0165
18:37:24, 9.53, 286, 85.67, 3.08, 5.34, 0.7331, 0.0514, 0.6780, 0.0159
18:37:24, 9.53, 286, 85.62, 3.05, 5.27, 0.7334, 0.0507, 0.6777, 0.0157
18:37:24, 9.53, 286, 85.58, 3.03, 5.17, 0.7337, 0.0500, 0.6775, 0.0151
18:37:24, 9.57, 287, 85.56, 3.03, 5.10, 0.7338, 0.0496, 0.6774, 0.0147
18:37:24, 9.57, 287, 85.49, 3.01, 5.03, 0.7342, 0.0490, 0.6770, 0.0144
18:37:24, 9.60, 288, 85.45, 3.00, 4.99, 0.7344, 0.0487, 0.6768, 0.0143
18:37:24, 9.60, 288, 85.38, 3.01, 4.97, 0.7348, 0.0487, 0.6763, 0.0141
18:37:24, 9.60, 288, 85.33, 3.01, 4.94, 0.7352, 0.0485, 0.6760, 0.0139
18:37:24, 9.63, 289, 85.30, 3.02, 4.93, 0.7353, 0.0485, 0.6759, 0.0137
18:37:24, 9.63, 289, 85.30, 3.01, 4.89, 0.7353, 0.0482, 0.6758, 0.0136
18:37:24, 9.67, 290, 85.28, 2.98, 4.86, 0.7355, 0.0478, 0.6757, 0.0136
18:37:24, 9.67, 290, 85.24, 2.98, 4.85, 0.7357, 0.0478, 0.6755, 0.0135
18:37:24, 9.70, 291, 85.23, 2.97, 4.84, 0.7358, 0.0476, 0.6754, 0.0135
18:37:24, 9.70, 291, 85.19, 2.95, 4.86, 0.7360, 0.0476, 0.6752, 0.0138
18:37:24, 9.70, 291, 85.14, 2.99, 4.85, 0.7363, 0.0478, 0.6748, 0.0135
18:37:24, 9.73, 292, 85.08, 2.97, 4.87, 0.7366, 0.0478, 0.6745, 0.0138
18:37:24, 9.73, 292, 85.03, 2.99, 4.88, 0.7369, 0.0480, 0.6741, 0.0138
18:37:24, 9.77, 293, 84.99, 2.98, 4.89, 0.7372, 0.0480, 0.6739, 0.0139
18:37:24, 9.77, 293, 84.91, 2.97, 4.90, 0.7376, 0.0479, 0.6734, 0.0140
18:37:24, 9.77, 293, 84.85, 2.97, 4.95, 0.7380, 0.0482, 0.6730, 0.0144
18:37:24, 9.80, 294, 84.78, 2.96, 4.97, 0.7384, 0.0483, 0.6725, 0.0146
18:37:24, 9.80, 294, 84.67, 2.96, 5.02, 0.7390, 0.0485, 0.6717, 0.0150
18:37:24, 9.83, 295, 84.57, 2.95, 5.04, 0.7396, 0.0486, 0.6711, 0.0153
18:37:24, 9.83, 295, 84.45, 2.96, 5.07, 0.7403, 0.0488, 0.6703, 0.0154
18:37:24, 9.87, 296, 84.32, 2.98, 5.12, 0.7410, 0.0492, 0.6695, 0.0157
18:37:24, 9.87, 296, 84.19, 2.99, 5.15, 0.7418, 0.0494, 0.6686, 0.0159
18:37:24, 9.87, 296, 84.08, 3.00, 5.18, 0.7425, 0.0497, 0.6679, 0.0161
18:37:24, 9.90, 297, 83.95, 3.02, 5.24, 0.7432, 0.0502, 0.6670, 0.0164
18:37:24, 9.90, 297, 83.84, 3.05, 5.30, 0.7439, 0.0506, 0.6662, 0.0166
18:37:24, 9.93, 298, 83.74, 3.08, 5.33, 0.7444, 0.0510, 0.6656, 0.0167
18:37:24, 9.93, 298, 83.64, 3.12, 5.37, 0.7450, 0.0514, 0.6649, 0.0168
18:37:24, 9.93, 298, 83.53, 3.09, 5.38, 0.7456, 0.0513, 0.6642, 0.0170
18:37:24, 9.97, 299, 83.45, 3.06, 5.41, 0.7461, 0.0514, 0.6637, 0.0175
18:37:24, 9.97, 299, 83.35, 3.08, 5.46, 0.7466, 0.0517, 0.6630, 0.0177
