Timestamp, VideoTime, VideoFrame, HeadYaw, HeadPitch, HeadRoll, HeadQuatW, HeadQuatX, HeadQuatY, HeadQuatZ
18:36:41, 0.00, 0, 316.34, 3.31, 2.14, 0.9275, 0.0198, -0.3721, 0.0281
18:36:41, 0.03, 1, 315.93, 3.23, 2.16, 0.9262, 0.0191, -0.3755, 0.0281
18:36:41, 0.03, 1, 315.51, 3.13, 2.14, 0.9249, 0.0182, -0.3789, 0.0276
18:36:41, 0.03, 1, 315.10, 3.04, 2.13, 0.9235, 0.0174, -0.3822, 0.0273
18:36:41, 0.07, 2, 314.70, 2.95, 2.06, 0.9222, 0.0168, -0.3854, 0.0265
18:36:41, 0.07, 2, 314.27, 2.91, 2.03, 0.9208, 0.0165, -0.3888, 0.0262
18:36:41, 0.10, 3, 313.89, 2.84, 1.98, 0.9196, 0.0161, -0.3918, 0.0256
18:36:41, 0.10, 3, 313.48, 2.81, 1.93, 0.9181, 0.0159, -0.3951, 0.0251
18:36:41, 0.10, 3, 313.04, 2.77, 1.90, 0.9167, 0.0156, -0.3986, 0.0248
18:36:41, 0.13, 4, 312.63, 2.73, 1.87, 0.9152, 0.0152, -0.4019, 0.0245
18:36:41, 0.13, 4, 312.14, 2.67, 1.80, 0.9135, 0.0149, -0.4058, 0.0238
18:36:41, 0.17, 5, 311.73, 2.58, 1.78, 0.9121, 0.0141, -0.4091, 0.0234
18:36:41, 0.17, 5, 311.20, 2.49, 1.75, 0.9102, 0.0135, -0.4133, 0.0229
18:36:41, 0.17, 5, 310.72, 2.52, 1.66, 0.9085, 0.0139, -0.4171, 0.0223
18:36:41, 0.20, 6, 310.20, 2.53, 1.60, 0.9066, 0.0142, -0.4212, 0.0220
18:36:41, 0.20, 6, 309.69, 2.53, 1.52, 0.9047, 0.0143, -0.4252, 0.0213
18:36:41, 0.23, 7, 309.16, 2.56, 1.49, 0.9028, 0.0146, -0.4293, 0.0213
18:36:41, 0.23, 7, 308.64, 2.52, 1.46, 0.9008, 0.0143, -0.4335, 0.0210
18:36:41, 0.27, 8, 308.03, 2.44, 1.49, 0.8985, 0.0134, -0.4382, 0.0210
18:36:41, 0.27, 8, 307.48, 2.45, 1.47, 0.8964, 0.0135, -0.4426, 0.0210
18:36:41, 0.27, 8, 306.90, 2.41, 1.42, 0.8942, 0.0133, -0.4471, 0.0204
18:36:41, 0.30, 9, 306.35, 2.44, 1.40, 0.8920, 0.0135, -0.4514, 0.0205
18:36:41, 0.30, 9, 305.75, 2.50, 1.37, 0.8896, 0.0140, -0.4560, 0.0206
18:36:41, 0.33, 10, 305.19, 2.52, 1.32, 0.8874, 0.0142, -0.4604, 0.0204
18:36:41, 0.33, 10, 304.59, 2.48, 1.34, 0.8849, 0.0137, -0.4650, 0.0204
18:36:41, 0.33, 10, 304.05, 2.46, 1.30, 0.8828, 0.0137, -0.4692, 0.0201
18:36:41, 0.37, 11, 303.48, 2.44, 1.30, 0.8804, 0.0133, -0.4735, 0.0201
18:36:41, 0.37, 11, 302.90, 2.43, 1.33, 0.8780, 0.0131, -0.4780, 0.0204
18:36:41, 0.40, 12, 302.37, 2.47, 1.32, 0.8758, 0.0133, -0.4821, 0.0205
18:36:41, 0.40, 12, 301.89, 2.51, 1.37, 0.8737, 0.0133, -0.4857, 0.0211
18:36:41, 0.43, 13, 301.32, 2.57, 1.46, 0.8713, 0.0133, -0.4901, 0.0221
18:36:41, 0.43, 13, 300.78, 2.61, 1.42, 0.8690, 0.0137, -0.4942, 0.0220
18:36:41, 0.43, 13, 300.27, 2.63, 1.46, 0.8668, 0.0135, -0.4980, 0.0225
18:36:41, 0.47, 14, 299.76, 2.60, 1.47, 0.8645, 0.0132, -0.5019, 0.0225
18:36:41, 0.47, 14, 299.30, 2.62, 1.46, 0.8625, 0.0133, -0.5054, 0.0226
18:36:41, 0.50, 15, 298.75, 2.55, 1.50, 0.8601, 0.0125, -0.5095, 0.0226
18:36:41, 0.50, 15, 298.28, 2.46, 1.43, 0.8580, 0.0120, -0.5130, 0.0217
18:36:41, 0.50, 15, 297.79, 2.35, 1.38, 0.8558, 0.0113, -0.5167, 0.0209
18:36:41, 0.53, 16, 297.22, 2.19, 1.35, 0.8533, 0.0102, -0.5209, 0.0200
18:36:41, 0.53, 16, 296.74, 2.10, 1.33, 0.8511, 0.0095, -0.5245, 0.0195
18:36:41, 0.57, 17, 296.18, 1.98, 1.28, 0.8486, 0.0088, -0.5286, 0.0186
18:36:41, 0.57, 17, 295.69, 1.88, 1.24, 0.8464, 0.0082, -0.5322, 0.0179
18:36:41, 0.60, 18, 295.21, 1.79, 1.21, 0.8441, 0.0075, -0.5358, 0.0173
18:36:41, 0.60, 18, 294.74, 1.64, 1.15, 0.8420, 0.0067, -0.5392, 0.0162
18:36:41, 0.60, 18, 294.27, 1.59, 1.12, 0.8398, 0.0063, -0.5427, 0.0157
18:36:41, 0.63, 19, 293.85, 1.53, 1.17, 0.8377, 0.0057, -0.5458, 0.0158
18:36:41, 0.63, 19, 293.35, 1.54, 1.13, 0.8354, 0.0058, -0.5494, 0.0156
18:36:41, 0.67, 20, 292.84, 1.57, 1.23, 0.8329, 0.0055, -0.5532, 0.0165
18:36:41, 0.67, 20, 292.21, 1.47, 1.33, 0.8299, 0.0042, -0.5577, 0.0168
18:36:41, 0.67, 20, 291.48, 1.35, 1.42, 0.8263, 0.0028, -0.5630, 0.0169
18:36:41, 0.70, 21, 290.56, 1.20, 1.46, 0.8218, 0.0014, -0.5696, 0.0164
18:36:41, 0.70, 21, 289.63, 1.10, 1.44, 0.8171, 0.0006, -0.5763, 0.0158
18:36:41, 0.73, 22, 288.62, 1.02, 1.37, 0.8120, 0.0003, -0.5834, 0.0149
18:36:41, 0.73, 22, 287.61, 1.01, 1.35, 0.8068, 0.0002, -0.5906, 0.0147
18:36:41, 0.77, 23, 286.57, 0.89, 1.34, 0.8015, -0.0007, -0.5978, 0.0140
18:36:41, 0.77, 23, 285.52, 0.82, 1.34, 0.7960, -0.0014, -0.6051, 0.0137
18:36:41, 0.77, 23, 284.56, 0.71, 1.34, 0.7909, -0.0023, -0.6118, 0.0130
18:36:41, 0.80, 24, 283.63, 0.60, 1.38, 0.7859, -0.0034, -0.6182, 0.0127
18:36:41, 0.80, 24, 282.69, 0.50, 1.51, 0.7808, -0.0048, -0.6246, 0.0131
18:36:41, 0.83, 25, 281.80, 0.36, 1.55, 0.7760, -0.0061, -0.6306, 0.0124
18:36:41, 0.83, 25, 280.95, 0.17, 1.61, 0.7712, -0.0078, -0.6364, 0.0118
18:36:41, 0.83, 25, 280.13, 0.07, 1.59, 0.7667, -0.0084, -0.6419, 0.0111
18:36:41, 0.87, 26, 279.46, 0.04, 1.61, 0.7629, -0.0088, -0.6463, 0.0109
18:36:41, 0.87, 26, 278.82, 359.93, 1.64, 0.7593, -0.0098, -0.6506, 0.0104
18:36:41, 0.90, 27, 278.31, 359.89, 1.66, 0.7564, -0.0102, -0.6540, 0.0103
18:36:41, 0.90, 27, 277.88, 359.75, 1.64, 0.7540, -0.0110, -0.6568, 0.0094
18:36:41, 0.93, 28, 277.40, 359.75, 1.67, 0.7512, -0.0113, -0.6599, 0.0095
18:36:42, 0.93, 28, 276.95, 359.65, 1.76, 0.7486, -0.0125, -0.6628, 0.0095
18:36:42, 0.93, 28, 276.44, 359.58, 1.90, 0.7457, -0.0138, -0.6661, 0.0099
18:36:42, 0.97, 29, 275.93, 359.58, 2.04, 0.7426, -0.0146, -0.6695, 0.0108
18:36:42, 0.97, 29, 275.36, 359.58, 2.20, 0.7393, -0.0156, -0.6731, 0.0118
18:36:42, 1.00, 30, 274.74, 359.59, 2.39, 0.7356, -0.0167, -0.6771, 0.0129
18:36:42, 1.00, 30, 274.16, 359.60, 2.46, 0.7322, -0.0172, -0.6807, 0.0133
18:36:42, 1.03, 31, 273.49, 359.61, 2.57, 0.7282, -0.0178, -0.6850, 0.0140
18:36:42, 1.03, 31, 272.80, 359.60, 2.57, 0.7241, -0.0179, -0.6894, 0.0138
18:36:42, 1.03, 31, 272.10, 359.59, 2.58, 0.7198, -0.0182, -0.6938, 0.0137
18:36:42, 1.07, 32, 271.32, 359.61, 2.63, 0.7150, -0.0185, -0.6987, 0.0140
18:36:42, 1.07, 32, 270.57, 359.64, 2.67, 0.7104, -0.0187, -0.7034, 0.0144
18:36:42, 1.10, 33, 269.77, 359.62, 2.69, 0.7056, -0.0189, -0.7083, 0.0142
18:36:42, 1.10, 33, 269.06, 359.59, 2.71, 0.7012, -0.0194, -0.7126, 0.0140
18:36:42, 1.10, 33, 268.30, 359.48, 2.72, 0.6964, -0.0202, -0.7173, 0.0132
18:36:42, 1.13, 34, 267.65, 359.50, 2.72, 0.6923, -0.0201, -0.7212, 0.0133
18:36:42, 1.13, 34, 267.04, 359.50, 2.75, 0.6885, -0.0204, -0.7249, 0.0133
18:36:42, 1.17, 35, 266.42, 359.48, 2.71, 0.6846, -0.0203, -0.7285, 0.0129
18:36:42, 1.17, 35, 265.89, 359.55, 2.75, 0.6812, -0.0203, -0.7317, 0.0134
18:36:42, 1.17, 35, 265.34, 359.52, 2.75, 0.6776, -0.0205, -0.7350, 0.0132
18:36:42, 1.20, 36, 264.89, 359.58, 2.72, 0.6748, -0.0200, -0.7376, 0.0133
18:36:42, 1.20, 36, 264.44, 359.65, 2.69, 0.6719, -0.0194, -0.7403, 0.0135
18:36:42, 1.23, 37, 264.02, 359.70, 2.69, 0.6691, -0.0192, -0.7428, 0.0138
18:36:42, 1.23, 37, 263.69, 359.76, 2.65, 0.6669, -0.0186, -0.7447, 0.0139
18:36:42, 1.27, 38, 263.32, 359.76, 2.66, 0.6646, -0.0187, -0.7469, 0.0139
18:36:42, 1.27, 38, 262.99, 359.79, 2.63, 0.6624, -0.0184, -0.7488, 0.0138
18:36:42, 1.27, 38, 262.68, 359.77, 2.59, 0.6604, -0.0183, -0.7506, 0.0134
18:36:42, 1.30, 39, 262.41, 359.80, 2.63, 0.6586, -0.0184, -0.7522, 0.0138
18:36:42, 1.30, 39, 262.12, 359.74, 2.58, 0.6567, -0.0184, -0.7538, 0.0131
18:36:42, 1.33, 40, 261.80, 359.77, 2.56, 0.6546, -0.0182, -0.7556, 0.0131
18:36:42, 1.33, 40, 261.56, 359.75, 2.56, 0.6530, -0.0184, -0.7570, 0.0129
18:36:42, 1.33, 40, 261.25, 359.75, 2.53, 0.6510, -0.0181, -0.7588, 0.0127
18:36:42, 1.37, 41, 260.96, 359.70, 2.49, 0.6491, -0.0183, -0.7604, 0.0121
18:36:42, 1.37, 41, 260.67, 359.68, 2.46, 0.6472, -0.0182, -0.7620, 0.0118
18:36:42, 1.40, 42, 260.35, 359.62, 2.47, 0.6450, -0.0186, -0.7639, 0.0114
18:36:42, 1.40, 42, 260.05, 359.59, 2.46, 0.6430, -0.0188, -0.7655, 0.0111
18:36:42, 1.43, 43, 259.79, 359.56, 2.42, 0.6413, -0.0186, -0.7670, 0.0106
18:36:42, 1.43, 43, 259.52, 359.54, 2.33, 0.6395, -0.0182, -0.7685, 0.0099
18:36:42, 1.43, 43, 259.31, 359.52, 2.28, 0.6381, -0.0180, -0.7697, 0.0095
18:36:42, 1.47, 44, 259.10, 359.49, 2.20, 0.6367, -0.0177, -0.7709, 0.0088
18:36:42, 1.47, 44, 258.89, 359.52, 2.17, 0.6353, -0.0173, -0.7721, 0.0088
18:36:42, 1.50, 45, 258.69, 359.48, 2.15, 0.6339, -0.0174, -0.7732, 0.0084
18:36:42, 1.50, 45, 258.53, 359.50, 2.13, 0.6329, -0.0172, -0.7740, 0.0084
18:36:42, 1.50, 45, 258.35, 359.52, 2.12, 0.6316, -0.0170, -0.7750, 0.0085
18:36:42, 1.53, 46, 258.20, 359.52, 2.05, 0.6306, -0.0165, -0.7759, 0.0080
18:36:42, 1.53, 46, 258.05, 359.56, 2.01, 0.6296, -0.0160, -0.7767, 0.0081
18:36:42, 1.57, 47, 257.89, 359.57, 1.98, 0.6285, -0.0158, -0.7776, 0.0080
18:36:42, 1.57, 47, 257.71, 359.57, 2.00, 0.6273, -0.0159, -0.7786, 0.0080
18:36:42, 1.60, 48, 257.51, 359.56, 2.01, 0.6260, -0.0161, -0.7797, 0.0080
18:36:42, 1.60, 48, 257.33, 359.54, 2.00, 0.6247, -0.0161, -0.7807, 0.0078
18:36:42, 1.60, 48, 257.16, 359.58, 1.96, 0.6236, -0.0157, -0.7816, 0.0078
18:36:42, 1.63, 49, 257.03, 359.61, 1.90, 0.6227, -0.0150, -0.7823, 0.0077
18:36:42, 1.63, 49, 256.91, 359.71, 1.77, 0.6218, -0.0136, -0.7830, 0.0076
18:36:42, 1.67, 50, 256.81, 359.78, 1.70, 0.6212, -0.0128, -0.7835, 0.0077
18:36:42, 1.67, 50, 256.70, 359.87, 1.61, 0.6204, -0.0117, -0.7842, 0.0078
18:36:42, 1.67, 50, 256.65, 359.93, 1.55, 0.6200, -0.0110, -0.7844, 0.0079
18:36:42, 1.70, 51, 256.57, 359.91, 1.56, 0.6195, -0.0112, -0.7849, 0.0078
18:36:42, 1.70, 51, 256.47, 359.90, 1.56, 0.6188, -0.0112, -0.7854, 0.0077
18:36:42, 1.73, 52, 256.37, 359.88, 1.54, 0.6181, -0.0112, -0.7860, 0.0075
18:36:42, 1.73, 52, 256.25, 359.84, 1.60, 0.6173, -0.0119, -0.7866, 0.0075
18:36:42, 1.77, 53, 256.12, 359.75, 1.64, 0.6165, -0.0126, -0.7872, 0.0071
18:36:42, 1.77, 53, 255.95, 359.75, 1.75, 0.6153, -0.0134, -0.7882, 0.0077
18:36:42, 1.77, 53, 255.77, 359.72, 1.83, 0.6140, -0.0141, -0.7891, 0.0079
18:36:42, 1.80, 54, 255.56, 359.64, 1.94, 0.6126, -0.0153, -0.7902, 0.0079
18:36:42, 1.80, 54, 255.33, 359.53, 2.10, 0.6110, -0.0170, -0.7914, 0.0079
18:36:42, 1.83, 55, 255.04, 359.29, 2.30, 0.6090, -0.0197, -0.7929, 0.0073
18:36:42, 1.83, 55, 254.74, 359.12, 2.54, 0.6069, -0.0223, -0.7944, 0.0074
18:36:42, 1.83, 55, 254.54, 359.06, 2.77, 0.6055, -0.0242, -0.7954, 0.0081
18:36:42, 1.87, 56, 254.32, 359.04, 3.03, 0.6040, -0.0261, -0.7965, 0.0093
18:36:42, 1.87, 56, 254.08, 359.12, 3.27, 0.6023, -0.0274, -0.7977, 0.0110
18:36:42, 1.90, 57, 253.82, 359.24, 3.45, 0.6004, -0.0281, -0.7991, 0.0128
18:36:42, 1.90, 57, 253.57, 359.38, 3.65, 0.5987, -0.0287, -0.8004, 0.0148
18:36:42, 1.93, 58, 253.28, 359.55, 3.76, 0.5966, -0.0287, -0.8019, 0.0164
18:36:43, 1.93, 58, 252.99, 359.64, 3.89, 0.5945, -0.0291, -0.8034, 0.0177
18:36:43, 1.93, 58, 252.70, 359.75, 3.93, 0.5925, -0.0289, -0.8049, 0.0186
18:36:43, 1.97, 59, 252.40, 359.87, 3.95, 0.5903, -0.0285, -0.8064, 0.0194
18:36:43, 1.97, 59, 252.07, 0.03, 3.94, 0.5879, -0.0277, -0.8082, 0.0204
18:36:43, 2.00, 60, 251.78, 0.23, 3.92, 0.5858, -0.0265, -0.8097, 0.0217
18:36:43, 2.00, 60, 251.47, 0.37, 3.94, 0.5836, -0.0260, -0.8113, 0.0227
18:36:43, 2.00, 60, 251.12, 0.49, 3.91, 0.5811, -0.0253, -0.8131, 0.0233
18:36:43, 2.03, 61, 250.81, 0.61, 3.88, 0.5789, -0.0245, -0.8147, 0.0239
18:36:43, 2.03, 61, 250.49, 0.69, 3.75, 0.5766, -0.0232, -0.8163, 0.0238
18:36:43, 2.07, 62, 250.22, 0.74, 3.67, 0.5747, -0.0225, -0.8177, 0.0237
18:36:43, 2.07, 62, 249.93, 0.75, 3.63, 0.5726, -0.0222, -0.8192, 0.0235
18:36:43, 2.10, 63, 249.65, 0.78, 3.58, 0.5706, -0.0217, -0.8206, 0.0234
18:36:43, 2.10, 63, 249.29, 0.79, 3.56, 0.5680, -0.0217, -0.8224, 0.0233
18:36:43, 2.10, 63, 248.92, 0.75, 3.61, 0.5654, -0.0222, -0.8242, 0.0232
18:36:43, 2.13, 64, 248.52, 0.72, 3.61, 0.5625, -0.0225, -0.8262, 0.0229
18:36:43, 2.13, 64, 248.12, 0.68, 3.69, 0.5596, -0.0234, -0.8281, 0.0229
18:36:43, 2.17, 65, 247.71, 0.73, 3.75, 0.5566, -0.0236, -0.8301, 0.0235
18:36:43, 2.17, 65, 247.24, 0.76, 3.73, 0.5532, -0.0235, -0.8324, 0.0235
18:36:43, 2.17, 65, 246.77, 0.74, 3.73, 0.5498, -0.0236, -0.8346, 0.0233
18:36:43, 2.20, 66, 246.16, 0.77, 3.74, 0.5453, -0.0237, -0.8376, 0.0234
18:36:43, 2.20, 66, 245.62, 0.78, 3.67, 0.5414, -0.0232, -0.8401, 0.0231
18:36:43, 2.23, 67, 244.99, 0.79, 3.64, 0.5368, -0.0231, -0.8431, 0.0229
18:36:43, 2.23, 67, 244.36, 0.80, 3.64, 0.5321, -0.0232, -0.8461, 0.0228
18:36:43, 2.27, 68, 243.62, 0.82, 3.59, 0.5266, -0.0228, -0.8495, 0.0226
18:36:43, 2.27, 68, 242.81, 0.86, 3.53, 0.5206, -0.0224, -0.8532, 0.0224
18:36:43, 2.27, 68, 242.01, 0.89, 3.50, 0.5147, -0.0222, -0.8568, 0.0224
18:36:43, 2.30, 69, 241.22, 0.97, 3.50, 0.5087, -0.0220, -0.8604, 0.0228
18:36:43, 2.30, 69, 240.33, 1.01, 3.46, 0.5020, -0.0216, -0.8643, 0.0228
18:36:43, 2.33, 70, 239.43, 1.07, 3.38, 0.4952, -0.0210, -0.8682, 0.0227
18:36:43, 2.33, 70, 238.55, 1.11, 3.32, 0.4885, -0.0206, -0.8720, 0.0226
18:36:43, 2.33, 70, 237.64, 1.12, 3.18, 0.4816, -0.0196, -0.8759, 0.0220
18:36:43, 2.37, 71, 236.79, 1.06, 3.15, 0.4751, -0.0198, -0.8794, 0.0213
18:36:43, 2.37, 71, 235.91, 1.05, 3.12, 0.4684, -0.0198, -0.8831, 0.0208
18:36:43, 2.40, 72, 235.09, 0.98, 3.11, 0.4621, -0.0201, -0.8864, 0.0201
18:36:43, 2.40, 72, 234.29, 0.94, 3.09, 0.4558, -0.0203, -0.8896, 0.0196
18:36:43, 2.43, 73, 233.40, 0.79, 3.09, 0.4490, -0.0210, -0.8931, 0.0183
18:36:43, 2.43, 73, 232.60, 0.57, 3.04, 0.4428, -0.0216, -0.8962, 0.0162
18:36:43, 2.43, 73, 231.81, 0.43, 2.97, 0.4367, -0.0216, -0.8992, 0.0147
18:36:43, 2.47, 74, 231.09, 0.14, 2.95, 0.4311, -0.0227, -0.9019, 0.0122
18:36:43, 2.47, 74, 230.40, 0.12, 2.97, 0.4256, -0.0230, -0.9045, 0.0120
18:36:43, 2.50, 75, 229.66, 0.05, 2.94, 0.4198, -0.0231, -0.9073, 0.0112
18:36:43, 2.50, 75, 228.97, 359.83, 3.01, 0.4144, -0.0246, -0.9097, 0.0095
18:36:43, 2.50, 75, 228.41, 359.62, 2.99, 0.4099, -0.0252, -0.9117, 0.0077
18:36:43, 2.53, 76, 227.82, 359.38, 2.95, 0.4052, -0.0258, -0.9138, 0.0055
18:36:43, 2.53, 76, 227.29, 359.19, 2.97, 0.4011, -0.0266, -0.9156, 0.0039
18:36:43, 2.57, 77, 226.69, 358.81, 2.99, 0.3964, -0.0281, -0.9177, 0.0008
18:36:43, 2.57, 77, 226.16, 358.59, 2.92, 0.3922, -0.0283, -0.9195, -0.0013
18:36:43, 2.60, 78, 225.62, 358.32, 2.94, 0.3879, -0.0293, -0.9212, -0.0036
18:36:43, 2.60, 78, 225.05, 358.13, 2.94, 0.3833, -0.0299, -0.9231, -0.0052
18:36:43, 2.60, 78, 224.48, 357.85, 3.02, 0.3787, -0.0315, -0.9249, -0.0074
18:36:43, 2.63, 79, 223.90, 357.75, 3.03, 0.3741, -0.0318, -0.9268, -0.0083
18:36:43, 2.63, 79, 223.22, 357.63, 3.12, 0.3686, -0.0329, -0.9290, -0.0092
18:36:43, 2.67, 80, 222.51, 357.70, 3.26, 0.3628, -0.0338, -0.9312, -0.0084
18:36:43, 2.67, 80, 221.75, 357.65, 3.37, 0.3566, -0.0347, -0.9336, -0.0087
18:36:43, 2.70, 81, 220.90, 357.78, 3.48, 0.3497, -0.0352, -0.9362, -0.0075
18:36:43, 2.70, 81, 219.98, 357.92, 3.60, 0.3422, -0.0357, -0.9389, -0.0063
18:36:43, 2.70, 81, 219.02, 357.95, 3.76, 0.3343, -0.0369, -0.9417, -0.0059
18:36:43, 2.73, 82, 217.97, 358.13, 3.87, 0.3256, -0.0373, -0.9448, -0.0044
18:36:43, 2.73, 82, 216.84, 358.35, 3.89, 0.3162, -0.0367, -0.9480, -0.0029
18:36:43, 2.77, 83, 215.69, 358.48, 3.96, 0.3067, -0.0370, -0.9511, -0.0020
18:36:43, 2.77, 83, 214.54, 358.95, 3.96, 0.2970, -0.0357, -0.9542, 0.0015
18:36:43, 2.77, 83, 213.39, 359.17, 3.87, 0.2874, -0.0344, -0.9572, 0.0027
18:36:43, 2.80, 84, 212.28, 359.51, 3.62, 0.2779, -0.0315, -0.9601, 0.0047
18:36:43, 2.80, 84, 211.22, 359.70, 3.46, 0.2691, -0.0298, -0.9626, 0.0056
18:36:43, 2.83, 85, 210.21, 359.62, 3.33, 0.2606, -0.0289, -0.9650, 0.0044
18:36:43, 2.83, 85, 209.29, 359.50, 3.20, 0.2528, -0.0281, -0.9671, 0.0029
18:36:43, 2.83, 85, 208.43, 359.50, 3.15, 0.2456, -0.0278, -0.9690, 0.0025
18:36:43, 2.87, 86, 207.60, 359.47, 3.11, 0.2385, -0.0275, -0.9707, 0.0020
18:36:43, 2.87, 86, 206.77, 359.40, 3.12, 0.2315, -0.0277, -0.9724, 0.0012
18:36:43, 2.90, 87, 206.01, 359.23, 3.15, 0.2251, -0.0283, -0.9739, -0.0003
18:36:43, 2.90, 87, 205.30, 359.04, 3.13, 0.2192, -0.0285, -0.9753, -0.0022
18:36:43, 2.93, 88, 204.59, 358.77, 3.27, 0.2131, -0.0301, -0.9766, -0.0044
18:36:44, 2.93, 88, 203.69, 358.65, 3.27, 0.2055, -0.0304, -0.9782, -0.0056
18:36:44, 2.93, 88, 202.83, 358.38, 3.38, 0.1982, -0.0317, -0.9796, -0.0080
18:36:44, 2.97, 89, 202.00, 358.25, 3.40, 0.1912, -0.0320, -0.9810, -0.0093
18:36:44, 2.97, 89, 201.16, 358.09, 3.36, 0.1840, -0.0319, -0.9823, -0.0110
18:36:44, 3.00, 90, 200.18, 357.78, 3.32, 0.1756, -0.0319, -0.9838, -0.0140
18:36:44, 3.00, 90, 199.13, 357.39, 3.33, 0.1667, -0.0325, -0.9853, -0.0176
18:36:44, 3.03, 91, 198.02, 356.85, 3.19, 0.1572, -0.0318, -0.9868, -0.0227
18:36:44, 3.03, 91, 196.93, 356.45, 3.11, 0.1479, -0.0314, -0.9881, -0.0266
18:36:44, 3.03, 91, 195.89, 355.83, 3.04, 0.1391, -0.0313, -0.9893, -0.0324
18:36:44, 3.07, 92, 194.84, 355.08, 3.00, 0.1301, -0.0315, -0.9902, -0.0392
18:36:44, 3.07, 92, 193.93, 354.32, 2.98, 0.1224, -0.0318, -0.9909, -0.0460
18:36:44, 3.10, 93, 193.04, 353.59, 2.94, 0.1148, -0.0318, -0.9915, -0.0527
18:36:44, 3.10, 93, 192.20, 352.94, 3.02, 0.1076, -0.0327, -0.9919, -0.0584
18:36:44, 3.10, 93, 191.37, 352.34, 3.10, 0.1006, -0.0334, -0.9923, -0.0638
18:36:44, 3.13, 94, 190.51, 351.84, 3.22, 0.0933, -0.0344, -0.9927, -0.0682
18:36:44, 3.13, 94, 189.62, 351.49, 3.30, 0.0857, -0.0348, -0.9931, -0.0715
18:36:44, 3.17, 95, 188.74, 351.26, 3.44, 0.0782, -0.0356, -0.9936, -0.0736
18:36:44, 3.17, 95, 187.81, 351.02, 3.58, 0.0703, -0.0364, -0.9940, -0.0760
18:36:44, 3.20, 96, 186.90, 350.87, 3.59, 0.0624, -0.0359, -0.9944, -0.0775
18:36:44, 3.20, 96, 185.97, 350.77, 3.64, 0.0545, -0.0358, -0.9948, -0.0787
18:36:44, 3.20, 96, 185.04, 350.68, 3.72, 0.0465, -0.0359, -0.9951, -0.0797
18:36:44, 3.23, 97, 184.20, 350.50, 3.85, 0.0392, -0.0365, -0.9952, -0.0815
18:36:44, 3.23, 97, 183.36, 350.41, 3.96, 0.0321, -0.0368, -0.9954, -0.0825
18:36:44, 3.27, 98, 182.54, 350.35, 4.10, 0.0251, -0.0375, -0.9955, -0.0833
18:36:44, 3.27, 98, 181.70, 350.20, 4.32, 0.0180, -0.0388, -0.9955, -0.0847
18:36:44, 3.27, 98, 180.84, 349.98, 4.43, 0.0107, -0.0392, -0.9954, -0.0870
18:36:44, 3.30, 99, 179.98, 349.78, 4.43, 0.0033, -0.0385, -0.9953, -0.0890
18:36:44, 3.30, 99, 179.19, 349.46, 4.45, -0.0035, -0.0380, -0.9950, -0.0920
18:36:44, 3.33, 100, 178.41, 349.20, 4.48, -0.0101, -0.0376, -0.9948, -0.0946
18:36:44, 3.33, 100, 177.54, 349.01, 4.63, -0.0175, -0.0381, -0.9944, -0.0965
18:36:44, 3.33, 100, 176.66, 348.81, 4.76, -0.0249, -0.0385, -0.9941, -0.0986
18:36:44, 3.37, 101, 175.85, 348.52, 4.87, -0.0317, -0.0386, -0.9936, -0.1014
18:36:44, 3.37, 101, 175.03, 348.32, 5.01, -0.0386, -0.0390, -0.9931, -0.1035
18:36:44, 3.40, 102, 174.22, 348.03, 5.07, -0.0454, -0.0387, -0.9925, -0.1062
18:36:44, 3.40, 102, 173.46, 347.68, 5.20, -0.0518, -0.0389, -0.9919, -0.1096
18:36:44, 3.43, 103, 172.68, 347.34, 5.29, -0.0583, -0.0388, -0.9911, -0.1128
18:36:44, 3.43, 103, 171.93, 347.04, 5.30, -0.0646, -0.0379, -0.9905, -0.1157
18:36:44, 3.43, 103, 171.25, 346.78, 5.39, -0.0703, -0.0378, -0.9898, -0.1182
18:36:44, 3.47, 104, 170.58, 346.60, 5.45, -0.0759, -0.0375, -0.9892, -0.1200
18:36:44, 3.47, 104, 169.90, 346.45, 5.50, -0.0817, -0.0371, -0.9885, -0.1216
18:36:44, 3.50, 105, 169.21, 346.25, 5.59, -0.0875, -0.0370, -0.9878, -0.1236
18:36:44, 3.50, 105, 168.51, 346.09, 5.64, -0.0933, -0.0365, -0.9871, -0.1253
18:36:44, 3.50, 105, 167.92, 346.08, 5.69, -0.0983, -0.0363, -0.9865, -0.1255
18:36:44, 3.53, 106, 167.26, 345.98, 5.79, -0.1038, -0.0363, -0.9858, -0.1267
18:36:44, 3.53, 106, 166.64, 345.92, 5.89, -0.1091, -0.0364, -0.9851, -0.1275
18:36:44, 3.57, 107, 166.02, 345.92, 5.97, -0.1143, -0.0364, -0.9845, -0.1278
18:36:44, 3.57, 107, 165.37, 345.88, 6.00, -0.1198, -0.0359, -0.9838, -0.1283
18:36:44, 3.60, 108, 164.72, 345.76, 6.11, -0.1252, -0.0359, -0.9830, -0.1297
18:36:44, 3.60, 108, 164.06, 345.67, 6.20, -0.1307, -0.0359, -0.9821, -0.1308
18:36:44, 3.60, 108, 163.35, 345.62, 6.37, -0.1366, -0.0364, -0.9812, -0.1316
18:36:44, 3.63, 109, 162.71, 345.56, 6.47, -0.1419, -0.0364, -0.9803, -0.1324
18:36:44, 3.63, 109, 162.10, 345.65, 6.51, -0.1471, -0.0363, -0.9796, -0.1320
18:36:44, 3.67, 110, 161.49, 345.65, 6.56, -0.1523, -0.0360, -0.9788, -0.1322
18:36:44, 3.67, 110, 160.92, 345.78, 6.52, -0.1573, -0.0351, -0.9782, -0.1313
18:36:44, 3.67, 110, 160.37, 345.95, 6.47, -0.1621, -0.0344, -0.9776, -0.1299
18:36:44, 3.70, 111, 159.84, 346.03, 6.46, -0.1667, -0.0338, -0.9769, -0.1293
18:36:44, 3.70, 111, 159.24, 346.20, 6.44, -0.1719, -0.0332, -0.9762, -0.1280
18:36:44, 3.73, 112, 158.63, 346.47, 6.50, -0.1773, -0.0335, -0.9755, -0.1260
18:36:44, 3.73, 112, 157.99, 346.56, 6.55, -0.1827, -0.0334, -0.9746, -0.1255
18:36:44, 3.77, 113, 157.37, 346.67, 6.57, -0.1880, -0.0331, -0.9737, -0.1247
18:36:44, 3.77, 113, 156.78, 346.93, 6.59, -0.1932, -0.0331, -0.9729, -0.1228
18:36:44, 3.77, 113, 156.11, 347.15, 6.63, -0.1990, -0.0331, -0.9719, -0.1212
18:36:44, 3.80, 114, 155.54, 347.42, 6.67, -0.2040, -0.0334, -0.9711, -0.1192
18:36:44, 3.80, 114, 154.87, 347.62, 6.70, -0.2098, -0.0333, -0.9701, -0.1177
18:36:44, 3.83, 115, 154.33, 347.76, 6.68, -0.2144, -0.0329, -0.9692, -0.1166
18:36:44, 3.83, 115, 153.72, 347.91, 6.60, -0.2198, -0.0318, -0.9682, -0.1154
18:36:44, 3.83, 115, 153.14, 348.09, 6.60, -0.2248, -0.0316, -0.9672, -0.1140
18:36:44, 3.87, 116, 152.52, 348.25, 6.67, -0.2301, -0.0319, -0.9661, -0.1130
18:36:44, 3.87, 116, 151.94, 348.52, 6.62, -0.2352, -0.0315, -0.9651, -0.1108
18:36:44, 3.90, 117, 151.36, 348.77, 6.68, -0.2402, -0.0320, -0.9641, -0.1090
18:36:44, 3.90, 117, 150.79, 349.01, 6.64, -0.2452, -0.0317, -0.9630, -0.1070
18:36:44, 3.93, 118, 150.22, 349.10, 6.65, -0.2501, -0.0314, -0.9618, -0.1065
18:36:45, 3.93, 118, 149.68, 349.11, 6.63, -0.2546, -0.0308, -0.9607, -0.1065
18:36:45, 3.93, 118, 149.16, 349.21, 6.55, -0.2591, -0.0299, -0.9596, -0.1056
18:36:45, 3.97, 119, 148.63, 349.23, 6.41, -0.2637, -0.0282, -0.9584, -0.1053
18:36:45, 3.97, 119, 148.18, 349.33, 6.31, -0.2676, -0.0272, -0.9575, -0.1043
18:36:45, 4.00, 120, 147.73, 349.38, 6.17, -0.2715, -0.0258, -0.9565, -0.1037
18:36:45, 4.00, 120, 147.28, 349.49, 6.03, -0.2755, -0.0245, -0.9555, -0.1025
18:36:45, 4.00, 120, 146.81, 349.59, 5.96, -0.2795, -0.0237, -0.9545, -0.1016
18:36:45, 4.03, 121, 146.28, 349.77, 5.94, -0.2841, -0.0235, -0.9533, -0.1002
18:36:45, 4.03, 121, 145.89, 349.92, 5.77, -0.2876, -0.0222, -0.9524, -0.0986
18:36:45, 4.07, 122, 145.37, 350.12, 5.72, -0.2921, -0.0218, -0.9512, -0.0969
18:36:45, 4.07, 122, 144.84, 350.39, 5.71, -0.2966, -0.0221, -0.9500, -0.0948
18:36:45, 4.10, 123, 144.29, 350.63, 5.75, -0.3013, -0.0226, -0.9487, -0.0930
18:36:45, 4.10, 123, 143.67, 350.81, 5.87, -0.3065, -0.0236, -0.9471, -0.0919
18:36:45, 4.10, 123, 143.08, 351.06, 5.99, -0.3114, -0.0248, -0.9457, -0.0903
18:36:45, 4.13, 124, 142.42, 351.33, 6.14, -0.3169, -0.0262, -0.9440, -0.0886
18:36:45, 4.13, 124, 141.77, 351.71, 6.26, -0.3224, -0.0278, -0.9423, -0.0860
18:36:45, 4.17, 125, 141.03, 352.16, 6.32, -0.3287, -0.0290, -0.9404, -0.0827
18:36:45, 4.17, 125, 140.34, 352.54, 6.46, -0.3346, -0.0308, -0.9385, -0.0801
18:36:45, 4.17, 125, 139.60, 352.99, 6.45, -0.3409, -0.0316, -0.9364, -0.0767
18:36:45, 4.20, 126, 138.82, 353.38, 6.45, -0.3475, -0.0323, -0.9342, -0.0738
18:36:45, 4.20, 126, 138.05, 353.78, 6.31, -0.3541, -0.0319, -0.9320, -0.0702
18:36:45, 4.23, 127, 137.25, 354.23, 6.17, -0.3609, -0.0317, -0.9297, -0.0664
18:36:45, 4.23, 127, 136.46, 354.68, 6.03, -0.3677, -0.0316, -0.9273, -0.0625
18:36:45, 4.27, 128, 135.63, 355.16, 5.93, -0.3747, -0.0319, -0.9247, -0.0586
18:36:45, 4.27, 128, 134.81, 355.64, 5.75, -0.3817, -0.0317, -0.9221, -0.0543
18:36:45, 4.27, 128, 133.99, 356.15, 5.62, -0.3886, -0.0320, -0.9195, -0.0501
18:36:45, 4.30, 129, 133.20, 356.61, 5.44, -0.3952, -0.0318, -0.9169, -0.0460
18:36:45, 4.30, 129, 132.31, 356.94, 5.30, -0.4025, -0.0315, -0.9138, -0.0430
18:36:45, 4.33, 130, 131.54, 357.35, 5.14, -0.4089, -0.0314, -0.9112, -0.0395
18:36:45, 4.33, 130, 130.76, 357.76, 4.94, -0.4154, -0.0310, -0.9084, -0.0357
18:36:45, 4.33, 130, 130.04, 358.12, 4.76, -0.4212, -0.0308, -0.9059, -0.0324
18:36:45, 4.37, 131, 129.28, 358.41, 4.71, -0.4274, -0.0312, -0.9030, -0.0301
18:36:45, 4.37, 131, 128.53, 358.61, 4.62, -0.4334, -0.0311, -0.9002, -0.0284
18:36:45, 4.40, 132, 127.74, 358.83, 4.59, -0.4396, -0.0314, -0.8972, -0.0268
18:36:45, 4.40, 132, 126.97, 359.04, 4.57, -0.4458, -0.0319, -0.8942, -0.0252
18:36:45, 4.43, 133, 126.23, 359.23, 4.55, -0.4516, -0.0324, -0.8913, -0.0239
18:36:45, 4.43, 133, 125.44, 359.35, 4.56, -0.4578, -0.0327, -0.8881, -0.0233
18:36:45, 4.43, 133, 124.64, 359.42, 4.52, -0.4640, -0.0326, -0.8849, -0.0228
18:36:45, 4.47, 134, 123.80, 359.35, 4.52, -0.4705, -0.0321, -0.8815, -0.0236
18:36:45, 4.47, 134, 123.01, 359.17, 4.53, -0.4765, -0.0313, -0.8783, -0.0252
18:36:45, 4.50, 135, 122.17, 359.09, 4.57, -0.4828, -0.0311, -0.8748, -0.0262
18:36:45, 4.50, 135, 121.42, 359.01, 4.59, -0.4885, -0.0307, -0.8716, -0.0272
18:36:45, 4.50, 135, 120.60, 358.83, 4.66, -0.4946, -0.0303, -0.8681, -0.0290
18:36:45, 4.53, 136, 119.72, 358.67, 4.85, -0.5012, -0.0308, -0.8642, -0.0313
18:36:45, 4.53, 136, 118.90, 358.47, 5.04, -0.5073, -0.0311, -0.8606, -0.0339
18:36:45, 4.57, 137, 118.00, 358.37, 5.15, -0.5139, -0.0312, -0.8565, -0.0353
18:36:45, 4.57, 137, 117.15, 358.21, 5.27, -0.5202, -0.0311, -0.8527, -0.0373
18:36:45, 4.60, 138, 116.32, 358.12, 5.42, -0.5262, -0.0315, -0.8489, -0.0389
18:36:45, 4.60, 138, 115.43, 357.90, 5.52, -0.5327, -0.0309, -0.8448, -0.0411
18:36:45, 4.60, 138, 114.58, 357.67, 5.62, -0.5388, -0.0303, -0.8408, -0.0436
18:36:45, 4.63, 139, 113.71, 357.50, 5.68, -0.5450, -0.0296, -0.8367, -0.0453
18:36:45, 4.63, 139, 112.92, 357.36, 5.73, -0.5507, -0.0289, -0.8329, -0.0468
18:36:45, 4.67, 140, 112.05, 357.17, 5.73, -0.5569, -0.0277, -0.8287, -0.0484
18:36:45, 4.67, 140, 111.32, 357.13, 5.77, -0.5621, -0.0274, -0.8251, -0.0490
18:36:45, 4.67, 140, 110.62, 356.99, 5.76, -0.5672, -0.0263, -0.8217, -0.0502
18:36:45, 4.70, 141, 109.92, 356.87, 5.73, -0.5721, -0.0252, -0.8182, -0.0510
18:36:45, 4.70, 141, 109.27, 356.71, 5.70, -0.5766, -0.0240, -0.8150, -0.0522
18:36:45, 4.73, 142, 108.63, 356.65, 5.67, -0.5812, -0.0231, -0.8117, -0.0526
18:36:45, 4.73, 142, 108.02, 356.57, 5.68, -0.5855, -0.0225, -0.8086, -0.0533
18:36:45, 4.77, 143, 107.42, 356.50, 5.68, -0.5896, -0.0219, -0.8056, -0.0539
18:36:45, 4.77, 143, 106.81, 356.47, 5.70, -0.5939, -0.0216, -0.8024, -0.0543
18:36:45, 4.77, 143, 106.24, 356.51, 5.79, -0.5979, -0.0221, -0.7994, -0.0546
18:36:45, 4.80, 144, 105.60, 356.57, 5.80, -0.6023, -0.0222, -0.7961, -0.0544
18:36:45, 4.80, 144, 105.01, 356.72, 5.87, -0.6065, -0.0232, -0.7929, -0.0539
18:36:45, 4.83, 145, 104.35, 356.74, 5.93, -0.6110, -0.0234, -0.7894, -0.0542
18:36:45, 4.83, 145, 103.79, 356.88, 5.99, -0.6149, -0.0243, -0.7864, -0.0536
18:36:45, 4.83, 145, 103.16, 356.96, 6.01, -0.6193, -0.0246, -0.7830, -0.0533
18:36:45, 4.87, 146, 102.55, 357.01, 6.07, -0.6234, -0.0250, -0.7797, -0.0534
18:36:45, 4.87, 146, 101.97, 357.07, 6.03, -0.6274, -0.0248, -0.7765, -0.0529
18:36:45, 4.90, 147, 101.31, 357.17, 6.07, -0.6319, -0.0253, -0.7728, -0.0526
18:36:45, 4.90, 147, 100.72, 357.25, 6.10, -0.6359, -0.0257, -0.7696, -0.0524
18:36:45, 4.93, 148, 100.19, 357.32, 6.14, -0.6395, -0.0261, -0.7666, -0.0523
18:36:46, 4.93, 148, 99.61, 357.40, 6.19, -0.6434, -0.0266, -0.7633, -0.0521
18:36:46, 4.93, 148, 99.08, 357.44, 6.17, -0.6469, -0.0265, -0.7603, -0.0518
18:36:46, 4.97, 149, 98.59, 357.54, 6.18, -0.6502, -0.0268, -0.7576, -0.0514
18:36:46, 4.97, 149, 98.12, 357.60, 6.14, -0.6534, -0.0267, -0.7549, -0.0509
18:36:46, 5.00, 150, 97.65, 357.67, 6.12, -0.6565, -0.0268, -0.7522, -0.0504
18:36:46, 5.00, 150, 97.19, 357.68, 6.15, -0.6595, -0.0269, -0.7495, -0.0506
18:36:46, 5.03, 151, 96.74, 357.74, 6.16, -0.6624, -0.0271, -0.7469, -0.0504
18:36:46, 5.03, 151, 96.38, 357.85, 6.15, -0.6648, -0.0275, -0.7449, -0.0497
18:36:46, 5.03, 151, 95.95, 357.98, 6.09, -0.6677, -0.0277, -0.7423, -0.0487
18:36:46, 5.07, 152, 95.61, 358.06, 6.08, -0.6699, -0.0280, -0.7403, -0.0482
18:36:46, 5.07, 152, 95.22, 358.15, 6.06, -0.6725, -0.0282, -0.7380, -0.0475
18:36:46, 5.10, 153, 94.89, 358.24, 6.02, -0.6747, -0.0283, -0.7361, -0.0468
18:36:46, 5.10, 153, 94.52, 358.33, 5.96, -0.6771, -0.0283, -0.7339, -0.0460
18:36:46, 5.10, 153, 94.22, 358.43, 5.99, -0.6791, -0.0290, -0.7321, -0.0456
18:36:46, 5.13, 154, 93.87, 358.53, 5.97, -0.6813, -0.0293, -0.7300, -0.0449
18:36:46, 5.13, 154, 93.55, 358.69, 5.89, -0.6835, -0.0296, -0.7281, -0.0435
18:36:46, 5.17, 155, 93.24, 358.81, 5.86, -0.6855, -0.0300, -0.7262, -0.0426
18:36:46, 5.17, 155, 92.88, 359.00, 5.84, -0.6878, -0.0309, -0.7240, -0.0414
18:36:46, 5.17, 155, 92.61, 359.17, 5.85, -0.6896, -0.0319, -0.7223, -0.0405
18:36:46, 5.20, 156, 92.27, 359.36, 5.77, -0.6919, -0.0324, -0.7202, -0.0389
18:36:46, 5.20, 156, 91.96, 359.54, 5.72, -0.6939, -0.0330, -0.7183, -0.0376
18:36:46, 5.23, 157, 91.64, 359.73, 5.63, -0.6960, -0.0336, -0.7163, -0.0359
18:36:46, 5.23, 157, 91.37, 359.92, 5.63, -0.6978, -0.0347, -0.7147, -0.0348
18:36:46, 5.27, 158, 91.10, 0.16, 5.58, -0.6995, -0.0357, -0.7130, -0.0331
18:36:46, 5.27, 158, 90.88, 0.33, 5.53, -0.7010, -0.0364, -0.7116, -0.0318
18:36:46, 5.27, 158, 90.65, 0.59, 5.46, -0.7025, -0.0375, -0.7101, -0.0299
18:36:46, 5.30, 159, 90.47, 0.80, 5.40, -0.7037, -0.0384, -0.7089, -0.0282
18:36:46, 5.30, 159, 90.26, 1.06, 5.37, -0.7050, -0.0397, -0.7076, -0.0265
18:36:46, 5.33, 160, 90.05, 1.29, 5.34, -0.7063, -0.0409, -0.7063, -0.0250
18:36:46, 5.33, 160, 89.81, 1.45, 5.32, -0.7079, -0.0417, -0.7047, -0.0239
18:36:46, 5.33, 160, 89.63, 1.65, 5.29, -0.7090, -0.0428, -0.7035, -0.0226
18:36:46, 5.37, 161, 89.42, 1.82, 5.24, -0.7104, -0.0434, -0.7022, -0.0213
18:36:46, 5.37, 161, 89.25, 1.99, 5.21, -0.7114, -0.0442, -0.7011, -0.0202
18:36:46, 5.40, 162, 89.02, 2.14, 5.15, -0.7129, -0.0448, -0.6996, -0.0189
18:36:46, 5.40, 162, 88.83, 2.24, 5.09, -0.7140, -0.0451, -0.6984, -0.0180
18:36:46, 5.43, 163, 88.57, 2.29, 5.02, -0.7156, -0.0449, -0.6968, -0.0174
18:36:46, 5.43, 163, 88.32, 2.32, 4.95, -0.7172, -0.0446, -0.6952, -0.0169
18:36:46, 5.43, 163, 88.06, 2.37, 4.86, -0.7188, -0.0444, -0.6936, -0.0161
18:36:46, 5.47, 164, 87.80, 2.41, 4.81, -0.7203, -0.0442, -0.6920, -0.0157
18:36:46, 5.47, 164, 87.54, 2.43, 4.76, -0.7219, -0.0440, -0.6904, -0.0153
18:36:46, 5.50, 165, 87.25, 2.45, 4.73, -0.7237, -0.0439, -0.6886, -0.0151
18:36:46, 5.50, 165, 87.00, 2.47, 4.63, -0.7252, -0.0434, -0.6870, -0.0144
18:36:46, 5.50, 165, 86.73, 2.46, 4.57, -0.7269, -0.0430, -0.6853, -0.0142
18:36:46, 5.53, 166, 86.45, 2.44, 4.49, -0.7285, -0.0423, -0.6836, -0.0140
18:36:46, 5.53, 166, 86.23, 2.45, 4.42, -0.7298, -0.0419, -0.6822, -0.0135
18:36:46, 5.57, 167, 85.96, 2.42, 4.32, -0.7314, -0.0411, -0.6805, -0.0132
18:36:46, 5.57, 167, 85.73, 2.37, 4.28, -0.7328, -0.0405, -0.6791, -0.0133
18:36:46, 5.60, 168, 85.50, 2.25, 4.17, -0.7342, -0.0391, -0.6777, -0.0134
18:36:46, 5.60, 168, 85.32, 2.13, 4.08, -0.7352, -0.0378, -0.6766, -0.0136
18:36:46, 5.60, 168, 85.16, 1.99, 4.01, -0.7362, -0.0364, -0.6756, -0.0140
18:36:46, 5.63, 169, 85.00, 1.87, 3.94, -0.7371, -0.0352, -0.6747, -0.0143
18:36:46, 5.63, 169, 84.85, 1.77, 3.90, -0.7380, -0.0344, -0.6738, -0.0147
18:36:46, 5.67, 170, 84.69, 1.64, 3.85, -0.7389, -0.0332, -0.6728, -0.0152
18:36:46, 5.67, 170, 84.59, 1.54, 3.81, -0.7395, -0.0323, -0.6722, -0.0155
18:36:46, 5.67, 170, 84.49, 1.40, 3.77, -0.7401, -0.0312, -0.6716, -0.0162
18:36:46, 5.70, 171, 84.42, 1.22, 3.72, -0.7405, -0.0297, -0.6712, -0.0169
18:36:46, 5.70, 171, 84.35, 1.10, 3.71, -0.7409, -0.0288, -0.6708, -0.0175
18:36:46, 5.73, 172, 84.26, 0.93, 3.72, -0.7414, -0.0278, -0.6703, -0.0186
18:36:46, 5.73, 172, 84.17, 0.80, 3.73, -0.7419, -0.0270, -0.6697, -0.0195
18:36:46, 5.77, 173, 84.06, 0.70, 3.76, -0.7425, -0.0265, -0.6690, -0.0203
18:36:46, 5.77, 173, 83.93, 0.63, 3.78, -0.7433, -0.0262, -0.6682, -0.0209
18:36:46, 5.77, 173, 83.75, 0.58, 3.86, -0.7443, -0.0263, -0.6670, -0.0217
18:36:46, 5.80, 174, 83.56, 0.58, 3.88, -0.7454, -0.0263, -0.6657, -0.0219
18:36:46, 5.80, 174, 83.38, 0.59, 3.92, -0.7464, -0.0266, -0.6646, -0.0221
18:36:46, 5.83, 175, 83.13, 0.60, 3.94, -0.7478, -0.0267, -0.6630, -0.0223
18:36:46, 5.83, 175, 82.83, 0.54, 3.97, -0.7496, -0.0264, -0.6610, -0.0229
18:36:46, 5.83, 175, 82.50, 0.51, 4.01, -0.7515, -0.0264, -0.6588, -0.0233
18:36:46, 5.87, 176, 82.13, 0.49, 4.10, -0.7535, -0.0267, -0.6564, -0.0242
18:36:46, 5.87, 176, 81.69, 0.49, 4.17, -0.7561, -0.0270, -0.6534, -0.0247
18:36:46, 5.90, 177, 81.21, 0.51, 4.19, -0.7588, -0.0272, -0.6503, -0.0249
18:36:46, 5.90, 177, 80.78, 0.46, 4.22, -0.7612, -0.0269, -0.6474, -0.0254
18:36:46, 5.93, 178, 80.28, 0.48, 4.25, -0.7640, -0.0271, -0.6441, -0.0256
18:36:47, 5.93, 178, 79.75, 0.51, 4.29, -0.7670, -0.0274, -0.6405, -0.0259
18:36:47, 5.93, 178, 79.16, 0.51, 4.44, -0.7702, -0.0281, -0.6366, -0.0270
18:36:47, 5.97, 179, 78.63, 0.54, 4.49, -0.7732, -0.0285, -0.6329, -0.0273
18:36:47, 5.97, 179, 78.02, 0.48, 4.53, -0.7765, -0.0281, -0.6288, -0.0281
18:36:47, 6.00, 180, 77.44, 0.48, 4.56, -0.7797, -0.0281, -0.6249, -0.0284
18:36:47, 6.00, 180, 76.80, 0.42, 4.63, -0.7832, -0.0280, -0.6205, -0.0293
18:36:47, 6.00, 180, 76.24, 0.37, 4.66, -0.7861, -0.0276, -0.6167, -0.0300
18:36:47, 6.03, 181, 75.65, 0.34, 4.75, -0.7893, -0.0278, -0.6126, -0.0309
18:36:47, 6.03, 181, 75.05, 0.25, 4.83, -0.7925, -0.0274, -0.6085, -0.0321
18:36:47, 6.07, 182, 74.51, 0.13, 4.96, -0.7953, -0.0271, -0.6047, -0.0338
18:36:47, 6.07, 182, 73.91, 0.03, 5.03, -0.7983, -0.0266, -0.6006, -0.0349
18:36:47, 6.10, 183, 73.28, 359.96, 5.05, -0.8016, -0.0260, -0.5962, -0.0356
18:36:47, 6.10, 183, 72.76, 359.75, 5.07, -0.8042, -0.0245, -0.5927, -0.0369
18:36:47, 6.10, 183, 72.23, 359.60, 5.12, -0.8069, -0.0235, -0.5889, -0.0381
18:36:47, 6.13, 184, 71.65, 359.39, 5.14, -0.8098, -0.0219, -0.5849, -0.0395
18:36:47, 6.13, 184, 71.08, 359.21, 5.16, -0.8127, -0.0205, -0.5809, -0.0406
18:36:47, 6.17, 185, 70.62, 359.11, 5.16, -0.8150, -0.0197, -0.5777, -0.0412
18:36:47, 6.17, 185, 70.14, 358.90, 5.18, -0.8173, -0.0181, -0.5743, -0.0425
18:36:47, 6.17, 185, 69.64, 358.81, 5.18, -0.8198, -0.0173, -0.5708, -0.0430
18:36:47, 6.20, 186, 69.17, 358.67, 5.20, -0.8221, -0.0162, -0.5675, -0.0439
18:36:47, 6.20, 186, 68.66, 358.64, 5.22, -0.8246, -0.0159, -0.5638, -0.0443
18:36:47, 6.23, 187, 68.24, 358.51, 5.27, -0.8266, -0.0150, -0.5608, -0.0453
18:36:47, 6.23, 187, 67.70, 358.42, 5.23, -0.8292, -0.0140, -0.5569, -0.0456
18:36:47, 6.27, 188, 67.26, 358.38, 5.19, -0.8313, -0.0133, -0.5538, -0.0455
18:36:47, 6.27, 188, 66.83, 358.30, 5.14, -0.8334, -0.0123, -0.5507, -0.0456
18:36:47, 6.27, 188, 66.31, 358.25, 5.09, -0.8359, -0.0115, -0.5469, -0.0455
18:36:47, 6.30, 189, 65.80, 358.21, 5.07, -0.8383, -0.0109, -0.5431, -0.0456
18:36:47, 6.30, 189, 65.29, 358.20, 5.01, -0.8408, -0.0104, -0.5394, -0.0453
18:36:47, 6.33, 190, 64.76, 358.22, 5.01, -0.8432, -0.0103, -0.5356, -0.0452
18:36:47, 6.33, 190, 64.15, 358.18, 4.95, -0.8461, -0.0095, -0.5311, -0.0450
18:36:47, 6.33, 190, 63.54, 358.25, 4.94, -0.8489, -0.0097, -0.5265, -0.0447
18:36:47, 6.37, 191, 62.86, 358.23, 4.91, -0.8521, -0.0092, -0.5215, -0.0446
18:36:47, 6.37, 191, 62.20, 358.31, 4.84, -0.8551, -0.0092, -0.5166, -0.0437
18:36:47, 6.40, 192, 61.50, 358.38, 4.85, -0.8582, -0.0095, -0.5113, -0.0436
18:36:47, 6.40, 192, 60.78, 358.46, 4.85, -0.8615, -0.0098, -0.5058, -0.0433
18:36:47, 6.43, 193, 59.96, 358.59, 4.88, -0.8651, -0.0106, -0.4997, -0.0430
18:36:47, 6.43, 193, 59.24, 358.73, 4.84, -0.8682, -0.0112, -0.4942, -0.0422
18:36:47, 6.43, 193, 58.53, 358.87, 4.89, -0.8713, -0.0123, -0.4888, -0.0420
18:36:47, 6.47, 194, 57.80, 359.00, 4.92, -0.8745, -0.0131, -0.4831, -0.0418
18:36:47, 6.47, 194, 57.04, 359.15, 4.97, -0.8776, -0.0142, -0.4773, -0.0416
18:36:47, 6.50, 195, 56.26, 359.22, 5.01, -0.8809, -0.0146, -0.4713, -0.0417
18:36:47, 6.50, 195, 55.50, 359.34, 5.10, -0.8840, -0.0156, -0.4654, -0.0420
18:36:47, 6.50, 195, 54.66, 359.42, 5.07, -0.8874, -0.0158, -0.4588, -0.0416
18:36:47, 6.53, 196, 53.87, 359.50, 5.08, -0.8905, -0.0162, -0.4527, -0.0415
18:36:47, 6.53, 196, 53.09, 359.61, 5.14, -0.8936, -0.0170, -0.4466, -0.0416
18:36:47, 6.57, 197, 52.31, 359.75, 5.05, -0.8967, -0.0175, -0.4404, -0.0405
18:36:47, 6.57, 197, 51.41, 359.87, 5.09, -0.9001, -0.0182, -0.4333, -0.0405
18:36:47, 6.60, 198, 50.58, 0.01, 5.08, -0.9033, -0.0190, -0.4268, -0.0401
18:36:47, 6.60, 198, 49.73, 0.09, 5.07, -0.9064, -0.0193, -0.4200, -0.0398
18:36:47, 6.60, 198, 48.85, 0.15, 5.03, -0.9097, -0.0193, -0.4130, -0.0394
18:36:47, 6.63, 199, 47.99, 0.27, 5.02, -0.9127, -0.0200, -0.4062, -0.0391
18:36:47, 6.63, 199, 47.10, 0.33, 5.01, -0.9159, -0.0201, -0.3991, -0.0389
18:36:47, 6.67, 200, 46.23, 0.44, 4.95, -0.9189, -0.0205, -0.3921, -0.0382
18:36:47, 6.67, 200, 45.35, 0.49, 4.92, -0.9219, -0.0205, -0.3850, -0.0379
18:36:47, 6.67, 200, 44.52, 0.58, 4.86, -0.9247, -0.0208, -0.3782, -0.0373
18:36:47, 6.70, 201, 43.65, 0.76, 4.86, -0.9276, -0.0219, -0.3712, -0.0369
18:36:47, 6.70, 201, 42.81, 0.86, 4.82, -0.9303, -0.0223, -0.3644, -0.0364
18:36:47, 6.73, 202, 42.00, 1.03, 4.75, -0.9329, -0.0232, -0.3577, -0.0355
18:36:47, 6.73, 202, 41.18, 1.15, 4.69, -0.9354, -0.0238, -0.3510, -0.0348
18:36:47, 6.77, 203, 40.32, 1.31, 4.66, -0.9380, -0.0247, -0.3439, -0.0342
18:36:47, 6.77, 203, 39.51, 1.47, 4.59, -0.9405, -0.0256, -0.3372, -0.0333
18:36:47, 6.77, 203, 38.71, 1.65, 4.51, -0.9428, -0.0266, -0.3306, -0.0324
18:36:47, 6.80, 204, 37.84, 1.77, 4.45, -0.9453, -0.0272, -0.3234, -0.0317
18:36:47, 6.80, 204, 37.08, 1.97, 4.34, -0.9475, -0.0284, -0.3171, -0.0304
18:36:47, 6.83, 205, 36.27, 2.12, 4.26, -0.9497, -0.0291, -0.3103, -0.0295
18:36:47, 6.83, 205, 35.42, 2.24, 4.23, -0.9520, -0.0298, -0.3033, -0.0292
18:36:47, 6.83, 205, 34.60, 2.33, 4.15, -0.9542, -0.0302, -0.2964, -0.0285
18:36:47, 6.87, 206, 33.81, 2.47, 4.08, -0.9562, -0.0309, -0.2898, -0.0278
18:36:47, 6.87, 206, 33.06, 2.55, 3.97, -0.9581, -0.0312, -0.2835, -0.0269
18:36:47, 6.90, 207, 32.32, 2.66, 3.93, -0.9599, -0.0318, -0.2773, -0.0264
18:36:47, 6.90, 207, 31.56, 2.73, 3.90, -0.9617, -0.0322, -0.2709, -0.0262
18:36:47, 6.93, 208, 30.76, 2.75, 3.82, -0.9636, -0.0319, -0.2642, -0.0258
18:36:48, 6.93, 208, 30.03, 2.74, 3.78, -0.9653, -0.0316, -0.2581, -0.0256
18:36:48, 6.93, 208, 29.25, 2.84, 3.74, -0.9670, -0.0322, -0.2515, -0.0253
18:36:48, 6.97, 209, 28.45, 2.84, 3.67, -0.9687, -0.0319, -0.2448, -0.0249
18:36:48, 6.97, 209, 27.66, 2.85, 3.64, -0.9704, -0.0317, -0.2381, -0.0249
18:36:48, 7.00, 210, 26.71, 2.78, 3.61, -0.9724, -0.0309, -0.2301, -0.0250
18:36:48, 7.00, 210, 25.79, 2.67, 3.64, -0.9742, -0.0298, -0.2223, -0.0258
18:36:48, 7.00, 210, 24.86, 2.51, 3.61, -0.9760, -0.0282, -0.2144, -0.0260
18:36:48, 7.03, 211, 23.77, 2.32, 3.54, -0.9780, -0.0262, -0.2052, -0.0260
18:36:48, 7.03, 211, 22.66, 2.01, 3.40, -0.9800, -0.0230, -0.1958, -0.0257
18:36:48, 7.07, 212, 21.42, 1.59, 3.26, -0.9822, -0.0189, -0.1853, -0.0253
18:36:48, 7.07, 212, 20.23, 1.27, 3.12, -0.9841, -0.0157, -0.1753, -0.0249
18:36:48, 7.10, 213, 19.11, 1.12, 3.01, -0.9858, -0.0140, -0.1657, -0.0243
18:36:48, 7.10, 213, 18.02, 0.93, 2.88, -0.9873, -0.0120, -0.1564, -0.0235
18:36:48, 7.10, 213, 17.02, 0.81, 2.86, -0.9887, -0.0107, -0.1477, -0.0236
18:36:48, 7.13, 214, 15.98, 0.70, 2.78, -0.9900, -0.0094, -0.1388, -0.0232
18:36:48, 7.13, 214, 15.08, 0.67, 2.80, -0.9911, -0.0090, -0.1311, -0.0235
18:36:48, 7.17, 215, 14.25, 0.65, 2.81, -0.9920, -0.0086, -0.1239, -0.0236
18:36:48, 7.17, 215, 13.52, 0.71, 2.85, -0.9927, -0.0091, -0.1175, -0.0240
18:36:48, 7.17, 215, 12.77, 0.78, 2.82, -0.9935, -0.0095, -0.1110, -0.0237
18:36:48, 7.20, 216, 12.09, 0.91, 2.83, -0.9941, -0.0105, -0.1051, -0.0238
18:36:48, 7.20, 216, 11.45, 1.09, 2.82, -0.9947, -0.0119, -0.0995, -0.0236
18:36:48, 7.23, 217, 10.87, 1.32, 2.75, -0.9952, -0.0137, -0.0944, -0.0228
18:36:48, 7.23, 217, 10.23, 1.41, 2.76, -0.9957, -0.0144, -0.0888, -0.0229
18:36:48, 7.27, 218, 9.66, 1.60, 2.67, -0.9961, -0.0159, -0.0838, -0.0221
18:36:48, 7.27, 218, 9.07, 1.73, 2.61, -0.9965, -0.0169, -0.0787, -0.0215
18:36:48, 7.27, 218, 8.47, 1.89, 2.54, -0.9969, -0.0180, -0.0735, -0.0209
18:36:48, 7.30, 219, 7.90, 1.98, 2.47, -0.9973, -0.0187, -0.0684, -0.0203
18:36:48, 7.30, 219, 7.27, 2.07, 2.41, -0.9976, -0.0194, -0.0630, -0.0198
18:36:48, 7.33, 220, 6.66, 2.11, 2.35, -0.9980, -0.0196, -0.0577, -0.0194
18:36:48, 7.33, 220, 6.02, 2.16, 2.32, -0.9983, -0.0198, -0.0521, -0.0192
18:36:48, 7.33, 220, 5.36, 2.22, 2.29, -0.9985, -0.0203, -0.0464, -0.0190
18:36:48, 7.37, 221, 4.69, 2.33, 2.24, -0.9988, -0.0211, -0.0405, -0.0187
18:36:48, 7.37, 221, 4.05, 2.37, 2.23, -0.9990, -0.0213, -0.0349, -0.0187
18:36:48, 7.40, 222, 3.38, 2.47, 2.23, -0.9992, -0.0221, -0.0290, -0.0188
18:36:48, 7.40, 222, 2.76, 2.44, 2.22, -0.9993, -0.0217, -0.0236, -0.0189
18:36:48, 7.43, 223, 2.05, 2.43, 2.13, -0.9994, -0.0215, -0.0175, -0.0182
18:36:48, 7.43, 223, 1.43, 2.43, 2.15, -0.9995, -0.0214, -0.0120, -0.0184
18:36:48, 7.43, 223, 0.72, 2.43, 2.20, -0.9996, -0.0213, -0.0059, -0.0190
18:36:48, 7.47, 224, 0.09, 2.44, 2.27, -0.9996, -0.0213, -0.0004, -0.0198
18:36:48, 7.47, 224, 359.42, 2.39, 2.33, -0.9996, -0.0208, 0.0054, -0.0204
18:36:48, 7.50, 225, 358.76, 2.31, 2.38, -0.9995, -0.0199, 0.0112, -0.0210
18:36:48, 7.50, 225, 358.20, 2.21, 2.44, -0.9995, -0.0190, 0.0162, -0.0216
18:36:48, 7.50, 225, 357.54, 2.10, 2.42, -0.9994, -0.0178, 0.0218, -0.0215
18:36:48, 7.53, 226, 356.95, 2.09, 2.38, -0.9993, -0.0177, 0.0269, -0.0212
18:36:48, 7.53, 226, 356.36, 2.12, 2.47, -0.9991, -0.0178, 0.0321, -0.0222
18:36:48, 7.57, 227, 355.78, 2.09, 2.49, -0.9989, -0.0175, 0.0372, -0.0223
18:36:48, 7.57, 227, 355.26, 2.11, 2.48, -0.9987, -0.0175, 0.0417, -0.0223
18:36:48, 7.60, 228, 354.73, 2.11, 2.52, -0.9985, -0.0174, 0.0463, -0.0228
18:36:48, 7.60, 228, 354.23, 2.09, 2.49, -0.9983, -0.0171, 0.0508, -0.0226
18:36:48, 7.60, 228, 353.67, 2.02, 2.50, -0.9981, -0.0164, 0.0556, -0.0227
18:36:48, 7.63, 229, 353.16, 2.03, 2.43, -0.9978, -0.0164, 0.0600, -0.0222
18:36:48, 7.63, 229, 352.57, 1.92, 2.36, -0.9975, -0.0154, 0.0651, -0.0216
18:36:48, 7.67, 230, 352.05, 1.91, 2.37, -0.9972, -0.0152, 0.0696, -0.0217
18:36:48, 7.67, 230, 351.53, 2.00, 2.36, -0.9969, -0.0159, 0.0741, -0.0218
18:36:48, 7.67, 230, 351.07, 2.06, 2.34, -0.9966, -0.0163, 0.0782, -0.0218
18:36:48, 7.70, 231, 350.56, 1.99, 2.27, -0.9962, -0.0157, 0.0826, -0.0212
18:36:48, 7.70, 231, 350.11, 1.89, 2.22, -0.9959, -0.0148, 0.0865, -0.0207
18:36:48, 7.73, 232, 349.60, 1.75, 2.11, -0.9956, -0.0135, 0.0909, -0.0197
18:36:48, 7.73, 232, 349.14, 1.44, 2.09, -0.9952, -0.0108, 0.0949, -0.0193
18:36:48, 7.77, 233, 348.58, 1.03, 2.01, -0.9948, -0.0072, 0.0997, -0.0184
18:36:48, 7.77, 233, 348.05, 0.43, 2.06, -0.9944, -0.0019, 0.1041, -0.0183
18:36:48, 7.77, 233, 347.49, 359.76, 2.16, -0.9939, 0.0041, 0.1089, -0.0185
18:36:48, 7.80, 234, 346.89, 359.47, 2.22, -0.9933, 0.0068, 0.1141, -0.0187
18:36:48, 7.80, 234, 346.23, 359.29, 2.35, -0.9926, 0.0086, 0.1197, -0.0196
18:36:48, 7.83, 235, 345.53, 359.00, 2.51, -0.9918, 0.0114, 0.1257, -0.0207
18:36:48, 7.83, 235, 344.83, 358.61, 2.79, -0.9909, 0.0152, 0.1317, -0.0225
18:36:48, 7.83, 235, 344.13, 358.29, 3.01, -0.9900, 0.0184, 0.1376, -0.0239
18:36:48, 7.87, 236, 343.41, 358.01, 3.26, -0.9891, 0.0213, 0.1437, -0.0257
18:36:48, 7.87, 236, 342.53, 357.78, 3.58, -0.9878, 0.0238, 0.1512, -0.0279
18:36:48, 7.90, 237, 341.80, 357.58, 3.79, -0.9868, 0.0261, 0.1573, -0.0293
18:36:48, 7.90, 237, 341.07, 357.48, 4.03, -0.9857, 0.0274, 0.1636, -0.0311
18:36:48, 7.93, 238, 340.36, 357.38, 4.30, -0.9845, 0.0289, 0.1695, -0.0331
18:36:49, 7.93, 238, 339.66, 357.39, 4.42, -0.9835, 0.0292, 0.1755, -0.0339
18:36:49, 7.93, 238, 338.94, 357.38, 4.65, -0.9823, 0.0299, 0.1816, -0.0357
18:36:49, 7.97, 239, 338.22, 357.40, 4.83, -0.9811, 0.0302, 0.1877, -0.0371
18:36:49, 7.97, 239, 337.50, 357.48, 4.92, -0.9798, 0.0299, 0.1939, -0.0378
18:36:49, 8.00, 240, 336.75, 357.54, 4.99, -0.9785, 0.0298, 0.2003, -0.0383
18:36:49, 8.00, 240, 336.02, 357.42, 5.04, -0.9772, 0.0311, 0.2065, -0.0383
18:36:49, 8.03, 241, 335.36, 357.33, 5.02, -0.9760, 0.0321, 0.2121, -0.0378
18:36:49, 8.03, 241, 334.51, 357.23, 5.07, -0.9743, 0.0333, 0.2193, -0.0378
18:36:49, 8.03, 241, 333.71, 356.98, 5.10, -0.9728, 0.0358, 0.2260, -0.0373
18:36:49, 8.07, 242, 332.91, 356.86, 5.08, -0.9712, 0.0369, 0.2327, -0.0366
18:36:49, 8.07, 242, 332.16, 356.71, 5.04, -0.9696, 0.0384, 0.2390, -0.0357
18:36:49, 8.10, 243, 331.52, 356.48, 4.94, -0.9683, 0.0403, 0.2443, -0.0342
18:36:49, 8.10, 243, 330.91, 356.27, 4.86, -0.9669, 0.0421, 0.2494, -0.0328
18:36:49, 8.10, 243, 330.36, 356.09, 4.74, -0.9657, 0.0435, 0.2541, -0.0312
18:36:49, 8.13, 244, 329.80, 355.84, 4.68, -0.9644, 0.0456, 0.2587, -0.0300
18:36:49, 8.13, 244, 329.30, 355.45, 4.59, -0.9632, 0.0488, 0.2628, -0.0281
18:36:49, 8.17, 245, 328.79, 355.23, 4.61, -0.9620, 0.0508, 0.2670, -0.0275
18:36:49, 8.17, 245, 328.38, 354.99, 4.50, -0.9610, 0.0527, 0.2704, -0.0259
18:36:49, 8.17, 245, 327.96, 354.78, 4.39, -0.9599, 0.0543, 0.2738, -0.0242
18:36:49, 8.20, 246, 327.65, 354.59, 4.30, -0.9592, 0.0557, 0.2764, -0.0228
18:36:49, 8.20, 246, 327.33, 354.50, 4.24, -0.9584, 0.0565, 0.2790, -0.0220
18:36:49, 8.23, 247, 327.03, 354.56, 4.24, -0.9577, 0.0560, 0.2816, -0.0220
18:36:49, 8.23, 247, 326.79, 354.59, 4.28, -0.9571, 0.0558, 0.2836, -0.0223
18:36:49, 8.27, 248, 326.46, 354.61, 4.43, -0.9562, 0.0562, 0.2863, -0.0234
18:36:49, 8.27, 248, 326.21, 354.63, 4.57, -0.9556, 0.0563, 0.2883, -0.0245
18:36:49, 8.27, 248, 325.87, 354.78, 4.68, -0.9547, 0.0554, 0.2911, -0.0256
18:36:49, 8.30, 249, 325.53, 354.89, 4.76, -0.9539, 0.0548, 0.2940, -0.0264
18:36:49, 8.30, 249, 325.15, 355.09, 4.84, -0.9529, 0.0534, 0.2972, -0.0274
18:36:49, 8.33, 250, 324.64, 355.33, 4.94, -0.9516, 0.0518, 0.3015, -0.0287
18:36:49, 8.33, 250, 324.05, 355.50, 5.03, -0.9501, 0.0508, 0.3064, -0.0296
18:36:49, 8.33, 250, 323.39, 355.77, 5.04, -0.9483, 0.0488, 0.3121, -0.0301
18:36:49, 8.37, 251, 322.71, 355.97, 5.02, -0.9465, 0.0472, 0.3177, -0.0302
18:36:49, 8.37, 251, 322.00, 356.23, 4.99, -0.9446, 0.0453, 0.3237, -0.0305
18:36:49, 8.40, 252, 321.35, 356.47, 4.91, -0.9428, 0.0432, 0.3292, -0.0302
18:36:49, 8.40, 252, 320.72, 356.74, 4.80, -0.9410, 0.0408, 0.3346, -0.0299
18:36:49, 8.43, 253, 320.08, 357.10, 4.75, -0.9392, 0.0379, 0.3400, -0.0303
18:36:49, 8.43, 253, 319.51, 357.39, 4.79, -0.9375, 0.0358, 0.3448, -0.0313
18:36:49, 8.43, 253, 319.05, 357.74, 4.74, -0.9361, 0.0329, 0.3487, -0.0318
18:36:49, 8.47, 254, 318.53, 357.91, 4.74, -0.9345, 0.0317, 0.3530, -0.0322
18:36:49, 8.47, 254, 317.97, 357.91, 4.78, -0.9328, 0.0319, 0.3576, -0.0324
18:36:49, 8.50, 255, 317.44, 357.83, 4.86, -0.9311, 0.0330, 0.3618, -0.0327
18:36:49, 8.50, 255, 316.90, 357.77, 4.98, -0.9294, 0.0340, 0.3661, -0.0332
18:36:49, 8.50, 255, 316.25, 357.79, 5.06, -0.9272, 0.0344, 0.3714, -0.0338
18:36:49, 8.53, 256, 315.61, 357.86, 5.18, -0.9251, 0.0343, 0.3765, -0.0348
18:36:49, 8.53, 256, 314.76, 357.89, 5.28, -0.9223, 0.0347, 0.3834, -0.0354
18:36:49, 8.57, 257, 313.86, 357.91, 5.39, -0.9192, 0.0352, 0.3906, -0.0361
18:36:49, 8.57, 257, 312.84, 357.85, 5.50, -0.9156, 0.0363, 0.3987, -0.0365
18:36:49, 8.60, 258, 311.82, 357.65, 5.59, -0.9120, 0.0386, 0.4067, -0.0361
18:36:49, 8.60, 258, 310.84, 357.45, 5.65, -0.9085, 0.0407, 0.4144, -0.0356
18:36:49, 8.60, 258, 309.85, 357.32, 5.66, -0.9049, 0.0421, 0.4221, -0.0348
18:36:49, 8.63, 259, 308.94, 357.32, 5.63, -0.9015, 0.0422, 0.4293, -0.0342
18:36:49, 8.63, 259, 308.04, 357.28, 5.60, -0.8981, 0.0427, 0.4364, -0.0335
18:36:49, 8.67, 260, 307.20, 357.22, 5.59, -0.8949, 0.0433, 0.4429, -0.0329
18:36:49, 8.67, 260, 306.45, 357.26, 5.52, -0.8920, 0.0430, 0.4488, -0.0322
18:36:49, 8.67, 260, 305.72, 357.30, 5.34, -0.8892, 0.0422, 0.4546, -0.0307
18:36:49, 8.70, 261, 304.93, 357.50, 5.22, -0.8861, 0.0404, 0.4608, -0.0303
18:36:49, 8.70, 261, 304.24, 357.68, 5.08, -0.8833, 0.0386, 0.4663, -0.0297
18:36:49, 8.73, 262, 303.52, 357.96, 4.97, -0.8804, 0.0361, 0.4720, -0.0298
18:36:49, 8.73, 262, 302.78, 358.07, 4.83, -0.8773, 0.0349, 0.4778, -0.0289
18:36:49, 8.77, 263, 302.05, 358.22, 4.75, -0.8743, 0.0336, 0.4834, -0.0287
18:36:49, 8.77, 263, 301.27, 358.22, 4.71, -0.8710, 0.0337, 0.4893, -0.0282
18:36:49, 8.77, 263, 300.59, 358.18, 4.65, -0.8681, 0.0339, 0.4945, -0.0273
18:36:49, 8.80, 264, 299.91, 358.02, 4.57, -0.8652, 0.0349, 0.4996, -0.0259
18:36:49, 8.80, 264, 299.16, 358.02, 4.51, -0.8619, 0.0348, 0.5053, -0.0252
18:36:49, 8.83, 265, 298.45, 357.95, 4.45, -0.8587, 0.0352, 0.5106, -0.0242
18:36:49, 8.83, 265, 297.76, 357.93, 4.29, -0.8557, 0.0348, 0.5158, -0.0227
18:36:49, 8.83, 265, 297.11, 357.90, 4.24, -0.8528, 0.0349, 0.5206, -0.0220
18:36:49, 8.87, 266, 296.46, 357.83, 4.14, -0.8498, 0.0351, 0.5255, -0.0207
18:36:49, 8.87, 266, 295.77, 357.72, 4.06, -0.8466, 0.0356, 0.5306, -0.0195
18:36:49, 8.90, 267, 295.09, 357.52, 4.01, -0.8435, 0.0370, 0.5356, -0.0179
18:36:49, 8.90, 267, 294.38, 357.39, 3.93, -0.8402, 0.0377, 0.5407, -0.0165
18:36:49, 8.93, 268, 293.66, 357.16, 3.82, -0.8368, 0.0389, 0.5459, -0.0143
18:36:50, 8.93, 268, 292.96, 357.03, 3.74, -0.8334, 0.0396, 0.5511, -0.0129
18:36:50, 8.93, 268, 292.29, 356.82, 3.72, -0.8302, 0.0411, 0.5558, -0.0115
18:36:50, 8.97, 269, 291.60, 356.76, 3.66, -0.8268, 0.0413, 0.5608, -0.0105
18:36:50, 8.97, 269, 291.01, 356.74, 3.65, -0.8239, 0.0415, 0.5651, -0.0101
18:36:50, 9.00, 270, 290.34, 356.75, 3.53, -0.8207, 0.0408, 0.5699, -0.0091
18:36:50, 9.00, 270, 289.73, 356.73, 3.44, -0.8176, 0.0406, 0.5743, -0.0082
18:36:50, 9.03, 271, 289.07, 356.72, 3.47, -0.8143, 0.0409, 0.5790, -0.0080
18:36:50, 9.03, 271, 288.43, 356.70, 3.42, -0.8110, 0.0408, 0.5836, -0.0074
18:36:50, 9.03, 271, 287.77, 356.60, 3.51, -0.8076, 0.0420, 0.5881, -0.0073
18:36:50, 9.07, 272, 287.09, 356.54, 3.54, -0.8041, 0.0426, 0.5929, -0.0069
18:36:50, 9.07, 272, 286.37, 356.44, 3.70, -0.8004, 0.0442, 0.5978, -0.0072
18:36:50, 9.10, 273, 285.74, 356.29, 3.80, -0.7971, 0.0458, 0.6021, -0.0069
18:36:50, 9.10, 273, 285.08, 356.18, 3.92, -0.7936, 0.0472, 0.6066, -0.0069
18:36:50, 9.10, 273, 284.54, 356.11, 3.92, -0.7907, 0.0477, 0.6103, -0.0063
18:36:50, 9.13, 274, 284.05, 356.03, 3.91, -0.7881, 0.0482, 0.6136, -0.0056
18:36:50, 9.13, 274, 283.56, 355.94, 3.85, -0.7855, 0.0485, 0.6170, -0.0045
18:36:50, 9.17, 275, 283.15, 355.97, 3.85, -0.7832, 0.0484, 0.6198, -0.0044
18:36:50, 9.17, 275, 282.80, 355.96, 3.88, -0.7813, 0.0487, 0.6222, -0.0045
18:36:50, 9.17, 275, 282.42, 356.12, 3.88, -0.7793, 0.0476, 0.6249, -0.0052
18:36:50, 9.20, 276, 282.02, 356.40, 4.01, -0.7771, 0.0464, 0.6276, -0.0074
18:36:50, 9.20, 276, 281.64, 356.67, 4.03, -0.7750, 0.0447, 0.6303, -0.0089
18:36:50, 9.23, 277, 281.38, 356.98, 4.04, -0.7735, 0.0427, 0.6322, -0.0106
18:36:50, 9.23, 277, 281.11, 357.23, 4.09, -0.7721, 0.0413, 0.6341, -0.0122
18:36:50, 9.27, 278, 280.78, 357.36, 4.10, -0.7702, 0.0405, 0.6363, -0.0129
18:36:50, 9.27, 278, 280.39, 357.58, 4.11, -0.7680, 0.0392, 0.6391, -0.0140
18:36:50, 9.27, 278, 279.92, 357.65, 4.23, -0.7654, 0.0394, 0.6422, -0.0150
18:36:50, 9.30, 279, 279.48, 357.81, 4.23, -0.7629, 0.0384, 0.6452, -0.0158
18:36:50, 9.30, 279, 278.91, 358.07, 4.18, -0.7597, 0.0365, 0.6491, -0.0168
18:36:50, 9.33, 280, 278.34, 358.26, 4.22, -0.7564, 0.0355, 0.6529, -0.0179
18:36:50, 9.33, 280, 277.74, 358.43, 4.13, -0.7530, 0.0340, 0.6569, -0.0181
18:36:50, 9.33, 280, 277.08, 358.47, 4.00, -0.7492, 0.0331, 0.6613, -0.0173
18:36:50, 9.37, 281, 276.40, 358.48, 3.84, -0.7453, 0.0322, 0.6658, -0.0161
18:36:50, 9.37, 281, 275.71, 358.33, 3.70, -0.7413, 0.0325, 0.6702, -0.0142
18:36:50, 9.40, 282, 275.08, 358.30, 3.68, -0.7376, 0.0326, 0.6743, -0.0137
18:36:50, 9.40, 282, 274.48, 358.31, 3.66, -0.7341, 0.0325, 0.6782, -0.0135
18:36:50, 9.43, 283, 273.95, 358.55, 3.71, -0.7309, 0.0313, 0.6816, -0.0150
18:36:50, 9.43, 283, 273.49, 358.78, 3.68, -0.7281, 0.0297, 0.6846, -0.0161
18:36:50, 9.43, 283, 272.94, 358.94, 3.69, -0.7248, 0.0289, 0.6881, -0.0169
18:36:50, 9.47, 284, 272.31, 358.75, 3.79, -0.7210, 0.0308, 0.6920, -0.0162
18:36:50, 9.47, 284, 271.75, 358.66, 3.84, -0.7177, 0.0317, 0.6955, -0.0159
18:36:50, 9.50, 285, 271.22, 358.49, 3.85, -0.7144, 0.0329, 0.6988, -0.0147
18:36:50, 9.50, 285, 270.67, 358.33, 3.80, -0.7111, 0.0337, 0.7022, -0.0133
18:36:50, 9.50, 285, 270.12, 358.23, 3.77, -0.7078, 0.0342, 0.7055, -0.0123
18:36:50, 9.53, 286, 269.59, 358.04, 3.73, -0.7045, 0.0351, 0.7087, -0.0108
18:36:50, 9.53, 286, 269.15, 357.92, 3.74, -0.7018, 0.0360, 0.7114, -0.0100
18:36:50, 9.57, 287, 268.71, 357.74, 3.74, -0.6990, 0.0371, 0.7141, -0.0087
18:36:50, 9.57, 287, 268.33, 357.55, 3.84, -0.6967, 0.0389, 0.7162, -0.0081
18:36:50, 9.60, 288, 267.93, 357.52, 3.88, -0.6942, 0.0394, 0.7187, -0.0079
18:36:50, 9.60, 288, 267.57, 357.54, 3.97, -0.6919, 0.0399, 0.7208, -0.0084
18:36:50, 9.60, 288, 267.20, 357.38, 3.92, -0.6896, 0.0405, 0.7230, -0.0070
18:36:50, 9.63, 289, 266.84, 357.11, 3.94, -0.6874, 0.0423, 0.7251, -0.0054
18:36:50, 9.63, 289, 266.47, 356.78, 3.94, -0.6850, 0.0442, 0.7272, -0.0031
18:36:50, 9.67, 290, 266.17, 356.54, 4.06, -0.6831, 0.0465, 0.7288, -0.0021
18:36:50, 9.67, 290, 265.83, 356.28, 4.12, -0.6810, 0.0484, 0.7307, -0.0007
18:36:50, 9.67, 290, 265.53, 355.93, 4.13, -0.6791, 0.0505, 0.7323, 0.0016
18:36:50, 9.70, 291, 265.20, 355.71, 4.23, -0.6770, 0.0525, 0.7341, 0.0026
18:36:50, 9.70, 291, 264.87, 355.47, 4.22, -0.6749, 0.0538, 0.7360, 0.0043
18:36:50, 9.73, 292, 264.56, 355.13, 4.21, -0.6728, 0.0557, 0.7377, 0.0068
18:36:50, 9.73, 292, 264.20, 354.75, 4.21, -0.6705, 0.0579, 0.7396, 0.0094
18:36:50, 9.77, 293, 263.88, 354.42, 4.17, -0.6684, 0.0595, 0.7413, 0.0119
18:36:50, 9.77, 293, 263.50, 354.07, 4.13, -0.6660, 0.0612, 0.7433, 0.0146
18:36:50, 9.77, 293, 263.16, 353.66, 4.10, -0.6637, 0.0634, 0.7451, 0.0176
18:36:50, 9.80, 294, 262.77, 353.44, 4.10, -0.6612, 0.0646, 0.7472, 0.0193
18:36:50, 9.80, 294, 262.33, 353.12, 4.16, -0.6582, 0.0667, 0.7495, 0.0213
18:36:50, 9.83, 295, 261.90, 353.02, 4.18, -0.6554, 0.0674, 0.7519, 0.0221
18:36:50, 9.83, 295, 261.42, 352.68, 4.27, -0.6522, 0.0698, 0.7544, 0.0241
18:36:50, 9.83, 295, 260.90, 352.36, 4.35, -0.6488, 0.0720, 0.7571, 0.0261
18:36:50, 9.87, 296, 260.46, 352.16, 4.36, -0.6458, 0.0731, 0.7595, 0.0277
18:36:50, 9.87, 296, 259.94, 352.07, 4.44, -0.6424, 0.0740, 0.7623, 0.0281
18:36:50, 9.90, 297, 259.38, 351.91, 4.55, -0.6387, 0.0754, 0.7652, 0.0289
18:36:50, 9.90, 297, 258.86, 351.75, 4.67, -0.6352, 0.0771, 0.7679, 0.0297
18:36:50, 9.93, 298, 258.27, 351.45, 4.76, -0.6312, 0.0791, 0.7709, 0.0316
18:36:51, 9.93, 298, 257.78, 351.17, 4.80, -0.6280, 0.0808, 0.7733, 0.0337
18:36:51, 9.93, 298, 257.33, 350.95, 4.86, -0.6248, 0.0823, 0.7756, 0.0352
18:36:51, 9.97, 299, 256.78, 350.80, 4.91, -0.6212, 0.0832, 0.7784, 0.0363
18:36:51, 9.97, 299, 256.22, 350.67, 4.99, -0.6173, 0.0843, 0.7813, 0.0371
