Timestamp, VideoTime, VideoFrame, HeadYaw, HeadPitch, HeadRoll, HeadQuatW, HeadQuatX, HeadQuatY, HeadQuatZ
18:38:15, 0.00, 0, 328.62, 354.73, 3.34, -0.9617, 0.0521, 0.2687, -0.0156
18:38:15, 0.03, 1, 328.09, 354.70, 3.34, -0.9604, 0.0524, 0.2732, -0.0153
18:38:15, 0.03, 1, 327.63, 354.70, 3.28, -0.9593, 0.0523, 0.2771, -0.0145
18:38:15, 0.07, 2, 327.11, 354.64, 3.29, -0.9580, 0.0529, 0.2814, -0.0142
18:38:15, 0.07, 2, 326.63, 354.63, 3.21, -0.9568, 0.0529, 0.2854, -0.0134
18:38:15, 0.07, 2, 326.19, 354.60, 3.19, -0.9557, 0.0531, 0.2891, -0.0129
18:38:15, 0.10, 3, 325.76, 354.62, 3.13, -0.9547, 0.0529, 0.2927, -0.0122
18:38:15, 0.10, 3, 325.28, 354.60, 3.08, -0.9534, 0.0529, 0.2967, -0.0116
18:38:15, 0.13, 4, 324.85, 354.62, 2.98, -0.9523, 0.0525, 0.3003, -0.0106
18:38:15, 0.13, 4, 324.43, 354.60, 2.91, -0.9512, 0.0526, 0.3039, -0.0098
18:38:15, 0.13, 4, 324.04, 354.61, 2.86, -0.9502, 0.0524, 0.3071, -0.0092
18:38:15, 0.17, 5, 323.63, 354.50, 2.77, -0.9490, 0.0531, 0.3106, -0.0079
18:38:15, 0.17, 5, 323.26, 354.43, 2.70, -0.9480, 0.0535, 0.3136, -0.0070
18:38:15, 0.20, 6, 322.88, 354.45, 2.63, -0.9470, 0.0531, 0.3168, -0.0063
18:38:15, 0.20, 6, 322.51, 354.49, 2.54, -0.9460, 0.0526, 0.3199, -0.0056
18:38:15, 0.20, 6, 322.10, 354.59, 2.52, -0.9449, 0.0517, 0.3233, -0.0054
18:38:15, 0.23, 7, 321.71, 354.60, 2.54, -0.9437, 0.0517, 0.3266, -0.0055
18:38:15, 0.23, 7, 321.31, 354.49, 2.48, -0.9426, 0.0525, 0.3299, -0.0045
18:38:15, 0.27, 8, 320.93, 354.53, 2.44, -0.9415, 0.0521, 0.3329, -0.0041
18:38:15, 0.27, 8, 320.51, 354.49, 2.40, -0.9402, 0.0523, 0.3364, -0.0035
18:38:15, 0.30, 9, 320.09, 354.47, 2.29, -0.9390, 0.0521, 0.3399, -0.0023
18:38:15, 0.30, 9, 319.62, 354.44, 2.21, -0.9376, 0.0522, 0.3438, -0.0013
18:38:15, 0.30, 9, 319.14, 354.38, 2.17, -0.9361, 0.0526, 0.3477, -0.0006
18:38:15, 0.33, 10, 318.63, 354.43, 2.09, -0.9346, 0.0519, 0.3519, 0.0001
18:38:15, 0.33, 10, 318.07, 354.32, 1.97, -0.9328, 0.0524, 0.3565, 0.0017
18:38:15, 0.37, 11, 317.59, 354.21, 1.84, -0.9313, 0.0529, 0.3605, 0.0033
18:38:15, 0.37, 11, 317.02, 354.18, 1.75, -0.9295, 0.0528, 0.3651, 0.0044
18:38:15, 0.37, 11, 316.51, 354.12, 1.75, -0.9278, 0.0533, 0.3692, 0.0048
18:38:15, 0.40, 12, 315.93, 354.15, 1.79, -0.9259, 0.0532, 0.3739, 0.0047
18:38:15, 0.40, 12, 315.38, 354.17, 1.78, -0.9241, 0.0530, 0.3783, 0.0049
18:38:15, 0.43, 13, 314.82, 354.21, 1.77, -0.9223, 0.0526, 0.3829, 0.0052
18:38:15, 0.43, 13, 314.22, 354.22, 1.76, -0.9203, 0.0524, 0.3877, 0.0054
18:38:15, 0.47, 14, 313.59, 354.22, 1.74, -0.9181, 0.0523, 0.3928, 0.0059
18:38:15, 0.47, 14, 313.01, 354.22, 1.78, -0.9161, 0.0524, 0.3974, 0.0059
18:38:15, 0.47, 14, 312.40, 354.17, 1.79, -0.9140, 0.0528, 0.4023, 0.0063
18:38:15, 0.50, 15, 311.76, 354.18, 1.89, -0.9117, 0.0531, 0.4073, 0.0057
18:38:15, 0.50, 15, 311.10, 354.24, 1.91, -0.9094, 0.0526, 0.4126, 0.0056
18:38:15, 0.53, 16, 310.44, 354.28, 1.93, -0.9070, 0.0523, 0.4178, 0.0057
18:38:15, 0.53, 16, 309.77, 354.35, 1.94, -0.9046, 0.0518, 0.4231, 0.0056
18:38:15, 0.53, 16, 309.16, 354.44, 1.96, -0.9023, 0.0512, 0.4279, 0.0054
18:38:15, 0.57, 17, 308.58, 354.55, 1.92, -0.9002, 0.0501, 0.4325, 0.0055
18:38:15, 0.57, 17, 308.02, 354.58, 1.90, -0.8981, 0.0498, 0.4369, 0.0058
18:38:15, 0.60, 18, 307.49, 354.71, 1.85, -0.8961, 0.0485, 0.4411, 0.0059
18:38:15, 0.60, 18, 306.92, 354.77, 1.86, -0.8939, 0.0481, 0.4456, 0.0058
18:38:15, 0.63, 19, 306.37, 354.83, 1.83, -0.8918, 0.0475, 0.4499, 0.0061
18:38:15, 0.63, 19, 305.83, 354.91, 1.80, -0.8896, 0.0467, 0.4542, 0.0063
18:38:15, 0.63, 19, 305.28, 354.89, 1.81, -0.8875, 0.0468, 0.4584, 0.0065
18:38:15, 0.67, 20, 304.72, 354.80, 1.75, -0.8852, 0.0472, 0.4627, 0.0075
18:38:15, 0.67, 20, 304.21, 354.74, 1.75, -0.8831, 0.0477, 0.4667, 0.0080
18:38:15, 0.70, 21, 303.68, 354.64, 1.74, -0.8809, 0.0484, 0.4707, 0.0086
18:38:16, 0.70, 21, 303.07, 354.52, 1.81, -0.8784, 0.0495, 0.4753, 0.0089
18:38:16, 0.70, 21, 302.52, 354.44, 1.83, -0.8760, 0.0502, 0.4795, 0.0093
18:38:16, 0.73, 22, 302.00, 354.42, 1.85, -0.8738, 0.0504, 0.4835, 0.0095
18:38:16, 0.73, 22, 301.40, 354.37, 1.85, -0.8713, 0.0507, 0.4880, 0.0099
18:38:16, 0.77, 23, 300.84, 354.27, 1.95, -0.8689, 0.0518, 0.4922, 0.0099
18:38:16, 0.77, 23, 300.25, 354.29, 1.98, -0.8663, 0.0518, 0.4967, 0.0099
18:38:16, 0.80, 24, 299.75, 354.22, 1.95, -0.8641, 0.0522, 0.5004, 0.0106
18:38:16, 0.80, 24, 299.24, 354.19, 1.99, -0.8619, 0.0525, 0.5043, 0.0106
18:38:16, 0.80, 24, 298.65, 354.17, 2.03, -0.8593, 0.0527, 0.5087, 0.0107
18:38:16, 0.83, 25, 298.19, 354.17, 2.07, -0.8572, 0.0529, 0.5121, 0.0107
18:38:16, 0.83, 25, 297.72, 354.12, 2.07, -0.8551, 0.0532, 0.5156, 0.0111
18:38:16, 0.87, 26, 297.29, 354.10, 2.03, -0.8532, 0.0531, 0.5188, 0.0116
18:38:16, 0.87, 26, 296.87, 354.09, 1.97, -0.8513, 0.0529, 0.5219, 0.0123
18:38:16, 0.87, 26, 296.40, 354.04, 1.97, -0.8491, 0.0532, 0.5254, 0.0128
18:38:16, 0.90, 27, 295.98, 353.97, 1.96, -0.8471, 0.0536, 0.5285, 0.0134
18:38:16, 0.90, 27, 295.60, 353.91, 1.91, -0.8454, 0.0538, 0.5313, 0.0142
18:38:16, 0.93, 28, 295.21, 353.86, 1.85, -0.8435, 0.0538, 0.5342, 0.0151
18:38:16, 0.93, 28, 294.82, 353.77, 1.82, -0.8417, 0.0543, 0.5370, 0.0159
18:38:16, 0.97, 29, 294.42, 353.72, 1.80, -0.8398, 0.0546, 0.5399, 0.0164
18:38:16, 0.97, 29, 293.95, 353.68, 1.76, -0.8375, 0.0545, 0.5434, 0.0172
18:38:16, 0.97, 29, 293.52, 353.61, 1.75, -0.8355, 0.0550, 0.5465, 0.0178
18:38:16, 1.00, 30, 292.99, 353.53, 1.78, -0.8329, 0.0556, 0.5503, 0.0183
18:38:16, 1.00, 30, 292.51, 353.43, 1.70, -0.8305, 0.0559, 0.5538, 0.0195
18:38:16, 1.03, 31, 292.03, 353.40, 1.70, -0.8282, 0.0560, 0.5573, 0.0199
18:38:16, 1.03, 31, 291.49, 353.37, 1.68, -0.8255, 0.0561, 0.5612, 0.0204
18:38:16, 1.03, 31, 290.96, 353.35, 1.72, -0.8230, 0.0563, 0.5649, 0.0205
18:38:16, 1.07, 32, 290.39, 353.29, 1.76, -0.8201, 0.0568, 0.5690, 0.0208
18:38:16, 1.07, 32, 289.84, 353.27, 1.73, -0.8173, 0.0567, 0.5730, 0.0214
18:38:16, 1.10, 33, 289.30, 353.23, 1.74, -0.8146, 0.0569, 0.5768, 0.0218
18:38:16, 1.10, 33, 288.81, 353.24, 1.79, -0.8122, 0.0570, 0.5802, 0.0216
18:38:16, 1.13, 34, 288.30, 353.19, 1.79, -0.8096, 0.0573, 0.5838, 0.0221
18:38:16, 1.13, 34, 287.78, 353.18, 1.82, -0.8069, 0.0574, 0.5875, 0.0223
18:38:16, 1.13, 34, 287.37, 353.21, 1.83, -0.8048, 0.0572, 0.5904, 0.0222
18:38:16, 1.17, 35, 286.94, 353.14, 1.86, -0.8026, 0.0577, 0.5933, 0.0226
18:38:16, 1.17, 35, 286.58, 353.09, 1.87, -0.8007, 0.0581, 0.5958, 0.0229
18:38:16, 1.20, 36, 286.23, 353.08, 1.92, -0.7989, 0.0583, 0.5982, 0.0228
18:38:16, 1.20, 36, 285.90, 353.04, 1.97, -0.7971, 0.0588, 0.6005, 0.0229
18:38:16, 1.20, 36, 285.50, 353.04, 1.95, -0.7950, 0.0586, 0.6033, 0.0232
18:38:16, 1.23, 37, 285.11, 352.94, 1.92, -0.7930, 0.0590, 0.6059, 0.0242
18:38:16, 1.23, 37, 284.69, 352.87, 1.94, -0.7907, 0.0595, 0.6088, 0.0246
18:38:16, 1.27, 38, 284.27, 352.92, 1.86, -0.7885, 0.0587, 0.6117, 0.0251
18:38:16, 1.27, 38, 283.85, 352.87, 1.78, -0.7862, 0.0585, 0.6147, 0.0261
18:38:16, 1.30, 39, 283.44, 352.86, 1.64, -0.7840, 0.0577, 0.6175, 0.0274
18:38:16, 1.30, 39, 283.05, 352.89, 1.53, -0.7818, 0.0568, 0.6203, 0.0282
18:38:16, 1.30, 39, 282.68, 352.83, 1.46, -0.7798, 0.0568, 0.6228, 0.0291
18:38:16, 1.33, 40, 282.32, 352.84, 1.33, -0.7778, 0.0559, 0.6253, 0.0301
18:38:16, 1.33, 40, 282.03, 352.93, 1.29, -0.7762, 0.0549, 0.6273, 0.0301
18:38:16, 1.37, 41, 281.82, 352.94, 1.23, -0.7751, 0.0545, 0.6288, 0.0305
18:38:16, 1.37, 41, 281.65, 352.99, 1.17, -0.7741, 0.0538, 0.6300, 0.0307
18:38:16, 1.37, 41, 281.48, 352.99, 1.13, -0.7732, 0.0536, 0.6311, 0.0311
18:38:16, 1.40, 42, 281.34, 352.97, 1.08, -0.7724, 0.0534, 0.6321, 0.0316
18:38:16, 1.40, 42, 281.22, 352.94, 0.99, -0.7717, 0.0531, 0.6330, 0.0324
18:38:16, 1.43, 43, 281.13, 352.89, 0.95, -0.7711, 0.0531, 0.6336, 0.0330
18:38:16, 1.43, 43, 281.03, 352.84, 0.90, -0.7706, 0.0531, 0.6342, 0.0336
18:38:16, 1.47, 44, 280.95, 352.82, 0.83, -0.7701, 0.0529, 0.6348, 0.0343
18:38:16, 1.47, 44, 280.87, 352.81, 0.73, -0.7696, 0.0524, 0.6354, 0.0350
18:38:16, 1.47, 44, 280.84, 352.79, 0.59, -0.7694, 0.0517, 0.6357, 0.0361
18:38:16, 1.50, 45, 280.87, 352.85, 0.40, -0.7696, 0.0503, 0.6355, 0.0370
18:38:16, 1.50, 45, 280.94, 352.91, 0.26, -0.7699, 0.0491, 0.6351, 0.0376
18:38:16, 1.53, 46, 281.04, 352.99, 0.11, -0.7704, 0.0478, 0.6346, 0.0381
18:38:16, 1.53, 46, 281.15, 353.05, 0.00, -0.7710, 0.0468, 0.6339, 0.0385
18:38:16, 1.53, 46, 281.26, 353.04, 359.90, -0.7716, 0.0464, 0.6332, 0.0392
18:38:16, 1.57, 47, 281.42, 353.05, 359.74, -0.7725, 0.0455, 0.6322, 0.0401
18:38:16, 1.57, 47, 281.57, 353.05, 359.58, -0.7732, 0.0447, 0.6312, 0.0411
18:38:16, 1.60, 48, 281.71, 353.01, 359.42, -0.7739, 0.0441, 0.6304, 0.0424
18:38:16, 1.60, 48, 281.88, 352.96, 359.24, -0.7748, 0.0435, 0.6292, 0.0438
18:38:16, 1.63, 49, 282.08, 352.94, 359.02, -0.7758, 0.0425, 0.6280, 0.0454
18:38:16, 1.63, 49, 282.25, 352.95, 358.82, -0.7766, 0.0414, 0.6269, 0.0466
18:38:16, 1.63, 49, 282.46, 352.96, 358.66, -0.7777, 0.0406, 0.6255, 0.0475
18:38:16, 1.67, 50, 282.68, 352.92, 358.49, -0.7788, 0.0400, 0.6241, 0.0488
18:38:16, 1.67, 50, 282.91, 352.85, 358.34, -0.7800, 0.0398, 0.6226, 0.0502
18:38:16, 1.70, 51, 283.11, 352.76, 358.18, -0.7809, 0.0396, 0.6212, 0.0516
18:38:17, 1.70, 51, 283.25, 352.72, 358.04, -0.7816, 0.0392, 0.6203, 0.0527
18:38:17, 1.70, 51, 283.42, 352.65, 357.89, -0.7824, 0.0389, 0.6192, 0.0541
18:38:17, 1.73, 52, 283.56, 352.57, 357.69, -0.7830, 0.0385, 0.6183, 0.0558
18:38:17, 1.73, 52, 283.78, 352.54, 357.49, -0.7841, 0.0377, 0.6169, 0.0573
18:38:17, 1.77, 53, 283.96, 352.51, 357.26, -0.7849, 0.0367, 0.6157, 0.0590
18:38:17, 1.77, 53, 284.13, 352.50, 357.05, -0.7857, 0.0357, 0.6145, 0.0605
18:38:17, 1.80, 54, 284.32, 352.46, 356.87, -0.7866, 0.0352, 0.6133, 0.0619
18:38:17, 1.80, 54, 284.45, 352.45, 356.75, -0.7872, 0.0347, 0.6125, 0.0627
18:38:17, 1.80, 54, 284.59, 352.44, 356.65, -0.7879, 0.0343, 0.6116, 0.0634
18:38:17, 1.83, 55, 284.68, 352.44, 356.52, -0.7884, 0.0336, 0.6109, 0.0642
18:38:17, 1.83, 55, 284.77, 352.47, 356.41, -0.7888, 0.0329, 0.6104, 0.0649
18:38:17, 1.87, 56, 284.85, 352.54, 356.31, -0.7892, 0.0320, 0.6099, 0.0652
18:38:17, 1.87, 56, 284.89, 352.59, 356.20, -0.7893, 0.0310, 0.6096, 0.0656
18:38:17, 1.87, 56, 284.90, 352.63, 356.11, -0.7894, 0.0303, 0.6096, 0.0660
18:38:17, 1.90, 57, 284.83, 352.70, 356.04, -0.7890, 0.0294, 0.6101, 0.0661
18:38:17, 1.90, 57, 284.76, 352.78, 355.95, -0.7887, 0.0283, 0.6106, 0.0663
18:38:17, 1.93, 58, 284.59, 352.86, 355.90, -0.7877, 0.0274, 0.6118, 0.0663
18:38:17, 1.93, 58, 284.38, 352.91, 355.84, -0.7867, 0.0266, 0.6132, 0.0665
18:38:17, 1.97, 59, 284.08, 352.96, 355.77, -0.7850, 0.0257, 0.6153, 0.0668
18:38:17, 1.97, 59, 283.67, 352.97, 355.77, -0.7828, 0.0255, 0.6181, 0.0668
18:38:17, 1.97, 59, 283.20, 352.95, 355.76, -0.7803, 0.0252, 0.6213, 0.0671
18:38:17, 2.00, 60, 282.77, 352.93, 355.78, -0.7779, 0.0253, 0.6243, 0.0672
18:38:17, 2.00, 60, 282.33, 352.91, 355.72, -0.7755, 0.0248, 0.6273, 0.0678
18:38:17, 2.03, 61, 281.94, 352.87, 355.75, -0.7733, 0.0249, 0.6299, 0.0679
18:38:17, 2.03, 61, 281.59, 352.86, 355.79, -0.7714, 0.0251, 0.6322, 0.0677
18:38:17, 2.03, 61, 281.33, 352.86, 355.88, -0.7700, 0.0254, 0.6340, 0.0672
18:38:17, 2.07, 62, 281.07, 352.90, 356.00, -0.7687, 0.0257, 0.6356, 0.0662
18:38:17, 2.07, 62, 280.82, 352.90, 356.14, -0.7674, 0.0263, 0.6373, 0.0653
18:38:17, 2.10, 63, 280.57, 352.88, 356.24, -0.7661, 0.0268, 0.6389, 0.0648
18:38:17, 2.10, 63, 280.32, 352.82, 356.35, -0.7646, 0.0277, 0.6406, 0.0645
18:38:17, 2.13, 64, 280.03, 352.77, 356.42, -0.7630, 0.0283, 0.6425, 0.0644
18:38:17, 2.13, 64, 279.78, 352.76, 356.48, -0.7616, 0.0285, 0.6442, 0.0641
18:38:17, 2.13, 64, 279.49, 352.75, 356.47, -0.7600, 0.0284, 0.6461, 0.0643
18:38:17, 2.17, 65, 279.24, 352.71, 356.50, -0.7586, 0.0286, 0.6477, 0.0644
18:38:17, 2.17, 65, 278.96, 352.63, 356.50, -0.7570, 0.0290, 0.6496, 0.0649
18:38:17, 2.20, 66, 278.73, 352.50, 356.49, -0.7556, 0.0297, 0.6510, 0.0658
18:38:17, 2.20, 66, 278.51, 352.32, 356.45, -0.7542, 0.0306, 0.6525, 0.0671
18:38:17, 2.20, 66, 278.29, 352.17, 356.43, -0.7528, 0.0313, 0.6539, 0.0681
18:38:17, 2.23, 67, 278.07, 352.03, 356.43, -0.7515, 0.0321, 0.6553, 0.0690
18:38:17, 2.23, 67, 277.87, 351.95, 356.42, -0.7503, 0.0324, 0.6566, 0.0696
18:38:17, 2.27, 68, 277.68, 351.79, 356.42, -0.7491, 0.0333, 0.6578, 0.0706
18:38:17, 2.27, 68, 277.46, 351.68, 356.41, -0.7477, 0.0339, 0.6593, 0.0713
18:38:17, 2.30, 69, 277.23, 351.50, 356.39, -0.7463, 0.0348, 0.6607, 0.0726
18:38:17, 2.30, 69, 277.02, 351.34, 356.40, -0.7450, 0.0358, 0.6621, 0.0735
18:38:17, 2.30, 69, 276.77, 351.17, 356.39, -0.7435, 0.0366, 0.6636, 0.0746
18:38:17, 2.33, 70, 276.55, 351.05, 356.42, -0.7421, 0.0375, 0.6650, 0.0751
18:38:17, 2.33, 70, 276.29, 350.95, 356.48, -0.7405, 0.0383, 0.6667, 0.0754
18:38:17, 2.37, 71, 276.04, 350.89, 356.53, -0.7391, 0.0388, 0.6683, 0.0756
18:38:17, 2.37, 71, 275.73, 350.84, 356.58, -0.7373, 0.0392, 0.6702, 0.0756
18:38:17, 2.37, 71, 275.44, 350.84, 356.63, -0.7356, 0.0393, 0.6721, 0.0754
18:38:17, 2.40, 72, 275.16, 350.84, 356.65, -0.7340, 0.0393, 0.6738, 0.0753
18:38:17, 2.40, 72, 274.85, 350.94, 356.68, -0.7323, 0.0386, 0.6758, 0.0747
18:38:17, 2.43, 73, 274.55, 350.97, 356.76, -0.7305, 0.0387, 0.6777, 0.0741
18:38:17, 2.43, 73, 274.21, 351.00, 356.86, -0.7286, 0.0389, 0.6799, 0.0734
18:38:17, 2.47, 74, 273.92, 351.03, 356.99, -0.7270, 0.0392, 0.6817, 0.0725
18:38:17, 2.47, 74, 273.62, 351.09, 357.12, -0.7253, 0.0395, 0.6835, 0.0714
18:38:17, 2.47, 74, 273.32, 351.15, 357.24, -0.7236, 0.0397, 0.6854, 0.0704
18:38:17, 2.50, 75, 273.07, 351.14, 357.37, -0.7222, 0.0403, 0.6869, 0.0697
18:38:17, 2.50, 75, 272.76, 351.17, 357.51, -0.7204, 0.0407, 0.6889, 0.0688
18:38:17, 2.53, 76, 272.45, 351.22, 357.66, -0.7187, 0.0412, 0.6908, 0.0677
18:38:17, 2.53, 76, 272.11, 351.19, 357.79, -0.7167, 0.0419, 0.6928, 0.0671
18:38:17, 2.53, 76, 271.82, 351.16, 357.88, -0.7150, 0.0425, 0.6946, 0.0669
18:38:17, 2.57, 77, 271.51, 351.18, 358.00, -0.7132, 0.0430, 0.6965, 0.0661
18:38:17, 2.57, 77, 271.24, 351.16, 358.13, -0.7116, 0.0437, 0.6982, 0.0655
18:38:17, 2.60, 78, 270.98, 351.20, 358.26, -0.7101, 0.0441, 0.6997, 0.0646
18:38:17, 2.60, 78, 270.74, 351.18, 358.37, -0.7087, 0.0448, 0.7011, 0.0641
18:38:17, 2.63, 79, 270.54, 351.13, 358.48, -0.7075, 0.0457, 0.7023, 0.0638
18:38:17, 2.63, 79, 270.33, 351.09, 358.63, -0.7063, 0.0467, 0.7035, 0.0633
18:38:17, 2.63, 79, 270.14, 351.04, 358.73, -0.7052, 0.0475, 0.7046, 0.0630
18:38:17, 2.67, 80, 269.95, 350.95, 358.84, -0.7040, 0.0487, 0.7057, 0.0629
18:38:17, 2.67, 80, 269.78, 350.87, 358.94, -0.7029, 0.0496, 0.7067, 0.0629
18:38:17, 2.70, 81, 269.60, 350.79, 359.04, -0.7019, 0.0506, 0.7077, 0.0628
18:38:18, 2.70, 81, 269.42, 350.74, 359.14, -0.7008, 0.0515, 0.7088, 0.0626
18:38:18, 2.70, 81, 269.24, 350.65, 359.22, -0.6997, 0.0524, 0.7098, 0.0628
18:38:18, 2.73, 82, 269.07, 350.62, 359.29, -0.6986, 0.0529, 0.7108, 0.0626
18:38:18, 2.73, 82, 268.91, 350.55, 359.38, -0.6976, 0.0539, 0.7117, 0.0626
18:38:18, 2.77, 83, 268.71, 350.49, 359.46, -0.6964, 0.0546, 0.7128, 0.0625
18:38:18, 2.77, 83, 268.52, 350.42, 359.56, -0.6952, 0.0556, 0.7139, 0.0625
18:38:18, 2.80, 84, 268.34, 350.37, 359.61, -0.6941, 0.0561, 0.7150, 0.0626
18:38:18, 2.80, 84, 268.14, 350.35, 359.65, -0.6929, 0.0563, 0.7161, 0.0626
18:38:18, 2.80, 84, 267.97, 350.38, 359.68, -0.6919, 0.0562, 0.7171, 0.0623
18:38:18, 2.83, 85, 267.81, 350.39, 359.77, -0.6909, 0.0566, 0.7181, 0.0617
18:38:18, 2.83, 85, 267.65, 350.40, 359.87, -0.6900, 0.0571, 0.7190, 0.0612
18:38:18, 2.87, 86, 267.50, 350.44, 359.96, -0.6891, 0.0574, 0.7199, 0.0604
18:38:18, 2.87, 86, 267.37, 350.45, 0.02, -0.6883, 0.0576, 0.7206, 0.0601
18:38:18, 2.87, 86, 267.23, 350.50, 0.07, -0.6875, 0.0576, 0.7215, 0.0596
18:38:18, 2.90, 87, 267.12, 350.51, 0.10, -0.6868, 0.0576, 0.7221, 0.0594
18:38:18, 2.90, 87, 267.03, 350.54, 0.14, -0.6862, 0.0576, 0.7227, 0.0590
18:38:18, 2.93, 88, 266.94, 350.60, 0.17, -0.6858, 0.0574, 0.7232, 0.0585
18:38:18, 2.93, 88, 266.87, 350.60, 0.20, -0.6853, 0.0576, 0.7236, 0.0583
18:38:18, 2.97, 89, 266.83, 350.59, 0.17, -0.6850, 0.0574, 0.7239, 0.0586
18:38:18, 2.97, 89, 266.78, 350.57, 0.16, -0.6847, 0.0575, 0.7242, 0.0588
18:38:18, 2.97, 89, 266.75, 350.59, 0.14, -0.6845, 0.0572, 0.7244, 0.0588
18:38:18, 3.00, 90, 266.71, 350.59, 0.12, -0.6843, 0.0570, 0.7246, 0.0590
18:38:18, 3.00, 90, 266.65, 350.60, 0.10, -0.6839, 0.0568, 0.7250, 0.0590
18:38:18, 3.03, 91, 266.56, 350.61, 0.07, -0.6833, 0.0565, 0.7255, 0.0592
18:38:18, 3.03, 91, 266.48, 350.58, 0.01, -0.6828, 0.0563, 0.7260, 0.0598
18:38:18, 3.03, 91, 266.39, 350.58, 359.95, -0.6821, 0.0559, 0.7266, 0.0602
18:38:18, 3.07, 92, 266.30, 350.56, 359.91, -0.6815, 0.0557, 0.7272, 0.0606
18:38:18, 3.07, 92, 266.19, 350.56, 359.88, -0.6808, 0.0555, 0.7278, 0.0608
18:38:18, 3.10, 93, 266.07, 350.57, 359.85, -0.6801, 0.0552, 0.7285, 0.0610
18:38:18, 3.10, 93, 265.96, 350.55, 359.87, -0.6793, 0.0553, 0.7292, 0.0611
18:38:18, 3.13, 94, 265.82, 350.54, 359.86, -0.6785, 0.0553, 0.7300, 0.0612
18:38:18, 3.13, 94, 265.71, 350.54, 359.83, -0.6777, 0.0550, 0.7307, 0.0615
18:38:18, 3.13, 94, 265.55, 350.56, 359.84, -0.6767, 0.0549, 0.7316, 0.0614
18:38:18, 3.17, 95, 265.40, 350.55, 359.83, -0.6757, 0.0548, 0.7325, 0.0616
18:38:18, 3.17, 95, 265.26, 350.51, 359.82, -0.6748, 0.0549, 0.7333, 0.0619
18:38:18, 3.20, 96, 265.11, 350.49, 359.83, -0.6739, 0.0550, 0.7342, 0.0620
18:38:18, 3.20, 96, 264.94, 350.47, 359.86, -0.6728, 0.0552, 0.7351, 0.0621
18:38:18, 3.20, 96, 264.77, 350.46, 359.87, -0.6717, 0.0552, 0.7361, 0.0622
18:38:18, 3.23, 97, 264.61, 350.47, 359.89, -0.6707, 0.0552, 0.7370, 0.0621
18:38:18, 3.23, 97, 264.48, 350.45, 359.93, -0.6699, 0.0555, 0.7378, 0.0620
18:38:18, 3.27, 98, 264.33, 350.43, 359.95, -0.6689, 0.0557, 0.7387, 0.0621
18:38:18, 3.27, 98, 264.19, 350.41, 359.98, -0.6680, 0.0559, 0.7394, 0.0621
18:38:18, 3.30, 99, 264.06, 350.37, 359.99, -0.6672, 0.0561, 0.7402, 0.0624
18:38:18, 3.30, 99, 263.93, 350.35, 359.98, -0.6663, 0.0561, 0.7409, 0.0626
18:38:18, 3.30, 99, 263.83, 350.33, 359.98, -0.6656, 0.0562, 0.7415, 0.0629
18:38:18, 3.33, 100, 263.73, 350.32, 359.99, -0.6650, 0.0562, 0.7421, 0.0629
18:38:18, 3.33, 100, 263.63, 350.31, 359.97, -0.6643, 0.0562, 0.7427, 0.0631
18:38:18, 3.37, 101, 263.52, 350.30, 359.97, -0.6636, 0.0561, 0.7433, 0.0632
18:38:18, 3.37, 101, 263.43, 350.30, 359.95, -0.6630, 0.0559, 0.7438, 0.0634
18:38:18, 3.37, 101, 263.33, 350.27, 359.94, -0.6623, 0.0560, 0.7444, 0.0637
18:38:18, 3.40, 102, 263.20, 350.25, 359.90, -0.6615, 0.0557, 0.7451, 0.0642
18:38:18, 3.40, 102, 263.11, 350.23, 359.87, -0.6608, 0.0556, 0.7457, 0.0645
18:38:18, 3.43, 103, 262.98, 350.22, 359.83, -0.6600, 0.0554, 0.7464, 0.0648
18:38:18, 3.43, 103, 262.88, 350.18, 359.80, -0.6593, 0.0553, 0.7470, 0.0653
18:38:18, 3.47, 104, 262.77, 350.19, 359.73, -0.6586, 0.0548, 0.7477, 0.0657
18:38:18, 3.47, 104, 262.66, 350.14, 359.68, -0.6578, 0.0546, 0.7483, 0.0664
18:38:18, 3.47, 104, 262.54, 350.17, 359.61, -0.6570, 0.0539, 0.7490, 0.0666
18:38:18, 3.50, 105, 262.41, 350.16, 359.56, -0.6560, 0.0536, 0.7498, 0.0670
18:38:18, 3.50, 105, 262.27, 350.16, 359.51, -0.6551, 0.0532, 0.7506, 0.0674
18:38:18, 3.53, 106, 262.11, 350.17, 359.51, -0.6541, 0.0531, 0.7516, 0.0674
18:38:18, 3.53, 106, 261.94, 350.16, 359.51, -0.6530, 0.0530, 0.7525, 0.0676
18:38:18, 3.53, 106, 261.77, 350.17, 359.49, -0.6518, 0.0527, 0.7535, 0.0677
18:38:18, 3.57, 107, 261.61, 350.14, 359.47, -0.6508, 0.0527, 0.7544, 0.0681
18:38:18, 3.57, 107, 261.45, 350.12, 359.45, -0.6497, 0.0525, 0.7553, 0.0684
18:38:18, 3.60, 108, 261.29, 350.10, 359.42, -0.6486, 0.0524, 0.7562, 0.0687
18:38:18, 3.60, 108, 261.12, 350.04, 359.40, -0.6474, 0.0525, 0.7571, 0.0693
18:38:18, 3.63, 109, 260.95, 350.00, 359.39, -0.6463, 0.0525, 0.7581, 0.0698
18:38:18, 3.63, 109, 260.78, 349.97, 359.36, -0.6451, 0.0524, 0.7590, 0.0702
18:38:18, 3.63, 109, 260.60, 349.92, 359.35, -0.6439, 0.0525, 0.7600, 0.0706
18:38:18, 3.67, 110, 260.39, 349.89, 359.35, -0.6425, 0.0525, 0.7612, 0.0710
18:38:18, 3.67, 110, 260.17, 349.85, 359.37, -0.6410, 0.0528, 0.7624, 0.0712
18:38:18, 3.70, 111, 259.95, 349.81, 359.40, -0.6395, 0.0530, 0.7636, 0.0714
18:38:19, 3.70, 111, 259.71, 349.79, 359.41, -0.6379, 0.0530, 0.7649, 0.0716
18:38:19, 3.70, 111, 259.44, 349.73, 359.41, -0.6361, 0.0532, 0.7664, 0.0722
18:38:19, 3.73, 112, 259.22, 349.71, 359.36, -0.6346, 0.0529, 0.7676, 0.0726
18:38:19, 3.73, 112, 258.93, 349.70, 359.35, -0.6326, 0.0527, 0.7692, 0.0729
18:38:19, 3.77, 113, 258.66, 349.70, 359.37, -0.6308, 0.0527, 0.7707, 0.0729
18:38:19, 3.77, 113, 258.36, 349.68, 359.36, -0.6288, 0.0525, 0.7723, 0.0732
18:38:19, 3.77, 113, 258.07, 349.69, 359.39, -0.6269, 0.0525, 0.7739, 0.0731
18:38:19, 3.80, 114, 257.81, 349.67, 359.40, -0.6251, 0.0525, 0.7753, 0.0733
18:38:19, 3.80, 114, 257.55, 349.69, 359.41, -0.6233, 0.0522, 0.7768, 0.0732
18:38:19, 3.83, 115, 257.26, 349.72, 359.43, -0.6214, 0.0521, 0.7783, 0.0731
18:38:19, 3.83, 115, 256.99, 349.69, 359.40, -0.6196, 0.0518, 0.7798, 0.0736
18:38:19, 3.87, 116, 256.72, 349.69, 359.41, -0.6177, 0.0517, 0.7812, 0.0736
18:38:19, 3.87, 116, 256.42, 349.66, 359.43, -0.6157, 0.0519, 0.7828, 0.0738
18:38:19, 3.87, 116, 256.15, 349.63, 359.43, -0.6138, 0.0518, 0.7843, 0.0742
18:38:19, 3.90, 117, 255.84, 349.62, 359.44, -0.6117, 0.0518, 0.7859, 0.0743
18:38:19, 3.90, 117, 255.52, 349.62, 359.46, -0.6095, 0.0517, 0.7876, 0.0744
18:38:19, 3.93, 118, 255.19, 349.59, 359.47, -0.6072, 0.0517, 0.7893, 0.0747
18:38:19, 3.93, 118, 254.86, 349.57, 359.49, -0.6049, 0.0517, 0.7911, 0.0749
18:38:19, 3.93, 118, 254.53, 349.57, 359.49, -0.6027, 0.0516, 0.7928, 0.0750
18:38:19, 3.97, 119, 254.12, 349.54, 359.53, -0.5999, 0.0517, 0.7949, 0.0752
18:38:19, 3.97, 119, 253.71, 349.54, 359.58, -0.5970, 0.0518, 0.7970, 0.0751
18:38:19, 4.00, 120, 253.31, 349.55, 359.59, -0.5943, 0.0515, 0.7991, 0.0752
18:38:19, 4.00, 120, 252.96, 349.52, 359.65, -0.5918, 0.0519, 0.8009, 0.0752
18:38:19, 4.03, 121, 252.57, 349.53, 359.68, -0.5892, 0.0518, 0.8028, 0.0752
18:38:19, 4.03, 121, 252.13, 349.57, 359.75, -0.5861, 0.0518, 0.8051, 0.0747
18:38:19, 4.03, 121, 251.76, 349.58, 359.85, -0.5836, 0.0522, 0.8070, 0.0743
18:38:19, 4.07, 122, 251.35, 349.59, 359.91, -0.5807, 0.0523, 0.8090, 0.0742
18:38:19, 4.07, 122, 250.97, 349.54, 359.94, -0.5781, 0.0525, 0.8109, 0.0745
18:38:19, 4.10, 123, 250.64, 349.56, 0.01, -0.5757, 0.0526, 0.8126, 0.0742
18:38:19, 4.10, 123, 250.26, 349.51, 0.04, -0.5731, 0.0529, 0.8144, 0.0745
18:38:19, 4.13, 124, 249.84, 349.48, 0.06, -0.5701, 0.0529, 0.8165, 0.0749
18:38:19, 4.13, 124, 249.44, 349.47, 0.11, -0.5673, 0.0530, 0.8184, 0.0749
18:38:19, 4.13, 124, 249.02, 349.47, 0.14, -0.5642, 0.0530, 0.8205, 0.0749
18:38:19, 4.17, 125, 248.61, 349.47, 0.13, -0.5613, 0.0527, 0.8225, 0.0752
18:38:19, 4.17, 125, 248.18, 349.48, 0.20, -0.5583, 0.0528, 0.8246, 0.0749
18:38:19, 4.20, 126, 247.77, 349.39, 0.25, -0.5553, 0.0533, 0.8265, 0.0756
18:38:19, 4.20, 126, 247.35, 349.39, 0.26, -0.5523, 0.0531, 0.8285, 0.0757
18:38:19, 4.20, 126, 246.92, 349.35, 0.32, -0.5492, 0.0535, 0.8305, 0.0759
18:38:19, 4.23, 127, 246.51, 349.38, 0.35, -0.5462, 0.0533, 0.8325, 0.0757
18:38:19, 4.23, 127, 246.09, 349.34, 0.40, -0.5432, 0.0536, 0.8344, 0.0760
18:38:19, 4.27, 128, 245.64, 349.32, 0.46, -0.5400, 0.0538, 0.8365, 0.0760
18:38:19, 4.27, 128, 245.25, 349.31, 0.50, -0.5371, 0.0539, 0.8384, 0.0761
18:38:19, 4.27, 128, 244.81, 349.34, 0.57, -0.5340, 0.0539, 0.8404, 0.0758
18:38:19, 4.30, 129, 244.41, 349.32, 0.59, -0.5310, 0.0539, 0.8422, 0.0760
18:38:19, 4.30, 129, 243.98, 349.33, 0.65, -0.5279, 0.0540, 0.8442, 0.0759
18:38:19, 4.33, 130, 243.58, 349.27, 0.69, -0.5250, 0.0544, 0.8459, 0.0763
18:38:19, 4.33, 130, 243.14, 349.29, 0.75, -0.5218, 0.0544, 0.8479, 0.0761
18:38:19, 4.37, 131, 242.69, 349.25, 0.80, -0.5184, 0.0547, 0.8499, 0.0764
18:38:19, 4.37, 131, 242.26, 349.26, 0.83, -0.5153, 0.0545, 0.8519, 0.0764
18:38:19, 4.37, 131, 241.82, 349.22, 0.86, -0.5120, 0.0547, 0.8538, 0.0768
18:38:19, 4.40, 132, 241.35, 349.20, 0.87, -0.5085, 0.0545, 0.8559, 0.0771
18:38:19, 4.40, 132, 240.88, 349.15, 0.92, -0.5050, 0.0548, 0.8579, 0.0774
18:38:19, 4.43, 133, 240.35, 349.15, 0.93, -0.5011, 0.0545, 0.8602, 0.0777
18:38:19, 4.43, 133, 239.85, 349.12, 0.94, -0.4973, 0.0544, 0.8623, 0.0781
18:38:19, 4.43, 133, 239.33, 349.14, 1.00, -0.4934, 0.0544, 0.8646, 0.0779
18:38:19, 4.47, 134, 238.74, 349.19, 1.01, -0.4889, 0.0538, 0.8672, 0.0778
18:38:19, 4.47, 134, 238.21, 349.16, 1.02, -0.4849, 0.0537, 0.8694, 0.0782
18:38:19, 4.50, 135, 237.70, 349.20, 1.02, -0.4811, 0.0532, 0.8716, 0.0782
18:38:19, 4.50, 135, 237.14, 349.20, 1.07, -0.4769, 0.0532, 0.8739, 0.0782
18:38:19, 4.53, 136, 236.62, 349.15, 1.05, -0.4728, 0.0528, 0.8760, 0.0789
18:38:19, 4.53, 136, 236.08, 349.14, 1.12, -0.4688, 0.0531, 0.8782, 0.0789
18:38:19, 4.53, 136, 235.53, 349.08, 1.15, -0.4646, 0.0532, 0.8803, 0.0795
18:38:19, 4.57, 137, 235.04, 349.08, 1.15, -0.4608, 0.0529, 0.8823, 0.0798
18:38:19, 4.57, 137, 234.51, 349.05, 1.20, -0.4567, 0.0529, 0.8844, 0.0800
18:38:19, 4.60, 138, 234.03, 349.00, 1.25, -0.4530, 0.0532, 0.8863, 0.0805
18:38:19, 4.60, 138, 233.50, 349.03, 1.28, -0.4490, 0.0530, 0.8883, 0.0803
18:38:19, 4.63, 139, 233.01, 349.05, 1.24, -0.4451, 0.0522, 0.8903, 0.0806
18:38:19, 4.63, 139, 232.46, 349.02, 1.33, -0.4409, 0.0527, 0.8923, 0.0807
18:38:19, 4.63, 139, 231.94, 349.05, 1.39, -0.4369, 0.0526, 0.8944, 0.0805
18:38:19, 4.67, 140, 231.51, 349.03, 1.38, -0.4335, 0.0523, 0.8960, 0.0809
18:38:19, 4.67, 140, 230.99, 349.06, 1.47, -0.4296, 0.0525, 0.8979, 0.0805
18:38:19, 4.70, 141, 230.50, 349.06, 1.49, -0.4257, 0.0524, 0.8997, 0.0807
18:38:20, 4.70, 141, 230.05, 349.05, 1.57, -0.4222, 0.0528, 0.9014, 0.0807
18:38:20, 4.70, 141, 229.50, 349.07, 1.63, -0.4180, 0.0527, 0.9033, 0.0805
18:38:20, 4.73, 142, 229.07, 349.07, 1.60, -0.4145, 0.0522, 0.9049, 0.0808
18:38:20, 4.73, 142, 228.58, 349.02, 1.62, -0.4106, 0.0522, 0.9067, 0.0814
18:38:20, 4.77, 143, 228.06, 349.01, 1.57, -0.4065, 0.0514, 0.9085, 0.0819
18:38:20, 4.77, 143, 227.52, 349.02, 1.57, -0.4022, 0.0510, 0.9104, 0.0820
18:38:20, 4.77, 143, 227.02, 349.07, 1.57, -0.3982, 0.0505, 0.9122, 0.0819
18:38:20, 4.80, 144, 226.53, 349.11, 1.58, -0.3943, 0.0501, 0.9140, 0.0817
18:38:20, 4.80, 144, 226.01, 349.15, 1.55, -0.3902, 0.0493, 0.9158, 0.0818
18:38:20, 4.83, 145, 225.44, 349.13, 1.60, -0.3857, 0.0493, 0.9177, 0.0820
18:38:20, 4.83, 145, 224.99, 349.14, 1.53, -0.3820, 0.0485, 0.9192, 0.0824
18:38:20, 4.87, 146, 224.44, 349.15, 1.50, -0.3776, 0.0478, 0.9210, 0.0826
18:38:20, 4.87, 146, 223.96, 349.12, 1.54, -0.3738, 0.0479, 0.9226, 0.0829
18:38:20, 4.87, 146, 223.43, 349.15, 1.59, -0.3695, 0.0478, 0.9243, 0.0827
18:38:20, 4.90, 147, 222.96, 349.21, 1.64, -0.3658, 0.0477, 0.9258, 0.0822
18:38:20, 4.90, 147, 222.48, 349.27, 1.66, -0.3619, 0.0473, 0.9274, 0.0819
18:38:20, 4.93, 148, 221.99, 349.42, 1.75, -0.3581, 0.0473, 0.9290, 0.0806
18:38:20, 4.93, 148, 221.57, 349.51, 1.77, -0.3546, 0.0468, 0.9304, 0.0800
18:38:20, 4.97, 149, 221.09, 349.61, 1.84, -0.3508, 0.0467, 0.9319, 0.0791
18:38:20, 4.97, 149, 220.60, 349.72, 1.94, -0.3469, 0.0469, 0.9334, 0.0782
18:38:20, 4.97, 149, 220.16, 349.81, 2.01, -0.3434, 0.0468, 0.9348, 0.0774
18:38:20, 5.00, 150, 219.79, 349.96, 2.06, -0.3404, 0.0466, 0.9360, 0.0762
18:38:20, 5.00, 150, 219.35, 350.10, 2.12, -0.3369, 0.0464, 0.9374, 0.0750
18:38:20, 5.03, 151, 219.04, 350.22, 2.25, -0.3344, 0.0469, 0.9384, 0.0738
18:38:20, 5.03, 151, 218.60, 350.29, 2.36, -0.3309, 0.0473, 0.9396, 0.0731
18:38:20, 5.03, 151, 218.25, 350.51, 2.46, -0.3281, 0.0473, 0.9408, 0.0712
18:38:20, 5.07, 152, 217.93, 350.58, 2.55, -0.3255, 0.0477, 0.9417, 0.0704
18:38:20, 5.07, 152, 217.60, 350.69, 2.59, -0.3228, 0.0474, 0.9427, 0.0695
18:38:20, 5.10, 153, 217.29, 350.80, 2.62, -0.3204, 0.0472, 0.9436, 0.0687
18:38:20, 5.10, 153, 216.97, 350.92, 2.62, -0.3177, 0.0467, 0.9446, 0.0678
18:38:20, 5.10, 153, 216.67, 351.00, 2.59, -0.3152, 0.0461, 0.9455, 0.0674
18:38:20, 5.13, 154, 216.37, 351.04, 2.60, -0.3127, 0.0459, 0.9464, 0.0672
18:38:20, 5.13, 154, 216.03, 351.09, 2.64, -0.3100, 0.0458, 0.9473, 0.0668
18:38:20, 5.17, 155, 215.70, 351.12, 2.62, -0.3072, 0.0454, 0.9482, 0.0667
18:38:20, 5.17, 155, 215.41, 351.11, 2.59, -0.3048, 0.0450, 0.9490, 0.0670
18:38:20, 5.20, 156, 215.01, 351.08, 2.59, -0.3015, 0.0449, 0.9500, 0.0673
18:38:20, 5.20, 156, 214.66, 350.99, 2.57, -0.2986, 0.0447, 0.9509, 0.0683
18:38:20, 5.20, 156, 214.30, 350.88, 2.58, -0.2956, 0.0449, 0.9517, 0.0694
18:38:20, 5.23, 157, 213.92, 350.80, 2.61, -0.2924, 0.0451, 0.9527, 0.0701
18:38:20, 5.23, 157, 213.58, 350.76, 2.62, -0.2896, 0.0451, 0.9535, 0.0705
18:38:20, 5.27, 158, 213.19, 350.69, 2.62, -0.2864, 0.0450, 0.9544, 0.0712
18:38:20, 5.27, 158, 212.81, 350.70, 2.67, -0.2832, 0.0452, 0.9553, 0.0712
18:38:20, 5.30, 159, 212.45, 350.62, 2.66, -0.2802, 0.0450, 0.9562, 0.0720
18:38:20, 5.30, 159, 212.10, 350.55, 2.66, -0.2773, 0.0450, 0.9570, 0.0728
18:38:20, 5.30, 159, 211.71, 350.52, 2.73, -0.2741, 0.0454, 0.9579, 0.0730
18:38:20, 5.33, 160, 211.33, 350.50, 2.72, -0.2709, 0.0451, 0.9587, 0.0733
18:38:20, 5.33, 160, 211.04, 350.44, 2.73, -0.2685, 0.0451, 0.9594, 0.0739
18:38:20, 5.37, 161, 210.68, 350.40, 2.74, -0.2654, 0.0451, 0.9602, 0.0744
18:38:20, 5.37, 161, 210.41, 350.40, 2.75, -0.2632, 0.0450, 0.9608, 0.0745
18:38:20, 5.37, 161, 210.18, 350.38, 2.78, -0.2613, 0.0451, 0.9613, 0.0746
18:38:20, 5.40, 162, 209.89, 350.33, 2.84, -0.2590, 0.0456, 0.9619, 0.0750
18:38:20, 5.40, 162, 209.71, 350.31, 2.82, -0.2574, 0.0453, 0.9623, 0.0754
18:38:20, 5.43, 163, 209.54, 350.26, 2.82, -0.2560, 0.0454, 0.9626, 0.0758
18:38:20, 5.43, 163, 209.37, 350.17, 2.84, -0.2546, 0.0456, 0.9629, 0.0766
18:38:20, 5.47, 164, 209.22, 350.12, 2.82, -0.2533, 0.0454, 0.9632, 0.0771
18:38:20, 5.47, 164, 209.09, 350.10, 2.79, -0.2522, 0.0451, 0.9635, 0.0774
18:38:20, 5.47, 164, 208.97, 350.10, 2.75, -0.2511, 0.0447, 0.9638, 0.0775
18:38:20, 5.50, 165, 208.84, 350.12, 2.70, -0.2500, 0.0442, 0.9641, 0.0776
18:38:20, 5.50, 165, 208.74, 350.19, 2.65, -0.2491, 0.0435, 0.9644, 0.0771
18:38:20, 5.53, 166, 208.58, 350.27, 2.63, -0.2477, 0.0431, 0.9648, 0.0765
18:38:20, 5.53, 166, 208.43, 350.35, 2.61, -0.2465, 0.0426, 0.9652, 0.0759
18:38:20, 5.53, 166, 208.27, 350.44, 2.60, -0.2451, 0.0422, 0.9656, 0.0753
18:38:20, 5.57, 167, 208.11, 350.52, 2.55, -0.2438, 0.0416, 0.9661, 0.0747
18:38:20, 5.57, 167, 207.95, 350.60, 2.48, -0.2423, 0.0407, 0.9665, 0.0743
18:38:20, 5.60, 168, 207.79, 350.69, 2.39, -0.2409, 0.0397, 0.9669, 0.0738
18:38:20, 5.60, 168, 207.62, 350.79, 2.32, -0.2395, 0.0387, 0.9674, 0.0731
18:38:20, 5.63, 169, 207.45, 350.91, 2.26, -0.2380, 0.0379, 0.9678, 0.0723
18:38:20, 5.63, 169, 207.26, 350.98, 2.23, -0.2363, 0.0373, 0.9683, 0.0719
18:38:20, 5.63, 169, 207.08, 351.02, 2.18, -0.2348, 0.0367, 0.9687, 0.0716
18:38:20, 5.67, 170, 206.88, 351.07, 2.17, -0.2331, 0.0365, 0.9691, 0.0713
18:38:20, 5.67, 170, 206.68, 351.11, 2.17, -0.2314, 0.0363, 0.9696, 0.0710
18:38:20, 5.70, 171, 206.49, 351.15, 2.23, -0.2298, 0.0365, 0.9700, 0.0707
18:38:21, 5.70, 171, 206.26, 351.21, 2.26, -0.2279, 0.0366, 0.9705, 0.0701
18:38:21, 5.70, 171, 206.02, 351.27, 2.34, -0.2259, 0.0370, 0.9710, 0.0695
18:38:21, 5.73, 172, 205.77, 351.25, 2.39, -0.2239, 0.0373, 0.9714, 0.0697
18:38:21, 5.73, 172, 205.52, 351.31, 2.41, -0.2217, 0.0372, 0.9719, 0.0693
18:38:21, 5.77, 173, 205.24, 351.31, 2.45, -0.2194, 0.0373, 0.9725, 0.0692
18:38:21, 5.77, 173, 204.95, 351.32, 2.47, -0.2169, 0.0373, 0.9730, 0.0692
18:38:21, 5.80, 174, 204.65, 351.28, 2.51, -0.2144, 0.0376, 0.9735, 0.0695
18:38:21, 5.80, 174, 204.33, 351.20, 2.51, -0.2117, 0.0375, 0.9741, 0.0704
18:38:21, 5.80, 174, 204.01, 351.13, 2.51, -0.2090, 0.0374, 0.9746, 0.0711
18:38:21, 5.83, 175, 203.66, 351.13, 2.55, -0.2061, 0.0376, 0.9752, 0.0711
18:38:21, 5.83, 175, 203.26, 351.11, 2.53, -0.2027, 0.0372, 0.9759, 0.0715
18:38:21, 5.87, 176, 202.78, 351.10, 2.53, -0.1985, 0.0369, 0.9768, 0.0717
18:38:21, 5.87, 176, 202.30, 351.10, 2.50, -0.1944, 0.0363, 0.9776, 0.0719
18:38:21, 5.87, 176, 201.84, 351.14, 2.53, -0.1905, 0.0362, 0.9784, 0.0716
18:38:21, 5.90, 177, 201.32, 351.12, 2.59, -0.1861, 0.0365, 0.9792, 0.0719
18:38:21, 5.90, 177, 200.79, 351.18, 2.69, -0.1816, 0.0369, 0.9801, 0.0714
18:38:21, 5.93, 178, 200.33, 351.16, 2.79, -0.1777, 0.0375, 0.9808, 0.0715
18:38:21, 5.93, 178, 199.88, 351.22, 2.84, -0.1739, 0.0375, 0.9815, 0.0711
18:38:21, 5.97, 179, 199.38, 351.23, 2.97, -0.1697, 0.0383, 0.9822, 0.0710
18:38:21, 5.97, 179, 198.91, 351.30, 3.03, -0.1657, 0.0385, 0.9829, 0.0705
18:38:21, 5.97, 179, 198.47, 351.36, 3.13, -0.1620, 0.0389, 0.9835, 0.0699
18:38:21, 6.00, 180, 198.01, 351.42, 3.23, -0.1581, 0.0395, 0.9842, 0.0694
18:38:21, 6.00, 180, 197.51, 351.42, 3.34, -0.1539, 0.0401, 0.9848, 0.0694
18:38:21, 6.03, 181, 197.07, 351.54, 3.40, -0.1501, 0.0402, 0.9855, 0.0685
18:38:21, 6.03, 181, 196.61, 351.62, 3.46, -0.1461, 0.0403, 0.9861, 0.0679
18:38:21, 6.03, 181, 196.10, 351.67, 3.53, -0.1418, 0.0406, 0.9867, 0.0676
18:38:21, 6.07, 182, 195.59, 351.71, 3.65, -0.1375, 0.0412, 0.9874, 0.0672
18:38:21, 6.07, 182, 195.07, 351.78, 3.64, -0.1330, 0.0408, 0.9880, 0.0669
18:38:21, 6.10, 183, 194.62, 351.87, 3.73, -0.1291, 0.0412, 0.9886, 0.0662
18:38:21, 6.10, 183, 194.13, 351.89, 3.69, -0.1248, 0.0406, 0.9891, 0.0662
18:38:21, 6.13, 184, 193.62, 351.90, 3.78, -0.1205, 0.0410, 0.9896, 0.0662
18:38:21, 6.13, 184, 193.12, 351.91, 3.77, -0.1162, 0.0407, 0.9902, 0.0663
18:38:21, 6.13, 184, 192.69, 351.85, 3.77, -0.1125, 0.0405, 0.9906, 0.0669
18:38:21, 6.17, 185, 192.27, 351.78, 3.70, -0.1088, 0.0397, 0.9910, 0.0678
18:38:21, 6.17, 185, 191.86, 351.72, 3.59, -0.1052, 0.0385, 0.9913, 0.0685
18:38:21, 6.20, 186, 191.43, 351.72, 3.49, -0.1015, 0.0374, 0.9917, 0.0688
18:38:21, 6.20, 186, 191.05, 351.62, 3.44, -0.0982, 0.0368, 0.9920, 0.0698
18:38:21, 6.20, 186, 190.72, 351.55, 3.32, -0.0953, 0.0357, 0.9923, 0.0706
18:38:21, 6.23, 187, 190.33, 351.49, 3.26, -0.0919, 0.0349, 0.9926, 0.0713
18:38:21, 6.23, 187, 190.02, 351.40, 3.17, -0.0891, 0.0340, 0.9928, 0.0722
18:38:21, 6.27, 188, 189.73, 351.37, 3.12, -0.0866, 0.0335, 0.9930, 0.0727
18:38:21, 6.27, 188, 189.44, 351.26, 3.08, -0.0840, 0.0330, 0.9932, 0.0737
18:38:21, 6.30, 189, 189.15, 351.16, 3.03, -0.0815, 0.0324, 0.9933, 0.0747
18:38:21, 6.30, 189, 188.85, 351.10, 2.99, -0.0790, 0.0319, 0.9935, 0.0753
18:38:21, 6.30, 189, 188.57, 351.05, 2.95, -0.0765, 0.0314, 0.9937, 0.0759
18:38:21, 6.33, 190, 188.29, 351.01, 2.91, -0.0740, 0.0309, 0.9939, 0.0763
18:38:21, 6.33, 190, 187.98, 351.01, 2.89, -0.0714, 0.0306, 0.9941, 0.0764
18:38:21, 6.37, 191, 187.67, 351.00, 2.87, -0.0686, 0.0302, 0.9942, 0.0766
18:38:21, 6.37, 191, 187.31, 351.00, 2.89, -0.0655, 0.0301, 0.9944, 0.0767
18:38:21, 6.37, 191, 186.97, 351.07, 2.92, -0.0626, 0.0301, 0.9947, 0.0762
18:38:21, 6.40, 192, 186.59, 351.11, 2.92, -0.0593, 0.0298, 0.9949, 0.0758
18:38:21, 6.40, 192, 186.19, 351.16, 2.93, -0.0558, 0.0296, 0.9951, 0.0755
18:38:21, 6.43, 193, 185.80, 351.15, 2.94, -0.0524, 0.0295, 0.9953, 0.0757
18:38:21, 6.43, 193, 185.38, 351.17, 2.96, -0.0488, 0.0294, 0.9955, 0.0757
18:38:21, 6.47, 194, 184.97, 351.16, 3.01, -0.0452, 0.0295, 0.9957, 0.0758
18:38:21, 6.47, 194, 184.54, 351.22, 3.07, -0.0415, 0.0297, 0.9958, 0.0754
18:38:21, 6.47, 194, 184.06, 351.30, 3.14, -0.0374, 0.0300, 0.9960, 0.0748
18:38:21, 6.50, 195, 183.62, 351.35, 3.21, -0.0336, 0.0303, 0.9962, 0.0745
18:38:21, 6.50, 195, 183.18, 351.40, 3.28, -0.0298, 0.0306, 0.9963, 0.0741
18:38:21, 6.53, 196, 182.74, 351.43, 3.35, -0.0260, 0.0310, 0.9964, 0.0740
18:38:21, 6.53, 196, 182.35, 351.46, 3.38, -0.0227, 0.0310, 0.9965, 0.0738
18:38:21, 6.53, 196, 181.92, 351.47, 3.40, -0.0189, 0.0309, 0.9966, 0.0738
18:38:21, 6.57, 197, 181.45, 351.55, 3.47, -0.0148, 0.0311, 0.9967, 0.0732
18:38:21, 6.57, 197, 181.00, 351.52, 3.50, -0.0109, 0.0311, 0.9967, 0.0737
18:38:21, 6.60, 198, 180.53, 351.49, 3.51, -0.0069, 0.0309, 0.9968, 0.0740
18:38:21, 6.60, 198, 180.03, 351.47, 3.57, -0.0026, 0.0311, 0.9967, 0.0744
18:38:21, 6.63, 199, 179.59, 351.45, 3.65, 0.0012, 0.0315, 0.9967, 0.0747
18:38:21, 6.63, 199, 179.11, 351.39, 3.62, 0.0053, 0.0309, 0.9967, 0.0753
18:38:21, 6.63, 199, 178.65, 351.36, 3.64, 0.0094, 0.0308, 0.9966, 0.0756
18:38:21, 6.67, 200, 178.14, 351.30, 3.67, 0.0137, 0.0307, 0.9965, 0.0763
18:38:21, 6.67, 200, 177.69, 351.29, 3.62, 0.0177, 0.0299, 0.9965, 0.0765
18:38:21, 6.70, 201, 177.17, 351.22, 3.70, 0.0221, 0.0303, 0.9963, 0.0773
18:38:22, 6.70, 201, 176.72, 351.14, 3.67, 0.0260, 0.0297, 0.9962, 0.0781
18:38:22, 6.70, 201, 176.30, 351.13, 3.65, 0.0297, 0.0292, 0.9961, 0.0783
18:38:22, 6.73, 202, 175.89, 351.10, 3.66, 0.0333, 0.0290, 0.9959, 0.0787
18:38:22, 6.73, 202, 175.46, 351.06, 3.70, 0.0369, 0.0291, 0.9958, 0.0791
18:38:22, 6.77, 203, 175.08, 351.05, 3.67, 0.0402, 0.0286, 0.9956, 0.0792
18:38:22, 6.77, 203, 174.62, 350.98, 3.68, 0.0443, 0.0283, 0.9954, 0.0800
18:38:22, 6.80, 204, 174.18, 350.99, 3.65, 0.0481, 0.0277, 0.9953, 0.0800
18:38:22, 6.80, 204, 173.81, 351.02, 3.63, 0.0514, 0.0273, 0.9951, 0.0799
18:38:22, 6.80, 204, 173.42, 350.97, 3.58, 0.0547, 0.0266, 0.9949, 0.0803
18:38:22, 6.83, 205, 172.99, 350.99, 3.53, 0.0585, 0.0258, 0.9947, 0.0802
18:38:22, 6.83, 205, 172.56, 350.95, 3.49, 0.0622, 0.0252, 0.9945, 0.0806
18:38:22, 6.87, 206, 172.10, 350.86, 3.48, 0.0662, 0.0247, 0.9942, 0.0816
18:38:22, 6.87, 206, 171.70, 350.88, 3.45, 0.0698, 0.0241, 0.9939, 0.0815
18:38:22, 6.87, 206, 171.23, 350.85, 3.42, 0.0738, 0.0236, 0.9936, 0.0817
18:38:22, 6.90, 207, 170.83, 350.87, 3.41, 0.0773, 0.0232, 0.9934, 0.0817
18:38:22, 6.90, 207, 170.39, 350.87, 3.41, 0.0811, 0.0229, 0.9931, 0.0818
18:38:22, 6.93, 208, 169.93, 350.83, 3.40, 0.0850, 0.0225, 0.9927, 0.0822
18:38:22, 6.93, 208, 169.48, 350.82, 3.42, 0.0890, 0.0223, 0.9924, 0.0824
18:38:22, 6.97, 209, 169.10, 350.87, 3.44, 0.0922, 0.0222, 0.9921, 0.0820
18:38:22, 6.97, 209, 168.65, 350.83, 3.44, 0.0962, 0.0219, 0.9917, 0.0825
18:38:22, 6.97, 209, 168.24, 350.83, 3.44, 0.0997, 0.0216, 0.9913, 0.0826
18:38:22, 7.00, 210, 167.85, 350.84, 3.44, 0.1031, 0.0213, 0.9910, 0.0826
18:38:22, 7.00, 210, 167.39, 350.81, 3.50, 0.1070, 0.0215, 0.9906, 0.0829
18:38:22, 7.03, 211, 166.96, 350.89, 3.55, 0.1107, 0.0216, 0.9902, 0.0824
18:38:22, 7.03, 211, 166.53, 350.92, 3.56, 0.1144, 0.0214, 0.9898, 0.0822
18:38:22, 7.03, 211, 166.11, 350.91, 3.56, 0.1181, 0.0212, 0.9894, 0.0824
18:38:22, 7.07, 212, 165.69, 350.89, 3.61, 0.1216, 0.0212, 0.9889, 0.0826
18:38:22, 7.07, 212, 165.28, 350.89, 3.65, 0.1251, 0.0214, 0.9885, 0.0828
18:38:22, 7.10, 213, 164.84, 350.90, 3.71, 0.1289, 0.0215, 0.9880, 0.0829
18:38:22, 7.10, 213, 164.36, 350.87, 3.67, 0.1330, 0.0208, 0.9874, 0.0831
18:38:22, 7.13, 214, 163.99, 350.83, 3.71, 0.1362, 0.0208, 0.9869, 0.0837
18:38:22, 7.13, 214, 163.53, 350.82, 3.69, 0.1401, 0.0203, 0.9864, 0.0838
18:38:22, 7.13, 214, 163.11, 350.75, 3.79, 0.1436, 0.0208, 0.9858, 0.0845
18:38:22, 7.17, 215, 162.62, 350.71, 3.87, 0.1478, 0.0211, 0.9851, 0.0851
18:38:22, 7.17, 215, 162.23, 350.64, 3.91, 0.1511, 0.0210, 0.9846, 0.0858
18:38:22, 7.20, 216, 161.76, 350.57, 3.98, 0.1551, 0.0212, 0.9839, 0.0866
18:38:22, 7.20, 216, 161.35, 350.59, 4.01, 0.1586, 0.0211, 0.9833, 0.0865
18:38:22, 7.20, 216, 160.96, 350.57, 4.03, 0.1619, 0.0210, 0.9828, 0.0869
18:38:22, 7.23, 217, 160.55, 350.55, 4.05, 0.1654, 0.0208, 0.9822, 0.0871
18:38:22, 7.23, 217, 160.16, 350.51, 4.02, 0.1687, 0.0202, 0.9816, 0.0875
18:38:22, 7.27, 218, 159.80, 350.51, 4.07, 0.1717, 0.0203, 0.9810, 0.0876
18:38:22, 7.27, 218, 159.44, 350.44, 4.12, 0.1748, 0.0204, 0.9804, 0.0883
18:38:22, 7.30, 219, 159.09, 350.36, 4.12, 0.1777, 0.0200, 0.9798, 0.0891
18:38:22, 7.30, 219, 158.74, 350.28, 4.14, 0.1807, 0.0197, 0.9792, 0.0899
18:38:22, 7.30, 219, 158.40, 350.14, 4.16, 0.1835, 0.0194, 0.9786, 0.0911
18:38:22, 7.33, 220, 158.02, 349.97, 4.17, 0.1867, 0.0189, 0.9779, 0.0927
18:38:22, 7.33, 220, 157.68, 349.84, 4.15, 0.1895, 0.0183, 0.9772, 0.0938
18:38:22, 7.37, 221, 157.31, 349.77, 4.16, 0.1926, 0.0179, 0.9766, 0.0945
18:38:22, 7.37, 221, 156.96, 349.75, 4.19, 0.1956, 0.0179, 0.9759, 0.0947
18:38:22, 7.37, 221, 156.63, 349.77, 4.21, 0.1984, 0.0178, 0.9754, 0.0946
18:38:22, 7.40, 222, 156.29, 349.83, 4.23, 0.2013, 0.0178, 0.9748, 0.0942
18:38:22, 7.40, 222, 155.95, 349.96, 4.33, 0.2042, 0.0186, 0.9743, 0.0934
18:38:22, 7.43, 223, 155.57, 350.17, 4.41, 0.2074, 0.0194, 0.9737, 0.0918
18:38:22, 7.43, 223, 155.21, 350.42, 4.50, 0.2105, 0.0203, 0.9732, 0.0899
18:38:22, 7.47, 224, 154.81, 350.67, 4.56, 0.2140, 0.0210, 0.9726, 0.0880
18:38:22, 7.47, 224, 154.40, 350.93, 4.66, 0.2175, 0.0220, 0.9720, 0.0861
18:38:22, 7.47, 224, 153.94, 351.15, 4.72, 0.2215, 0.0226, 0.9712, 0.0844
18:38:22, 7.50, 225, 153.50, 351.36, 4.66, 0.2254, 0.0222, 0.9705, 0.0825
18:38:22, 7.50, 225, 153.06, 351.58, 4.67, 0.2292, 0.0224, 0.9698, 0.0808
18:38:22, 7.53, 226, 152.61, 351.73, 4.70, 0.2331, 0.0227, 0.9689, 0.0797
18:38:22, 7.53, 226, 152.06, 351.84, 4.70, 0.2377, 0.0225, 0.9679, 0.0789
18:38:22, 7.53, 226, 151.57, 351.94, 4.69, 0.2420, 0.0224, 0.9669, 0.0781
18:38:22, 7.57, 227, 150.97, 352.02, 4.66, 0.2471, 0.0218, 0.9656, 0.0774
18:38:22, 7.57, 227, 150.37, 352.12, 4.64, 0.2522, 0.0215, 0.9644, 0.0767
18:38:22, 7.60, 228, 149.73, 352.24, 4.64, 0.2576, 0.0213, 0.9630, 0.0758
18:38:22, 7.60, 228, 149.02, 352.35, 4.62, 0.2637, 0.0209, 0.9615, 0.0750
18:38:22, 7.63, 229, 148.28, 352.52, 4.62, 0.2699, 0.0209, 0.9598, 0.0737
18:38:22, 7.63, 229, 147.47, 352.70, 4.72, 0.2768, 0.0216, 0.9579, 0.0726
18:38:22, 7.63, 229, 146.78, 352.88, 4.73, 0.2826, 0.0217, 0.9563, 0.0712
18:38:22, 7.67, 230, 146.05, 353.05, 4.79, 0.2887, 0.0222, 0.9546, 0.0701
18:38:22, 7.67, 230, 145.33, 353.18, 4.82, 0.2948, 0.0224, 0.9528, 0.0692
18:38:22, 7.70, 231, 144.59, 353.31, 4.91, 0.3009, 0.0230, 0.9509, 0.0685
18:38:23, 7.70, 231, 143.81, 353.34, 4.98, 0.3074, 0.0232, 0.9488, 0.0686
18:38:23, 7.70, 231, 143.00, 353.36, 5.18, 0.3140, 0.0244, 0.9466, 0.0692
18:38:23, 7.73, 232, 142.25, 353.35, 5.31, 0.3201, 0.0250, 0.9445, 0.0698
18:38:23, 7.73, 232, 141.46, 353.40, 5.47, 0.3265, 0.0260, 0.9422, 0.0700
18:38:23, 7.77, 233, 140.72, 353.41, 5.59, 0.3325, 0.0266, 0.9401, 0.0705
18:38:23, 7.77, 233, 140.01, 353.36, 5.78, 0.3382, 0.0275, 0.9380, 0.0716
18:38:23, 7.80, 234, 139.31, 353.34, 5.97, 0.3437, 0.0286, 0.9358, 0.0724
18:38:23, 7.80, 234, 138.61, 353.23, 6.19, 0.3493, 0.0296, 0.9336, 0.0742
18:38:23, 7.80, 234, 137.95, 353.13, 6.45, 0.3544, 0.0309, 0.9315, 0.0760
18:38:23, 7.83, 235, 137.35, 352.90, 6.72, 0.3590, 0.0320, 0.9295, 0.0789
18:38:23, 7.83, 235, 136.68, 352.73, 6.98, 0.3641, 0.0331, 0.9272, 0.0812
18:38:23, 7.87, 236, 136.14, 352.47, 7.16, 0.3682, 0.0333, 0.9253, 0.0841
18:38:23, 7.87, 236, 135.58, 352.28, 7.32, 0.3724, 0.0335, 0.9234, 0.0863
18:38:23, 7.87, 236, 135.03, 352.14, 7.42, 0.3767, 0.0334, 0.9216, 0.0879
18:38:23, 7.90, 237, 134.35, 351.98, 7.47, 0.3819, 0.0328, 0.9193, 0.0895
18:38:23, 7.90, 237, 133.69, 351.93, 7.51, 0.3872, 0.0324, 0.9170, 0.0902
18:38:23, 7.93, 238, 132.96, 351.91, 7.50, 0.3930, 0.0317, 0.9145, 0.0906
18:38:23, 7.93, 238, 132.23, 351.84, 7.47, 0.3988, 0.0307, 0.9120, 0.0912
18:38:23, 7.97, 239, 131.51, 351.77, 7.45, 0.4045, 0.0296, 0.9094, 0.0919
18:38:23, 7.97, 239, 130.73, 351.82, 7.41, 0.4107, 0.0289, 0.9067, 0.0916
18:38:23, 7.97, 239, 129.98, 351.74, 7.35, 0.4167, 0.0276, 0.9040, 0.0921
18:38:23, 8.00, 240, 129.26, 351.68, 7.35, 0.4223, 0.0267, 0.9013, 0.0927
18:38:23, 8.00, 240, 128.58, 351.68, 7.31, 0.4276, 0.0259, 0.8988, 0.0928
18:38:23, 8.03, 241, 127.91, 351.66, 7.26, 0.4329, 0.0249, 0.8963, 0.0930
18:38:23, 8.03, 241, 127.25, 351.63, 7.27, 0.4380, 0.0243, 0.8938, 0.0933
18:38:23, 8.03, 241, 126.61, 351.53, 7.28, 0.4429, 0.0235, 0.8913, 0.0943
18:38:23, 8.07, 242, 125.97, 351.49, 7.27, 0.4479, 0.0227, 0.8888, 0.0947
18:38:23, 8.07, 242, 125.32, 351.42, 7.28, 0.4529, 0.0219, 0.8862, 0.0954
18:38:23, 8.10, 243, 124.70, 351.31, 7.25, 0.4576, 0.0208, 0.8837, 0.0963
18:38:23, 8.10, 243, 124.05, 351.24, 7.29, 0.4625, 0.0202, 0.8811, 0.0970
18:38:23, 8.13, 244, 123.38, 351.17, 7.24, 0.4676, 0.0190, 0.8783, 0.0975
18:38:23, 8.13, 244, 122.73, 351.13, 7.27, 0.4725, 0.0185, 0.8757, 0.0981
18:38:23, 8.13, 244, 122.03, 350.99, 7.26, 0.4777, 0.0172, 0.8727, 0.0992
18:38:23, 8.17, 245, 121.32, 350.98, 7.23, 0.4832, 0.0164, 0.8697, 0.0992
18:38:23, 8.17, 245, 120.61, 350.93, 7.23, 0.4885, 0.0155, 0.8667, 0.0997
18:38:23, 8.20, 246, 119.86, 350.79, 7.26, 0.4940, 0.0145, 0.8634, 0.1010
18:38:23, 8.20, 246, 119.12, 350.73, 7.28, 0.4996, 0.0137, 0.8602, 0.1016
18:38:23, 8.20, 246, 118.38, 350.62, 7.30, 0.5050, 0.0127, 0.8569, 0.1026
18:38:23, 8.23, 247, 117.62, 350.62, 7.21, 0.5107, 0.0114, 0.8536, 0.1022
18:38:23, 8.23, 247, 116.88, 350.60, 7.13, 0.5163, 0.0100, 0.8502, 0.1021
18:38:23, 8.27, 248, 116.17, 350.67, 7.03, 0.5217, 0.0089, 0.8470, 0.1012
18:38:23, 8.27, 248, 115.42, 350.64, 6.96, 0.5272, 0.0077, 0.8436, 0.1012
18:38:23, 8.30, 249, 114.63, 350.55, 6.96, 0.5330, 0.0065, 0.8399, 0.1019
18:38:23, 8.30, 249, 113.89, 350.40, 7.00, 0.5382, 0.0054, 0.8364, 0.1032
18:38:23, 8.30, 249, 113.10, 350.14, 7.06, 0.5437, 0.0039, 0.8326, 0.1054
18:38:23, 8.33, 250, 112.38, 350.00, 7.08, 0.5488, 0.0027, 0.8291, 0.1065
18:38:23, 8.33, 250, 111.68, 349.80, 7.13, 0.5536, 0.0014, 0.8257, 0.1082
18:38:23, 8.37, 251, 110.97, 349.63, 7.18, 0.5585, 0.0003, 0.8222, 0.1096
18:38:23, 8.37, 251, 110.28, 349.52, 7.15, 0.5634, -0.0012, 0.8188, 0.1103
18:38:23, 8.37, 251, 109.64, 349.50, 7.21, 0.5679, -0.0015, 0.8156, 0.1107
18:38:23, 8.40, 252, 109.01, 349.49, 7.17, 0.5724, -0.0024, 0.8125, 0.1106
18:38:23, 8.40, 252, 108.45, 349.57, 7.24, 0.5764, -0.0020, 0.8097, 0.1104
18:38:23, 8.43, 253, 107.92, 349.59, 7.19, 0.5802, -0.0028, 0.8070, 0.1099
18:38:23, 8.43, 253, 107.48, 349.64, 7.23, 0.5833, -0.0026, 0.8048, 0.1098
18:38:23, 8.47, 254, 107.05, 349.64, 7.18, 0.5864, -0.0034, 0.8026, 0.1095
18:38:23, 8.47, 254, 106.67, 349.71, 7.14, 0.5891, -0.0037, 0.8007, 0.1088
18:38:23, 8.47, 254, 106.31, 349.86, 7.16, 0.5917, -0.0031, 0.7989, 0.1079
18:38:23, 8.50, 255, 105.90, 350.15, 7.14, 0.5948, -0.0021, 0.7969, 0.1058
18:38:23, 8.50, 255, 105.52, 350.44, 7.16, 0.5977, -0.0008, 0.7950, 0.1039
18:38:23, 8.53, 256, 105.11, 350.65, 7.15, 0.6008, -0.0001, 0.7928, 0.1024
18:38:23, 8.53, 256, 104.71, 350.83, 7.18, 0.6036, 0.0007, 0.7908, 0.1013
18:38:23, 8.53, 256, 104.26, 351.01, 7.14, 0.6070, 0.0010, 0.7884, 0.0998
18:38:23, 8.57, 257, 103.82, 351.25, 7.15, 0.6101, 0.0020, 0.7862, 0.0983
18:38:23, 8.57, 257, 103.39, 351.47, 7.11, 0.6133, 0.0025, 0.7839, 0.0966
18:38:23, 8.60, 258, 102.95, 351.69, 7.12, 0.6165, 0.0034, 0.7816, 0.0951
18:38:23, 8.60, 258, 102.54, 351.86, 7.10, 0.6195, 0.0039, 0.7794, 0.0939
18:38:23, 8.63, 259, 102.12, 352.05, 7.10, 0.6224, 0.0046, 0.7772, 0.0926
18:38:23, 8.63, 259, 101.68, 352.13, 7.04, 0.6256, 0.0042, 0.7747, 0.0918
18:38:23, 8.63, 259, 101.26, 352.19, 7.03, 0.6284, 0.0041, 0.7725, 0.0913
18:38:23, 8.67, 260, 100.74, 352.24, 7.01, 0.6320, 0.0039, 0.7696, 0.0909
18:38:23, 8.67, 260, 100.26, 352.31, 6.98, 0.6353, 0.0037, 0.7670, 0.0903
18:38:23, 8.70, 261, 99.72, 352.42, 6.99, 0.6389, 0.0040, 0.7640, 0.0896
18:38:24, 8.70, 261, 99.22, 352.58, 6.95, 0.6424, 0.0042, 0.7612, 0.0884
18:38:24, 8.70, 261, 98.69, 352.78, 6.90, 0.6462, 0.0046, 0.7582, 0.0868
18:38:24, 8.73, 262, 98.17, 352.99, 6.89, 0.6498, 0.0053, 0.7553, 0.0854
18:38:24, 8.73, 262, 97.68, 353.15, 6.84, 0.6531, 0.0056, 0.7526, 0.0841
18:38:24, 8.77, 263, 97.25, 353.26, 6.86, 0.6560, 0.0060, 0.7501, 0.0835
18:38:24, 8.77, 263, 96.89, 353.43, 6.87, 0.6585, 0.0068, 0.7480, 0.0825
18:38:24, 8.80, 264, 96.49, 353.59, 6.85, 0.6612, 0.0073, 0.7458, 0.0813
18:38:24, 8.80, 264, 96.14, 353.71, 6.83, 0.6636, 0.0076, 0.7437, 0.0805
18:38:24, 8.80, 264, 95.78, 353.75, 6.78, 0.6660, 0.0073, 0.7416, 0.0799
18:38:24, 8.83, 265, 95.43, 353.74, 6.70, 0.6683, 0.0065, 0.7396, 0.0795
18:38:24, 8.83, 265, 95.11, 353.69, 6.64, 0.6704, 0.0056, 0.7377, 0.0796
18:38:24, 8.87, 266, 94.79, 353.63, 6.56, 0.6724, 0.0045, 0.7359, 0.0795
18:38:24, 8.87, 266, 94.45, 353.59, 6.49, 0.6746, 0.0035, 0.7339, 0.0794
18:38:24, 8.87, 266, 94.11, 353.55, 6.44, 0.6768, 0.0028, 0.7318, 0.0793
18:38:24, 8.90, 267, 93.80, 353.54, 6.32, 0.6789, 0.0018, 0.7300, 0.0787
18:38:24, 8.90, 267, 93.48, 353.55, 6.25, 0.6810, 0.0011, 0.7281, 0.0782
18:38:24, 8.93, 268, 93.21, 353.60, 6.18, 0.6828, 0.0008, 0.7265, 0.0775
18:38:24, 8.93, 268, 92.88, 353.70, 6.16, 0.6850, 0.0011, 0.7245, 0.0767
18:38:24, 8.97, 269, 92.59, 353.77, 6.07, 0.6869, 0.0008, 0.7228, 0.0757
18:38:24, 8.97, 269, 92.26, 353.88, 6.02, 0.6890, 0.0009, 0.7209, 0.0748
18:38:24, 8.97, 269, 91.99, 353.97, 5.95, 0.6909, 0.0007, 0.7192, 0.0738
18:38:24, 9.00, 270, 91.75, 354.04, 5.88, 0.6925, 0.0006, 0.7178, 0.0729
18:38:24, 9.00, 270, 91.49, 354.16, 5.81, 0.6942, 0.0008, 0.7162, 0.0717
18:38:24, 9.03, 271, 91.25, 354.23, 5.76, 0.6958, 0.0007, 0.7148, 0.0710
18:38:24, 9.03, 271, 91.01, 354.29, 5.74, 0.6973, 0.0008, 0.7133, 0.0705
18:38:24, 9.03, 271, 90.76, 354.31, 5.71, 0.6989, 0.0006, 0.7117, 0.0702
18:38:24, 9.07, 272, 90.54, 354.31, 5.67, 0.7003, 0.0002, 0.7104, 0.0700
18:38:24, 9.07, 272, 90.29, 354.30, 5.64, 0.7018, -0.0002, 0.7089, 0.0699
18:38:24, 9.10, 273, 90.08, 354.29, 5.65, 0.7032, -0.0003, 0.7076, 0.0699
18:38:24, 9.10, 273, 89.83, 354.30, 5.61, 0.7047, -0.0006, 0.7060, 0.0697
18:38:24, 9.13, 274, 89.60, 354.37, 5.62, 0.7062, -0.0003, 0.7047, 0.0693
18:38:24, 9.13, 274, 89.33, 354.42, 5.60, 0.7079, -0.0003, 0.7030, 0.0689
18:38:24, 9.13, 274, 89.09, 354.51, 5.54, 0.7094, -0.0002, 0.7015, 0.0680
18:38:24, 9.17, 275, 88.85, 354.61, 5.46, 0.7110, -0.0002, 0.7000, 0.0669
18:38:24, 9.17, 275, 88.59, 354.72, 5.41, 0.7127, 0.0000, 0.6984, 0.0659
18:38:24, 9.20, 276, 88.30, 354.87, 5.39, 0.7145, 0.0007, 0.6966, 0.0649
18:38:24, 9.20, 276, 88.04, 355.00, 5.37, 0.7162, 0.0012, 0.6949, 0.0640
18:38:24, 9.20, 276, 87.76, 355.19, 5.38, 0.7180, 0.0023, 0.6932, 0.0628
18:38:24, 9.23, 277, 87.47, 355.38, 5.38, 0.7198, 0.0034, 0.6914, 0.0617
18:38:24, 9.23, 277, 87.25, 355.54, 5.32, 0.7213, 0.0039, 0.6900, 0.0604
18:38:24, 9.27, 278, 87.06, 355.71, 5.30, 0.7225, 0.0048, 0.6888, 0.0592
18:38:24, 9.27, 278, 86.96, 355.93, 5.28, 0.7233, 0.0059, 0.6881, 0.0578
18:38:24, 9.30, 279, 86.89, 356.10, 5.29, 0.7237, 0.0070, 0.6877, 0.0569
18:38:24, 9.30, 279, 86.84, 356.22, 5.32, 0.7241, 0.0079, 0.6874, 0.0564
18:38:24, 9.30, 279, 86.75, 356.34, 5.34, 0.7247, 0.0087, 0.6868, 0.0558
18:38:24, 9.33, 280, 86.61, 356.43, 5.34, 0.7256, 0.0093, 0.6858, 0.0552
18:38:24, 9.33, 280, 86.49, 356.55, 5.36, 0.7264, 0.0102, 0.6851, 0.0547
18:38:24, 9.37, 281, 86.36, 356.71, 5.29, 0.7272, 0.0107, 0.6843, 0.0532
18:38:24, 9.37, 281, 86.26, 356.87, 5.23, 0.7279, 0.0113, 0.6836, 0.0519
18:38:24, 9.37, 281, 86.17, 357.05, 5.22, 0.7285, 0.0123, 0.6830, 0.0508
18:38:24, 9.40, 282, 86.09, 357.20, 5.24, 0.7291, 0.0134, 0.6825, 0.0501
18:38:24, 9.40, 282, 85.99, 357.30, 5.27, 0.7297, 0.0141, 0.6818, 0.0497
18:38:24, 9.43, 283, 85.94, 357.35, 5.31, 0.7300, 0.0147, 0.6815, 0.0496
18:38:24, 9.43, 283, 85.88, 357.43, 5.38, 0.7304, 0.0155, 0.6811, 0.0496
18:38:24, 9.47, 284, 85.80, 357.49, 5.41, 0.7309, 0.0160, 0.6805, 0.0494
18:38:24, 9.47, 284, 85.73, 357.51, 5.44, 0.7312, 0.0164, 0.6801, 0.0495
18:38:24, 9.47, 284, 85.64, 357.51, 5.41, 0.7318, 0.0162, 0.6795, 0.0494
18:38:24, 9.50, 285, 85.57, 357.49, 5.37, 0.7323, 0.0158, 0.6791, 0.0492
18:38:24, 9.50, 285, 85.50, 357.39, 5.29, 0.7327, 0.0146, 0.6786, 0.0494
18:38:24, 9.53, 286, 85.42, 357.26, 5.26, 0.7331, 0.0136, 0.6782, 0.0499
18:38:24, 9.53, 286, 85.34, 357.13, 5.18, 0.7335, 0.0122, 0.6777, 0.0502
18:38:24, 9.53, 286, 85.30, 356.98, 5.08, 0.7338, 0.0107, 0.6775, 0.0504
18:38:24, 9.57, 287, 85.28, 356.84, 4.99, 0.7338, 0.0092, 0.6774, 0.0507
18:38:24, 9.57, 287, 85.30, 356.70, 4.91, 0.7337, 0.0078, 0.6775, 0.0510
18:38:24, 9.60, 288, 85.37, 356.54, 4.83, 0.7333, 0.0064, 0.6780, 0.0514
18:38:24, 9.60, 288, 85.48, 356.32, 4.80, 0.7325, 0.0048, 0.6787, 0.0525
18:38:24, 9.63, 289, 85.59, 356.14, 4.75, 0.7318, 0.0035, 0.6794, 0.0532
18:38:24, 9.63, 289, 85.67, 356.00, 4.75, 0.7313, 0.0026, 0.6799, 0.0541
18:38:24, 9.63, 289, 85.77, 355.92, 4.74, 0.7306, 0.0021, 0.6806, 0.0545
18:38:24, 9.67, 290, 85.83, 355.87, 4.75, 0.7302, 0.0018, 0.6810, 0.0548
18:38:24, 9.67, 290, 85.89, 355.87, 4.72, 0.7299, 0.0017, 0.6814, 0.0547
18:38:24, 9.70, 291, 85.90, 355.89, 4.71, 0.7298, 0.0017, 0.6814, 0.0545
18:38:25, 9.70, 291, 85.87, 355.92, 4.72, 0.7300, 0.0020, 0.6813, 0.0544
18:38:25, 9.70, 291, 85.81, 355.88, 4.68, 0.7304, 0.0015, 0.6809, 0.0543
18:38:25, 9.73, 292, 85.76, 355.85, 4.65, 0.7307, 0.0011, 0.6805, 0.0544
18:38:25, 9.73, 292, 85.68, 355.82, 4.62, 0.7312, 0.0006, 0.6800, 0.0543
18:38:25, 9.77, 293, 85.58, 355.84, 4.58, 0.7318, 0.0005, 0.6794, 0.0539
18:38:25, 9.77, 293, 85.43, 355.87, 4.57, 0.7327, 0.0006, 0.6785, 0.0537
18:38:25, 9.80, 294, 85.27, 355.92, 4.55, 0.7337, 0.0007, 0.6774, 0.0533
18:38:25, 9.80, 294, 85.05, 355.97, 4.57, 0.7350, 0.0010, 0.6760, 0.0531
18:38:25, 9.80, 294, 84.78, 355.99, 4.56, 0.7366, 0.0010, 0.6742, 0.0529
18:38:25, 9.83, 295, 84.50, 356.02, 4.54, 0.7383, 0.0009, 0.6724, 0.0526
18:38:25, 9.83, 295, 84.13, 356.04, 4.54, 0.7404, 0.0009, 0.6701, 0.0525
18:38:25, 9.87, 296, 83.74, 356.09, 4.53, 0.7428, 0.0010, 0.6675, 0.0522
18:38:25, 9.87, 296, 83.30, 356.13, 4.54, 0.7453, 0.0011, 0.6647, 0.0520
18:38:25, 9.87, 296, 82.74, 356.18, 4.56, 0.7485, 0.0012, 0.6611, 0.0518
18:38:25, 9.90, 297, 82.17, 356.20, 4.53, 0.7518, 0.0010, 0.6573, 0.0516
18:38:25, 9.90, 297, 81.56, 356.27, 4.54, 0.7554, 0.0013, 0.6532, 0.0512
18:38:25, 9.93, 298, 81.02, 356.32, 4.54, 0.7585, 0.0013, 0.6497, 0.0509
18:38:25, 9.93, 298, 80.45, 356.37, 4.64, 0.7617, 0.0020, 0.6459, 0.0513
18:38:25, 9.97, 299, 79.85, 356.40, 4.68, 0.7651, 0.0021, 0.6419, 0.0515
18:38:25, 9.97, 299, 79.33, 356.47, 4.74, 0.7679, 0.0027, 0.6385, 0.0515
18:38:25, 9.97, 299, 78.73, 356.55, 4.82, 0.7713, 0.0034, 0.6344, 0.0516
