Timestamp, VideoTime, VideoFrame, HeadYaw, HeadPitch, HeadRoll, HeadQuatW, HeadQuatX, HeadQuatY, HeadQuatZ
18:46:42, 0.00, 0, 79.30, 15.77, 350.43, -0.7527, -0.0525, -0.6387, 0.1509
18:46:42, 0.03, 1, 79.70, 15.66, 350.44, -0.7506, -0.0513, -0.6413, 0.1504
18:46:42, 0.03, 1, 80.08, 15.53, 350.47, -0.7487, -0.0501, -0.6438, 0.1496
18:46:42, 0.03, 1, 80.46, 15.45, 350.46, -0.7467, -0.0490, -0.6463, 0.1494
18:46:42, 0.07, 2, 80.82, 15.34, 350.50, -0.7448, -0.0481, -0.6487, 0.1488
18:46:42, 0.07, 2, 81.18, 15.25, 350.47, -0.7429, -0.0469, -0.6510, 0.1485
18:46:42, 0.10, 3, 81.54, 15.12, 350.45, -0.7410, -0.0454, -0.6534, 0.1481
18:46:42, 0.10, 3, 81.88, 15.02, 350.47, -0.7392, -0.0444, -0.6556, 0.1476
18:46:42, 0.10, 3, 82.20, 14.91, 350.48, -0.7375, -0.0433, -0.6577, 0.1470
18:46:42, 0.13, 4, 82.49, 14.77, 350.48, -0.7361, -0.0420, -0.6596, 0.1463
18:46:42, 0.13, 4, 82.80, 14.60, 350.50, -0.7345, -0.0406, -0.6616, 0.1453
18:46:42, 0.17, 5, 83.12, 14.39, 350.54, -0.7330, -0.0391, -0.6636, 0.1440
18:46:42, 0.17, 5, 83.37, 14.25, 350.59, -0.7318, -0.0382, -0.6653, 0.1430
18:46:42, 0.20, 6, 83.65, 14.12, 350.65, -0.7304, -0.0374, -0.6671, 0.1420
18:46:42, 0.20, 6, 83.86, 14.09, 350.69, -0.7292, -0.0371, -0.6684, 0.1416
18:46:42, 0.20, 6, 84.05, 13.98, 350.80, -0.7284, -0.0368, -0.6696, 0.1403
18:46:42, 0.23, 7, 84.21, 13.85, 350.89, -0.7277, -0.0363, -0.6706, 0.1391
18:46:42, 0.23, 7, 84.34, 13.70, 350.93, -0.7272, -0.0354, -0.6715, 0.1380
18:46:42, 0.27, 8, 84.42, 13.57, 350.97, -0.7270, -0.0347, -0.6720, 0.1370
18:46:42, 0.27, 8, 84.46, 13.47, 351.00, -0.7269, -0.0342, -0.6722, 0.1363
18:46:42, 0.27, 8, 84.48, 13.35, 350.97, -0.7269, -0.0333, -0.6724, 0.1358
18:46:42, 0.30, 9, 84.48, 13.20, 350.94, -0.7270, -0.0321, -0.6724, 0.1351
18:46:42, 0.30, 9, 84.43, 13.04, 350.94, -0.7275, -0.0311, -0.6721, 0.1342
18:46:42, 0.33, 10, 84.40, 12.88, 350.93, -0.7278, -0.0300, -0.6720, 0.1333
18:46:42, 0.33, 10, 84.34, 12.70, 350.88, -0.7284, -0.0286, -0.6716, 0.1326
18:46:42, 0.37, 11, 84.25, 12.50, 350.84, -0.7291, -0.0272, -0.6711, 0.1317
18:46:42, 0.37, 11, 84.18, 12.29, 350.77, -0.7296, -0.0256, -0.6707, 0.1309
18:46:42, 0.37, 11, 84.09, 12.05, 350.70, -0.7304, -0.0237, -0.6701, 0.1299
18:46:42, 0.40, 12, 83.99, 11.84, 350.63, -0.7311, -0.0221, -0.6695, 0.1292
18:46:42, 0.40, 12, 83.86, 11.57, 350.58, -0.7321, -0.0201, -0.6687, 0.1279
18:46:42, 0.43, 13, 83.72, 11.33, 350.52, -0.7332, -0.0184, -0.6678, 0.1269
18:46:42, 0.43, 13, 83.55, 11.07, 350.48, -0.7344, -0.0166, -0.6668, 0.1256
18:46:43, 0.43, 13, 83.40, 10.84, 350.42, -0.7354, -0.0150, -0.6658, 0.1247
18:46:43, 0.47, 14, 83.22, 10.59, 350.38, -0.7367, -0.0133, -0.6647, 0.1235
18:46:43, 0.47, 14, 83.03, 10.38, 350.36, -0.7381, -0.0120, -0.6634, 0.1224
18:46:43, 0.50, 15, 82.78, 10.13, 350.33, -0.7397, -0.0105, -0.6618, 0.1211
18:46:43, 0.50, 15, 82.50, 9.84, 350.28, -0.7416, -0.0086, -0.6600, 0.1198
18:46:43, 0.53, 16, 82.28, 9.59, 350.26, -0.7431, -0.0071, -0.6586, 0.1185
18:46:43, 0.53, 16, 82.00, 9.34, 350.27, -0.7450, -0.0058, -0.6567, 0.1170
18:46:43, 0.53, 16, 81.72, 9.11, 350.24, -0.7468, -0.0044, -0.6549, 0.1159
18:46:43, 0.57, 17, 81.38, 8.90, 350.24, -0.7489, -0.0034, -0.6527, 0.1147
18:46:43, 0.57, 17, 81.10, 8.72, 350.26, -0.7507, -0.0025, -0.6508, 0.1136
18:46:43, 0.60, 18, 80.74, 8.53, 350.27, -0.7530, -0.0017, -0.6484, 0.1124
18:46:43, 0.60, 18, 80.42, 8.28, 350.30, -0.7551, -0.0005, -0.6462, 0.1108
18:46:43, 0.60, 18, 80.08, 8.04, 350.34, -0.7572, 0.0006, -0.6440, 0.1092
18:46:43, 0.63, 19, 79.80, 7.83, 350.37, -0.7590, 0.0015, -0.6421, 0.1079
18:46:43, 0.63, 19, 79.47, 7.54, 350.46, -0.7612, 0.0026, -0.6398, 0.1057
18:46:43, 0.67, 20, 79.14, 7.23, 350.42, -0.7633, 0.0046, -0.6376, 0.1043
18:46:43, 0.67, 20, 78.81, 6.97, 350.49, -0.7654, 0.0057, -0.6354, 0.1024
18:46:43, 0.70, 21, 78.54, 6.67, 350.52, -0.7672, 0.0073, -0.6334, 0.1006
18:46:43, 0.70, 21, 78.19, 6.44, 350.58, -0.7694, 0.0082, -0.6310, 0.0989
18:46:43, 0.70, 21, 77.91, 6.11, 350.65, -0.7712, 0.0098, -0.6291, 0.0967
18:46:43, 0.73, 22, 77.55, 5.71, 350.69, -0.7736, 0.0120, -0.6265, 0.0943
18:46:43, 0.73, 22, 77.24, 5.28, 350.70, -0.7756, 0.0147, -0.6243, 0.0920
18:46:43, 0.77, 23, 76.88, 4.86, 350.71, -0.7779, 0.0172, -0.6218, 0.0896
18:46:43, 0.77, 23, 76.55, 4.58, 350.77, -0.7799, 0.0185, -0.6195, 0.0878
18:46:43, 0.77, 23, 76.21, 4.21, 350.82, -0.7820, 0.0206, -0.6170, 0.0855
18:46:43, 0.80, 24, 75.85, 3.88, 350.80, -0.7842, 0.0227, -0.6144, 0.0839
18:46:43, 0.80, 24, 75.42, 3.57, 350.81, -0.7866, 0.0244, -0.6114, 0.0823
18:46:43, 0.83, 25, 75.06, 3.34, 350.85, -0.7888, 0.0255, -0.6088, 0.0809
18:46:43, 0.83, 25, 74.60, 3.15, 350.82, -0.7913, 0.0267, -0.6055, 0.0802
18:46:43, 0.87, 26, 74.21, 2.81, 350.82, -0.7936, 0.0288, -0.6027, 0.0785
18:46:43, 0.87, 26, 73.69, 2.62, 350.81, -0.7964, 0.0298, -0.5990, 0.0778
18:46:43, 0.87, 26, 73.23, 2.42, 350.84, -0.7989, 0.0307, -0.5958, 0.0766
18:46:43, 0.90, 27, 72.71, 2.24, 350.88, -0.8018, 0.0314, -0.5920, 0.0756
18:46:43, 0.90, 27, 72.20, 2.07, 350.87, -0.8044, 0.0323, -0.5884, 0.0749
18:46:43, 0.93, 28, 71.61, 1.96, 350.83, -0.8075, 0.0330, -0.5842, 0.0748
18:46:43, 0.93, 28, 70.92, 1.81, 350.85, -0.8111, 0.0334, -0.5792, 0.0741
18:46:43, 0.93, 28, 70.23, 1.71, 350.94, -0.8147, 0.0333, -0.5743, 0.0732
18:46:43, 0.97, 29, 69.51, 1.68, 351.02, -0.8183, 0.0326, -0.5692, 0.0726
18:46:43, 0.97, 29, 68.72, 1.66, 351.12, -0.8223, 0.0318, -0.5636, 0.0720
18:46:43, 1.00, 30, 67.93, 1.60, 351.20, -0.8263, 0.0313, -0.5579, 0.0714
18:46:43, 1.00, 30, 67.08, 1.58, 351.29, -0.8304, 0.0305, -0.5518, 0.0709
18:46:43, 1.03, 31, 66.27, 1.50, 351.39, -0.8344, 0.0301, -0.5458, 0.0700
18:46:43, 1.03, 31, 65.46, 1.41, 351.45, -0.8383, 0.0300, -0.5399, 0.0693
18:46:43, 1.03, 31, 64.63, 1.33, 351.54, -0.8423, 0.0297, -0.5338, 0.0685
18:46:43, 1.07, 32, 63.84, 1.25, 351.62, -0.8460, 0.0294, -0.5280, 0.0678
18:46:43, 1.07, 32, 63.00, 1.16, 351.76, -0.8500, 0.0290, -0.5218, 0.0666
18:46:43, 1.10, 33, 62.14, 1.13, 351.84, -0.8539, 0.0283, -0.5154, 0.0660
18:46:43, 1.10, 33, 61.26, 1.06, 351.96, -0.8580, 0.0277, -0.5088, 0.0650
18:46:43, 1.10, 33, 60.38, 0.95, 352.07, -0.8620, 0.0276, -0.5021, 0.0639
18:46:43, 1.13, 34, 59.52, 0.90, 352.15, -0.8658, 0.0272, -0.4956, 0.0633
18:46:43, 1.13, 34, 58.69, 0.76, 352.29, -0.8695, 0.0272, -0.4893, 0.0619
18:46:43, 1.17, 35, 57.84, 0.69, 352.38, -0.8732, 0.0269, -0.4828, 0.0610
18:46:43, 1.17, 35, 56.94, 0.55, 352.48, -0.8770, 0.0271, -0.4759, 0.0599
18:46:43, 1.20, 36, 56.03, 0.50, 352.53, -0.8808, 0.0267, -0.4689, 0.0596
18:46:43, 1.20, 36, 55.14, 0.37, 352.65, -0.8845, 0.0268, -0.4621, 0.0583
18:46:43, 1.20, 36, 54.30, 0.30, 352.73, -0.8879, 0.0266, -0.4556, 0.0576
18:46:43, 1.23, 37, 53.51, 0.12, 352.79, -0.8911, 0.0274, -0.4494, 0.0566
18:46:43, 1.23, 37, 52.68, 0.01, 352.82, -0.8944, 0.0277, -0.4428, 0.0561
18:46:43, 1.27, 38, 51.85, 359.80, 352.88, -0.8977, 0.0287, -0.4363, 0.0550
18:46:43, 1.27, 38, 51.01, 359.61, 352.97, -0.9009, 0.0295, -0.4296, 0.0538
18:46:43, 1.27, 38, 50.19, 359.39, 353.08, -0.9041, 0.0304, -0.4230, 0.0524
18:46:43, 1.30, 39, 49.42, 359.17, 353.14, -0.9070, 0.0315, -0.4169, 0.0513
18:46:43, 1.30, 39, 48.53, 358.96, 353.24, -0.9102, 0.0325, -0.4098, 0.0500
18:46:43, 1.33, 40, 47.63, 358.77, 353.35, -0.9135, 0.0332, -0.4025, 0.0488
18:46:43, 1.33, 40, 46.73, 358.53, 353.40, -0.9167, 0.0345, -0.3952, 0.0477
18:46:43, 1.37, 41, 45.74, 358.27, 353.55, -0.9201, 0.0358, -0.3872, 0.0460
18:46:43, 1.37, 41, 44.78, 358.02, 353.72, -0.9234, 0.0368, -0.3794, 0.0441
18:46:43, 1.37, 41, 43.79, 357.78, 353.84, -0.9267, 0.0380, -0.3713, 0.0426
18:46:43, 1.40, 42, 42.70, 357.55, 353.98, -0.9303, 0.0391, -0.3625, 0.0411
18:46:43, 1.40, 42, 41.72, 357.33, 354.06, -0.9334, 0.0402, -0.3544, 0.0401
18:46:43, 1.43, 43, 40.64, 357.13, 354.17, -0.9367, 0.0411, -0.3455, 0.0390
18:46:43, 1.43, 43, 39.55, 356.90, 354.28, -0.9400, 0.0423, -0.3365, 0.0378
18:46:44, 1.43, 43, 38.51, 356.66, 354.40, -0.9430, 0.0436, -0.3279, 0.0365
18:46:44, 1.47, 44, 37.42, 356.46, 354.43, -0.9461, 0.0448, -0.3189, 0.0361
18:46:44, 1.47, 44, 36.34, 356.30, 354.55, -0.9491, 0.0455, -0.3098, 0.0350
18:46:44, 1.50, 45, 35.24, 356.12, 354.70, -0.9520, 0.0462, -0.3007, 0.0338
18:46:44, 1.50, 45, 34.14, 355.87, 354.76, -0.9548, 0.0478, -0.2914, 0.0331
18:46:44, 1.53, 46, 33.03, 355.67, 354.88, -0.9576, 0.0489, -0.2821, 0.0321
18:46:44, 1.53, 46, 31.93, 355.45, 355.00, -0.9602, 0.0501, -0.2729, 0.0310
18:46:44, 1.53, 46, 30.83, 355.32, 355.02, -0.9628, 0.0509, -0.2636, 0.0310
18:46:44, 1.57, 47, 29.69, 355.09, 355.04, -0.9653, 0.0525, -0.2539, 0.0308
18:46:44, 1.57, 47, 28.55, 354.92, 355.10, -0.9678, 0.0535, -0.2443, 0.0304
18:46:44, 1.60, 48, 27.39, 354.71, 355.10, -0.9701, 0.0549, -0.2344, 0.0306
18:46:44, 1.60, 48, 26.19, 354.48, 355.18, -0.9725, 0.0564, -0.2241, 0.0300
18:46:44, 1.60, 48, 24.98, 354.33, 355.21, -0.9747, 0.0573, -0.2138, 0.0301
18:46:44, 1.63, 49, 23.75, 354.19, 355.25, -0.9769, 0.0580, -0.2033, 0.0301
18:46:44, 1.63, 49, 22.57, 354.08, 355.28, -0.9789, 0.0586, -0.1932, 0.0303
18:46:44, 1.67, 50, 21.41, 353.99, 355.27, -0.9808, 0.0591, -0.1832, 0.0307
18:46:44, 1.67, 50, 20.20, 353.86, 355.38, -0.9827, 0.0597, -0.1729, 0.0302
18:46:44, 1.70, 51, 19.07, 353.79, 355.47, -0.9843, 0.0599, -0.1632, 0.0299
18:46:44, 1.70, 51, 17.95, 353.75, 355.44, -0.9858, 0.0600, -0.1535, 0.0307
18:46:44, 1.70, 51, 16.84, 353.78, 355.48, -0.9873, 0.0594, -0.1440, 0.0310
18:46:44, 1.73, 52, 15.73, 353.77, 355.58, -0.9887, 0.0591, -0.1345, 0.0307
18:46:44, 1.73, 52, 14.64, 353.80, 355.65, -0.9899, 0.0584, -0.1251, 0.0307
18:46:44, 1.77, 53, 13.54, 353.88, 355.75, -0.9912, 0.0573, -0.1157, 0.0304
18:46:44, 1.77, 53, 12.44, 353.99, 355.87, -0.9923, 0.0559, -0.1063, 0.0301
18:46:44, 1.77, 53, 11.32, 354.06, 355.97, -0.9934, 0.0550, -0.0966, 0.0299
18:46:44, 1.80, 54, 10.22, 354.16, 356.04, -0.9943, 0.0538, -0.0872, 0.0298
18:46:44, 1.80, 54, 9.07, 354.26, 356.12, -0.9952, 0.0526, -0.0773, 0.0298
18:46:44, 1.83, 55, 7.99, 354.20, 356.15, -0.9959, 0.0528, -0.0678, 0.0300
18:46:44, 1.83, 55, 6.86, 354.13, 356.18, -0.9964, 0.0531, -0.0580, 0.0301
18:46:44, 1.87, 56, 5.80, 354.04, 356.14, -0.9969, 0.0536, -0.0488, 0.0309
18:46:44, 1.87, 56, 4.80, 353.92, 356.12, -0.9972, 0.0544, -0.0400, 0.0315
18:46:44, 1.87, 56, 3.82, 353.88, 356.11, -0.9975, 0.0544, -0.0314, 0.0321
18:46:44, 1.90, 57, 2.98, 353.97, 356.02, -0.9977, 0.0534, -0.0241, 0.0333
18:46:44, 1.90, 57, 2.15, 354.00, 355.97, -0.9979, 0.0529, -0.0169, 0.0342
18:46:44, 1.93, 58, 1.41, 354.02, 355.91, -0.9979, 0.0526, -0.0104, 0.0350
18:46:44, 1.93, 58, 0.74, 354.00, 355.90, -0.9980, 0.0526, -0.0046, 0.0354
18:46:44, 1.93, 58, 0.05, 354.14, 355.97, -0.9981, 0.0511, 0.0013, 0.0351
18:46:44, 1.97, 59, 359.43, 354.23, 355.98, -0.9981, 0.0501, 0.0067, 0.0353
18:46:44, 1.97, 59, 358.81, 354.43, 356.09, -0.9982, 0.0482, 0.0120, 0.0346
18:46:44, 2.00, 60, 358.18, 354.58, 356.15, -0.9982, 0.0467, 0.0174, 0.0343
18:46:44, 2.00, 60, 357.56, 354.76, 356.22, -0.9982, 0.0450, 0.0227, 0.0339
18:46:44, 2.03, 61, 356.88, 354.96, 356.32, -0.9981, 0.0431, 0.0286, 0.0333
18:46:44, 2.03, 61, 356.15, 355.12, 356.36, -0.9980, 0.0415, 0.0349, 0.0331
18:46:44, 2.03, 61, 355.46, 355.38, 356.47, -0.9979, 0.0390, 0.0408, 0.0323
18:46:44, 2.07, 62, 354.74, 355.52, 356.53, -0.9977, 0.0376, 0.0470, 0.0320
18:46:44, 2.07, 62, 354.02, 355.71, 356.63, -0.9975, 0.0358, 0.0532, 0.0313
18:46:44, 2.10, 63, 353.25, 355.90, 356.70, -0.9972, 0.0340, 0.0599, 0.0308
18:46:44, 2.10, 63, 352.49, 356.04, 356.74, -0.9968, 0.0326, 0.0664, 0.0307
18:46:44, 2.10, 63, 351.67, 356.21, 356.87, -0.9964, 0.0310, 0.0735, 0.0296
18:46:44, 2.13, 64, 350.91, 356.35, 356.97, -0.9959, 0.0296, 0.0800, 0.0289
18:46:44, 2.13, 64, 350.03, 356.49, 357.03, -0.9953, 0.0283, 0.0876, 0.0284
18:46:44, 2.17, 65, 349.20, 356.64, 357.05, -0.9947, 0.0268, 0.0948, 0.0284
18:46:44, 2.17, 65, 348.39, 356.74, 357.11, -0.9941, 0.0258, 0.1018, 0.0280
18:46:44, 2.20, 66, 347.53, 356.80, 357.10, -0.9933, 0.0250, 0.1092, 0.0281
18:46:44, 2.20, 66, 346.67, 356.88, 357.07, -0.9925, 0.0241, 0.1167, 0.0285
18:46:44, 2.20, 66, 345.81, 356.92, 357.10, -0.9916, 0.0235, 0.1241, 0.0285
18:46:44, 2.23, 67, 344.89, 356.98, 357.08, -0.9906, 0.0227, 0.1320, 0.0287
18:46:44, 2.23, 67, 344.05, 357.07, 357.08, -0.9896, 0.0218, 0.1393, 0.0288
18:46:44, 2.27, 68, 343.19, 357.11, 357.08, -0.9885, 0.0212, 0.1468, 0.0289
18:46:44, 2.27, 68, 342.31, 357.19, 357.09, -0.9874, 0.0203, 0.1543, 0.0288
18:46:44, 2.27, 68, 341.47, 357.14, 357.08, -0.9862, 0.0206, 0.1615, 0.0291
18:46:44, 2.30, 69, 340.63, 357.13, 357.07, -0.9850, 0.0204, 0.1688, 0.0294
18:46:44, 2.30, 69, 339.80, 357.02, 357.09, -0.9837, 0.0212, 0.1759, 0.0295
18:46:44, 2.33, 70, 338.95, 356.99, 357.06, -0.9824, 0.0211, 0.1832, 0.0300
18:46:44, 2.33, 70, 338.06, 356.91, 357.07, -0.9809, 0.0216, 0.1908, 0.0302
18:46:44, 2.37, 71, 337.19, 356.89, 357.04, -0.9794, 0.0214, 0.1983, 0.0307
18:46:44, 2.37, 71, 336.38, 356.84, 357.03, -0.9780, 0.0217, 0.2052, 0.0310
18:46:44, 2.37, 71, 335.56, 356.81, 357.04, -0.9765, 0.0218, 0.2122, 0.0311
18:46:44, 2.40, 72, 334.74, 356.75, 357.06, -0.9749, 0.0221, 0.2192, 0.0312
18:46:44, 2.40, 72, 333.89, 356.66, 357.09, -0.9733, 0.0226, 0.2265, 0.0313
18:46:44, 2.43, 73, 333.05, 356.65, 357.08, -0.9716, 0.0224, 0.2336, 0.0316
18:46:45, 2.43, 73, 332.16, 356.57, 357.13, -0.9697, 0.0230, 0.2411, 0.0315
18:46:45, 2.43, 73, 331.31, 356.57, 357.11, -0.9679, 0.0227, 0.2483, 0.0318
18:46:45, 2.47, 74, 330.44, 356.52, 357.15, -0.9660, 0.0230, 0.2556, 0.0318
18:46:45, 2.47, 74, 329.54, 356.49, 357.16, -0.9639, 0.0230, 0.2632, 0.0320
18:46:45, 2.50, 75, 328.73, 356.49, 357.15, -0.9620, 0.0228, 0.2701, 0.0322
18:46:45, 2.50, 75, 327.84, 356.46, 357.13, -0.9599, 0.0228, 0.2775, 0.0326
18:46:45, 2.53, 76, 327.00, 356.40, 357.13, -0.9578, 0.0230, 0.2846, 0.0329
18:46:45, 2.53, 76, 326.10, 356.40, 357.15, -0.9556, 0.0228, 0.2920, 0.0329
18:46:45, 2.53, 76, 325.23, 356.41, 357.15, -0.9533, 0.0225, 0.2993, 0.0331
18:46:45, 2.57, 77, 324.36, 356.40, 357.20, -0.9510, 0.0224, 0.3065, 0.0329
18:46:45, 2.57, 77, 323.47, 356.37, 357.27, -0.9486, 0.0226, 0.3139, 0.0325
18:46:45, 2.60, 78, 322.59, 356.34, 357.34, -0.9462, 0.0228, 0.3212, 0.0322
18:46:45, 2.60, 78, 321.68, 356.32, 357.33, -0.9436, 0.0227, 0.3287, 0.0325
18:46:45, 2.60, 78, 320.75, 356.29, 357.39, -0.9409, 0.0228, 0.3363, 0.0323
18:46:45, 2.63, 79, 319.91, 356.38, 357.41, -0.9385, 0.0219, 0.3432, 0.0320
18:46:45, 2.63, 79, 319.01, 356.37, 357.34, -0.9357, 0.0215, 0.3505, 0.0328
18:46:45, 2.67, 80, 318.16, 356.41, 357.40, -0.9331, 0.0212, 0.3575, 0.0323
18:46:45, 2.67, 80, 317.30, 356.40, 357.41, -0.9304, 0.0210, 0.3645, 0.0325
18:46:45, 2.70, 81, 316.48, 356.43, 357.46, -0.9278, 0.0207, 0.3711, 0.0321
18:46:45, 2.70, 81, 315.65, 356.45, 357.45, -0.9251, 0.0203, 0.3778, 0.0323
18:46:45, 2.70, 81, 314.88, 356.48, 357.45, -0.9226, 0.0198, 0.3840, 0.0324
18:46:45, 2.73, 82, 314.05, 356.53, 357.42, -0.9198, 0.0191, 0.3907, 0.0325
18:46:45, 2.73, 82, 313.28, 356.53, 357.41, -0.9171, 0.0188, 0.3968, 0.0327
18:46:45, 2.77, 83, 312.48, 356.52, 357.41, -0.9143, 0.0187, 0.4032, 0.0329
18:46:45, 2.77, 83, 311.75, 356.49, 357.36, -0.9117, 0.0186, 0.4091, 0.0335
18:46:45, 2.80, 84, 311.00, 356.52, 357.36, -0.9090, 0.0180, 0.4150, 0.0335
18:46:45, 2.80, 84, 310.23, 356.47, 357.31, -0.9062, 0.0180, 0.4211, 0.0342
18:46:45, 2.80, 84, 309.49, 356.47, 357.29, -0.9034, 0.0178, 0.4270, 0.0346
18:46:45, 2.83, 85, 308.80, 356.52, 357.23, -0.9008, 0.0170, 0.4325, 0.0349
18:46:45, 2.83, 85, 308.12, 356.50, 357.25, -0.8983, 0.0170, 0.4377, 0.0349
18:46:45, 2.87, 86, 307.36, 356.43, 357.21, -0.8953, 0.0171, 0.4437, 0.0356
18:46:45, 2.87, 86, 306.61, 356.40, 357.23, -0.8924, 0.0172, 0.4496, 0.0356
18:46:45, 2.87, 86, 305.88, 356.35, 357.14, -0.8894, 0.0170, 0.4553, 0.0367
18:46:45, 2.90, 87, 305.15, 356.32, 357.08, -0.8865, 0.0168, 0.4609, 0.0374
18:46:45, 2.90, 87, 304.45, 356.27, 357.06, -0.8836, 0.0168, 0.4663, 0.0379
18:46:45, 2.93, 88, 303.71, 356.29, 357.02, -0.8806, 0.0163, 0.4720, 0.0382
18:46:45, 2.93, 88, 303.04, 356.24, 356.93, -0.8778, 0.0160, 0.4772, 0.0392
18:46:45, 2.97, 89, 302.33, 356.21, 356.96, -0.8748, 0.0161, 0.4826, 0.0392
18:46:45, 2.97, 89, 301.66, 356.18, 356.94, -0.8719, 0.0161, 0.4877, 0.0395
18:46:45, 2.97, 89, 301.04, 356.19, 356.90, -0.8693, 0.0156, 0.4925, 0.0399
18:46:45, 3.00, 90, 300.39, 356.17, 356.95, -0.8665, 0.0158, 0.4974, 0.0397
18:46:45, 3.00, 90, 299.71, 356.19, 356.87, -0.8635, 0.0151, 0.5025, 0.0403
18:46:45, 3.03, 91, 299.11, 356.21, 356.92, -0.8609, 0.0149, 0.5070, 0.0399
18:46:45, 3.03, 91, 298.52, 356.19, 356.90, -0.8583, 0.0148, 0.5114, 0.0402
18:46:45, 3.03, 91, 297.88, 356.27, 356.90, -0.8554, 0.0139, 0.5163, 0.0400
18:46:45, 3.07, 92, 297.24, 356.30, 356.92, -0.8525, 0.0135, 0.5210, 0.0397
18:46:45, 3.07, 92, 296.64, 356.32, 356.88, -0.8498, 0.0130, 0.5255, 0.0400
18:46:45, 3.10, 93, 296.05, 356.40, 356.89, -0.8471, 0.0122, 0.5298, 0.0396
18:46:45, 3.10, 93, 295.40, 356.42, 356.87, -0.8441, 0.0118, 0.5346, 0.0397
18:46:45, 3.10, 93, 294.76, 356.35, 356.87, -0.8411, 0.0121, 0.5393, 0.0401
18:46:45, 3.13, 94, 294.14, 356.37, 356.84, -0.8381, 0.0116, 0.5439, 0.0403
18:46:45, 3.13, 94, 293.47, 356.36, 356.84, -0.8349, 0.0115, 0.5488, 0.0405
18:46:45, 3.17, 95, 292.88, 356.36, 356.85, -0.8321, 0.0113, 0.5531, 0.0405
18:46:45, 3.17, 95, 292.24, 356.38, 356.87, -0.8290, 0.0110, 0.5577, 0.0403
18:46:45, 3.20, 96, 291.66, 356.38, 356.86, -0.8262, 0.0107, 0.5619, 0.0404
18:46:45, 3.20, 96, 291.00, 356.38, 356.88, -0.8229, 0.0106, 0.5666, 0.0403
18:46:45, 3.20, 96, 290.43, 356.41, 356.88, -0.8201, 0.0102, 0.5707, 0.0402
18:46:45, 3.23, 97, 289.79, 356.45, 356.84, -0.8169, 0.0095, 0.5753, 0.0403
18:46:45, 3.23, 97, 289.14, 356.44, 356.88, -0.8136, 0.0095, 0.5799, 0.0402
18:46:45, 3.27, 98, 288.52, 356.47, 356.89, -0.8105, 0.0091, 0.5843, 0.0401
18:46:45, 3.27, 98, 287.94, 356.49, 356.85, -0.8075, 0.0086, 0.5884, 0.0403
18:46:45, 3.27, 98, 287.35, 356.51, 356.85, -0.8045, 0.0082, 0.5926, 0.0402
18:46:45, 3.30, 99, 286.69, 356.51, 356.88, -0.8011, 0.0082, 0.5972, 0.0400
18:46:45, 3.30, 99, 286.09, 356.53, 356.82, -0.7979, 0.0075, 0.6014, 0.0403
18:46:45, 3.33, 100, 285.47, 356.60, 356.79, -0.7947, 0.0066, 0.6056, 0.0403
18:46:45, 3.33, 100, 284.86, 356.55, 356.75, -0.7914, 0.0066, 0.6099, 0.0408
18:46:45, 3.37, 101, 284.28, 356.64, 356.77, -0.7883, 0.0058, 0.6139, 0.0403
18:46:45, 3.37, 101, 283.66, 356.60, 356.81, -0.7850, 0.0061, 0.6181, 0.0402
18:46:45, 3.37, 101, 283.10, 356.60, 356.85, -0.7820, 0.0061, 0.6220, 0.0400
18:46:45, 3.40, 102, 282.49, 356.61, 356.84, -0.7787, 0.0058, 0.6261, 0.0400
18:46:45, 3.40, 102, 281.92, 356.57, 356.86, -0.7756, 0.0059, 0.6300, 0.0401
18:46:45, 3.43, 103, 281.29, 356.60, 356.79, -0.7721, 0.0051, 0.6342, 0.0404
18:46:45, 3.43, 103, 280.69, 356.62, 356.83, -0.7688, 0.0051, 0.6383, 0.0401
18:46:46, 3.43, 103, 280.09, 356.65, 356.83, -0.7654, 0.0046, 0.6423, 0.0400
18:46:46, 3.47, 104, 279.48, 356.60, 356.80, -0.7620, 0.0046, 0.6464, 0.0405
18:46:46, 3.47, 104, 278.89, 356.61, 356.79, -0.7586, 0.0042, 0.6503, 0.0405
18:46:46, 3.50, 105, 278.26, 356.57, 356.74, -0.7550, 0.0040, 0.6545, 0.0410
18:46:46, 3.50, 105, 277.71, 356.61, 356.76, -0.7519, 0.0037, 0.6580, 0.0407
18:46:46, 3.53, 106, 277.09, 356.60, 356.73, -0.7483, 0.0034, 0.6621, 0.0410
18:46:46, 3.53, 106, 276.46, 356.61, 356.72, -0.7447, 0.0030, 0.6662, 0.0410
18:46:46, 3.53, 106, 275.92, 356.59, 356.74, -0.7415, 0.0030, 0.6697, 0.0411
18:46:46, 3.57, 107, 275.36, 356.59, 356.69, -0.7382, 0.0026, 0.6733, 0.0413
18:46:46, 3.57, 107, 274.82, 356.59, 356.69, -0.7350, 0.0024, 0.6768, 0.0414
18:46:46, 3.60, 108, 274.31, 356.61, 356.63, -0.7320, 0.0017, 0.6801, 0.0416
18:46:46, 3.60, 108, 273.78, 356.64, 356.63, -0.7288, 0.0013, 0.6834, 0.0415
18:46:46, 3.60, 108, 273.26, 356.64, 356.62, -0.7257, 0.0011, 0.6868, 0.0416
18:46:46, 3.63, 109, 272.75, 356.61, 356.64, -0.7226, 0.0012, 0.6900, 0.0416
18:46:46, 3.63, 109, 272.27, 356.64, 356.65, -0.7198, 0.0009, 0.6930, 0.0414
18:46:46, 3.67, 110, 271.84, 356.68, 356.66, -0.7172, 0.0005, 0.6957, 0.0410
18:46:46, 3.67, 110, 271.39, 356.69, 356.63, -0.7144, 0.0001, 0.6985, 0.0412
18:46:46, 3.70, 111, 270.97, 356.68, 356.67, -0.7119, 0.0003, 0.7011, 0.0410
18:46:46, 3.70, 111, 270.56, 356.70, 356.67, -0.7093, 0.0000, 0.7037, 0.0409
18:46:46, 3.70, 111, 270.17, 356.67, 356.67, -0.7069, 0.0000, 0.7061, 0.0411
18:46:46, 3.73, 112, 269.76, 356.73, 356.65, -0.7044, -0.0006, 0.7086, 0.0408
18:46:46, 3.73, 112, 269.38, 356.78, 356.64, -0.7021, -0.0011, 0.7109, 0.0406
18:46:46, 3.77, 113, 269.01, 356.79, 356.63, -0.6998, -0.0013, 0.7132, 0.0406
18:46:46, 3.77, 113, 268.61, 356.78, 356.64, -0.6973, -0.0014, 0.7156, 0.0406
18:46:46, 3.77, 113, 268.32, 356.80, 356.64, -0.6955, -0.0016, 0.7174, 0.0404
18:46:46, 3.80, 114, 268.08, 356.89, 356.65, -0.6940, -0.0021, 0.7188, 0.0398
18:46:46, 3.80, 114, 267.88, 356.98, 356.62, -0.6928, -0.0030, 0.7201, 0.0394
18:46:46, 3.83, 115, 267.84, 357.14, 356.56, -0.6926, -0.0043, 0.7203, 0.0388
18:46:46, 3.83, 115, 267.89, 357.34, 356.46, -0.6930, -0.0061, 0.7200, 0.0381
18:46:46, 3.87, 116, 268.07, 357.59, 356.41, -0.6942, -0.0079, 0.7188, 0.0369
18:46:46, 3.87, 116, 268.42, 357.91, 356.29, -0.6964, -0.0105, 0.7167, 0.0357
18:46:46, 3.87, 116, 268.92, 358.25, 356.12, -0.6995, -0.0135, 0.7136, 0.0346
18:46:46, 3.90, 117, 269.70, 358.61, 355.95, -0.7045, -0.0165, 0.7087, 0.0335
18:46:46, 3.90, 117, 270.62, 359.03, 355.82, -0.7102, -0.0196, 0.7030, 0.0319
18:46:46, 3.93, 118, 271.56, 359.33, 355.68, -0.7160, -0.0220, 0.6970, 0.0311
18:46:46, 3.93, 118, 272.71, 359.65, 355.67, -0.7231, -0.0239, 0.6897, 0.0295
18:46:46, 3.93, 118, 273.89, 359.97, 355.65, -0.7302, -0.0257, 0.6822, 0.0279
18:46:46, 3.97, 119, 275.10, 0.38, 355.63, -0.7374, -0.0282, 0.6744, 0.0259
18:46:46, 3.97, 119, 276.36, 0.61, 355.60, -0.7448, -0.0296, 0.6661, 0.0250
18:46:46, 4.00, 120, 277.61, 0.79, 355.54, -0.7520, -0.0308, 0.6579, 0.0248
18:46:46, 4.00, 120, 278.84, 0.91, 355.47, -0.7591, -0.0317, 0.6497, 0.0248
18:46:46, 4.03, 121, 280.06, 1.04, 355.44, -0.7660, -0.0325, 0.6416, 0.0247
18:46:46, 4.03, 121, 281.10, 1.17, 355.36, -0.7718, -0.0336, 0.6345, 0.0248
18:46:46, 4.03, 121, 281.99, 1.23, 355.31, -0.7767, -0.0341, 0.6285, 0.0251
18:46:46, 4.07, 122, 282.78, 1.27, 355.25, -0.7810, -0.0345, 0.6231, 0.0255
18:46:46, 4.07, 122, 283.38, 1.31, 355.17, -0.7842, -0.0351, 0.6190, 0.0260
18:46:46, 4.10, 123, 283.80, 1.34, 355.05, -0.7865, -0.0359, 0.6160, 0.0268
18:46:46, 4.10, 123, 284.01, 1.39, 354.98, -0.7876, -0.0365, 0.6145, 0.0270
18:46:46, 4.10, 123, 284.11, 1.49, 354.80, -0.7881, -0.0382, 0.6137, 0.0278
18:46:46, 4.13, 124, 284.10, 1.50, 354.60, -0.7880, -0.0393, 0.6138, 0.0291
18:46:46, 4.13, 124, 283.92, 1.61, 354.45, -0.7870, -0.0408, 0.6149, 0.0295
18:46:46, 4.17, 125, 283.62, 1.68, 354.26, -0.7854, -0.0425, 0.6168, 0.0303
18:46:46, 4.17, 125, 283.23, 1.75, 354.08, -0.7832, -0.0440, 0.6195, 0.0310
18:46:46, 4.20, 126, 282.72, 1.78, 353.89, -0.7804, -0.0454, 0.6228, 0.0319
18:46:46, 4.20, 126, 282.14, 1.85, 353.67, -0.7772, -0.0472, 0.6266, 0.0329
18:46:46, 4.20, 126, 281.54, 1.87, 353.44, -0.7738, -0.0488, 0.6306, 0.0340
18:46:46, 4.23, 127, 280.92, 1.90, 353.28, -0.7703, -0.0500, 0.6347, 0.0346
18:46:46, 4.23, 127, 280.30, 1.86, 353.08, -0.7669, -0.0511, 0.6388, 0.0359
18:46:46, 4.27, 128, 279.76, 1.85, 352.91, -0.7638, -0.0521, 0.6423, 0.0369
18:46:46, 4.27, 128, 279.18, 1.88, 352.76, -0.7605, -0.0534, 0.6461, 0.0374
18:46:46, 4.27, 128, 278.65, 1.84, 352.69, -0.7574, -0.0537, 0.6496, 0.0379
18:46:46, 4.30, 129, 278.05, 1.88, 352.61, -0.7540, -0.0546, 0.6535, 0.0379
18:46:46, 4.30, 129, 277.48, 1.83, 352.56, -0.7507, -0.0548, 0.6572, 0.0383
18:46:46, 4.33, 130, 276.88, 1.77, 352.47, -0.7472, -0.0551, 0.6612, 0.0389
18:46:46, 4.33, 130, 276.24, 1.73, 352.38, -0.7435, -0.0556, 0.6653, 0.0394
18:46:46, 4.37, 131, 275.47, 1.65, 352.31, -0.7389, -0.0558, 0.6703, 0.0400
18:46:46, 4.37, 131, 274.71, 1.57, 352.20, -0.7344, -0.0561, 0.6751, 0.0407
18:46:46, 4.37, 131, 273.90, 1.47, 352.11, -0.7295, -0.0563, 0.6803, 0.0415
18:46:46, 4.40, 132, 273.08, 1.42, 352.07, -0.7247, -0.0565, 0.6855, 0.0417
18:46:46, 4.40, 132, 272.10, 1.31, 352.02, -0.7187, -0.0565, 0.6917, 0.0422
18:46:46, 4.43, 133, 271.16, 1.16, 352.01, -0.7130, -0.0559, 0.6976, 0.0427
18:46:46, 4.43, 133, 270.16, 1.04, 351.94, -0.7068, -0.0560, 0.7039, 0.0434
18:46:47, 4.43, 133, 269.21, 0.93, 351.94, -0.7009, -0.0557, 0.7098, 0.0436
18:46:47, 4.47, 134, 268.18, 0.86, 351.98, -0.6944, -0.0555, 0.7161, 0.0432
18:46:47, 4.47, 134, 267.17, 0.78, 351.86, -0.6880, -0.0561, 0.7222, 0.0440
18:46:47, 4.50, 135, 266.16, 0.69, 351.84, -0.6816, -0.0561, 0.7283, 0.0442
18:46:47, 4.50, 135, 265.14, 0.55, 351.88, -0.6751, -0.0554, 0.7343, 0.0444
18:46:47, 4.53, 136, 264.14, 0.47, 351.98, -0.6686, -0.0546, 0.7403, 0.0438
18:46:47, 4.53, 136, 263.14, 0.36, 352.13, -0.6621, -0.0534, 0.7463, 0.0431
18:46:47, 4.53, 136, 262.08, 0.25, 352.28, -0.6552, -0.0523, 0.7524, 0.0426
18:46:47, 4.57, 137, 261.01, 0.05, 352.36, -0.6481, -0.0509, 0.7587, 0.0429
18:46:47, 4.57, 137, 259.90, 359.91, 352.58, -0.6408, -0.0491, 0.7650, 0.0421
18:46:47, 4.60, 138, 258.76, 359.77, 352.70, -0.6331, -0.0479, 0.7715, 0.0420
18:46:47, 4.60, 138, 257.59, 359.63, 352.79, -0.6252, -0.0470, 0.7780, 0.0419
18:46:47, 4.60, 138, 256.43, 359.49, 352.93, -0.6172, -0.0457, 0.7844, 0.0416
18:46:47, 4.63, 139, 255.26, 359.51, 352.98, -0.6092, -0.0459, 0.7907, 0.0408
18:46:47, 4.63, 139, 254.13, 359.49, 353.10, -0.6014, -0.0454, 0.7967, 0.0398
18:46:47, 4.67, 140, 253.01, 359.43, 353.15, -0.5936, -0.0450, 0.8025, 0.0395
18:46:47, 4.67, 140, 251.90, 359.37, 353.24, -0.5858, -0.0445, 0.8083, 0.0390
18:46:47, 4.70, 141, 250.87, 359.34, 353.19, -0.5785, -0.0451, 0.8135, 0.0391
18:46:47, 4.70, 141, 249.89, 359.35, 353.24, -0.5715, -0.0451, 0.8184, 0.0384
18:46:47, 4.70, 141, 248.99, 359.32, 353.22, -0.5651, -0.0454, 0.8229, 0.0384
18:46:47, 4.73, 142, 248.05, 359.25, 353.26, -0.5583, -0.0451, 0.8275, 0.0383
18:46:47, 4.73, 142, 247.13, 359.23, 353.22, -0.5516, -0.0456, 0.8320, 0.0383
18:46:47, 4.77, 143, 246.23, 359.19, 353.19, -0.5450, -0.0459, 0.8363, 0.0384
18:46:47, 4.77, 143, 245.32, 359.09, 353.16, -0.5382, -0.0459, 0.8406, 0.0389
18:46:47, 4.77, 143, 244.52, 358.92, 353.11, -0.5323, -0.0458, 0.8444, 0.0400
18:46:47, 4.80, 144, 243.72, 358.87, 353.10, -0.5264, -0.0459, 0.8481, 0.0401
18:46:47, 4.80, 144, 242.98, 358.68, 353.12, -0.5208, -0.0452, 0.8515, 0.0412
18:46:47, 4.83, 145, 242.22, 358.49, 353.17, -0.5151, -0.0442, 0.8550, 0.0420
18:46:47, 4.83, 145, 241.45, 358.33, 353.16, -0.5092, -0.0438, 0.8584, 0.0429
18:46:47, 4.87, 146, 240.69, 358.23, 353.15, -0.5035, -0.0438, 0.8618, 0.0435
18:46:47, 4.87, 146, 239.97, 358.15, 353.21, -0.4980, -0.0432, 0.8650, 0.0436
18:46:47, 4.87, 146, 239.28, 358.05, 353.26, -0.4927, -0.0427, 0.8680, 0.0439
18:46:47, 4.90, 147, 238.66, 357.99, 353.33, -0.4880, -0.0421, 0.8707, 0.0438
18:46:47, 4.90, 147, 238.10, 357.81, 353.48, -0.4838, -0.0405, 0.8731, 0.0443
18:46:47, 4.93, 148, 237.49, 357.56, 353.59, -0.4790, -0.0388, 0.8758, 0.0455
18:46:47, 4.93, 148, 236.88, 357.36, 353.66, -0.4743, -0.0376, 0.8783, 0.0466
18:46:47, 4.93, 148, 236.22, 357.26, 353.71, -0.4692, -0.0371, 0.8811, 0.0469
18:46:47, 4.97, 149, 235.63, 357.22, 353.75, -0.4646, -0.0369, 0.8835, 0.0469
18:46:47, 4.97, 149, 235.07, 357.21, 353.87, -0.4604, -0.0362, 0.8858, 0.0463
18:46:47, 5.00, 150, 234.62, 357.17, 353.90, -0.4569, -0.0360, 0.8876, 0.0464
18:46:47, 5.00, 150, 234.16, 357.12, 353.99, -0.4533, -0.0352, 0.8895, 0.0462
18:46:47, 5.03, 151, 233.69, 357.07, 354.08, -0.4496, -0.0346, 0.8914, 0.0461
18:46:47, 5.03, 151, 233.22, 357.04, 354.21, -0.4461, -0.0336, 0.8932, 0.0457
18:46:47, 5.03, 151, 232.75, 357.02, 354.28, -0.4424, -0.0331, 0.8951, 0.0454
18:46:47, 5.07, 152, 232.32, 357.02, 354.31, -0.4390, -0.0331, 0.8967, 0.0452
18:46:47, 5.07, 152, 231.93, 356.97, 354.38, -0.4359, -0.0325, 0.8983, 0.0452
18:46:47, 5.10, 153, 231.61, 357.08, 354.46, -0.4336, -0.0324, 0.8995, 0.0439
18:46:47, 5.10, 153, 231.26, 357.09, 354.56, -0.4308, -0.0318, 0.9008, 0.0434
18:46:47, 5.10, 153, 230.99, 357.19, 354.61, -0.4288, -0.0319, 0.9019, 0.0423
18:46:47, 5.13, 154, 230.73, 357.28, 354.73, -0.4269, -0.0314, 0.9028, 0.0411
18:46:47, 5.13, 154, 230.53, 357.41, 354.85, -0.4253, -0.0310, 0.9036, 0.0396
18:46:47, 5.17, 155, 230.35, 357.49, 354.96, -0.4240, -0.0305, 0.9043, 0.0385
18:46:47, 5.17, 155, 230.24, 357.56, 355.11, -0.4232, -0.0296, 0.9048, 0.0374
18:46:47, 5.20, 156, 230.12, 357.58, 355.24, -0.4223, -0.0286, 0.9052, 0.0367
18:46:47, 5.20, 156, 230.05, 357.54, 355.44, -0.4218, -0.0269, 0.9056, 0.0363
18:46:47, 5.20, 156, 229.95, 357.46, 355.61, -0.4210, -0.0253, 0.9060, 0.0362
18:46:47, 5.23, 157, 229.81, 357.41, 355.81, -0.4200, -0.0236, 0.9065, 0.0359
18:46:47, 5.23, 157, 229.67, 357.42, 356.01, -0.4189, -0.0222, 0.9071, 0.0350
18:46:47, 5.27, 158, 229.50, 357.42, 356.17, -0.4176, -0.0210, 0.9077, 0.0344
18:46:47, 5.27, 158, 229.29, 357.49, 356.37, -0.4160, -0.0196, 0.9085, 0.0331
18:46:47, 5.27, 158, 229.09, 357.60, 356.52, -0.4145, -0.0189, 0.9093, 0.0316
18:46:47, 5.30, 159, 228.85, 357.69, 356.66, -0.4127, -0.0182, 0.9102, 0.0304
18:46:47, 5.30, 159, 228.57, 357.80, 356.75, -0.4105, -0.0179, 0.9112, 0.0292
18:46:47, 5.33, 160, 228.32, 357.87, 356.87, -0.4086, -0.0173, 0.9121, 0.0281
18:46:47, 5.33, 160, 228.04, 357.98, 356.94, -0.4064, -0.0172, 0.9131, 0.0269
18:46:47, 5.37, 161, 227.75, 358.03, 357.05, -0.4041, -0.0166, 0.9142, 0.0261
18:46:47, 5.37, 161, 227.45, 358.06, 357.14, -0.4018, -0.0160, 0.9152, 0.0255
18:46:47, 5.37, 161, 227.16, 358.02, 357.22, -0.3995, -0.0153, 0.9163, 0.0256
18:46:47, 5.40, 162, 226.89, 357.99, 357.32, -0.3973, -0.0144, 0.9172, 0.0254
18:46:47, 5.40, 162, 226.57, 357.88, 357.43, -0.3947, -0.0133, 0.9183, 0.0259
18:46:47, 5.43, 163, 226.24, 357.83, 357.53, -0.3921, -0.0124, 0.9195, 0.0259
18:46:47, 5.43, 163, 225.91, 357.76, 357.63, -0.3895, -0.0114, 0.9206, 0.0261
18:46:48, 5.43, 163, 225.57, 357.67, 357.71, -0.3868, -0.0106, 0.9217, 0.0265
18:46:48, 5.47, 164, 225.24, 357.58, 357.78, -0.3841, -0.0098, 0.9228, 0.0269
18:46:48, 5.47, 164, 224.88, 357.48, 357.85, -0.3812, -0.0090, 0.9240, 0.0275
18:46:48, 5.50, 165, 224.53, 357.40, 357.90, -0.3784, -0.0084, 0.9252, 0.0280
18:46:48, 5.50, 165, 224.20, 357.27, 358.00, -0.3757, -0.0072, 0.9263, 0.0286
18:46:48, 5.53, 166, 223.86, 357.23, 358.11, -0.3729, -0.0063, 0.9274, 0.0286
18:46:48, 5.53, 166, 223.52, 357.16, 358.17, -0.3702, -0.0056, 0.9285, 0.0290
18:46:48, 5.53, 166, 223.16, 357.14, 358.25, -0.3673, -0.0051, 0.9296, 0.0288
18:46:48, 5.57, 167, 222.78, 357.15, 358.31, -0.3643, -0.0046, 0.9308, 0.0285
18:46:48, 5.57, 167, 222.40, 357.15, 358.43, -0.3612, -0.0038, 0.9321, 0.0282
18:46:48, 5.60, 168, 222.04, 357.15, 358.45, -0.3582, -0.0037, 0.9332, 0.0281
18:46:48, 5.60, 168, 221.69, 357.10, 358.55, -0.3554, -0.0028, 0.9343, 0.0281
18:46:48, 5.60, 168, 221.28, 357.08, 358.58, -0.3521, -0.0026, 0.9355, 0.0282
18:46:48, 5.63, 169, 220.89, 357.11, 358.61, -0.3489, -0.0025, 0.9368, 0.0278
18:46:48, 5.63, 169, 220.46, 357.09, 358.61, -0.3453, -0.0026, 0.9381, 0.0280
18:46:48, 5.67, 170, 220.01, 357.14, 358.68, -0.3417, -0.0023, 0.9394, 0.0274
18:46:48, 5.67, 170, 219.61, 357.15, 358.68, -0.3384, -0.0024, 0.9406, 0.0273
18:46:48, 5.70, 171, 219.14, 357.20, 358.75, -0.3346, -0.0021, 0.9420, 0.0267
18:46:48, 5.70, 171, 218.70, 357.17, 358.74, -0.3310, -0.0022, 0.9433, 0.0269
18:46:48, 5.70, 171, 218.26, 357.29, 358.77, -0.3274, -0.0024, 0.9445, 0.0259
18:46:48, 5.73, 172, 217.73, 357.32, 358.77, -0.3230, -0.0026, 0.9460, 0.0256
18:46:48, 5.73, 172, 217.23, 357.33, 358.83, -0.3189, -0.0022, 0.9475, 0.0254
18:46:48, 5.77, 173, 216.82, 357.41, 358.86, -0.3155, -0.0023, 0.9486, 0.0246
18:46:48, 5.77, 173, 216.36, 357.39, 358.98, -0.3118, -0.0014, 0.9498, 0.0244
18:46:48, 5.77, 173, 215.94, 357.46, 359.04, -0.3083, -0.0012, 0.9510, 0.0237
18:46:48, 5.80, 174, 215.52, 357.50, 359.13, -0.3048, -0.0006, 0.9521, 0.0231
18:46:48, 5.80, 174, 215.09, 357.54, 359.24, -0.3013, 0.0001, 0.9533, 0.0225
18:46:48, 5.83, 175, 214.71, 357.63, 359.34, -0.2981, 0.0007, 0.9543, 0.0215
18:46:48, 5.83, 175, 214.24, 357.71, 359.43, -0.2942, 0.0012, 0.9555, 0.0205
18:46:48, 5.87, 176, 213.82, 357.83, 359.45, -0.2908, 0.0009, 0.9566, 0.0195
18:46:48, 5.87, 176, 213.35, 357.88, 359.52, -0.2868, 0.0013, 0.9578, 0.0190
18:46:48, 5.87, 176, 212.91, 357.98, 359.60, -0.2831, 0.0017, 0.9589, 0.0179
18:46:48, 5.90, 177, 212.39, 358.06, 359.72, -0.2788, 0.0023, 0.9602, 0.0169
18:46:48, 5.90, 177, 211.89, 358.15, 359.83, -0.2747, 0.0030, 0.9614, 0.0159
18:46:48, 5.93, 178, 211.37, 358.28, 359.91, -0.2703, 0.0033, 0.9627, 0.0147
18:46:48, 5.93, 178, 210.79, 358.34, 359.96, -0.2654, 0.0035, 0.9640, 0.0141
18:46:48, 5.93, 178, 210.20, 358.40, 0.00, -0.2605, 0.0037, 0.9654, 0.0135
18:46:48, 5.97, 179, 209.57, 358.54, 0.09, -0.2552, 0.0041, 0.9668, 0.0121
18:46:48, 5.97, 179, 208.83, 358.55, 0.15, -0.2489, 0.0045, 0.9684, 0.0119
18:46:48, 6.00, 180, 208.11, 358.51, 0.15, -0.2428, 0.0044, 0.9700, 0.0123
18:46:48, 6.00, 180, 207.34, 358.45, 0.11, -0.2363, 0.0041, 0.9716, 0.0129
18:46:48, 6.03, 181, 206.50, 358.37, 0.07, -0.2292, 0.0039, 0.9733, 0.0137
18:46:48, 6.03, 181, 205.59, 358.24, 0.03, -0.2214, 0.0036, 0.9751, 0.0150
18:46:48, 6.03, 181, 204.69, 358.16, 359.97, -0.2138, 0.0031, 0.9768, 0.0158
18:46:48, 6.07, 182, 203.69, 358.03, 359.93, -0.2052, 0.0029, 0.9786, 0.0169
18:46:48, 6.07, 182, 202.63, 357.95, 359.90, -0.1962, 0.0027, 0.9804, 0.0177
18:46:48, 6.10, 183, 201.49, 357.80, 359.80, -0.1864, 0.0019, 0.9823, 0.0192
18:46:48, 6.10, 183, 200.22, 357.51, 359.68, -0.1755, 0.0010, 0.9842, 0.0219
18:46:48, 6.10, 183, 198.89, 357.35, 359.54, -0.1639, -0.0002, 0.9862, 0.0234
18:46:48, 6.13, 184, 197.51, 357.18, 359.38, -0.1521, -0.0016, 0.9880, 0.0252
18:46:48, 6.13, 184, 196.28, 357.03, 359.26, -0.1414, -0.0027, 0.9896, 0.0266
18:46:48, 6.17, 185, 194.97, 356.98, 359.15, -0.1300, -0.0040, 0.9911, 0.0271
18:46:48, 6.17, 185, 193.72, 356.90, 359.05, -0.1192, -0.0050, 0.9925, 0.0279
18:46:48, 6.20, 186, 192.57, 356.85, 358.84, -0.1091, -0.0070, 0.9936, 0.0284
18:46:48, 6.20, 186, 191.47, 356.78, 358.59, -0.0995, -0.0094, 0.9946, 0.0292
18:46:48, 6.20, 186, 190.47, 356.77, 358.36, -0.0908, -0.0117, 0.9954, 0.0294
18:46:48, 6.23, 187, 189.62, 356.87, 358.20, -0.0834, -0.0133, 0.9960, 0.0285
18:46:48, 6.23, 187, 188.76, 356.98, 358.04, -0.0759, -0.0150, 0.9966, 0.0276
18:46:48, 6.27, 188, 187.97, 357.14, 358.02, -0.0690, -0.0155, 0.9972, 0.0261
18:46:48, 6.27, 188, 187.08, 357.27, 358.05, -0.0613, -0.0155, 0.9977, 0.0248
18:46:48, 6.27, 188, 186.20, 357.42, 358.08, -0.0536, -0.0155, 0.9982, 0.0234
18:46:48, 6.30, 189, 185.27, 357.64, 358.01, -0.0456, -0.0164, 0.9986, 0.0213
18:46:48, 6.30, 189, 184.29, 357.77, 357.96, -0.0371, -0.0171, 0.9990, 0.0201
18:46:48, 6.33, 190, 183.32, 358.12, 357.90, -0.0287, -0.0179, 0.9993, 0.0170
18:46:48, 6.33, 190, 182.28, 358.46, 357.86, -0.0197, -0.0184, 0.9995, 0.0138
18:46:48, 6.37, 191, 181.21, 358.83, 357.87, -0.0103, -0.0185, 0.9997, 0.0104
18:46:48, 6.37, 191, 180.14, 359.18, 357.91, -0.0011, -0.0182, 0.9998, 0.0071
18:46:48, 6.37, 191, 179.00, 359.42, 357.96, 0.0088, -0.0179, 0.9998, 0.0049
18:46:48, 6.40, 192, 177.86, 359.69, 358.03, 0.0187, -0.0173, 0.9997, 0.0024
18:46:48, 6.40, 192, 176.81, 359.98, 358.16, 0.0278, -0.0161, 0.9995, -0.0003
18:46:48, 6.43, 193, 175.75, 0.14, 358.20, 0.0371, -0.0156, 0.9992, -0.0018
18:46:49, 6.43, 193, 174.70, 0.28, 358.20, 0.0462, -0.0156, 0.9988, -0.0032
18:46:49, 6.43, 193, 173.75, 0.44, 358.17, 0.0544, -0.0157, 0.9984, -0.0047
18:46:49, 6.47, 194, 172.86, 0.54, 358.09, 0.0622, -0.0164, 0.9979, -0.0057
18:46:49, 6.47, 194, 172.00, 0.52, 357.98, 0.0697, -0.0173, 0.9974, -0.0058
18:46:49, 6.50, 195, 171.25, 0.40, 357.93, 0.0762, -0.0178, 0.9969, -0.0049
18:46:49, 6.50, 195, 170.54, 0.34, 357.91, 0.0824, -0.0180, 0.9964, -0.0045
18:46:49, 6.53, 196, 169.96, 0.24, 357.84, 0.0875, -0.0186, 0.9960, -0.0037
18:46:49, 6.53, 196, 169.37, 0.12, 357.84, 0.0926, -0.0187, 0.9955, -0.0028
18:46:49, 6.53, 196, 168.98, 359.95, 357.68, 0.0960, -0.0202, 0.9952, -0.0015
18:46:49, 6.57, 197, 168.60, 359.91, 357.59, 0.0993, -0.0210, 0.9948, -0.0013
18:46:49, 6.57, 197, 168.27, 359.83, 357.44, 0.1022, -0.0224, 0.9945, -0.0008
18:46:49, 6.60, 198, 167.96, 359.76, 357.39, 0.1049, -0.0229, 0.9942, -0.0003
18:46:49, 6.60, 198, 167.65, 359.70, 357.29, 0.1076, -0.0238, 0.9939, 0.0000
18:46:49, 6.60, 198, 167.26, 359.61, 357.25, 0.1110, -0.0242, 0.9935, 0.0007
18:46:49, 6.63, 199, 166.90, 359.51, 357.20, 0.1141, -0.0248, 0.9932, 0.0014
18:46:49, 6.63, 199, 166.50, 359.42, 357.16, 0.1176, -0.0252, 0.9927, 0.0021
18:46:49, 6.67, 200, 166.14, 359.29, 357.08, 0.1208, -0.0260, 0.9923, 0.0031
18:46:49, 6.67, 200, 165.79, 359.27, 357.04, 0.1238, -0.0264, 0.9920, 0.0031
18:46:49, 6.70, 201, 165.37, 359.24, 357.03, 0.1275, -0.0265, 0.9915, 0.0033
18:46:49, 6.70, 201, 164.96, 359.27, 356.99, 0.1310, -0.0269, 0.9910, 0.0028
18:46:49, 6.70, 201, 164.57, 359.25, 356.97, 0.1344, -0.0271, 0.9906, 0.0029
18:46:49, 6.73, 202, 164.21, 359.27, 356.94, 0.1375, -0.0273, 0.9901, 0.0026
18:46:49, 6.73, 202, 163.83, 359.27, 356.95, 0.1407, -0.0272, 0.9897, 0.0026
18:46:49, 6.77, 203, 163.41, 359.23, 356.96, 0.1444, -0.0272, 0.9891, 0.0028
18:46:49, 6.77, 203, 163.04, 359.17, 356.99, 0.1476, -0.0270, 0.9887, 0.0033
18:46:49, 6.77, 203, 162.62, 359.10, 356.95, 0.1512, -0.0275, 0.9881, 0.0037
18:46:49, 6.80, 204, 162.30, 359.07, 356.94, 0.1540, -0.0277, 0.9877, 0.0039
18:46:49, 6.80, 204, 161.89, 359.00, 356.92, 0.1576, -0.0279, 0.9871, 0.0044
18:46:49, 6.83, 205, 161.55, 358.99, 356.95, 0.1605, -0.0277, 0.9866, 0.0044
18:46:49, 6.83, 205, 161.18, 358.92, 356.91, 0.1636, -0.0282, 0.9861, 0.0048
18:46:49, 6.87, 206, 160.80, 358.85, 356.96, 0.1670, -0.0278, 0.9856, 0.0055
18:46:49, 6.87, 206, 160.47, 358.77, 356.95, 0.1698, -0.0280, 0.9851, 0.0061
18:46:49, 6.87, 206, 160.11, 358.69, 357.02, 0.1729, -0.0276, 0.9845, 0.0068
18:46:49, 6.90, 207, 159.78, 358.59, 357.05, 0.1758, -0.0275, 0.9840, 0.0076
18:46:49, 6.90, 207, 159.48, 358.51, 357.09, 0.1783, -0.0273, 0.9836, 0.0083
18:46:49, 6.93, 208, 159.17, 358.43, 357.14, 0.1810, -0.0271, 0.9831, 0.0090
18:46:49, 6.93, 208, 158.88, 358.32, 357.24, 0.1835, -0.0264, 0.9826, 0.0100
18:46:49, 6.97, 209, 158.64, 358.26, 357.26, 0.1856, -0.0263, 0.9822, 0.0105
18:46:49, 6.97, 209, 158.39, 358.18, 357.33, 0.1877, -0.0259, 0.9818, 0.0113
18:46:49, 6.97, 209, 158.19, 358.06, 357.42, 0.1895, -0.0253, 0.9815, 0.0123
18:46:49, 7.00, 210, 158.01, 357.97, 357.52, 0.1910, -0.0247, 0.9812, 0.0132
18:46:49, 7.00, 210, 157.83, 357.87, 357.62, 0.1925, -0.0240, 0.9809, 0.0142
18:46:49, 7.03, 211, 157.63, 357.79, 357.71, 0.1943, -0.0233, 0.9806, 0.0150
18:46:49, 7.03, 211, 157.43, 357.71, 357.79, 0.1960, -0.0228, 0.9802, 0.0159
18:46:49, 7.03, 211, 157.23, 357.61, 357.88, 0.1977, -0.0223, 0.9799, 0.0168
18:46:49, 7.07, 212, 157.01, 357.50, 357.94, 0.1996, -0.0220, 0.9795, 0.0178
18:46:49, 7.07, 212, 156.78, 357.41, 357.99, 0.2016, -0.0217, 0.9791, 0.0186
18:46:49, 7.10, 213, 156.52, 357.27, 358.02, 0.2038, -0.0218, 0.9786, 0.0198
18:46:49, 7.10, 213, 156.26, 357.14, 358.04, 0.2060, -0.0218, 0.9781, 0.0209
18:46:49, 7.10, 213, 155.96, 357.02, 358.06, 0.2086, -0.0219, 0.9775, 0.0219
18:46:49, 7.13, 214, 155.63, 356.88, 358.13, 0.2114, -0.0217, 0.9769, 0.0231
18:46:49, 7.13, 214, 155.25, 356.81, 358.15, 0.2146, -0.0217, 0.9762, 0.0237
18:46:49, 7.17, 215, 154.85, 356.66, 358.19, 0.2180, -0.0217, 0.9754, 0.0250
18:46:49, 7.17, 215, 154.34, 356.53, 358.24, 0.2224, -0.0217, 0.9744, 0.0261
18:46:49, 7.20, 216, 153.77, 356.41, 358.24, 0.2272, -0.0220, 0.9732, 0.0270
18:46:49, 7.20, 216, 153.17, 356.30, 358.24, 0.2323, -0.0224, 0.9720, 0.0278
18:46:49, 7.20, 216, 152.50, 356.26, 358.21, 0.2380, -0.0229, 0.9706, 0.0280
18:46:49, 7.23, 217, 151.79, 356.18, 358.17, 0.2440, -0.0236, 0.9691, 0.0284
18:46:49, 7.23, 217, 151.06, 356.10, 358.20, 0.2502, -0.0237, 0.9675, 0.0290
18:46:49, 7.27, 218, 150.37, 356.05, 358.15, 0.2560, -0.0244, 0.9659, 0.0292
18:46:49, 7.27, 218, 149.64, 355.94, 358.12, 0.2622, -0.0251, 0.9642, 0.0299
18:46:49, 7.27, 218, 148.93, 355.88, 358.09, 0.2682, -0.0256, 0.9626, 0.0301
18:46:49, 7.30, 219, 148.20, 355.78, 358.09, 0.2743, -0.0261, 0.9608, 0.0308
18:46:49, 7.30, 219, 147.36, 355.66, 358.04, 0.2814, -0.0271, 0.9587, 0.0315
18:46:49, 7.33, 220, 146.56, 355.57, 357.97, 0.2881, -0.0281, 0.9567, 0.0319
18:46:49, 7.33, 220, 145.75, 355.52, 357.88, 0.2949, -0.0292, 0.9546, 0.0319
18:46:49, 7.37, 221, 144.86, 355.35, 357.72, 0.3023, -0.0312, 0.9521, 0.0326
18:46:49, 7.37, 221, 143.96, 355.23, 357.48, 0.3099, -0.0337, 0.9496, 0.0328
18:46:49, 7.37, 221, 142.99, 355.07, 357.22, 0.3180, -0.0367, 0.9468, 0.0330
18:46:49, 7.40, 222, 141.95, 354.91, 356.91, 0.3267, -0.0399, 0.9437, 0.0332
18:46:49, 7.40, 222, 140.83, 354.72, 356.47, 0.3360, -0.0444, 0.9402, 0.0331
18:46:49, 7.43, 223, 139.58, 354.59, 356.05, 0.3464, -0.0486, 0.9363, 0.0324
18:46:50, 7.43, 223, 138.30, 354.50, 355.53, 0.3570, -0.0535, 0.9321, 0.0309
18:46:50, 7.43, 223, 137.04, 354.48, 355.11, 0.3674, -0.0572, 0.9279, 0.0292
18:46:50, 7.47, 224, 135.64, 354.61, 354.71, 0.3787, -0.0604, 0.9232, 0.0261
18:46:50, 7.47, 224, 134.28, 354.60, 354.37, 0.3897, -0.0634, 0.9184, 0.0243
18:46:50, 7.50, 225, 132.91, 354.57, 354.11, 0.4007, -0.0660, 0.9135, 0.0229
18:46:50, 7.50, 225, 131.57, 354.44, 353.92, 0.4115, -0.0682, 0.9086, 0.0225
18:46:50, 7.53, 226, 130.18, 354.30, 353.77, 0.4225, -0.0701, 0.9034, 0.0222
18:46:50, 7.53, 226, 128.72, 354.12, 353.66, 0.4341, -0.0719, 0.8977, 0.0223
18:46:50, 7.53, 226, 127.28, 353.92, 353.58, 0.4454, -0.0736, 0.8920, 0.0226
18:46:50, 7.57, 227, 125.89, 353.79, 353.46, 0.4562, -0.0753, 0.8864, 0.0222
18:46:50, 7.57, 227, 124.46, 353.61, 353.39, 0.4672, -0.0768, 0.8805, 0.0224
18:46:50, 7.60, 228, 123.08, 353.46, 353.35, 0.4779, -0.0780, 0.8747, 0.0224
18:46:50, 7.60, 228, 121.70, 353.33, 353.34, 0.4884, -0.0789, 0.8688, 0.0225
18:46:50, 7.63, 229, 120.25, 353.02, 353.49, 0.4994, -0.0794, 0.8624, 0.0245
18:46:50, 7.63, 229, 118.80, 352.63, 353.64, 0.5103, -0.0803, 0.8558, 0.0271
18:46:50, 7.63, 229, 117.28, 352.29, 353.78, 0.5216, -0.0811, 0.8488, 0.0292
18:46:50, 7.67, 230, 115.77, 352.08, 353.92, 0.5327, -0.0815, 0.8418, 0.0303
18:46:50, 7.67, 230, 114.19, 351.91, 354.15, 0.5442, -0.0810, 0.8344, 0.0315
18:46:50, 7.70, 231, 112.65, 351.83, 354.36, 0.5553, -0.0803, 0.8271, 0.0320
18:46:50, 7.70, 231, 111.06, 351.77, 354.52, 0.5667, -0.0799, 0.8194, 0.0321
18:46:50, 7.70, 231, 109.52, 351.65, 354.77, 0.5776, -0.0791, 0.8118, 0.0331
18:46:50, 7.73, 232, 108.02, 351.59, 354.94, 0.5881, -0.0786, 0.8043, 0.0334
18:46:50, 7.73, 232, 106.58, 351.54, 355.27, 0.5981, -0.0771, 0.7970, 0.0345
18:46:50, 7.77, 233, 105.16, 351.61, 355.61, 0.6078, -0.0747, 0.7898, 0.0348
18:46:50, 7.77, 233, 103.89, 351.57, 355.98, 0.6164, -0.0728, 0.7832, 0.0363
18:46:50, 7.77, 233, 102.72, 351.67, 356.28, 0.6243, -0.0706, 0.7771, 0.0365
18:46:50, 7.80, 234, 101.61, 351.61, 356.65, 0.6317, -0.0688, 0.7712, 0.0383
18:46:50, 7.80, 234, 100.49, 351.68, 357.02, 0.6391, -0.0663, 0.7653, 0.0391
18:46:50, 7.83, 235, 99.50, 351.83, 357.37, 0.6455, -0.0635, 0.7601, 0.0396
18:46:50, 7.83, 235, 98.56, 351.85, 357.74, 0.6517, -0.0612, 0.7549, 0.0410
18:46:50, 7.87, 236, 97.64, 351.95, 358.17, 0.6575, -0.0582, 0.7500, 0.0424
18:46:50, 7.87, 236, 96.85, 351.95, 358.48, 0.6626, -0.0565, 0.7456, 0.0437
18:46:50, 7.87, 236, 95.98, 351.93, 358.78, 0.6681, -0.0550, 0.7407, 0.0452
18:46:50, 7.90, 237, 95.17, 351.99, 359.05, 0.6732, -0.0532, 0.7361, 0.0459
18:46:50, 7.90, 237, 94.36, 351.94, 359.29, 0.6783, -0.0523, 0.7314, 0.0473
18:46:50, 7.93, 238, 93.60, 351.91, 359.45, 0.6831, -0.0518, 0.7269, 0.0481
18:46:50, 7.93, 238, 92.80, 351.91, 359.56, 0.6881, -0.0514, 0.7222, 0.0485
18:46:50, 7.93, 238, 92.12, 351.91, 359.64, 0.6923, -0.0512, 0.7181, 0.0486
18:46:50, 7.97, 239, 91.44, 351.95, 359.72, 0.6966, -0.0508, 0.7140, 0.0485
18:46:50, 7.97, 239, 90.88, 351.98, 359.75, 0.7001, -0.0506, 0.7106, 0.0483
18:46:50, 8.00, 240, 90.38, 351.99, 359.84, 0.7031, -0.0502, 0.7076, 0.0485
18:46:50, 8.00, 240, 89.87, 351.99, 359.90, 0.7062, -0.0501, 0.7045, 0.0487
18:46:50, 8.03, 241, 89.43, 352.00, 359.90, 0.7089, -0.0502, 0.7018, 0.0484
18:46:50, 8.03, 241, 88.96, 351.97, 359.90, 0.7118, -0.0506, 0.6989, 0.0484
18:46:50, 8.03, 241, 88.47, 351.89, 359.94, 0.7147, -0.0510, 0.6959, 0.0489
18:46:50, 8.07, 242, 88.08, 351.92, 359.88, 0.7171, -0.0514, 0.6934, 0.0482
18:46:50, 8.07, 242, 87.66, 351.90, 359.90, 0.7196, -0.0516, 0.6907, 0.0483
18:46:50, 8.10, 243, 87.21, 351.90, 359.88, 0.7223, -0.0518, 0.6879, 0.0480
18:46:50, 8.10, 243, 86.81, 351.96, 359.84, 0.7248, -0.0519, 0.6854, 0.0472
18:46:50, 8.10, 243, 86.36, 352.05, 359.81, 0.7275, -0.0517, 0.6826, 0.0463
18:46:50, 8.13, 244, 85.88, 352.14, 359.86, 0.7304, -0.0510, 0.6796, 0.0458
18:46:50, 8.13, 244, 85.43, 352.28, 359.87, 0.7331, -0.0502, 0.6768, 0.0448
18:46:50, 8.17, 245, 84.93, 352.33, 359.90, 0.7361, -0.0499, 0.6736, 0.0445
18:46:50, 8.17, 245, 84.41, 352.51, 359.89, 0.7392, -0.0491, 0.6703, 0.0432
18:46:50, 8.20, 246, 83.88, 352.62, 359.91, 0.7424, -0.0484, 0.6669, 0.0424
18:46:50, 8.20, 246, 83.32, 352.79, 359.91, 0.7456, -0.0475, 0.6634, 0.0412
18:46:50, 8.20, 246, 82.73, 353.01, 359.96, 0.7491, -0.0460, 0.6596, 0.0400
18:46:50, 8.23, 247, 82.20, 353.22, 0.02, 0.7522, -0.0444, 0.6562, 0.0390
18:46:50, 8.23, 247, 81.58, 353.48, 0.09, 0.7559, -0.0426, 0.6522, 0.0377
18:46:50, 8.27, 248, 81.00, 353.65, 0.18, 0.7592, -0.0411, 0.6485, 0.0372
18:46:50, 8.27, 248, 80.34, 353.82, 0.31, 0.7629, -0.0394, 0.6442, 0.0368
18:46:50, 8.27, 248, 79.69, 353.99, 0.43, 0.7666, -0.0378, 0.6400, 0.0365
18:46:50, 8.30, 249, 79.08, 354.19, 0.50, 0.7701, -0.0363, 0.6359, 0.0357
18:46:50, 8.30, 249, 78.49, 354.40, 0.54, 0.7734, -0.0349, 0.6321, 0.0346
18:46:50, 8.33, 250, 77.85, 354.71, 0.58, 0.7770, -0.0327, 0.6278, 0.0329
18:46:50, 8.33, 250, 77.32, 354.99, 0.61, 0.7800, -0.0308, 0.6243, 0.0315
18:46:50, 8.37, 251, 76.70, 355.35, 0.62, 0.7834, -0.0284, 0.6201, 0.0294
18:46:50, 8.37, 251, 76.11, 355.59, 0.63, 0.7867, -0.0269, 0.6161, 0.0280
18:46:50, 8.37, 251, 75.50, 355.78, 0.61, 0.7900, -0.0259, 0.6120, 0.0267
18:46:50, 8.40, 252, 74.92, 356.02, 0.66, 0.7932, -0.0241, 0.6080, 0.0256
18:46:50, 8.40, 252, 74.33, 356.24, 0.70, 0.7963, -0.0224, 0.6039, 0.0247
18:46:50, 8.43, 253, 73.73, 356.40, 0.69, 0.7995, -0.0215, 0.5998, 0.0237
18:46:50, 8.43, 253, 73.11, 356.47, 0.74, 0.8028, -0.0209, 0.5954, 0.0235
18:46:51, 8.43, 253, 72.43, 356.59, 0.69, 0.8063, -0.0205, 0.5907, 0.0225
18:46:51, 8.47, 254, 71.78, 356.69, 0.70, 0.8097, -0.0198, 0.5861, 0.0218
18:46:51, 8.47, 254, 71.16, 356.86, 0.66, 0.8129, -0.0189, 0.5817, 0.0206
18:46:51, 8.50, 255, 70.62, 357.04, 0.65, 0.8157, -0.0178, 0.5779, 0.0195
18:46:51, 8.50, 255, 69.99, 357.11, 0.65, 0.8188, -0.0174, 0.5734, 0.0191
18:46:51, 8.53, 256, 69.41, 357.04, 0.59, 0.8217, -0.0183, 0.5693, 0.0190
18:46:51, 8.53, 256, 68.81, 357.03, 0.60, 0.8247, -0.0184, 0.5649, 0.0190
18:46:51, 8.53, 256, 68.26, 356.99, 0.53, 0.8274, -0.0191, 0.5610, 0.0186
18:46:51, 8.57, 257, 67.71, 356.97, 0.60, 0.8301, -0.0190, 0.5570, 0.0191
18:46:51, 8.57, 257, 67.25, 357.04, 0.62, 0.8323, -0.0185, 0.5537, 0.0188
18:46:51, 8.60, 258, 66.79, 357.07, 0.68, 0.8345, -0.0181, 0.5503, 0.0190
18:46:51, 8.60, 258, 66.29, 357.15, 0.70, 0.8369, -0.0175, 0.5467, 0.0187
18:46:51, 8.60, 258, 65.81, 357.26, 0.71, 0.8393, -0.0167, 0.5432, 0.0182
18:46:51, 8.63, 259, 65.30, 357.23, 0.69, 0.8416, -0.0171, 0.5395, 0.0181
18:46:51, 8.63, 259, 64.79, 357.26, 0.66, 0.8441, -0.0171, 0.5357, 0.0177
18:46:51, 8.67, 260, 64.31, 357.34, 0.61, 0.8463, -0.0168, 0.5322, 0.0169
18:46:51, 8.67, 260, 63.79, 357.50, 0.58, 0.8488, -0.0159, 0.5283, 0.0158
18:46:51, 8.70, 261, 63.38, 357.60, 0.54, 0.8506, -0.0154, 0.5253, 0.0150
18:46:51, 8.70, 261, 62.97, 357.77, 0.46, 0.8526, -0.0145, 0.5222, 0.0136
18:46:51, 8.70, 261, 62.55, 357.94, 0.40, 0.8545, -0.0136, 0.5191, 0.0123
18:46:51, 8.73, 262, 62.19, 358.06, 0.40, 0.8561, -0.0127, 0.5164, 0.0117
18:46:51, 8.73, 262, 61.79, 358.11, 0.37, 0.8580, -0.0124, 0.5134, 0.0112
18:46:51, 8.77, 263, 61.41, 358.19, 0.38, 0.8597, -0.0118, 0.5106, 0.0109
18:46:51, 8.77, 263, 61.00, 358.11, 0.41, 0.8615, -0.0124, 0.5075, 0.0114
18:46:51, 8.77, 263, 60.65, 357.91, 0.33, 0.8630, -0.0143, 0.5049, 0.0117
18:46:51, 8.80, 264, 60.27, 357.52, 0.23, 0.8646, -0.0177, 0.5020, 0.0126
18:46:51, 8.80, 264, 59.83, 356.89, 0.11, 0.8664, -0.0230, 0.4986, 0.0143
18:46:51, 8.83, 265, 59.46, 356.00, 359.96, 0.8678, -0.0304, 0.4956, 0.0170
18:46:51, 8.83, 265, 59.11, 354.98, 359.83, 0.8691, -0.0389, 0.4927, 0.0203
18:46:51, 8.87, 266, 58.78, 353.58, 359.72, 0.8700, -0.0500, 0.4898, 0.0254
18:46:51, 8.87, 266, 58.53, 351.83, 359.67, 0.8703, -0.0635, 0.4874, 0.0323
18:46:51, 8.87, 266, 58.29, 350.05, 359.70, 0.8702, -0.0770, 0.4850, 0.0400
18:46:51, 8.90, 267, 58.10, 348.25, 359.74, 0.8697, -0.0905, 0.4828, 0.0477
18:46:51, 8.90, 267, 57.93, 346.47, 359.71, 0.8689, -0.1043, 0.4807, 0.0548
18:46:51, 8.93, 268, 57.73, 344.61, 359.73, 0.8680, -0.1184, 0.4781, 0.0625
18:46:51, 8.93, 268, 57.62, 342.59, 359.71, 0.8663, -0.1338, 0.4760, 0.0707
18:46:51, 8.97, 269, 57.43, 340.41, 359.76, 0.8644, -0.1502, 0.4732, 0.0799
18:46:51, 8.97, 269, 57.39, 338.12, 359.84, 0.8614, -0.1671, 0.4712, 0.0899
18:46:51, 8.97, 269, 57.41, 336.00, 359.92, 0.8580, -0.1827, 0.4697, 0.0993
18:46:51, 9.00, 270, 57.36, 334.08, 0.02, 0.8549, -0.1967, 0.4677, 0.1078
18:46:51, 9.00, 270, 57.35, 332.30, 0.13, 0.8517, -0.2095, 0.4661, 0.1159
18:46:51, 9.03, 271, 57.19, 330.71, 0.31, 0.8491, -0.2207, 0.4637, 0.1233
18:46:51, 9.03, 271, 56.86, 330.08, 0.60, 0.8489, -0.2245, 0.4612, 0.1274
18:46:51, 9.03, 271, 56.82, 327.89, 0.45, 0.8447, -0.2415, 0.4581, 0.1349
18:46:51, 9.07, 272, 56.77, 327.11, 0.29, 0.8434, -0.2480, 0.4565, 0.1367
18:46:51, 9.07, 272, 56.71, 326.11, 0.12, 0.8417, -0.2560, 0.4546, 0.1393
18:46:51, 9.10, 273, 56.60, 325.35, 359.98, 0.8406, -0.2623, 0.4525, 0.1410
18:46:51, 9.10, 273, 56.27, 324.64, 359.92, 0.8403, -0.2681, 0.4491, 0.1426
18:46:51, 9.10, 273, 56.02, 324.12, 359.90, 0.8401, -0.2724, 0.4465, 0.1439
18:46:51, 9.13, 274, 55.77, 323.52, 359.95, 0.8395, -0.2768, 0.4441, 0.1460
18:46:51, 9.13, 274, 55.54, 322.95, 0.03, 0.8389, -0.2810, 0.4419, 0.1483
18:46:51, 9.17, 275, 55.22, 322.31, 0.15, 0.8384, -0.2856, 0.4390, 0.1508
18:46:51, 9.17, 275, 54.86, 321.69, 0.21, 0.8382, -0.2904, 0.4357, 0.1527
18:46:51, 9.20, 276, 54.54, 321.01, 0.22, 0.8376, -0.2958, 0.4325, 0.1545
18:46:51, 9.20, 276, 54.27, 320.24, 0.20, 0.8366, -0.3019, 0.4294, 0.1565
18:46:51, 9.20, 276, 54.04, 319.48, 0.23, 0.8354, -0.3076, 0.4268, 0.1590
18:46:51, 9.23, 277, 53.75, 318.76, 0.24, 0.8345, -0.3133, 0.4238, 0.1610
18:46:51, 9.23, 277, 53.49, 317.97, 0.34, 0.8331, -0.3190, 0.4211, 0.1639
18:46:51, 9.27, 278, 53.15, 317.22, 0.46, 0.8321, -0.3245, 0.4179, 0.1665
18:46:51, 9.27, 278, 52.89, 316.44, 0.57, 0.8306, -0.3301, 0.4152, 0.1694
18:46:51, 9.27, 278, 52.40, 315.58, 0.84, 0.8294, -0.3361, 0.4113, 0.1730
18:46:51, 9.30, 279, 52.14, 314.66, 0.96, 0.8274, -0.3428, 0.4084, 0.1763
18:46:51, 9.30, 279, 51.90, 313.71, 0.97, 0.8253, -0.3500, 0.4053, 0.1790
18:46:51, 9.33, 280, 51.62, 312.77, 1.04, 0.8233, -0.3570, 0.4022, 0.1819
18:46:51, 9.33, 280, 51.38, 311.86, 1.01, 0.8212, -0.3640, 0.3990, 0.1841
18:46:51, 9.37, 281, 51.25, 310.97, 0.95, 0.8189, -0.3709, 0.3966, 0.1862
18:46:51, 9.37, 281, 51.03, 310.01, 1.02, 0.8163, -0.3778, 0.3938, 0.1893
18:46:51, 9.37, 281, 50.82, 309.16, 0.97, 0.8142, -0.3845, 0.3908, 0.1911
18:46:51, 9.40, 282, 50.51, 308.16, 0.90, 0.8120, -0.3923, 0.3868, 0.1928
18:46:51, 9.40, 282, 50.20, 307.28, 0.82, 0.8100, -0.3994, 0.3829, 0.1942
18:46:51, 9.43, 283, 49.92, 306.33, 0.73, 0.8077, -0.4069, 0.3791, 0.1956
18:46:51, 9.43, 283, 49.52, 305.46, 0.62, 0.8061, -0.4140, 0.3745, 0.1962
18:46:52, 9.43, 283, 49.02, 304.63, 0.50, 0.8049, -0.4211, 0.3692, 0.1963
18:46:52, 9.47, 284, 48.50, 303.94, 0.37, 0.8042, -0.4273, 0.3639, 0.1956
18:46:52, 9.47, 284, 47.89, 303.24, 0.25, 0.8037, -0.4337, 0.3580, 0.1946
18:46:52, 9.50, 285, 47.28, 302.58, 0.24, 0.8031, -0.4393, 0.3526, 0.1943
18:46:52, 9.50, 285, 46.71, 301.94, 0.20, 0.8024, -0.4449, 0.3474, 0.1938
18:46:52, 9.53, 286, 46.30, 301.35, 359.97, 0.8017, -0.4504, 0.3427, 0.1924
18:46:52, 9.53, 286, 46.05, 300.79, 359.57, 0.8009, -0.4559, 0.3384, 0.1902
18:46:52, 9.53, 286, 45.67, 300.44, 359.33, 0.8010, -0.4597, 0.3342, 0.1881
18:46:52, 9.57, 287, 45.38, 300.07, 359.09, 0.8008, -0.4635, 0.3305, 0.1863
18:46:52, 9.57, 287, 45.23, 299.71, 358.71, 0.8004, -0.4673, 0.3273, 0.1842
18:46:52, 9.60, 288, 44.84, 299.43, 358.67, 0.8004, -0.4700, 0.3239, 0.1831
18:46:52, 9.60, 288, 44.52, 299.17, 358.60, 0.8004, -0.4725, 0.3209, 0.1820
18:46:52, 9.60, 288, 44.16, 299.07, 358.55, 0.8011, -0.4738, 0.3181, 0.1805
18:46:52, 9.63, 289, 43.93, 298.97, 358.23, 0.8018, -0.4758, 0.3149, 0.1775
18:46:52, 9.63, 289, 43.41, 298.87, 358.24, 0.8028, -0.4773, 0.3111, 0.1757
18:46:52, 9.67, 290, 42.87, 298.78, 358.28, 0.8038, -0.4787, 0.3074, 0.1741
18:46:52, 9.67, 290, 42.37, 298.65, 358.28, 0.8046, -0.4803, 0.3036, 0.1723
18:46:52, 9.70, 291, 41.89, 298.42, 358.29, 0.8049, -0.4826, 0.2999, 0.1710
18:46:52, 9.70, 291, 41.35, 298.13, 358.37, 0.8050, -0.4852, 0.2960, 0.1701
18:46:52, 9.70, 291, 40.98, 297.91, 358.21, 0.8053, -0.4877, 0.2923, 0.1679
18:46:52, 9.73, 292, 40.47, 297.64, 358.05, 0.8056, -0.4907, 0.2876, 0.1654
18:46:52, 9.73, 292, 40.05, 297.42, 357.83, 0.8061, -0.4934, 0.2833, 0.1626
18:46:52, 9.77, 293, 39.49, 297.18, 357.78, 0.8066, -0.4960, 0.2788, 0.1604
18:46:52, 9.77, 293, 38.84, 296.98, 357.69, 0.8074, -0.4986, 0.2734, 0.1575
18:46:52, 9.80, 294, 38.00, 296.83, 357.69, 0.8087, -0.5007, 0.2673, 0.1543
18:46:52, 9.80, 294, 37.18, 296.72, 357.70, 0.8101, -0.5025, 0.2614, 0.1510
18:46:52, 9.80, 294, 36.31, 296.57, 357.81, 0.8113, -0.5045, 0.2555, 0.1483
18:46:52, 9.83, 295, 35.66, 296.55, 357.65, 0.8129, -0.5058, 0.2501, 0.1444
18:46:52, 9.83, 295, 34.96, 296.67, 357.67, 0.8149, -0.5058, 0.2454, 0.1411
18:46:52, 9.87, 296, 34.59, 296.73, 357.37, 0.8163, -0.5064, 0.2415, 0.1372
18:46:52, 9.87, 296, 34.29, 296.70, 357.04, 0.8171, -0.5077, 0.2379, 0.1337
18:46:52, 9.87, 296, 33.92, 296.72, 356.80, 0.8183, -0.5085, 0.2342, 0.1302
18:46:52, 9.90, 297, 33.79, 296.85, 356.47, 0.8195, -0.5084, 0.2320, 0.1270
18:46:52, 9.90, 297, 33.67, 297.11, 356.22, 0.8211, -0.5072, 0.2305, 0.1241
18:46:52, 9.93, 298, 33.51, 297.30, 355.96, 0.8225, -0.5065, 0.2285, 0.1211
18:46:52, 9.93, 298, 33.16, 297.52, 355.97, 0.8241, -0.5053, 0.2264, 0.1191
18:46:52, 9.97, 299, 32.91, 297.76, 355.85, 0.8258, -0.5041, 0.2244, 0.1166
18:46:52, 9.97, 299, 32.74, 298.01, 355.68, 0.8274, -0.5028, 0.2228, 0.1141
18:46:52, 9.97, 299, 32.59, 298.27, 355.60, 0.8288, -0.5013, 0.2218, 0.1122
