Timestamp, VideoTime, VideoFrame, HeadYaw, HeadPitch, HeadRoll, HeadQuatW, HeadQuatX, HeadQuatY, HeadQuatZ
13:10:28, 0.00, 0, 20.87, 354.55, 359.14, 0.9824, -0.0481, 0.1805, 0.0012
13:10:28, 0.03, 1, 20.86, 354.54, 359.14, 0.9824, -0.0482, 0.1805, 0.0013
13:10:28, 0.03, 1, 20.87, 354.55, 359.14, 0.9824, -0.0481, 0.1806, 0.0013
13:10:28, 0.03, 1, 20.86, 354.55, 359.16, 0.9824, -0.0481, 0.1805, 0.0014
13:10:28, 0.07, 2, 20.87, 354.55, 359.16, 0.9824, -0.0481, 0.1805, 0.0014
13:10:28, 0.07, 2, 20.87, 354.56, 359.16, 0.9824, -0.0480, 0.1805, 0.0014
13:10:28, 0.10, 3, 20.87, 354.56, 359.16, 0.9824, -0.0480, 0.1805, 0.0014
13:10:28, 0.10, 3, 20.86, 354.57, 359.16, 0.9824, -0.0479, 0.1805, 0.0014
13:10:28, 0.10, 3, 20.85, 354.58, 359.16, 0.9824, -0.0478, 0.1804, 0.0013
13:10:28, 0.13, 4, 20.85, 354.56, 359.16, 0.9824, -0.0480, 0.1804, 0.0014
13:10:28, 0.13, 4, 20.84, 354.56, 359.16, 0.9824, -0.0480, 0.1803, 0.0014
13:10:28, 0.17, 5, 20.84, 354.57, 359.16, 0.9824, -0.0480, 0.1803, 0.0013
13:10:28, 0.17, 5, 20.85, 354.57, 359.15, 0.9824, -0.0479, 0.1804, 0.0013
13:10:28, 0.17, 5, 20.86, 354.57, 359.16, 0.9824, -0.0479, 0.1805, 0.0013
13:10:28, 0.20, 6, 20.86, 354.58, 359.16, 0.9824, -0.0479, 0.1805, 0.0014
13:10:28, 0.20, 6, 20.87, 354.58, 359.17, 0.9824, -0.0478, 0.1806, 0.0015
13:10:28, 0.23, 7, 20.88, 354.58, 359.18, 0.9824, -0.0478, 0.1806, 0.0015
13:10:28, 0.23, 7, 20.87, 354.58, 359.18, 0.9824, -0.0478, 0.1806, 0.0016
13:10:28, 0.27, 8, 20.87, 354.57, 359.19, 0.9824, -0.0479, 0.1806, 0.0016
13:10:28, 0.27, 8, 20.85, 354.58, 359.19, 0.9824, -0.0478, 0.1804, 0.0016
13:10:28, 0.27, 8, 20.84, 354.57, 359.19, 0.9824, -0.0479, 0.1803, 0.0016
13:10:28, 0.30, 9, 20.82, 354.56, 359.19, 0.9825, -0.0479, 0.1802, 0.0016
13:10:28, 0.30, 9, 20.80, 354.55, 359.18, 0.9825, -0.0480, 0.1800, 0.0016
13:10:28, 0.33, 10, 20.79, 354.56, 359.18, 0.9825, -0.0480, 0.1799, 0.0015
13:10:28, 0.33, 10, 20.78, 354.55, 359.18, 0.9825, -0.0480, 0.1798, 0.0015
13:10:28, 0.37, 11, 20.79, 354.56, 359.18, 0.9825, -0.0480, 0.1799, 0.0015
13:10:28, 0.37, 11, 20.79, 354.56, 359.18, 0.9825, -0.0480, 0.1799, 0.0015
13:10:28, 0.37, 11, 20.80, 354.57, 359.18, 0.9825, -0.0479, 0.1800, 0.0016
13:10:28, 0.40, 12, 20.80, 354.56, 359.19, 0.9825, -0.0480, 0.1800, 0.0016
13:10:28, 0.40, 12, 20.81, 354.55, 359.18, 0.9825, -0.0480, 0.1800, 0.0016
13:10:28, 0.43, 13, 20.82, 354.56, 359.17, 0.9825, -0.0480, 0.1801, 0.0014
13:10:28, 0.43, 13, 20.82, 354.56, 359.17, 0.9825, -0.0480, 0.1801, 0.0015
13:10:28, 0.43, 13, 20.83, 354.56, 359.16, 0.9825, -0.0480, 0.1802, 0.0014
13:10:28, 0.47, 14, 20.82, 354.57, 359.15, 0.9825, -0.0480, 0.1802, 0.0012
13:10:28, 0.47, 14, 20.83, 354.57, 359.13, 0.9825, -0.0480, 0.1802, 0.0011
13:10:28, 0.50, 15, 20.84, 354.57, 359.10, 0.9824, -0.0480, 0.1803, 0.0009
13:10:28, 0.50, 15, 20.85, 354.59, 359.08, 0.9824, -0.0478, 0.1803, 0.0007
13:10:28, 0.50, 15, 20.85, 354.58, 359.08, 0.9824, -0.0479, 0.1804, 0.0007
13:10:28, 0.53, 16, 20.85, 354.58, 359.10, 0.9824, -0.0479, 0.1804, 0.0009
13:10:28, 0.53, 16, 20.85, 354.58, 359.11, 0.9824, -0.0479, 0.1804, 0.0009
13:10:28, 0.57, 17, 20.86, 354.59, 359.12, 0.9824, -0.0478, 0.1804, 0.0010
13:10:28, 0.57, 17, 20.85, 354.61, 359.12, 0.9824, -0.0476, 0.1804, 0.0010
13:10:28, 0.60, 18, 20.85, 354.61, 359.12, 0.9824, -0.0476, 0.1804, 0.0010
13:10:28, 0.60, 18, 20.84, 354.63, 359.12, 0.9825, -0.0475, 0.1803, 0.0010
13:10:28, 0.60, 18, 20.83, 354.62, 359.12, 0.9825, -0.0475, 0.1802, 0.0010
13:10:28, 0.63, 19, 20.81, 354.62, 359.13, 0.9825, -0.0475, 0.1800, 0.0010
13:10:28, 0.63, 19, 20.79, 354.62, 359.13, 0.9825, -0.0475, 0.1799, 0.0011
13:10:28, 0.67, 20, 20.79, 354.62, 359.13, 0.9825, -0.0476, 0.1799, 0.0010
13:10:28, 0.67, 20, 20.79, 354.62, 359.13, 0.9825, -0.0475, 0.1799, 0.0010
13:10:28, 0.67, 20, 20.78, 354.62, 359.14, 0.9826, -0.0475, 0.1798, 0.0011
13:10:28, 0.70, 21, 20.78, 354.62, 359.13, 0.9826, -0.0475, 0.1798, 0.0010
13:10:28, 0.70, 21, 20.78, 354.61, 359.14, 0.9826, -0.0476, 0.1798, 0.0011
13:10:28, 0.73, 22, 20.79, 354.62, 359.14, 0.9825, -0.0476, 0.1799, 0.0011
13:10:28, 0.73, 22, 20.79, 354.59, 359.14, 0.9825, -0.0478, 0.1799, 0.0011
13:10:29, 0.77, 23, 20.80, 354.59, 359.11, 0.9825, -0.0478, 0.1800, 0.0009
13:10:29, 0.77, 23, 20.81, 354.60, 359.09, 0.9825, -0.0478, 0.1800, 0.0007
13:10:29, 0.77, 23, 20.82, 354.60, 359.08, 0.9825, -0.0478, 0.1801, 0.0006
13:10:29, 0.80, 24, 20.83, 354.59, 359.09, 0.9825, -0.0479, 0.1802, 0.0007
13:10:29, 0.80, 24, 20.83, 354.61, 359.10, 0.9825, -0.0477, 0.1802, 0.0008
13:10:29, 0.83, 25, 20.83, 354.61, 359.11, 0.9825, -0.0477, 0.1802, 0.0009
13:10:29, 0.83, 25, 20.84, 354.60, 359.12, 0.9825, -0.0477, 0.1803, 0.0009
13:10:29, 0.87, 26, 20.84, 354.61, 359.11, 0.9825, -0.0477, 0.1803, 0.0009
13:10:29, 0.87, 26, 20.83, 354.61, 359.10, 0.9825, -0.0477, 0.1802, 0.0008
13:10:29, 0.87, 26, 20.83, 354.61, 359.09, 0.9825, -0.0477, 0.1802, 0.0007
13:10:29, 0.90, 27, 20.81, 354.61, 359.08, 0.9825, -0.0477, 0.1801, 0.0006
13:10:29, 0.90, 27, 20.82, 354.61, 359.08, 0.9825, -0.0477, 0.1801, 0.0006
13:10:29, 0.93, 28, 20.82, 354.62, 359.08, 0.9825, -0.0476, 0.1801, 0.0006
13:10:29, 0.93, 28, 20.82, 354.63, 359.09, 0.9825, -0.0475, 0.1801, 0.0007
13:10:29, 0.93, 28, 20.83, 354.63, 359.10, 0.9825, -0.0475, 0.1802, 0.0007
13:10:29, 0.97, 29, 20.83, 354.63, 359.11, 0.9825, -0.0475, 0.1802, 0.0009
13:10:29, 0.97, 29, 20.84, 354.63, 359.12, 0.9825, -0.0475, 0.1803, 0.0009
13:10:29, 1.00, 30, 20.83, 354.63, 359.13, 0.9825, -0.0475, 0.1802, 0.0010
13:10:29, 1.00, 30, 20.83, 354.62, 359.12, 0.9825, -0.0475, 0.1802, 0.0009
13:10:29, 1.03, 31, 20.81, 354.62, 359.13, 0.9825, -0.0476, 0.1801, 0.0010
13:10:29, 1.03, 31, 20.80, 354.62, 359.12, 0.9825, -0.0475, 0.1800, 0.0010
13:10:29, 1.03, 31, 20.79, 354.62, 359.13, 0.9825, -0.0475, 0.1798, 0.0010
13:10:29, 1.07, 32, 20.78, 354.62, 359.12, 0.9826, -0.0475, 0.1798, 0.0009
13:10:29, 1.07, 32, 20.78, 354.61, 359.12, 0.9826, -0.0476, 0.1797, 0.0009
13:10:29, 1.10, 33, 20.76, 354.62, 359.12, 0.9826, -0.0476, 0.1796, 0.0009
13:10:29, 1.10, 33, 20.77, 354.62, 359.12, 0.9826, -0.0475, 0.1797, 0.0009
13:10:29, 1.10, 33, 20.77, 354.63, 359.12, 0.9826, -0.0475, 0.1797, 0.0009
13:10:29, 1.13, 34, 20.77, 354.63, 359.12, 0.9826, -0.0475, 0.1797, 0.0009
13:10:29, 1.13, 34, 20.78, 354.63, 359.13, 0.9826, -0.0474, 0.1798, 0.0009
13:10:29, 1.17, 35, 20.79, 354.63, 359.13, 0.9825, -0.0474, 0.1799, 0.0010
13:10:29, 1.17, 35, 20.78, 354.63, 359.12, 0.9826, -0.0475, 0.1798, 0.0009
13:10:29, 1.17, 35, 20.80, 354.63, 359.12, 0.9825, -0.0475, 0.1800, 0.0009
13:10:29, 1.20, 36, 20.79, 354.62, 359.12, 0.9825, -0.0475, 0.1798, 0.0009
13:10:29, 1.20, 36, 20.78, 354.63, 359.13, 0.9826, -0.0475, 0.1798, 0.0010
13:10:29, 1.23, 37, 20.77, 354.62, 359.12, 0.9826, -0.0475, 0.1797, 0.0009
13:10:29, 1.23, 37, 20.76, 354.61, 359.11, 0.9826, -0.0476, 0.1796, 0.0008
13:10:29, 1.27, 38, 20.75, 354.61, 359.11, 0.9826, -0.0477, 0.1796, 0.0008
13:10:29, 1.27, 38, 20.76, 354.61, 359.08, 0.9826, -0.0477, 0.1796, 0.0006
13:10:29, 1.27, 38, 20.76, 354.61, 359.06, 0.9826, -0.0477, 0.1796, 0.0004
13:10:29, 1.30, 39, 20.77, 354.62, 359.09, 0.9826, -0.0476, 0.1797, 0.0007
13:10:29, 1.30, 39, 20.78, 354.61, 359.10, 0.9826, -0.0477, 0.1798, 0.0008
13:10:29, 1.33, 40, 20.80, 354.59, 359.12, 0.9825, -0.0478, 0.1799, 0.0009
13:10:29, 1.33, 40, 20.80, 354.59, 359.13, 0.9825, -0.0478, 0.1800, 0.0011
13:10:29, 1.37, 41, 20.80, 354.61, 359.15, 0.9825, -0.0476, 0.1800, 0.0012
13:10:29, 1.37, 41, 20.80, 354.61, 359.15, 0.9825, -0.0476, 0.1800, 0.0012
13:10:29, 1.37, 41, 20.79, 354.61, 359.14, 0.9825, -0.0476, 0.1799, 0.0011
13:10:29, 1.40, 42, 20.77, 354.62, 359.15, 0.9826, -0.0475, 0.1797, 0.0012
13:10:29, 1.40, 42, 20.75, 354.62, 359.16, 0.9826, -0.0475, 0.1795, 0.0012
13:10:29, 1.43, 43, 20.73, 354.63, 359.17, 0.9826, -0.0474, 0.1794, 0.0013
13:10:29, 1.43, 43, 20.72, 354.62, 359.17, 0.9826, -0.0474, 0.1793, 0.0013
13:10:29, 1.43, 43, 20.73, 354.62, 359.17, 0.9826, -0.0474, 0.1794, 0.0013
13:10:29, 1.47, 44, 20.72, 354.62, 359.16, 0.9826, -0.0474, 0.1793, 0.0012
13:10:29, 1.47, 44, 20.73, 354.61, 359.16, 0.9826, -0.0476, 0.1794, 0.0013
13:10:29, 1.50, 45, 20.73, 354.61, 359.17, 0.9826, -0.0476, 0.1794, 0.0013
13:10:29, 1.50, 45, 20.74, 354.60, 359.17, 0.9826, -0.0477, 0.1795, 0.0014
13:10:29, 1.50, 45, 20.74, 354.59, 359.17, 0.9826, -0.0477, 0.1794, 0.0013
13:10:29, 1.53, 46, 20.76, 354.59, 359.14, 0.9826, -0.0478, 0.1796, 0.0012
13:10:29, 1.53, 46, 20.77, 354.59, 359.13, 0.9826, -0.0478, 0.1797, 0.0011
13:10:29, 1.57, 47, 20.78, 354.59, 359.13, 0.9825, -0.0478, 0.1798, 0.0010
13:10:29, 1.57, 47, 20.78, 354.59, 359.14, 0.9825, -0.0478, 0.1798, 0.0011
13:10:29, 1.60, 48, 20.79, 354.59, 359.15, 0.9825, -0.0477, 0.1799, 0.0012
13:10:29, 1.60, 48, 20.80, 354.59, 359.16, 0.9825, -0.0478, 0.1800, 0.0013
13:10:29, 1.60, 48, 20.80, 354.60, 359.16, 0.9825, -0.0477, 0.1800, 0.0013
13:10:29, 1.63, 49, 20.80, 354.60, 359.16, 0.9825, -0.0477, 0.1799, 0.0013
13:10:29, 1.63, 49, 20.79, 354.60, 359.15, 0.9825, -0.0477, 0.1799, 0.0012
13:10:29, 1.67, 50, 20.78, 354.60, 359.14, 0.9825, -0.0477, 0.1798, 0.0011
13:10:29, 1.67, 50, 20.78, 354.61, 359.14, 0.9826, -0.0476, 0.1798, 0.0011
13:10:29, 1.70, 51, 20.78, 354.60, 359.13, 0.9826, -0.0477, 0.1798, 0.0010
13:10:29, 1.70, 51, 20.78, 354.61, 359.14, 0.9826, -0.0476, 0.1798, 0.0011
13:10:29, 1.70, 51, 20.79, 354.62, 359.14, 0.9825, -0.0475, 0.1799, 0.0011
13:10:29, 1.73, 52, 20.81, 354.63, 359.15, 0.9825, -0.0474, 0.1801, 0.0012
13:10:29, 1.73, 52, 20.84, 354.64, 359.16, 0.9825, -0.0473, 0.1803, 0.0013
13:10:30, 1.77, 53, 20.85, 354.64, 359.16, 0.9825, -0.0473, 0.1804, 0.0013
13:10:30, 1.77, 53, 20.87, 354.64, 359.17, 0.9824, -0.0473, 0.1806, 0.0014
13:10:30, 1.77, 53, 20.87, 354.62, 359.17, 0.9824, -0.0474, 0.1806, 0.0014
13:10:30, 1.80, 54, 20.86, 354.62, 359.17, 0.9824, -0.0475, 0.1805, 0.0014
13:10:30, 1.80, 54, 20.84, 354.61, 359.17, 0.9825, -0.0475, 0.1804, 0.0014
13:10:30, 1.83, 55, 20.84, 354.61, 359.17, 0.9825, -0.0476, 0.1803, 0.0014
13:10:30, 1.83, 55, 20.81, 354.61, 359.17, 0.9825, -0.0476, 0.1801, 0.0014
13:10:30, 1.87, 56, 20.80, 354.62, 359.17, 0.9825, -0.0475, 0.1800, 0.0014
13:10:30, 1.87, 56, 20.79, 354.61, 359.16, 0.9825, -0.0476, 0.1799, 0.0013
13:10:30, 1.87, 56, 20.79, 354.59, 359.17, 0.9825, -0.0477, 0.1799, 0.0014
13:10:30, 1.90, 57, 20.78, 354.60, 359.17, 0.9825, -0.0477, 0.1798, 0.0014
13:10:30, 1.90, 57, 20.78, 354.60, 359.17, 0.9825, -0.0477, 0.1798, 0.0014
13:10:30, 1.93, 58, 20.80, 354.59, 359.17, 0.9825, -0.0477, 0.1800, 0.0014
13:10:30, 1.93, 58, 20.81, 354.59, 359.16, 0.9825, -0.0478, 0.1801, 0.0013
13:10:30, 1.93, 58, 20.82, 354.59, 359.17, 0.9825, -0.0477, 0.1802, 0.0014
13:10:30, 1.97, 59, 20.83, 354.59, 359.17, 0.9825, -0.0477, 0.1803, 0.0015
13:10:30, 1.97, 59, 20.84, 354.58, 359.18, 0.9824, -0.0478, 0.1804, 0.0015
13:10:30, 2.00, 60, 20.86, 354.55, 359.17, 0.9824, -0.0480, 0.1805, 0.0015
13:10:30, 2.00, 60, 20.86, 354.56, 359.14, 0.9824, -0.0481, 0.1805, 0.0013
13:10:30, 2.03, 61, 20.87, 354.56, 359.14, 0.9824, -0.0481, 0.1805, 0.0013
13:10:30, 2.03, 61, 20.86, 354.55, 359.14, 0.9824, -0.0481, 0.1805, 0.0012
13:10:30, 2.03, 61, 20.86, 354.55, 359.12, 0.9824, -0.0482, 0.1805, 0.0011
13:10:30, 2.07, 62, 20.86, 354.54, 359.11, 0.9824, -0.0483, 0.1805, 0.0010
13:10:30, 2.07, 62, 20.87, 354.54, 359.10, 0.9824, -0.0482, 0.1806, 0.0009
13:10:30, 2.10, 63, 20.88, 354.55, 359.07, 0.9824, -0.0482, 0.1806, 0.0007
13:10:30, 2.10, 63, 20.88, 354.55, 359.09, 0.9824, -0.0482, 0.1806, 0.0008
13:10:30, 2.10, 63, 20.89, 354.56, 359.10, 0.9824, -0.0481, 0.1807, 0.0009
13:10:30, 2.13, 64, 20.89, 354.55, 359.11, 0.9824, -0.0481, 0.1807, 0.0010
13:10:30, 2.13, 64, 20.89, 354.54, 359.12, 0.9823, -0.0483, 0.1807, 0.0011
13:10:30, 2.17, 65, 20.89, 354.53, 359.12, 0.9823, -0.0483, 0.1808, 0.0011
13:10:30, 2.17, 65, 20.89, 354.53, 359.11, 0.9823, -0.0484, 0.1807, 0.0010
13:10:30, 2.17, 65, 20.89, 354.54, 359.10, 0.9824, -0.0483, 0.1807, 0.0009
13:10:30, 2.20, 66, 20.87, 354.54, 359.10, 0.9824, -0.0482, 0.1806, 0.0009
13:10:30, 2.20, 66, 20.87, 354.55, 359.10, 0.9824, -0.0481, 0.1805, 0.0009
13:10:30, 2.23, 67, 20.86, 354.56, 359.11, 0.9824, -0.0481, 0.1805, 0.0009
13:10:30, 2.23, 67, 20.87, 354.57, 359.11, 0.9824, -0.0480, 0.1805, 0.0009
13:10:30, 2.27, 68, 20.87, 354.57, 359.11, 0.9824, -0.0480, 0.1805, 0.0010
13:10:30, 2.27, 68, 20.88, 354.58, 359.10, 0.9824, -0.0480, 0.1806, 0.0009
13:10:30, 2.27, 68, 20.88, 354.56, 359.10, 0.9824, -0.0481, 0.1807, 0.0009
13:10:30, 2.30, 69, 20.88, 354.56, 359.12, 0.9824, -0.0481, 0.1807, 0.0010
13:10:30, 2.30, 69, 20.89, 354.55, 359.12, 0.9823, -0.0481, 0.1808, 0.0011
13:10:30, 2.33, 70, 20.89, 354.55, 359.11, 0.9824, -0.0482, 0.1807, 0.0010
13:10:30, 2.33, 70, 20.89, 354.55, 359.09, 0.9824, -0.0482, 0.1807, 0.0008
13:10:30, 2.37, 71, 20.90, 354.55, 359.09, 0.9823, -0.0482, 0.1808, 0.0008
13:10:30, 2.37, 71, 20.91, 354.54, 359.08, 0.9823, -0.0483, 0.1809, 0.0007
13:10:30, 2.37, 71, 20.91, 354.54, 359.09, 0.9823, -0.0483, 0.1809, 0.0009
13:10:30, 2.40, 72, 20.92, 354.55, 359.10, 0.9823, -0.0482, 0.1809, 0.0010
13:10:30, 2.40, 72, 20.92, 354.55, 359.10, 0.9823, -0.0482, 0.1809, 0.0009
13:10:30, 2.43, 73, 20.92, 354.55, 359.09, 0.9823, -0.0482, 0.1810, 0.0008
13:10:30, 2.43, 73, 20.92, 354.56, 359.08, 0.9823, -0.0482, 0.1809, 0.0007
13:10:30, 2.43, 73, 20.90, 354.56, 359.07, 0.9823, -0.0482, 0.1808, 0.0007
13:10:30, 2.47, 74, 20.91, 354.56, 359.07, 0.9823, -0.0482, 0.1808, 0.0007
13:10:30, 2.47, 74, 20.91, 354.56, 359.06, 0.9823, -0.0482, 0.1809, 0.0006
13:10:30, 2.50, 75, 20.91, 354.56, 359.06, 0.9823, -0.0482, 0.1809, 0.0005
13:10:30, 2.50, 75, 20.91, 354.56, 359.06, 0.9823, -0.0482, 0.1809, 0.0005
13:10:30, 2.53, 76, 20.92, 354.57, 359.07, 0.9823, -0.0480, 0.1810, 0.0006
13:10:30, 2.53, 76, 20.93, 354.57, 359.08, 0.9823, -0.0480, 0.1810, 0.0007
13:10:30, 2.53, 76, 20.94, 354.57, 359.08, 0.9823, -0.0480, 0.1811, 0.0007
13:10:30, 2.57, 77, 20.94, 354.59, 359.09, 0.9823, -0.0479, 0.1812, 0.0008
13:10:30, 2.57, 77, 20.94, 354.58, 359.11, 0.9823, -0.0479, 0.1812, 0.0010
13:10:30, 2.60, 78, 20.92, 354.59, 359.11, 0.9823, -0.0478, 0.1810, 0.0010
13:10:30, 2.60, 78, 20.91, 354.59, 359.12, 0.9823, -0.0478, 0.1809, 0.0010
13:10:30, 2.60, 78, 20.89, 354.59, 359.13, 0.9824, -0.0478, 0.1807, 0.0011
13:10:30, 2.63, 79, 20.88, 354.59, 359.13, 0.9824, -0.0478, 0.1806, 0.0011
13:10:30, 2.63, 79, 20.86, 354.60, 359.13, 0.9824, -0.0477, 0.1805, 0.0011
13:10:30, 2.67, 80, 20.85, 354.60, 359.12, 0.9824, -0.0477, 0.1804, 0.0010
13:10:30, 2.67, 80, 20.83, 354.61, 359.14, 0.9825, -0.0476, 0.1802, 0.0011
13:10:30, 2.70, 81, 20.83, 354.61, 359.14, 0.9825, -0.0476, 0.1802, 0.0011
13:10:30, 2.70, 81, 20.83, 354.61, 359.14, 0.9825, -0.0476, 0.1802, 0.0011
13:10:30, 2.70, 81, 20.83, 354.61, 359.15, 0.9825, -0.0475, 0.1802, 0.0012
13:10:30, 2.73, 82, 20.84, 354.62, 359.15, 0.9825, -0.0475, 0.1803, 0.0012
13:10:30, 2.73, 82, 20.85, 354.62, 359.14, 0.9824, -0.0475, 0.1804, 0.0011
13:10:31, 2.77, 83, 20.86, 354.62, 359.14, 0.9824, -0.0475, 0.1805, 0.0011
13:10:31, 2.77, 83, 20.86, 354.62, 359.15, 0.9824, -0.0475, 0.1805, 0.0012
13:10:31, 2.77, 83, 20.88, 354.62, 359.14, 0.9824, -0.0475, 0.1807, 0.0011
13:10:31, 2.80, 84, 20.88, 354.62, 359.13, 0.9824, -0.0475, 0.1807, 0.0011
13:10:31, 2.80, 84, 20.89, 354.63, 359.15, 0.9824, -0.0474, 0.1807, 0.0012
13:10:31, 2.83, 85, 20.88, 354.62, 359.16, 0.9824, -0.0474, 0.1807, 0.0013
13:10:31, 2.83, 85, 20.88, 354.63, 359.14, 0.9824, -0.0475, 0.1806, 0.0011
13:10:31, 2.87, 86, 20.87, 354.63, 359.14, 0.9824, -0.0475, 0.1806, 0.0011
13:10:31, 2.87, 86, 20.87, 354.63, 359.14, 0.9824, -0.0474, 0.1805, 0.0011
13:10:31, 2.87, 86, 20.86, 354.63, 359.12, 0.9824, -0.0474, 0.1805, 0.0009
13:10:31, 2.90, 87, 20.86, 354.65, 359.10, 0.9824, -0.0474, 0.1805, 0.0008
13:10:31, 2.90, 87, 20.85, 354.66, 359.12, 0.9825, -0.0472, 0.1804, 0.0009
13:10:31, 2.93, 88, 20.86, 354.66, 359.13, 0.9824, -0.0472, 0.1805, 0.0010
13:10:31, 2.93, 88, 20.85, 354.66, 359.14, 0.9825, -0.0472, 0.1804, 0.0010
13:10:31, 2.93, 88, 20.85, 354.66, 359.15, 0.9825, -0.0471, 0.1804, 0.0011
13:10:31, 2.97, 89, 20.85, 354.68, 359.15, 0.9825, -0.0470, 0.1804, 0.0012
13:10:31, 2.97, 89, 20.84, 354.67, 359.16, 0.9825, -0.0471, 0.1803, 0.0012
13:10:31, 3.00, 90, 20.83, 354.67, 359.16, 0.9825, -0.0471, 0.1802, 0.0012
13:10:31, 3.00, 90, 20.81, 354.67, 359.16, 0.9825, -0.0471, 0.1801, 0.0012
13:10:31, 3.03, 91, 20.79, 354.67, 359.17, 0.9826, -0.0471, 0.1799, 0.0012
13:10:31, 3.03, 91, 20.78, 354.66, 359.17, 0.9826, -0.0471, 0.1798, 0.0013
13:10:31, 3.03, 91, 20.76, 354.66, 359.18, 0.9826, -0.0471, 0.1797, 0.0013
13:10:31, 3.07, 92, 20.75, 354.65, 359.17, 0.9826, -0.0472, 0.1795, 0.0013
13:10:31, 3.07, 92, 20.74, 354.66, 359.17, 0.9826, -0.0471, 0.1794, 0.0013
13:10:31, 3.10, 93, 20.73, 354.63, 359.16, 0.9826, -0.0474, 0.1794, 0.0012
13:10:31, 3.10, 93, 20.73, 354.63, 359.18, 0.9826, -0.0474, 0.1794, 0.0014
13:10:31, 3.10, 93, 20.72, 354.61, 359.18, 0.9826, -0.0475, 0.1793, 0.0014
13:10:31, 3.13, 94, 20.73, 354.61, 359.17, 0.9826, -0.0475, 0.1794, 0.0014
13:10:31, 3.13, 94, 20.74, 354.62, 359.14, 0.9826, -0.0476, 0.1795, 0.0011
13:10:31, 3.17, 95, 20.75, 354.61, 359.14, 0.9826, -0.0476, 0.1796, 0.0011
13:10:31, 3.17, 95, 20.76, 354.60, 359.13, 0.9826, -0.0477, 0.1796, 0.0010
13:10:31, 3.20, 96, 20.77, 354.61, 359.14, 0.9826, -0.0476, 0.1797, 0.0011
13:10:31, 3.20, 96, 20.78, 354.60, 359.15, 0.9826, -0.0476, 0.1798, 0.0012
13:10:31, 3.20, 96, 20.77, 354.62, 359.16, 0.9826, -0.0475, 0.1797, 0.0012
13:10:31, 3.23, 97, 20.78, 354.62, 359.16, 0.9826, -0.0475, 0.1798, 0.0013
13:10:31, 3.23, 97, 20.77, 354.63, 359.14, 0.9826, -0.0475, 0.1797, 0.0011
13:10:31, 3.27, 98, 20.77, 354.62, 359.14, 0.9826, -0.0475, 0.1797, 0.0011
13:10:31, 3.27, 98, 20.76, 354.63, 359.14, 0.9826, -0.0474, 0.1796, 0.0010
13:10:31, 3.27, 98, 20.75, 354.64, 359.14, 0.9826, -0.0474, 0.1796, 0.0011
13:10:31, 3.30, 99, 20.74, 354.64, 359.13, 0.9826, -0.0473, 0.1795, 0.0010
13:10:31, 3.30, 99, 20.75, 354.65, 359.13, 0.9826, -0.0473, 0.1795, 0.0010
13:10:31, 3.33, 100, 20.75, 354.67, 359.14, 0.9826, -0.0471, 0.1795, 0.0010
13:10:31, 3.33, 100, 20.75, 354.68, 359.15, 0.9826, -0.0470, 0.1796, 0.0010
13:10:31, 3.37, 101, 20.75, 354.69, 359.15, 0.9826, -0.0469, 0.1796, 0.0011
13:10:31, 3.37, 101, 20.75, 354.69, 359.17, 0.9826, -0.0469, 0.1796, 0.0012
13:10:31, 3.37, 101, 20.75, 354.70, 359.17, 0.9826, -0.0468, 0.1795, 0.0012
13:10:31, 3.40, 102, 20.74, 354.71, 359.18, 0.9827, -0.0467, 0.1795, 0.0013
13:10:31, 3.40, 102, 20.73, 354.71, 359.18, 0.9827, -0.0467, 0.1794, 0.0012
13:10:31, 3.43, 103, 20.73, 354.72, 359.19, 0.9827, -0.0465, 0.1794, 0.0013
13:10:31, 3.43, 103, 20.71, 354.73, 359.19, 0.9827, -0.0465, 0.1793, 0.0013
13:10:31, 3.43, 103, 20.70, 354.73, 359.19, 0.9827, -0.0465, 0.1792, 0.0013
13:10:31, 3.47, 104, 20.70, 354.73, 359.18, 0.9827, -0.0465, 0.1791, 0.0012
13:10:31, 3.47, 104, 20.70, 354.72, 359.18, 0.9827, -0.0466, 0.1792, 0.0012
13:10:31, 3.50, 105, 20.69, 354.72, 359.18, 0.9827, -0.0466, 0.1791, 0.0012
13:10:31, 3.50, 105, 20.70, 354.73, 359.18, 0.9827, -0.0465, 0.1791, 0.0012
13:10:31, 3.53, 106, 20.70, 354.72, 359.18, 0.9827, -0.0465, 0.1792, 0.0013
13:10:31, 3.53, 106, 20.70, 354.73, 359.18, 0.9827, -0.0465, 0.1792, 0.0012
13:10:31, 3.53, 106, 20.71, 354.73, 359.17, 0.9827, -0.0465, 0.1792, 0.0012
13:10:31, 3.57, 107, 20.72, 354.72, 359.18, 0.9827, -0.0466, 0.1793, 0.0012
13:10:31, 3.57, 107, 20.72, 354.72, 359.18, 0.9827, -0.0466, 0.1793, 0.0012
13:10:31, 3.60, 108, 20.73, 354.71, 359.19, 0.9827, -0.0467, 0.1794, 0.0013
13:10:31, 3.60, 108, 20.74, 354.70, 359.18, 0.9827, -0.0467, 0.1795, 0.0013
13:10:31, 3.60, 108, 20.73, 354.70, 359.18, 0.9827, -0.0467, 0.1794, 0.0013
13:10:31, 3.63, 109, 20.73, 354.70, 359.19, 0.9827, -0.0468, 0.1794, 0.0013
13:10:31, 3.63, 109, 20.72, 354.69, 359.19, 0.9827, -0.0469, 0.1793, 0.0014
13:10:31, 3.67, 110, 20.71, 354.68, 359.17, 0.9827, -0.0470, 0.1792, 0.0012
13:10:31, 3.67, 110, 20.71, 354.67, 359.16, 0.9827, -0.0470, 0.1792, 0.0012
13:10:31, 3.70, 111, 20.70, 354.67, 359.14, 0.9827, -0.0471, 0.1791, 0.0010
13:10:31, 3.70, 111, 20.71, 354.69, 359.13, 0.9827, -0.0469, 0.1792, 0.0009
13:10:31, 3.70, 111, 20.71, 354.69, 359.13, 0.9827, -0.0469, 0.1792, 0.0009
13:10:31, 3.73, 112, 20.71, 354.67, 359.15, 0.9827, -0.0470, 0.1792, 0.0011
13:10:31, 3.73, 112, 20.73, 354.68, 359.16, 0.9827, -0.0470, 0.1793, 0.0011
13:10:32, 3.77, 113, 20.73, 354.67, 359.17, 0.9827, -0.0470, 0.1794, 0.0012
13:10:32, 3.77, 113, 20.73, 354.68, 359.18, 0.9827, -0.0469, 0.1794, 0.0013
13:10:32, 3.77, 113, 20.74, 354.69, 359.18, 0.9827, -0.0468, 0.1794, 0.0013
13:10:32, 3.80, 114, 20.72, 354.69, 359.18, 0.9827, -0.0469, 0.1793, 0.0013
13:10:32, 3.80, 114, 20.71, 354.69, 359.18, 0.9827, -0.0468, 0.1792, 0.0013
13:10:32, 3.83, 115, 20.69, 354.70, 359.17, 0.9827, -0.0468, 0.1791, 0.0012
13:10:32, 3.83, 115, 20.68, 354.70, 359.19, 0.9827, -0.0467, 0.1790, 0.0013
13:10:32, 3.87, 116, 20.68, 354.71, 359.19, 0.9828, -0.0466, 0.1789, 0.0013
13:10:32, 3.87, 116, 20.67, 354.70, 359.19, 0.9828, -0.0467, 0.1789, 0.0013
13:10:32, 3.87, 116, 20.68, 354.71, 359.18, 0.9827, -0.0467, 0.1790, 0.0013
13:10:32, 3.90, 117, 20.68, 354.72, 359.19, 0.9828, -0.0466, 0.1790, 0.0013
13:10:32, 3.90, 117, 20.69, 354.71, 359.19, 0.9827, -0.0467, 0.1790, 0.0013
13:10:32, 3.93, 118, 20.69, 354.71, 359.20, 0.9827, -0.0467, 0.1790, 0.0014
13:10:32, 3.93, 118, 20.69, 354.69, 359.20, 0.9827, -0.0468, 0.1791, 0.0014
13:10:32, 3.93, 118, 20.71, 354.70, 359.18, 0.9827, -0.0467, 0.1792, 0.0013
13:10:32, 3.97, 119, 20.73, 354.70, 359.16, 0.9827, -0.0468, 0.1794, 0.0011
13:10:32, 3.97, 119, 20.74, 354.71, 359.16, 0.9827, -0.0468, 0.1795, 0.0011
13:10:32, 4.00, 120, 20.75, 354.71, 359.16, 0.9826, -0.0467, 0.1796, 0.0011
13:10:32, 4.00, 120, 20.75, 354.71, 359.18, 0.9826, -0.0467, 0.1796, 0.0013
13:10:32, 4.03, 121, 20.76, 354.71, 359.19, 0.9826, -0.0466, 0.1796, 0.0013
13:10:32, 4.03, 121, 20.75, 354.71, 359.19, 0.9826, -0.0466, 0.1796, 0.0014
13:10:32, 4.03, 121, 20.75, 354.72, 359.19, 0.9826, -0.0466, 0.1796, 0.0013
13:10:32, 4.07, 122, 20.74, 354.72, 359.18, 0.9827, -0.0466, 0.1795, 0.0013
13:10:32, 4.07, 122, 20.73, 354.72, 359.16, 0.9827, -0.0466, 0.1794, 0.0011
13:10:32, 4.10, 123, 20.73, 354.72, 359.16, 0.9827, -0.0466, 0.1794, 0.0011
13:10:32, 4.10, 123, 20.73, 354.73, 359.16, 0.9827, -0.0465, 0.1794, 0.0011
13:10:32, 4.10, 123, 20.74, 354.75, 359.17, 0.9827, -0.0464, 0.1795, 0.0011
13:10:32, 4.13, 124, 20.75, 354.74, 359.16, 0.9827, -0.0465, 0.1795, 0.0011
13:10:32, 4.13, 124, 20.76, 354.74, 359.18, 0.9826, -0.0465, 0.1796, 0.0013
13:10:32, 4.17, 125, 20.78, 354.74, 359.19, 0.9826, -0.0464, 0.1798, 0.0014
13:10:32, 4.17, 125, 20.78, 354.75, 359.20, 0.9826, -0.0463, 0.1799, 0.0014
13:10:32, 4.20, 126, 20.78, 354.75, 359.21, 0.9826, -0.0463, 0.1799, 0.0015
13:10:32, 4.20, 126, 20.77, 354.74, 359.22, 0.9826, -0.0464, 0.1798, 0.0016
13:10:32, 4.20, 126, 20.77, 354.73, 359.22, 0.9826, -0.0464, 0.1797, 0.0016
13:10:32, 4.23, 127, 20.75, 354.72, 359.21, 0.9826, -0.0465, 0.1796, 0.0016
13:10:32, 4.23, 127, 20.74, 354.73, 359.21, 0.9827, -0.0465, 0.1795, 0.0015
13:10:32, 4.27, 128, 20.73, 354.72, 359.21, 0.9827, -0.0465, 0.1794, 0.0015
13:10:32, 4.27, 128, 20.73, 354.73, 359.21, 0.9827, -0.0465, 0.1794, 0.0015
13:10:32, 4.27, 128, 20.72, 354.72, 359.22, 0.9827, -0.0465, 0.1793, 0.0016
13:10:32, 4.30, 129, 20.72, 354.72, 359.21, 0.9827, -0.0465, 0.1794, 0.0015
13:10:32, 4.30, 129, 20.73, 354.70, 359.21, 0.9827, -0.0467, 0.1794, 0.0016
13:10:32, 4.33, 130, 20.73, 354.71, 359.22, 0.9827, -0.0466, 0.1794, 0.0016
13:10:32, 4.33, 130, 20.74, 354.71, 359.22, 0.9827, -0.0467, 0.1795, 0.0016
13:10:32, 4.37, 131, 20.76, 354.71, 359.22, 0.9826, -0.0466, 0.1797, 0.0016
13:10:32, 4.37, 131, 20.76, 354.71, 359.21, 0.9826, -0.0466, 0.1797, 0.0016
13:10:32, 4.37, 131, 20.78, 354.71, 359.22, 0.9826, -0.0466, 0.1798, 0.0016
13:10:32, 4.40, 132, 20.78, 354.71, 359.23, 0.9826, -0.0466, 0.1799, 0.0017
13:10:32, 4.40, 132, 20.79, 354.70, 359.22, 0.9826, -0.0467, 0.1799, 0.0017
13:10:32, 4.43, 133, 20.80, 354.69, 359.22, 0.9825, -0.0468, 0.1800, 0.0017
13:10:32, 4.43, 133, 20.80, 354.69, 359.22, 0.9826, -0.0468, 0.1800, 0.0017
13:10:32, 4.43, 133, 20.79, 354.67, 359.21, 0.9826, -0.0469, 0.1799, 0.0016
13:10:32, 4.47, 134, 20.79, 354.68, 359.20, 0.9826, -0.0469, 0.1799, 0.0015
13:10:32, 4.47, 134, 20.79, 354.67, 359.18, 0.9826, -0.0470, 0.1799, 0.0014
13:10:32, 4.50, 135, 20.79, 354.67, 359.17, 0.9826, -0.0470, 0.1799, 0.0013
13:10:32, 4.50, 135, 20.81, 354.68, 359.15, 0.9825, -0.0470, 0.1800, 0.0011
13:10:32, 4.53, 136, 20.81, 354.68, 359.15, 0.9825, -0.0469, 0.1801, 0.0011
13:10:32, 4.53, 136, 20.82, 354.68, 359.17, 0.9825, -0.0470, 0.1801, 0.0013
13:10:32, 4.53, 136, 20.84, 354.67, 359.19, 0.9825, -0.0470, 0.1803, 0.0014
13:10:32, 4.57, 137, 20.84, 354.66, 359.20, 0.9825, -0.0471, 0.1803, 0.0016
13:10:32, 4.57, 137, 20.84, 354.67, 359.20, 0.9825, -0.0470, 0.1804, 0.0015
13:10:32, 4.60, 138, 20.84, 354.67, 359.20, 0.9825, -0.0470, 0.1804, 0.0015
13:10:32, 4.60, 138, 20.83, 354.68, 359.19, 0.9825, -0.0469, 0.1802, 0.0015
13:10:32, 4.60, 138, 20.82, 354.69, 359.19, 0.9825, -0.0468, 0.1802, 0.0014
13:10:32, 4.63, 139, 20.80, 354.68, 359.17, 0.9825, -0.0469, 0.1800, 0.0013
13:10:32, 4.63, 139, 20.80, 354.69, 359.18, 0.9826, -0.0468, 0.1800, 0.0013
13:10:32, 4.67, 140, 20.79, 354.70, 359.18, 0.9826, -0.0468, 0.1799, 0.0013
13:10:32, 4.67, 140, 20.79, 354.69, 359.18, 0.9826, -0.0468, 0.1799, 0.0014
13:10:32, 4.67, 140, 20.80, 354.69, 359.19, 0.9826, -0.0468, 0.1800, 0.0014
13:10:32, 4.70, 141, 20.81, 354.69, 359.18, 0.9825, -0.0468, 0.1801, 0.0014
13:10:32, 4.70, 141, 20.80, 354.68, 359.19, 0.9825, -0.0469, 0.1800, 0.0014
13:10:32, 4.73, 142, 20.81, 354.67, 359.19, 0.9825, -0.0470, 0.1801, 0.0015
13:10:32, 4.73, 142, 20.82, 354.67, 359.19, 0.9825, -0.0470, 0.1802, 0.0015
13:10:33, 4.77, 143, 20.82, 354.66, 359.17, 0.9825, -0.0472, 0.1802, 0.0013
13:10:33, 4.77, 143, 20.83, 354.66, 359.15, 0.9825, -0.0471, 0.1802, 0.0011
13:10:33, 4.77, 143, 20.83, 354.65, 359.15, 0.9825, -0.0472, 0.1802, 0.0012
13:10:33, 4.80, 144, 20.84, 354.66, 359.16, 0.9825, -0.0472, 0.1803, 0.0012
13:10:33, 4.80, 144, 20.83, 354.66, 359.17, 0.9825, -0.0471, 0.1803, 0.0013
13:10:33, 4.83, 145, 20.83, 354.67, 359.17, 0.9825, -0.0471, 0.1802, 0.0013
13:10:33, 4.83, 145, 20.83, 354.68, 359.17, 0.9825, -0.0470, 0.1802, 0.0013
13:10:33, 4.87, 146, 20.82, 354.69, 359.17, 0.9825, -0.0469, 0.1802, 0.0012
13:10:33, 4.87, 146, 20.82, 354.71, 359.15, 0.9825, -0.0467, 0.1802, 0.0010
13:10:33, 4.87, 146, 20.80, 354.71, 359.14, 0.9826, -0.0468, 0.1800, 0.0010
13:10:33, 4.90, 147, 20.80, 354.71, 359.14, 0.9826, -0.0467, 0.1800, 0.0009
13:10:33, 4.90, 147, 20.81, 354.71, 359.12, 0.9825, -0.0468, 0.1801, 0.0008
13:10:33, 4.93, 148, 20.82, 354.71, 359.13, 0.9825, -0.0468, 0.1801, 0.0009
13:10:33, 4.93, 148, 20.83, 354.71, 359.13, 0.9825, -0.0468, 0.1802, 0.0009
13:10:33, 4.93, 148, 20.85, 354.71, 359.14, 0.9825, -0.0467, 0.1804, 0.0010
13:10:33, 4.97, 149, 20.86, 354.71, 359.15, 0.9825, -0.0467, 0.1805, 0.0011
13:10:33, 4.97, 149, 20.88, 354.70, 359.16, 0.9824, -0.0468, 0.1807, 0.0012
13:10:33, 5.00, 150, 20.90, 354.71, 359.17, 0.9824, -0.0467, 0.1808, 0.0012
13:10:33, 5.00, 150, 20.89, 354.69, 359.17, 0.9824, -0.0468, 0.1808, 0.0012
13:10:33, 5.03, 151, 20.89, 354.70, 359.17, 0.9824, -0.0468, 0.1808, 0.0012
13:10:33, 5.03, 151, 20.87, 354.69, 359.17, 0.9824, -0.0468, 0.1806, 0.0013
13:10:33, 5.03, 151, 20.85, 354.68, 359.17, 0.9825, -0.0469, 0.1805, 0.0013
13:10:33, 5.07, 152, 20.83, 354.68, 359.18, 0.9825, -0.0470, 0.1803, 0.0014
13:10:33, 5.07, 152, 20.81, 354.67, 359.18, 0.9825, -0.0471, 0.1801, 0.0014
13:10:33, 5.10, 153, 20.79, 354.66, 359.18, 0.9825, -0.0471, 0.1799, 0.0014
13:10:33, 5.10, 153, 20.78, 354.66, 359.19, 0.9826, -0.0471, 0.1799, 0.0014
13:10:33, 5.10, 153, 20.77, 354.67, 359.20, 0.9826, -0.0470, 0.1798, 0.0015
13:10:33, 5.13, 154, 20.77, 354.66, 359.20, 0.9826, -0.0471, 0.1798, 0.0015
13:10:33, 5.13, 154, 20.78, 354.67, 359.19, 0.9826, -0.0470, 0.1798, 0.0014
13:10:33, 5.17, 155, 20.79, 354.66, 359.19, 0.9826, -0.0471, 0.1799, 0.0014
13:10:33, 5.17, 155, 20.80, 354.64, 359.18, 0.9825, -0.0473, 0.1800, 0.0014
13:10:33, 5.20, 156, 20.81, 354.64, 359.18, 0.9825, -0.0473, 0.1801, 0.0014
13:10:33, 5.20, 156, 20.84, 354.63, 359.17, 0.9825, -0.0474, 0.1803, 0.0013
13:10:33, 5.20, 156, 20.85, 354.62, 359.14, 0.9824, -0.0475, 0.1804, 0.0011
13:10:33, 5.23, 157, 20.86, 354.63, 359.14, 0.9824, -0.0474, 0.1804, 0.0011
13:10:33, 5.23, 157, 20.86, 354.62, 359.14, 0.9824, -0.0475, 0.1805, 0.0011
13:10:33, 5.27, 158, 20.87, 354.61, 359.12, 0.9824, -0.0477, 0.1806, 0.0010
13:10:33, 5.27, 158, 20.88, 354.61, 359.10, 0.9824, -0.0476, 0.1806, 0.0008
13:10:33, 5.27, 158, 20.89, 354.62, 359.09, 0.9824, -0.0476, 0.1807, 0.0007
13:10:33, 5.30, 159, 20.90, 354.63, 359.08, 0.9824, -0.0475, 0.1808, 0.0006
13:10:33, 5.30, 159, 20.91, 354.63, 359.08, 0.9824, -0.0475, 0.1809, 0.0006
13:10:33, 5.33, 160, 20.92, 354.63, 359.10, 0.9823, -0.0475, 0.1809, 0.0008
13:10:33, 5.33, 160, 20.92, 354.63, 359.11, 0.9823, -0.0475, 0.1810, 0.0009
13:10:33, 5.37, 161, 20.92, 354.61, 359.11, 0.9823, -0.0476, 0.1810, 0.0009
13:10:33, 5.37, 161, 20.92, 354.60, 359.11, 0.9823, -0.0477, 0.1809, 0.0009
13:10:33, 5.37, 161, 20.90, 354.59, 359.11, 0.9824, -0.0478, 0.1808, 0.0009
13:10:33, 5.40, 162, 20.90, 354.60, 359.10, 0.9824, -0.0477, 0.1808, 0.0008
13:10:33, 5.40, 162, 20.87, 354.60, 359.10, 0.9824, -0.0477, 0.1806, 0.0008
13:10:33, 5.43, 163, 20.86, 354.61, 359.10, 0.9824, -0.0476, 0.1805, 0.0008
13:10:33, 5.43, 163, 20.86, 354.63, 359.11, 0.9824, -0.0475, 0.1804, 0.0008
13:10:33, 5.43, 163, 20.85, 354.63, 359.10, 0.9824, -0.0475, 0.1804, 0.0008
13:10:33, 5.47, 164, 20.85, 354.64, 359.11, 0.9824, -0.0474, 0.1804, 0.0009
13:10:33, 5.47, 164, 20.85, 354.65, 359.12, 0.9825, -0.0473, 0.1804, 0.0009
13:10:33, 5.50, 165, 20.86, 354.64, 359.12, 0.9824, -0.0473, 0.1805, 0.0009
13:10:33, 5.50, 165, 20.86, 354.64, 359.13, 0.9824, -0.0473, 0.1805, 0.0010
13:10:33, 5.53, 166, 20.87, 354.64, 359.13, 0.9824, -0.0473, 0.1806, 0.0010
13:10:33, 5.53, 166, 20.87, 354.64, 359.12, 0.9824, -0.0473, 0.1806, 0.0009
13:10:33, 5.53, 166, 20.88, 354.65, 359.10, 0.9824, -0.0473, 0.1806, 0.0008
13:10:33, 5.57, 167, 20.89, 354.66, 359.09, 0.9824, -0.0473, 0.1807, 0.0006
13:10:33, 5.57, 167, 20.89, 354.66, 359.08, 0.9824, -0.0473, 0.1807, 0.0006
13:10:33, 5.60, 168, 20.89, 354.66, 359.09, 0.9824, -0.0473, 0.1808, 0.0006
13:10:33, 5.60, 168, 20.89, 354.66, 359.10, 0.9824, -0.0472, 0.1808, 0.0007
13:10:33, 5.60, 168, 20.89, 354.67, 359.10, 0.9824, -0.0471, 0.1807, 0.0007
13:10:33, 5.63, 169, 20.89, 354.68, 359.09, 0.9824, -0.0470, 0.1808, 0.0006
13:10:33, 5.63, 169, 20.90, 354.68, 359.09, 0.9824, -0.0471, 0.1808, 0.0006
13:10:33, 5.67, 170, 20.89, 354.69, 359.09, 0.9824, -0.0470, 0.1807, 0.0006
13:10:33, 5.67, 170, 20.88, 354.69, 359.10, 0.9824, -0.0470, 0.1806, 0.0007
13:10:33, 5.70, 171, 20.87, 354.69, 359.09, 0.9824, -0.0470, 0.1806, 0.0006
13:10:33, 5.70, 171, 20.87, 354.70, 359.10, 0.9824, -0.0469, 0.1805, 0.0006
13:10:33, 5.70, 171, 20.88, 354.71, 359.10, 0.9824, -0.0468, 0.1806, 0.0006
13:10:33, 5.73, 172, 20.87, 354.73, 359.09, 0.9825, -0.0467, 0.1806, 0.0006
13:10:33, 5.73, 172, 20.88, 354.74, 359.11, 0.9824, -0.0465, 0.1807, 0.0006
13:10:34, 5.77, 173, 20.89, 354.76, 359.12, 0.9824, -0.0464, 0.1807, 0.0007
13:10:34, 5.77, 173, 20.88, 354.77, 359.13, 0.9825, -0.0462, 0.1807, 0.0008
13:10:34, 5.77, 173, 20.89, 354.78, 359.14, 0.9824, -0.0462, 0.1808, 0.0008
13:10:34, 5.80, 174, 20.88, 354.79, 359.14, 0.9825, -0.0461, 0.1807, 0.0009
13:10:34, 5.80, 174, 20.87, 354.79, 359.15, 0.9825, -0.0460, 0.1806, 0.0009
13:10:34, 5.83, 175, 20.86, 354.80, 359.15, 0.9825, -0.0460, 0.1805, 0.0009
13:10:34, 5.83, 175, 20.85, 354.80, 359.14, 0.9825, -0.0460, 0.1804, 0.0008
13:10:34, 5.87, 176, 20.82, 354.80, 359.14, 0.9826, -0.0460, 0.1802, 0.0008
13:10:34, 5.87, 176, 20.81, 354.80, 359.14, 0.9826, -0.0460, 0.1801, 0.0009
13:10:34, 5.87, 176, 20.80, 354.79, 359.14, 0.9826, -0.0460, 0.1800, 0.0009
13:10:34, 5.90, 177, 20.80, 354.80, 359.14, 0.9826, -0.0460, 0.1800, 0.0008
13:10:34, 5.90, 177, 20.81, 354.79, 359.14, 0.9826, -0.0460, 0.1801, 0.0008
13:10:34, 5.93, 178, 20.81, 354.79, 359.14, 0.9826, -0.0460, 0.1800, 0.0008
13:10:34, 5.93, 178, 20.81, 354.79, 359.14, 0.9826, -0.0460, 0.1801, 0.0009
13:10:34, 5.93, 178, 20.82, 354.78, 359.14, 0.9826, -0.0461, 0.1801, 0.0009
13:10:34, 5.97, 179, 20.82, 354.77, 359.15, 0.9825, -0.0462, 0.1802, 0.0009
13:10:34, 5.97, 179, 20.82, 354.75, 359.15, 0.9825, -0.0464, 0.1802, 0.0010
13:10:34, 6.00, 180, 20.83, 354.76, 359.14, 0.9825, -0.0463, 0.1802, 0.0009
13:10:34, 6.00, 180, 20.82, 354.75, 359.15, 0.9825, -0.0464, 0.1802, 0.0010
13:10:34, 6.03, 181, 20.83, 354.75, 359.14, 0.9825, -0.0464, 0.1802, 0.0009
13:10:34, 6.03, 181, 20.83, 354.74, 359.13, 0.9825, -0.0465, 0.1802, 0.0009
13:10:34, 6.03, 181, 20.83, 354.73, 359.13, 0.9825, -0.0466, 0.1802, 0.0009
13:10:34, 6.07, 182, 20.83, 354.75, 359.11, 0.9825, -0.0465, 0.1802, 0.0006
13:10:34, 6.07, 182, 20.83, 354.75, 359.09, 0.9825, -0.0465, 0.1803, 0.0005
13:10:34, 6.10, 183, 20.84, 354.75, 359.10, 0.9825, -0.0464, 0.1803, 0.0006
13:10:34, 6.10, 183, 20.83, 354.75, 359.12, 0.9825, -0.0464, 0.1803, 0.0007
13:10:34, 6.10, 183, 20.84, 354.76, 359.12, 0.9825, -0.0464, 0.1803, 0.0008
13:10:34, 6.13, 184, 20.85, 354.75, 359.14, 0.9825, -0.0464, 0.1804, 0.0009
13:10:34, 6.13, 184, 20.84, 354.76, 359.14, 0.9825, -0.0463, 0.1803, 0.0009
13:10:34, 6.17, 185, 20.84, 354.77, 359.14, 0.9825, -0.0463, 0.1803, 0.0009
13:10:34, 6.17, 185, 20.83, 354.76, 359.16, 0.9825, -0.0463, 0.1802, 0.0010
13:10:34, 6.20, 186, 20.82, 354.76, 359.16, 0.9826, -0.0462, 0.1802, 0.0011
13:10:34, 6.20, 186, 20.81, 354.76, 359.18, 0.9826, -0.0463, 0.1801, 0.0012
13:10:34, 6.20, 186, 20.79, 354.75, 359.19, 0.9826, -0.0463, 0.1799, 0.0013
13:10:34, 6.23, 187, 20.78, 354.74, 359.19, 0.9826, -0.0464, 0.1799, 0.0013
13:10:34, 6.23, 187, 20.77, 354.73, 359.19, 0.9826, -0.0465, 0.1798, 0.0013
13:10:34, 6.27, 188, 20.76, 354.71, 359.18, 0.9826, -0.0467, 0.1797, 0.0013
13:10:34, 6.27, 188, 20.75, 354.70, 359.17, 0.9826, -0.0468, 0.1796, 0.0012
13:10:34, 6.27, 188, 20.75, 354.68, 359.17, 0.9826, -0.0469, 0.1795, 0.0012
13:10:34, 6.30, 189, 20.74, 354.65, 359.19, 0.9826, -0.0472, 0.1794, 0.0015
13:10:34, 6.30, 189, 20.74, 354.63, 359.17, 0.9826, -0.0474, 0.1795, 0.0013
13:10:34, 6.33, 190, 20.75, 354.63, 359.16, 0.9826, -0.0474, 0.1795, 0.0013
13:10:34, 6.33, 190, 20.75, 354.63, 359.14, 0.9826, -0.0474, 0.1795, 0.0011
13:10:34, 6.37, 191, 20.76, 354.62, 359.13, 0.9826, -0.0475, 0.1797, 0.0010
13:10:34, 6.37, 191, 20.77, 354.62, 359.13, 0.9826, -0.0475, 0.1797, 0.0010
13:10:34, 6.37, 191, 20.77, 354.62, 359.15, 0.9826, -0.0475, 0.1797, 0.0012
13:10:34, 6.40, 192, 20.76, 354.61, 359.16, 0.9826, -0.0476, 0.1796, 0.0013
13:10:34, 6.40, 192, 20.77, 354.62, 359.16, 0.9826, -0.0475, 0.1797, 0.0013
13:10:34, 6.43, 193, 20.76, 354.61, 359.16, 0.9826, -0.0475, 0.1797, 0.0013
13:10:34, 6.43, 193, 20.75, 354.61, 359.16, 0.9826, -0.0475, 0.1795, 0.0012
13:10:34, 6.43, 193, 20.74, 354.62, 359.14, 0.9826, -0.0475, 0.1794, 0.0011
13:10:34, 6.47, 194, 20.73, 354.62, 359.14, 0.9826, -0.0475, 0.1794, 0.0011
13:10:34, 6.47, 194, 20.72, 354.62, 359.14, 0.9826, -0.0475, 0.1793, 0.0010
13:10:34, 6.50, 195, 20.72, 354.62, 359.13, 0.9827, -0.0475, 0.1793, 0.0010
13:10:34, 6.50, 195, 20.73, 354.62, 359.13, 0.9826, -0.0475, 0.1793, 0.0010
13:10:34, 6.53, 196, 20.74, 354.63, 359.14, 0.9826, -0.0475, 0.1794, 0.0011
13:10:34, 6.53, 196, 20.74, 354.63, 359.14, 0.9826, -0.0474, 0.1795, 0.0011
13:10:34, 6.53, 196, 20.74, 354.63, 359.15, 0.9826, -0.0474, 0.1795, 0.0011
13:10:34, 6.57, 197, 20.75, 354.63, 359.16, 0.9826, -0.0474, 0.1795, 0.0012
13:10:34, 6.57, 197, 20.75, 354.63, 359.16, 0.9826, -0.0474, 0.1796, 0.0012
13:10:34, 6.60, 198, 20.75, 354.64, 359.16, 0.9826, -0.0473, 0.1795, 0.0012
13:10:34, 6.60, 198, 20.74, 354.65, 359.17, 0.9826, -0.0472, 0.1795, 0.0013
13:10:34, 6.60, 198, 20.73, 354.66, 359.16, 0.9826, -0.0471, 0.1794, 0.0012
13:10:34, 6.63, 199, 20.72, 354.67, 359.16, 0.9827, -0.0471, 0.1793, 0.0011
13:10:34, 6.63, 199, 20.71, 354.67, 359.16, 0.9827, -0.0471, 0.1792, 0.0011
13:10:34, 6.67, 200, 20.69, 354.66, 359.15, 0.9827, -0.0472, 0.1791, 0.0011
13:10:34, 6.67, 200, 20.69, 354.67, 359.15, 0.9827, -0.0471, 0.1790, 0.0011
13:10:34, 6.70, 201, 20.70, 354.67, 359.16, 0.9827, -0.0471, 0.1791, 0.0011
13:10:34, 6.70, 201, 20.70, 354.68, 359.16, 0.9827, -0.0470, 0.1792, 0.0011
13:10:34, 6.70, 201, 20.70, 354.68, 359.16, 0.9827, -0.0470, 0.1792, 0.0011
13:10:34, 6.73, 202, 20.71, 354.68, 359.17, 0.9827, -0.0470, 0.1792, 0.0012
13:10:34, 6.73, 202, 20.71, 354.68, 359.16, 0.9827, -0.0470, 0.1792, 0.0011
13:10:35, 6.77, 203, 20.72, 354.66, 359.16, 0.9827, -0.0471, 0.1793, 0.0012
13:10:35, 6.77, 203, 20.72, 354.66, 359.16, 0.9827, -0.0471, 0.1793, 0.0012
13:10:35, 6.77, 203, 20.72, 354.67, 359.16, 0.9827, -0.0471, 0.1793, 0.0012
13:10:35, 6.80, 204, 20.72, 354.66, 359.17, 0.9827, -0.0471, 0.1793, 0.0012
13:10:35, 6.80, 204, 20.72, 354.65, 359.17, 0.9827, -0.0472, 0.1793, 0.0013
13:10:35, 6.83, 205, 20.71, 354.65, 359.16, 0.9827, -0.0472, 0.1792, 0.0012
13:10:35, 6.83, 205, 20.71, 354.64, 359.14, 0.9827, -0.0473, 0.1792, 0.0011
13:10:35, 6.87, 206, 20.71, 354.65, 359.13, 0.9827, -0.0473, 0.1792, 0.0009
13:10:35, 6.87, 206, 20.71, 354.65, 359.10, 0.9827, -0.0473, 0.1792, 0.0007
13:10:35, 6.87, 206, 20.71, 354.65, 359.11, 0.9827, -0.0473, 0.1792, 0.0007
13:10:35, 6.90, 207, 20.72, 354.64, 359.12, 0.9827, -0.0474, 0.1792, 0.0008
13:10:35, 6.90, 207, 20.72, 354.63, 359.14, 0.9827, -0.0475, 0.1793, 0.0010
13:10:35, 6.93, 208, 20.72, 354.62, 359.15, 0.9827, -0.0475, 0.1793, 0.0011
13:10:35, 6.93, 208, 20.71, 354.62, 359.15, 0.9827, -0.0475, 0.1792, 0.0011
13:10:35, 6.93, 208, 20.72, 354.63, 359.15, 0.9827, -0.0474, 0.1793, 0.0011
13:10:35, 6.97, 209, 20.70, 354.63, 359.15, 0.9827, -0.0474, 0.1791, 0.0011
13:10:35, 6.97, 209, 20.69, 354.63, 359.15, 0.9827, -0.0475, 0.1790, 0.0011
13:10:35, 7.00, 210, 20.67, 354.64, 359.15, 0.9827, -0.0473, 0.1789, 0.0011
13:10:35, 7.00, 210, 20.67, 354.64, 359.15, 0.9827, -0.0473, 0.1789, 0.0011
13:10:35, 7.03, 211, 20.66, 354.64, 359.16, 0.9827, -0.0473, 0.1788, 0.0012
13:10:35, 7.03, 211, 20.66, 354.64, 359.15, 0.9828, -0.0473, 0.1788, 0.0011
13:10:35, 7.03, 211, 20.66, 354.64, 359.15, 0.9827, -0.0473, 0.1788, 0.0011
13:10:35, 7.07, 212, 20.67, 354.63, 359.14, 0.9827, -0.0474, 0.1788, 0.0011
13:10:35, 7.07, 212, 20.67, 354.63, 359.16, 0.9827, -0.0474, 0.1788, 0.0012
13:10:35, 7.10, 213, 20.67, 354.62, 359.16, 0.9827, -0.0475, 0.1789, 0.0012
13:10:35, 7.10, 213, 20.68, 354.62, 359.15, 0.9827, -0.0475, 0.1789, 0.0012
13:10:35, 7.10, 213, 20.68, 354.61, 359.14, 0.9827, -0.0476, 0.1790, 0.0011
13:10:35, 7.13, 214, 20.70, 354.62, 359.11, 0.9827, -0.0476, 0.1791, 0.0008
13:10:35, 7.13, 214, 20.71, 354.63, 359.11, 0.9827, -0.0475, 0.1792, 0.0008
13:10:35, 7.17, 215, 20.73, 354.63, 359.12, 0.9826, -0.0475, 0.1793, 0.0008
13:10:35, 7.17, 215, 20.73, 354.64, 359.13, 0.9826, -0.0474, 0.1794, 0.0009
13:10:35, 7.20, 216, 20.73, 354.64, 359.14, 0.9826, -0.0474, 0.1794, 0.0011
13:10:35, 7.20, 216, 20.73, 354.63, 359.14, 0.9826, -0.0474, 0.1794, 0.0011
13:10:35, 7.20, 216, 20.73, 354.64, 359.15, 0.9826, -0.0474, 0.1793, 0.0011
13:10:35, 7.23, 217, 20.72, 354.64, 359.13, 0.9827, -0.0474, 0.1793, 0.0010
13:10:35, 7.23, 217, 20.71, 354.65, 359.13, 0.9827, -0.0473, 0.1792, 0.0010
13:10:35, 7.27, 218, 20.71, 354.66, 359.13, 0.9827, -0.0472, 0.1792, 0.0009
13:10:35, 7.27, 218, 20.71, 354.67, 359.12, 0.9827, -0.0471, 0.1792, 0.0008
13:10:35, 7.27, 218, 20.72, 354.68, 359.12, 0.9827, -0.0470, 0.1793, 0.0008
13:10:35, 7.30, 219, 20.72, 354.69, 359.13, 0.9827, -0.0469, 0.1793, 0.0009
13:10:35, 7.30, 219, 20.73, 354.69, 359.14, 0.9827, -0.0469, 0.1794, 0.0010
13:10:35, 7.33, 220, 20.74, 354.69, 359.16, 0.9826, -0.0469, 0.1795, 0.0011
13:10:35, 7.33, 220, 20.75, 354.68, 359.16, 0.9826, -0.0469, 0.1796, 0.0012
13:10:35, 7.37, 221, 20.75, 354.68, 359.18, 0.9826, -0.0469, 0.1796, 0.0013
13:10:35, 7.37, 221, 20.74, 354.69, 359.19, 0.9826, -0.0469, 0.1795, 0.0014
13:10:35, 7.37, 221, 20.73, 354.69, 359.19, 0.9827, -0.0469, 0.1794, 0.0014
13:10:35, 7.40, 222, 20.72, 354.69, 359.19, 0.9827, -0.0469, 0.1793, 0.0014
13:10:35, 7.40, 222, 20.69, 354.68, 359.19, 0.9827, -0.0469, 0.1791, 0.0014
13:10:35, 7.43, 223, 20.69, 354.69, 359.18, 0.9827, -0.0469, 0.1790, 0.0013
13:10:35, 7.43, 223, 20.68, 354.69, 359.18, 0.9827, -0.0469, 0.1789, 0.0013
13:10:35, 7.43, 223, 20.67, 354.68, 359.18, 0.9828, -0.0469, 0.1789, 0.0013
13:10:35, 7.47, 224, 20.66, 354.68, 359.19, 0.9828, -0.0469, 0.1788, 0.0013
13:10:35, 7.47, 224, 20.66, 354.68, 359.19, 0.9828, -0.0469, 0.1788, 0.0014
13:10:35, 7.50, 225, 20.67, 354.68, 359.19, 0.9827, -0.0470, 0.1789, 0.0014
13:10:35, 7.50, 225, 20.68, 354.68, 359.19, 0.9827, -0.0469, 0.1789, 0.0014
13:10:35, 7.53, 226, 20.68, 354.68, 359.19, 0.9827, -0.0469, 0.1790, 0.0014
13:10:35, 7.53, 226, 20.69, 354.68, 359.19, 0.9827, -0.0469, 0.1791, 0.0014
13:10:35, 7.53, 226, 20.71, 354.68, 359.18, 0.9827, -0.0470, 0.1792, 0.0013
13:10:35, 7.57, 227, 20.72, 354.68, 359.20, 0.9827, -0.0469, 0.1793, 0.0015
13:10:35, 7.57, 227, 20.72, 354.67, 359.19, 0.9827, -0.0470, 0.1793, 0.0014
13:10:35, 7.60, 228, 20.73, 354.66, 359.19, 0.9827, -0.0471, 0.1794, 0.0015
13:10:35, 7.60, 228, 20.73, 354.66, 359.19, 0.9827, -0.0471, 0.1794, 0.0014
13:10:35, 7.60, 228, 20.71, 354.66, 359.20, 0.9827, -0.0471, 0.1793, 0.0015
13:10:35, 7.63, 229, 20.71, 354.66, 359.19, 0.9827, -0.0471, 0.1793, 0.0015
13:10:35, 7.63, 229, 20.72, 354.66, 359.19, 0.9827, -0.0471, 0.1793, 0.0014
13:10:35, 7.67, 230, 20.71, 354.64, 359.17, 0.9827, -0.0473, 0.1792, 0.0013
13:10:35, 7.67, 230, 20.72, 354.65, 359.14, 0.9827, -0.0473, 0.1793, 0.0010
13:10:35, 7.70, 231, 20.73, 354.65, 359.13, 0.9826, -0.0473, 0.1794, 0.0010
13:10:35, 7.70, 231, 20.73, 354.66, 359.15, 0.9826, -0.0472, 0.1794, 0.0011
13:10:35, 7.70, 231, 20.74, 354.65, 359.16, 0.9826, -0.0472, 0.1795, 0.0012
13:10:35, 7.73, 232, 20.75, 354.64, 359.17, 0.9826, -0.0473, 0.1795, 0.0013
13:10:35, 7.73, 232, 20.76, 354.64, 359.19, 0.9826, -0.0473, 0.1796, 0.0015
13:10:36, 7.77, 233, 20.76, 354.64, 359.18, 0.9826, -0.0473, 0.1797, 0.0014
13:10:36, 7.77, 233, 20.76, 354.65, 359.18, 0.9826, -0.0472, 0.1797, 0.0014
13:10:36, 7.77, 233, 20.75, 354.65, 359.18, 0.9826, -0.0472, 0.1795, 0.0014
13:10:36, 7.80, 234, 20.73, 354.66, 359.18, 0.9826, -0.0471, 0.1794, 0.0013
13:10:36, 7.80, 234, 20.72, 354.66, 359.18, 0.9827, -0.0471, 0.1793, 0.0013
13:10:36, 7.83, 235, 20.70, 354.66, 359.18, 0.9827, -0.0471, 0.1792, 0.0013
13:10:36, 7.83, 235, 20.71, 354.67, 359.18, 0.9827, -0.0470, 0.1792, 0.0013
13:10:36, 7.87, 236, 20.70, 354.67, 359.19, 0.9827, -0.0470, 0.1792, 0.0014
13:10:36, 7.87, 236, 20.71, 354.67, 359.19, 0.9827, -0.0470, 0.1792, 0.0014
13:10:36, 7.87, 236, 20.72, 354.67, 359.19, 0.9827, -0.0471, 0.1793, 0.0014
13:10:36, 7.90, 237, 20.72, 354.66, 359.20, 0.9827, -0.0471, 0.1793, 0.0015
13:10:36, 7.90, 237, 20.72, 354.65, 359.20, 0.9827, -0.0472, 0.1793, 0.0016
13:10:36, 7.93, 238, 20.73, 354.63, 359.20, 0.9826, -0.0473, 0.1794, 0.0015
13:10:36, 7.93, 238, 20.74, 354.64, 359.17, 0.9826, -0.0473, 0.1795, 0.0013
13:10:36, 7.93, 238, 20.75, 354.64, 359.16, 0.9826, -0.0473, 0.1796, 0.0012
13:10:36, 7.97, 239, 20.77, 354.64, 359.16, 0.9826, -0.0473, 0.1797, 0.0012
13:10:36, 7.97, 239, 20.77, 354.64, 359.17, 0.9826, -0.0473, 0.1797, 0.0013
13:10:36, 8.00, 240, 20.77, 354.64, 359.18, 0.9826, -0.0473, 0.1797, 0.0014
13:10:36, 8.00, 240, 20.77, 354.64, 359.18, 0.9826, -0.0473, 0.1798, 0.0014
13:10:36, 8.03, 241, 20.76, 354.65, 359.18, 0.9826, -0.0472, 0.1797, 0.0014
13:10:36, 8.03, 241, 20.76, 354.65, 359.18, 0.9826, -0.0472, 0.1796, 0.0014
13:10:36, 8.03, 241, 20.76, 354.65, 359.16, 0.9826, -0.0472, 0.1796, 0.0012
13:10:36, 8.07, 242, 20.75, 354.67, 359.16, 0.9826, -0.0471, 0.1795, 0.0012
13:10:36, 8.07, 242, 20.75, 354.67, 359.16, 0.9826, -0.0471, 0.1795, 0.0011
13:10:36, 8.10, 243, 20.75, 354.67, 359.15, 0.9826, -0.0470, 0.1796, 0.0011
13:10:36, 8.10, 243, 20.75, 354.69, 359.16, 0.9826, -0.0469, 0.1796, 0.0012
13:10:36, 8.10, 243, 20.76, 354.68, 359.16, 0.9826, -0.0469, 0.1796, 0.0012
13:10:36, 8.13, 244, 20.77, 354.69, 359.17, 0.9826, -0.0469, 0.1798, 0.0012
13:10:36, 8.13, 244, 20.79, 354.70, 359.17, 0.9826, -0.0468, 0.1799, 0.0012
13:10:36, 8.17, 245, 20.80, 354.70, 359.18, 0.9826, -0.0467, 0.1800, 0.0013
13:10:36, 8.17, 245, 20.79, 354.70, 359.19, 0.9826, -0.0468, 0.1799, 0.0014
13:10:36, 8.20, 246, 20.78, 354.70, 359.19, 0.9826, -0.0468, 0.1798, 0.0014
13:10:36, 8.20, 246, 20.78, 354.69, 359.19, 0.9826, -0.0468, 0.1798, 0.0014
13:10:36, 8.20, 246, 20.76, 354.69, 359.19, 0.9826, -0.0468, 0.1797, 0.0014
13:10:36, 8.23, 247, 20.75, 354.69, 359.20, 0.9826, -0.0468, 0.1796, 0.0014
13:10:36, 8.23, 247, 20.73, 354.69, 359.20, 0.9827, -0.0468, 0.1794, 0.0015
13:10:36, 8.27, 248, 20.73, 354.69, 359.19, 0.9827, -0.0469, 0.1794, 0.0014
13:10:36, 8.27, 248, 20.73, 354.68, 359.20, 0.9827, -0.0469, 0.1794, 0.0015
13:10:36, 8.27, 248, 20.72, 354.68, 359.19, 0.9827, -0.0469, 0.1793, 0.0014
13:10:36, 8.30, 249, 20.73, 354.67, 359.19, 0.9827, -0.0470, 0.1794, 0.0014
13:10:36, 8.30, 249, 20.73, 354.66, 359.19, 0.9827, -0.0471, 0.1794, 0.0014
13:10:36, 8.33, 250, 20.73, 354.68, 359.19, 0.9827, -0.0469, 0.1794, 0.0014
13:10:36, 8.33, 250, 20.73, 354.67, 359.19, 0.9826, -0.0470, 0.1794, 0.0015
13:10:36, 8.37, 251, 20.74, 354.67, 359.19, 0.9826, -0.0470, 0.1795, 0.0014
13:10:36, 8.37, 251, 20.74, 354.67, 359.18, 0.9826, -0.0470, 0.1795, 0.0014
13:10:36, 8.37, 251, 20.76, 354.67, 359.18, 0.9826, -0.0470, 0.1796, 0.0013
13:10:36, 8.40, 252, 20.76, 354.66, 359.19, 0.9826, -0.0471, 0.1796, 0.0014
13:10:36, 8.40, 252, 20.77, 354.65, 359.17, 0.9826, -0.0472, 0.1797, 0.0013
13:10:36, 8.43, 253, 20.78, 354.64, 359.16, 0.9826, -0.0473, 0.1798, 0.0013
13:10:36, 8.43, 253, 20.79, 354.64, 359.15, 0.9825, -0.0473, 0.1799, 0.0011
13:10:36, 8.43, 253, 20.79, 354.63, 359.15, 0.9825, -0.0474, 0.1799, 0.0012
13:10:36, 8.47, 254, 20.79, 354.61, 359.15, 0.9825, -0.0475, 0.1799, 0.0012
13:10:36, 8.47, 254, 20.80, 354.62, 359.13, 0.9825, -0.0475, 0.1799, 0.0010
13:10:36, 8.50, 255, 20.80, 354.62, 359.13, 0.9825, -0.0476, 0.1800, 0.0010
13:10:36, 8.50, 255, 20.80, 354.63, 359.11, 0.9825, -0.0475, 0.1800, 0.0009
13:10:36, 8.53, 256, 20.81, 354.63, 359.10, 0.9825, -0.0475, 0.1801, 0.0008
13:10:36, 8.53, 256, 20.81, 354.64, 359.12, 0.9825, -0.0474, 0.1801, 0.0009
13:10:36, 8.53, 256, 20.82, 354.64, 359.13, 0.9825, -0.0473, 0.1802, 0.0010
13:10:36, 8.57, 257, 20.81, 354.65, 359.14, 0.9825, -0.0473, 0.1801, 0.0011
13:10:36, 8.57, 257, 20.81, 354.64, 359.15, 0.9825, -0.0473, 0.1800, 0.0012
13:10:36, 8.60, 258, 20.80, 354.63, 359.15, 0.9825, -0.0474, 0.1800, 0.0012
13:10:36, 8.60, 258, 20.80, 354.64, 359.15, 0.9825, -0.0473, 0.1799, 0.0011
13:10:36, 8.60, 258, 20.78, 354.64, 359.14, 0.9826, -0.0473, 0.1798, 0.0011
13:10:36, 8.63, 259, 20.77, 354.66, 359.15, 0.9826, -0.0472, 0.1797, 0.0011
13:10:36, 8.63, 259, 20.76, 354.66, 359.14, 0.9826, -0.0472, 0.1796, 0.0010
13:10:36, 8.67, 260, 20.76, 354.67, 359.14, 0.9826, -0.0471, 0.1796, 0.0010
13:10:36, 8.67, 260, 20.77, 354.66, 359.14, 0.9826, -0.0471, 0.1797, 0.0010
13:10:36, 8.70, 261, 20.76, 354.66, 359.15, 0.9826, -0.0471, 0.1797, 0.0011
13:10:36, 8.70, 261, 20.77, 354.66, 359.15, 0.9826, -0.0472, 0.1797, 0.0011
13:10:36, 8.70, 261, 20.78, 354.66, 359.16, 0.9826, -0.0472, 0.1798, 0.0012
13:10:36, 8.73, 262, 20.79, 354.66, 359.16, 0.9826, -0.0472, 0.1799, 0.0012
13:10:36, 8.73, 262, 20.78, 354.65, 359.17, 0.9826, -0.0472, 0.1798, 0.0013
13:10:37, 8.77, 263, 20.78, 354.65, 359.16, 0.9826, -0.0472, 0.1798, 0.0012
13:10:37, 8.77, 263, 20.78, 354.65, 359.14, 0.9826, -0.0472, 0.1798, 0.0011
13:10:37, 8.77, 263, 20.78, 354.66, 359.13, 0.9826, -0.0472, 0.1798, 0.0009
13:10:37, 8.80, 264, 20.79, 354.67, 359.13, 0.9826, -0.0471, 0.1799, 0.0009
13:10:37, 8.80, 264, 20.78, 354.66, 359.14, 0.9826, -0.0471, 0.1798, 0.0011
13:10:37, 8.83, 265, 20.78, 354.66, 359.15, 0.9826, -0.0471, 0.1798, 0.0011
13:10:37, 8.83, 265, 20.79, 354.68, 359.15, 0.9826, -0.0470, 0.1799, 0.0011
13:10:37, 8.87, 266, 20.79, 354.68, 359.16, 0.9826, -0.0470, 0.1799, 0.0011
13:10:37, 8.87, 266, 20.78, 354.67, 359.15, 0.9826, -0.0471, 0.1798, 0.0011
13:10:37, 8.87, 266, 20.78, 354.68, 359.14, 0.9826, -0.0470, 0.1798, 0.0010
13:10:37, 8.90, 267, 20.76, 354.68, 359.15, 0.9826, -0.0470, 0.1797, 0.0010
13:10:37, 8.90, 267, 20.76, 354.69, 359.14, 0.9826, -0.0469, 0.1797, 0.0010
13:10:37, 8.93, 268, 20.76, 354.68, 359.14, 0.9826, -0.0470, 0.1797, 0.0010
13:10:37, 8.93, 268, 20.78, 354.69, 359.14, 0.9826, -0.0469, 0.1798, 0.0010
13:10:37, 8.93, 268, 20.77, 354.71, 359.15, 0.9826, -0.0467, 0.1798, 0.0010
13:10:37, 8.97, 269, 20.79, 354.72, 359.15, 0.9826, -0.0466, 0.1799, 0.0011
13:10:37, 8.97, 269, 20.80, 354.73, 359.16, 0.9826, -0.0466, 0.1800, 0.0011
13:10:37, 9.00, 270, 20.80, 354.73, 359.18, 0.9826, -0.0465, 0.1800, 0.0013
13:10:37, 9.00, 270, 20.79, 354.72, 359.18, 0.9826, -0.0466, 0.1800, 0.0013
13:10:37, 9.03, 271, 20.79, 354.73, 359.19, 0.9826, -0.0465, 0.1799, 0.0013
13:10:37, 9.03, 271, 20.78, 354.73, 359.19, 0.9826, -0.0465, 0.1798, 0.0013
13:10:37, 9.03, 271, 20.76, 354.73, 359.19, 0.9826, -0.0465, 0.1797, 0.0013
13:10:37, 9.07, 272, 20.74, 354.73, 359.19, 0.9827, -0.0465, 0.1795, 0.0014
13:10:37, 9.07, 272, 20.73, 354.74, 359.20, 0.9827, -0.0464, 0.1794, 0.0014
13:10:37, 9.10, 273, 20.72, 354.74, 359.20, 0.9827, -0.0464, 0.1793, 0.0014
13:10:37, 9.10, 273, 20.71, 354.74, 359.21, 0.9827, -0.0464, 0.1792, 0.0015
13:10:37, 9.10, 273, 20.71, 354.73, 359.20, 0.9827, -0.0465, 0.1793, 0.0014
13:10:37, 9.13, 274, 20.71, 354.73, 359.21, 0.9827, -0.0464, 0.1793, 0.0015
13:10:37, 9.13, 274, 20.72, 354.72, 359.20, 0.9827, -0.0465, 0.1794, 0.0014
13:10:37, 9.17, 275, 20.72, 354.73, 359.20, 0.9827, -0.0465, 0.1793, 0.0014
13:10:37, 9.17, 275, 20.73, 354.73, 359.18, 0.9827, -0.0465, 0.1794, 0.0013
13:10:37, 9.20, 276, 20.73, 354.73, 359.20, 0.9827, -0.0464, 0.1794, 0.0014
13:10:37, 9.20, 276, 20.73, 354.73, 359.19, 0.9827, -0.0465, 0.1794, 0.0013
13:10:37, 9.20, 276, 20.74, 354.73, 359.18, 0.9827, -0.0465, 0.1794, 0.0013
13:10:37, 9.23, 277, 20.75, 354.73, 359.18, 0.9826, -0.0465, 0.1796, 0.0012
13:10:37, 9.23, 277, 20.76, 354.74, 359.18, 0.9826, -0.0465, 0.1797, 0.0012
13:10:37, 9.27, 278, 20.76, 354.73, 359.19, 0.9826, -0.0465, 0.1797, 0.0013
13:10:37, 9.27, 278, 20.77, 354.72, 359.18, 0.9826, -0.0466, 0.1797, 0.0013
13:10:37, 9.27, 278, 20.77, 354.74, 359.19, 0.9826, -0.0464, 0.1797, 0.0013
13:10:37, 9.30, 279, 20.76, 354.73, 359.18, 0.9826, -0.0465, 0.1797, 0.0013
13:10:37, 9.30, 279, 20.76, 354.72, 359.19, 0.9826, -0.0466, 0.1796, 0.0013
13:10:37, 9.33, 280, 20.75, 354.72, 359.17, 0.9826, -0.0466, 0.1796, 0.0012
13:10:37, 9.33, 280, 20.75, 354.71, 359.17, 0.9826, -0.0467, 0.1795, 0.0012
13:10:37, 9.37, 281, 20.75, 354.71, 359.15, 0.9826, -0.0467, 0.1796, 0.0010
13:10:37, 9.37, 281, 20.74, 354.72, 359.14, 0.9827, -0.0466, 0.1795, 0.0009
13:10:37, 9.37, 281, 20.74, 354.73, 359.15, 0.9827, -0.0466, 0.1795, 0.0010
13:10:37, 9.40, 282, 20.75, 354.73, 359.16, 0.9826, -0.0466, 0.1795, 0.0011
13:10:37, 9.40, 282, 20.75, 354.72, 359.17, 0.9826, -0.0466, 0.1796, 0.0012
13:10:37, 9.43, 283, 20.75, 354.73, 359.18, 0.9826, -0.0465, 0.1796, 0.0013
13:10:37, 9.43, 283, 20.75, 354.73, 359.19, 0.9826, -0.0465, 0.1796, 0.0013
13:10:37, 9.43, 283, 20.75, 354.73, 359.19, 0.9826, -0.0465, 0.1795, 0.0013
13:10:37, 9.47, 284, 20.74, 354.74, 359.19, 0.9827, -0.0464, 0.1795, 0.0013
13:10:37, 9.47, 284, 20.73, 354.75, 359.19, 0.9827, -0.0463, 0.1794, 0.0013
13:10:37, 9.50, 285, 20.71, 354.75, 359.20, 0.9827, -0.0463, 0.1792, 0.0013
13:10:37, 9.50, 285, 20.69, 354.75, 359.20, 0.9828, -0.0463, 0.1790, 0.0014
13:10:37, 9.53, 286, 20.67, 354.75, 359.20, 0.9828, -0.0463, 0.1789, 0.0014
13:10:37, 9.53, 286, 20.66, 354.75, 359.20, 0.9828, -0.0463, 0.1788, 0.0014
13:10:37, 9.53, 286, 20.65, 354.75, 359.21, 0.9828, -0.0463, 0.1788, 0.0014
13:10:37, 9.57, 287, 20.66, 354.75, 359.20, 0.9828, -0.0463, 0.1788, 0.0013
13:10:37, 9.57, 287, 20.67, 354.74, 359.20, 0.9828, -0.0464, 0.1789, 0.0014
13:10:37, 9.60, 288, 20.67, 354.75, 359.22, 0.9828, -0.0463, 0.1789, 0.0015
13:10:37, 9.60, 288, 20.67, 354.73, 359.21, 0.9828, -0.0465, 0.1789, 0.0015
13:10:37, 9.60, 288, 20.68, 354.72, 359.21, 0.9828, -0.0465, 0.1790, 0.0015
13:10:37, 9.63, 289, 20.70, 354.73, 359.18, 0.9827, -0.0465, 0.1792, 0.0012
13:10:37, 9.63, 289, 20.72, 354.73, 359.17, 0.9827, -0.0465, 0.1793, 0.0011
13:10:37, 9.67, 290, 20.72, 354.71, 359.17, 0.9827, -0.0467, 0.1793, 0.0012
13:10:37, 9.67, 290, 20.72, 354.72, 359.18, 0.9827, -0.0466, 0.1794, 0.0012
13:10:37, 9.70, 291, 20.72, 354.71, 359.20, 0.9827, -0.0466, 0.1794, 0.0014
13:10:37, 9.70, 291, 20.73, 354.72, 359.19, 0.9827, -0.0466, 0.1794, 0.0013
13:10:37, 9.70, 291, 20.72, 354.71, 359.19, 0.9827, -0.0466, 0.1793, 0.0013
13:10:37, 9.73, 292, 20.71, 354.73, 359.18, 0.9827, -0.0465, 0.1792, 0.0013
13:10:37, 9.73, 292, 20.70, 354.72, 359.17, 0.9827, -0.0466, 0.1791, 0.0012
13:10:38, 9.77, 293, 20.69, 354.72, 359.17, 0.9827, -0.0466, 0.1791, 0.0011
13:10:38, 9.77, 293, 20.69, 354.73, 359.15, 0.9827, -0.0465, 0.1790, 0.0010
13:10:38, 9.77, 293, 20.69, 354.73, 359.16, 0.9827, -0.0466, 0.1790, 0.0010
13:10:38, 9.80, 294, 20.70, 354.75, 359.16, 0.9827, -0.0464, 0.1791, 0.0010
13:10:38, 9.80, 294, 20.71, 354.75, 359.16, 0.9827, -0.0464, 0.1792, 0.0010
13:10:38, 9.83, 295, 20.72, 354.75, 359.17, 0.9827, -0.0464, 0.1793, 0.0011
13:10:38, 9.83, 295, 20.73, 354.75, 359.18, 0.9827, -0.0463, 0.1794, 0.0012
13:10:38, 9.87, 296, 20.74, 354.75, 359.18, 0.9827, -0.0464, 0.1795, 0.0012
13:10:38, 9.87, 296, 20.73, 354.75, 359.18, 0.9827, -0.0463, 0.1794, 0.0012
13:10:38, 9.87, 296, 20.73, 354.75, 359.19, 0.9827, -0.0463, 0.1794, 0.0013
13:10:38, 9.90, 297, 20.72, 354.74, 359.19, 0.9827, -0.0464, 0.1794, 0.0013
13:10:38, 9.90, 297, 20.70, 354.75, 359.18, 0.9827, -0.0464, 0.1792, 0.0012
13:10:38, 9.93, 298, 20.69, 354.74, 359.18, 0.9827, -0.0464, 0.1790, 0.0012
13:10:38, 9.93, 298, 20.68, 354.75, 359.18, 0.9828, -0.0464, 0.1789, 0.0012
13:10:38, 9.93, 298, 20.67, 354.74, 359.19, 0.9828, -0.0464, 0.1789, 0.0013
13:10:38, 9.97, 299, 20.67, 354.74, 359.18, 0.9828, -0.0464, 0.1789, 0.0012
13:10:38, 9.97, 299, 20.67, 354.73, 359.18, 0.9828, -0.0465, 0.1789, 0.0013
