Timestamp, VideoTime, VideoFrame, HeadYaw, HeadPitch, HeadRoll, HeadQuatW, HeadQuatX, HeadQuatY, HeadQuatZ
13:53:00, 0.00, 0, 259.47, 9.72, 346.77, 0.6402, 0.1421, -0.7549, -0.0086
13:53:00, 0.03, 1, 259.53, 9.61, 346.61, 0.6405, 0.1425, -0.7545, -0.0103
13:53:00, 0.03, 1, 259.59, 9.47, 346.50, 0.6409, 0.1425, -0.7542, -0.0120
13:53:00, 0.07, 2, 259.65, 9.21, 346.27, 0.6412, 0.1426, -0.7539, -0.0150
13:53:00, 0.07, 2, 259.65, 9.09, 346.10, 0.6411, 0.1430, -0.7538, -0.0168
13:53:00, 0.10, 3, 259.67, 8.99, 345.90, 0.6411, 0.1438, -0.7536, -0.0186
13:53:00, 0.10, 3, 259.69, 8.92, 345.68, 0.6412, 0.1448, -0.7533, -0.0203
13:53:00, 0.10, 3, 259.74, 8.81, 345.44, 0.6415, 0.1458, -0.7528, -0.0225
13:53:00, 0.13, 4, 259.75, 8.69, 345.23, 0.6415, 0.1465, -0.7526, -0.0245
13:53:00, 0.13, 4, 259.75, 8.54, 345.07, 0.6414, 0.1467, -0.7526, -0.0264
13:53:00, 0.17, 5, 259.78, 8.35, 344.93, 0.6414, 0.1466, -0.7525, -0.0285
13:53:00, 0.17, 5, 259.77, 8.12, 344.80, 0.6412, 0.1462, -0.7527, -0.0308
13:53:00, 0.20, 6, 259.79, 7.86, 344.72, 0.6412, 0.1454, -0.7528, -0.0330
13:53:00, 0.20, 6, 259.83, 7.59, 344.64, 0.6413, 0.1443, -0.7528, -0.0352
13:53:00, 0.20, 6, 259.85, 7.33, 344.57, 0.6413, 0.1434, -0.7529, -0.0374
13:53:00, 0.23, 7, 259.85, 7.12, 344.47, 0.6411, 0.1429, -0.7530, -0.0394
13:53:00, 0.23, 7, 259.88, 7.00, 344.33, 0.6412, 0.1432, -0.7528, -0.0410
13:53:00, 0.27, 8, 259.91, 6.90, 344.21, 0.6413, 0.1434, -0.7526, -0.0424
13:53:00, 0.27, 8, 259.95, 6.79, 344.18, 0.6415, 0.1430, -0.7524, -0.0433
13:53:00, 0.27, 8, 259.99, 6.62, 344.13, 0.6416, 0.1423, -0.7524, -0.0447
13:53:00, 0.30, 9, 260.05, 6.33, 344.09, 0.6418, 0.1410, -0.7523, -0.0470
13:53:00, 0.30, 9, 260.07, 6.06, 344.02, 0.6417, 0.1400, -0.7525, -0.0492
13:53:00, 0.33, 10, 260.14, 5.71, 343.93, 0.6419, 0.1386, -0.7523, -0.0521
13:53:00, 0.33, 10, 260.17, 5.33, 343.90, 0.6419, 0.1367, -0.7525, -0.0549
13:53:00, 0.37, 11, 260.21, 4.83, 343.93, 0.6418, 0.1337, -0.7529, -0.0581
13:53:00, 0.37, 11, 260.22, 4.19, 344.00, 0.6415, 0.1297, -0.7536, -0.0619
13:53:00, 0.37, 11, 260.24, 3.47, 343.96, 0.6410, 0.1259, -0.7541, -0.0669
13:53:00, 0.40, 12, 260.14, 2.65, 343.97, 0.6397, 0.1214, -0.7555, -0.0722
13:53:00, 0.40, 12, 260.19, 1.59, 344.06, 0.6393, 0.1149, -0.7563, -0.0788
13:53:00, 0.43, 13, 260.20, 0.42, 344.22, 0.6384, 0.1073, -0.7574, -0.0856
13:53:00, 0.43, 13, 260.17, 359.22, 344.41, 0.6373, 0.0995, -0.7586, -0.0925
13:53:00, 0.43, 13, 260.20, 358.11, 344.45, 0.6364, 0.0929, -0.7592, -0.0996
13:53:00, 0.47, 14, 260.10, 357.04, 344.62, 0.6348, 0.0859, -0.7606, -0.1057
13:53:00, 0.47, 14, 260.09, 356.01, 344.72, 0.6337, 0.0795, -0.7613, -0.1119
13:53:00, 0.50, 15, 260.02, 354.99, 344.87, 0.6323, 0.0729, -0.7622, -0.1177
13:53:00, 0.50, 15, 260.03, 354.04, 345.07, 0.6315, 0.0662, -0.7627, -0.1229
13:53:00, 0.50, 15, 259.98, 353.02, 345.27, 0.6302, 0.0592, -0.7635, -0.1285
13:53:00, 0.53, 16, 259.93, 352.05, 345.44, 0.6289, 0.0528, -0.7641, -0.1339
13:53:00, 0.53, 16, 259.84, 351.16, 345.71, 0.6275, 0.0461, -0.7649, -0.1382
13:53:00, 0.57, 17, 259.86, 350.32, 345.97, 0.6269, 0.0396, -0.7650, -0.1423
13:53:00, 0.57, 17, 259.93, 349.53, 346.19, 0.6266, 0.0336, -0.7648, -0.1463
13:53:00, 0.60, 18, 259.96, 348.80, 346.47, 0.6262, 0.0275, -0.7647, -0.1496
13:53:01, 0.60, 18, 260.08, 348.07, 346.69, 0.6263, 0.0218, -0.7641, -0.1532
13:53:01, 0.60, 18, 260.22, 347.37, 346.91, 0.6266, 0.0162, -0.7633, -0.1566
13:53:01, 0.63, 19, 260.37, 346.76, 347.16, 0.6271, 0.0109, -0.7624, -0.1592
13:53:01, 0.63, 19, 260.53, 346.25, 347.46, 0.6279, 0.0059, -0.7615, -0.1609
13:53:01, 0.67, 20, 260.55, 345.88, 347.74, 0.6279, 0.0018, -0.7613, -0.1617
13:53:01, 0.67, 20, 260.59, 345.48, 348.01, 0.6280, -0.0022, -0.7610, -0.1629
13:53:01, 0.70, 21, 260.61, 345.13, 348.19, 0.6278, -0.0055, -0.7608, -0.1642
13:53:01, 0.70, 21, 260.59, 344.75, 348.37, 0.6275, -0.0088, -0.7608, -0.1657
13:53:01, 0.70, 21, 260.62, 344.48, 348.51, 0.6275, -0.0113, -0.7605, -0.1666
13:53:01, 0.73, 22, 260.68, 344.25, 348.67, 0.6278, -0.0137, -0.7601, -0.1672
13:53:01, 0.73, 22, 260.72, 344.08, 348.76, 0.6279, -0.0153, -0.7598, -0.1679
13:53:01, 0.77, 23, 260.65, 343.96, 348.82, 0.6274, -0.0163, -0.7601, -0.1683
13:53:01, 0.77, 23, 260.60, 343.86, 348.90, 0.6270, -0.0173, -0.7604, -0.1685
13:53:01, 0.77, 23, 260.61, 343.76, 348.84, 0.6269, -0.0176, -0.7603, -0.1695
13:53:01, 0.80, 24, 260.61, 343.65, 348.78, 0.6266, -0.0177, -0.7602, -0.1705
13:53:01, 0.80, 24, 260.66, 343.52, 348.74, 0.6267, -0.0183, -0.7599, -0.1715
13:53:01, 0.83, 25, 260.68, 343.43, 348.73, 0.6267, -0.0188, -0.7598, -0.1722
13:53:01, 0.83, 25, 260.69, 343.34, 348.66, 0.6265, -0.0188, -0.7597, -0.1732
13:53:01, 0.87, 26, 260.71, 343.28, 348.57, 0.6264, -0.0186, -0.7596, -0.1740
13:53:01, 0.87, 26, 260.78, 343.18, 348.47, 0.6266, -0.0186, -0.7592, -0.1752
13:53:01, 0.87, 26, 260.83, 343.10, 348.41, 0.6267, -0.0187, -0.7589, -0.1761
13:53:01, 0.90, 27, 260.89, 342.99, 348.32, 0.6268, -0.0189, -0.7585, -0.1772
13:53:01, 0.90, 27, 260.95, 342.85, 348.28, 0.6269, -0.0195, -0.7581, -0.1784
13:53:01, 0.93, 28, 261.00, 342.70, 348.26, 0.6270, -0.0202, -0.7578, -0.1794
13:53:01, 0.93, 28, 261.09, 342.57, 348.18, 0.6272, -0.0206, -0.7573, -0.1807
13:53:01, 0.93, 28, 261.14, 342.44, 348.13, 0.6273, -0.0211, -0.7569, -0.1818
13:53:01, 0.97, 29, 261.21, 342.32, 348.14, 0.6276, -0.0220, -0.7565, -0.1825
13:53:01, 0.97, 29, 261.27, 342.19, 348.18, 0.6278, -0.0231, -0.7561, -0.1831
13:53:01, 1.00, 30, 261.27, 342.06, 348.25, 0.6278, -0.0243, -0.7560, -0.1835
13:53:01, 1.00, 30, 261.27, 341.96, 348.35, 0.6278, -0.0255, -0.7560, -0.1837
13:53:01, 1.03, 31, 261.30, 341.85, 348.41, 0.6279, -0.0266, -0.7557, -0.1840
13:53:01, 1.03, 31, 261.33, 341.79, 348.42, 0.6280, -0.0271, -0.7555, -0.1843
13:53:01, 1.03, 31, 261.36, 341.72, 348.46, 0.6282, -0.0277, -0.7554, -0.1846
13:53:01, 1.07, 32, 261.35, 341.67, 348.52, 0.6281, -0.0284, -0.7554, -0.1846
13:53:01, 1.07, 32, 261.35, 341.60, 348.56, 0.6281, -0.0291, -0.7553, -0.1848
13:53:01, 1.10, 33, 261.36, 341.56, 348.63, 0.6282, -0.0297, -0.7552, -0.1847
13:53:01, 1.10, 33, 261.37, 341.54, 348.66, 0.6283, -0.0301, -0.7552, -0.1846
13:53:01, 1.10, 33, 261.38, 341.53, 348.72, 0.6285, -0.0306, -0.7551, -0.1844
13:53:01, 1.13, 34, 261.40, 341.55, 348.80, 0.6287, -0.0310, -0.7550, -0.1838
13:53:01, 1.13, 34, 261.44, 341.53, 348.89, 0.6291, -0.0318, -0.7547, -0.1834
13:53:01, 1.17, 35, 261.48, 341.53, 348.96, 0.6294, -0.0323, -0.7545, -0.1830
13:53:01, 1.17, 35, 261.51, 341.53, 349.00, 0.6297, -0.0326, -0.7543, -0.1828
13:53:01, 1.20, 36, 261.52, 341.52, 349.04, 0.6299, -0.0330, -0.7542, -0.1826
13:53:01, 1.20, 36, 261.56, 341.52, 349.05, 0.6302, -0.0331, -0.7540, -0.1826
13:53:01, 1.20, 36, 261.61, 341.49, 349.05, 0.6304, -0.0333, -0.7537, -0.1827
13:53:01, 1.23, 37, 261.63, 341.45, 349.13, 0.6306, -0.0341, -0.7536, -0.1825
13:53:01, 1.23, 37, 261.62, 341.45, 349.20, 0.6307, -0.0346, -0.7536, -0.1822
13:53:01, 1.27, 38, 261.62, 341.43, 349.25, 0.6308, -0.0350, -0.7535, -0.1820
13:53:01, 1.27, 38, 261.61, 341.46, 349.26, 0.6307, -0.0349, -0.7536, -0.1818
13:53:01, 1.27, 38, 261.64, 341.47, 349.28, 0.6309, -0.0350, -0.7535, -0.1816
13:53:01, 1.30, 39, 261.64, 341.45, 349.30, 0.6310, -0.0353, -0.7534, -0.1816
13:53:01, 1.30, 39, 261.63, 341.46, 349.33, 0.6310, -0.0354, -0.7535, -0.1814
13:53:01, 1.33, 40, 261.63, 341.48, 349.36, 0.6310, -0.0355, -0.7535, -0.1811
13:53:01, 1.33, 40, 261.62, 341.53, 349.39, 0.6311, -0.0354, -0.7536, -0.1806
13:53:01, 1.37, 41, 261.65, 341.58, 349.40, 0.6314, -0.0352, -0.7534, -0.1802
13:53:01, 1.37, 41, 261.72, 341.64, 349.40, 0.6319, -0.0350, -0.7531, -0.1798
13:53:01, 1.37, 41, 261.82, 341.69, 349.40, 0.6326, -0.0348, -0.7526, -0.1794
13:53:01, 1.40, 42, 261.94, 341.71, 349.37, 0.6335, -0.0347, -0.7519, -0.1794
13:53:01, 1.40, 42, 262.08, 341.75, 349.37, 0.6344, -0.0347, -0.7511, -0.1792
13:53:01, 1.43, 43, 262.18, 341.77, 349.39, 0.6351, -0.0349, -0.7506, -0.1789
13:53:01, 1.43, 43, 262.27, 341.79, 349.43, 0.6358, -0.0352, -0.7501, -0.1785
13:53:01, 1.43, 43, 262.40, 341.81, 349.44, 0.6367, -0.0353, -0.7494, -0.1783
13:53:01, 1.47, 44, 262.60, 341.86, 349.49, 0.6382, -0.0356, -0.7483, -0.1776
13:53:01, 1.47, 44, 262.88, 341.97, 349.55, 0.6402, -0.0359, -0.7468, -0.1765
13:53:01, 1.50, 45, 263.25, 342.08, 349.62, 0.6429, -0.0363, -0.7447, -0.1753
13:53:01, 1.50, 45, 263.66, 342.20, 349.71, 0.6459, -0.0368, -0.7425, -0.1739
13:53:01, 1.53, 46, 264.11, 342.26, 349.73, 0.6489, -0.0372, -0.7399, -0.1733
13:53:01, 1.53, 46, 264.55, 342.31, 349.77, 0.6519, -0.0379, -0.7374, -0.1726
13:53:01, 1.53, 46, 264.97, 342.37, 349.83, 0.6548, -0.0385, -0.7350, -0.1717
13:53:01, 1.57, 47, 265.39, 342.41, 349.85, 0.6576, -0.0390, -0.7326, -0.1712
13:53:01, 1.57, 47, 265.80, 342.38, 349.86, 0.6601, -0.0399, -0.7303, -0.1712
13:53:01, 1.60, 48, 266.18, 342.38, 349.90, 0.6626, -0.0407, -0.7281, -0.1709
13:53:02, 1.60, 48, 266.50, 342.29, 349.96, 0.6646, -0.0421, -0.7262, -0.1710
13:53:02, 1.60, 48, 266.79, 342.18, 350.07, 0.6665, -0.0439, -0.7244, -0.1709
13:53:02, 1.63, 49, 267.15, 342.10, 350.14, 0.6687, -0.0453, -0.7222, -0.1708
13:53:02, 1.63, 49, 267.60, 341.98, 350.23, 0.6715, -0.0473, -0.7195, -0.1708
13:53:02, 1.67, 50, 268.06, 342.01, 350.25, 0.6744, -0.0479, -0.7168, -0.1704
13:53:02, 1.67, 50, 268.64, 342.00, 350.27, 0.6781, -0.0490, -0.7134, -0.1700
13:53:02, 1.70, 51, 269.15, 341.99, 350.34, 0.6814, -0.0502, -0.7103, -0.1694
13:53:02, 1.70, 51, 269.67, 342.06, 350.43, 0.6848, -0.0512, -0.7072, -0.1683
13:53:02, 1.70, 51, 270.17, 342.08, 350.60, 0.6881, -0.0528, -0.7042, -0.1669
13:53:02, 1.73, 52, 270.58, 342.07, 350.71, 0.6908, -0.0541, -0.7016, -0.1661
13:53:02, 1.73, 52, 271.05, 341.99, 350.78, 0.6937, -0.0557, -0.6987, -0.1660
13:53:02, 1.77, 53, 271.59, 341.88, 350.80, 0.6969, -0.0573, -0.6953, -0.1662
13:53:02, 1.77, 53, 272.20, 341.86, 350.80, 0.7005, -0.0583, -0.6917, -0.1660
13:53:02, 1.77, 53, 272.96, 341.77, 350.76, 0.7048, -0.0597, -0.6870, -0.1664
13:53:02, 1.80, 54, 273.80, 341.76, 350.74, 0.7098, -0.0609, -0.6818, -0.1662
13:53:02, 1.80, 54, 274.95, 341.76, 350.70, 0.7166, -0.0623, -0.6746, -0.1658
13:53:02, 1.83, 55, 276.32, 341.76, 350.67, 0.7246, -0.0641, -0.6660, -0.1652
13:53:02, 1.83, 55, 277.98, 341.86, 350.66, 0.7343, -0.0658, -0.6555, -0.1638
13:53:02, 1.87, 56, 280.21, 341.97, 350.65, 0.7470, -0.0682, -0.6411, -0.1619
13:53:02, 1.87, 56, 282.75, 342.27, 350.76, 0.7617, -0.0704, -0.6245, -0.1581
13:53:02, 1.87, 56, 285.69, 342.71, 350.76, 0.7781, -0.0713, -0.6048, -0.1540
13:53:02, 1.90, 57, 288.65, 343.42, 350.69, 0.7944, -0.0699, -0.5847, -0.1491
13:53:02, 1.90, 57, 291.61, 344.08, 350.63, 0.8101, -0.0687, -0.5641, -0.1445
13:53:02, 1.93, 58, 294.52, 344.90, 350.71, 0.8254, -0.0667, -0.5433, -0.1383
13:53:02, 1.93, 58, 297.39, 345.69, 350.74, 0.8398, -0.0644, -0.5225, -0.1330
13:53:02, 1.93, 58, 300.26, 346.45, 350.82, 0.8536, -0.0624, -0.5012, -0.1275
13:53:02, 1.97, 59, 303.14, 347.11, 350.95, 0.8669, -0.0611, -0.4794, -0.1222
13:53:02, 1.97, 59, 306.03, 347.72, 351.10, 0.8796, -0.0600, -0.4572, -0.1171
13:53:02, 2.00, 60, 308.91, 348.25, 351.23, 0.8915, -0.0593, -0.4348, -0.1126
13:53:02, 2.00, 60, 311.64, 348.72, 351.48, 0.9024, -0.0591, -0.4131, -0.1076
13:53:02, 2.03, 61, 314.30, 349.00, 351.56, 0.9121, -0.0596, -0.3920, -0.1046
13:53:02, 2.03, 61, 316.77, 349.23, 351.77, 0.9207, -0.0607, -0.3721, -0.1009
13:53:02, 2.03, 61, 319.24, 349.44, 351.92, 0.9288, -0.0616, -0.3520, -0.0978
13:53:02, 2.07, 62, 321.70, 349.44, 352.13, 0.9364, -0.0643, -0.3319, -0.0947
13:53:02, 2.07, 62, 323.98, 349.45, 352.45, 0.9430, -0.0670, -0.3130, -0.0907
13:53:02, 2.10, 63, 326.14, 349.38, 352.76, 0.9490, -0.0700, -0.2950, -0.0870
13:53:02, 2.10, 63, 328.13, 349.31, 353.04, 0.9541, -0.0728, -0.2783, -0.0836
13:53:02, 2.10, 63, 329.93, 349.21, 353.31, 0.9584, -0.0756, -0.2631, -0.0804
13:53:02, 2.13, 64, 331.59, 349.04, 353.58, 0.9622, -0.0787, -0.2491, -0.0774
13:53:02, 2.13, 64, 333.25, 349.09, 353.83, 0.9659, -0.0800, -0.2350, -0.0741
13:53:02, 2.17, 65, 334.74, 349.07, 354.05, 0.9690, -0.0815, -0.2222, -0.0712
13:53:02, 2.17, 65, 336.20, 348.94, 354.08, 0.9716, -0.0836, -0.2099, -0.0701
13:53:02, 2.17, 65, 337.56, 348.77, 354.11, 0.9739, -0.0859, -0.1983, -0.0692
13:53:02, 2.20, 66, 338.82, 348.72, 354.17, 0.9760, -0.0872, -0.1876, -0.0678
13:53:02, 2.20, 66, 340.09, 348.61, 354.11, 0.9779, -0.0888, -0.1768, -0.0675
13:53:02, 2.23, 67, 341.25, 348.56, 354.12, 0.9796, -0.0899, -0.1669, -0.0665
13:53:02, 2.23, 67, 342.23, 348.47, 354.16, 0.9809, -0.0913, -0.1585, -0.0655
13:53:02, 2.27, 68, 343.13, 348.45, 354.28, 0.9822, -0.0921, -0.1507, -0.0638
13:53:02, 2.27, 68, 343.86, 348.39, 354.51, 0.9832, -0.0934, -0.1443, -0.0613
13:53:02, 2.27, 68, 344.57, 348.47, 354.65, 0.9842, -0.0932, -0.1380, -0.0595
13:53:02, 2.30, 69, 345.23, 348.63, 354.73, 0.9852, -0.0922, -0.1323, -0.0581
13:53:02, 2.30, 69, 345.84, 348.80, 354.82, 0.9861, -0.0912, -0.1269, -0.0566
13:53:02, 2.33, 70, 346.41, 349.13, 354.82, 0.9870, -0.0886, -0.1219, -0.0559
13:53:02, 2.33, 70, 346.88, 349.51, 354.86, 0.9878, -0.0856, -0.1177, -0.0548
13:53:02, 2.37, 71, 347.42, 349.84, 354.85, 0.9886, -0.0831, -0.1130, -0.0542
13:53:02, 2.37, 71, 347.81, 350.28, 354.89, 0.9894, -0.0795, -0.1094, -0.0531
13:53:02, 2.37, 71, 348.20, 350.78, 354.86, 0.9901, -0.0753, -0.1059, -0.0527
13:53:02, 2.40, 72, 348.53, 351.30, 354.84, 0.9908, -0.0709, -0.1029, -0.0523
13:53:02, 2.40, 72, 348.92, 351.80, 354.78, 0.9914, -0.0667, -0.0994, -0.0521
13:53:02, 2.43, 73, 349.18, 352.41, 354.77, 0.9920, -0.0615, -0.0970, -0.0515
13:53:02, 2.43, 73, 349.54, 353.06, 354.75, 0.9927, -0.0561, -0.0936, -0.0510
13:53:02, 2.43, 73, 349.77, 353.82, 354.68, 0.9933, -0.0495, -0.0914, -0.0510
13:53:02, 2.47, 74, 350.10, 354.52, 354.69, 0.9939, -0.0436, -0.0883, -0.0502
13:53:02, 2.47, 74, 350.42, 355.25, 354.65, 0.9944, -0.0374, -0.0852, -0.0500
13:53:02, 2.50, 75, 350.80, 355.90, 354.63, 0.9949, -0.0319, -0.0818, -0.0496
13:53:02, 2.50, 75, 351.22, 356.47, 354.61, 0.9954, -0.0271, -0.0779, -0.0493
13:53:02, 2.50, 75, 351.75, 356.91, 354.59, 0.9958, -0.0235, -0.0731, -0.0490
13:53:02, 2.53, 76, 352.25, 357.31, 354.63, 0.9963, -0.0203, -0.0685, -0.0483
13:53:02, 2.53, 76, 352.88, 357.58, 354.60, 0.9967, -0.0181, -0.0630, -0.0483
13:53:02, 2.57, 77, 353.38, 357.81, 354.64, 0.9970, -0.0163, -0.0586, -0.0478
13:53:02, 2.57, 77, 353.95, 358.12, 354.65, 0.9973, -0.0139, -0.0535, -0.0475
13:53:02, 2.60, 78, 354.50, 358.35, 354.63, 0.9976, -0.0121, -0.0486, -0.0475
13:53:03, 2.60, 78, 355.01, 358.48, 354.61, 0.9978, -0.0112, -0.0441, -0.0476
13:53:03, 2.60, 78, 355.47, 358.64, 354.67, 0.9980, -0.0100, -0.0401, -0.0469
13:53:03, 2.63, 79, 355.96, 358.56, 354.77, 0.9982, -0.0109, -0.0357, -0.0460
13:53:03, 2.63, 79, 356.36, 358.52, 354.86, 0.9984, -0.0114, -0.0323, -0.0452
13:53:03, 2.67, 80, 356.64, 358.56, 354.86, 0.9985, -0.0112, -0.0298, -0.0452
13:53:03, 2.67, 80, 356.98, 358.53, 354.93, 0.9986, -0.0117, -0.0269, -0.0446
13:53:03, 2.70, 81, 357.16, 358.44, 354.95, 0.9986, -0.0125, -0.0253, -0.0444
13:53:03, 2.70, 81, 357.33, 358.37, 354.97, 0.9987, -0.0132, -0.0239, -0.0442
13:53:03, 2.70, 81, 357.44, 358.29, 355.04, 0.9987, -0.0139, -0.0230, -0.0436
13:53:03, 2.73, 82, 357.51, 358.11, 355.02, 0.9987, -0.0156, -0.0224, -0.0438
13:53:03, 2.73, 82, 357.54, 357.89, 355.01, 0.9986, -0.0175, -0.0223, -0.0439
13:53:03, 2.77, 83, 357.58, 357.70, 355.06, 0.9986, -0.0192, -0.0220, -0.0435
13:53:03, 2.77, 83, 357.60, 357.58, 355.08, 0.9986, -0.0202, -0.0218, -0.0434
13:53:03, 2.77, 83, 357.60, 357.49, 355.11, 0.9986, -0.0210, -0.0219, -0.0431
13:53:03, 2.80, 84, 357.56, 357.46, 355.15, 0.9986, -0.0212, -0.0222, -0.0427
13:53:03, 2.80, 84, 357.53, 357.44, 355.24, 0.9986, -0.0214, -0.0225, -0.0420
13:53:03, 2.83, 85, 357.48, 357.38, 355.34, 0.9987, -0.0220, -0.0229, -0.0411
13:53:03, 2.83, 85, 357.46, 357.28, 355.45, 0.9987, -0.0228, -0.0231, -0.0402
13:53:03, 2.87, 86, 357.47, 357.20, 355.53, 0.9987, -0.0235, -0.0230, -0.0395
13:53:03, 2.87, 86, 357.51, 357.11, 355.61, 0.9987, -0.0244, -0.0227, -0.0388
13:53:03, 2.87, 86, 357.53, 357.08, 355.66, 0.9987, -0.0247, -0.0225, -0.0384
13:53:03, 2.90, 87, 357.59, 357.05, 355.72, 0.9987, -0.0250, -0.0220, -0.0379
13:53:03, 2.93, 88, 357.72, 357.15, 355.83, 0.9988, -0.0241, -0.0208, -0.0369
13:53:03, 2.93, 88, 357.80, 357.20, 355.87, 0.9988, -0.0237, -0.0201, -0.0365
13:53:03, 2.93, 88, 357.91, 357.23, 355.92, 0.9989, -0.0235, -0.0190, -0.0360
13:53:03, 2.97, 89, 358.07, 357.25, 355.98, 0.9989, -0.0234, -0.0176, -0.0355
13:53:03, 2.97, 89, 358.29, 357.33, 356.06, 0.9990, -0.0228, -0.0157, -0.0347
13:53:03, 3.00, 90, 358.51, 357.38, 356.07, 0.9991, -0.0224, -0.0137, -0.0346
13:53:03, 3.00, 90, 358.74, 357.48, 356.07, 0.9991, -0.0216, -0.0117, -0.0345
13:53:03, 3.03, 91, 358.99, 357.58, 356.08, 0.9991, -0.0208, -0.0096, -0.0344
13:53:03, 3.03, 91, 359.24, 357.67, 356.07, 0.9992, -0.0201, -0.0073, -0.0344
13:53:03, 3.03, 91, 359.49, 357.71, 356.01, 0.9992, -0.0198, -0.0052, -0.0349
13:53:03, 3.07, 92, 359.68, 357.68, 355.86, 0.9991, -0.0201, -0.0036, -0.0361
13:53:03, 3.07, 92, 359.78, 357.51, 355.63, 0.9990, -0.0217, -0.0027, -0.0382
13:53:03, 3.10, 93, 359.74, 357.26, 355.34, 0.9989, -0.0238, -0.0032, -0.0407
13:53:03, 3.10, 93, 359.53, 357.07, 355.10, 0.9987, -0.0254, -0.0052, -0.0428
13:53:03, 3.10, 93, 359.21, 357.02, 354.93, 0.9987, -0.0257, -0.0081, -0.0444
13:53:03, 3.13, 94, 358.77, 356.96, 354.81, 0.9986, -0.0260, -0.0119, -0.0455
13:53:03, 3.13, 94, 358.44, 356.93, 354.70, 0.9985, -0.0261, -0.0148, -0.0466
13:53:03, 3.17, 95, 358.13, 356.86, 354.61, 0.9984, -0.0266, -0.0176, -0.0475
13:53:03, 3.17, 95, 357.92, 356.79, 354.57, 0.9983, -0.0271, -0.0195, -0.0479
13:53:03, 3.20, 96, 357.79, 356.71, 354.61, 0.9983, -0.0278, -0.0206, -0.0475
13:53:03, 3.20, 96, 357.69, 356.61, 354.64, 0.9982, -0.0286, -0.0215, -0.0474
13:53:03, 3.20, 96, 357.58, 356.61, 354.71, 0.9982, -0.0286, -0.0225, -0.0468
13:53:03, 3.23, 97, 357.47, 356.65, 354.81, 0.9983, -0.0282, -0.0234, -0.0459
13:53:03, 3.23, 97, 357.40, 356.73, 354.91, 0.9983, -0.0274, -0.0239, -0.0450
13:53:03, 3.27, 98, 357.33, 356.79, 355.00, 0.9984, -0.0269, -0.0245, -0.0442
13:53:03, 3.27, 98, 357.33, 356.90, 355.12, 0.9984, -0.0260, -0.0244, -0.0432
13:53:03, 3.27, 98, 357.38, 357.00, 355.22, 0.9985, -0.0252, -0.0239, -0.0423
13:53:03, 3.30, 99, 357.50, 357.08, 355.30, 0.9986, -0.0246, -0.0229, -0.0415
13:53:03, 3.30, 99, 357.63, 357.14, 355.35, 0.9986, -0.0241, -0.0217, -0.0411
13:53:03, 3.33, 100, 357.81, 357.16, 355.30, 0.9987, -0.0240, -0.0201, -0.0415
13:53:03, 3.33, 100, 357.99, 357.19, 355.26, 0.9987, -0.0238, -0.0186, -0.0418
13:53:03, 3.37, 101, 358.19, 357.18, 355.15, 0.9987, -0.0239, -0.0168, -0.0426
13:53:03, 3.37, 101, 358.53, 357.16, 354.91, 0.9986, -0.0242, -0.0139, -0.0447
13:53:03, 3.37, 101, 358.99, 357.08, 354.52, 0.9985, -0.0251, -0.0100, -0.0480
13:53:03, 3.40, 102, 359.57, 356.99, 354.09, 0.9983, -0.0261, -0.0051, -0.0516
13:53:03, 3.40, 102, 0.28, 356.90, 353.73, 0.9981, -0.0271, 0.0010, -0.0546
13:53:03, 3.43, 103, 1.06, 356.75, 353.48, 0.9980, -0.0288, 0.0076, -0.0566
13:53:03, 3.43, 103, 1.86, 356.69, 353.37, 0.9978, -0.0298, 0.0145, -0.0573
13:53:03, 3.43, 103, 2.76, 356.56, 353.44, 0.9977, -0.0313, 0.0223, -0.0564
13:53:03, 3.47, 104, 3.72, 356.43, 353.59, 0.9975, -0.0329, 0.0307, -0.0548
13:53:03, 3.47, 104, 4.70, 356.33, 353.81, 0.9973, -0.0342, 0.0392, -0.0526
13:53:03, 3.50, 105, 5.79, 356.22, 353.99, 0.9969, -0.0356, 0.0487, -0.0507
13:53:03, 3.50, 105, 6.90, 356.15, 354.19, 0.9964, -0.0365, 0.0584, -0.0485
13:53:03, 3.53, 106, 8.10, 356.10, 354.46, 0.9959, -0.0373, 0.0689, -0.0457
13:53:03, 3.53, 106, 9.34, 356.00, 354.71, 0.9951, -0.0385, 0.0797, -0.0431
13:53:03, 3.53, 106, 10.66, 356.06, 354.99, 0.9943, -0.0383, 0.0912, -0.0403
13:53:03, 3.57, 107, 11.99, 356.12, 355.33, 0.9933, -0.0379, 0.1030, -0.0369
13:53:03, 3.57, 107, 13.37, 356.24, 355.64, 0.9921, -0.0370, 0.1150, -0.0340
13:53:03, 3.60, 108, 14.70, 356.40, 355.89, 0.9908, -0.0358, 0.1267, -0.0316
13:53:04, 3.60, 108, 16.06, 356.55, 356.16, 0.9893, -0.0345, 0.1386, -0.0290
13:53:04, 3.60, 108, 17.43, 356.68, 356.45, 0.9877, -0.0333, 0.1505, -0.0263
13:53:04, 3.63, 109, 18.72, 356.77, 356.82, 0.9860, -0.0323, 0.1617, -0.0227
13:53:04, 3.63, 109, 19.96, 356.75, 357.33, 0.9843, -0.0320, 0.1726, -0.0180
13:53:04, 3.67, 110, 21.09, 356.67, 357.85, 0.9826, -0.0320, 0.1823, -0.0131
13:53:04, 3.67, 110, 22.18, 356.53, 358.38, 0.9809, -0.0324, 0.1918, -0.0080
13:53:04, 3.70, 111, 23.17, 356.31, 358.86, 0.9791, -0.0335, 0.2004, -0.0033
13:53:04, 3.70, 111, 24.16, 356.11, 359.34, 0.9773, -0.0344, 0.2090, 0.0015
13:53:04, 3.70, 111, 25.21, 355.89, 359.77, 0.9753, -0.0354, 0.2180, 0.0059
13:53:04, 3.73, 112, 26.29, 355.76, 0.17, 0.9731, -0.0357, 0.2273, 0.0099
13:53:04, 3.73, 112, 27.40, 355.59, 0.65, 0.9708, -0.0360, 0.2369, 0.0147
13:53:04, 3.77, 113, 28.55, 355.25, 1.13, 0.9681, -0.0378, 0.2468, 0.0198
13:53:04, 3.77, 113, 29.81, 354.92, 1.57, 0.9652, -0.0393, 0.2575, 0.0247
13:53:04, 3.77, 113, 31.21, 354.50, 1.99, 0.9617, -0.0415, 0.2694, 0.0296
13:53:04, 3.80, 114, 32.78, 354.01, 2.43, 0.9575, -0.0442, 0.2828, 0.0351
13:53:04, 3.80, 114, 34.47, 353.59, 2.72, 0.9529, -0.0463, 0.2970, 0.0392
13:53:04, 3.83, 115, 36.18, 353.14, 2.98, 0.9481, -0.0488, 0.3113, 0.0432
13:53:04, 3.83, 115, 37.89, 352.90, 3.15, 0.9431, -0.0496, 0.3255, 0.0460
13:53:04, 3.87, 116, 39.53, 352.58, 3.46, 0.9380, -0.0507, 0.3391, 0.0502
13:53:04, 3.87, 116, 41.08, 352.42, 3.69, 0.9332, -0.0506, 0.3519, 0.0533
13:53:04, 3.87, 116, 42.59, 352.22, 3.95, 0.9282, -0.0507, 0.3643, 0.0567
13:53:04, 3.90, 117, 44.12, 352.17, 4.06, 0.9231, -0.0500, 0.3767, 0.0584
13:53:04, 3.90, 117, 45.60, 352.09, 4.23, 0.9181, -0.0493, 0.3887, 0.0607
13:53:04, 3.93, 118, 47.12, 352.08, 4.36, 0.9128, -0.0481, 0.4009, 0.0623
13:53:04, 3.93, 118, 48.65, 352.17, 4.36, 0.9074, -0.0465, 0.4130, 0.0626
13:53:04, 3.93, 118, 50.15, 352.24, 4.36, 0.9019, -0.0452, 0.4249, 0.0631
13:53:04, 3.97, 119, 51.65, 352.31, 4.36, 0.8964, -0.0437, 0.4366, 0.0634
13:53:04, 3.97, 119, 53.00, 352.34, 4.36, 0.8912, -0.0428, 0.4471, 0.0638
13:53:04, 4.00, 120, 54.33, 352.27, 4.31, 0.8859, -0.0428, 0.4575, 0.0641
13:53:04, 4.00, 120, 55.58, 352.15, 4.20, 0.8808, -0.0435, 0.4670, 0.0643
13:53:04, 4.03, 121, 56.72, 351.91, 4.10, 0.8760, -0.0451, 0.4757, 0.0649
13:53:04, 4.03, 121, 57.74, 351.74, 3.93, 0.8718, -0.0465, 0.4834, 0.0647
13:53:04, 4.03, 121, 58.67, 351.51, 3.90, 0.8677, -0.0479, 0.4905, 0.0658
13:53:04, 4.07, 122, 59.56, 351.41, 3.81, 0.8638, -0.0485, 0.4972, 0.0659
13:53:04, 4.07, 122, 60.36, 351.31, 3.77, 0.8603, -0.0490, 0.5031, 0.0664
13:53:04, 4.10, 123, 61.10, 351.29, 3.66, 0.8570, -0.0492, 0.5087, 0.0660
13:53:04, 4.10, 123, 61.79, 351.21, 3.60, 0.8539, -0.0497, 0.5138, 0.0662
13:53:04, 4.10, 123, 62.54, 351.13, 3.55, 0.8505, -0.0500, 0.5193, 0.0665
13:53:04, 4.13, 124, 63.20, 351.07, 3.47, 0.8475, -0.0505, 0.5241, 0.0665
13:53:04, 4.13, 124, 63.88, 351.14, 3.40, 0.8445, -0.0499, 0.5292, 0.0659
13:53:04, 4.17, 125, 64.61, 351.13, 3.28, 0.8411, -0.0501, 0.5345, 0.0654
13:53:04, 4.17, 125, 65.33, 351.19, 3.28, 0.8378, -0.0492, 0.5398, 0.0655
13:53:04, 4.20, 126, 66.11, 351.23, 3.24, 0.8342, -0.0487, 0.5454, 0.0653
13:53:04, 4.20, 126, 66.91, 351.27, 3.24, 0.8304, -0.0479, 0.5513, 0.0655
13:53:04, 4.20, 126, 67.73, 351.37, 3.24, 0.8265, -0.0468, 0.5572, 0.0653
13:53:04, 4.23, 127, 68.62, 351.50, 3.20, 0.8222, -0.0455, 0.5636, 0.0647
13:53:04, 4.23, 127, 69.53, 351.72, 3.15, 0.8179, -0.0437, 0.5702, 0.0637
13:53:04, 4.27, 128, 70.45, 351.98, 3.08, 0.8135, -0.0416, 0.5767, 0.0622
13:53:04, 4.27, 128, 71.41, 352.20, 2.99, 0.8088, -0.0401, 0.5835, 0.0608
13:53:04, 4.27, 128, 72.38, 352.36, 2.86, 0.8041, -0.0390, 0.5903, 0.0595
13:53:04, 4.30, 129, 73.28, 352.56, 2.81, 0.7995, -0.0374, 0.5966, 0.0583
13:53:04, 4.30, 129, 74.28, 352.76, 2.79, 0.7944, -0.0357, 0.6036, 0.0575
13:53:04, 4.33, 130, 75.17, 352.94, 2.72, 0.7898, -0.0343, 0.6098, 0.0563
13:53:04, 4.33, 130, 76.11, 353.06, 2.66, 0.7849, -0.0333, 0.6162, 0.0555
13:53:04, 4.37, 131, 77.00, 353.15, 2.59, 0.7802, -0.0327, 0.6223, 0.0548
13:53:04, 4.37, 131, 77.94, 353.21, 2.53, 0.7751, -0.0322, 0.6287, 0.0544
13:53:04, 4.37, 131, 78.89, 353.26, 2.55, 0.7699, -0.0313, 0.6351, 0.0545
13:53:04, 4.40, 132, 79.86, 353.16, 2.60, 0.7644, -0.0312, 0.6416, 0.0556
13:53:04, 4.40, 132, 80.81, 353.04, 2.59, 0.7590, -0.0316, 0.6479, 0.0565
13:53:04, 4.43, 133, 81.71, 353.01, 2.68, 0.7538, -0.0309, 0.6538, 0.0575
13:53:04, 4.43, 133, 82.66, 352.90, 2.73, 0.7483, -0.0308, 0.6601, 0.0587
13:53:04, 4.43, 133, 83.55, 352.84, 2.80, 0.7431, -0.0303, 0.6659, 0.0598
13:53:04, 4.47, 134, 84.36, 352.74, 2.88, 0.7383, -0.0300, 0.6711, 0.0611
13:53:04, 4.47, 134, 85.20, 352.66, 2.88, 0.7333, -0.0301, 0.6764, 0.0618
13:53:04, 4.50, 135, 85.99, 352.53, 2.89, 0.7285, -0.0305, 0.6814, 0.0628
13:53:04, 4.50, 135, 86.74, 352.44, 2.88, 0.7240, -0.0306, 0.6862, 0.0635
13:53:04, 4.53, 136, 87.48, 352.34, 2.87, 0.7195, -0.0310, 0.6908, 0.0642
13:53:04, 4.53, 136, 88.19, 352.29, 2.78, 0.7152, -0.0315, 0.6953, 0.0641
13:53:04, 4.53, 136, 88.80, 352.19, 2.76, 0.7115, -0.0318, 0.6990, 0.0648
13:53:04, 4.57, 137, 89.41, 352.22, 2.82, 0.7077, -0.0309, 0.7028, 0.0651
13:53:04, 4.57, 137, 89.98, 352.18, 2.90, 0.7042, -0.0304, 0.7063, 0.0661
13:53:04, 4.60, 138, 90.57, 352.18, 2.99, 0.7004, -0.0295, 0.7100, 0.0668
13:53:05, 4.60, 138, 91.12, 352.17, 3.07, 0.6970, -0.0287, 0.7133, 0.0675
13:53:05, 4.60, 138, 91.65, 352.28, 3.11, 0.6937, -0.0274, 0.7166, 0.0671
13:53:05, 4.63, 139, 92.14, 352.34, 3.10, 0.6907, -0.0269, 0.7195, 0.0668
13:53:05, 4.63, 139, 92.62, 352.30, 3.05, 0.6876, -0.0272, 0.7225, 0.0669
13:53:05, 4.67, 140, 93.09, 352.34, 3.02, 0.6847, -0.0268, 0.7252, 0.0666
13:53:05, 4.67, 140, 93.54, 352.30, 2.99, 0.6819, -0.0270, 0.7279, 0.0668
13:53:05, 4.70, 141, 93.99, 352.33, 2.94, 0.6790, -0.0269, 0.7306, 0.0663
13:53:05, 4.70, 141, 94.42, 352.38, 2.86, 0.6764, -0.0268, 0.7331, 0.0657
13:53:05, 4.70, 141, 94.80, 352.40, 2.79, 0.6740, -0.0270, 0.7354, 0.0652
13:53:05, 4.73, 142, 95.12, 352.54, 2.71, 0.6721, -0.0265, 0.7372, 0.0639
13:53:05, 4.73, 142, 95.40, 352.62, 2.59, 0.6703, -0.0266, 0.7389, 0.0627
13:53:05, 4.77, 143, 95.70, 352.69, 2.54, 0.6685, -0.0264, 0.7406, 0.0621
13:53:05, 4.77, 143, 95.88, 352.72, 2.44, 0.6674, -0.0267, 0.7417, 0.0613
13:53:05, 4.77, 143, 96.02, 352.80, 2.37, 0.6666, -0.0267, 0.7425, 0.0605
13:53:05, 4.80, 144, 96.11, 352.85, 2.31, 0.6660, -0.0267, 0.7430, 0.0598
13:53:05, 4.80, 144, 96.15, 352.96, 2.19, 0.6659, -0.0268, 0.7433, 0.0584
13:53:05, 4.83, 145, 96.17, 353.03, 2.05, 0.6659, -0.0273, 0.7434, 0.0571
13:53:05, 4.83, 145, 96.17, 353.11, 1.97, 0.6659, -0.0274, 0.7434, 0.0562
13:53:05, 4.87, 146, 96.17, 353.15, 1.89, 0.6660, -0.0276, 0.7434, 0.0554
13:53:05, 4.87, 146, 96.16, 353.18, 1.82, 0.6661, -0.0279, 0.7433, 0.0548
13:53:05, 4.87, 146, 96.10, 353.20, 1.80, 0.6666, -0.0280, 0.7429, 0.0546
13:53:05, 4.90, 147, 96.01, 353.17, 1.80, 0.6671, -0.0282, 0.7424, 0.0548
13:53:05, 4.90, 147, 95.93, 353.12, 1.78, 0.6676, -0.0286, 0.7419, 0.0549
13:53:05, 4.93, 148, 95.84, 353.07, 1.78, 0.6682, -0.0290, 0.7414, 0.0552
13:53:05, 4.93, 148, 95.74, 352.95, 1.77, 0.6688, -0.0298, 0.7408, 0.0559
13:53:05, 4.93, 148, 95.61, 352.84, 1.79, 0.6696, -0.0304, 0.7400, 0.0567
13:53:05, 4.97, 149, 95.48, 352.72, 1.78, 0.6703, -0.0312, 0.7392, 0.0574
13:53:05, 4.97, 149, 95.33, 352.65, 1.82, 0.6713, -0.0315, 0.7383, 0.0581
13:53:05, 5.00, 150, 95.19, 352.55, 1.84, 0.6721, -0.0320, 0.7374, 0.0587
13:53:05, 5.00, 150, 95.05, 352.49, 1.86, 0.6729, -0.0323, 0.7366, 0.0592
13:53:05, 5.03, 151, 94.91, 352.36, 1.88, 0.6737, -0.0330, 0.7358, 0.0601
13:53:05, 5.03, 151, 94.80, 352.25, 1.90, 0.6744, -0.0336, 0.7351, 0.0609
13:53:05, 5.03, 151, 94.59, 352.12, 1.94, 0.6757, -0.0342, 0.7338, 0.0619
13:53:05, 5.07, 152, 94.30, 351.99, 2.05, 0.6774, -0.0344, 0.7321, 0.0633
13:53:05, 5.07, 152, 93.81, 351.90, 2.13, 0.6804, -0.0347, 0.7292, 0.0642
13:53:05, 5.10, 153, 93.09, 351.74, 2.13, 0.6849, -0.0360, 0.7248, 0.0650
13:53:05, 5.10, 153, 92.12, 351.49, 2.11, 0.6909, -0.0382, 0.7189, 0.0662
13:53:05, 5.10, 153, 90.95, 351.21, 2.07, 0.6980, -0.0409, 0.7117, 0.0672
13:53:05, 5.13, 154, 89.53, 350.99, 2.08, 0.7067, -0.0430, 0.7029, 0.0681
13:53:05, 5.13, 154, 87.89, 350.84, 2.10, 0.7166, -0.0448, 0.6927, 0.0685
13:53:05, 5.17, 155, 86.14, 350.77, 2.13, 0.7270, -0.0461, 0.6816, 0.0685
13:53:05, 5.17, 155, 84.31, 350.67, 2.22, 0.7377, -0.0473, 0.6700, 0.0689
13:53:05, 5.20, 156, 82.29, 350.57, 2.31, 0.7492, -0.0486, 0.6569, 0.0692
13:53:05, 5.20, 156, 80.15, 350.47, 2.37, 0.7613, -0.0503, 0.6428, 0.0692
13:53:05, 5.20, 156, 77.86, 350.38, 2.45, 0.7739, -0.0518, 0.6274, 0.0693
13:53:05, 5.23, 157, 75.42, 350.31, 2.56, 0.7869, -0.0532, 0.6108, 0.0692
13:53:05, 5.23, 157, 72.91, 350.30, 2.64, 0.8001, -0.0543, 0.5935, 0.0687
13:53:05, 5.27, 158, 70.12, 350.30, 2.81, 0.8142, -0.0552, 0.5739, 0.0685
13:53:05, 5.27, 158, 67.29, 350.32, 3.04, 0.8280, -0.0556, 0.5537, 0.0688
13:53:05, 5.27, 158, 64.34, 350.45, 3.31, 0.8419, -0.0551, 0.5324, 0.0687
13:53:05, 5.30, 159, 61.27, 350.62, 3.76, 0.8557, -0.0536, 0.5099, 0.0698
13:53:05, 5.30, 159, 58.25, 350.83, 4.10, 0.8688, -0.0524, 0.4873, 0.0700
13:53:05, 5.33, 160, 55.12, 351.10, 4.27, 0.8819, -0.0516, 0.4635, 0.0688
13:53:05, 5.33, 160, 52.03, 351.41, 4.41, 0.8942, -0.0504, 0.4396, 0.0673
13:53:05, 5.37, 161, 48.96, 351.75, 4.40, 0.9059, -0.0496, 0.4155, 0.0647
13:53:05, 5.37, 161, 45.90, 352.10, 4.45, 0.9169, -0.0483, 0.3912, 0.0625
13:53:05, 5.37, 161, 42.86, 352.57, 4.38, 0.9273, -0.0464, 0.3667, 0.0591
13:53:05, 5.40, 162, 39.91, 353.07, 4.24, 0.9368, -0.0441, 0.3425, 0.0553
13:53:05, 5.40, 162, 37.03, 353.59, 4.04, 0.9455, -0.0418, 0.3187, 0.0511
13:53:05, 5.43, 163, 34.26, 354.00, 3.75, 0.9533, -0.0403, 0.2956, 0.0467
13:53:05, 5.43, 163, 31.63, 354.47, 3.41, 0.9602, -0.0383, 0.2735, 0.0418
13:53:05, 5.43, 163, 29.15, 354.64, 3.28, 0.9660, -0.0380, 0.2526, 0.0394
13:53:05, 5.47, 164, 26.94, 354.66, 3.24, 0.9707, -0.0387, 0.2338, 0.0383
13:53:05, 5.47, 164, 24.86, 354.56, 3.27, 0.9748, -0.0402, 0.2163, 0.0381
13:53:05, 5.50, 165, 22.97, 354.46, 3.25, 0.9782, -0.0417, 0.2002, 0.0374
13:53:05, 5.50, 165, 21.19, 354.51, 3.13, 0.9812, -0.0420, 0.1848, 0.0356
13:53:05, 5.53, 166, 19.51, 354.67, 3.03, 0.9839, -0.0413, 0.1704, 0.0339
13:53:05, 5.53, 166, 17.99, 354.84, 2.95, 0.9862, -0.0404, 0.1573, 0.0324
13:53:05, 5.53, 166, 16.63, 355.09, 2.88, 0.9881, -0.0387, 0.1455, 0.0310
13:53:05, 5.57, 167, 15.43, 355.14, 2.87, 0.9896, -0.0386, 0.1352, 0.0305
13:53:05, 5.57, 167, 14.42, 355.25, 2.89, 0.9908, -0.0380, 0.1264, 0.0302
13:53:05, 5.60, 168, 13.40, 355.31, 2.95, 0.9919, -0.0376, 0.1176, 0.0303
13:53:06, 5.60, 168, 12.59, 355.42, 2.95, 0.9927, -0.0369, 0.1105, 0.0299
13:53:06, 5.60, 168, 11.71, 355.49, 3.00, 0.9936, -0.0364, 0.1030, 0.0300
13:53:06, 5.63, 169, 10.81, 355.49, 2.96, 0.9944, -0.0367, 0.0951, 0.0294
13:53:06, 5.63, 169, 10.03, 355.47, 2.82, 0.9950, -0.0372, 0.0883, 0.0279
13:53:06, 5.67, 170, 9.37, 355.31, 2.72, 0.9955, -0.0388, 0.0825, 0.0270
13:53:06, 5.67, 170, 8.73, 355.15, 2.57, 0.9959, -0.0405, 0.0770, 0.0255
13:53:06, 5.70, 171, 8.18, 355.06, 2.39, 0.9962, -0.0415, 0.0722, 0.0239
13:53:06, 5.70, 171, 7.67, 355.04, 2.24, 0.9966, -0.0419, 0.0676, 0.0224
13:53:06, 5.70, 171, 7.26, 354.99, 2.01, 0.9968, -0.0425, 0.0640, 0.0202
13:53:06, 5.73, 172, 6.80, 354.98, 1.86, 0.9971, -0.0427, 0.0599, 0.0188
13:53:06, 5.73, 172, 6.39, 354.92, 1.64, 0.9973, -0.0435, 0.0563, 0.0168
13:53:06, 5.77, 173, 5.99, 354.81, 1.50, 0.9975, -0.0445, 0.0528, 0.0154
13:53:06, 5.77, 173, 5.64, 354.70, 1.32, 0.9976, -0.0456, 0.0496, 0.0137
13:53:06, 5.77, 173, 5.34, 354.62, 1.20, 0.9977, -0.0464, 0.0470, 0.0127
13:53:06, 5.80, 174, 5.16, 354.55, 1.11, 0.9978, -0.0471, 0.0454, 0.0118
13:53:06, 5.80, 174, 4.92, 354.52, 1.01, 0.9979, -0.0474, 0.0433, 0.0109
13:53:06, 5.83, 175, 4.70, 354.49, 1.00, 0.9979, -0.0476, 0.0414, 0.0107
13:53:06, 5.83, 175, 4.48, 354.48, 0.97, 0.9980, -0.0478, 0.0394, 0.0103
13:53:06, 5.87, 176, 4.18, 354.42, 0.94, 0.9981, -0.0483, 0.0368, 0.0099
13:53:06, 5.87, 176, 3.93, 354.36, 0.88, 0.9982, -0.0489, 0.0346, 0.0093
13:53:06, 5.87, 176, 3.68, 354.28, 0.84, 0.9982, -0.0497, 0.0324, 0.0090
13:53:06, 5.90, 177, 3.44, 354.23, 0.80, 0.9982, -0.0501, 0.0303, 0.0085
13:53:06, 5.90, 177, 3.18, 354.21, 0.77, 0.9983, -0.0503, 0.0281, 0.0082
13:53:06, 5.93, 178, 2.86, 354.20, 0.75, 0.9984, -0.0504, 0.0253, 0.0078
13:53:06, 5.93, 178, 2.54, 354.20, 0.72, 0.9984, -0.0505, 0.0224, 0.0074
13:53:06, 5.93, 178, 2.24, 354.21, 0.68, 0.9985, -0.0504, 0.0198, 0.0069
13:53:06, 5.97, 179, 1.93, 354.26, 0.63, 0.9986, -0.0500, 0.0171, 0.0063
13:53:06, 5.97, 179, 1.65, 354.25, 0.56, 0.9986, -0.0501, 0.0146, 0.0056
13:53:06, 6.00, 180, 1.41, 354.27, 0.49, 0.9987, -0.0499, 0.0125, 0.0049
13:53:06, 6.00, 180, 1.07, 354.31, 0.46, 0.9987, -0.0496, 0.0095, 0.0045
13:53:06, 6.03, 181, 0.77, 354.32, 0.39, 0.9987, -0.0496, 0.0069, 0.0038
13:53:06, 6.03, 181, 0.51, 354.31, 0.33, 0.9988, -0.0496, 0.0046, 0.0031
13:53:06, 6.03, 181, 0.27, 354.30, 0.30, 0.9988, -0.0497, 0.0025, 0.0028
13:53:06, 6.07, 182, 0.02, 354.31, 0.31, 0.9988, -0.0496, 0.0003, 0.0027
13:53:06, 6.07, 182, 359.78, 354.35, 0.30, 0.9988, -0.0493, -0.0017, 0.0026
13:53:06, 6.10, 183, 359.57, 354.41, 0.28, 0.9988, -0.0488, -0.0036, 0.0023
13:53:06, 6.10, 183, 359.38, 354.46, 0.24, 0.9988, -0.0483, -0.0053, 0.0019
13:53:06, 6.10, 183, 359.22, 354.55, 0.21, 0.9988, -0.0476, -0.0067, 0.0015
13:53:06, 6.13, 184, 359.08, 354.63, 0.17, 0.9989, -0.0468, -0.0080, 0.0011
13:53:06, 6.13, 184, 358.97, 354.69, 0.15, 0.9989, -0.0463, -0.0089, 0.0009
13:53:06, 6.17, 185, 358.95, 354.68, 0.14, 0.9989, -0.0464, -0.0091, 0.0008
13:53:06, 6.17, 185, 359.07, 354.62, 0.14, 0.9989, -0.0470, -0.0080, 0.0008
13:53:06, 6.20, 186, 359.27, 354.56, 0.19, 0.9989, -0.0475, -0.0063, 0.0014
13:53:06, 6.20, 186, 0.05, 354.43, 0.35, 0.9988, -0.0486, 0.0006, 0.0031
13:53:06, 6.20, 186, 0.93, 354.34, 0.48, 0.9987, -0.0494, 0.0083, 0.0046
13:53:06, 6.23, 187, 2.10, 354.30, 0.65, 0.9986, -0.0496, 0.0186, 0.0066
13:53:06, 6.23, 187, 3.64, 354.20, 0.80, 0.9982, -0.0503, 0.0320, 0.0086
13:53:06, 6.27, 188, 5.56, 354.09, 1.01, 0.9974, -0.0511, 0.0489, 0.0113
13:53:06, 6.27, 188, 7.70, 353.95, 1.19, 0.9963, -0.0519, 0.0676, 0.0138
13:53:06, 6.27, 188, 10.20, 353.74, 1.33, 0.9944, -0.0533, 0.0894, 0.0164
13:53:06, 6.30, 189, 13.03, 353.49, 1.49, 0.9918, -0.0550, 0.1140, 0.0193
13:53:06, 6.30, 189, 16.11, 353.23, 1.62, 0.9882, -0.0565, 0.1407, 0.0223
13:53:06, 6.33, 190, 19.39, 353.06, 1.72, 0.9837, -0.0571, 0.1689, 0.0250
13:53:06, 6.33, 190, 22.83, 352.91, 1.86, 0.9780, -0.0574, 0.1985, 0.0281
13:53:06, 6.37, 191, 26.46, 352.75, 1.93, 0.9711, -0.0577, 0.2294, 0.0308
13:53:06, 6.37, 191, 30.30, 352.64, 1.89, 0.9629, -0.0576, 0.2618, 0.0326
13:53:06, 6.37, 191, 34.30, 352.57, 1.87, 0.9531, -0.0571, 0.2953, 0.0347
13:53:06, 6.40, 192, 38.45, 352.52, 1.81, 0.9418, -0.0564, 0.3295, 0.0364
13:53:06, 6.40, 192, 42.61, 352.51, 1.82, 0.9292, -0.0551, 0.3635, 0.0385
13:53:06, 6.43, 193, 46.80, 352.54, 1.75, 0.9153, -0.0536, 0.3972, 0.0398
13:53:06, 6.43, 193, 50.94, 352.55, 1.81, 0.9003, -0.0518, 0.4300, 0.0422
13:53:06, 6.43, 193, 54.99, 352.57, 1.91, 0.8846, -0.0498, 0.4616, 0.0447
13:53:06, 6.47, 194, 58.97, 352.51, 1.90, 0.8680, -0.0487, 0.4920, 0.0466
13:53:06, 6.47, 194, 62.80, 352.39, 1.78, 0.8510, -0.0485, 0.5207, 0.0478
13:53:06, 6.50, 195, 66.48, 352.17, 1.70, 0.8338, -0.0490, 0.5476, 0.0498
13:53:06, 6.50, 195, 69.95, 352.02, 1.62, 0.8168, -0.0489, 0.5726, 0.0514
13:53:06, 6.53, 196, 73.27, 351.95, 1.65, 0.7998, -0.0478, 0.5960, 0.0534
13:53:06, 6.53, 196, 76.48, 351.96, 1.66, 0.7828, -0.0461, 0.6182, 0.0548
13:53:06, 6.53, 196, 79.57, 351.86, 1.65, 0.7658, -0.0453, 0.6390, 0.0564
13:53:06, 6.57, 197, 82.32, 351.80, 1.52, 0.7503, -0.0451, 0.6571, 0.0570
13:53:06, 6.57, 197, 84.93, 351.72, 1.36, 0.7351, -0.0452, 0.6740, 0.0575
13:53:07, 6.60, 198, 87.30, 351.64, 1.25, 0.7211, -0.0452, 0.6889, 0.0582
13:53:07, 6.60, 198, 89.44, 351.59, 1.03, 0.7081, -0.0458, 0.7022, 0.0580
13:53:07, 6.60, 198, 91.33, 351.57, 0.88, 0.6965, -0.0459, 0.7137, 0.0579
13:53:07, 6.63, 199, 93.04, 351.52, 0.69, 0.6859, -0.0465, 0.7239, 0.0578
13:53:07, 6.63, 199, 94.81, 351.48, 0.45, 0.6747, -0.0474, 0.7343, 0.0574
13:53:07, 6.67, 200, 96.39, 351.48, 0.11, 0.6647, -0.0488, 0.7434, 0.0560
13:53:07, 6.67, 200, 97.95, 351.43, 359.74, 0.6547, -0.0507, 0.7522, 0.0549
13:53:07, 6.70, 201, 99.39, 351.21, 359.39, 0.6453, -0.0536, 0.7601, 0.0550
13:53:07, 6.70, 201, 100.57, 351.06, 359.14, 0.6375, -0.0556, 0.7665, 0.0551
13:53:07, 6.70, 201, 101.51, 350.80, 358.98, 0.6311, -0.0576, 0.7715, 0.0565
13:53:07, 6.73, 202, 102.17, 350.61, 358.94, 0.6266, -0.0586, 0.7750, 0.0579
13:53:07, 6.73, 202, 102.77, 350.39, 358.97, 0.6225, -0.0593, 0.7781, 0.0599
13:53:07, 6.77, 203, 103.14, 350.18, 359.05, 0.6198, -0.0597, 0.7800, 0.0619
13:53:07, 6.77, 203, 103.36, 350.03, 359.04, 0.6182, -0.0604, 0.7811, 0.0630
13:53:07, 6.77, 203, 103.54, 349.97, 359.05, 0.6170, -0.0606, 0.7821, 0.0636
13:53:07, 6.80, 204, 103.64, 349.86, 359.07, 0.6162, -0.0610, 0.7826, 0.0645
13:53:07, 6.80, 204, 103.67, 349.85, 359.10, 0.6160, -0.0609, 0.7827, 0.0647
13:53:07, 6.83, 205, 103.60, 349.85, 359.14, 0.6165, -0.0606, 0.7823, 0.0649
13:53:07, 6.83, 205, 103.52, 349.90, 359.24, 0.6170, -0.0597, 0.7820, 0.0650
13:53:07, 6.87, 206, 103.41, 350.01, 359.33, 0.6178, -0.0585, 0.7815, 0.0647
13:53:07, 6.87, 206, 103.29, 350.14, 359.53, 0.6185, -0.0565, 0.7810, 0.0649
13:53:07, 6.87, 206, 103.10, 350.28, 359.74, 0.6197, -0.0545, 0.7802, 0.0650
13:53:07, 6.90, 207, 102.96, 350.39, 359.95, 0.6206, -0.0525, 0.7796, 0.0653
13:53:07, 6.90, 207, 102.86, 350.47, 0.11, 0.6212, -0.0510, 0.7792, 0.0656
13:53:07, 6.93, 208, 102.89, 350.53, 0.21, 0.6210, -0.0500, 0.7794, 0.0657
13:53:07, 6.93, 208, 103.02, 350.55, 0.22, 0.6202, -0.0498, 0.7801, 0.0657
13:53:07, 6.93, 208, 103.18, 350.57, 0.21, 0.6190, -0.0496, 0.7810, 0.0655
13:53:07, 6.97, 209, 103.40, 350.55, 0.18, 0.6175, -0.0498, 0.7822, 0.0656
13:53:07, 6.97, 209, 103.63, 350.50, 0.20, 0.6160, -0.0499, 0.7834, 0.0662
13:53:07, 7.00, 210, 103.92, 350.47, 0.22, 0.6139, -0.0497, 0.7850, 0.0666
13:53:07, 7.00, 210, 104.24, 350.42, 0.23, 0.6117, -0.0497, 0.7866, 0.0671
13:53:07, 7.03, 211, 104.61, 350.39, 0.28, 0.6091, -0.0493, 0.7886, 0.0677
13:53:07, 7.03, 211, 104.94, 350.36, 0.34, 0.6068, -0.0489, 0.7904, 0.0684
13:53:07, 7.03, 211, 105.23, 350.40, 0.48, 0.6048, -0.0475, 0.7920, 0.0691
13:53:07, 7.07, 212, 105.53, 350.43, 0.59, 0.6026, -0.0464, 0.7936, 0.0695
13:53:07, 7.07, 212, 105.82, 350.49, 0.69, 0.6006, -0.0452, 0.7952, 0.0698
13:53:07, 7.10, 213, 106.10, 350.52, 0.75, 0.5986, -0.0445, 0.7968, 0.0699
13:53:07, 7.10, 213, 106.36, 350.57, 0.81, 0.5968, -0.0437, 0.7981, 0.0700
13:53:07, 7.10, 213, 106.61, 350.60, 0.89, 0.5950, -0.0428, 0.7995, 0.0703
13:53:07, 7.13, 214, 106.86, 350.63, 0.89, 0.5933, -0.0424, 0.8008, 0.0702
13:53:07, 7.13, 214, 107.13, 350.66, 0.85, 0.5914, -0.0424, 0.8022, 0.0699
13:53:07, 7.17, 215, 107.48, 350.70, 0.76, 0.5891, -0.0426, 0.8040, 0.0693
13:53:07, 7.17, 215, 107.82, 350.67, 0.74, 0.5867, -0.0427, 0.8057, 0.0695
13:53:07, 7.20, 216, 108.10, 350.66, 0.74, 0.5847, -0.0426, 0.8072, 0.0697
13:53:07, 7.20, 216, 108.41, 350.63, 0.70, 0.5826, -0.0428, 0.8087, 0.0698
13:53:07, 7.20, 216, 108.66, 350.65, 0.65, 0.5808, -0.0429, 0.8100, 0.0695
13:53:07, 7.23, 217, 108.87, 350.70, 0.62, 0.5793, -0.0428, 0.8110, 0.0691
13:53:07, 7.23, 217, 109.08, 350.79, 0.60, 0.5779, -0.0423, 0.8121, 0.0684
13:53:07, 7.27, 218, 109.24, 350.85, 0.59, 0.5768, -0.0420, 0.8130, 0.0680
13:53:07, 7.27, 218, 109.38, 350.89, 0.61, 0.5758, -0.0416, 0.8137, 0.0678
13:53:07, 7.27, 218, 109.52, 350.97, 0.60, 0.5749, -0.0411, 0.8144, 0.0673
13:53:07, 7.30, 219, 109.60, 351.03, 0.64, 0.5743, -0.0405, 0.8149, 0.0671
13:53:07, 7.30, 219, 109.71, 351.11, 0.72, 0.5735, -0.0395, 0.8155, 0.0670
13:53:07, 7.33, 220, 109.79, 351.18, 0.78, 0.5729, -0.0387, 0.8160, 0.0668
13:53:07, 7.33, 220, 109.87, 351.27, 0.87, 0.5724, -0.0376, 0.8164, 0.0666
13:53:07, 7.37, 221, 109.92, 351.37, 0.97, 0.5720, -0.0362, 0.8167, 0.0664
13:53:07, 7.37, 221, 109.95, 351.46, 1.07, 0.5717, -0.0351, 0.8170, 0.0664
13:53:07, 7.37, 221, 109.98, 351.56, 1.17, 0.5716, -0.0339, 0.8172, 0.0662
13:53:07, 7.40, 222, 110.00, 351.62, 1.24, 0.5714, -0.0331, 0.8173, 0.0660
13:53:07, 7.40, 222, 110.05, 351.68, 1.28, 0.5710, -0.0325, 0.8177, 0.0658
13:53:07, 7.43, 223, 110.11, 351.74, 1.32, 0.5706, -0.0319, 0.8180, 0.0656
13:53:07, 7.43, 223, 110.15, 351.76, 1.34, 0.5703, -0.0316, 0.8182, 0.0656
13:53:07, 7.43, 223, 110.23, 351.81, 1.34, 0.5697, -0.0313, 0.8186, 0.0653
13:53:07, 7.47, 224, 110.32, 351.81, 1.37, 0.5691, -0.0310, 0.8191, 0.0654
13:53:07, 7.47, 224, 110.42, 351.82, 1.36, 0.5684, -0.0309, 0.8196, 0.0653
13:53:07, 7.50, 225, 110.51, 351.83, 1.36, 0.5678, -0.0309, 0.8200, 0.0653
13:53:07, 7.50, 225, 110.59, 351.84, 1.37, 0.5672, -0.0307, 0.8204, 0.0653
13:53:07, 7.53, 226, 110.67, 351.90, 1.35, 0.5666, -0.0305, 0.8209, 0.0648
13:53:07, 7.53, 226, 110.74, 351.94, 1.32, 0.5662, -0.0304, 0.8212, 0.0644
13:53:07, 7.53, 226, 110.80, 352.00, 1.32, 0.5658, -0.0301, 0.8215, 0.0639
13:53:07, 7.57, 227, 110.87, 352.05, 1.32, 0.5653, -0.0299, 0.8219, 0.0636
13:53:07, 7.57, 227, 110.94, 352.09, 1.32, 0.5648, -0.0296, 0.8223, 0.0634
13:53:08, 7.60, 228, 110.98, 352.13, 1.38, 0.5645, -0.0290, 0.8225, 0.0634
13:53:08, 7.60, 228, 111.05, 352.15, 1.41, 0.5640, -0.0287, 0.8228, 0.0634
13:53:08, 7.63, 229, 111.15, 352.17, 1.42, 0.5632, -0.0284, 0.8234, 0.0633
13:53:08, 7.63, 229, 111.23, 352.24, 1.40, 0.5627, -0.0281, 0.8238, 0.0628
13:53:08, 7.63, 229, 111.30, 352.29, 1.42, 0.5622, -0.0277, 0.8242, 0.0625
13:53:08, 7.67, 230, 111.38, 352.34, 1.42, 0.5617, -0.0275, 0.8245, 0.0621
13:53:08, 7.67, 230, 111.44, 352.35, 1.42, 0.5613, -0.0273, 0.8248, 0.0621
13:53:08, 7.70, 231, 111.50, 352.40, 1.43, 0.5608, -0.0270, 0.8252, 0.0618
13:53:08, 7.70, 231, 111.57, 352.42, 1.44, 0.5603, -0.0268, 0.8255, 0.0617
13:53:08, 7.70, 231, 111.61, 352.45, 1.42, 0.5600, -0.0267, 0.8257, 0.0614
13:53:08, 7.73, 232, 111.68, 352.49, 1.42, 0.5596, -0.0266, 0.8261, 0.0611
13:53:08, 7.73, 232, 111.75, 352.54, 1.41, 0.5591, -0.0263, 0.8264, 0.0607
13:53:08, 7.77, 233, 111.77, 352.58, 1.43, 0.5589, -0.0260, 0.8266, 0.0605
13:53:08, 7.77, 233, 111.79, 352.62, 1.45, 0.5588, -0.0257, 0.8267, 0.0604
13:53:08, 7.77, 233, 111.81, 352.67, 1.48, 0.5587, -0.0251, 0.8268, 0.0601
13:53:08, 7.80, 234, 111.83, 352.73, 1.48, 0.5585, -0.0249, 0.8270, 0.0597
13:53:08, 7.80, 234, 111.86, 352.77, 1.52, 0.5583, -0.0243, 0.8271, 0.0597
13:53:08, 7.83, 235, 111.93, 352.84, 1.53, 0.5579, -0.0239, 0.8275, 0.0592
13:53:08, 7.83, 235, 112.02, 352.90, 1.51, 0.5573, -0.0237, 0.8279, 0.0587
13:53:08, 7.87, 236, 112.10, 352.93, 1.54, 0.5567, -0.0233, 0.8283, 0.0587
13:53:08, 7.87, 236, 112.17, 352.95, 1.56, 0.5561, -0.0230, 0.8287, 0.0586
13:53:08, 7.87, 236, 112.23, 353.02, 1.58, 0.5557, -0.0225, 0.8290, 0.0582
13:53:08, 7.90, 237, 112.29, 353.06, 1.57, 0.5554, -0.0223, 0.8293, 0.0579
13:53:08, 7.90, 237, 112.34, 353.17, 1.55, 0.5551, -0.0220, 0.8296, 0.0570
13:53:08, 7.93, 238, 112.41, 353.26, 1.56, 0.5546, -0.0215, 0.8300, 0.0564
13:53:08, 7.93, 238, 112.45, 353.36, 1.57, 0.5543, -0.0208, 0.8302, 0.0557
13:53:08, 7.93, 238, 112.49, 353.42, 1.54, 0.5540, -0.0207, 0.8304, 0.0552
13:53:08, 7.97, 239, 112.58, 353.49, 1.55, 0.5534, -0.0202, 0.8309, 0.0547
13:53:08, 7.97, 239, 112.62, 353.56, 1.57, 0.5531, -0.0198, 0.8311, 0.0543
13:53:08, 8.00, 240, 112.67, 353.60, 1.56, 0.5528, -0.0196, 0.8313, 0.0540
13:53:08, 8.00, 240, 112.72, 353.62, 1.60, 0.5524, -0.0192, 0.8316, 0.0540
13:53:08, 8.03, 241, 112.76, 353.63, 1.62, 0.5521, -0.0191, 0.8318, 0.0541
13:53:08, 8.03, 241, 112.82, 353.64, 1.62, 0.5517, -0.0189, 0.8321, 0.0540
13:53:08, 8.03, 241, 112.88, 353.63, 1.64, 0.5513, -0.0188, 0.8324, 0.0542
13:53:08, 8.07, 242, 112.99, 353.65, 1.64, 0.5504, -0.0187, 0.8329, 0.0541
13:53:08, 8.07, 242, 113.12, 353.68, 1.64, 0.5495, -0.0185, 0.8336, 0.0539
13:53:08, 8.10, 243, 113.28, 353.69, 1.68, 0.5483, -0.0181, 0.8343, 0.0540
13:53:08, 8.10, 243, 113.43, 353.68, 1.72, 0.5472, -0.0178, 0.8350, 0.0543
13:53:08, 8.10, 243, 113.60, 353.65, 1.74, 0.5460, -0.0177, 0.8358, 0.0547
13:53:08, 8.13, 244, 113.76, 353.68, 1.74, 0.5448, -0.0174, 0.8366, 0.0545
13:53:08, 8.13, 244, 113.92, 353.68, 1.77, 0.5436, -0.0171, 0.8374, 0.0546
13:53:08, 8.17, 245, 114.07, 353.71, 1.81, 0.5425, -0.0166, 0.8381, 0.0546
13:53:08, 8.17, 245, 114.19, 353.77, 1.81, 0.5417, -0.0163, 0.8387, 0.0542
13:53:08, 8.20, 246, 114.30, 353.81, 1.80, 0.5409, -0.0161, 0.8392, 0.0539
13:53:08, 8.20, 246, 114.39, 353.88, 1.78, 0.5402, -0.0159, 0.8397, 0.0532
13:53:08, 8.20, 246, 114.45, 353.94, 1.75, 0.5398, -0.0158, 0.8400, 0.0527
13:53:08, 8.23, 247, 114.51, 353.97, 1.75, 0.5394, -0.0156, 0.8403, 0.0524
13:53:08, 8.23, 247, 114.58, 354.01, 1.73, 0.5389, -0.0155, 0.8406, 0.0521
13:53:08, 8.27, 248, 114.65, 354.01, 1.72, 0.5384, -0.0156, 0.8409, 0.0520
13:53:08, 8.27, 248, 114.71, 354.02, 1.70, 0.5380, -0.0157, 0.8412, 0.0520
13:53:08, 8.27, 248, 114.77, 354.01, 1.70, 0.5376, -0.0156, 0.8415, 0.0520
13:53:08, 8.30, 249, 114.80, 354.01, 1.72, 0.5373, -0.0155, 0.8416, 0.0521
13:53:08, 8.30, 249, 114.84, 353.98, 1.73, 0.5370, -0.0156, 0.8418, 0.0523
13:53:08, 8.33, 250, 114.88, 353.97, 1.73, 0.5367, -0.0156, 0.8420, 0.0525
13:53:08, 8.33, 250, 114.93, 353.96, 1.71, 0.5364, -0.0158, 0.8422, 0.0524
13:53:08, 8.37, 251, 114.94, 353.95, 1.74, 0.5363, -0.0156, 0.8422, 0.0527
13:53:08, 8.37, 251, 114.94, 353.96, 1.76, 0.5362, -0.0154, 0.8423, 0.0527
13:53:08, 8.37, 251, 114.96, 353.94, 1.77, 0.5361, -0.0154, 0.8424, 0.0529
13:53:08, 8.40, 252, 114.99, 353.92, 1.77, 0.5358, -0.0155, 0.8425, 0.0530
13:53:08, 8.40, 252, 114.99, 353.90, 1.80, 0.5358, -0.0154, 0.8425, 0.0533
13:53:08, 8.43, 253, 114.98, 353.93, 1.81, 0.5360, -0.0151, 0.8424, 0.0531
13:53:08, 8.43, 253, 114.97, 353.93, 1.84, 0.5360, -0.0150, 0.8424, 0.0533
13:53:08, 8.43, 253, 114.91, 353.96, 1.87, 0.5364, -0.0146, 0.8421, 0.0532
13:53:08, 8.47, 254, 114.90, 353.99, 1.91, 0.5365, -0.0142, 0.8421, 0.0532
13:53:08, 8.47, 254, 114.84, 354.03, 1.92, 0.5369, -0.0140, 0.8418, 0.0529
13:53:08, 8.50, 255, 114.75, 354.06, 1.94, 0.5376, -0.0137, 0.8414, 0.0528
13:53:08, 8.50, 255, 114.66, 354.10, 1.98, 0.5383, -0.0132, 0.8410, 0.0527
13:53:08, 8.53, 256, 114.55, 354.17, 2.00, 0.5391, -0.0128, 0.8405, 0.0522
13:53:08, 8.53, 256, 114.42, 354.26, 2.02, 0.5400, -0.0123, 0.8400, 0.0516
13:53:08, 8.53, 256, 114.32, 354.35, 2.03, 0.5408, -0.0119, 0.8395, 0.0510
13:53:08, 8.57, 257, 114.16, 354.43, 2.04, 0.5420, -0.0115, 0.8388, 0.0504
13:53:08, 8.57, 257, 113.99, 354.51, 2.04, 0.5433, -0.0111, 0.8380, 0.0499
13:53:09, 8.60, 258, 113.80, 354.61, 2.10, 0.5447, -0.0104, 0.8371, 0.0494
13:53:09, 8.60, 258, 113.63, 354.62, 2.12, 0.5459, -0.0102, 0.8363, 0.0494
13:53:09, 8.60, 258, 113.50, 354.66, 2.13, 0.5469, -0.0100, 0.8357, 0.0491
13:53:09, 8.63, 259, 113.39, 354.76, 2.07, 0.5477, -0.0100, 0.8352, 0.0481
13:53:09, 8.63, 259, 113.29, 354.92, 1.92, 0.5486, -0.0104, 0.8347, 0.0462
13:53:09, 8.67, 260, 113.23, 355.16, 1.69, 0.5492, -0.0110, 0.8345, 0.0434
13:53:09, 8.67, 260, 113.25, 355.42, 1.42, 0.5492, -0.0116, 0.8346, 0.0402
13:53:09, 8.70, 261, 113.39, 355.61, 1.15, 0.5484, -0.0127, 0.8353, 0.0375
13:53:09, 8.70, 261, 113.60, 355.70, 0.87, 0.5469, -0.0142, 0.8363, 0.0356
13:53:09, 8.70, 261, 113.85, 355.63, 0.74, 0.5451, -0.0154, 0.8375, 0.0354
13:53:09, 8.73, 262, 114.19, 355.50, 0.66, 0.5426, -0.0165, 0.8390, 0.0361
13:53:09, 8.73, 262, 114.50, 355.41, 0.64, 0.5403, -0.0170, 0.8405, 0.0367
13:53:09, 8.77, 263, 114.92, 355.24, 0.60, 0.5372, -0.0180, 0.8424, 0.0378
13:53:09, 8.77, 263, 115.34, 355.15, 0.53, 0.5341, -0.0187, 0.8443, 0.0382
13:53:09, 8.77, 263, 115.77, 355.18, 0.37, 0.5310, -0.0196, 0.8463, 0.0373
13:53:09, 8.80, 264, 116.16, 355.19, 0.36, 0.5281, -0.0195, 0.8481, 0.0372
13:53:09, 8.80, 264, 116.54, 355.06, 0.31, 0.5253, -0.0203, 0.8498, 0.0381
13:53:09, 8.83, 265, 116.85, 355.09, 0.10, 0.5231, -0.0217, 0.8512, 0.0370
13:53:09, 8.83, 265, 117.13, 355.18, 359.85, 0.5211, -0.0230, 0.8524, 0.0352
13:53:09, 8.87, 266, 117.36, 355.40, 359.50, 0.5196, -0.0246, 0.8535, 0.0320
13:53:09, 8.87, 266, 117.44, 355.80, 358.98, 0.5191, -0.0267, 0.8539, 0.0267
13:53:09, 8.87, 266, 117.24, 356.38, 358.38, 0.5208, -0.0285, 0.8530, 0.0196
13:53:09, 8.90, 267, 116.78, 357.04, 357.79, 0.5243, -0.0300, 0.8509, 0.0119
13:53:09, 8.90, 267, 116.12, 357.89, 357.28, 0.5291, -0.0299, 0.8480, 0.0030
13:53:09, 8.93, 268, 115.30, 358.78, 356.69, 0.5351, -0.0300, 0.8442, -0.0065
13:53:09, 8.93, 268, 114.44, 359.54, 356.19, 0.5412, -0.0301, 0.8402, -0.0147
13:53:09, 8.93, 268, 113.59, 0.01, 355.65, 0.5472, -0.0317, 0.8361, -0.0209
13:53:09, 8.97, 269, 112.90, 0.26, 355.20, 0.5521, -0.0337, 0.8327, -0.0251
13:53:09, 8.97, 269, 112.18, 0.22, 354.72, 0.5572, -0.0372, 0.8291, -0.0273
13:53:09, 9.00, 270, 111.73, 0.08, 354.39, 0.5605, -0.0401, 0.8267, -0.0280
13:53:09, 9.00, 270, 111.36, 0.10, 354.01, 0.5630, -0.0427, 0.8248, -0.0302
13:53:09, 9.03, 271, 111.14, 0.08, 353.73, 0.5645, -0.0447, 0.8236, -0.0315
13:53:09, 9.03, 271, 111.12, 0.03, 353.46, 0.5646, -0.0469, 0.8234, -0.0324
13:53:09, 9.03, 271, 111.28, 359.93, 353.43, 0.5635, -0.0476, 0.8241, -0.0319
13:53:09, 9.07, 272, 111.52, 359.76, 353.40, 0.5618, -0.0487, 0.8252, -0.0307
13:53:09, 9.07, 272, 111.90, 359.49, 353.38, 0.5592, -0.0503, 0.8270, -0.0286
13:53:09, 9.10, 273, 112.45, 359.24, 353.42, 0.5553, -0.0514, 0.8296, -0.0264
13:53:09, 9.10, 273, 113.15, 358.97, 353.51, 0.5503, -0.0522, 0.8330, -0.0237
13:53:09, 9.10, 273, 114.01, 358.76, 353.62, 0.5442, -0.0526, 0.8370, -0.0212
13:53:09, 9.13, 274, 114.99, 358.43, 353.76, 0.5371, -0.0532, 0.8416, -0.0177
13:53:09, 9.13, 274, 116.03, 358.15, 353.86, 0.5296, -0.0539, 0.8464, -0.0146
13:53:09, 9.17, 275, 117.11, 357.91, 353.99, 0.5217, -0.0542, 0.8514, -0.0118
13:53:09, 9.17, 275, 118.25, 357.78, 354.22, 0.5133, -0.0532, 0.8565, -0.0093
13:53:09, 9.20, 276, 119.28, 357.61, 354.44, 0.5056, -0.0524, 0.8612, -0.0065
13:53:09, 9.20, 276, 120.26, 357.60, 354.73, 0.4982, -0.0503, 0.8656, -0.0048
13:53:09, 9.20, 276, 121.12, 357.59, 354.89, 0.4917, -0.0492, 0.8694, -0.0036
13:53:09, 9.23, 277, 121.83, 357.80, 355.06, 0.4863, -0.0470, 0.8725, -0.0042
13:53:09, 9.23, 277, 122.24, 358.12, 355.26, 0.4831, -0.0441, 0.8744, -0.0057
13:53:09, 9.27, 278, 122.48, 358.32, 355.46, 0.4812, -0.0418, 0.8756, -0.0062
13:53:09, 9.27, 278, 122.58, 358.38, 355.56, 0.4805, -0.0408, 0.8760, -0.0062
13:53:09, 9.27, 278, 122.48, 358.23, 355.63, 0.4812, -0.0409, 0.8756, -0.0048
13:53:09, 9.30, 279, 122.30, 358.01, 355.56, 0.4827, -0.0423, 0.8748, -0.0035
13:53:09, 9.30, 279, 122.16, 357.74, 355.45, 0.4838, -0.0443, 0.8741, -0.0019
13:53:09, 9.33, 280, 122.05, 357.46, 355.30, 0.4847, -0.0466, 0.8734, -0.0004
13:53:09, 9.33, 280, 122.02, 357.19, 355.14, 0.4850, -0.0490, 0.8732, 0.0009
13:53:09, 9.37, 281, 121.98, 356.93, 354.98, 0.4853, -0.0512, 0.8728, 0.0022
13:53:09, 9.37, 281, 121.98, 356.71, 354.92, 0.4854, -0.0527, 0.8727, 0.0036
13:53:09, 9.37, 281, 122.02, 356.45, 354.95, 0.4851, -0.0536, 0.8728, 0.0057
13:53:09, 9.40, 282, 122.05, 356.18, 355.06, 0.4849, -0.0538, 0.8729, 0.0083
13:53:09, 9.40, 282, 122.10, 355.89, 355.24, 0.4846, -0.0537, 0.8730, 0.0113
13:53:09, 9.43, 283, 122.15, 355.63, 355.44, 0.4842, -0.0532, 0.8732, 0.0141
13:53:09, 9.43, 283, 122.19, 355.38, 355.61, 0.4839, -0.0529, 0.8733, 0.0168
13:53:09, 9.43, 283, 122.27, 355.18, 355.75, 0.4834, -0.0527, 0.8736, 0.0189
13:53:09, 9.47, 284, 122.30, 355.10, 355.90, 0.4831, -0.0519, 0.8738, 0.0202
13:53:09, 9.47, 284, 122.29, 355.10, 356.21, 0.4831, -0.0495, 0.8739, 0.0215
13:53:09, 9.50, 285, 122.20, 355.22, 356.61, 0.4838, -0.0460, 0.8737, 0.0222
13:53:09, 9.50, 285, 122.04, 355.42, 357.04, 0.4849, -0.0419, 0.8733, 0.0225
13:53:09, 9.53, 286, 121.84, 355.51, 357.43, 0.4863, -0.0386, 0.8726, 0.0233
13:53:09, 9.53, 286, 121.62, 355.68, 357.69, 0.4879, -0.0360, 0.8718, 0.0231
13:53:09, 9.53, 286, 121.39, 355.83, 357.81, 0.4896, -0.0345, 0.8710, 0.0224
13:53:09, 9.57, 287, 121.23, 355.93, 357.77, 0.4909, -0.0344, 0.8703, 0.0214
13:53:09, 9.57, 287, 121.07, 356.00, 357.64, 0.4921, -0.0351, 0.8696, 0.0203
13:53:10, 9.60, 288, 120.98, 356.01, 357.48, 0.4928, -0.0362, 0.8692, 0.0195
13:53:10, 9.60, 288, 120.91, 355.99, 357.32, 0.4934, -0.0376, 0.8688, 0.0189
13:53:10, 9.60, 288, 120.82, 355.95, 357.23, 0.4941, -0.0385, 0.8683, 0.0188
13:53:10, 9.63, 289, 120.70, 355.90, 357.14, 0.4950, -0.0394, 0.8678, 0.0187
13:53:10, 9.63, 289, 120.55, 355.84, 357.10, 0.4961, -0.0400, 0.8671, 0.0190
13:53:10, 9.67, 290, 120.38, 355.74, 357.14, 0.4974, -0.0401, 0.8664, 0.0198
13:53:10, 9.67, 290, 120.19, 355.66, 357.16, 0.4988, -0.0403, 0.8655, 0.0205
13:53:10, 9.70, 291, 119.95, 355.54, 357.29, 0.5006, -0.0399, 0.8645, 0.0219
13:53:10, 9.70, 291, 119.72, 355.38, 357.41, 0.5024, -0.0397, 0.8634, 0.0235
13:53:10, 9.70, 291, 119.46, 355.24, 357.53, 0.5043, -0.0396, 0.8623, 0.0250
13:53:10, 9.73, 292, 119.16, 355.05, 357.70, 0.5065, -0.0391, 0.8609, 0.0271
13:53:10, 9.73, 292, 118.83, 354.92, 357.90, 0.5089, -0.0383, 0.8595, 0.0288
13:53:10, 9.77, 293, 118.43, 354.79, 358.17, 0.5119, -0.0369, 0.8577, 0.0309
13:53:10, 9.77, 293, 118.02, 354.64, 358.46, 0.5148, -0.0356, 0.8559, 0.0332
13:53:10, 9.77, 293, 117.59, 354.51, 358.79, 0.5179, -0.0338, 0.8540, 0.0355
13:53:10, 9.80, 294, 117.11, 354.38, 359.08, 0.5214, -0.0324, 0.8519, 0.0376
13:53:10, 9.80, 294, 116.63, 354.26, 359.34, 0.5248, -0.0312, 0.8497, 0.0396
13:53:10, 9.83, 295, 116.24, 354.05, 359.55, 0.5276, -0.0308, 0.8479, 0.0420
13:53:10, 9.83, 295, 115.76, 354.03, 359.66, 0.5311, -0.0302, 0.8457, 0.0426
13:53:10, 9.87, 296, 115.34, 353.95, 359.81, 0.5341, -0.0296, 0.8438, 0.0437
13:53:10, 9.87, 296, 114.80, 353.86, 0.01, 0.5380, -0.0288, 0.8413, 0.0452
13:53:10, 9.87, 296, 114.32, 353.66, 0.15, 0.5414, -0.0289, 0.8390, 0.0472
13:53:10, 9.90, 297, 113.90, 353.50, 0.22, 0.5444, -0.0293, 0.8369, 0.0485
13:53:10, 9.90, 297, 113.55, 353.28, 0.10, 0.5470, -0.0314, 0.8351, 0.0495
13:53:10, 9.93, 298, 113.28, 353.11, 0.00, 0.5489, -0.0331, 0.8337, 0.0502
13:53:10, 9.93, 298, 113.03, 352.96, 359.85, 0.5508, -0.0350, 0.8324, 0.0505
13:53:10, 9.93, 298, 112.76, 352.85, 359.82, 0.5527, -0.0358, 0.8310, 0.0510
13:53:10, 9.97, 299, 112.54, 352.74, 359.71, 0.5543, -0.0373, 0.8299, 0.0513
13:53:10, 9.97, 299, 112.31, 352.57, 359.64, 0.5559, -0.0387, 0.8287, 0.0521
