Timestamp, VideoTime, VideoFrame, HeadYaw, HeadPitch, HeadRoll, HeadQuatW, HeadQuatX, HeadQuatY, HeadQuatZ
13:54:03, 0.00, 0, 348.89, 353.84, 359.14, 0.9938, -0.0528, -0.0971, -0.0127
13:54:03, 0.03, 1, 349.28, 353.63, 359.11, 0.9940, -0.0546, -0.0937, -0.0129
13:54:03, 0.03, 1, 349.68, 353.40, 359.11, 0.9942, -0.0566, -0.0903, -0.0129
13:54:03, 0.03, 1, 349.93, 353.21, 359.13, 0.9943, -0.0583, -0.0881, -0.0127
13:54:03, 0.07, 2, 350.18, 353.00, 359.25, 0.9944, -0.0603, -0.0858, -0.0117
13:54:03, 0.07, 2, 350.35, 352.81, 359.36, 0.9945, -0.0620, -0.0843, -0.0109
13:54:03, 0.10, 3, 350.54, 352.62, 359.46, 0.9945, -0.0637, -0.0826, -0.0100
13:54:03, 0.10, 3, 350.63, 352.37, 359.60, 0.9944, -0.0660, -0.0817, -0.0089
13:54:03, 0.10, 3, 350.70, 352.10, 359.72, 0.9943, -0.0684, -0.0810, -0.0080
13:54:03, 0.13, 4, 350.75, 351.79, 359.83, 0.9942, -0.0712, -0.0806, -0.0072
13:54:03, 0.13, 4, 350.68, 351.52, 359.94, 0.9940, -0.0736, -0.0811, -0.0066
13:54:03, 0.17, 5, 350.63, 351.21, 0.06, 0.9937, -0.0765, -0.0814, -0.0057
13:54:03, 0.17, 5, 350.49, 350.94, 0.18, 0.9935, -0.0788, -0.0825, -0.0050
13:54:03, 0.17, 5, 350.35, 350.74, 0.24, 0.9932, -0.0806, -0.0837, -0.0047
13:54:03, 0.20, 6, 350.16, 350.49, 0.30, 0.9929, -0.0828, -0.0852, -0.0045
13:54:03, 0.20, 6, 349.98, 350.22, 0.33, 0.9926, -0.0851, -0.0868, -0.0046
13:54:03, 0.23, 7, 349.74, 350.03, 0.35, 0.9923, -0.0868, -0.0888, -0.0047
13:54:03, 0.23, 7, 349.50, 349.85, 0.28, 0.9919, -0.0883, -0.0909, -0.0057
13:54:03, 0.27, 8, 349.25, 349.71, 0.18, 0.9916, -0.0894, -0.0932, -0.0069
13:54:03, 0.27, 8, 349.04, 349.62, 0.03, 0.9913, -0.0901, -0.0951, -0.0084
13:54:03, 0.27, 8, 348.86, 349.66, 359.84, 0.9912, -0.0896, -0.0968, -0.0102
13:54:03, 0.30, 9, 348.71, 349.77, 359.59, 0.9912, -0.0884, -0.0983, -0.0123
13:54:03, 0.30, 9, 348.61, 349.97, 359.31, 0.9912, -0.0863, -0.0994, -0.0146
13:54:03, 0.33, 10, 348.48, 350.04, 359.11, 0.9911, -0.0856, -0.1006, -0.0164
13:54:03, 0.33, 10, 348.35, 350.20, 358.86, 0.9911, -0.0839, -0.1019, -0.0185
13:54:03, 0.33, 10, 348.21, 350.39, 358.63, 0.9910, -0.0821, -0.1033, -0.0205
13:54:03, 0.37, 11, 348.11, 350.59, 358.40, 0.9911, -0.0801, -0.1044, -0.0224
13:54:03, 0.37, 11, 347.99, 350.81, 358.18, 0.9911, -0.0780, -0.1056, -0.0242
13:54:03, 0.40, 12, 347.95, 351.04, 357.95, 0.9911, -0.0758, -0.1060, -0.0259
13:54:03, 0.40, 12, 347.90, 351.29, 357.80, 0.9912, -0.0735, -0.1065, -0.0270
13:54:03, 0.43, 13, 347.87, 351.51, 357.65, 0.9913, -0.0714, -0.1069, -0.0281
13:54:03, 0.43, 13, 347.82, 351.68, 357.55, 0.9914, -0.0698, -0.1073, -0.0289
13:54:03, 0.43, 13, 347.80, 351.81, 357.47, 0.9914, -0.0686, -0.1076, -0.0295
13:54:03, 0.47, 14, 347.81, 351.91, 357.40, 0.9914, -0.0677, -0.1075, -0.0300
13:54:03, 0.47, 14, 347.80, 351.99, 357.38, 0.9915, -0.0670, -0.1076, -0.0301
13:54:03, 0.50, 15, 347.84, 352.07, 357.35, 0.9916, -0.0663, -0.1072, -0.0303
13:54:03, 0.50, 15, 347.91, 352.12, 357.35, 0.9917, -0.0659, -0.1066, -0.0301
13:54:03, 0.50, 15, 348.03, 352.07, 357.34, 0.9917, -0.0663, -0.1056, -0.0303
13:54:03, 0.53, 16, 348.19, 351.96, 357.34, 0.9918, -0.0674, -0.1042, -0.0302
13:54:03, 0.53, 16, 348.41, 351.69, 357.31, 0.9918, -0.0697, -0.1023, -0.0306
13:54:03, 0.57, 17, 348.69, 351.38, 357.29, 0.9919, -0.0724, -0.1000, -0.0309
13:54:03, 0.57, 17, 349.03, 351.13, 357.23, 0.9920, -0.0746, -0.0972, -0.0313
13:54:03, 0.60, 18, 349.37, 350.97, 357.15, 0.9921, -0.0761, -0.0942, -0.0320
13:54:03, 0.60, 18, 349.78, 350.86, 357.13, 0.9924, -0.0771, -0.0907, -0.0320
13:54:03, 0.60, 18, 350.14, 350.74, 357.10, 0.9926, -0.0783, -0.0877, -0.0320
13:54:03, 0.63, 19, 350.56, 350.65, 357.10, 0.9928, -0.0791, -0.0841, -0.0318
13:54:03, 0.63, 19, 350.99, 350.63, 357.11, 0.9931, -0.0794, -0.0803, -0.0315
13:54:03, 0.67, 20, 351.39, 350.62, 357.07, 0.9934, -0.0796, -0.0769, -0.0315
13:54:03, 0.67, 20, 351.77, 350.61, 357.12, 0.9936, -0.0798, -0.0735, -0.0308
13:54:03, 0.67, 20, 352.16, 350.69, 357.19, 0.9939, -0.0793, -0.0701, -0.0300
13:54:03, 0.70, 21, 352.52, 350.79, 357.15, 0.9942, -0.0785, -0.0670, -0.0300
13:54:03, 0.70, 21, 352.80, 350.87, 357.16, 0.9944, -0.0779, -0.0645, -0.0297
13:54:03, 0.73, 22, 353.09, 351.00, 357.08, 0.9947, -0.0768, -0.0621, -0.0300
13:54:03, 0.73, 22, 353.39, 351.13, 357.09, 0.9949, -0.0757, -0.0594, -0.0298
13:54:03, 0.77, 23, 353.67, 351.32, 357.05, 0.9952, -0.0741, -0.0570, -0.0298
13:54:03, 0.77, 23, 353.94, 351.53, 357.00, 0.9954, -0.0723, -0.0546, -0.0299
13:54:03, 0.77, 23, 354.20, 351.75, 356.95, 0.9957, -0.0705, -0.0524, -0.0301
13:54:03, 0.80, 24, 354.39, 351.96, 356.99, 0.9959, -0.0687, -0.0506, -0.0296
13:54:03, 0.80, 24, 354.61, 352.13, 356.95, 0.9961, -0.0672, -0.0487, -0.0297
13:54:04, 0.83, 25, 354.79, 352.28, 356.96, 0.9963, -0.0660, -0.0472, -0.0295
13:54:04, 0.83, 25, 354.92, 352.38, 356.96, 0.9964, -0.0652, -0.0459, -0.0294
13:54:04, 0.83, 25, 355.05, 352.47, 356.98, 0.9965, -0.0645, -0.0448, -0.0291
13:54:04, 0.87, 26, 355.20, 352.62, 356.97, 0.9966, -0.0632, -0.0435, -0.0291
13:54:04, 0.87, 26, 355.32, 352.75, 356.97, 0.9967, -0.0621, -0.0424, -0.0290
13:54:04, 0.90, 27, 355.42, 352.86, 356.98, 0.9968, -0.0612, -0.0415, -0.0287
13:54:04, 0.90, 27, 355.51, 352.90, 356.98, 0.9969, -0.0608, -0.0408, -0.0287
13:54:04, 0.93, 28, 355.58, 352.90, 357.00, 0.9969, -0.0608, -0.0401, -0.0285
13:54:04, 0.93, 28, 355.64, 352.84, 357.05, 0.9969, -0.0614, -0.0396, -0.0281
13:54:04, 0.93, 28, 355.65, 352.77, 357.10, 0.9969, -0.0620, -0.0395, -0.0276
13:54:04, 0.97, 29, 355.63, 352.73, 357.20, 0.9969, -0.0624, -0.0396, -0.0267
13:54:04, 0.97, 29, 355.56, 352.65, 357.30, 0.9969, -0.0631, -0.0402, -0.0260
13:54:04, 1.00, 30, 355.52, 352.59, 357.38, 0.9968, -0.0636, -0.0405, -0.0253
13:54:04, 1.00, 30, 355.44, 352.50, 357.44, 0.9968, -0.0644, -0.0411, -0.0249
13:54:04, 1.00, 30, 355.41, 352.43, 357.49, 0.9967, -0.0651, -0.0414, -0.0245
13:54:04, 1.03, 31, 355.32, 352.35, 357.53, 0.9966, -0.0658, -0.0422, -0.0242
13:54:04, 1.03, 31, 355.25, 352.26, 357.57, 0.9966, -0.0666, -0.0428, -0.0239
13:54:04, 1.07, 32, 355.17, 352.20, 357.63, 0.9965, -0.0671, -0.0434, -0.0235
13:54:04, 1.07, 32, 355.09, 352.17, 357.64, 0.9965, -0.0673, -0.0441, -0.0235
13:54:04, 1.10, 33, 355.05, 352.12, 357.63, 0.9964, -0.0677, -0.0445, -0.0236
13:54:04, 1.10, 33, 354.99, 352.10, 357.65, 0.9964, -0.0679, -0.0450, -0.0234
13:54:04, 1.10, 33, 354.95, 352.07, 357.63, 0.9964, -0.0681, -0.0454, -0.0237
13:54:04, 1.13, 34, 354.90, 352.07, 357.63, 0.9963, -0.0681, -0.0458, -0.0237
13:54:04, 1.13, 34, 354.84, 352.08, 357.60, 0.9963, -0.0680, -0.0463, -0.0240
13:54:04, 1.17, 35, 354.80, 352.13, 357.59, 0.9963, -0.0676, -0.0467, -0.0241
13:54:04, 1.17, 35, 354.78, 352.14, 357.55, 0.9963, -0.0675, -0.0469, -0.0244
13:54:04, 1.17, 35, 354.74, 352.21, 357.48, 0.9963, -0.0668, -0.0472, -0.0251
13:54:04, 1.20, 36, 354.74, 352.28, 357.40, 0.9964, -0.0662, -0.0473, -0.0257
13:54:04, 1.20, 36, 354.71, 352.30, 357.36, 0.9963, -0.0660, -0.0476, -0.0261
13:54:04, 1.23, 37, 354.68, 352.36, 357.35, 0.9964, -0.0654, -0.0478, -0.0262
13:54:04, 1.23, 37, 354.64, 352.45, 357.36, 0.9964, -0.0647, -0.0482, -0.0260
13:54:04, 1.27, 38, 354.56, 352.49, 357.41, 0.9964, -0.0643, -0.0488, -0.0257
13:54:04, 1.27, 38, 354.54, 352.57, 357.44, 0.9964, -0.0636, -0.0490, -0.0253
13:54:04, 1.27, 38, 354.51, 352.60, 357.45, 0.9965, -0.0634, -0.0492, -0.0252
13:54:04, 1.30, 39, 354.48, 352.60, 357.47, 0.9964, -0.0634, -0.0495, -0.0251
13:54:04, 1.30, 39, 354.43, 352.59, 357.51, 0.9964, -0.0635, -0.0499, -0.0248
13:54:04, 1.33, 40, 354.38, 352.60, 357.56, 0.9964, -0.0634, -0.0503, -0.0244
13:54:04, 1.33, 40, 354.33, 352.61, 357.60, 0.9964, -0.0634, -0.0507, -0.0240
13:54:04, 1.33, 40, 354.28, 352.60, 357.65, 0.9964, -0.0634, -0.0511, -0.0237
13:54:04, 1.37, 41, 354.25, 352.60, 357.68, 0.9964, -0.0634, -0.0514, -0.0234
13:54:04, 1.37, 41, 354.23, 352.59, 357.74, 0.9964, -0.0636, -0.0515, -0.0229
13:54:04, 1.40, 42, 354.22, 352.59, 357.77, 0.9964, -0.0636, -0.0515, -0.0227
13:54:04, 1.40, 42, 354.21, 352.57, 357.82, 0.9964, -0.0637, -0.0516, -0.0222
13:54:04, 1.43, 43, 354.19, 352.58, 357.92, 0.9964, -0.0637, -0.0518, -0.0213
13:54:04, 1.43, 43, 354.21, 352.61, 357.94, 0.9964, -0.0635, -0.0516, -0.0211
13:54:04, 1.43, 43, 354.24, 352.63, 357.97, 0.9965, -0.0633, -0.0512, -0.0209
13:54:04, 1.47, 44, 354.33, 352.64, 357.95, 0.9965, -0.0632, -0.0505, -0.0210
13:54:04, 1.47, 44, 354.46, 352.64, 357.95, 0.9966, -0.0633, -0.0493, -0.0209
13:54:04, 1.50, 45, 354.63, 352.65, 357.95, 0.9966, -0.0632, -0.0479, -0.0208
13:54:04, 1.50, 45, 354.84, 352.70, 357.94, 0.9967, -0.0628, -0.0460, -0.0208
13:54:04, 1.50, 45, 355.06, 352.73, 357.92, 0.9968, -0.0625, -0.0441, -0.0208
13:54:04, 1.53, 46, 355.33, 352.81, 357.92, 0.9970, -0.0619, -0.0418, -0.0207
13:54:04, 1.53, 46, 355.66, 352.84, 357.85, 0.9971, -0.0617, -0.0390, -0.0210
13:54:04, 1.57, 47, 356.08, 352.91, 357.75, 0.9973, -0.0611, -0.0354, -0.0217
13:54:04, 1.57, 47, 356.57, 352.96, 357.66, 0.9974, -0.0607, -0.0312, -0.0222
13:54:04, 1.60, 48, 357.10, 353.02, 357.56, 0.9976, -0.0603, -0.0266, -0.0228
13:54:04, 1.60, 48, 357.74, 353.04, 357.46, 0.9977, -0.0603, -0.0210, -0.0233
13:54:04, 1.60, 48, 358.44, 353.06, 357.41, 0.9978, -0.0602, -0.0150, -0.0234
13:54:04, 1.63, 49, 359.21, 353.02, 357.39, 0.9979, -0.0607, -0.0083, -0.0231
13:54:04, 1.63, 49, 0.01, 353.03, 357.29, 0.9979, -0.0607, -0.0014, -0.0236
13:54:04, 1.67, 50, 0.93, 353.09, 357.24, 0.9979, -0.0605, 0.0067, -0.0236
13:54:04, 1.67, 50, 1.94, 353.17, 357.19, 0.9978, -0.0599, 0.0154, -0.0235
13:54:04, 1.67, 50, 3.10, 353.25, 357.13, 0.9976, -0.0595, 0.0255, -0.0234
13:54:04, 1.70, 51, 4.39, 353.38, 357.14, 0.9973, -0.0586, 0.0368, -0.0227
13:54:04, 1.70, 51, 5.76, 353.50, 357.11, 0.9969, -0.0578, 0.0487, -0.0223
13:54:04, 1.73, 52, 7.26, 353.67, 357.06, 0.9962, -0.0567, 0.0618, -0.0220
13:54:04, 1.73, 52, 8.81, 353.80, 357.11, 0.9954, -0.0558, 0.0753, -0.0209
13:54:04, 1.77, 53, 10.39, 353.91, 357.12, 0.9943, -0.0551, 0.0890, -0.0202
13:54:04, 1.77, 53, 12.01, 354.03, 357.20, 0.9930, -0.0543, 0.1032, -0.0188
13:54:04, 1.77, 53, 13.63, 354.11, 357.20, 0.9915, -0.0539, 0.1172, -0.0181
13:54:04, 1.80, 54, 15.32, 354.17, 357.25, 0.9897, -0.0536, 0.1319, -0.0170
13:54:04, 1.80, 54, 16.95, 354.17, 357.23, 0.9877, -0.0539, 0.1459, -0.0164
13:54:05, 1.83, 55, 18.57, 354.19, 357.31, 0.9856, -0.0538, 0.1599, -0.0150
13:54:05, 1.83, 55, 20.07, 354.14, 357.26, 0.9833, -0.0545, 0.1728, -0.0146
13:54:05, 1.83, 55, 21.52, 354.02, 357.16, 0.9810, -0.0558, 0.1851, -0.0146
13:54:05, 1.87, 56, 22.84, 353.81, 357.02, 0.9787, -0.0581, 0.1963, -0.0148
13:54:05, 1.87, 56, 24.03, 353.64, 356.77, 0.9765, -0.0601, 0.2062, -0.0160
13:54:05, 1.90, 57, 25.27, 353.46, 356.57, 0.9741, -0.0622, 0.2166, -0.0166
13:54:05, 1.90, 57, 26.44, 353.29, 356.39, 0.9718, -0.0642, 0.2264, -0.0172
13:54:05, 1.93, 58, 27.49, 353.19, 356.20, 0.9696, -0.0655, 0.2351, -0.0180
13:54:05, 1.93, 58, 28.52, 353.05, 356.11, 0.9674, -0.0671, 0.2437, -0.0179
13:54:05, 1.93, 58, 29.53, 352.93, 355.97, 0.9651, -0.0685, 0.2521, -0.0182
13:54:05, 1.97, 59, 30.50, 352.78, 355.93, 0.9628, -0.0700, 0.2602, -0.0177
13:54:05, 1.97, 59, 31.56, 352.66, 355.81, 0.9603, -0.0715, 0.2689, -0.0177
13:54:05, 2.00, 60, 32.68, 352.62, 355.83, 0.9577, -0.0719, 0.2783, -0.0168
13:54:05, 2.00, 60, 33.84, 352.50, 355.84, 0.9547, -0.0731, 0.2879, -0.0156
13:54:05, 2.00, 60, 34.96, 352.44, 355.92, 0.9518, -0.0735, 0.2973, -0.0141
13:54:05, 2.03, 61, 36.14, 352.35, 356.00, 0.9487, -0.0742, 0.3071, -0.0125
13:54:05, 2.03, 61, 37.23, 352.41, 356.21, 0.9458, -0.0732, 0.3163, -0.0101
13:54:05, 2.07, 62, 38.35, 352.38, 356.33, 0.9427, -0.0733, 0.3255, -0.0083
13:54:05, 2.07, 62, 39.44, 352.33, 356.45, 0.9395, -0.0734, 0.3345, -0.0065
13:54:05, 2.10, 63, 40.54, 352.28, 356.52, 0.9362, -0.0736, 0.3436, -0.0051
13:54:05, 2.10, 63, 41.54, 352.30, 356.59, 0.9332, -0.0733, 0.3518, -0.0040
13:54:05, 2.10, 63, 42.55, 352.24, 356.64, 0.9300, -0.0737, 0.3600, -0.0027
13:54:05, 2.13, 64, 43.62, 352.26, 356.67, 0.9266, -0.0734, 0.3687, -0.0018
13:54:05, 2.13, 64, 44.53, 352.14, 356.77, 0.9236, -0.0741, 0.3760, 0.0000
13:54:05, 2.17, 65, 45.52, 352.11, 356.91, 0.9203, -0.0739, 0.3841, 0.0018
13:54:05, 2.17, 65, 46.49, 352.13, 356.95, 0.9171, -0.0735, 0.3919, 0.0027
13:54:05, 2.17, 65, 47.51, 352.23, 356.94, 0.9136, -0.0727, 0.4001, 0.0029
13:54:05, 2.20, 66, 48.60, 352.28, 356.82, 0.9097, -0.0727, 0.4088, 0.0024
13:54:05, 2.20, 66, 49.68, 352.37, 356.64, 0.9059, -0.0727, 0.4172, 0.0014
13:54:05, 2.23, 67, 50.79, 352.39, 356.40, 0.9018, -0.0734, 0.4258, 0.0002
13:54:05, 2.23, 67, 51.95, 352.51, 356.18, 0.8975, -0.0733, 0.4348, -0.0013
13:54:05, 2.27, 68, 53.18, 352.62, 355.91, 0.8929, -0.0734, 0.4443, -0.0030
13:54:05, 2.27, 68, 54.36, 352.71, 355.69, 0.8882, -0.0737, 0.4534, -0.0044
13:54:05, 2.27, 68, 55.60, 352.80, 355.53, 0.8833, -0.0737, 0.4629, -0.0052
13:54:05, 2.30, 69, 56.80, 352.94, 355.50, 0.8784, -0.0727, 0.4723, -0.0052
13:54:05, 2.30, 69, 58.00, 353.05, 355.50, 0.8735, -0.0720, 0.4815, -0.0049
13:54:05, 2.33, 70, 59.31, 353.24, 355.45, 0.8680, -0.0708, 0.4915, -0.0053
13:54:05, 2.33, 70, 60.59, 353.48, 355.42, 0.8625, -0.0692, 0.5013, -0.0058
13:54:05, 2.37, 71, 61.94, 353.73, 355.38, 0.8566, -0.0676, 0.5115, -0.0063
13:54:05, 2.37, 71, 63.24, 354.05, 355.37, 0.8508, -0.0653, 0.5213, -0.0071
13:54:05, 2.37, 71, 64.51, 354.28, 355.35, 0.8450, -0.0638, 0.5309, -0.0077
13:54:05, 2.40, 72, 65.69, 354.51, 355.35, 0.8395, -0.0622, 0.5397, -0.0081
13:54:05, 2.40, 72, 66.85, 354.72, 355.36, 0.8340, -0.0607, 0.5483, -0.0084
13:54:05, 2.43, 73, 67.87, 354.89, 355.43, 0.8292, -0.0592, 0.5558, -0.0081
13:54:05, 2.43, 73, 68.85, 355.03, 355.46, 0.8244, -0.0582, 0.5629, -0.0081
13:54:05, 2.43, 73, 69.78, 355.15, 355.46, 0.8198, -0.0573, 0.5697, -0.0083
13:54:05, 2.47, 74, 70.66, 355.18, 355.50, 0.8154, -0.0569, 0.5760, -0.0077
13:54:05, 2.47, 74, 71.55, 355.24, 355.50, 0.8109, -0.0566, 0.5823, -0.0076
13:54:05, 2.50, 75, 72.44, 355.20, 355.40, 0.8064, -0.0574, 0.5885, -0.0076
13:54:05, 2.50, 75, 73.20, 355.20, 355.32, 0.8025, -0.0579, 0.5938, -0.0078
13:54:05, 2.53, 76, 73.91, 355.09, 355.27, 0.7988, -0.0590, 0.5987, -0.0072
13:54:05, 2.53, 76, 74.58, 355.06, 355.24, 0.7952, -0.0594, 0.6034, -0.0069
13:54:05, 2.53, 76, 75.32, 355.08, 355.27, 0.7913, -0.0592, 0.6085, -0.0064
13:54:05, 2.57, 77, 75.99, 355.01, 355.29, 0.7878, -0.0595, 0.6131, -0.0056
13:54:05, 2.57, 77, 76.69, 355.02, 355.32, 0.7840, -0.0594, 0.6179, -0.0051
13:54:05, 2.60, 78, 77.32, 355.05, 355.40, 0.7806, -0.0587, 0.6223, -0.0043
13:54:05, 2.60, 78, 77.87, 355.07, 355.50, 0.7776, -0.0581, 0.6260, -0.0035
13:54:05, 2.60, 78, 78.42, 355.12, 355.56, 0.7746, -0.0574, 0.6299, -0.0031
13:54:05, 2.63, 79, 79.03, 355.20, 355.61, 0.7712, -0.0566, 0.6340, -0.0028
13:54:05, 2.63, 79, 79.48, 355.31, 355.62, 0.7687, -0.0559, 0.6371, -0.0032
13:54:05, 2.67, 80, 79.98, 355.39, 355.68, 0.7659, -0.0550, 0.6405, -0.0030
13:54:05, 2.67, 80, 80.46, 355.50, 355.70, 0.7633, -0.0541, 0.6438, -0.0033
13:54:05, 2.70, 81, 80.91, 355.61, 355.76, 0.7607, -0.0531, 0.6469, -0.0033
13:54:05, 2.70, 81, 81.38, 355.66, 355.83, 0.7581, -0.0524, 0.6500, -0.0029
13:54:05, 2.70, 81, 81.84, 355.63, 355.83, 0.7555, -0.0526, 0.6531, -0.0026
13:54:05, 2.73, 82, 82.30, 355.68, 355.89, 0.7528, -0.0520, 0.6561, -0.0022
13:54:05, 2.73, 82, 82.82, 355.62, 355.95, 0.7498, -0.0520, 0.6596, -0.0012
13:54:05, 2.77, 83, 83.35, 355.58, 355.95, 0.7468, -0.0522, 0.6630, -0.0008
13:54:05, 2.77, 83, 83.94, 355.57, 356.09, 0.7434, -0.0515, 0.6669, 0.0005
13:54:05, 2.77, 83, 84.51, 355.48, 356.15, 0.7400, -0.0517, 0.6706, 0.0017
13:54:05, 2.80, 84, 85.07, 355.49, 356.24, 0.7368, -0.0511, 0.6742, 0.0025
13:54:05, 2.80, 84, 85.65, 355.47, 356.32, 0.7333, -0.0508, 0.6780, 0.0033
13:54:06, 2.83, 85, 86.26, 355.49, 356.44, 0.7297, -0.0499, 0.6819, 0.0042
13:54:06, 2.83, 85, 86.85, 355.49, 356.47, 0.7262, -0.0497, 0.6857, 0.0047
13:54:06, 2.87, 86, 87.51, 355.49, 356.52, 0.7222, -0.0494, 0.6899, 0.0053
13:54:06, 2.87, 86, 88.11, 355.51, 356.60, 0.7186, -0.0488, 0.6937, 0.0059
13:54:06, 2.87, 86, 88.80, 355.49, 356.58, 0.7144, -0.0490, 0.6980, 0.0062
13:54:06, 2.90, 87, 89.55, 355.45, 356.59, 0.7098, -0.0491, 0.7026, 0.0069
13:54:06, 2.90, 87, 90.24, 355.37, 356.63, 0.7056, -0.0493, 0.7068, 0.0078
13:54:06, 2.93, 88, 90.95, 355.39, 356.62, 0.7012, -0.0492, 0.7112, 0.0080
13:54:06, 2.93, 88, 91.63, 355.35, 356.66, 0.6970, -0.0491, 0.7154, 0.0088
13:54:06, 2.93, 88, 92.26, 355.31, 356.70, 0.6930, -0.0491, 0.7192, 0.0095
13:54:06, 2.97, 89, 92.95, 355.26, 356.69, 0.6886, -0.0494, 0.7233, 0.0101
13:54:06, 2.97, 89, 93.58, 355.27, 356.73, 0.6846, -0.0490, 0.7272, 0.0105
13:54:06, 3.00, 90, 94.21, 355.27, 356.69, 0.6807, -0.0492, 0.7308, 0.0106
13:54:06, 3.00, 90, 94.79, 355.14, 356.70, 0.6770, -0.0499, 0.7342, 0.0117
13:54:06, 3.03, 91, 95.29, 355.11, 356.69, 0.6737, -0.0500, 0.7372, 0.0121
13:54:06, 3.03, 91, 95.83, 355.04, 356.69, 0.6703, -0.0504, 0.7403, 0.0127
13:54:06, 3.03, 91, 96.35, 355.01, 356.73, 0.6669, -0.0503, 0.7433, 0.0134
13:54:06, 3.07, 92, 96.86, 354.97, 356.69, 0.6636, -0.0507, 0.7463, 0.0136
13:54:06, 3.07, 92, 97.43, 354.95, 356.62, 0.6599, -0.0512, 0.7495, 0.0137
13:54:06, 3.10, 93, 97.91, 354.97, 356.69, 0.6567, -0.0506, 0.7523, 0.0141
13:54:06, 3.10, 93, 98.41, 354.96, 356.78, 0.6534, -0.0500, 0.7552, 0.0150
13:54:06, 3.10, 93, 98.93, 354.95, 356.83, 0.6499, -0.0497, 0.7582, 0.0155
13:54:06, 3.13, 94, 99.56, 354.92, 356.83, 0.6458, -0.0497, 0.7617, 0.0160
13:54:06, 3.13, 94, 100.24, 354.88, 356.82, 0.6412, -0.0499, 0.7655, 0.0165
13:54:06, 3.17, 95, 101.02, 354.89, 356.77, 0.6361, -0.0500, 0.7698, 0.0165
13:54:06, 3.17, 95, 101.83, 354.81, 356.86, 0.6305, -0.0497, 0.7744, 0.0178
13:54:06, 3.20, 96, 102.61, 354.82, 356.89, 0.6253, -0.0494, 0.7786, 0.0183
13:54:06, 3.20, 96, 103.44, 354.70, 356.93, 0.6196, -0.0496, 0.7831, 0.0197
13:54:06, 3.20, 96, 104.36, 354.67, 356.94, 0.6133, -0.0495, 0.7880, 0.0204
13:54:06, 3.23, 97, 105.38, 354.62, 356.93, 0.6063, -0.0497, 0.7934, 0.0211
13:54:06, 3.23, 97, 106.51, 354.46, 356.90, 0.5984, -0.0506, 0.7993, 0.0226
13:54:06, 3.27, 98, 107.75, 354.38, 356.84, 0.5897, -0.0511, 0.8056, 0.0234
13:54:06, 3.27, 98, 109.11, 354.20, 356.70, 0.5802, -0.0528, 0.8124, 0.0245
13:54:06, 3.27, 98, 110.68, 354.01, 356.54, 0.5689, -0.0545, 0.8202, 0.0258
13:54:06, 3.30, 99, 112.49, 353.81, 356.36, 0.5560, -0.0563, 0.8288, 0.0272
13:54:06, 3.30, 99, 114.41, 353.68, 356.19, 0.5421, -0.0578, 0.8379, 0.0284
13:54:06, 3.33, 100, 116.33, 353.41, 356.08, 0.5280, -0.0593, 0.8466, 0.0308
13:54:06, 3.33, 100, 118.14, 353.26, 356.03, 0.5146, -0.0598, 0.8547, 0.0326
13:54:06, 3.37, 101, 119.87, 353.13, 355.89, 0.5016, -0.0610, 0.8623, 0.0339
13:54:06, 3.37, 101, 121.57, 353.04, 355.65, 0.4888, -0.0627, 0.8694, 0.0344
13:54:06, 3.37, 101, 123.30, 352.91, 355.47, 0.4757, -0.0641, 0.8765, 0.0357
13:54:06, 3.40, 102, 124.98, 352.77, 355.26, 0.4629, -0.0657, 0.8832, 0.0368
13:54:06, 3.40, 102, 126.51, 352.62, 355.17, 0.4511, -0.0665, 0.8892, 0.0385
13:54:06, 3.43, 103, 127.90, 352.51, 355.06, 0.4404, -0.0673, 0.8944, 0.0397
13:54:06, 3.43, 103, 129.27, 352.43, 355.01, 0.4297, -0.0675, 0.8995, 0.0410
13:54:06, 3.43, 103, 130.42, 352.45, 354.92, 0.4206, -0.0677, 0.9038, 0.0412
13:54:06, 3.47, 104, 131.54, 352.55, 354.83, 0.4118, -0.0677, 0.9079, 0.0407
13:54:06, 3.47, 104, 132.55, 352.61, 354.75, 0.4038, -0.0678, 0.9114, 0.0406
13:54:06, 3.50, 105, 133.50, 352.67, 354.69, 0.3962, -0.0677, 0.9148, 0.0404
13:54:06, 3.50, 105, 134.30, 352.76, 354.60, 0.3898, -0.0678, 0.9175, 0.0398
13:54:06, 3.53, 106, 135.03, 352.86, 354.40, 0.3841, -0.0688, 0.9199, 0.0388
13:54:06, 3.53, 106, 135.70, 352.97, 354.22, 0.3787, -0.0697, 0.9221, 0.0378
13:54:06, 3.53, 106, 136.29, 353.08, 354.04, 0.3740, -0.0706, 0.9240, 0.0366
13:54:06, 3.57, 107, 136.77, 353.26, 353.80, 0.3702, -0.0718, 0.9255, 0.0346
13:54:06, 3.57, 107, 137.21, 353.39, 353.54, 0.3666, -0.0734, 0.9269, 0.0331
13:54:06, 3.60, 108, 137.69, 353.53, 353.23, 0.3628, -0.0753, 0.9283, 0.0312
13:54:06, 3.60, 108, 138.10, 353.78, 352.96, 0.3595, -0.0766, 0.9296, 0.0287
13:54:06, 3.60, 108, 138.55, 354.01, 352.67, 0.3558, -0.0781, 0.9309, 0.0262
13:54:06, 3.63, 109, 139.01, 354.19, 352.41, 0.3520, -0.0796, 0.9323, 0.0242
13:54:06, 3.63, 109, 139.57, 354.40, 352.18, 0.3475, -0.0807, 0.9339, 0.0222
13:54:06, 3.67, 110, 140.09, 354.46, 351.95, 0.3432, -0.0824, 0.9354, 0.0214
13:54:06, 3.67, 110, 140.65, 354.52, 351.68, 0.3387, -0.0843, 0.9369, 0.0205
13:54:06, 3.70, 111, 141.36, 354.57, 351.43, 0.3329, -0.0860, 0.9388, 0.0199
13:54:06, 3.70, 111, 141.93, 354.61, 351.25, 0.3282, -0.0874, 0.9404, 0.0195
13:54:06, 3.70, 111, 142.62, 354.68, 351.08, 0.3225, -0.0884, 0.9422, 0.0189
13:54:06, 3.73, 112, 143.29, 354.73, 350.97, 0.3170, -0.0891, 0.9440, 0.0187
13:54:06, 3.73, 112, 143.92, 354.76, 350.80, 0.3119, -0.0903, 0.9456, 0.0185
13:54:06, 3.77, 113, 144.51, 354.85, 350.62, 0.3069, -0.0914, 0.9472, 0.0178
13:54:06, 3.77, 113, 145.22, 354.90, 350.46, 0.3011, -0.0925, 0.9489, 0.0175
13:54:06, 3.77, 113, 145.75, 354.91, 350.34, 0.2967, -0.0934, 0.9502, 0.0175
13:54:06, 3.80, 114, 146.29, 354.94, 350.21, 0.2922, -0.0944, 0.9515, 0.0174
13:54:06, 3.80, 114, 146.76, 354.99, 350.07, 0.2883, -0.0953, 0.9526, 0.0170
13:54:07, 3.83, 115, 147.25, 355.05, 349.88, 0.2842, -0.0967, 0.9537, 0.0164
13:54:07, 3.83, 115, 147.68, 355.10, 349.75, 0.2806, -0.0976, 0.9547, 0.0161
13:54:07, 3.87, 116, 148.10, 355.11, 349.64, 0.2772, -0.0984, 0.9556, 0.0160
13:54:07, 3.87, 116, 148.47, 355.16, 349.51, 0.2740, -0.0993, 0.9564, 0.0156
13:54:07, 3.87, 116, 148.73, 355.26, 349.42, 0.2718, -0.0998, 0.9571, 0.0148
13:54:07, 3.90, 117, 148.98, 355.35, 349.41, 0.2697, -0.0996, 0.9577, 0.0143
13:54:07, 3.90, 117, 149.15, 355.41, 349.51, 0.2682, -0.0986, 0.9582, 0.0141
13:54:07, 3.93, 118, 149.28, 355.46, 349.62, 0.2671, -0.0976, 0.9586, 0.0141
13:54:07, 3.93, 118, 149.37, 355.45, 349.74, 0.2663, -0.0966, 0.9589, 0.0145
13:54:07, 3.93, 118, 149.44, 355.48, 349.84, 0.2657, -0.0957, 0.9592, 0.0146
13:54:07, 3.97, 119, 149.52, 355.49, 349.97, 0.2650, -0.0946, 0.9595, 0.0148
13:54:07, 3.97, 119, 149.59, 355.50, 350.12, 0.2644, -0.0933, 0.9598, 0.0152
13:54:07, 4.00, 120, 149.64, 355.48, 350.36, 0.2639, -0.0913, 0.9601, 0.0159
13:54:07, 4.00, 120, 149.71, 355.46, 350.61, 0.2633, -0.0893, 0.9604, 0.0168
13:54:07, 4.00, 120, 149.77, 355.38, 350.86, 0.2628, -0.0873, 0.9607, 0.0180
13:54:07, 4.03, 121, 149.89, 355.34, 351.11, 0.2618, -0.0853, 0.9612, 0.0191
13:54:07, 4.03, 121, 150.03, 355.31, 351.32, 0.2606, -0.0836, 0.9616, 0.0199
13:54:07, 4.07, 122, 150.15, 355.27, 351.56, 0.2596, -0.0816, 0.9620, 0.0209
13:54:07, 4.07, 122, 150.32, 355.24, 351.76, 0.2581, -0.0800, 0.9626, 0.0217
13:54:07, 4.10, 123, 150.50, 355.20, 351.93, 0.2566, -0.0786, 0.9631, 0.0225
13:54:07, 4.10, 123, 150.69, 355.16, 352.08, 0.2550, -0.0774, 0.9635, 0.0233
13:54:07, 4.10, 123, 150.87, 355.12, 352.22, 0.2534, -0.0763, 0.9640, 0.0241
13:54:07, 4.13, 124, 151.03, 355.03, 352.37, 0.2521, -0.0752, 0.9644, 0.0253
13:54:07, 4.13, 124, 151.16, 354.93, 352.53, 0.2510, -0.0740, 0.9648, 0.0265
13:54:07, 4.17, 125, 151.31, 354.86, 352.63, 0.2497, -0.0733, 0.9651, 0.0274
13:54:07, 4.17, 125, 151.45, 354.81, 352.71, 0.2486, -0.0727, 0.9655, 0.0281
13:54:07, 4.17, 125, 151.63, 354.79, 352.76, 0.2471, -0.0723, 0.9659, 0.0285
13:54:07, 4.20, 126, 151.78, 354.75, 352.80, 0.2459, -0.0720, 0.9662, 0.0290
13:54:07, 4.20, 126, 151.94, 354.72, 352.84, 0.2445, -0.0717, 0.9665, 0.0294
13:54:07, 4.23, 127, 152.06, 354.66, 352.88, 0.2435, -0.0714, 0.9668, 0.0301
13:54:07, 4.23, 127, 152.17, 354.61, 352.92, 0.2426, -0.0712, 0.9670, 0.0307
13:54:07, 4.27, 128, 152.24, 354.56, 352.94, 0.2420, -0.0710, 0.9672, 0.0312
13:54:07, 4.27, 128, 152.30, 354.53, 352.96, 0.2415, -0.0709, 0.9673, 0.0316
13:54:07, 4.27, 128, 152.36, 354.52, 352.99, 0.2410, -0.0707, 0.9674, 0.0318
13:54:07, 4.30, 129, 152.40, 354.51, 352.98, 0.2406, -0.0708, 0.9675, 0.0319
13:54:07, 4.30, 129, 152.44, 354.48, 353.00, 0.2403, -0.0706, 0.9676, 0.0322
13:54:07, 4.33, 130, 152.47, 354.43, 353.04, 0.2401, -0.0704, 0.9676, 0.0327
13:54:07, 4.33, 130, 152.46, 354.40, 353.08, 0.2402, -0.0702, 0.9676, 0.0330
13:54:07, 4.37, 131, 152.47, 354.36, 353.10, 0.2401, -0.0701, 0.9677, 0.0334
13:54:07, 4.37, 131, 152.47, 354.27, 353.13, 0.2401, -0.0700, 0.9676, 0.0342
13:54:07, 4.37, 131, 152.50, 354.21, 353.13, 0.2399, -0.0701, 0.9676, 0.0347
13:54:07, 4.40, 132, 152.52, 354.15, 353.16, 0.2397, -0.0700, 0.9677, 0.0353
13:54:07, 4.40, 132, 152.54, 354.08, 353.21, 0.2396, -0.0697, 0.9677, 0.0360
13:54:07, 4.43, 133, 152.54, 354.02, 353.27, 0.2395, -0.0693, 0.9677, 0.0367
13:54:07, 4.43, 133, 152.55, 353.99, 353.32, 0.2395, -0.0689, 0.9677, 0.0371
13:54:07, 4.43, 133, 152.55, 353.94, 353.37, 0.2395, -0.0686, 0.9677, 0.0376
13:54:07, 4.47, 134, 152.55, 353.90, 353.44, 0.2395, -0.0682, 0.9678, 0.0381
13:54:07, 4.47, 134, 152.54, 353.86, 353.46, 0.2396, -0.0680, 0.9677, 0.0385
13:54:07, 4.50, 135, 152.54, 353.85, 353.50, 0.2395, -0.0677, 0.9678, 0.0386
13:54:07, 4.50, 135, 152.51, 353.85, 353.50, 0.2399, -0.0677, 0.9677, 0.0386
13:54:07, 4.53, 136, 152.47, 353.86, 353.55, 0.2402, -0.0673, 0.9676, 0.0386
13:54:07, 4.53, 136, 152.43, 353.86, 353.54, 0.2405, -0.0674, 0.9675, 0.0385
13:54:07, 4.53, 136, 152.41, 353.86, 353.51, 0.2407, -0.0676, 0.9675, 0.0384
13:54:07, 4.57, 137, 152.40, 353.88, 353.49, 0.2408, -0.0678, 0.9675, 0.0382
13:54:07, 4.57, 137, 152.40, 353.91, 353.45, 0.2407, -0.0680, 0.9675, 0.0379
13:54:07, 4.60, 138, 152.41, 353.98, 353.42, 0.2407, -0.0682, 0.9675, 0.0373
13:54:07, 4.60, 138, 152.42, 354.02, 353.37, 0.2406, -0.0685, 0.9675, 0.0368
13:54:07, 4.60, 138, 152.43, 354.06, 353.30, 0.2405, -0.0690, 0.9675, 0.0363
13:54:07, 4.63, 139, 152.47, 354.05, 353.27, 0.2402, -0.0693, 0.9676, 0.0363
13:54:07, 4.63, 139, 152.48, 354.08, 353.22, 0.2401, -0.0696, 0.9676, 0.0360
13:54:07, 4.67, 140, 152.49, 354.10, 353.15, 0.2400, -0.0702, 0.9676, 0.0358
13:54:07, 4.67, 140, 152.49, 354.15, 353.12, 0.2400, -0.0703, 0.9676, 0.0352
13:54:07, 4.70, 141, 152.49, 354.20, 353.09, 0.2400, -0.0705, 0.9676, 0.0347
13:54:07, 4.70, 141, 152.50, 354.28, 352.99, 0.2399, -0.0711, 0.9676, 0.0339
13:54:07, 4.70, 141, 152.47, 354.37, 352.95, 0.2402, -0.0713, 0.9675, 0.0330
13:54:07, 4.73, 142, 152.46, 354.44, 352.93, 0.2402, -0.0713, 0.9676, 0.0324
13:54:07, 4.73, 142, 152.42, 354.48, 352.91, 0.2405, -0.0714, 0.9675, 0.0319
13:54:07, 4.77, 143, 152.42, 354.50, 352.95, 0.2405, -0.0711, 0.9675, 0.0319
13:54:07, 4.77, 143, 152.41, 354.53, 352.93, 0.2406, -0.0712, 0.9675, 0.0316
13:54:07, 4.77, 143, 152.40, 354.59, 352.92, 0.2407, -0.0711, 0.9675, 0.0311
13:54:07, 4.80, 144, 152.36, 354.64, 352.91, 0.2409, -0.0711, 0.9674, 0.0306
13:54:07, 4.80, 144, 152.33, 354.69, 352.91, 0.2412, -0.0710, 0.9674, 0.0301
13:54:08, 4.83, 145, 152.28, 354.68, 352.92, 0.2416, -0.0710, 0.9673, 0.0302
13:54:08, 4.83, 145, 152.24, 354.67, 352.91, 0.2419, -0.0711, 0.9672, 0.0302
13:54:08, 4.87, 146, 152.24, 354.68, 352.88, 0.2420, -0.0713, 0.9672, 0.0301
13:54:08, 4.87, 146, 152.24, 354.67, 352.83, 0.2420, -0.0717, 0.9671, 0.0301
13:54:08, 4.87, 146, 152.24, 354.69, 352.80, 0.2420, -0.0720, 0.9672, 0.0298
13:54:08, 4.90, 147, 152.22, 354.69, 352.79, 0.2422, -0.0721, 0.9671, 0.0298
13:54:08, 4.90, 147, 152.16, 354.69, 352.80, 0.2427, -0.0720, 0.9670, 0.0298
13:54:08, 4.93, 148, 152.13, 354.71, 352.81, 0.2429, -0.0719, 0.9669, 0.0297
13:54:08, 4.93, 148, 152.09, 354.68, 352.81, 0.2433, -0.0720, 0.9668, 0.0299
13:54:08, 4.93, 148, 152.04, 354.68, 352.78, 0.2437, -0.0722, 0.9667, 0.0297
13:54:08, 4.97, 149, 151.99, 354.65, 352.77, 0.2442, -0.0723, 0.9666, 0.0299
13:54:08, 4.97, 149, 151.92, 354.62, 352.78, 0.2447, -0.0724, 0.9664, 0.0302
13:54:08, 5.00, 150, 151.79, 354.59, 352.75, 0.2459, -0.0728, 0.9661, 0.0303
13:54:08, 5.00, 150, 151.65, 354.55, 352.74, 0.2470, -0.0730, 0.9658, 0.0305
13:54:08, 5.00, 150, 151.48, 354.52, 352.71, 0.2485, -0.0733, 0.9654, 0.0306
13:54:08, 5.03, 151, 151.30, 354.43, 352.65, 0.2500, -0.0741, 0.9649, 0.0311
13:54:08, 5.03, 151, 151.08, 354.32, 352.60, 0.2520, -0.0747, 0.9643, 0.0318
13:54:08, 5.07, 152, 150.81, 354.20, 352.54, 0.2543, -0.0756, 0.9636, 0.0325
13:54:08, 5.07, 152, 150.52, 354.07, 352.48, 0.2568, -0.0765, 0.9629, 0.0332
13:54:08, 5.10, 153, 150.23, 353.95, 352.41, 0.2594, -0.0774, 0.9621, 0.0339
13:54:08, 5.10, 153, 149.88, 353.83, 352.38, 0.2624, -0.0780, 0.9612, 0.0346
13:54:08, 5.10, 153, 149.51, 353.69, 352.36, 0.2655, -0.0786, 0.9603, 0.0355
13:54:08, 5.13, 154, 149.05, 353.55, 352.39, 0.2694, -0.0788, 0.9591, 0.0364
13:54:08, 5.13, 154, 148.46, 353.32, 352.44, 0.2744, -0.0791, 0.9576, 0.0380
13:54:08, 5.17, 155, 147.62, 353.08, 352.48, 0.2815, -0.0797, 0.9554, 0.0396
13:54:08, 5.17, 155, 146.61, 352.78, 352.55, 0.2900, -0.0802, 0.9528, 0.0416
13:54:08, 5.17, 155, 145.37, 352.46, 352.63, 0.3004, -0.0807, 0.9494, 0.0435
13:54:08, 5.20, 156, 143.78, 352.11, 352.75, 0.3136, -0.0813, 0.9450, 0.0456
13:54:08, 5.20, 156, 142.16, 351.78, 352.92, 0.3270, -0.0815, 0.9403, 0.0477
13:54:08, 5.23, 157, 140.42, 351.52, 353.04, 0.3413, -0.0820, 0.9351, 0.0490
13:54:08, 5.23, 157, 138.56, 351.27, 353.36, 0.3563, -0.0809, 0.9295, 0.0506
13:54:08, 5.27, 158, 136.77, 351.00, 353.69, 0.3707, -0.0799, 0.9238, 0.0526
13:54:08, 5.27, 158, 135.02, 350.77, 354.09, 0.3846, -0.0782, 0.9182, 0.0546
13:54:08, 5.27, 158, 133.29, 350.66, 354.51, 0.3982, -0.0761, 0.9124, 0.0557
13:54:08, 5.30, 159, 131.65, 350.55, 354.99, 0.4110, -0.0734, 0.9069, 0.0573
13:54:08, 5.30, 159, 130.01, 350.47, 355.55, 0.4237, -0.0702, 0.9012, 0.0589
13:54:08, 5.33, 160, 128.49, 350.43, 356.10, 0.4353, -0.0667, 0.8958, 0.0604
13:54:08, 5.33, 160, 127.07, 350.41, 356.66, 0.4461, -0.0632, 0.8906, 0.0618
13:54:08, 5.37, 161, 125.75, 350.44, 357.00, 0.4561, -0.0612, 0.8856, 0.0623
13:54:08, 5.37, 161, 124.46, 350.49, 357.39, 0.4658, -0.0587, 0.8807, 0.0628
13:54:08, 5.37, 161, 123.32, 350.56, 357.71, 0.4744, -0.0566, 0.8762, 0.0629
13:54:08, 5.40, 162, 122.25, 350.67, 357.85, 0.4826, -0.0557, 0.8719, 0.0622
13:54:08, 5.40, 162, 121.34, 350.66, 357.91, 0.4895, -0.0557, 0.8680, 0.0620
13:54:08, 5.43, 163, 120.56, 350.69, 357.99, 0.4953, -0.0554, 0.8648, 0.0618
13:54:08, 5.43, 163, 119.87, 350.68, 357.95, 0.5005, -0.0561, 0.8617, 0.0614
13:54:08, 5.43, 163, 119.30, 350.61, 357.93, 0.5047, -0.0569, 0.8592, 0.0615
13:54:08, 5.47, 164, 118.70, 350.54, 357.94, 0.5093, -0.0575, 0.8565, 0.0618
13:54:08, 5.47, 164, 118.21, 350.50, 357.93, 0.5129, -0.0580, 0.8542, 0.0618
13:54:08, 5.50, 165, 117.89, 350.52, 357.95, 0.5153, -0.0579, 0.8529, 0.0616
13:54:08, 5.50, 165, 117.64, 350.49, 357.93, 0.5172, -0.0583, 0.8517, 0.0616
13:54:08, 5.53, 166, 117.54, 350.49, 358.01, 0.5179, -0.0578, 0.8513, 0.0619
13:54:08, 5.53, 166, 117.45, 350.44, 358.04, 0.5185, -0.0578, 0.8509, 0.0624
13:54:08, 5.53, 166, 117.38, 350.41, 358.14, 0.5190, -0.0573, 0.8506, 0.0630
13:54:08, 5.57, 167, 117.37, 350.38, 358.23, 0.5190, -0.0567, 0.8505, 0.0636
13:54:08, 5.57, 167, 117.35, 350.39, 358.30, 0.5191, -0.0562, 0.8505, 0.0639
13:54:08, 5.60, 168, 117.38, 350.46, 358.30, 0.5189, -0.0558, 0.8507, 0.0633
13:54:08, 5.60, 168, 117.41, 350.54, 358.29, 0.5187, -0.0555, 0.8509, 0.0627
13:54:08, 5.60, 168, 117.45, 350.60, 358.27, 0.5184, -0.0554, 0.8511, 0.0622
13:54:08, 5.63, 169, 117.51, 350.64, 358.21, 0.5180, -0.0556, 0.8513, 0.0617
13:54:08, 5.63, 169, 117.56, 350.64, 358.13, 0.5177, -0.0562, 0.8515, 0.0613
13:54:08, 5.67, 170, 117.66, 350.67, 358.05, 0.5170, -0.0566, 0.8519, 0.0608
13:54:08, 5.67, 170, 117.81, 350.72, 357.95, 0.5159, -0.0571, 0.8526, 0.0600
13:54:08, 5.70, 171, 117.98, 350.79, 357.87, 0.5147, -0.0572, 0.8534, 0.0592
13:54:08, 5.70, 171, 118.21, 350.83, 357.85, 0.5130, -0.0571, 0.8544, 0.0590
13:54:08, 5.70, 171, 118.44, 350.86, 357.84, 0.5113, -0.0569, 0.8555, 0.0588
13:54:08, 5.73, 172, 118.71, 350.91, 357.85, 0.5093, -0.0565, 0.8567, 0.0586
13:54:08, 5.73, 172, 119.03, 350.97, 357.89, 0.5069, -0.0557, 0.8582, 0.0585
13:54:08, 5.77, 173, 119.40, 351.01, 357.92, 0.5042, -0.0551, 0.8599, 0.0585
13:54:08, 5.77, 173, 119.83, 351.07, 357.99, 0.5008, -0.0541, 0.8619, 0.0586
13:54:08, 5.77, 173, 120.29, 351.15, 358.08, 0.4974, -0.0529, 0.8639, 0.0586
13:54:08, 5.80, 174, 120.85, 351.17, 358.14, 0.4931, -0.0520, 0.8664, 0.0590
13:54:08, 5.80, 174, 121.42, 351.19, 358.19, 0.4888, -0.0513, 0.8689, 0.0593
13:54:09, 5.83, 175, 122.10, 351.23, 358.21, 0.4836, -0.0506, 0.8718, 0.0594
13:54:09, 5.83, 175, 122.80, 351.28, 358.27, 0.4783, -0.0497, 0.8748, 0.0595
13:54:09, 5.87, 176, 123.62, 351.27, 358.28, 0.4720, -0.0492, 0.8782, 0.0600
13:54:09, 5.87, 176, 124.44, 351.29, 358.20, 0.4657, -0.0493, 0.8815, 0.0598
13:54:09, 5.87, 176, 125.24, 351.20, 358.16, 0.4596, -0.0495, 0.8847, 0.0607
13:54:09, 5.90, 177, 126.00, 351.06, 358.07, 0.4537, -0.0503, 0.8876, 0.0618
13:54:09, 5.90, 177, 126.80, 350.97, 358.07, 0.4475, -0.0503, 0.8906, 0.0629
13:54:09, 5.93, 178, 127.56, 350.84, 358.14, 0.4415, -0.0498, 0.8935, 0.0644
13:54:09, 5.93, 178, 128.32, 350.80, 358.24, 0.4355, -0.0487, 0.8965, 0.0655
13:54:09, 5.93, 178, 129.09, 350.81, 358.31, 0.4295, -0.0477, 0.8994, 0.0660
13:54:09, 5.97, 179, 129.87, 350.84, 358.37, 0.4233, -0.0466, 0.9024, 0.0663
13:54:09, 5.97, 179, 130.69, 350.88, 358.34, 0.4168, -0.0463, 0.9054, 0.0663
13:54:09, 6.00, 180, 131.56, 350.85, 358.19, 0.4100, -0.0470, 0.9084, 0.0663
13:54:09, 6.00, 180, 132.56, 350.86, 357.94, 0.4022, -0.0484, 0.9119, 0.0657
13:54:09, 6.03, 181, 133.65, 350.89, 357.84, 0.3936, -0.0485, 0.9156, 0.0656
13:54:09, 6.03, 181, 134.85, 350.86, 357.71, 0.3841, -0.0490, 0.9196, 0.0660
13:54:09, 6.03, 181, 136.13, 350.80, 357.73, 0.3738, -0.0483, 0.9238, 0.0670
13:54:09, 6.07, 182, 137.47, 350.78, 357.73, 0.3629, -0.0475, 0.9281, 0.0677
13:54:09, 6.07, 182, 138.87, 350.71, 357.67, 0.3515, -0.0474, 0.9324, 0.0687
13:54:09, 6.10, 183, 140.31, 350.76, 357.57, 0.3399, -0.0472, 0.9368, 0.0685
13:54:09, 6.10, 183, 141.77, 350.80, 357.58, 0.3279, -0.0461, 0.9411, 0.0688
13:54:09, 6.10, 183, 143.16, 350.88, 357.64, 0.3165, -0.0446, 0.9450, 0.0689
13:54:09, 6.13, 184, 144.51, 350.93, 357.77, 0.3052, -0.0425, 0.9488, 0.0694
13:54:09, 6.13, 184, 145.67, 351.01, 357.88, 0.2956, -0.0407, 0.9519, 0.0694
13:54:09, 6.17, 185, 146.60, 351.05, 358.11, 0.2876, -0.0382, 0.9544, 0.0700
13:54:09, 6.17, 185, 147.48, 351.08, 358.31, 0.2802, -0.0359, 0.9567, 0.0706
13:54:09, 6.20, 186, 148.07, 351.09, 358.66, 0.2751, -0.0326, 0.9582, 0.0715
13:54:09, 6.20, 186, 148.53, 351.07, 358.92, 0.2711, -0.0302, 0.9594, 0.0724
13:54:09, 6.20, 186, 148.92, 351.21, 359.13, 0.2677, -0.0278, 0.9604, 0.0718
13:54:09, 6.23, 187, 149.28, 351.33, 359.16, 0.2647, -0.0271, 0.9614, 0.0709
13:54:09, 6.23, 187, 149.66, 351.53, 359.16, 0.2615, -0.0264, 0.9623, 0.0694
13:54:09, 6.27, 188, 149.99, 351.73, 359.02, 0.2588, -0.0269, 0.9632, 0.0674
13:54:09, 6.27, 188, 150.45, 351.94, 358.75, 0.2551, -0.0284, 0.9643, 0.0652
13:54:09, 6.27, 188, 150.84, 352.16, 358.59, 0.2520, -0.0291, 0.9652, 0.0631
13:54:09, 6.30, 189, 151.32, 352.35, 358.44, 0.2480, -0.0297, 0.9664, 0.0613
13:54:09, 6.30, 189, 151.73, 352.47, 358.34, 0.2446, -0.0301, 0.9673, 0.0601
13:54:09, 6.33, 190, 152.07, 352.64, 358.18, 0.2418, -0.0308, 0.9681, 0.0584
13:54:09, 6.33, 190, 152.42, 352.74, 358.01, 0.2389, -0.0319, 0.9688, 0.0573
13:54:09, 6.37, 191, 152.73, 352.87, 357.83, 0.2364, -0.0330, 0.9695, 0.0559
13:54:09, 6.37, 191, 152.99, 353.00, 357.59, 0.2343, -0.0346, 0.9700, 0.0545
13:54:09, 6.37, 191, 153.17, 353.05, 357.31, 0.2329, -0.0369, 0.9703, 0.0535
13:54:09, 6.40, 192, 153.23, 353.06, 357.05, 0.2325, -0.0390, 0.9704, 0.0529
13:54:09, 6.40, 192, 153.15, 353.05, 356.85, 0.2333, -0.0407, 0.9701, 0.0525
13:54:09, 6.43, 193, 152.97, 353.04, 356.71, 0.2349, -0.0421, 0.9697, 0.0523
13:54:09, 6.43, 193, 152.79, 353.08, 356.57, 0.2364, -0.0432, 0.9693, 0.0516
13:54:09, 6.43, 193, 152.65, 353.11, 356.42, 0.2377, -0.0445, 0.9690, 0.0510
13:54:09, 6.47, 194, 152.56, 353.16, 356.23, 0.2386, -0.0461, 0.9687, 0.0501
13:54:09, 6.47, 194, 152.51, 353.19, 356.07, 0.2390, -0.0474, 0.9686, 0.0495
13:54:09, 6.50, 195, 152.53, 353.17, 355.95, 0.2389, -0.0484, 0.9686, 0.0494
13:54:09, 6.50, 195, 152.67, 353.09, 355.84, 0.2378, -0.0495, 0.9688, 0.0500
13:54:09, 6.53, 196, 152.86, 353.02, 355.72, 0.2362, -0.0505, 0.9691, 0.0504
13:54:09, 6.53, 196, 153.08, 352.99, 355.60, 0.2345, -0.0515, 0.9694, 0.0505
13:54:09, 6.53, 196, 153.32, 353.01, 355.50, 0.2325, -0.0522, 0.9699, 0.0503
13:54:09, 6.57, 197, 153.56, 353.08, 355.40, 0.2304, -0.0528, 0.9704, 0.0496
13:54:09, 6.57, 197, 153.80, 353.15, 355.26, 0.2284, -0.0538, 0.9709, 0.0488
13:54:09, 6.60, 198, 154.03, 353.26, 355.13, 0.2265, -0.0546, 0.9713, 0.0477
13:54:09, 6.60, 198, 154.23, 353.30, 354.98, 0.2249, -0.0556, 0.9716, 0.0472
13:54:09, 6.60, 198, 154.44, 353.37, 354.83, 0.2231, -0.0567, 0.9720, 0.0464
13:54:09, 6.63, 199, 154.60, 353.42, 354.71, 0.2218, -0.0576, 0.9723, 0.0458
13:54:09, 6.63, 199, 154.73, 353.48, 354.58, 0.2208, -0.0585, 0.9725, 0.0451
13:54:09, 6.67, 200, 154.80, 353.54, 354.47, 0.2202, -0.0593, 0.9726, 0.0444
13:54:09, 6.67, 200, 154.86, 353.65, 354.32, 0.2197, -0.0603, 0.9727, 0.0433
13:54:09, 6.70, 201, 154.93, 353.72, 354.19, 0.2192, -0.0613, 0.9728, 0.0425
13:54:09, 6.70, 201, 154.97, 353.81, 354.09, 0.2188, -0.0619, 0.9729, 0.0415
13:54:09, 6.70, 201, 155.01, 353.87, 354.00, 0.2185, -0.0626, 0.9730, 0.0409
13:54:09, 6.73, 202, 155.03, 353.90, 353.90, 0.2183, -0.0634, 0.9730, 0.0404
13:54:09, 6.73, 202, 155.06, 353.95, 353.76, 0.2181, -0.0645, 0.9730, 0.0397
13:54:09, 6.77, 203, 155.09, 354.01, 353.61, 0.2179, -0.0656, 0.9730, 0.0389
13:54:09, 6.77, 203, 155.10, 354.06, 353.49, 0.2178, -0.0666, 0.9730, 0.0383
13:54:09, 6.77, 203, 155.09, 354.14, 353.41, 0.2179, -0.0670, 0.9730, 0.0374
13:54:09, 6.80, 204, 155.04, 354.18, 353.35, 0.2184, -0.0675, 0.9728, 0.0370
13:54:09, 6.80, 204, 154.96, 354.20, 353.27, 0.2190, -0.0681, 0.9726, 0.0366
13:54:10, 6.83, 205, 154.87, 354.26, 353.20, 0.2198, -0.0687, 0.9725, 0.0359
13:54:10, 6.83, 205, 154.80, 354.31, 353.11, 0.2204, -0.0694, 0.9723, 0.0352
13:54:10, 6.87, 206, 154.69, 354.37, 353.07, 0.2213, -0.0697, 0.9721, 0.0346
13:54:10, 6.87, 206, 154.58, 354.40, 353.08, 0.2222, -0.0695, 0.9719, 0.0343
13:54:10, 6.87, 206, 154.45, 354.47, 353.06, 0.2233, -0.0696, 0.9717, 0.0336
13:54:10, 6.90, 207, 154.38, 354.52, 353.02, 0.2239, -0.0699, 0.9715, 0.0330
13:54:10, 6.90, 207, 154.32, 354.57, 353.00, 0.2243, -0.0699, 0.9715, 0.0326
13:54:10, 6.93, 208, 154.25, 354.62, 352.98, 0.2249, -0.0700, 0.9713, 0.0321
13:54:10, 6.93, 208, 154.19, 354.68, 353.02, 0.2255, -0.0697, 0.9712, 0.0316
13:54:10, 6.93, 208, 154.10, 354.76, 353.04, 0.2261, -0.0693, 0.9711, 0.0309
13:54:10, 6.97, 209, 153.99, 354.84, 353.06, 0.2270, -0.0690, 0.9710, 0.0302
13:54:10, 6.97, 209, 153.83, 354.86, 353.11, 0.2284, -0.0686, 0.9707, 0.0300
13:54:10, 7.00, 210, 153.61, 354.90, 353.16, 0.2302, -0.0682, 0.9703, 0.0296
13:54:10, 7.00, 210, 153.36, 354.91, 353.23, 0.2323, -0.0676, 0.9698, 0.0296
13:54:10, 7.03, 211, 153.05, 354.91, 353.26, 0.2349, -0.0674, 0.9692, 0.0295
13:54:10, 7.03, 211, 152.79, 354.91, 353.30, 0.2371, -0.0672, 0.9687, 0.0293
13:54:10, 7.03, 211, 152.50, 354.91, 353.32, 0.2396, -0.0670, 0.9681, 0.0292
13:54:10, 7.07, 212, 152.24, 354.92, 353.32, 0.2417, -0.0671, 0.9676, 0.0290
13:54:10, 7.07, 212, 152.03, 354.93, 353.30, 0.2436, -0.0673, 0.9671, 0.0288
13:54:10, 7.10, 213, 151.78, 354.90, 353.32, 0.2456, -0.0673, 0.9666, 0.0289
13:54:10, 7.10, 213, 151.56, 354.88, 353.38, 0.2475, -0.0669, 0.9661, 0.0290
13:54:10, 7.10, 213, 151.34, 354.88, 353.42, 0.2494, -0.0666, 0.9657, 0.0290
13:54:10, 7.13, 214, 151.14, 354.87, 353.42, 0.2510, -0.0666, 0.9652, 0.0290
13:54:10, 7.13, 214, 150.97, 354.85, 353.44, 0.2525, -0.0666, 0.9649, 0.0291
13:54:10, 7.17, 215, 150.82, 354.86, 353.48, 0.2537, -0.0663, 0.9646, 0.0290
13:54:10, 7.17, 215, 150.62, 354.83, 353.53, 0.2554, -0.0660, 0.9641, 0.0292
13:54:10, 7.20, 216, 150.38, 354.81, 353.59, 0.2574, -0.0656, 0.9636, 0.0294
13:54:10, 7.20, 216, 150.14, 354.78, 353.62, 0.2594, -0.0654, 0.9631, 0.0296
13:54:10, 7.20, 216, 149.90, 354.74, 353.65, 0.2615, -0.0654, 0.9625, 0.0299
13:54:10, 7.23, 217, 149.60, 354.72, 353.66, 0.2640, -0.0654, 0.9618, 0.0299
13:54:10, 7.23, 217, 149.26, 354.69, 353.70, 0.2668, -0.0652, 0.9611, 0.0301
13:54:10, 7.27, 218, 148.92, 354.61, 353.69, 0.2697, -0.0655, 0.9602, 0.0305
13:54:10, 7.27, 218, 148.53, 354.55, 353.69, 0.2730, -0.0658, 0.9593, 0.0308
13:54:10, 7.27, 218, 148.13, 354.49, 353.66, 0.2764, -0.0663, 0.9583, 0.0310
13:54:10, 7.30, 219, 147.70, 354.39, 353.64, 0.2800, -0.0668, 0.9571, 0.0315
13:54:10, 7.30, 219, 147.23, 354.36, 353.73, 0.2839, -0.0663, 0.9560, 0.0318
13:54:10, 7.33, 220, 146.72, 354.33, 353.82, 0.2881, -0.0657, 0.9548, 0.0319
13:54:10, 7.33, 220, 146.23, 354.28, 353.91, 0.2922, -0.0652, 0.9536, 0.0323
13:54:10, 7.37, 221, 145.73, 354.21, 353.94, 0.2964, -0.0653, 0.9523, 0.0326
13:54:10, 7.37, 221, 145.31, 354.20, 354.00, 0.2999, -0.0650, 0.9512, 0.0327
13:54:10, 7.37, 221, 144.79, 354.16, 354.11, 0.3042, -0.0643, 0.9499, 0.0330
13:54:10, 7.40, 222, 144.32, 354.13, 354.25, 0.3081, -0.0633, 0.9487, 0.0333
13:54:10, 7.40, 222, 143.85, 354.12, 354.29, 0.3119, -0.0632, 0.9474, 0.0333
13:54:10, 7.43, 223, 143.45, 354.10, 354.38, 0.3152, -0.0626, 0.9464, 0.0335
13:54:10, 7.43, 223, 143.07, 354.07, 354.46, 0.3183, -0.0621, 0.9454, 0.0337
13:54:10, 7.43, 223, 142.64, 354.01, 354.54, 0.3218, -0.0617, 0.9442, 0.0342
13:54:10, 7.47, 224, 142.21, 354.03, 354.51, 0.3254, -0.0621, 0.9429, 0.0337
13:54:10, 7.47, 224, 141.80, 353.94, 354.53, 0.3288, -0.0623, 0.9417, 0.0343
13:54:10, 7.50, 225, 141.41, 353.89, 354.51, 0.3320, -0.0627, 0.9406, 0.0344
13:54:10, 7.50, 225, 140.93, 353.84, 354.42, 0.3359, -0.0637, 0.9391, 0.0343
13:54:10, 7.53, 226, 140.46, 353.77, 354.44, 0.3398, -0.0639, 0.9377, 0.0347
13:54:10, 7.53, 226, 139.90, 353.80, 354.44, 0.3444, -0.0641, 0.9360, 0.0342
13:54:10, 7.53, 226, 139.37, 353.71, 354.37, 0.3487, -0.0650, 0.9343, 0.0344
13:54:10, 7.57, 227, 138.81, 353.67, 354.32, 0.3534, -0.0657, 0.9325, 0.0342
13:54:10, 7.57, 227, 138.28, 353.58, 354.28, 0.3577, -0.0665, 0.9308, 0.0345
13:54:10, 7.60, 228, 137.70, 353.57, 354.23, 0.3624, -0.0671, 0.9290, 0.0342
13:54:10, 7.60, 228, 137.10, 353.48, 354.22, 0.3673, -0.0676, 0.9270, 0.0345
13:54:10, 7.60, 228, 136.49, 353.42, 354.27, 0.3722, -0.0675, 0.9250, 0.0347
13:54:10, 7.63, 229, 135.85, 353.34, 354.32, 0.3774, -0.0676, 0.9229, 0.0352
13:54:10, 7.63, 229, 135.19, 353.28, 354.36, 0.3827, -0.0677, 0.9207, 0.0354
13:54:10, 7.67, 230, 134.52, 353.11, 354.44, 0.3881, -0.0679, 0.9184, 0.0367
13:54:10, 7.67, 230, 133.69, 353.06, 354.54, 0.3947, -0.0675, 0.9156, 0.0369
13:54:10, 7.70, 231, 132.91, 352.97, 354.67, 0.4009, -0.0670, 0.9129, 0.0376
13:54:10, 7.70, 231, 132.06, 352.89, 354.77, 0.4076, -0.0668, 0.9099, 0.0381
13:54:10, 7.70, 231, 131.11, 352.77, 354.93, 0.4151, -0.0662, 0.9065, 0.0391
13:54:10, 7.73, 232, 129.97, 352.58, 355.04, 0.4241, -0.0665, 0.9023, 0.0403
13:54:10, 7.73, 232, 128.61, 352.32, 355.15, 0.4347, -0.0671, 0.8971, 0.0420
13:54:10, 7.77, 233, 126.96, 351.91, 355.32, 0.4476, -0.0679, 0.8905, 0.0449
13:54:10, 7.77, 233, 124.87, 351.39, 355.61, 0.4637, -0.0685, 0.8820, 0.0488
13:54:10, 7.77, 233, 122.31, 350.73, 355.82, 0.4831, -0.0708, 0.8711, 0.0532
13:54:10, 7.80, 234, 119.51, 349.99, 355.94, 0.5041, -0.0744, 0.8585, 0.0576
13:54:10, 7.80, 234, 116.52, 349.17, 356.15, 0.5261, -0.0780, 0.8445, 0.0627
13:54:11, 7.83, 235, 113.46, 348.36, 356.31, 0.5482, -0.0824, 0.8296, 0.0672
13:54:11, 7.83, 235, 110.37, 347.63, 356.57, 0.5700, -0.0859, 0.8140, 0.0715
13:54:11, 7.87, 236, 107.28, 346.98, 356.83, 0.5913, -0.0893, 0.7980, 0.0750
13:54:11, 7.87, 236, 104.27, 346.39, 357.16, 0.6116, -0.0921, 0.7819, 0.0785
13:54:11, 7.87, 236, 101.21, 345.84, 357.70, 0.6316, -0.0936, 0.7652, 0.0826
13:54:11, 7.90, 237, 98.09, 345.19, 358.28, 0.6514, -0.0957, 0.7476, 0.0876
13:54:11, 7.90, 237, 94.77, 344.78, 358.91, 0.6720, -0.0966, 0.7285, 0.0911
13:54:11, 7.93, 238, 91.33, 344.46, 359.52, 0.6928, -0.0974, 0.7083, 0.0938
13:54:11, 7.93, 238, 87.68, 344.27, 0.14, 0.7144, -0.0978, 0.6863, 0.0956
13:54:11, 7.93, 238, 84.07, 344.27, 0.68, 0.7352, -0.0976, 0.6639, 0.0960
13:54:11, 7.97, 239, 80.31, 344.50, 1.17, 0.7564, -0.0965, 0.6400, 0.0947
13:54:11, 7.97, 239, 76.59, 344.87, 1.57, 0.7768, -0.0949, 0.6157, 0.0922
13:54:11, 8.00, 240, 72.90, 345.18, 1.98, 0.7962, -0.0936, 0.5908, 0.0904
13:54:11, 8.00, 240, 69.28, 345.54, 2.38, 0.8146, -0.0919, 0.5659, 0.0885
13:54:11, 8.03, 241, 65.71, 345.90, 2.79, 0.8318, -0.0900, 0.5408, 0.0868
13:54:11, 8.03, 241, 62.30, 346.03, 3.28, 0.8473, -0.0893, 0.5162, 0.0872
13:54:11, 8.03, 241, 59.08, 346.10, 3.79, 0.8612, -0.0890, 0.4927, 0.0882
13:54:11, 8.07, 242, 56.00, 346.09, 4.26, 0.8737, -0.0896, 0.4697, 0.0894
13:54:11, 8.07, 242, 53.07, 346.12, 4.65, 0.8852, -0.0900, 0.4475, 0.0899
13:54:11, 8.10, 243, 50.25, 346.28, 4.94, 0.8959, -0.0898, 0.4258, 0.0894
13:54:11, 8.10, 243, 47.48, 346.52, 5.15, 0.9060, -0.0893, 0.4042, 0.0880
13:54:11, 8.10, 243, 44.77, 346.75, 5.39, 0.9154, -0.0887, 0.3829, 0.0871
13:54:11, 8.13, 244, 42.06, 346.85, 5.56, 0.9242, -0.0895, 0.3613, 0.0860
13:54:11, 8.13, 244, 39.52, 346.86, 5.62, 0.9319, -0.0910, 0.3407, 0.0845
13:54:11, 8.17, 245, 37.09, 346.81, 5.55, 0.9389, -0.0934, 0.3208, 0.0821
13:54:11, 8.17, 245, 34.64, 346.94, 5.45, 0.9458, -0.0944, 0.3006, 0.0789
13:54:11, 8.17, 245, 32.25, 347.07, 5.36, 0.9520, -0.0951, 0.2807, 0.0759
13:54:11, 8.20, 246, 29.96, 347.28, 5.18, 0.9578, -0.0953, 0.2615, 0.0720
13:54:11, 8.20, 246, 27.64, 347.46, 4.99, 0.9632, -0.0957, 0.2419, 0.0681
13:54:11, 8.23, 247, 25.42, 347.57, 4.67, 0.9680, -0.0966, 0.2229, 0.0633
13:54:11, 8.23, 247, 23.24, 347.64, 4.39, 0.9723, -0.0977, 0.2041, 0.0589
13:54:11, 8.27, 248, 21.13, 347.60, 4.05, 0.9760, -0.0996, 0.1859, 0.0543
13:54:11, 8.27, 248, 19.16, 347.59, 3.75, 0.9792, -0.1011, 0.1688, 0.0501
13:54:11, 8.27, 248, 17.34, 347.56, 3.48, 0.9818, -0.1025, 0.1531, 0.0461
13:54:11, 8.30, 249, 15.61, 347.58, 3.19, 0.9841, -0.1033, 0.1379, 0.0421
13:54:11, 8.30, 249, 14.03, 347.64, 2.99, 0.9861, -0.1037, 0.1242, 0.0389
13:54:11, 8.33, 250, 12.48, 347.73, 2.88, 0.9878, -0.1035, 0.1107, 0.0364
13:54:11, 8.33, 250, 11.03, 347.81, 2.76, 0.9892, -0.1034, 0.0981, 0.0341
13:54:11, 8.37, 251, 9.71, 347.87, 2.67, 0.9904, -0.1033, 0.0866, 0.0320
13:54:11, 8.37, 251, 8.47, 347.97, 2.64, 0.9913, -0.1028, 0.0758, 0.0306
13:54:11, 8.37, 251, 7.42, 348.06, 2.59, 0.9921, -0.1023, 0.0667, 0.0292
13:54:11, 8.40, 252, 6.53, 348.19, 2.59, 0.9927, -0.1014, 0.0590, 0.0283
13:54:11, 8.40, 252, 5.64, 348.34, 2.67, 0.9932, -0.1003, 0.0513, 0.0282
13:54:11, 8.43, 253, 4.87, 348.45, 2.60, 0.9937, -0.0996, 0.0445, 0.0269
13:54:11, 8.43, 253, 4.17, 348.66, 2.63, 0.9941, -0.0978, 0.0384, 0.0264
13:54:11, 8.43, 253, 3.49, 348.84, 2.61, 0.9945, -0.0965, 0.0325, 0.0256
13:54:11, 8.47, 254, 2.93, 348.97, 2.60, 0.9947, -0.0955, 0.0276, 0.0251
13:54:11, 8.47, 254, 2.34, 349.28, 2.56, 0.9951, -0.0929, 0.0225, 0.0242
13:54:11, 8.50, 255, 1.80, 349.46, 2.50, 0.9954, -0.0915, 0.0176, 0.0232
13:54:11, 8.50, 255, 1.22, 349.72, 2.44, 0.9957, -0.0894, 0.0126, 0.0222
13:54:11, 8.53, 256, 0.71, 349.96, 2.37, 0.9959, -0.0873, 0.0080, 0.0212
13:54:11, 8.53, 256, 0.20, 350.10, 2.22, 0.9961, -0.0862, 0.0034, 0.0194
13:54:11, 8.53, 256, 359.70, 350.30, 2.13, 0.9962, -0.0846, -0.0011, 0.0183
13:54:11, 8.57, 257, 359.11, 350.39, 2.07, 0.9963, -0.0839, -0.0063, 0.0173
13:54:11, 8.57, 257, 358.57, 350.47, 1.98, 0.9963, -0.0833, -0.0110, 0.0162
13:54:11, 8.60, 258, 357.96, 350.63, 1.95, 0.9964, -0.0820, -0.0163, 0.0155
13:54:11, 8.60, 258, 357.42, 350.75, 1.86, 0.9964, -0.0810, -0.0211, 0.0144
13:54:11, 8.60, 258, 356.84, 350.87, 1.80, 0.9964, -0.0800, -0.0262, 0.0134
13:54:11, 8.63, 259, 356.21, 350.93, 1.73, 0.9962, -0.0796, -0.0318, 0.0125
13:54:11, 8.63, 259, 355.61, 351.01, 1.67, 0.9961, -0.0789, -0.0370, 0.0115
13:54:11, 8.67, 260, 354.87, 351.00, 1.64, 0.9959, -0.0790, -0.0434, 0.0108
13:54:11, 8.67, 260, 354.20, 350.97, 1.62, 0.9956, -0.0793, -0.0493, 0.0101
13:54:11, 8.70, 261, 353.45, 350.95, 1.59, 0.9952, -0.0795, -0.0559, 0.0093
13:54:11, 8.70, 261, 352.70, 350.97, 1.55, 0.9949, -0.0794, -0.0624, 0.0084
13:54:11, 8.70, 261, 351.86, 350.92, 1.53, 0.9943, -0.0799, -0.0696, 0.0077
13:54:11, 8.73, 262, 351.05, 350.82, 1.52, 0.9938, -0.0808, -0.0767, 0.0070
13:54:11, 8.73, 262, 350.16, 350.81, 1.59, 0.9931, -0.0810, -0.0844, 0.0069
13:54:11, 8.77, 263, 349.31, 350.80, 1.56, 0.9925, -0.0811, -0.0917, 0.0060
13:54:11, 8.77, 263, 348.42, 350.78, 1.51, 0.9917, -0.0813, -0.0995, 0.0050
13:54:11, 8.77, 263, 347.61, 350.72, 1.48, 0.9909, -0.0818, -0.1065, 0.0041
13:54:11, 8.80, 264, 346.77, 350.77, 1.44, 0.9902, -0.0814, -0.1138, 0.0031
13:54:11, 8.80, 264, 345.99, 350.79, 1.37, 0.9894, -0.0811, -0.1206, 0.0021
13:54:12, 8.83, 265, 345.24, 350.82, 1.36, 0.9886, -0.0809, -0.1270, 0.0015
13:54:12, 8.83, 265, 344.54, 350.88, 1.32, 0.9878, -0.0803, -0.1331, 0.0007
13:54:12, 8.87, 266, 343.90, 350.92, 1.26, 0.9871, -0.0799, -0.1387, -0.0002
13:54:12, 8.87, 266, 343.23, 350.96, 1.19, 0.9863, -0.0795, -0.1446, -0.0012
13:54:12, 8.87, 266, 342.55, 350.98, 1.16, 0.9854, -0.0793, -0.1505, -0.0020
13:54:12, 8.90, 267, 341.93, 351.06, 1.11, 0.9847, -0.0785, -0.1558, -0.0027
13:54:12, 8.90, 267, 341.35, 351.06, 1.04, 0.9839, -0.0783, -0.1609, -0.0037
13:54:12, 8.93, 268, 340.76, 351.20, 0.94, 0.9831, -0.0770, -0.1660, -0.0047
13:54:12, 8.93, 268, 340.15, 351.33, 0.96, 0.9823, -0.0759, -0.1713, -0.0048
13:54:12, 8.93, 268, 339.51, 351.43, 0.99, 0.9814, -0.0750, -0.1767, -0.0048
13:54:12, 8.97, 269, 338.82, 351.49, 1.02, 0.9803, -0.0745, -0.1827, -0.0049
13:54:12, 8.97, 269, 338.13, 351.58, 1.01, 0.9793, -0.0738, -0.1886, -0.0053
13:54:12, 9.00, 270, 337.40, 351.58, 0.89, 0.9781, -0.0735, -0.1948, -0.0068
13:54:12, 9.00, 270, 336.60, 351.64, 0.91, 0.9767, -0.0730, -0.2017, -0.0070
13:54:12, 9.03, 271, 335.80, 351.64, 0.94, 0.9753, -0.0730, -0.2084, -0.0073
13:54:12, 9.03, 271, 334.85, 351.65, 0.97, 0.9735, -0.0729, -0.2166, -0.0076
13:54:12, 9.03, 271, 333.94, 351.70, 0.95, 0.9718, -0.0723, -0.2243, -0.0083
13:54:12, 9.07, 272, 333.02, 351.67, 0.94, 0.9699, -0.0726, -0.2321, -0.0090
13:54:12, 9.07, 272, 332.11, 351.67, 0.97, 0.9681, -0.0725, -0.2397, -0.0093
13:54:12, 9.10, 273, 331.17, 351.56, 0.97, 0.9660, -0.0733, -0.2477, -0.0102
13:54:12, 9.10, 273, 330.16, 351.52, 0.99, 0.9638, -0.0737, -0.2562, -0.0107
13:54:12, 9.10, 273, 329.20, 351.41, 0.99, 0.9615, -0.0745, -0.2642, -0.0116
13:54:12, 9.13, 274, 328.34, 351.37, 0.94, 0.9595, -0.0746, -0.2714, -0.0126
13:54:12, 9.13, 274, 327.45, 351.35, 0.92, 0.9573, -0.0746, -0.2788, -0.0134
13:54:12, 9.17, 275, 326.73, 351.28, 0.92, 0.9555, -0.0752, -0.2849, -0.0141
13:54:12, 9.17, 275, 326.07, 351.21, 0.87, 0.9538, -0.0755, -0.2904, -0.0151
13:54:12, 9.20, 276, 325.47, 351.23, 0.90, 0.9523, -0.0753, -0.2953, -0.0152
13:54:12, 9.20, 276, 325.01, 351.22, 1.00, 0.9511, -0.0756, -0.2991, -0.0147
13:54:12, 9.20, 276, 324.57, 351.29, 1.04, 0.9500, -0.0751, -0.3027, -0.0145
13:54:12, 9.23, 277, 324.23, 351.29, 1.08, 0.9491, -0.0752, -0.3056, -0.0144
13:54:12, 9.23, 277, 323.95, 351.33, 1.11, 0.9484, -0.0749, -0.3078, -0.0142
13:54:12, 9.27, 278, 323.70, 351.40, 1.11, 0.9478, -0.0742, -0.3099, -0.0142
13:54:12, 9.27, 278, 323.51, 351.41, 1.16, 0.9472, -0.0743, -0.3115, -0.0139
13:54:12, 9.27, 278, 323.33, 351.41, 1.18, 0.9468, -0.0743, -0.3129, -0.0138
13:54:12, 9.30, 279, 323.10, 351.46, 1.18, 0.9462, -0.0738, -0.3149, -0.0138
13:54:12, 9.30, 279, 322.87, 351.47, 1.17, 0.9455, -0.0738, -0.3167, -0.0140
13:54:12, 9.33, 280, 322.58, 351.52, 1.18, 0.9447, -0.0733, -0.3192, -0.0140
13:54:12, 9.33, 280, 322.22, 351.58, 1.19, 0.9438, -0.0728, -0.3221, -0.0140
13:54:12, 9.37, 281, 321.81, 351.60, 1.19, 0.9426, -0.0726, -0.3256, -0.0142
13:54:12, 9.37, 281, 321.39, 351.67, 1.22, 0.9415, -0.0720, -0.3290, -0.0140
13:54:12, 9.37, 281, 320.89, 351.69, 1.28, 0.9401, -0.0720, -0.3330, -0.0137
13:54:12, 9.40, 282, 320.33, 351.67, 1.37, 0.9384, -0.0724, -0.3376, -0.0134
13:54:12, 9.40, 282, 319.75, 351.71, 1.35, 0.9367, -0.0719, -0.3423, -0.0139
13:54:12, 9.43, 283, 319.16, 351.67, 1.28, 0.9349, -0.0719, -0.3472, -0.0149
13:54:12, 9.43, 283, 318.63, 351.71, 1.27, 0.9333, -0.0715, -0.3515, -0.0152
13:54:12, 9.43, 283, 318.09, 351.75, 1.19, 0.9316, -0.0709, -0.3560, -0.0161
13:54:12, 9.47, 284, 317.53, 351.80, 1.17, 0.9299, -0.0703, -0.3606, -0.0164
13:54:12, 9.47, 284, 317.00, 351.82, 1.12, 0.9283, -0.0699, -0.3649, -0.0171
13:54:12, 9.50, 285, 316.50, 351.78, 1.05, 0.9266, -0.0700, -0.3690, -0.0181
13:54:12, 9.50, 285, 315.95, 351.80, 0.98, 0.9248, -0.0694, -0.3735, -0.0189
13:54:12, 9.53, 286, 315.43, 351.78, 0.98, 0.9231, -0.0695, -0.3777, -0.0193
13:54:12, 9.53, 286, 314.92, 351.80, 0.91, 0.9214, -0.0690, -0.3818, -0.0201
13:54:12, 9.53, 286, 314.42, 351.77, 0.83, 0.9197, -0.0689, -0.3859, -0.0211
13:54:12, 9.57, 287, 313.94, 351.79, 0.79, 0.9181, -0.0686, -0.3897, -0.0216
13:54:12, 9.57, 287, 313.44, 351.87, 0.76, 0.9164, -0.0678, -0.3938, -0.0220
13:54:12, 9.60, 288, 313.00, 351.82, 0.75, 0.9149, -0.0680, -0.3973, -0.0224
13:54:12, 9.60, 288, 312.47, 351.95, 0.69, 0.9131, -0.0667, -0.4016, -0.0228
13:54:12, 9.60, 288, 312.01, 351.91, 0.62, 0.9115, -0.0666, -0.4053, -0.0237
13:54:12, 9.63, 289, 311.51, 351.90, 0.57, 0.9097, -0.0665, -0.4093, -0.0245
13:54:12, 9.63, 289, 311.10, 351.95, 0.48, 0.9082, -0.0656, -0.4126, -0.0253
13:54:12, 9.67, 290, 310.68, 351.94, 0.38, 0.9066, -0.0653, -0.4160, -0.0263
13:54:12, 9.67, 290, 310.28, 351.96, 0.39, 0.9052, -0.0650, -0.4191, -0.0264
13:54:12, 9.70, 291, 309.82, 351.93, 0.37, 0.9035, -0.0651, -0.4228, -0.0270
13:54:12, 9.70, 291, 309.36, 351.96, 0.34, 0.9018, -0.0646, -0.4265, -0.0274
13:54:12, 9.70, 291, 308.89, 351.94, 0.29, 0.9000, -0.0645, -0.4301, -0.0281
13:54:12, 9.73, 292, 308.46, 351.92, 0.16, 0.8984, -0.0640, -0.4336, -0.0294
13:54:12, 9.73, 292, 308.05, 351.96, 0.04, 0.8968, -0.0632, -0.4369, -0.0304
13:54:12, 9.77, 293, 307.62, 351.94, 0.01, 0.8951, -0.0631, -0.4403, -0.0310
13:54:12, 9.77, 293, 307.13, 351.97, 359.92, 0.8932, -0.0624, -0.4442, -0.0318
13:54:12, 9.77, 293, 306.67, 351.92, 359.80, 0.8914, -0.0622, -0.4478, -0.0331
13:54:12, 9.80, 294, 306.17, 351.90, 359.64, 0.8893, -0.0616, -0.4517, -0.0347
13:54:12, 9.80, 294, 305.72, 351.94, 359.50, 0.8875, -0.0605, -0.4553, -0.0359
13:54:13, 9.83, 295, 305.31, 352.00, 359.30, 0.8859, -0.0592, -0.4586, -0.0375
13:54:13, 9.83, 295, 304.89, 352.00, 359.14, 0.8842, -0.0584, -0.4619, -0.0389
13:54:13, 9.87, 296, 304.54, 351.99, 358.95, 0.8826, -0.0576, -0.4647, -0.0406
13:54:13, 9.87, 296, 304.19, 351.92, 358.79, 0.8811, -0.0573, -0.4674, -0.0423
13:54:13, 9.87, 296, 303.81, 351.94, 358.64, 0.8795, -0.0564, -0.4705, -0.0435
13:54:13, 9.90, 297, 303.44, 351.94, 358.53, 0.8780, -0.0559, -0.4734, -0.0446
13:54:13, 9.90, 297, 303.11, 351.96, 358.39, 0.8766, -0.0550, -0.4759, -0.0457
13:54:13, 9.93, 298, 302.78, 351.96, 358.27, 0.8751, -0.0544, -0.4785, -0.0468
13:54:13, 9.93, 298, 302.39, 351.93, 358.15, 0.8734, -0.0539, -0.4815, -0.0481
13:54:13, 9.93, 298, 302.00, 351.88, 358.08, 0.8717, -0.0538, -0.4845, -0.0489
13:54:13, 9.97, 299, 301.52, 351.75, 358.02, 0.8696, -0.0543, -0.4882, -0.0502
13:54:13, 9.97, 299, 300.99, 351.63, 357.99, 0.8672, -0.0549, -0.4922, -0.0511
