Timestamp, VideoTime, VideoFrame, HeadYaw, HeadPitch, HeadRoll, HeadQuatW, HeadQuatX, HeadQuatY, HeadQuatZ
14:03:55, 0.00, 0, 30.46, 356.80, 359.92, 0.9645, -0.0271, 0.2626, 0.0066
14:03:55, 0.03, 1, 29.55, 356.74, 359.95, 0.9665, -0.0276, 0.2549, 0.0068
14:03:55, 0.03, 1, 28.64, 356.69, 359.93, 0.9685, -0.0281, 0.2472, 0.0066
14:03:55, 0.03, 1, 27.62, 356.66, 359.96, 0.9707, -0.0284, 0.2386, 0.0066
14:03:55, 0.07, 2, 26.50, 356.56, 359.98, 0.9729, -0.0293, 0.2291, 0.0067
14:03:55, 0.07, 2, 25.28, 356.50, 359.95, 0.9753, -0.0299, 0.2187, 0.0063
14:03:55, 0.10, 3, 23.88, 356.43, 359.97, 0.9779, -0.0305, 0.2068, 0.0062
14:03:55, 0.10, 3, 22.34, 356.37, 0.04, 0.9806, -0.0310, 0.1936, 0.0065
14:03:55, 0.10, 3, 20.70, 356.37, 0.01, 0.9832, -0.0312, 0.1795, 0.0058
14:03:55, 0.13, 4, 18.89, 356.35, 0.03, 0.9859, -0.0313, 0.1640, 0.0055
14:03:55, 0.13, 4, 16.94, 356.28, 359.95, 0.9886, -0.0322, 0.1472, 0.0044
14:03:55, 0.17, 5, 15.01, 356.22, 359.92, 0.9909, -0.0328, 0.1305, 0.0036
14:03:55, 0.17, 5, 13.04, 356.18, 359.85, 0.9930, -0.0333, 0.1135, 0.0025
14:03:55, 0.20, 6, 11.12, 356.14, 359.75, 0.9947, -0.0337, 0.0967, 0.0011
14:03:55, 0.20, 6, 9.11, 356.00, 359.74, 0.9962, -0.0350, 0.0793, 0.0005
14:03:55, 0.20, 6, 7.24, 355.90, 359.71, 0.9974, -0.0359, 0.0630, -0.0003
14:03:55, 0.23, 7, 5.38, 355.73, 359.82, 0.9982, -0.0373, 0.0469, 0.0002
14:03:55, 0.23, 7, 3.65, 355.61, 359.82, 0.9988, -0.0384, 0.0318, -0.0003
14:03:55, 0.23, 7, 2.15, 355.45, 359.97, 0.9990, -0.0397, 0.0187, 0.0005
14:03:55, 0.27, 8, 0.66, 355.37, 0.07, 0.9992, -0.0404, 0.0057, 0.0009
14:03:55, 0.27, 8, 359.35, 355.31, 0.24, 0.9991, -0.0409, -0.0055, 0.0019
14:03:55, 0.30, 9, 358.13, 355.29, 0.40, 0.9990, -0.0411, -0.0162, 0.0028
14:03:55, 0.30, 9, 357.12, 355.21, 0.54, 0.9988, -0.0419, -0.0249, 0.0037
14:03:56, 0.33, 10, 356.11, 355.23, 0.74, 0.9985, -0.0418, -0.0337, 0.0050
14:03:56, 0.33, 10, 355.23, 355.25, 0.90, 0.9983, -0.0417, -0.0412, 0.0061
14:03:56, 0.33, 10, 354.36, 355.28, 1.06, 0.9979, -0.0416, -0.0488, 0.0072
14:03:56, 0.37, 11, 353.73, 355.30, 1.19, 0.9976, -0.0415, -0.0542, 0.0082
14:03:56, 0.37, 11, 353.10, 355.28, 1.31, 0.9973, -0.0418, -0.0597, 0.0089
14:03:56, 0.40, 12, 352.60, 355.29, 1.45, 0.9970, -0.0418, -0.0640, 0.0100
14:03:56, 0.40, 12, 352.18, 355.29, 1.59, 0.9968, -0.0419, -0.0676, 0.0110
14:03:56, 0.43, 13, 351.89, 355.27, 1.72, 0.9966, -0.0422, -0.0700, 0.0120
14:03:56, 0.43, 13, 351.80, 355.19, 1.73, 0.9965, -0.0429, -0.0708, 0.0121
14:03:56, 0.43, 13, 351.84, 355.15, 1.74, 0.9965, -0.0433, -0.0704, 0.0121
14:03:56, 0.47, 14, 352.13, 354.99, 1.78, 0.9966, -0.0447, -0.0679, 0.0125
14:03:56, 0.47, 14, 352.74, 354.81, 1.86, 0.9969, -0.0462, -0.0625, 0.0134
14:03:56, 0.50, 15, 353.47, 354.65, 1.95, 0.9972, -0.0476, -0.0561, 0.0143
14:03:56, 0.50, 15, 354.38, 354.64, 2.01, 0.9976, -0.0475, -0.0481, 0.0152
14:03:56, 0.53, 16, 355.33, 354.56, 2.04, 0.9979, -0.0481, -0.0399, 0.0158
14:03:56, 0.53, 16, 356.35, 354.57, 2.10, 0.9982, -0.0479, -0.0309, 0.0168
14:03:56, 0.53, 16, 357.44, 354.54, 2.20, 0.9985, -0.0480, -0.0214, 0.0181
14:03:56, 0.57, 17, 358.68, 354.39, 2.23, 0.9986, -0.0492, -0.0106, 0.0189
14:03:56, 0.57, 17, 0.00, 354.34, 2.14, 0.9986, -0.0494, 0.0009, 0.0187
14:03:56, 0.60, 18, 1.36, 354.36, 2.07, 0.9985, -0.0490, 0.0127, 0.0186
14:03:56, 0.60, 18, 2.74, 354.29, 1.91, 0.9983, -0.0494, 0.0247, 0.0179
14:03:56, 0.60, 18, 4.26, 354.26, 1.69, 0.9979, -0.0494, 0.0379, 0.0166
14:03:56, 0.63, 19, 5.67, 354.20, 1.49, 0.9974, -0.0499, 0.0501, 0.0155
14:03:56, 0.63, 19, 7.24, 354.16, 1.31, 0.9966, -0.0501, 0.0636, 0.0146
14:03:56, 0.67, 20, 8.74, 354.23, 1.09, 0.9957, -0.0495, 0.0766, 0.0133
14:03:56, 0.67, 20, 10.23, 354.18, 0.86, 0.9947, -0.0499, 0.0894, 0.0120
14:03:56, 0.70, 21, 11.71, 354.21, 0.68, 0.9935, -0.0496, 0.1021, 0.0110
14:03:56, 0.70, 21, 13.10, 354.24, 0.52, 0.9922, -0.0494, 0.1142, 0.0102
14:03:56, 0.70, 21, 14.48, 354.34, 0.34, 0.9908, -0.0486, 0.1260, 0.0091
14:03:56, 0.73, 22, 15.82, 354.40, 0.19, 0.9893, -0.0482, 0.1375, 0.0084
14:03:56, 0.73, 22, 17.19, 354.43, 0.01, 0.9876, -0.0480, 0.1493, 0.0073
14:03:56, 0.77, 23, 18.51, 354.51, 359.82, 0.9859, -0.0475, 0.1606, 0.0061
14:03:56, 0.77, 23, 19.93, 354.59, 359.49, 0.9838, -0.0473, 0.1726, 0.0038
14:03:56, 0.77, 23, 21.43, 354.65, 359.18, 0.9815, -0.0472, 0.1854, 0.0017
14:03:56, 0.80, 24, 23.17, 354.89, 358.80, 0.9787, -0.0457, 0.2001, -0.0013
14:03:56, 0.80, 24, 24.98, 355.09, 358.36, 0.9755, -0.0449, 0.2154, -0.0047
14:03:56, 0.83, 25, 26.61, 355.52, 357.94, 0.9724, -0.0422, 0.2293, -0.0085
14:03:56, 0.83, 25, 28.09, 356.02, 357.61, 0.9695, -0.0388, 0.2418, -0.0118
14:03:56, 0.87, 26, 29.40, 356.47, 357.33, 0.9667, -0.0357, 0.2529, -0.0147
14:03:56, 0.87, 26, 30.46, 356.97, 357.08, 0.9644, -0.0322, 0.2619, -0.0176
14:03:56, 0.87, 26, 31.18, 357.50, 356.88, 0.9628, -0.0284, 0.2680, -0.0203
14:03:56, 0.90, 27, 31.71, 357.95, 356.74, 0.9616, -0.0250, 0.2725, -0.0225
14:03:56, 0.90, 27, 31.93, 358.35, 356.63, 0.9610, -0.0219, 0.2745, -0.0243
14:03:56, 0.93, 28, 31.80, 358.66, 356.70, 0.9614, -0.0192, 0.2735, -0.0245
14:03:56, 0.93, 28, 31.59, 358.74, 356.82, 0.9619, -0.0181, 0.2718, -0.0237
14:03:56, 0.93, 28, 31.40, 358.85, 356.88, 0.9624, -0.0170, 0.2702, -0.0235
14:03:56, 0.97, 29, 31.30, 358.87, 356.86, 0.9626, -0.0169, 0.2694, -0.0237
14:03:56, 0.97, 29, 31.24, 358.89, 356.77, 0.9627, -0.0169, 0.2689, -0.0245
14:03:56, 1.00, 30, 31.38, 358.94, 356.50, 0.9623, -0.0172, 0.2700, -0.0269
14:03:56, 1.00, 30, 31.56, 358.92, 356.24, 0.9618, -0.0180, 0.2715, -0.0290
14:03:56, 1.03, 31, 31.75, 358.98, 356.02, 0.9613, -0.0181, 0.2731, -0.0310
14:03:56, 1.03, 31, 31.91, 359.00, 355.93, 0.9609, -0.0182, 0.2744, -0.0318
14:03:56, 1.03, 31, 31.97, 358.95, 355.91, 0.9608, -0.0186, 0.2749, -0.0318
14:03:56, 1.07, 32, 31.99, 358.88, 355.90, 0.9607, -0.0192, 0.2750, -0.0317
14:03:56, 1.07, 32, 31.97, 358.81, 355.83, 0.9608, -0.0200, 0.2748, -0.0321
14:03:56, 1.10, 33, 31.88, 358.75, 355.68, 0.9609, -0.0208, 0.2740, -0.0332
14:03:56, 1.10, 33, 31.76, 358.72, 355.53, 0.9612, -0.0214, 0.2730, -0.0345
14:03:56, 1.10, 33, 31.59, 358.65, 355.38, 0.9615, -0.0223, 0.2715, -0.0355
14:03:56, 1.13, 34, 31.33, 358.60, 355.32, 0.9621, -0.0227, 0.2693, -0.0360
14:03:56, 1.13, 34, 30.98, 358.54, 355.28, 0.9629, -0.0232, 0.2663, -0.0363
14:03:56, 1.17, 35, 30.57, 358.42, 355.32, 0.9639, -0.0241, 0.2628, -0.0357
14:03:56, 1.17, 35, 30.14, 358.28, 355.33, 0.9649, -0.0251, 0.2592, -0.0355
14:03:56, 1.20, 36, 29.65, 358.18, 355.34, 0.9660, -0.0257, 0.2550, -0.0352
14:03:56, 1.20, 36, 29.16, 358.10, 355.29, 0.9670, -0.0264, 0.2508, -0.0356
14:03:56, 1.20, 36, 28.71, 357.95, 355.34, 0.9680, -0.0274, 0.2469, -0.0350
14:03:56, 1.23, 37, 28.15, 357.87, 355.43, 0.9692, -0.0277, 0.2422, -0.0342
14:03:56, 1.23, 37, 27.59, 357.76, 355.59, 0.9704, -0.0281, 0.2375, -0.0327
14:03:56, 1.27, 38, 27.09, 357.64, 355.75, 0.9715, -0.0287, 0.2333, -0.0312
14:03:56, 1.27, 38, 26.53, 357.71, 355.86, 0.9727, -0.0277, 0.2285, -0.0306
14:03:56, 1.27, 38, 26.08, 357.78, 355.96, 0.9736, -0.0269, 0.2248, -0.0300
14:03:56, 1.30, 39, 25.71, 357.87, 356.00, 0.9743, -0.0259, 0.2216, -0.0299
14:03:56, 1.30, 39, 25.39, 357.97, 355.99, 0.9749, -0.0250, 0.2190, -0.0303
14:03:57, 1.33, 40, 25.09, 358.05, 355.92, 0.9755, -0.0243, 0.2165, -0.0310
14:03:57, 1.33, 40, 24.82, 358.08, 355.85, 0.9760, -0.0241, 0.2142, -0.0317
14:03:57, 1.37, 41, 24.59, 358.05, 355.79, 0.9764, -0.0244, 0.2121, -0.0323
14:03:57, 1.37, 41, 24.34, 358.03, 355.78, 0.9768, -0.0246, 0.2100, -0.0324
14:03:57, 1.37, 41, 24.02, 357.99, 355.73, 0.9774, -0.0249, 0.2073, -0.0328
14:03:57, 1.40, 42, 23.61, 357.93, 355.75, 0.9782, -0.0253, 0.2037, -0.0326
14:03:57, 1.40, 42, 22.99, 357.93, 355.77, 0.9792, -0.0251, 0.1985, -0.0326
14:03:57, 1.43, 43, 22.21, 357.85, 355.79, 0.9806, -0.0255, 0.1918, -0.0324
14:03:57, 1.43, 43, 21.20, 357.78, 355.67, 0.9822, -0.0260, 0.1831, -0.0335
14:03:57, 1.43, 43, 19.90, 357.63, 355.54, 0.9841, -0.0271, 0.1718, -0.0347
14:03:57, 1.47, 44, 18.21, 357.43, 355.39, 0.9865, -0.0285, 0.1571, -0.0362
14:03:57, 1.47, 44, 16.33, 357.17, 355.21, 0.9888, -0.0303, 0.1409, -0.0378
14:03:57, 1.50, 45, 14.33, 356.85, 355.15, 0.9911, -0.0325, 0.1234, -0.0386
14:03:57, 1.50, 45, 12.17, 356.49, 355.18, 0.9932, -0.0349, 0.1046, -0.0385
14:03:57, 1.53, 46, 9.85, 356.07, 355.19, 0.9950, -0.0377, 0.0843, -0.0388
14:03:57, 1.53, 46, 7.43, 355.66, 355.23, 0.9964, -0.0404, 0.0631, -0.0390
14:03:57, 1.53, 46, 4.95, 355.18, 355.18, 0.9974, -0.0438, 0.0414, -0.0401
14:03:57, 1.57, 47, 2.36, 354.72, 355.22, 0.9979, -0.0468, 0.0187, -0.0407
14:03:57, 1.57, 47, 359.81, 354.14, 355.35, 0.9979, -0.0510, -0.0038, -0.0406
14:03:57, 1.60, 48, 357.25, 353.43, 355.34, 0.9972, -0.0563, -0.0262, -0.0419
14:03:57, 1.60, 48, 354.78, 352.64, 355.09, 0.9959, -0.0621, -0.0481, -0.0456
14:03:57, 1.60, 48, 352.33, 351.62, 354.60, 0.9938, -0.0697, -0.0701, -0.0518
14:03:57, 1.63, 49, 349.83, 350.56, 353.90, 0.9909, -0.0771, -0.0925, -0.0601
14:03:57, 1.63, 49, 347.31, 349.57, 353.29, 0.9875, -0.0838, -0.1151, -0.0679
14:03:57, 1.67, 50, 344.81, 348.76, 352.80, 0.9837, -0.0886, -0.1374, -0.0748
14:03:57, 1.67, 50, 342.20, 348.12, 352.51, 0.9795, -0.0919, -0.1603, -0.0801
14:03:57, 1.70, 51, 339.42, 347.60, 352.46, 0.9748, -0.0943, -0.1842, -0.0835
14:03:57, 1.70, 51, 336.62, 347.19, 352.53, 0.9696, -0.0959, -0.2080, -0.0859
14:03:57, 1.70, 51, 333.65, 346.87, 352.76, 0.9637, -0.0968, -0.2330, -0.0871
14:03:57, 1.73, 52, 330.64, 346.56, 353.08, 0.9572, -0.0978, -0.2580, -0.0876
14:03:57, 1.73, 52, 327.56, 346.25, 353.44, 0.9498, -0.0989, -0.2835, -0.0880
14:03:57, 1.77, 53, 324.46, 345.94, 353.86, 0.9418, -0.1001, -0.3087, -0.0879
14:03:57, 1.77, 53, 321.41, 345.62, 354.26, 0.9332, -0.1016, -0.3333, -0.0882
14:03:57, 1.77, 53, 318.33, 345.41, 354.70, 0.9240, -0.1022, -0.3579, -0.0880
14:03:57, 1.80, 54, 315.35, 345.36, 355.07, 0.9146, -0.1015, -0.3814, -0.0878
14:03:57, 1.80, 54, 312.39, 345.25, 355.43, 0.9046, -0.1013, -0.4047, -0.0880
14:03:57, 1.83, 55, 309.53, 345.19, 355.79, 0.8944, -0.1009, -0.4268, -0.0878
14:03:57, 1.83, 55, 306.66, 345.21, 356.19, 0.8838, -0.1002, -0.4487, -0.0872
14:03:57, 1.87, 56, 303.99, 345.25, 356.69, 0.8735, -0.0999, -0.4687, -0.0855
14:03:57, 1.87, 56, 301.44, 345.30, 357.20, 0.8633, -0.0997, -0.4876, -0.0837
14:03:57, 1.87, 56, 299.12, 345.34, 357.72, 0.8537, -0.0999, -0.5046, -0.0816
14:03:57, 1.90, 57, 296.87, 345.46, 358.11, 0.8440, -0.0993, -0.5210, -0.0802
14:03:57, 1.90, 57, 294.76, 345.58, 358.38, 0.8346, -0.0981, -0.5362, -0.0794
14:03:57, 1.93, 58, 292.80, 345.74, 358.53, 0.8255, -0.0963, -0.5504, -0.0793
14:03:57, 1.93, 58, 290.92, 345.91, 358.81, 0.8167, -0.0952, -0.5638, -0.0780
14:03:57, 1.93, 58, 289.20, 345.94, 359.10, 0.8084, -0.0952, -0.5757, -0.0773
14:03:57, 1.97, 59, 287.58, 345.86, 359.49, 0.8004, -0.0967, -0.5867, -0.0762
14:03:57, 1.97, 59, 286.19, 345.79, 359.84, 0.7934, -0.0981, -0.5960, -0.0754
14:03:57, 2.00, 60, 284.95, 345.85, 0.11, 0.7871, -0.0983, -0.6044, -0.0743
14:03:57, 2.00, 60, 283.83, 345.95, 0.27, 0.7814, -0.0977, -0.6119, -0.0736
14:03:57, 2.03, 61, 282.82, 346.04, 0.42, 0.7761, -0.0972, -0.6188, -0.0729
14:03:57, 2.03, 61, 281.98, 346.10, 0.52, 0.7717, -0.0968, -0.6244, -0.0727
14:03:57, 2.03, 61, 281.28, 346.13, 0.60, 0.7679, -0.0967, -0.6290, -0.0725
14:03:57, 2.07, 62, 280.60, 346.09, 0.61, 0.7641, -0.0966, -0.6336, -0.0733
14:03:57, 2.07, 62, 280.06, 346.19, 0.61, 0.7612, -0.0956, -0.6372, -0.0732
14:03:57, 2.10, 63, 279.58, 346.20, 0.62, 0.7585, -0.0952, -0.6404, -0.0734
14:03:57, 2.10, 63, 279.18, 346.26, 0.59, 0.7563, -0.0944, -0.6431, -0.0737
14:03:57, 2.10, 63, 278.88, 346.35, 0.63, 0.7547, -0.0938, -0.6452, -0.0732
14:03:57, 2.13, 64, 278.68, 346.43, 0.58, 0.7536, -0.0929, -0.6466, -0.0732
14:03:57, 2.13, 64, 278.47, 346.55, 0.53, 0.7525, -0.0917, -0.6481, -0.0730
14:03:57, 2.17, 65, 278.33, 346.64, 0.54, 0.7518, -0.0910, -0.6491, -0.0725
14:03:57, 2.17, 65, 278.20, 346.74, 0.58, 0.7512, -0.0906, -0.6499, -0.0718
14:03:57, 2.20, 66, 278.13, 346.82, 0.54, 0.7508, -0.0898, -0.6505, -0.0717
14:03:57, 2.20, 66, 278.08, 346.92, 0.49, 0.7505, -0.0888, -0.6509, -0.0715
14:03:57, 2.20, 66, 278.07, 347.04, 0.45, 0.7506, -0.0878, -0.6511, -0.0710
14:03:57, 2.23, 67, 278.11, 347.19, 0.39, 0.7509, -0.0865, -0.6510, -0.0705
14:03:57, 2.23, 67, 278.11, 347.34, 0.38, 0.7510, -0.0854, -0.6511, -0.0698
14:03:57, 2.27, 68, 278.15, 347.49, 0.41, 0.7513, -0.0846, -0.6509, -0.0687
14:03:57, 2.27, 68, 278.19, 347.61, 0.45, 0.7516, -0.0841, -0.6507, -0.0678
14:03:57, 2.27, 68, 278.24, 347.80, 0.48, 0.7521, -0.0830, -0.6504, -0.0664
14:03:57, 2.30, 69, 278.30, 348.01, 0.48, 0.7525, -0.0817, -0.6502, -0.0651
14:03:57, 2.30, 69, 278.40, 348.22, 0.50, 0.7533, -0.0805, -0.6496, -0.0637
14:03:58, 2.33, 70, 278.52, 348.44, 0.51, 0.7541, -0.0792, -0.6489, -0.0624
14:03:58, 2.33, 70, 278.63, 348.61, 0.53, 0.7548, -0.0782, -0.6483, -0.0612
14:03:58, 2.37, 71, 278.74, 348.77, 0.56, 0.7556, -0.0774, -0.6477, -0.0600
14:03:58, 2.37, 71, 278.87, 348.92, 0.62, 0.7565, -0.0769, -0.6468, -0.0587
14:03:58, 2.37, 71, 279.01, 349.08, 0.69, 0.7574, -0.0762, -0.6460, -0.0572
14:03:58, 2.40, 72, 279.20, 349.26, 0.77, 0.7586, -0.0756, -0.6447, -0.0556
14:03:58, 2.40, 72, 279.39, 349.43, 0.84, 0.7598, -0.0750, -0.6436, -0.0541
14:03:58, 2.43, 73, 279.60, 349.57, 0.92, 0.7611, -0.0746, -0.6422, -0.0526
14:03:58, 2.43, 73, 279.84, 349.68, 0.99, 0.7625, -0.0744, -0.6406, -0.0513
14:03:58, 2.43, 73, 280.10, 349.84, 1.04, 0.7641, -0.0737, -0.6389, -0.0499
14:03:58, 2.47, 74, 280.44, 349.98, 1.08, 0.7661, -0.0731, -0.6367, -0.0486
14:03:58, 2.47, 74, 280.80, 350.10, 1.11, 0.7681, -0.0726, -0.6344, -0.0476
14:03:58, 2.50, 75, 281.21, 350.24, 1.14, 0.7705, -0.0721, -0.6317, -0.0463
14:03:58, 2.50, 75, 281.70, 350.37, 1.17, 0.7732, -0.0715, -0.6285, -0.0451
14:03:58, 2.53, 76, 282.25, 350.53, 1.20, 0.7763, -0.0708, -0.6248, -0.0437
14:03:58, 2.53, 76, 282.79, 350.65, 1.18, 0.7793, -0.0701, -0.6212, -0.0428
14:03:58, 2.53, 76, 283.32, 350.89, 1.16, 0.7823, -0.0686, -0.6177, -0.0413
14:03:58, 2.57, 77, 284.03, 351.17, 1.12, 0.7862, -0.0667, -0.6130, -0.0397
14:03:58, 2.57, 77, 284.69, 351.39, 1.01, 0.7899, -0.0648, -0.6086, -0.0389
14:03:58, 2.60, 78, 285.39, 351.66, 0.89, 0.7937, -0.0625, -0.6040, -0.0379
14:03:58, 2.60, 78, 286.14, 351.85, 0.69, 0.7976, -0.0604, -0.5990, -0.0379
14:03:58, 2.60, 78, 286.92, 352.07, 0.57, 0.8017, -0.0585, -0.5936, -0.0372
14:03:58, 2.63, 79, 287.70, 352.30, 0.43, 0.8058, -0.0564, -0.5884, -0.0366
14:03:58, 2.63, 79, 288.45, 352.48, 0.36, 0.8097, -0.0550, -0.5832, -0.0358
14:03:58, 2.67, 80, 289.24, 352.65, 0.27, 0.8138, -0.0536, -0.5777, -0.0352
14:03:58, 2.67, 80, 290.07, 352.70, 0.22, 0.8179, -0.0533, -0.5718, -0.0349
14:03:58, 2.70, 81, 290.83, 352.86, 0.16, 0.8218, -0.0521, -0.5664, -0.0342
14:03:58, 2.70, 81, 291.63, 352.98, 0.14, 0.8257, -0.0513, -0.5608, -0.0334
14:03:58, 2.70, 81, 292.38, 353.17, 0.06, 0.8294, -0.0497, -0.5554, -0.0327
14:03:58, 2.73, 82, 293.10, 353.32, 0.00, 0.8330, -0.0486, -0.5503, -0.0321
14:03:58, 2.73, 82, 293.73, 353.40, 359.94, 0.8360, -0.0479, -0.5457, -0.0319
14:03:58, 2.77, 83, 294.37, 353.40, 359.84, 0.8390, -0.0476, -0.5411, -0.0324
14:03:58, 2.77, 83, 294.81, 353.32, 359.72, 0.8410, -0.0478, -0.5379, -0.0335
14:03:58, 2.77, 83, 295.30, 353.23, 359.59, 0.8432, -0.0480, -0.5343, -0.0346
14:03:58, 2.80, 84, 295.79, 353.30, 359.56, 0.8455, -0.0475, -0.5307, -0.0343
14:03:58, 2.80, 84, 296.32, 353.35, 359.45, 0.8480, -0.0468, -0.5269, -0.0347
14:03:58, 2.83, 85, 296.71, 353.43, 359.44, 0.8498, -0.0462, -0.5240, -0.0342
14:03:58, 2.83, 85, 297.13, 353.50, 359.29, 0.8517, -0.0451, -0.5210, -0.0348
14:03:58, 2.87, 86, 297.52, 353.52, 359.13, 0.8534, -0.0444, -0.5182, -0.0358
14:03:58, 2.87, 86, 297.90, 353.48, 359.03, 0.8550, -0.0444, -0.5154, -0.0365
14:03:58, 2.87, 86, 298.25, 353.45, 358.94, 0.8566, -0.0443, -0.5127, -0.0373
14:03:58, 2.90, 87, 298.62, 353.40, 358.79, 0.8582, -0.0441, -0.5100, -0.0384
14:03:58, 2.90, 87, 299.02, 353.43, 358.72, 0.8599, -0.0437, -0.5071, -0.0387
14:03:58, 2.93, 88, 299.39, 353.41, 358.72, 0.8615, -0.0440, -0.5043, -0.0386
14:03:58, 2.93, 88, 299.84, 353.36, 358.72, 0.8635, -0.0445, -0.5009, -0.0387
14:03:58, 2.93, 88, 300.38, 352.97, 358.81, 0.8657, -0.0480, -0.4967, -0.0394
14:03:58, 2.97, 89, 300.99, 352.50, 358.92, 0.8681, -0.0522, -0.4919, -0.0404
14:03:58, 2.97, 89, 301.73, 351.76, 359.03, 0.8709, -0.0586, -0.4861, -0.0424
14:03:58, 3.00, 90, 302.64, 350.80, 359.04, 0.8742, -0.0664, -0.4789, -0.0458
14:03:58, 3.00, 90, 303.69, 349.89, 358.84, 0.8778, -0.0729, -0.4708, -0.0504
14:03:58, 3.03, 91, 304.83, 349.15, 358.40, 0.8817, -0.0774, -0.4621, -0.0561
14:03:58, 3.03, 91, 306.08, 348.60, 357.68, 0.8858, -0.0794, -0.4528, -0.0630
14:03:58, 3.03, 91, 307.35, 348.40, 356.70, 0.8901, -0.0778, -0.4436, -0.0704
14:03:58, 3.07, 92, 308.58, 348.44, 355.77, 0.8942, -0.0748, -0.4347, -0.0768
14:03:58, 3.07, 92, 309.74, 348.45, 354.74, 0.8979, -0.0716, -0.4262, -0.0840
14:03:58, 3.10, 93, 310.66, 348.62, 353.99, 0.9009, -0.0682, -0.4194, -0.0887
14:03:58, 3.10, 93, 311.48, 348.81, 353.47, 0.9036, -0.0654, -0.4133, -0.0917
14:03:58, 3.10, 93, 312.17, 348.89, 353.24, 0.9060, -0.0646, -0.4080, -0.0928
14:03:58, 3.13, 94, 312.73, 349.04, 353.26, 0.9081, -0.0639, -0.4035, -0.0918
14:03:58, 3.13, 94, 313.25, 349.19, 353.51, 0.9103, -0.0639, -0.3993, -0.0890
14:03:58, 3.17, 95, 313.63, 349.41, 353.78, 0.9120, -0.0635, -0.3960, -0.0859
14:03:58, 3.17, 95, 314.03, 349.72, 353.90, 0.9137, -0.0617, -0.3928, -0.0837
14:03:58, 3.20, 96, 314.38, 349.88, 353.97, 0.9151, -0.0608, -0.3899, -0.0825
14:03:58, 3.20, 96, 314.73, 350.09, 353.91, 0.9164, -0.0593, -0.3871, -0.0821
14:03:58, 3.20, 96, 315.05, 350.21, 353.90, 0.9176, -0.0585, -0.3845, -0.0816
14:03:58, 3.23, 97, 315.41, 350.39, 353.86, 0.9190, -0.0572, -0.3817, -0.0811
14:03:58, 3.23, 97, 315.65, 350.67, 353.82, 0.9200, -0.0550, -0.3797, -0.0804
14:03:58, 3.27, 98, 315.93, 350.89, 353.83, 0.9211, -0.0533, -0.3774, -0.0795
14:03:58, 3.27, 98, 316.14, 351.17, 353.93, 0.9221, -0.0516, -0.3757, -0.0777
14:03:58, 3.30, 99, 316.29, 351.38, 354.00, 0.9228, -0.0502, -0.3743, -0.0764
14:03:58, 3.30, 99, 316.37, 351.57, 354.09, 0.9232, -0.0491, -0.3737, -0.0750
14:03:58, 3.30, 99, 316.43, 351.66, 354.20, 0.9236, -0.0487, -0.3731, -0.0738
14:03:59, 3.33, 100, 316.50, 351.69, 354.32, 0.9239, -0.0489, -0.3725, -0.0727
14:03:59, 3.33, 100, 316.55, 351.71, 354.45, 0.9242, -0.0491, -0.3720, -0.0716
14:03:59, 3.37, 101, 316.61, 351.70, 354.59, 0.9244, -0.0498, -0.3714, -0.0705
14:03:59, 3.37, 101, 316.64, 351.68, 354.71, 0.9246, -0.0503, -0.3712, -0.0696
14:03:59, 3.37, 101, 316.67, 351.62, 354.81, 0.9247, -0.0512, -0.3709, -0.0689
14:03:59, 3.40, 102, 316.62, 351.54, 354.95, 0.9246, -0.0522, -0.3712, -0.0681
14:03:59, 3.40, 102, 316.58, 351.43, 355.11, 0.9244, -0.0536, -0.3715, -0.0671
14:03:59, 3.43, 103, 316.53, 351.22, 355.24, 0.9242, -0.0558, -0.3719, -0.0668
14:03:59, 3.43, 103, 316.54, 350.96, 355.35, 0.9241, -0.0582, -0.3718, -0.0667
14:03:59, 3.43, 103, 316.58, 350.69, 355.51, 0.9241, -0.0609, -0.3713, -0.0663
14:03:59, 3.47, 104, 316.70, 350.42, 355.65, 0.9244, -0.0636, -0.3703, -0.0659
14:03:59, 3.47, 104, 316.82, 350.16, 355.74, 0.9246, -0.0661, -0.3693, -0.0660
14:03:59, 3.50, 105, 316.98, 349.94, 355.81, 0.9250, -0.0682, -0.3680, -0.0660
14:03:59, 3.50, 105, 317.13, 349.71, 355.89, 0.9253, -0.0704, -0.3667, -0.0660
14:03:59, 3.53, 106, 317.33, 349.52, 355.99, 0.9258, -0.0723, -0.3651, -0.0656
14:03:59, 3.53, 106, 317.56, 349.34, 356.12, 0.9265, -0.0743, -0.3631, -0.0650
14:03:59, 3.53, 106, 317.82, 349.19, 356.27, 0.9273, -0.0762, -0.3609, -0.0641
14:03:59, 3.57, 107, 318.15, 348.96, 356.41, 0.9282, -0.0787, -0.3581, -0.0635
14:03:59, 3.57, 107, 318.53, 348.74, 356.56, 0.9292, -0.0811, -0.3550, -0.0626
14:03:59, 3.60, 108, 318.88, 348.51, 356.66, 0.9302, -0.0835, -0.3520, -0.0623
14:03:59, 3.60, 108, 319.22, 348.32, 356.77, 0.9311, -0.0856, -0.3491, -0.0618
14:03:59, 3.60, 108, 319.46, 348.09, 356.92, 0.9317, -0.0880, -0.3471, -0.0610
14:03:59, 3.63, 109, 319.72, 347.93, 357.07, 0.9324, -0.0899, -0.3448, -0.0601
14:03:59, 3.63, 109, 319.97, 347.79, 357.18, 0.9331, -0.0915, -0.3427, -0.0594
14:03:59, 3.67, 110, 320.22, 347.68, 357.24, 0.9338, -0.0927, -0.3406, -0.0590
14:03:59, 3.67, 110, 320.45, 347.52, 357.29, 0.9343, -0.0943, -0.3387, -0.0589
14:03:59, 3.70, 111, 320.59, 347.34, 357.47, 0.9347, -0.0964, -0.3373, -0.0578
14:03:59, 3.70, 111, 320.76, 347.14, 357.57, 0.9350, -0.0984, -0.3359, -0.0575
14:03:59, 3.70, 111, 320.88, 346.89, 357.70, 0.9352, -0.1009, -0.3347, -0.0570
14:03:59, 3.73, 112, 320.96, 346.60, 357.82, 0.9352, -0.1037, -0.3339, -0.0568
14:03:59, 3.73, 112, 321.05, 346.28, 357.91, 0.9351, -0.1066, -0.3330, -0.0569
14:03:59, 3.77, 113, 321.15, 345.97, 357.97, 0.9352, -0.1093, -0.3320, -0.0572
14:03:59, 3.77, 113, 321.24, 345.63, 358.00, 0.9351, -0.1122, -0.3312, -0.0579
14:03:59, 3.77, 113, 321.30, 345.32, 357.91, 0.9349, -0.1145, -0.3307, -0.0594
14:03:59, 3.80, 114, 321.36, 344.95, 357.79, 0.9345, -0.1172, -0.3303, -0.0614
14:03:59, 3.80, 114, 321.36, 344.60, 357.69, 0.9341, -0.1198, -0.3304, -0.0632
14:03:59, 3.83, 115, 321.41, 344.24, 357.57, 0.9338, -0.1224, -0.3300, -0.0651
14:03:59, 3.83, 115, 321.36, 343.92, 357.57, 0.9332, -0.1250, -0.3303, -0.0661
14:03:59, 3.87, 116, 321.31, 343.51, 357.55, 0.9326, -0.1282, -0.3306, -0.0674
14:03:59, 3.87, 116, 321.28, 343.07, 357.52, 0.9319, -0.1317, -0.3308, -0.0689
14:03:59, 3.87, 116, 321.20, 342.53, 357.45, 0.9309, -0.1359, -0.3315, -0.0712
14:03:59, 3.90, 117, 321.13, 341.98, 357.35, 0.9299, -0.1401, -0.3320, -0.0736
14:03:59, 3.90, 117, 321.03, 341.37, 357.12, 0.9286, -0.1443, -0.3329, -0.0774
14:03:59, 3.93, 118, 320.97, 340.76, 356.88, 0.9274, -0.1485, -0.3335, -0.0811
14:03:59, 3.93, 118, 320.88, 339.99, 356.67, 0.9259, -0.1541, -0.3343, -0.0851
14:03:59, 3.93, 118, 320.71, 339.23, 356.52, 0.9241, -0.1597, -0.3357, -0.0887
14:03:59, 3.97, 119, 320.67, 338.56, 356.31, 0.9227, -0.1644, -0.3362, -0.0924
14:03:59, 3.97, 119, 320.51, 337.99, 356.14, 0.9212, -0.1684, -0.3375, -0.0956
14:03:59, 4.00, 120, 320.38, 337.49, 356.07, 0.9199, -0.1721, -0.3385, -0.0977
14:03:59, 4.00, 120, 320.28, 337.11, 355.97, 0.9189, -0.1748, -0.3393, -0.0998
14:03:59, 4.03, 121, 320.17, 336.77, 355.95, 0.9180, -0.1774, -0.3401, -0.1011
14:03:59, 4.03, 121, 320.05, 336.51, 355.94, 0.9171, -0.1793, -0.3410, -0.1021
14:03:59, 4.03, 121, 319.98, 336.45, 355.92, 0.9168, -0.1797, -0.3416, -0.1026
14:03:59, 4.07, 122, 319.86, 336.39, 355.95, 0.9163, -0.1802, -0.3425, -0.1027
14:03:59, 4.07, 122, 319.77, 336.40, 355.96, 0.9161, -0.1800, -0.3432, -0.1027
14:03:59, 4.10, 123, 319.69, 336.44, 355.99, 0.9160, -0.1797, -0.3438, -0.1025
14:03:59, 4.10, 123, 319.59, 336.63, 356.03, 0.9160, -0.1782, -0.3446, -0.1018
14:03:59, 4.10, 123, 319.53, 336.90, 356.03, 0.9163, -0.1760, -0.3451, -0.1011
14:03:59, 4.13, 124, 319.47, 337.20, 356.04, 0.9167, -0.1735, -0.3458, -0.1002
14:03:59, 4.13, 124, 319.42, 337.51, 356.04, 0.9171, -0.1711, -0.3462, -0.0994
14:03:59, 4.17, 125, 319.42, 337.76, 356.02, 0.9175, -0.1689, -0.3464, -0.0988
14:03:59, 4.17, 125, 319.43, 337.98, 356.03, 0.9179, -0.1672, -0.3463, -0.0981
14:03:59, 4.20, 126, 319.50, 338.16, 355.98, 0.9183, -0.1657, -0.3459, -0.0978
14:03:59, 4.20, 126, 319.60, 338.33, 355.93, 0.9189, -0.1643, -0.3452, -0.0976
14:03:59, 4.20, 126, 319.74, 338.40, 355.84, 0.9193, -0.1635, -0.3442, -0.0979
14:03:59, 4.23, 127, 319.95, 338.41, 355.67, 0.9198, -0.1631, -0.3428, -0.0990
14:03:59, 4.23, 127, 320.14, 338.41, 355.52, 0.9203, -0.1628, -0.3415, -0.0999
14:03:59, 4.27, 128, 320.40, 338.28, 355.36, 0.9207, -0.1637, -0.3396, -0.1012
14:03:59, 4.27, 128, 320.71, 338.16, 355.31, 0.9214, -0.1647, -0.3371, -0.1014
14:03:59, 4.27, 128, 321.01, 338.11, 355.20, 0.9221, -0.1651, -0.3349, -0.1021
14:03:59, 4.30, 129, 321.34, 338.02, 355.14, 0.9228, -0.1660, -0.3323, -0.1023
14:03:59, 4.30, 129, 321.58, 338.05, 355.10, 0.9235, -0.1658, -0.3304, -0.1022
14:04:00, 4.33, 130, 321.80, 338.17, 355.10, 0.9244, -0.1650, -0.3286, -0.1016
14:04:00, 4.33, 130, 322.04, 338.23, 355.17, 0.9252, -0.1649, -0.3267, -0.1005
14:04:00, 4.37, 131, 322.27, 338.34, 355.13, 0.9260, -0.1641, -0.3249, -0.1002
14:04:00, 4.37, 131, 322.50, 338.43, 355.08, 0.9268, -0.1634, -0.3231, -0.1000
14:04:00, 4.37, 131, 322.72, 338.39, 355.03, 0.9273, -0.1638, -0.3214, -0.1002
14:04:00, 4.40, 132, 322.94, 338.44, 354.94, 0.9279, -0.1634, -0.3197, -0.1005
14:04:00, 4.40, 132, 323.14, 338.40, 354.85, 0.9283, -0.1636, -0.3183, -0.1011
14:04:00, 4.43, 133, 323.33, 338.43, 354.76, 0.9288, -0.1633, -0.3168, -0.1014
14:04:00, 4.43, 133, 323.51, 338.52, 354.66, 0.9294, -0.1625, -0.3155, -0.1017
14:04:00, 4.43, 133, 323.69, 338.70, 354.53, 0.9300, -0.1608, -0.3143, -0.1021
14:04:00, 4.47, 134, 323.88, 338.86, 354.39, 0.9307, -0.1593, -0.3129, -0.1026
14:04:00, 4.47, 134, 324.11, 339.06, 354.32, 0.9316, -0.1577, -0.3112, -0.1023
14:04:00, 4.50, 135, 324.32, 339.20, 354.24, 0.9323, -0.1565, -0.3096, -0.1023
14:04:00, 4.50, 135, 324.53, 339.36, 354.21, 0.9331, -0.1552, -0.3079, -0.1018
14:04:00, 4.53, 136, 324.75, 339.50, 354.15, 0.9339, -0.1541, -0.3062, -0.1017
14:04:00, 4.53, 136, 324.96, 339.63, 354.10, 0.9346, -0.1531, -0.3046, -0.1015
14:04:00, 4.53, 136, 325.24, 339.84, 354.06, 0.9357, -0.1516, -0.3023, -0.1009
14:04:00, 4.57, 137, 325.44, 340.01, 353.97, 0.9364, -0.1501, -0.3009, -0.1010
14:04:00, 4.57, 137, 325.67, 340.18, 353.82, 0.9371, -0.1486, -0.2991, -0.1014
14:04:00, 4.60, 138, 325.85, 340.29, 353.69, 0.9376, -0.1474, -0.2978, -0.1020
14:04:00, 4.60, 138, 326.04, 340.34, 353.68, 0.9382, -0.1471, -0.2963, -0.1017
14:04:00, 4.60, 138, 326.25, 340.45, 353.72, 0.9389, -0.1465, -0.2945, -0.1008
14:04:00, 4.63, 139, 326.42, 340.56, 353.72, 0.9395, -0.1458, -0.2931, -0.1004
14:04:00, 4.63, 139, 326.55, 340.58, 353.57, 0.9398, -0.1453, -0.2923, -0.1014
14:04:00, 4.67, 140, 326.72, 340.69, 353.49, 0.9403, -0.1444, -0.2910, -0.1016
14:04:00, 4.67, 140, 326.92, 340.84, 353.45, 0.9410, -0.1433, -0.2893, -0.1013
14:04:00, 4.70, 141, 327.10, 340.89, 353.42, 0.9415, -0.1429, -0.2879, -0.1012
14:04:00, 4.70, 141, 327.26, 340.98, 353.41, 0.9420, -0.1423, -0.2866, -0.1009
14:04:00, 4.70, 141, 327.39, 340.98, 353.41, 0.9424, -0.1424, -0.2855, -0.1007
14:04:00, 4.73, 142, 327.57, 341.04, 353.37, 0.9429, -0.1419, -0.2841, -0.1007
14:04:00, 4.73, 142, 327.70, 341.19, 353.38, 0.9434, -0.1408, -0.2830, -0.1001
14:04:00, 4.77, 143, 327.85, 341.24, 353.32, 0.9438, -0.1404, -0.2819, -0.1003
14:04:00, 4.77, 143, 328.00, 341.23, 353.28, 0.9441, -0.1406, -0.2807, -0.1004
14:04:00, 4.80, 144, 328.18, 341.20, 353.29, 0.9446, -0.1410, -0.2791, -0.1002
14:04:00, 4.80, 144, 328.40, 341.17, 353.36, 0.9451, -0.1416, -0.2773, -0.0995
14:04:00, 4.80, 144, 328.63, 341.18, 353.47, 0.9458, -0.1419, -0.2752, -0.0982
14:04:00, 4.83, 145, 328.76, 341.11, 353.62, 0.9461, -0.1430, -0.2740, -0.0969
14:04:00, 4.83, 145, 328.92, 341.01, 353.80, 0.9465, -0.1444, -0.2724, -0.0955
14:04:00, 4.87, 146, 329.10, 340.96, 354.02, 0.9470, -0.1455, -0.2707, -0.0936
14:04:00, 4.87, 146, 329.25, 340.93, 354.27, 0.9475, -0.1465, -0.2691, -0.0914
14:04:00, 4.87, 146, 329.35, 340.85, 354.46, 0.9478, -0.1476, -0.2680, -0.0899
14:04:00, 4.90, 147, 329.46, 340.87, 354.59, 0.9482, -0.1479, -0.2670, -0.0886
14:04:00, 4.90, 147, 329.56, 340.90, 354.67, 0.9485, -0.1479, -0.2661, -0.0877
14:04:00, 4.93, 148, 329.65, 340.97, 354.77, 0.9489, -0.1476, -0.2651, -0.0866
14:04:00, 4.93, 148, 329.73, 340.97, 354.84, 0.9491, -0.1478, -0.2644, -0.0859
14:04:00, 4.93, 148, 329.78, 340.94, 354.91, 0.9492, -0.1483, -0.2639, -0.0854
14:04:00, 4.97, 149, 329.79, 340.94, 355.00, 0.9493, -0.1485, -0.2637, -0.0846
14:04:00, 4.97, 149, 329.74, 340.87, 355.05, 0.9492, -0.1492, -0.2640, -0.0844
14:04:00, 5.00, 150, 329.74, 340.89, 355.06, 0.9492, -0.1490, -0.2641, -0.0843
14:04:00, 5.00, 150, 329.65, 340.88, 355.10, 0.9490, -0.1491, -0.2648, -0.0841
14:04:00, 5.03, 151, 329.53, 341.06, 354.99, 0.9489, -0.1472, -0.2659, -0.0848
14:04:00, 5.03, 151, 329.34, 341.12, 354.95, 0.9485, -0.1465, -0.2675, -0.0852
14:04:00, 5.03, 151, 329.19, 341.19, 354.93, 0.9483, -0.1458, -0.2688, -0.0854
14:04:00, 5.07, 152, 329.01, 341.28, 354.95, 0.9480, -0.1449, -0.2702, -0.0853
14:04:00, 5.07, 152, 328.81, 341.43, 354.98, 0.9478, -0.1437, -0.2718, -0.0850
14:04:00, 5.10, 153, 328.61, 341.56, 354.98, 0.9475, -0.1424, -0.2735, -0.0849
14:04:00, 5.10, 153, 328.37, 341.67, 354.98, 0.9471, -0.1413, -0.2755, -0.0850
14:04:00, 5.10, 153, 328.17, 341.71, 355.04, 0.9467, -0.1410, -0.2771, -0.0846
14:04:00, 5.13, 154, 328.02, 341.47, 355.07, 0.9460, -0.1429, -0.2783, -0.0851
14:04:00, 5.13, 154, 327.75, 341.50, 355.18, 0.9454, -0.1428, -0.2804, -0.0845
14:04:00, 5.17, 155, 327.46, 341.62, 355.23, 0.9450, -0.1417, -0.2827, -0.0841
14:04:00, 5.17, 155, 327.19, 341.76, 355.25, 0.9445, -0.1403, -0.2849, -0.0840
14:04:00, 5.20, 156, 327.00, 341.81, 355.30, 0.9441, -0.1400, -0.2864, -0.0836
14:04:00, 5.20, 156, 326.83, 342.00, 355.44, 0.9441, -0.1386, -0.2877, -0.0823
14:04:00, 5.20, 156, 326.65, 342.15, 355.57, 0.9439, -0.1376, -0.2890, -0.0810
14:04:00, 5.23, 157, 326.45, 342.15, 355.72, 0.9435, -0.1378, -0.2904, -0.0800
14:04:00, 5.23, 157, 326.27, 342.21, 355.82, 0.9432, -0.1374, -0.2918, -0.0793
14:04:00, 5.27, 158, 326.13, 342.31, 355.87, 0.9430, -0.1367, -0.2929, -0.0788
14:04:00, 5.27, 158, 325.99, 342.42, 355.86, 0.9428, -0.1356, -0.2942, -0.0788
14:04:00, 5.27, 158, 325.88, 342.54, 355.82, 0.9427, -0.1344, -0.2951, -0.0789
14:04:00, 5.30, 159, 325.77, 342.71, 355.79, 0.9426, -0.1329, -0.2960, -0.0789
14:04:01, 5.30, 159, 325.66, 342.83, 355.82, 0.9425, -0.1319, -0.2969, -0.0785
14:04:01, 5.33, 160, 325.58, 342.85, 355.88, 0.9424, -0.1318, -0.2975, -0.0781
14:04:01, 5.33, 160, 325.51, 342.81, 355.95, 0.9422, -0.1323, -0.2980, -0.0777
14:04:01, 5.37, 161, 325.42, 342.77, 356.07, 0.9419, -0.1329, -0.2986, -0.0769
14:04:01, 5.37, 161, 325.39, 342.72, 356.15, 0.9419, -0.1335, -0.2987, -0.0764
14:04:01, 5.37, 161, 325.38, 342.66, 356.25, 0.9418, -0.1342, -0.2987, -0.0757
14:04:01, 5.40, 162, 325.39, 342.62, 356.37, 0.9419, -0.1349, -0.2985, -0.0749
14:04:01, 5.40, 162, 325.40, 342.49, 356.38, 0.9417, -0.1359, -0.2983, -0.0750
14:04:01, 5.43, 163, 325.41, 342.27, 356.35, 0.9414, -0.1377, -0.2983, -0.0759
14:04:01, 5.43, 163, 325.45, 342.19, 356.36, 0.9415, -0.1384, -0.2979, -0.0759
14:04:01, 5.43, 163, 325.50, 342.07, 356.41, 0.9414, -0.1396, -0.2974, -0.0758
14:04:01, 5.47, 164, 325.54, 341.91, 356.40, 0.9413, -0.1409, -0.2971, -0.0762
14:04:01, 5.47, 164, 325.58, 341.77, 356.40, 0.9412, -0.1421, -0.2967, -0.0765
14:04:01, 5.50, 165, 325.61, 341.61, 356.41, 0.9411, -0.1435, -0.2965, -0.0767
14:04:01, 5.50, 165, 325.62, 341.39, 356.42, 0.9408, -0.1453, -0.2963, -0.0772
14:04:01, 5.53, 166, 325.70, 341.27, 356.46, 0.9409, -0.1464, -0.2956, -0.0771
14:04:01, 5.53, 166, 325.77, 341.13, 356.49, 0.9409, -0.1477, -0.2950, -0.0771
14:04:01, 5.53, 166, 325.76, 340.98, 356.51, 0.9406, -0.1490, -0.2950, -0.0773
14:04:01, 5.57, 167, 325.82, 340.84, 356.53, 0.9406, -0.1502, -0.2944, -0.0774
14:04:01, 5.57, 167, 325.85, 340.76, 356.55, 0.9406, -0.1510, -0.2942, -0.0774
14:04:01, 5.60, 168, 325.85, 340.67, 356.57, 0.9405, -0.1517, -0.2941, -0.0775
14:04:01, 5.60, 168, 325.82, 340.61, 356.60, 0.9403, -0.1523, -0.2944, -0.0774
14:04:01, 5.60, 168, 325.70, 340.51, 356.70, 0.9399, -0.1533, -0.2951, -0.0770
14:04:01, 5.63, 169, 325.60, 340.47, 356.76, 0.9396, -0.1538, -0.2959, -0.0768
14:04:01, 5.63, 169, 325.51, 340.43, 356.81, 0.9394, -0.1541, -0.2966, -0.0766
14:04:01, 5.67, 170, 325.41, 340.41, 356.85, 0.9391, -0.1543, -0.2973, -0.0764
14:04:01, 5.67, 170, 325.29, 340.42, 356.91, 0.9389, -0.1543, -0.2982, -0.0760
14:04:01, 5.70, 171, 325.17, 340.36, 357.00, 0.9385, -0.1550, -0.2991, -0.0756
14:04:01, 5.70, 171, 325.03, 340.31, 357.08, 0.9381, -0.1555, -0.3001, -0.0753
14:04:01, 5.70, 171, 324.91, 340.25, 357.16, 0.9378, -0.1561, -0.3010, -0.0750
14:04:01, 5.73, 172, 324.77, 340.22, 357.21, 0.9374, -0.1564, -0.3020, -0.0748
14:04:01, 5.73, 172, 324.62, 340.18, 357.28, 0.9370, -0.1568, -0.3031, -0.0746
14:04:01, 5.77, 173, 324.51, 340.15, 357.32, 0.9367, -0.1571, -0.3040, -0.0745
14:04:01, 5.77, 173, 324.37, 340.12, 357.35, 0.9363, -0.1573, -0.3050, -0.0745
14:04:01, 5.77, 173, 324.24, 340.09, 357.41, 0.9359, -0.1577, -0.3060, -0.0742
14:04:01, 5.80, 174, 324.11, 340.08, 357.44, 0.9356, -0.1577, -0.3071, -0.0743
14:04:01, 5.80, 174, 323.94, 340.05, 357.52, 0.9351, -0.1581, -0.3084, -0.0739
14:04:01, 5.83, 175, 323.78, 340.04, 357.56, 0.9347, -0.1581, -0.3096, -0.0738
14:04:01, 5.83, 175, 323.59, 340.06, 357.63, 0.9343, -0.1581, -0.3110, -0.0734
14:04:01, 5.87, 176, 323.40, 340.04, 357.68, 0.9338, -0.1582, -0.3125, -0.0733
14:04:01, 5.87, 176, 323.15, 340.06, 357.71, 0.9331, -0.1581, -0.3145, -0.0733
14:04:01, 5.87, 176, 322.94, 340.11, 357.73, 0.9326, -0.1575, -0.3162, -0.0734
14:04:01, 5.90, 177, 322.67, 340.14, 357.82, 0.9320, -0.1573, -0.3183, -0.0729
14:04:01, 5.93, 178, 322.06, 340.20, 357.89, 0.9304, -0.1566, -0.3232, -0.0731
14:04:01, 5.93, 178, 321.76, 340.20, 357.95, 0.9296, -0.1566, -0.3256, -0.0729
14:04:01, 5.93, 178, 321.41, 340.25, 358.02, 0.9287, -0.1562, -0.3283, -0.0727
14:04:01, 5.97, 179, 321.10, 340.32, 358.06, 0.9280, -0.1556, -0.3307, -0.0726
14:04:01, 5.97, 179, 320.71, 340.37, 358.15, 0.9270, -0.1552, -0.3338, -0.0723
14:04:01, 6.00, 180, 320.36, 340.47, 358.28, 0.9262, -0.1545, -0.3365, -0.0714
14:04:01, 6.00, 180, 319.90, 340.66, 358.44, 0.9252, -0.1532, -0.3401, -0.0702
14:04:01, 6.03, 181, 319.45, 340.83, 358.63, 0.9242, -0.1521, -0.3435, -0.0687
14:04:01, 6.03, 181, 318.99, 341.10, 358.83, 0.9233, -0.1502, -0.3470, -0.0669
14:04:01, 6.03, 181, 318.58, 341.41, 359.01, 0.9226, -0.1481, -0.3503, -0.0651
14:04:01, 6.07, 182, 318.07, 341.79, 359.16, 0.9216, -0.1452, -0.3543, -0.0634
14:04:01, 6.07, 182, 317.58, 342.14, 359.29, 0.9206, -0.1425, -0.3583, -0.0619
14:04:01, 6.10, 183, 317.02, 342.55, 359.44, 0.9194, -0.1394, -0.3628, -0.0600
14:04:01, 6.10, 183, 316.42, 343.00, 359.62, 0.9182, -0.1360, -0.3676, -0.0579
14:04:01, 6.10, 183, 315.77, 343.54, 359.75, 0.9168, -0.1318, -0.3729, -0.0559
14:04:01, 6.13, 184, 315.16, 344.02, 359.78, 0.9153, -0.1278, -0.3780, -0.0548
14:04:01, 6.13, 184, 314.46, 344.57, 359.90, 0.9137, -0.1235, -0.3836, -0.0527
14:04:01, 6.17, 185, 313.82, 345.17, 359.98, 0.9122, -0.1186, -0.3890, -0.0508
14:04:01, 6.17, 185, 313.14, 345.68, 0.10, 0.9104, -0.1147, -0.3945, -0.0488
14:04:01, 6.20, 186, 312.44, 346.18, 0.24, 0.9085, -0.1109, -0.4001, -0.0467
14:04:01, 6.20, 186, 311.70, 346.54, 0.34, 0.9063, -0.1081, -0.4060, -0.0452
14:04:01, 6.20, 186, 310.94, 347.03, 0.49, 0.9041, -0.1045, -0.4120, -0.0430
14:04:01, 6.23, 187, 310.20, 347.50, 0.66, 0.9019, -0.1012, -0.4179, -0.0406
14:04:01, 6.23, 187, 309.45, 347.88, 0.79, 0.8995, -0.0984, -0.4239, -0.0389
14:04:01, 6.27, 188, 308.65, 348.33, 0.93, 0.8969, -0.0951, -0.4303, -0.0367
14:04:01, 6.27, 188, 307.85, 348.73, 1.02, 0.8942, -0.0921, -0.4366, -0.0352
14:04:01, 6.27, 188, 307.08, 349.09, 1.08, 0.8916, -0.0892, -0.4427, -0.0340
14:04:01, 6.30, 189, 306.36, 349.44, 1.07, 0.8890, -0.0863, -0.4485, -0.0332
14:04:01, 6.30, 189, 305.62, 349.76, 1.18, 0.8863, -0.0840, -0.4543, -0.0317
14:04:02, 6.33, 190, 304.98, 350.01, 1.21, 0.8839, -0.0821, -0.4593, -0.0309
14:04:02, 6.33, 190, 304.29, 350.17, 1.38, 0.8813, -0.0814, -0.4646, -0.0294
14:04:02, 6.37, 191, 303.73, 350.29, 1.54, 0.8791, -0.0810, -0.4688, -0.0281
14:04:02, 6.37, 191, 303.20, 350.40, 1.71, 0.8771, -0.0807, -0.4728, -0.0267
14:04:02, 6.37, 191, 302.76, 350.55, 1.91, 0.8754, -0.0803, -0.4761, -0.0249
14:04:02, 6.40, 192, 302.31, 350.68, 2.07, 0.8736, -0.0798, -0.4795, -0.0234
14:04:02, 6.40, 192, 301.94, 350.78, 2.16, 0.8721, -0.0794, -0.4823, -0.0226
14:04:02, 6.43, 193, 301.53, 350.84, 2.36, 0.8705, -0.0796, -0.4853, -0.0211
14:04:02, 6.43, 193, 301.13, 350.95, 2.49, 0.8689, -0.0793, -0.4883, -0.0199
14:04:02, 6.43, 193, 300.71, 351.02, 2.63, 0.8671, -0.0793, -0.4914, -0.0188
14:04:02, 6.47, 194, 300.28, 351.10, 2.78, 0.8653, -0.0793, -0.4946, -0.0177
14:04:02, 6.47, 194, 299.82, 351.20, 2.90, 0.8634, -0.0790, -0.4981, -0.0167
14:04:02, 6.50, 195, 299.34, 351.32, 3.10, 0.8614, -0.0789, -0.5016, -0.0149
14:04:02, 6.50, 195, 298.83, 351.37, 3.26, 0.8592, -0.0792, -0.5053, -0.0138
14:04:02, 6.53, 196, 298.32, 351.49, 3.45, 0.8570, -0.0791, -0.5091, -0.0122
14:04:02, 6.53, 196, 297.78, 351.63, 3.71, 0.8546, -0.0792, -0.5130, -0.0101
14:04:02, 6.53, 196, 297.24, 351.67, 3.92, 0.8523, -0.0797, -0.5169, -0.0087
14:04:02, 6.57, 197, 296.69, 351.71, 4.12, 0.8498, -0.0803, -0.5209, -0.0074
14:04:02, 6.57, 197, 296.23, 351.82, 4.30, 0.8478, -0.0803, -0.5242, -0.0059
14:04:02, 6.60, 198, 295.77, 351.83, 4.41, 0.8456, -0.0807, -0.5276, -0.0053
14:04:02, 6.60, 198, 295.30, 351.90, 4.58, 0.8435, -0.0810, -0.5309, -0.0041
14:04:02, 6.60, 198, 294.91, 352.03, 4.73, 0.8418, -0.0807, -0.5338, -0.0027
14:04:02, 6.63, 199, 294.51, 352.14, 4.92, 0.8399, -0.0807, -0.5367, -0.0010
14:04:02, 6.63, 199, 294.19, 352.33, 4.99, 0.8385, -0.0797, -0.5391, 0.0001
14:04:02, 6.67, 200, 293.83, 352.41, 5.05, 0.8368, -0.0794, -0.5417, 0.0007
14:04:02, 6.67, 200, 293.49, 352.56, 5.14, 0.8353, -0.0788, -0.5442, 0.0019
14:04:02, 6.70, 201, 293.16, 352.69, 5.29, 0.8337, -0.0785, -0.5466, 0.0033
14:04:02, 6.70, 201, 292.83, 352.76, 5.37, 0.8321, -0.0784, -0.5490, 0.0041
14:04:02, 6.70, 201, 292.54, 352.99, 5.48, 0.8308, -0.0773, -0.5512, 0.0058
14:04:02, 6.73, 202, 292.16, 353.17, 5.45, 0.8290, -0.0759, -0.5540, 0.0062
14:04:02, 6.73, 202, 292.00, 353.06, 5.53, 0.8282, -0.0770, -0.5551, 0.0061
14:04:02, 6.77, 203, 291.76, 353.15, 5.51, 0.8270, -0.0763, -0.5569, 0.0062
14:04:02, 6.77, 203, 291.49, 353.32, 5.47, 0.8258, -0.0749, -0.5590, 0.0066
14:04:02, 6.80, 204, 291.25, 353.38, 5.52, 0.8246, -0.0747, -0.5607, 0.0071
14:04:02, 6.80, 204, 291.02, 353.44, 5.49, 0.8235, -0.0742, -0.5624, 0.0071
14:04:02, 6.80, 204, 290.91, 353.48, 5.44, 0.8229, -0.0736, -0.5633, 0.0068
14:04:02, 6.83, 205, 290.81, 353.48, 5.40, 0.8225, -0.0735, -0.5640, 0.0065
14:04:02, 6.83, 205, 290.79, 353.48, 5.33, 0.8223, -0.0731, -0.5642, 0.0060
14:04:02, 6.87, 206, 290.84, 353.45, 5.28, 0.8226, -0.0731, -0.5638, 0.0055
14:04:02, 6.87, 206, 290.91, 353.44, 5.29, 0.8229, -0.0732, -0.5634, 0.0056
14:04:02, 6.87, 206, 291.04, 353.37, 5.34, 0.8236, -0.0740, -0.5623, 0.0056
14:04:02, 6.90, 207, 291.18, 353.32, 5.42, 0.8243, -0.0747, -0.5612, 0.0061
14:04:02, 6.90, 207, 291.36, 353.22, 5.52, 0.8251, -0.0759, -0.5599, 0.0064
14:04:02, 6.93, 208, 291.51, 353.16, 5.58, 0.8258, -0.0766, -0.5586, 0.0066
14:04:02, 6.93, 208, 291.68, 353.12, 5.61, 0.8267, -0.0770, -0.5574, 0.0068
14:04:02, 6.97, 209, 291.86, 353.10, 5.59, 0.8275, -0.0771, -0.5561, 0.0067
14:04:02, 6.97, 209, 291.97, 353.04, 5.51, 0.8281, -0.0771, -0.5553, 0.0059
14:04:02, 6.97, 209, 292.13, 353.02, 5.47, 0.8288, -0.0770, -0.5542, 0.0056
14:04:02, 7.00, 210, 292.25, 353.02, 5.42, 0.8294, -0.0768, -0.5533, 0.0053
14:04:02, 7.00, 210, 292.39, 353.08, 5.37, 0.8301, -0.0762, -0.5524, 0.0053
14:04:02, 7.03, 211, 292.51, 353.12, 5.36, 0.8307, -0.0758, -0.5516, 0.0055
14:04:02, 7.03, 211, 292.66, 353.21, 5.32, 0.8314, -0.0749, -0.5506, 0.0058
14:04:02, 7.03, 211, 292.77, 353.31, 5.29, 0.8320, -0.0741, -0.5498, 0.0061
14:04:02, 7.07, 212, 292.88, 353.38, 5.26, 0.8325, -0.0734, -0.5491, 0.0063
14:04:02, 7.07, 212, 292.99, 353.46, 5.24, 0.8331, -0.0727, -0.5483, 0.0066
14:04:02, 7.10, 213, 293.11, 353.55, 5.25, 0.8336, -0.0721, -0.5475, 0.0072
14:04:02, 7.10, 213, 293.22, 353.66, 5.24, 0.8342, -0.0712, -0.5468, 0.0077
14:04:02, 7.13, 214, 293.34, 353.76, 5.21, 0.8348, -0.0704, -0.5460, 0.0080
14:04:02, 7.13, 214, 293.48, 353.84, 5.18, 0.8354, -0.0696, -0.5451, 0.0083
14:04:02, 7.13, 214, 293.61, 353.93, 5.10, 0.8361, -0.0685, -0.5442, 0.0082
14:04:02, 7.17, 215, 293.75, 353.98, 5.00, 0.8368, -0.0677, -0.5433, 0.0078
14:04:02, 7.17, 215, 293.93, 354.02, 4.87, 0.8376, -0.0668, -0.5421, 0.0072
14:04:02, 7.20, 216, 294.13, 354.00, 4.76, 0.8386, -0.0664, -0.5407, 0.0064
14:04:02, 7.20, 216, 294.33, 353.96, 4.61, 0.8395, -0.0660, -0.5392, 0.0052
14:04:02, 7.20, 216, 294.55, 353.91, 4.47, 0.8406, -0.0657, -0.5377, 0.0041
14:04:02, 7.23, 217, 294.79, 353.81, 4.45, 0.8417, -0.0663, -0.5359, 0.0036
14:04:02, 7.23, 217, 295.03, 353.67, 4.58, 0.8427, -0.0680, -0.5340, 0.0041
14:04:02, 7.27, 218, 295.35, 353.52, 4.88, 0.8442, -0.0704, -0.5313, 0.0057
14:04:02, 7.27, 218, 295.73, 353.34, 5.10, 0.8459, -0.0728, -0.5283, 0.0068
14:04:02, 7.27, 218, 296.07, 353.06, 5.09, 0.8474, -0.0748, -0.5256, 0.0056
14:04:02, 7.30, 219, 296.43, 352.82, 5.04, 0.8490, -0.0763, -0.5228, 0.0044
14:04:03, 7.30, 219, 296.81, 352.46, 4.91, 0.8506, -0.0784, -0.5199, 0.0020
14:04:03, 7.33, 220, 297.20, 352.12, 4.85, 0.8523, -0.0806, -0.5168, 0.0003
14:04:03, 7.33, 220, 297.56, 351.77, 4.83, 0.8538, -0.0831, -0.5139, -0.0012
14:04:03, 7.37, 221, 297.84, 351.45, 4.71, 0.8549, -0.0850, -0.5118, -0.0033
14:04:03, 7.37, 221, 298.19, 351.10, 4.60, 0.8563, -0.0870, -0.5090, -0.0055
14:04:03, 7.37, 221, 298.61, 350.73, 4.56, 0.8581, -0.0897, -0.5056, -0.0071
14:04:03, 7.40, 222, 299.00, 350.39, 4.51, 0.8596, -0.0920, -0.5025, -0.0087
14:04:03, 7.40, 222, 299.45, 350.09, 4.45, 0.8614, -0.0940, -0.4990, -0.0101
14:04:03, 7.43, 223, 299.86, 349.83, 4.44, 0.8631, -0.0959, -0.4958, -0.0110
14:04:03, 7.43, 223, 300.28, 349.56, 4.49, 0.8648, -0.0983, -0.4923, -0.0114
14:04:03, 7.43, 223, 300.63, 349.40, 4.57, 0.8662, -0.0998, -0.4895, -0.0112
14:04:03, 7.47, 224, 300.92, 349.21, 4.70, 0.8673, -0.1019, -0.4871, -0.0108
14:04:03, 7.47, 224, 301.16, 348.98, 4.80, 0.8682, -0.1040, -0.4850, -0.0108
14:04:03, 7.50, 225, 301.33, 348.76, 4.95, 0.8688, -0.1063, -0.4834, -0.0105
14:04:03, 7.50, 225, 301.49, 348.50, 5.03, 0.8694, -0.1086, -0.4819, -0.0108
14:04:03, 7.53, 226, 301.68, 348.31, 5.07, 0.8701, -0.1103, -0.4803, -0.0111
14:04:03, 7.53, 226, 301.76, 348.13, 5.14, 0.8703, -0.1120, -0.4795, -0.0113
14:04:03, 7.53, 226, 301.86, 347.96, 5.15, 0.8706, -0.1133, -0.4786, -0.0118
14:04:03, 7.57, 227, 301.99, 347.86, 5.20, 0.8711, -0.1143, -0.4775, -0.0118
14:04:03, 7.57, 227, 302.12, 347.79, 5.23, 0.8716, -0.1149, -0.4764, -0.0117
14:04:03, 7.60, 228, 302.16, 347.75, 5.27, 0.8718, -0.1154, -0.4760, -0.0115
14:04:03, 7.60, 228, 302.24, 347.73, 5.27, 0.8721, -0.1156, -0.4754, -0.0115
14:04:03, 7.60, 228, 302.29, 347.68, 5.29, 0.8723, -0.1160, -0.4749, -0.0116
14:04:03, 7.63, 229, 302.34, 347.66, 5.30, 0.8724, -0.1162, -0.4745, -0.0115
14:04:03, 7.63, 229, 302.33, 347.65, 5.28, 0.8724, -0.1162, -0.4746, -0.0117
14:04:03, 7.67, 230, 302.24, 347.65, 5.28, 0.8720, -0.1162, -0.4754, -0.0118
14:04:03, 7.67, 230, 302.12, 347.67, 5.25, 0.8715, -0.1159, -0.4763, -0.0120
14:04:03, 7.70, 231, 301.86, 347.69, 5.25, 0.8705, -0.1157, -0.4783, -0.0122
14:04:03, 7.70, 231, 301.65, 347.74, 5.21, 0.8696, -0.1151, -0.4799, -0.0125
14:04:03, 7.70, 231, 301.45, 347.82, 5.15, 0.8688, -0.1143, -0.4816, -0.0129
14:04:03, 7.73, 232, 301.24, 347.92, 4.98, 0.8680, -0.1128, -0.4835, -0.0139
14:04:03, 7.73, 232, 301.02, 347.99, 4.89, 0.8671, -0.1118, -0.4852, -0.0145
14:04:03, 7.77, 233, 300.81, 348.12, 4.76, 0.8662, -0.1103, -0.4871, -0.0151
14:04:03, 7.77, 233, 300.64, 348.21, 4.65, 0.8655, -0.1092, -0.4885, -0.0158
14:04:03, 7.80, 234, 300.43, 348.33, 4.57, 0.8647, -0.1079, -0.4902, -0.0161
14:04:03, 7.80, 234, 300.23, 348.38, 4.45, 0.8639, -0.1070, -0.4919, -0.0169
14:04:03, 7.80, 234, 300.02, 348.47, 4.39, 0.8630, -0.1060, -0.4936, -0.0172
14:04:03, 7.83, 235, 299.85, 348.56, 4.27, 0.8623, -0.1047, -0.4951, -0.0178
14:04:03, 7.83, 235, 299.72, 348.63, 4.18, 0.8618, -0.1038, -0.4962, -0.0183
14:04:03, 7.87, 236, 299.59, 348.73, 4.05, 0.8613, -0.1025, -0.4973, -0.0190
14:04:03, 7.87, 236, 299.46, 348.73, 3.86, 0.8607, -0.1017, -0.4985, -0.0205
14:04:03, 7.87, 236, 299.38, 348.68, 3.65, 0.8603, -0.1011, -0.4992, -0.0224
14:04:03, 7.90, 237, 299.24, 348.63, 3.43, 0.8596, -0.1004, -0.5005, -0.0244
14:04:03, 7.90, 237, 299.11, 348.49, 3.18, 0.8588, -0.1004, -0.5016, -0.0270
14:04:03, 7.93, 238, 298.98, 348.29, 3.03, 0.8581, -0.1012, -0.5025, -0.0291
14:04:03, 7.93, 238, 298.93, 348.14, 2.92, 0.8578, -0.1018, -0.5029, -0.0306
14:04:03, 7.97, 239, 298.84, 348.02, 2.79, 0.8573, -0.1022, -0.5036, -0.0322
14:04:03, 7.97, 239, 298.75, 347.88, 2.61, 0.8567, -0.1024, -0.5044, -0.0343
14:04:03, 7.97, 239, 298.66, 347.79, 2.50, 0.8562, -0.1025, -0.5051, -0.0356
14:04:03, 8.00, 240, 298.59, 347.66, 2.40, 0.8558, -0.1031, -0.5056, -0.0370
14:04:03, 8.00, 240, 298.59, 347.58, 2.29, 0.8557, -0.1031, -0.5057, -0.0382
14:04:03, 8.03, 241, 298.53, 347.53, 2.25, 0.8554, -0.1033, -0.5061, -0.0387
14:04:03, 8.03, 241, 298.47, 347.48, 2.16, 0.8550, -0.1033, -0.5066, -0.0397
14:04:03, 8.03, 241, 298.31, 347.47, 2.18, 0.8543, -0.1034, -0.5078, -0.0397
14:04:03, 8.07, 242, 298.18, 347.43, 2.19, 0.8537, -0.1037, -0.5087, -0.0399
14:04:03, 8.07, 242, 298.01, 347.48, 2.20, 0.8530, -0.1033, -0.5100, -0.0397
14:04:03, 8.10, 243, 297.88, 347.51, 2.11, 0.8524, -0.1026, -0.5111, -0.0405
14:04:03, 8.10, 243, 297.72, 347.49, 2.09, 0.8517, -0.1026, -0.5122, -0.0409
14:04:03, 8.13, 244, 297.48, 347.52, 2.11, 0.8506, -0.1024, -0.5141, -0.0407
14:04:03, 8.13, 244, 297.31, 347.55, 2.09, 0.8499, -0.1020, -0.5153, -0.0410
14:04:03, 8.13, 244, 297.06, 347.52, 2.11, 0.8488, -0.1022, -0.5171, -0.0411
14:04:03, 8.17, 245, 296.81, 347.54, 2.10, 0.8477, -0.1020, -0.5190, -0.0413
14:04:03, 8.17, 245, 296.62, 347.50, 2.07, 0.8467, -0.1020, -0.5205, -0.0419
14:04:03, 8.20, 246, 296.43, 347.43, 2.12, 0.8459, -0.1028, -0.5217, -0.0420
14:04:03, 8.20, 246, 296.30, 347.32, 2.16, 0.8452, -0.1037, -0.5226, -0.0424
14:04:03, 8.20, 246, 296.19, 347.16, 2.15, 0.8446, -0.1048, -0.5233, -0.0433
14:04:03, 8.23, 247, 296.12, 347.06, 2.09, 0.8441, -0.1052, -0.5238, -0.0442
14:04:03, 8.23, 247, 296.09, 346.94, 2.00, 0.8439, -0.1056, -0.5241, -0.0455
14:04:03, 8.27, 248, 296.10, 346.87, 1.92, 0.8438, -0.1058, -0.5240, -0.0464
14:04:03, 8.27, 248, 296.15, 346.78, 1.86, 0.8440, -0.1062, -0.5237, -0.0472
14:04:03, 8.30, 249, 296.19, 346.67, 1.81, 0.8440, -0.1068, -0.5233, -0.0480
14:04:03, 8.30, 249, 296.25, 346.57, 1.72, 0.8442, -0.1072, -0.5229, -0.0491
14:04:04, 8.30, 249, 296.27, 346.45, 1.65, 0.8442, -0.1077, -0.5227, -0.0501
14:04:04, 8.33, 250, 296.29, 346.35, 1.54, 0.8442, -0.1080, -0.5226, -0.0513
14:04:04, 8.33, 250, 296.31, 346.27, 1.45, 0.8441, -0.1082, -0.5225, -0.0524
14:04:04, 8.37, 251, 296.32, 346.15, 1.36, 0.8440, -0.1086, -0.5225, -0.0535
14:04:04, 8.37, 251, 296.30, 346.05, 1.30, 0.8438, -0.1091, -0.5226, -0.0545
14:04:04, 8.37, 251, 296.25, 345.92, 1.26, 0.8434, -0.1099, -0.5229, -0.0555
14:04:04, 8.40, 252, 296.19, 345.81, 1.26, 0.8431, -0.1106, -0.5233, -0.0560
14:04:04, 8.40, 252, 296.11, 345.70, 1.24, 0.8426, -0.1113, -0.5238, -0.0567
14:04:04, 8.43, 253, 296.06, 345.63, 1.20, 0.8423, -0.1116, -0.5242, -0.0574
14:04:04, 8.43, 253, 296.01, 345.52, 1.14, 0.8419, -0.1121, -0.5246, -0.0584
14:04:04, 8.47, 254, 295.91, 345.34, 1.09, 0.8413, -0.1131, -0.5252, -0.0597
14:04:04, 8.47, 254, 295.82, 345.19, 1.02, 0.8407, -0.1139, -0.5258, -0.0610
14:04:04, 8.47, 254, 295.71, 345.05, 0.96, 0.8401, -0.1146, -0.5266, -0.0622
14:04:04, 8.50, 255, 295.60, 344.94, 0.95, 0.8395, -0.1153, -0.5273, -0.0628
14:04:04, 8.50, 255, 295.61, 344.82, 0.95, 0.8394, -0.1161, -0.5272, -0.0634
14:04:04, 8.53, 256, 295.74, 344.75, 0.91, 0.8399, -0.1165, -0.5263, -0.0639
14:04:04, 8.53, 256, 295.84, 344.73, 0.81, 0.8403, -0.1163, -0.5256, -0.0647
14:04:04, 8.53, 256, 295.96, 344.75, 0.65, 0.8407, -0.1155, -0.5249, -0.0656
14:04:04, 8.57, 257, 296.02, 344.84, 0.62, 0.8411, -0.1148, -0.5245, -0.0653
14:04:04, 8.57, 257, 296.05, 344.97, 0.56, 0.8413, -0.1135, -0.5244, -0.0651
14:04:04, 8.60, 258, 295.98, 345.10, 0.57, 0.8411, -0.1126, -0.5250, -0.0645
14:04:04, 8.60, 258, 295.95, 345.23, 0.59, 0.8411, -0.1117, -0.5253, -0.0639
14:04:04, 8.60, 258, 295.84, 345.34, 0.65, 0.8407, -0.1110, -0.5262, -0.0630
14:04:04, 8.63, 259, 295.57, 345.41, 0.69, 0.8396, -0.1106, -0.5281, -0.0626
14:04:04, 8.63, 259, 295.18, 345.49, 0.81, 0.8379, -0.1104, -0.5309, -0.0618
14:04:04, 8.67, 260, 294.79, 345.56, 0.91, 0.8362, -0.1101, -0.5337, -0.0611
14:04:04, 8.67, 260, 294.33, 345.65, 1.05, 0.8342, -0.1098, -0.5370, -0.0601
14:04:04, 8.70, 261, 293.95, 345.82, 1.26, 0.8327, -0.1095, -0.5397, -0.0581
14:04:04, 8.70, 261, 293.55, 346.05, 1.52, 0.8312, -0.1088, -0.5425, -0.0555
14:04:04, 8.70, 261, 293.12, 346.32, 1.65, 0.8294, -0.1073, -0.5456, -0.0537
14:04:04, 8.73, 262, 292.66, 346.54, 1.79, 0.8274, -0.1061, -0.5490, -0.0521
14:04:04, 8.73, 262, 292.34, 346.66, 1.87, 0.8260, -0.1055, -0.5513, -0.0512
14:04:04, 8.77, 263, 291.94, 346.70, 1.96, 0.8242, -0.1055, -0.5541, -0.0507
14:04:04, 8.77, 263, 291.65, 346.74, 2.05, 0.8228, -0.1055, -0.5562, -0.0501
14:04:04, 8.80, 264, 291.26, 346.63, 2.08, 0.8208, -0.1063, -0.5589, -0.0508
14:04:04, 8.80, 264, 290.95, 346.45, 2.24, 0.8193, -0.1082, -0.5608, -0.0509
14:04:04, 8.80, 264, 290.53, 346.31, 2.35, 0.8172, -0.1095, -0.5636, -0.0512
14:04:04, 8.83, 265, 290.04, 346.19, 2.37, 0.8147, -0.1103, -0.5669, -0.0521
14:04:04, 8.83, 265, 289.63, 346.07, 2.52, 0.8126, -0.1117, -0.5697, -0.0520
14:04:04, 8.87, 266, 289.26, 345.77, 2.60, 0.8106, -0.1140, -0.5719, -0.0533
14:04:04, 8.87, 266, 288.62, 345.31, 2.60, 0.8070, -0.1169, -0.5761, -0.0563
14:04:04, 8.90, 267, 288.48, 345.17, 2.56, 0.8062, -0.1176, -0.5770, -0.0574
14:04:04, 8.90, 267, 288.44, 345.00, 2.50, 0.8058, -0.1185, -0.5772, -0.0587
14:04:04, 8.93, 268, 288.47, 344.78, 2.39, 0.8057, -0.1195, -0.5770, -0.0606
14:04:04, 8.93, 268, 288.67, 344.65, 2.15, 0.8065, -0.1193, -0.5757, -0.0628
14:04:04, 8.97, 269, 288.97, 344.59, 1.82, 0.8078, -0.1182, -0.5739, -0.0650
14:04:04, 8.97, 269, 289.29, 344.58, 1.45, 0.8091, -0.1167, -0.5720, -0.0674
14:04:04, 8.97, 269, 289.69, 344.60, 1.06, 0.8109, -0.1148, -0.5695, -0.0697
14:04:04, 9.00, 270, 290.08, 344.69, 0.79, 0.8128, -0.1131, -0.5671, -0.0707
14:04:04, 9.00, 270, 290.47, 344.74, 0.59, 0.8146, -0.1120, -0.5646, -0.0715
14:04:04, 9.03, 271, 290.80, 344.85, 0.34, 0.8162, -0.1102, -0.5626, -0.0724
14:04:04, 9.03, 271, 291.08, 344.83, 0.00, 0.8173, -0.1088, -0.5609, -0.0747
14:04:04, 9.03, 271, 291.26, 344.79, 359.78, 0.8180, -0.1082, -0.5598, -0.0763
14:04:04, 9.07, 272, 291.48, 344.74, 359.59, 0.8189, -0.1077, -0.5583, -0.0777
14:04:04, 9.07, 272, 291.72, 344.62, 359.31, 0.8197, -0.1074, -0.5569, -0.0801
14:04:04, 9.10, 273, 291.92, 344.45, 359.06, 0.8204, -0.1076, -0.5555, -0.0825
14:04:04, 9.10, 273, 292.07, 344.37, 358.81, 0.8208, -0.1070, -0.5547, -0.0845
14:04:04, 9.13, 274, 292.17, 344.24, 358.65, 0.8211, -0.1072, -0.5540, -0.0862
14:04:04, 9.13, 274, 292.25, 344.13, 358.51, 0.8212, -0.1074, -0.5535, -0.0876
14:04:04, 9.13, 274, 292.32, 344.02, 358.36, 0.8213, -0.1075, -0.5531, -0.0892
14:04:04, 9.17, 275, 292.36, 343.91, 358.16, 0.8213, -0.1074, -0.5529, -0.0911
14:04:04, 9.17, 275, 292.42, 343.76, 357.98, 0.8212, -0.1077, -0.5526, -0.0930
14:04:04, 9.20, 276, 292.40, 343.62, 357.83, 0.8208, -0.1079, -0.5528, -0.0948
14:04:04, 9.20, 276, 292.41, 343.48, 357.70, 0.8206, -0.1083, -0.5527, -0.0964
14:04:04, 9.20, 276, 292.40, 343.37, 357.60, 0.8204, -0.1086, -0.5528, -0.0977
14:04:04, 9.23, 277, 292.41, 343.23, 357.56, 0.8202, -0.1095, -0.5527, -0.0986
14:04:04, 9.23, 277, 292.45, 343.04, 357.54, 0.8202, -0.1107, -0.5524, -0.0996
14:04:04, 9.27, 278, 292.50, 342.82, 357.40, 0.8201, -0.1117, -0.5520, -0.1016
14:04:04, 9.27, 278, 292.60, 342.56, 357.15, 0.8200, -0.1124, -0.5514, -0.1045
14:04:04, 9.30, 279, 292.70, 342.29, 356.87, 0.8199, -0.1132, -0.5508, -0.1077
14:04:04, 9.30, 279, 292.80, 342.08, 356.61, 0.8199, -0.1135, -0.5502, -0.1105
14:04:05, 9.30, 279, 292.92, 341.87, 356.33, 0.8199, -0.1138, -0.5496, -0.1133
14:04:05, 9.33, 280, 293.03, 341.72, 356.08, 0.8200, -0.1138, -0.5489, -0.1157
14:04:05, 9.33, 280, 293.13, 341.60, 355.85, 0.8200, -0.1137, -0.5484, -0.1178
14:04:05, 9.37, 281, 293.20, 341.46, 355.66, 0.8200, -0.1138, -0.5480, -0.1199
14:04:05, 9.37, 281, 293.28, 341.41, 355.44, 0.8201, -0.1132, -0.5476, -0.1215
14:04:05, 9.37, 281, 293.35, 341.39, 355.24, 0.8202, -0.1124, -0.5473, -0.1230
14:04:05, 9.40, 282, 293.45, 341.38, 355.05, 0.8204, -0.1117, -0.5468, -0.1243
14:04:05, 9.40, 282, 293.51, 341.44, 354.88, 0.8206, -0.1106, -0.5465, -0.1252
14:04:05, 9.43, 283, 293.61, 341.50, 354.74, 0.8210, -0.1096, -0.5460, -0.1258
14:04:05, 9.43, 283, 293.64, 341.49, 354.66, 0.8211, -0.1093, -0.5458, -0.1264
14:04:05, 9.43, 283, 293.71, 341.45, 354.56, 0.8212, -0.1092, -0.5454, -0.1272
14:04:05, 9.47, 284, 293.78, 341.42, 354.49, 0.8215, -0.1091, -0.5449, -0.1278
14:04:05, 9.47, 284, 293.90, 341.39, 354.35, 0.8218, -0.1088, -0.5442, -0.1288
14:04:05, 9.50, 285, 293.96, 341.38, 354.18, 0.8219, -0.1082, -0.5440, -0.1301
14:04:05, 9.50, 285, 294.00, 341.31, 354.01, 0.8218, -0.1079, -0.5438, -0.1316
14:04:05, 9.53, 286, 294.07, 341.18, 353.94, 0.8218, -0.1086, -0.5433, -0.1326
14:04:05, 9.53, 286, 294.22, 340.98, 353.97, 0.8223, -0.1104, -0.5421, -0.1331
14:04:05, 9.53, 286, 294.22, 340.75, 353.83, 0.8218, -0.1114, -0.5422, -0.1352
14:04:05, 9.57, 287, 294.34, 340.48, 353.78, 0.8219, -0.1132, -0.5413, -0.1367
14:04:05, 9.57, 287, 294.40, 340.11, 353.76, 0.8216, -0.1159, -0.5407, -0.1384
14:04:05, 9.60, 288, 294.57, 339.83, 353.73, 0.8220, -0.1180, -0.5394, -0.1398
14:04:05, 9.60, 288, 294.73, 339.54, 353.51, 0.8220, -0.1193, -0.5383, -0.1425
14:04:05, 9.63, 289, 294.87, 339.33, 353.46, 0.8222, -0.1207, -0.5373, -0.1437
14:04:05, 9.63, 289, 295.09, 339.13, 353.50, 0.8230, -0.1226, -0.5356, -0.1441
14:04:05, 9.63, 289, 295.32, 339.00, 353.65, 0.8241, -0.1246, -0.5337, -0.1434
14:04:05, 9.67, 290, 295.60, 338.87, 353.80, 0.8254, -0.1266, -0.5314, -0.1425
14:04:05, 9.67, 290, 295.95, 338.85, 354.00, 0.8272, -0.1281, -0.5287, -0.1408
14:04:05, 9.70, 291, 296.38, 338.81, 354.17, 0.8293, -0.1297, -0.5254, -0.1392
14:04:05, 9.70, 291, 296.77, 338.87, 354.29, 0.8313, -0.1303, -0.5224, -0.1377
14:04:05, 9.70, 291, 297.15, 338.84, 354.47, 0.8332, -0.1318, -0.5195, -0.1361
14:04:05, 9.73, 292, 297.44, 338.84, 354.70, 0.8348, -0.1331, -0.5171, -0.1341
14:04:05, 9.73, 292, 297.66, 338.78, 354.85, 0.8359, -0.1345, -0.5153, -0.1330
14:04:05, 9.77, 293, 297.83, 338.70, 355.04, 0.8367, -0.1361, -0.5138, -0.1317
14:04:05, 9.77, 293, 298.04, 338.59, 355.15, 0.8376, -0.1377, -0.5121, -0.1312
14:04:05, 9.80, 294, 298.12, 338.41, 355.36, 0.8379, -0.1401, -0.5112, -0.1304
14:04:05, 9.80, 294, 298.25, 338.16, 355.61, 0.8384, -0.1432, -0.5097, -0.1294
14:04:05, 9.80, 294, 298.44, 337.99, 355.87, 0.8393, -0.1458, -0.5079, -0.1280
14:04:05, 9.83, 295, 298.62, 337.88, 356.06, 0.8401, -0.1477, -0.5063, -0.1268
14:04:05, 9.83, 295, 298.80, 337.63, 356.24, 0.8407, -0.1505, -0.5046, -0.1264
14:04:05, 9.87, 296, 299.03, 337.54, 356.36, 0.8417, -0.1519, -0.5027, -0.1256
14:04:05, 9.87, 296, 299.21, 337.29, 356.48, 0.8422, -0.1545, -0.5010, -0.1256
14:04:05, 9.87, 296, 299.47, 337.03, 356.46, 0.8429, -0.1566, -0.4990, -0.1265
14:04:05, 9.90, 297, 299.69, 336.72, 356.51, 0.8434, -0.1594, -0.4971, -0.1271
14:04:05, 9.90, 297, 300.00, 336.49, 356.47, 0.8443, -0.1613, -0.4947, -0.1279
14:04:05, 9.93, 298, 300.36, 336.20, 356.38, 0.8453, -0.1635, -0.4920, -0.1293
14:04:05, 9.93, 298, 300.68, 335.91, 356.21, 0.8460, -0.1652, -0.4897, -0.1313
14:04:05, 9.97, 299, 301.12, 335.68, 355.87, 0.8470, -0.1660, -0.4868, -0.1342
14:04:05, 9.97, 299, 301.49, 335.44, 355.64, 0.8479, -0.1673, -0.4842, -0.1363
14:04:05, 9.97, 299, 301.77, 335.20, 355.50, 0.8485, -0.1688, -0.4822, -0.1379
