Timestamp, VideoTime, VideoFrame, HeadYaw, HeadPitch, HeadRoll, HeadQuatW, HeadQuatX, HeadQuatY, HeadQuatZ
16:05:34, 0.00, 0, 351.41, 350.89, 348.87, 0.9888, -0.0716, -0.0820, -0.1023
16:05:34, 0.03, 1, 351.41, 350.90, 348.86, 0.9888, -0.0715, -0.0820, -0.1024
16:05:35, 0.03, 1, 351.41, 350.92, 348.86, 0.9888, -0.0713, -0.0819, -0.1024
16:05:35, 0.03, 1, 351.41, 350.95, 348.86, 0.9888, -0.0711, -0.0819, -0.1024
16:05:35, 0.07, 2, 351.42, 350.97, 348.86, 0.9888, -0.0709, -0.0819, -0.1023
16:05:35, 0.07, 2, 351.42, 350.98, 348.86, 0.9888, -0.0708, -0.0819, -0.1024
16:05:35, 0.10, 3, 351.43, 350.99, 348.86, 0.9889, -0.0707, -0.0818, -0.1023
16:05:35, 0.10, 3, 351.45, 351.02, 348.84, 0.9889, -0.0704, -0.0816, -0.1025
16:05:35, 0.10, 3, 351.46, 351.03, 348.83, 0.9889, -0.0704, -0.0814, -0.1025
16:05:35, 0.13, 4, 351.50, 351.04, 348.80, 0.9889, -0.0703, -0.0811, -0.1028
16:05:35, 0.13, 4, 351.52, 351.07, 348.77, 0.9889, -0.0700, -0.0809, -0.1030
16:05:35, 0.17, 5, 351.57, 351.09, 348.75, 0.9889, -0.0699, -0.0805, -0.1031
16:05:35, 0.17, 5, 351.61, 351.11, 348.72, 0.9890, -0.0697, -0.0802, -0.1033
16:05:35, 0.17, 5, 351.68, 351.14, 348.72, 0.9890, -0.0696, -0.0796, -0.1033
16:05:35, 0.20, 6, 351.76, 351.15, 348.71, 0.9891, -0.0695, -0.0789, -0.1033
16:05:35, 0.20, 6, 351.83, 351.15, 348.71, 0.9891, -0.0696, -0.0783, -0.1033
16:05:35, 0.23, 7, 351.90, 351.15, 348.69, 0.9892, -0.0696, -0.0777, -0.1034
16:05:35, 0.23, 7, 351.99, 351.10, 348.69, 0.9892, -0.0701, -0.0770, -0.1034
16:05:35, 0.27, 8, 352.06, 351.12, 348.68, 0.9892, -0.0701, -0.0763, -0.1034
16:05:35, 0.27, 8, 352.12, 351.12, 348.69, 0.9893, -0.0701, -0.0758, -0.1033
16:05:35, 0.27, 8, 352.17, 351.14, 348.68, 0.9893, -0.0700, -0.0753, -0.1033
16:05:35, 0.30, 9, 352.26, 351.17, 348.70, 0.9894, -0.0698, -0.0746, -0.1031
16:05:35, 0.30, 9, 352.33, 351.20, 348.74, 0.9895, -0.0697, -0.0738, -0.1027
16:05:35, 0.33, 10, 352.40, 351.21, 348.76, 0.9896, -0.0697, -0.0733, -0.1025
16:05:35, 0.33, 10, 352.48, 351.22, 348.78, 0.9897, -0.0696, -0.0725, -0.1023
16:05:35, 0.33, 10, 352.57, 351.22, 348.80, 0.9897, -0.0697, -0.0717, -0.1020
16:05:35, 0.37, 11, 352.66, 351.22, 348.82, 0.9898, -0.0698, -0.0709, -0.1018
16:05:35, 0.37, 11, 352.73, 351.23, 348.87, 0.9899, -0.0698, -0.0703, -0.1013
16:05:35, 0.40, 12, 352.81, 351.26, 348.92, 0.9900, -0.0697, -0.0696, -0.1009
16:05:35, 0.40, 12, 352.90, 351.30, 348.93, 0.9901, -0.0694, -0.0688, -0.1007
16:05:35, 0.43, 13, 352.97, 351.37, 348.98, 0.9902, -0.0689, -0.0681, -0.1002
16:05:35, 0.43, 13, 353.04, 351.37, 349.00, 0.9903, -0.0690, -0.0675, -0.0999
16:05:35, 0.43, 13, 353.14, 351.33, 349.02, 0.9904, -0.0694, -0.0666, -0.0998
16:05:35, 0.47, 14, 353.25, 351.30, 349.06, 0.9904, -0.0698, -0.0657, -0.0993
16:05:35, 0.47, 14, 353.33, 351.24, 349.06, 0.9904, -0.0704, -0.0650, -0.0993
16:05:35, 0.50, 15, 353.45, 351.25, 349.06, 0.9905, -0.0704, -0.0639, -0.0992
16:05:35, 0.50, 15, 353.56, 351.29, 349.08, 0.9906, -0.0702, -0.0630, -0.0989
16:05:35, 0.50, 15, 353.69, 351.35, 349.09, 0.9907, -0.0698, -0.0618, -0.0988
16:05:35, 0.53, 16, 353.81, 351.38, 349.09, 0.9908, -0.0696, -0.0607, -0.0987
16:05:35, 0.53, 16, 353.94, 351.41, 349.10, 0.9909, -0.0695, -0.0596, -0.0985
16:05:35, 0.57, 17, 354.05, 351.41, 349.10, 0.9910, -0.0695, -0.0587, -0.0985
16:05:35, 0.57, 17, 354.17, 351.41, 349.09, 0.9910, -0.0697, -0.0576, -0.0985
16:05:35, 0.60, 18, 354.26, 351.44, 349.08, 0.9911, -0.0694, -0.0568, -0.0985
16:05:35, 0.60, 18, 354.37, 351.49, 349.08, 0.9912, -0.0691, -0.0558, -0.0984
16:05:35, 0.60, 18, 354.47, 351.52, 349.09, 0.9912, -0.0689, -0.0549, -0.0983
16:05:35, 0.63, 19, 354.57, 351.53, 349.09, 0.9913, -0.0689, -0.0540, -0.0982
16:05:35, 0.63, 19, 354.68, 351.54, 349.10, 0.9914, -0.0689, -0.0531, -0.0980
16:05:35, 0.67, 20, 354.79, 351.54, 349.08, 0.9914, -0.0690, -0.0521, -0.0982
16:05:35, 0.67, 20, 354.91, 351.53, 349.07, 0.9914, -0.0692, -0.0511, -0.0982
16:05:35, 0.67, 20, 355.04, 351.58, 349.06, 0.9915, -0.0689, -0.0499, -0.0982
16:05:35, 0.70, 21, 355.18, 351.60, 349.05, 0.9916, -0.0688, -0.0488, -0.0981
16:05:35, 0.70, 21, 355.29, 351.66, 349.03, 0.9917, -0.0684, -0.0478, -0.0982
16:05:35, 0.73, 22, 355.46, 351.65, 349.01, 0.9917, -0.0686, -0.0463, -0.0983
16:05:35, 0.73, 22, 355.58, 351.64, 348.99, 0.9917, -0.0688, -0.0452, -0.0984
16:05:35, 0.77, 23, 355.75, 351.67, 348.97, 0.9918, -0.0687, -0.0437, -0.0985
16:05:35, 0.77, 23, 355.91, 351.69, 348.94, 0.9918, -0.0687, -0.0424, -0.0986
16:05:35, 0.77, 23, 356.08, 351.73, 348.93, 0.9919, -0.0685, -0.0409, -0.0986
16:05:35, 0.80, 24, 356.30, 351.81, 348.93, 0.9921, -0.0680, -0.0389, -0.0985
16:05:35, 0.80, 24, 356.56, 351.90, 348.92, 0.9922, -0.0674, -0.0366, -0.0984
16:05:35, 0.83, 25, 356.86, 352.01, 348.91, 0.9923, -0.0667, -0.0339, -0.0982
16:05:35, 0.83, 25, 357.20, 352.16, 348.95, 0.9926, -0.0657, -0.0308, -0.0977
16:05:35, 0.83, 25, 357.54, 352.32, 349.00, 0.9928, -0.0646, -0.0277, -0.0971
16:05:35, 0.87, 26, 357.90, 352.45, 349.02, 0.9930, -0.0637, -0.0245, -0.0967
16:05:35, 0.87, 26, 358.31, 352.61, 349.02, 0.9931, -0.0627, -0.0208, -0.0964
16:05:35, 0.90, 27, 358.70, 352.79, 349.08, 0.9934, -0.0615, -0.0173, -0.0957
16:05:35, 0.90, 27, 359.11, 352.99, 349.12, 0.9936, -0.0602, -0.0135, -0.0951
16:05:35, 0.93, 28, 359.57, 353.16, 349.17, 0.9937, -0.0590, -0.0094, -0.0944
16:05:35, 0.93, 28, 359.93, 353.42, 349.22, 0.9939, -0.0571, -0.0060, -0.0938
16:05:35, 0.93, 28, 0.33, 353.49, 349.22, 0.9940, -0.0568, -0.0025, -0.0936
16:05:35, 0.97, 29, 0.69, 353.65, 349.30, 0.9941, -0.0557, 0.0008, -0.0927
16:05:35, 0.97, 29, 1.04, 353.86, 349.34, 0.9943, -0.0542, 0.0041, -0.0922
16:05:35, 1.00, 30, 1.41, 353.95, 349.37, 0.9943, -0.0537, 0.0073, -0.0919
16:05:35, 1.00, 30, 1.74, 354.18, 349.42, 0.9944, -0.0520, 0.0104, -0.0913
16:05:35, 1.00, 30, 2.10, 354.39, 349.50, 0.9945, -0.0504, 0.0137, -0.0905
16:05:36, 1.03, 31, 2.38, 354.66, 349.55, 0.9946, -0.0483, 0.0164, -0.0900
16:05:36, 1.03, 31, 2.62, 354.85, 349.64, 0.9947, -0.0468, 0.0187, -0.0891
16:05:36, 1.07, 32, 2.92, 354.97, 349.67, 0.9948, -0.0460, 0.0214, -0.0888
16:05:36, 1.07, 32, 3.17, 355.09, 349.75, 0.9948, -0.0452, 0.0237, -0.0880
16:05:36, 1.10, 33, 3.37, 355.21, 349.81, 0.9949, -0.0442, 0.0255, -0.0875
16:05:36, 1.10, 33, 3.60, 355.38, 349.84, 0.9949, -0.0429, 0.0277, -0.0871
16:05:36, 1.10, 33, 3.77, 355.58, 349.89, 0.9949, -0.0412, 0.0293, -0.0868
16:05:36, 1.13, 34, 4.01, 355.79, 349.91, 0.9950, -0.0397, 0.0316, -0.0865
16:05:36, 1.13, 34, 4.21, 356.09, 349.90, 0.9950, -0.0372, 0.0336, -0.0866
16:05:36, 1.17, 35, 4.41, 356.37, 349.91, 0.9950, -0.0349, 0.0355, -0.0866
16:05:36, 1.17, 35, 4.63, 356.61, 349.94, 0.9950, -0.0330, 0.0376, -0.0863
16:05:36, 1.20, 36, 4.87, 356.82, 349.99, 0.9950, -0.0313, 0.0399, -0.0860
16:05:36, 1.20, 36, 5.13, 357.01, 349.97, 0.9949, -0.0299, 0.0423, -0.0861
16:05:36, 1.20, 36, 5.36, 357.11, 350.01, 0.9949, -0.0292, 0.0444, -0.0858
16:05:36, 1.23, 37, 5.62, 357.23, 350.04, 0.9948, -0.0283, 0.0467, -0.0855
16:05:36, 1.23, 37, 5.81, 357.40, 350.08, 0.9948, -0.0270, 0.0485, -0.0852
16:05:36, 1.27, 38, 6.04, 357.54, 350.10, 0.9948, -0.0259, 0.0506, -0.0850
16:05:36, 1.27, 38, 6.23, 357.64, 350.12, 0.9947, -0.0251, 0.0523, -0.0848
16:05:36, 1.27, 38, 6.38, 357.75, 350.16, 0.9947, -0.0243, 0.0537, -0.0846
16:05:36, 1.30, 39, 6.53, 357.87, 350.20, 0.9946, -0.0234, 0.0552, -0.0842
16:05:36, 1.30, 39, 6.66, 358.00, 350.21, 0.9946, -0.0223, 0.0563, -0.0842
16:05:36, 1.33, 40, 6.78, 358.08, 350.22, 0.9946, -0.0217, 0.0574, -0.0841
16:05:36, 1.33, 40, 6.85, 358.14, 350.26, 0.9946, -0.0212, 0.0581, -0.0838
16:05:36, 1.37, 41, 6.90, 358.16, 350.26, 0.9945, -0.0211, 0.0586, -0.0838
16:05:36, 1.37, 41, 6.95, 358.14, 350.26, 0.9945, -0.0213, 0.0590, -0.0837
16:05:36, 1.37, 41, 6.93, 358.11, 350.27, 0.9945, -0.0215, 0.0589, -0.0836
16:05:36, 1.40, 42, 6.89, 358.09, 350.28, 0.9946, -0.0216, 0.0584, -0.0836
16:05:36, 1.40, 42, 6.77, 358.02, 350.29, 0.9946, -0.0222, 0.0574, -0.0834
16:05:36, 1.43, 43, 6.60, 357.88, 350.29, 0.9947, -0.0232, 0.0558, -0.0834
16:05:36, 1.43, 43, 6.41, 357.77, 350.28, 0.9948, -0.0241, 0.0540, -0.0835
16:05:36, 1.43, 43, 6.17, 357.66, 350.28, 0.9949, -0.0249, 0.0519, -0.0834
16:05:36, 1.47, 44, 5.84, 357.48, 350.26, 0.9950, -0.0262, 0.0489, -0.0836
16:05:36, 1.47, 44, 5.54, 357.34, 350.22, 0.9950, -0.0272, 0.0461, -0.0840
16:05:36, 1.50, 45, 5.22, 357.23, 350.16, 0.9951, -0.0279, 0.0433, -0.0845
16:05:36, 1.50, 45, 4.89, 357.14, 350.15, 0.9952, -0.0285, 0.0404, -0.0847
16:05:36, 1.53, 46, 4.60, 357.05, 350.11, 0.9952, -0.0291, 0.0377, -0.0851
16:05:36, 1.53, 46, 4.30, 356.98, 350.08, 0.9953, -0.0295, 0.0350, -0.0854
16:05:36, 1.53, 46, 4.01, 356.91, 350.07, 0.9954, -0.0298, 0.0325, -0.0855
16:05:36, 1.57, 47, 3.71, 356.84, 350.06, 0.9954, -0.0302, 0.0298, -0.0856
16:05:36, 1.57, 47, 3.47, 356.76, 350.08, 0.9955, -0.0308, 0.0277, -0.0856
16:05:36, 1.60, 48, 3.23, 356.68, 350.02, 0.9955, -0.0313, 0.0256, -0.0861
16:05:36, 1.60, 48, 3.01, 356.56, 350.00, 0.9955, -0.0321, 0.0235, -0.0863
16:05:36, 1.60, 48, 2.80, 356.47, 349.97, 0.9955, -0.0328, 0.0216, -0.0866
16:05:36, 1.63, 49, 2.63, 356.43, 349.94, 0.9955, -0.0331, 0.0201, -0.0869
16:05:36, 1.63, 49, 2.48, 356.40, 349.91, 0.9955, -0.0332, 0.0187, -0.0872
16:05:36, 1.67, 50, 2.35, 356.38, 349.89, 0.9955, -0.0333, 0.0177, -0.0874
16:05:36, 1.67, 50, 2.22, 356.34, 349.89, 0.9955, -0.0335, 0.0164, -0.0874
16:05:36, 1.70, 51, 2.07, 356.29, 349.91, 0.9955, -0.0339, 0.0152, -0.0873
16:05:36, 1.70, 51, 1.97, 356.24, 349.90, 0.9955, -0.0341, 0.0142, -0.0874
16:05:36, 1.70, 51, 1.87, 356.22, 349.88, 0.9955, -0.0343, 0.0133, -0.0876
16:05:36, 1.73, 52, 1.79, 356.15, 349.90, 0.9955, -0.0348, 0.0126, -0.0874
16:05:36, 1.73, 52, 1.68, 356.09, 349.90, 0.9955, -0.0352, 0.0116, -0.0875
16:05:36, 1.77, 53, 1.56, 356.03, 349.94, 0.9955, -0.0357, 0.0105, -0.0872
16:05:36, 1.77, 53, 1.46, 355.99, 349.98, 0.9955, -0.0360, 0.0096, -0.0868
16:05:36, 1.77, 53, 1.33, 355.94, 350.00, 0.9955, -0.0363, 0.0085, -0.0867
16:05:36, 1.80, 54, 1.18, 355.90, 350.01, 0.9955, -0.0365, 0.0071, -0.0866
16:05:36, 1.80, 54, 1.05, 355.84, 350.05, 0.9956, -0.0369, 0.0060, -0.0863
16:05:36, 1.83, 55, 0.92, 355.79, 350.06, 0.9956, -0.0373, 0.0048, -0.0863
16:05:36, 1.83, 55, 0.77, 355.74, 350.07, 0.9956, -0.0376, 0.0034, -0.0862
16:05:36, 1.87, 56, 0.59, 355.65, 350.09, 0.9955, -0.0382, 0.0018, -0.0861
16:05:36, 1.87, 56, 0.38, 355.56, 350.07, 0.9955, -0.0389, -0.0001, -0.0863
16:05:36, 1.87, 56, 0.20, 355.45, 350.09, 0.9955, -0.0397, -0.0017, -0.0863
16:05:36, 1.90, 57, 0.01, 355.40, 350.10, 0.9955, -0.0400, -0.0034, -0.0862
16:05:36, 1.90, 57, 359.84, 355.28, 350.08, 0.9954, -0.0409, -0.0050, -0.0865
16:05:36, 1.93, 58, 359.64, 355.17, 350.06, 0.9953, -0.0417, -0.0067, -0.0867
16:05:36, 1.93, 58, 359.41, 355.08, 350.06, 0.9953, -0.0423, -0.0089, -0.0867
16:05:36, 1.93, 58, 359.07, 354.97, 350.09, 0.9952, -0.0430, -0.0118, -0.0866
16:05:36, 1.97, 59, 358.73, 354.87, 350.11, 0.9952, -0.0436, -0.0149, -0.0866
16:05:36, 1.97, 59, 358.33, 354.82, 350.10, 0.9951, -0.0437, -0.0184, -0.0869
16:05:36, 2.00, 60, 357.85, 354.76, 350.16, 0.9950, -0.0439, -0.0226, -0.0865
16:05:36, 2.00, 60, 357.34, 354.68, 350.16, 0.9949, -0.0443, -0.0271, -0.0867
16:05:36, 2.03, 61, 356.68, 354.53, 350.22, 0.9947, -0.0450, -0.0329, -0.0865
16:05:36, 2.03, 61, 355.85, 354.44, 350.32, 0.9945, -0.0452, -0.0401, -0.0860
16:05:37, 2.03, 61, 354.85, 354.29, 350.43, 0.9941, -0.0458, -0.0488, -0.0855
16:05:37, 2.07, 62, 353.52, 354.07, 350.45, 0.9934, -0.0468, -0.0606, -0.0859
16:05:37, 2.07, 62, 352.10, 353.90, 350.41, 0.9924, -0.0471, -0.0729, -0.0869
16:05:37, 2.10, 63, 350.45, 353.71, 350.29, 0.9911, -0.0475, -0.0874, -0.0887
16:05:37, 2.10, 63, 348.83, 353.58, 350.15, 0.9896, -0.0472, -0.1016, -0.0907
16:05:37, 2.10, 63, 347.27, 353.49, 350.01, 0.9879, -0.0466, -0.1152, -0.0926
16:05:37, 2.13, 64, 345.80, 353.37, 349.98, 0.9863, -0.0464, -0.1279, -0.0937
16:05:37, 2.13, 64, 344.26, 353.29, 350.00, 0.9844, -0.0459, -0.1412, -0.0941
16:05:37, 2.17, 65, 342.65, 353.07, 350.03, 0.9822, -0.0465, -0.1552, -0.0948
16:05:37, 2.17, 65, 341.10, 352.98, 349.97, 0.9799, -0.0459, -0.1685, -0.0961
16:05:37, 2.20, 66, 339.71, 352.85, 349.93, 0.9777, -0.0457, -0.1805, -0.0971
16:05:37, 2.20, 66, 338.37, 352.80, 349.90, 0.9755, -0.0450, -0.1920, -0.0980
16:05:37, 2.20, 66, 337.07, 352.64, 349.96, 0.9732, -0.0453, -0.2031, -0.0983
16:05:37, 2.23, 67, 335.67, 352.50, 350.09, 0.9706, -0.0455, -0.2150, -0.0980
16:05:37, 2.23, 67, 334.28, 352.35, 350.27, 0.9680, -0.0459, -0.2268, -0.0973
16:05:37, 2.27, 68, 333.01, 352.21, 350.21, 0.9652, -0.0460, -0.2376, -0.0986
16:05:37, 2.27, 68, 331.92, 352.05, 350.18, 0.9628, -0.0463, -0.2469, -0.0996
16:05:37, 2.27, 68, 330.86, 352.00, 350.21, 0.9605, -0.0459, -0.2558, -0.0999
16:05:37, 2.30, 69, 329.96, 352.04, 350.22, 0.9585, -0.0447, -0.2633, -0.1001
16:05:37, 2.30, 69, 329.20, 351.97, 350.20, 0.9566, -0.0446, -0.2697, -0.1006
16:05:37, 2.33, 70, 328.35, 351.96, 350.33, 0.9547, -0.0443, -0.2767, -0.0999
16:05:37, 2.33, 70, 327.53, 351.86, 350.46, 0.9527, -0.0447, -0.2836, -0.0994
16:05:37, 2.37, 71, 326.84, 351.78, 350.48, 0.9510, -0.0448, -0.2894, -0.0997
16:05:37, 2.37, 71, 326.22, 351.78, 350.59, 0.9495, -0.0446, -0.2944, -0.0990
16:05:37, 2.37, 71, 325.50, 351.68, 350.73, 0.9477, -0.0451, -0.3004, -0.0984
16:05:37, 2.40, 72, 324.77, 351.61, 350.87, 0.9458, -0.0455, -0.3064, -0.0977
16:05:37, 2.40, 72, 324.06, 351.44, 350.85, 0.9437, -0.0462, -0.3123, -0.0986
16:05:37, 2.43, 73, 323.49, 351.37, 350.83, 0.9421, -0.0462, -0.3171, -0.0991
16:05:37, 2.43, 73, 322.85, 351.30, 350.87, 0.9403, -0.0464, -0.3223, -0.0993
16:05:37, 2.43, 73, 322.13, 351.22, 350.98, 0.9382, -0.0468, -0.3282, -0.0989
16:05:37, 2.47, 74, 321.40, 351.12, 350.97, 0.9360, -0.0469, -0.3342, -0.0996
16:05:37, 2.47, 74, 320.77, 351.02, 350.95, 0.9341, -0.0471, -0.3395, -0.1003
16:05:37, 2.50, 75, 320.20, 351.00, 350.89, 0.9323, -0.0466, -0.3441, -0.1010
16:05:37, 2.50, 75, 319.73, 350.96, 350.88, 0.9308, -0.0464, -0.3480, -0.1015
16:05:37, 2.53, 76, 319.32, 350.97, 350.93, 0.9297, -0.0462, -0.3512, -0.1012
16:05:37, 2.53, 76, 318.76, 350.93, 351.00, 0.9279, -0.0462, -0.3558, -0.1010
16:05:37, 2.53, 76, 318.36, 350.91, 350.98, 0.9267, -0.0460, -0.3591, -0.1013
16:05:37, 2.57, 77, 317.96, 350.86, 351.00, 0.9254, -0.0461, -0.3623, -0.1015
16:05:37, 2.57, 77, 317.60, 350.80, 351.13, 0.9243, -0.0467, -0.3651, -0.1008
16:05:37, 2.60, 78, 317.23, 350.76, 351.15, 0.9231, -0.0467, -0.3681, -0.1009
16:05:37, 2.60, 78, 316.82, 350.67, 351.19, 0.9217, -0.0473, -0.3714, -0.1010
16:05:37, 2.60, 78, 316.56, 350.61, 351.11, 0.9208, -0.0472, -0.3736, -0.1020
16:05:37, 2.63, 79, 316.27, 350.62, 351.17, 0.9199, -0.0471, -0.3759, -0.1016
16:05:37, 2.63, 79, 315.96, 350.60, 351.19, 0.9189, -0.0470, -0.3784, -0.1016
16:05:37, 2.67, 80, 315.64, 350.64, 351.24, 0.9179, -0.0466, -0.3809, -0.1012
16:05:37, 2.67, 80, 315.37, 350.66, 351.27, 0.9170, -0.0463, -0.3830, -0.1010
16:05:37, 2.70, 81, 315.13, 350.60, 351.27, 0.9162, -0.0466, -0.3850, -0.1013
16:05:37, 2.70, 81, 314.92, 350.55, 351.25, 0.9154, -0.0467, -0.3867, -0.1017
16:05:37, 2.70, 81, 314.73, 350.54, 351.28, 0.9148, -0.0467, -0.3882, -0.1015
16:05:37, 2.73, 82, 314.45, 350.54, 351.38, 0.9139, -0.0468, -0.3904, -0.1009
16:05:37, 2.73, 82, 314.12, 350.52, 351.38, 0.9127, -0.0467, -0.3931, -0.1011
16:05:37, 2.77, 83, 313.84, 350.48, 351.36, 0.9117, -0.0466, -0.3953, -0.1015
16:05:37, 2.77, 83, 313.53, 350.43, 351.33, 0.9106, -0.0467, -0.3978, -0.1020
16:05:37, 2.77, 83, 313.24, 350.38, 351.27, 0.9095, -0.0467, -0.4001, -0.1028
16:05:37, 2.80, 84, 312.93, 350.35, 351.21, 0.9083, -0.0464, -0.4027, -0.1035
16:05:37, 2.80, 84, 312.63, 350.32, 351.21, 0.9072, -0.0464, -0.4050, -0.1037
16:05:37, 2.83, 85, 312.35, 350.28, 351.23, 0.9062, -0.0465, -0.4072, -0.1038
16:05:37, 2.83, 85, 312.12, 350.24, 351.26, 0.9054, -0.0467, -0.4090, -0.1038
16:05:37, 2.87, 86, 311.93, 350.24, 351.26, 0.9047, -0.0466, -0.4106, -0.1039
16:05:37, 2.87, 86, 311.77, 350.22, 351.28, 0.9041, -0.0466, -0.4118, -0.1039
16:05:37, 2.87, 86, 311.58, 350.18, 351.35, 0.9035, -0.0470, -0.4133, -0.1035
16:05:37, 2.90, 87, 311.36, 350.18, 351.43, 0.9027, -0.0471, -0.4150, -0.1030
16:05:37, 2.90, 87, 311.20, 350.17, 351.48, 0.9022, -0.0473, -0.4163, -0.1027
16:05:37, 2.93, 88, 311.08, 350.19, 351.57, 0.9019, -0.0473, -0.4171, -0.1020
16:05:37, 2.93, 88, 311.03, 350.25, 351.59, 0.9018, -0.0468, -0.4175, -0.1016
16:05:37, 2.93, 88, 311.04, 350.29, 351.66, 0.9019, -0.0468, -0.4174, -0.1010
16:05:37, 2.97, 89, 311.08, 350.30, 351.74, 0.9021, -0.0471, -0.4171, -0.1002
16:05:37, 2.97, 89, 311.06, 350.23, 351.83, 0.9020, -0.0479, -0.4172, -0.0998
16:05:37, 3.00, 90, 311.06, 350.18, 351.83, 0.9020, -0.0483, -0.4172, -0.0999
16:05:37, 3.00, 90, 311.17, 350.15, 351.84, 0.9024, -0.0486, -0.4163, -0.1000
16:05:37, 3.03, 91, 311.43, 350.19, 351.82, 0.9033, -0.0485, -0.4143, -0.0999
16:05:37, 3.03, 91, 311.92, 350.24, 351.81, 0.9052, -0.0485, -0.4104, -0.0995
16:05:38, 3.03, 91, 312.68, 350.36, 351.85, 0.9080, -0.0483, -0.4044, -0.0985
16:05:38, 3.07, 92, 313.55, 350.44, 351.91, 0.9112, -0.0487, -0.3974, -0.0974
16:05:38, 3.07, 92, 314.67, 350.57, 351.89, 0.9151, -0.0485, -0.3884, -0.0966
16:05:38, 3.10, 93, 316.18, 350.73, 351.78, 0.9202, -0.0482, -0.3763, -0.0964
16:05:38, 3.10, 93, 318.16, 351.01, 351.72, 0.9267, -0.0473, -0.3604, -0.0952
16:05:38, 3.10, 93, 320.40, 351.17, 351.81, 0.9338, -0.0481, -0.3420, -0.0930
16:05:38, 3.13, 94, 322.63, 351.48, 352.02, 0.9407, -0.0479, -0.3236, -0.0895
16:05:38, 3.13, 94, 324.92, 351.73, 352.04, 0.9472, -0.0477, -0.3047, -0.0877
16:05:38, 3.17, 95, 327.49, 352.08, 351.99, 0.9540, -0.0466, -0.2832, -0.0862
16:05:38, 3.17, 95, 330.22, 352.39, 352.04, 0.9608, -0.0462, -0.2603, -0.0839
16:05:38, 3.20, 96, 333.19, 352.83, 352.03, 0.9675, -0.0446, -0.2350, -0.0819
16:05:38, 3.20, 96, 336.10, 353.16, 352.07, 0.9734, -0.0440, -0.2102, -0.0799
16:05:38, 3.20, 96, 338.81, 353.33, 352.40, 0.9784, -0.0449, -0.1869, -0.0757
16:05:38, 3.23, 97, 340.97, 353.36, 352.58, 0.9819, -0.0464, -0.1683, -0.0733
16:05:38, 3.23, 97, 343.01, 353.30, 352.65, 0.9848, -0.0482, -0.1509, -0.0719
16:05:38, 3.27, 98, 345.12, 353.46, 352.59, 0.9874, -0.0481, -0.1327, -0.0713
16:05:38, 3.27, 98, 347.40, 353.72, 352.70, 0.9901, -0.0474, -0.1128, -0.0691
16:05:38, 3.27, 98, 349.43, 354.01, 353.03, 0.9923, -0.0463, -0.0949, -0.0653
16:05:38, 3.30, 99, 351.13, 354.10, 352.98, 0.9936, -0.0465, -0.0802, -0.0649
16:05:38, 3.30, 99, 352.76, 354.13, 352.77, 0.9945, -0.0470, -0.0661, -0.0661
16:05:38, 3.33, 100, 354.53, 354.25, 352.58, 0.9954, -0.0469, -0.0508, -0.0670
16:05:38, 3.33, 100, 356.52, 354.53, 352.48, 0.9962, -0.0456, -0.0334, -0.0670
16:05:38, 3.37, 101, 358.53, 354.80, 352.63, 0.9968, -0.0444, -0.0157, -0.0648
16:05:38, 3.37, 101, 0.33, 354.90, 352.84, 0.9971, -0.0445, 0.0001, -0.0623
16:05:38, 3.37, 101, 2.08, 354.97, 352.83, 0.9970, -0.0450, 0.0153, -0.0616
16:05:38, 3.40, 102, 3.98, 355.06, 352.86, 0.9966, -0.0451, 0.0320, -0.0607
16:05:38, 3.40, 102, 5.96, 355.13, 352.91, 0.9960, -0.0456, 0.0492, -0.0595
16:05:38, 3.43, 103, 8.13, 355.20, 353.01, 0.9949, -0.0460, 0.0682, -0.0578
16:05:38, 3.43, 103, 10.31, 355.17, 353.18, 0.9935, -0.0473, 0.0871, -0.0554
16:05:38, 3.43, 103, 12.59, 355.23, 353.36, 0.9917, -0.0476, 0.1070, -0.0530
16:05:38, 3.47, 104, 15.10, 355.25, 353.48, 0.9892, -0.0485, 0.1288, -0.0509
16:05:38, 3.47, 104, 17.82, 355.17, 353.70, 0.9859, -0.0501, 0.1523, -0.0477
16:05:38, 3.50, 105, 20.78, 355.00, 353.88, 0.9817, -0.0525, 0.1776, -0.0446
16:05:38, 3.50, 105, 23.96, 354.83, 354.19, 0.9764, -0.0546, 0.2048, -0.0402
16:05:38, 3.53, 106, 27.20, 354.69, 354.60, 0.9704, -0.0561, 0.2325, -0.0349
16:05:38, 3.53, 106, 30.19, 354.51, 354.97, 0.9640, -0.0576, 0.2578, -0.0299
16:05:38, 3.53, 106, 33.21, 354.34, 355.10, 0.9568, -0.0595, 0.2832, -0.0268
16:05:38, 3.57, 107, 36.38, 354.21, 355.15, 0.9486, -0.0611, 0.3095, -0.0244
16:05:38, 3.57, 107, 39.53, 354.08, 355.51, 0.9398, -0.0618, 0.3355, -0.0193
16:05:38, 3.60, 108, 42.29, 353.93, 355.94, 0.9315, -0.0621, 0.3582, -0.0139
16:05:38, 3.60, 108, 44.86, 353.77, 356.10, 0.9232, -0.0631, 0.3790, -0.0107
16:05:38, 3.60, 108, 47.29, 353.55, 356.06, 0.9148, -0.0653, 0.3985, -0.0089
16:05:38, 3.63, 109, 49.64, 353.29, 355.97, 0.9064, -0.0678, 0.4169, -0.0073
16:05:38, 3.63, 109, 52.01, 353.09, 356.15, 0.8975, -0.0689, 0.4356, -0.0037
16:05:38, 3.67, 110, 54.31, 352.89, 356.31, 0.8885, -0.0698, 0.4535, -0.0003
16:05:38, 3.67, 110, 56.40, 352.78, 356.47, 0.8800, -0.0700, 0.4697, 0.0027
16:05:38, 3.70, 111, 58.26, 352.75, 356.60, 0.8723, -0.0696, 0.4840, 0.0049
16:05:38, 3.70, 111, 59.90, 352.73, 356.69, 0.8653, -0.0693, 0.4965, 0.0066
16:05:38, 3.70, 111, 61.38, 352.82, 356.77, 0.8588, -0.0682, 0.5077, 0.0077
16:05:38, 3.73, 112, 62.70, 352.92, 356.86, 0.8529, -0.0669, 0.5176, 0.0088
16:05:38, 3.73, 112, 63.86, 353.03, 356.82, 0.8477, -0.0662, 0.5263, 0.0086
16:05:38, 3.77, 113, 64.92, 352.99, 356.83, 0.8428, -0.0664, 0.5341, 0.0095
16:05:38, 3.77, 113, 65.71, 353.01, 356.88, 0.8391, -0.0660, 0.5399, 0.0102
16:05:38, 3.77, 113, 66.36, 353.01, 356.88, 0.8360, -0.0659, 0.5447, 0.0106
16:05:38, 3.80, 114, 66.89, 353.04, 356.87, 0.8335, -0.0657, 0.5485, 0.0107
16:05:38, 3.80, 114, 67.29, 353.11, 356.76, 0.8316, -0.0656, 0.5514, 0.0098
16:05:38, 3.83, 115, 67.59, 353.08, 356.66, 0.8302, -0.0663, 0.5535, 0.0094
16:05:38, 3.83, 115, 67.81, 353.05, 356.55, 0.8291, -0.0670, 0.5550, 0.0089
16:05:38, 3.87, 116, 68.03, 352.88, 356.45, 0.8280, -0.0687, 0.5565, 0.0091
16:05:38, 3.87, 116, 68.32, 352.75, 356.41, 0.8265, -0.0699, 0.5585, 0.0096
16:05:38, 3.87, 116, 68.73, 352.67, 356.37, 0.8245, -0.0706, 0.5613, 0.0100
16:05:38, 3.90, 117, 69.16, 352.63, 356.46, 0.8224, -0.0704, 0.5645, 0.0111
16:05:38, 3.90, 117, 69.57, 352.56, 356.54, 0.8203, -0.0704, 0.5674, 0.0123
16:05:38, 3.93, 118, 70.00, 352.50, 356.64, 0.8181, -0.0703, 0.5706, 0.0135
16:05:38, 3.93, 118, 70.36, 352.41, 356.77, 0.8163, -0.0702, 0.5732, 0.0152
16:05:38, 3.93, 118, 70.76, 352.32, 356.83, 0.8143, -0.0706, 0.5760, 0.0163
16:05:38, 3.97, 119, 71.30, 352.15, 356.85, 0.8115, -0.0716, 0.5797, 0.0176
16:05:38, 3.97, 119, 71.76, 352.05, 356.88, 0.8091, -0.0721, 0.5829, 0.0186
16:05:38, 4.00, 120, 72.29, 351.91, 356.93, 0.8063, -0.0727, 0.5866, 0.0200
16:05:38, 4.00, 120, 72.81, 351.85, 357.07, 0.8036, -0.0723, 0.5903, 0.0217
16:05:38, 4.03, 121, 73.24, 351.70, 357.13, 0.8013, -0.0729, 0.5933, 0.0231
16:05:38, 4.03, 121, 73.69, 351.56, 357.26, 0.7989, -0.0731, 0.5965, 0.0251
16:05:39, 4.03, 121, 74.12, 351.42, 357.36, 0.7966, -0.0735, 0.5994, 0.0267
16:05:39, 4.07, 122, 74.63, 351.25, 357.39, 0.7938, -0.0744, 0.6029, 0.0282
16:05:39, 4.07, 122, 75.08, 351.06, 357.51, 0.7914, -0.0750, 0.6060, 0.0303
16:05:39, 4.10, 123, 75.63, 350.82, 357.68, 0.7883, -0.0756, 0.6097, 0.0331
16:05:39, 4.10, 123, 76.25, 350.60, 357.78, 0.7848, -0.0764, 0.6139, 0.0354
16:05:39, 4.10, 123, 76.87, 350.31, 357.94, 0.7813, -0.0773, 0.6181, 0.0385
16:05:39, 4.13, 124, 77.54, 349.91, 358.14, 0.7774, -0.0787, 0.6226, 0.0424
16:05:39, 4.13, 124, 78.13, 349.65, 358.32, 0.7740, -0.0793, 0.6265, 0.0455
16:05:39, 4.17, 125, 78.69, 349.42, 358.39, 0.7708, -0.0801, 0.6302, 0.0476
16:05:39, 4.17, 125, 79.14, 349.25, 358.42, 0.7682, -0.0810, 0.6332, 0.0491
16:05:39, 4.20, 126, 79.54, 349.22, 358.45, 0.7660, -0.0808, 0.6358, 0.0497
16:05:39, 4.20, 126, 79.77, 349.14, 358.48, 0.7647, -0.0811, 0.6373, 0.0505
16:05:39, 4.20, 126, 79.97, 349.05, 358.48, 0.7635, -0.0816, 0.6386, 0.0512
16:05:39, 4.23, 127, 80.12, 348.89, 358.41, 0.7626, -0.0830, 0.6395, 0.0518
16:05:39, 4.23, 127, 80.26, 348.79, 358.39, 0.7618, -0.0837, 0.6403, 0.0523
16:05:39, 4.27, 128, 80.33, 348.74, 358.44, 0.7613, -0.0837, 0.6408, 0.0530
16:05:39, 4.27, 128, 80.38, 348.74, 358.48, 0.7610, -0.0834, 0.6411, 0.0532
16:05:39, 4.27, 128, 80.41, 348.77, 358.51, 0.7608, -0.0831, 0.6414, 0.0533
16:05:39, 4.30, 129, 80.43, 348.82, 358.54, 0.7607, -0.0825, 0.6416, 0.0532
16:05:39, 4.30, 129, 80.41, 348.89, 358.54, 0.7609, -0.0821, 0.6415, 0.0528
16:05:39, 4.33, 130, 80.39, 348.94, 358.58, 0.7610, -0.0816, 0.6414, 0.0528
16:05:39, 4.33, 130, 80.34, 349.00, 358.63, 0.7613, -0.0809, 0.6412, 0.0527
16:05:39, 4.37, 131, 80.34, 349.07, 358.69, 0.7613, -0.0801, 0.6413, 0.0528
16:05:39, 4.37, 131, 80.32, 349.12, 358.81, 0.7614, -0.0791, 0.6412, 0.0532
16:05:39, 4.37, 131, 80.30, 349.17, 358.89, 0.7615, -0.0784, 0.6412, 0.0535
16:05:39, 4.40, 132, 80.25, 349.19, 358.99, 0.7617, -0.0777, 0.6409, 0.0540
16:05:39, 4.40, 132, 80.21, 349.24, 359.05, 0.7620, -0.0770, 0.6407, 0.0541
16:05:39, 4.43, 133, 80.18, 349.25, 359.05, 0.7621, -0.0770, 0.6405, 0.0540
16:05:39, 4.43, 133, 80.16, 349.21, 359.04, 0.7623, -0.0773, 0.6404, 0.0541
16:05:39, 4.43, 133, 80.19, 349.20, 359.07, 0.7621, -0.0772, 0.6406, 0.0544
16:05:39, 4.47, 134, 80.22, 349.26, 359.15, 0.7619, -0.0763, 0.6409, 0.0547
16:05:39, 4.47, 134, 80.26, 349.23, 359.21, 0.7616, -0.0762, 0.6412, 0.0552
16:05:39, 4.50, 135, 80.25, 349.20, 359.26, 0.7616, -0.0761, 0.6411, 0.0557
16:05:39, 4.50, 135, 80.26, 349.16, 359.29, 0.7615, -0.0762, 0.6412, 0.0562
16:05:39, 4.53, 136, 80.25, 349.14, 359.30, 0.7615, -0.0763, 0.6411, 0.0563
16:05:39, 4.53, 136, 80.27, 349.18, 359.31, 0.7615, -0.0760, 0.6413, 0.0562
16:05:39, 4.53, 136, 80.27, 349.22, 359.32, 0.7615, -0.0756, 0.6413, 0.0560
16:05:39, 4.57, 137, 80.22, 349.29, 359.30, 0.7618, -0.0753, 0.6410, 0.0555
16:05:39, 4.57, 137, 80.16, 349.28, 359.26, 0.7621, -0.0756, 0.6406, 0.0552
16:05:39, 4.60, 138, 80.15, 349.31, 359.25, 0.7622, -0.0754, 0.6405, 0.0550
16:05:39, 4.60, 138, 80.14, 349.26, 359.25, 0.7623, -0.0758, 0.6404, 0.0553
16:05:39, 4.60, 138, 80.15, 349.28, 359.23, 0.7622, -0.0758, 0.6405, 0.0551
16:05:39, 4.63, 139, 80.11, 349.31, 359.26, 0.7625, -0.0754, 0.6402, 0.0551
16:05:39, 4.63, 139, 80.06, 349.35, 359.33, 0.7628, -0.0748, 0.6400, 0.0552
16:05:39, 4.67, 140, 80.01, 349.40, 359.29, 0.7631, -0.0747, 0.6396, 0.0546
16:05:39, 4.67, 140, 79.98, 349.40, 359.27, 0.7632, -0.0749, 0.6394, 0.0545
16:05:39, 4.70, 141, 79.95, 349.38, 359.25, 0.7634, -0.0751, 0.6392, 0.0545
16:05:39, 4.70, 141, 79.96, 349.37, 359.21, 0.7634, -0.0754, 0.6392, 0.0542
16:05:39, 4.70, 141, 79.92, 349.37, 359.20, 0.7636, -0.0755, 0.6390, 0.0541
16:05:39, 4.73, 142, 79.88, 349.38, 359.23, 0.7638, -0.0753, 0.6387, 0.0543
16:05:39, 4.73, 142, 79.84, 349.42, 359.26, 0.7641, -0.0748, 0.6385, 0.0543
16:05:39, 4.77, 143, 79.86, 349.44, 359.21, 0.7640, -0.0749, 0.6386, 0.0538
16:05:39, 4.77, 143, 79.88, 349.45, 359.23, 0.7639, -0.0748, 0.6387, 0.0539
16:05:39, 4.77, 143, 79.87, 349.46, 359.30, 0.7639, -0.0743, 0.6387, 0.0543
16:05:39, 4.80, 144, 79.82, 349.48, 359.31, 0.7641, -0.0741, 0.6385, 0.0542
16:05:39, 4.80, 144, 79.75, 349.53, 359.32, 0.7646, -0.0738, 0.6380, 0.0539
16:05:39, 4.83, 145, 79.67, 349.56, 359.35, 0.7650, -0.0735, 0.6375, 0.0540
16:05:39, 4.83, 145, 79.58, 349.55, 359.36, 0.7655, -0.0735, 0.6369, 0.0540
16:05:39, 4.87, 146, 79.49, 349.58, 359.36, 0.7660, -0.0734, 0.6363, 0.0538
16:05:39, 4.87, 146, 79.43, 349.61, 359.36, 0.7664, -0.0732, 0.6359, 0.0536
16:05:39, 4.87, 146, 79.39, 349.61, 359.39, 0.7666, -0.0731, 0.6357, 0.0537
16:05:39, 4.90, 147, 79.34, 349.59, 359.48, 0.7668, -0.0727, 0.6354, 0.0545
16:05:39, 4.90, 147, 79.28, 349.57, 359.53, 0.7671, -0.0726, 0.6350, 0.0549
16:05:39, 4.93, 148, 79.27, 349.56, 359.50, 0.7672, -0.0728, 0.6349, 0.0547
16:05:39, 4.93, 148, 79.26, 349.53, 359.49, 0.7672, -0.0731, 0.6348, 0.0548
16:05:39, 4.93, 148, 79.25, 349.49, 359.46, 0.7673, -0.0736, 0.6347, 0.0548
16:05:39, 4.97, 149, 79.19, 349.50, 359.45, 0.7676, -0.0736, 0.6344, 0.0546
16:05:39, 4.97, 149, 79.11, 349.47, 359.41, 0.7681, -0.0740, 0.6337, 0.0545
16:05:39, 5.00, 150, 79.04, 349.45, 359.38, 0.7685, -0.0744, 0.6332, 0.0544
16:05:39, 5.00, 150, 79.01, 349.44, 359.35, 0.7686, -0.0746, 0.6331, 0.0542
16:05:39, 5.03, 151, 79.02, 349.44, 359.35, 0.7686, -0.0746, 0.6331, 0.0542
16:05:39, 5.03, 151, 79.00, 349.47, 359.41, 0.7687, -0.0741, 0.6330, 0.0544
16:05:40, 5.03, 151, 78.96, 349.47, 359.43, 0.7689, -0.0740, 0.6328, 0.0545
16:05:40, 5.07, 152, 78.88, 349.45, 359.44, 0.7693, -0.0741, 0.6323, 0.0547
16:05:40, 5.07, 152, 78.85, 349.42, 359.39, 0.7695, -0.0746, 0.6319, 0.0545
16:05:40, 5.10, 153, 78.83, 349.44, 359.37, 0.7696, -0.0746, 0.6319, 0.0542
16:05:40, 5.10, 153, 78.81, 349.46, 359.38, 0.7697, -0.0744, 0.6317, 0.0541
16:05:40, 5.10, 153, 78.75, 349.46, 359.35, 0.7700, -0.0746, 0.6313, 0.0539
16:05:40, 5.13, 154, 78.71, 349.46, 359.28, 0.7703, -0.0750, 0.6310, 0.0534
16:05:40, 5.13, 154, 78.69, 349.44, 359.22, 0.7704, -0.0755, 0.6308, 0.0531
16:05:40, 5.17, 155, 78.67, 349.40, 359.21, 0.7705, -0.0758, 0.6307, 0.0533
16:05:40, 5.17, 155, 78.65, 349.40, 359.23, 0.7706, -0.0757, 0.6305, 0.0533
16:05:40, 5.20, 156, 78.62, 349.46, 359.21, 0.7709, -0.0754, 0.6303, 0.0529
16:05:40, 5.20, 156, 78.61, 349.48, 359.17, 0.7710, -0.0755, 0.6302, 0.0525
16:05:40, 5.20, 156, 78.55, 349.48, 359.14, 0.7712, -0.0757, 0.6299, 0.0523
16:05:40, 5.23, 157, 78.51, 349.51, 359.14, 0.7715, -0.0755, 0.6296, 0.0520
16:05:40, 5.23, 157, 78.42, 349.53, 359.09, 0.7720, -0.0757, 0.6289, 0.0515
16:05:40, 5.27, 158, 78.30, 349.54, 359.07, 0.7727, -0.0758, 0.6281, 0.0513
16:05:40, 5.27, 158, 78.17, 349.54, 359.06, 0.7734, -0.0759, 0.6272, 0.0512
16:05:40, 5.27, 158, 78.05, 349.54, 359.09, 0.7741, -0.0758, 0.6265, 0.0513
16:05:40, 5.30, 159, 77.96, 349.54, 359.08, 0.7746, -0.0759, 0.6258, 0.0511
16:05:40, 5.30, 159, 77.88, 349.55, 359.04, 0.7751, -0.0761, 0.6252, 0.0507
16:05:40, 5.33, 160, 77.76, 349.54, 359.02, 0.7757, -0.0763, 0.6244, 0.0506
16:05:40, 5.33, 160, 77.60, 349.55, 359.01, 0.7766, -0.0764, 0.6234, 0.0504
16:05:40, 5.37, 161, 77.41, 349.54, 359.01, 0.7776, -0.0765, 0.6220, 0.0503
16:05:40, 5.37, 161, 77.15, 349.55, 359.01, 0.7790, -0.0766, 0.6203, 0.0501
16:05:40, 5.37, 161, 76.94, 349.55, 358.96, 0.7802, -0.0769, 0.6188, 0.0496
16:05:40, 5.40, 162, 76.70, 349.53, 358.97, 0.7814, -0.0771, 0.6172, 0.0496
16:05:40, 5.40, 162, 76.42, 349.49, 359.01, 0.7829, -0.0773, 0.6153, 0.0499
16:05:40, 5.43, 163, 76.07, 349.44, 359.05, 0.7847, -0.0776, 0.6129, 0.0502
16:05:40, 5.43, 163, 75.67, 349.41, 359.09, 0.7868, -0.0778, 0.6102, 0.0504
16:05:40, 5.43, 163, 75.26, 349.41, 359.04, 0.7890, -0.0782, 0.6073, 0.0498
16:05:40, 5.47, 164, 74.87, 349.42, 359.12, 0.7911, -0.0778, 0.6047, 0.0499
16:05:40, 5.47, 164, 74.39, 349.45, 359.18, 0.7936, -0.0775, 0.6014, 0.0499
16:05:40, 5.50, 165, 73.89, 349.43, 359.20, 0.7962, -0.0778, 0.5980, 0.0498
16:05:40, 5.50, 165, 73.43, 349.35, 359.22, 0.7985, -0.0784, 0.5947, 0.0501
16:05:40, 5.53, 166, 72.95, 349.36, 359.28, 0.8010, -0.0783, 0.5914, 0.0501
16:05:40, 5.53, 166, 72.48, 349.27, 359.39, 0.8033, -0.0785, 0.5881, 0.0510
16:05:40, 5.53, 166, 72.14, 349.21, 359.43, 0.8050, -0.0789, 0.5858, 0.0513
16:05:40, 5.57, 167, 71.83, 349.19, 359.62, 0.8065, -0.0782, 0.5837, 0.0526
16:05:40, 5.57, 167, 71.50, 349.15, 359.73, 0.8081, -0.0781, 0.5815, 0.0533
16:05:40, 5.60, 168, 71.18, 349.14, 359.81, 0.8096, -0.0779, 0.5793, 0.0537
16:05:40, 5.60, 168, 70.83, 349.14, 359.89, 0.8114, -0.0777, 0.5768, 0.0541
16:05:40, 5.60, 168, 70.50, 349.09, 359.90, 0.8130, -0.0782, 0.5745, 0.0542
16:05:40, 5.63, 169, 70.08, 349.08, 359.88, 0.8151, -0.0785, 0.5715, 0.0538
16:05:40, 5.63, 169, 69.56, 349.20, 359.94, 0.8177, -0.0776, 0.5678, 0.0532
16:05:40, 5.67, 170, 69.05, 349.17, 359.95, 0.8203, -0.0780, 0.5642, 0.0531
16:05:40, 5.67, 170, 68.43, 349.22, 359.94, 0.8233, -0.0780, 0.5598, 0.0523
16:05:40, 5.70, 171, 67.83, 349.21, 359.86, 0.8263, -0.0787, 0.5554, 0.0514
16:05:40, 5.70, 171, 67.22, 349.23, 359.88, 0.8292, -0.0788, 0.5510, 0.0511
16:05:40, 5.70, 171, 66.63, 349.31, 359.87, 0.8321, -0.0785, 0.5468, 0.0503
16:05:40, 5.73, 172, 66.04, 349.30, 359.86, 0.8349, -0.0788, 0.5424, 0.0498
16:05:40, 5.73, 172, 65.38, 349.35, 359.87, 0.8380, -0.0787, 0.5377, 0.0492
16:05:40, 5.77, 173, 64.77, 349.31, 359.86, 0.8409, -0.0793, 0.5332, 0.0488
16:05:40, 5.77, 173, 64.25, 349.35, 359.89, 0.8433, -0.0791, 0.5294, 0.0485
16:05:40, 5.77, 173, 63.68, 349.36, 359.89, 0.8459, -0.0793, 0.5252, 0.0481
16:05:40, 5.80, 174, 63.14, 349.35, 359.91, 0.8484, -0.0795, 0.5212, 0.0479
16:05:40, 5.80, 174, 62.56, 349.33, 359.89, 0.8510, -0.0800, 0.5169, 0.0475
16:05:40, 5.83, 175, 62.08, 349.24, 359.92, 0.8531, -0.0807, 0.5133, 0.0477
16:05:40, 5.83, 175, 61.53, 349.16, 359.85, 0.8555, -0.0819, 0.5091, 0.0472
16:05:40, 5.87, 176, 60.92, 349.13, 359.88, 0.8581, -0.0821, 0.5046, 0.0471
16:05:40, 5.87, 176, 60.23, 349.10, 359.99, 0.8611, -0.0822, 0.4995, 0.0476
16:05:40, 5.87, 176, 59.35, 349.04, 359.98, 0.8649, -0.0831, 0.4928, 0.0472
16:05:40, 5.90, 177, 58.57, 349.05, 359.97, 0.8682, -0.0834, 0.4869, 0.0464
16:05:40, 5.90, 177, 57.70, 349.01, 0.00, 0.8719, -0.0839, 0.4803, 0.0463
16:05:40, 5.93, 178, 56.77, 348.99, 0.05, 0.8757, -0.0842, 0.4732, 0.0460
16:05:40, 5.93, 178, 55.73, 349.03, 0.17, 0.8799, -0.0838, 0.4654, 0.0460
16:05:40, 5.93, 178, 54.65, 349.05, 0.17, 0.8843, -0.0841, 0.4571, 0.0451
16:05:40, 5.97, 179, 53.62, 349.04, 359.99, 0.8884, -0.0853, 0.4489, 0.0430
16:05:40, 5.97, 179, 52.66, 348.98, 359.90, 0.8921, -0.0864, 0.4415, 0.0418
16:05:40, 6.00, 180, 51.61, 348.98, 359.84, 0.8962, -0.0871, 0.4332, 0.0405
16:05:40, 6.00, 180, 50.51, 348.92, 359.80, 0.9003, -0.0881, 0.4245, 0.0396
16:05:40, 6.03, 181, 49.24, 348.96, 359.86, 0.9049, -0.0880, 0.4145, 0.0390
16:05:40, 6.03, 181, 48.07, 348.96, 359.83, 0.9091, -0.0884, 0.4053, 0.0378
16:05:41, 6.03, 181, 46.89, 348.96, 359.74, 0.9133, -0.0891, 0.3958, 0.0362
16:05:41, 6.07, 182, 45.71, 348.99, 359.64, 0.9173, -0.0896, 0.3864, 0.0344
16:05:41, 6.07, 182, 44.57, 349.00, 359.44, 0.9212, -0.0905, 0.3771, 0.0319
16:05:41, 6.10, 183, 43.42, 349.03, 359.25, 0.9250, -0.0912, 0.3676, 0.0293
16:05:41, 6.10, 183, 42.10, 349.15, 359.19, 0.9293, -0.0907, 0.3569, 0.0273
16:05:41, 6.10, 183, 40.67, 349.20, 359.21, 0.9337, -0.0906, 0.3453, 0.0263
16:05:41, 6.13, 184, 39.12, 349.38, 359.29, 0.9384, -0.0893, 0.3328, 0.0251
16:05:41, 6.13, 184, 37.55, 349.48, 359.24, 0.9430, -0.0889, 0.3199, 0.0233
16:05:41, 6.17, 185, 36.09, 349.57, 358.99, 0.9471, -0.0891, 0.3077, 0.0198
16:05:41, 6.17, 185, 34.58, 349.68, 358.58, 0.9512, -0.0895, 0.2949, 0.0149
16:05:41, 6.20, 186, 32.97, 349.70, 358.40, 0.9553, -0.0900, 0.2814, 0.0121
16:05:41, 6.20, 186, 31.16, 349.94, 358.34, 0.9598, -0.0884, 0.2663, 0.0096
16:05:41, 6.20, 186, 29.02, 350.14, 358.38, 0.9647, -0.0867, 0.2484, 0.0079
16:05:41, 6.23, 187, 26.94, 350.42, 358.32, 0.9693, -0.0846, 0.2309, 0.0052
16:05:41, 6.23, 187, 25.01, 350.52, 357.93, 0.9731, -0.0846, 0.2143, 0.0004
16:05:41, 6.27, 188, 23.45, 350.58, 357.40, 0.9759, -0.0850, 0.2007, -0.0055
16:05:41, 6.27, 188, 22.01, 350.62, 357.20, 0.9784, -0.0849, 0.1883, -0.0083
16:05:41, 6.27, 188, 20.48, 350.71, 357.14, 0.9809, -0.0841, 0.1751, -0.0101
16:05:41, 6.30, 189, 18.84, 350.80, 357.02, 0.9834, -0.0833, 0.1610, -0.0125
16:05:41, 6.30, 189, 17.42, 350.94, 356.68, 0.9853, -0.0824, 0.1487, -0.0166
16:05:41, 6.33, 190, 16.28, 351.01, 356.37, 0.9867, -0.0820, 0.1386, -0.0202
16:05:41, 6.33, 190, 15.25, 351.11, 356.20, 0.9880, -0.0811, 0.1297, -0.0225
16:05:41, 6.37, 191, 14.32, 351.03, 356.06, 0.9889, -0.0818, 0.1215, -0.0243
16:05:41, 6.37, 191, 13.48, 350.94, 356.00, 0.9897, -0.0824, 0.1142, -0.0253
16:05:41, 6.37, 191, 12.64, 350.92, 355.99, 0.9905, -0.0824, 0.1069, -0.0259
16:05:41, 6.40, 192, 11.84, 350.83, 355.94, 0.9912, -0.0831, 0.0999, -0.0269
16:05:41, 6.40, 192, 11.02, 350.81, 355.88, 0.9918, -0.0831, 0.0927, -0.0280
16:05:41, 6.43, 193, 10.30, 350.73, 355.75, 0.9923, -0.0837, 0.0865, -0.0296
16:05:41, 6.43, 193, 9.52, 350.63, 355.66, 0.9928, -0.0844, 0.0796, -0.0308
16:05:41, 6.43, 193, 8.83, 350.58, 355.57, 0.9932, -0.0848, 0.0735, -0.0321
16:05:41, 6.47, 194, 8.16, 350.48, 355.46, 0.9935, -0.0855, 0.0675, -0.0335
16:05:41, 6.47, 194, 7.47, 350.47, 355.39, 0.9938, -0.0855, 0.0615, -0.0346
16:05:41, 6.50, 195, 6.72, 350.42, 355.30, 0.9942, -0.0857, 0.0549, -0.0359
16:05:41, 6.50, 195, 6.03, 350.53, 355.24, 0.9945, -0.0845, 0.0490, -0.0370
16:05:41, 6.53, 196, 5.39, 350.50, 355.08, 0.9947, -0.0846, 0.0433, -0.0388
16:05:41, 6.53, 196, 4.93, 350.48, 354.90, 0.9948, -0.0847, 0.0391, -0.0407
16:05:41, 6.53, 196, 4.50, 350.42, 354.83, 0.9949, -0.0851, 0.0354, -0.0416
16:05:41, 6.57, 197, 4.12, 350.41, 354.81, 0.9950, -0.0851, 0.0320, -0.0421
16:05:41, 6.57, 197, 3.69, 350.33, 354.88, 0.9951, -0.0856, 0.0282, -0.0418
16:05:41, 6.60, 198, 3.28, 350.33, 354.82, 0.9951, -0.0854, 0.0247, -0.0426
16:05:41, 6.60, 198, 2.94, 350.32, 354.76, 0.9952, -0.0854, 0.0217, -0.0434
16:05:41, 6.60, 198, 2.64, 350.30, 354.71, 0.9952, -0.0855, 0.0190, -0.0440
16:05:41, 6.63, 199, 2.30, 350.32, 354.69, 0.9952, -0.0852, 0.0160, -0.0445
16:05:41, 6.63, 199, 2.01, 350.22, 354.63, 0.9952, -0.0859, 0.0135, -0.0452
16:05:41, 6.67, 200, 1.72, 350.23, 354.59, 0.9952, -0.0857, 0.0109, -0.0458
16:05:41, 6.67, 200, 1.36, 350.17, 354.58, 0.9952, -0.0861, 0.0077, -0.0461
16:05:41, 6.70, 201, 1.09, 350.16, 354.56, 0.9952, -0.0861, 0.0054, -0.0464
16:05:41, 6.70, 201, 0.88, 350.19, 354.54, 0.9952, -0.0858, 0.0035, -0.0468
16:05:41, 6.70, 201, 0.62, 350.14, 354.52, 0.9952, -0.0861, 0.0013, -0.0471
16:05:41, 6.73, 202, 0.34, 350.07, 354.45, 0.9951, -0.0866, -0.0012, -0.0480
16:05:41, 6.73, 202, 0.07, 350.01, 354.45, 0.9950, -0.0870, -0.0036, -0.0482
16:05:41, 6.77, 203, 359.81, 350.01, 354.42, 0.9950, -0.0869, -0.0059, -0.0486
16:05:41, 6.77, 203, 359.55, 349.98, 354.43, 0.9950, -0.0870, -0.0081, -0.0488
16:05:41, 6.77, 203, 359.29, 349.92, 354.41, 0.9949, -0.0875, -0.0104, -0.0491
16:05:41, 6.80, 204, 359.00, 349.84, 354.39, 0.9948, -0.0880, -0.0130, -0.0495
16:05:41, 6.80, 204, 358.75, 349.72, 354.37, 0.9947, -0.0890, -0.0153, -0.0499
16:05:41, 6.83, 205, 358.47, 349.54, 354.37, 0.9945, -0.0904, -0.0177, -0.0501
16:05:41, 6.83, 205, 358.31, 349.36, 354.36, 0.9943, -0.0919, -0.0193, -0.0503
16:05:41, 6.87, 206, 358.10, 349.22, 354.42, 0.9942, -0.0930, -0.0211, -0.0501
16:05:41, 6.87, 206, 357.86, 348.99, 354.46, 0.9940, -0.0949, -0.0232, -0.0499
16:05:41, 6.87, 206, 357.59, 348.75, 354.45, 0.9937, -0.0969, -0.0257, -0.0502
16:05:41, 6.90, 207, 357.37, 348.56, 354.43, 0.9935, -0.0984, -0.0277, -0.0506
16:05:41, 6.90, 207, 357.14, 348.45, 354.44, 0.9933, -0.0992, -0.0297, -0.0507
16:05:41, 6.93, 208, 356.88, 348.34, 354.43, 0.9931, -0.1001, -0.0320, -0.0511
16:05:41, 6.93, 208, 356.66, 348.29, 354.43, 0.9930, -0.1005, -0.0339, -0.0513
16:05:41, 6.93, 208, 356.38, 348.22, 354.45, 0.9929, -0.1009, -0.0363, -0.0513
16:05:41, 6.97, 209, 356.10, 348.21, 354.44, 0.9928, -0.1009, -0.0388, -0.0517
16:05:41, 6.97, 209, 355.77, 348.25, 354.45, 0.9927, -0.1004, -0.0416, -0.0519
16:05:41, 7.00, 210, 355.40, 348.30, 354.44, 0.9926, -0.0998, -0.0449, -0.0523
16:05:41, 7.00, 210, 355.01, 348.39, 354.38, 0.9925, -0.0988, -0.0482, -0.0531
16:05:41, 7.03, 211, 354.59, 348.42, 354.34, 0.9923, -0.0984, -0.0518, -0.0539
16:05:41, 7.03, 211, 354.18, 348.51, 354.29, 0.9922, -0.0973, -0.0555, -0.0546
16:05:42, 7.03, 211, 353.91, 348.54, 354.22, 0.9921, -0.0969, -0.0578, -0.0554
16:05:42, 7.07, 212, 353.69, 348.60, 354.18, 0.9920, -0.0963, -0.0597, -0.0559
16:05:42, 7.07, 212, 353.44, 348.64, 354.22, 0.9919, -0.0958, -0.0618, -0.0557
16:05:42, 7.10, 213, 353.20, 348.68, 354.22, 0.9918, -0.0954, -0.0639, -0.0560
16:05:42, 7.10, 213, 353.02, 348.67, 354.18, 0.9917, -0.0953, -0.0655, -0.0564
16:05:42, 7.10, 213, 352.84, 348.67, 354.18, 0.9916, -0.0952, -0.0670, -0.0566
16:05:42, 7.13, 214, 352.71, 348.69, 354.11, 0.9915, -0.0950, -0.0682, -0.0572
16:05:42, 7.13, 214, 352.60, 348.68, 354.06, 0.9914, -0.0949, -0.0692, -0.0578
16:05:42, 7.17, 215, 352.52, 348.71, 354.02, 0.9913, -0.0946, -0.0699, -0.0582
16:05:42, 7.17, 215, 352.46, 348.65, 354.01, 0.9913, -0.0951, -0.0705, -0.0584
16:05:42, 7.20, 216, 352.39, 348.64, 354.02, 0.9912, -0.0952, -0.0711, -0.0583
16:05:42, 7.20, 216, 352.36, 348.62, 354.01, 0.9912, -0.0953, -0.0714, -0.0585
16:05:42, 7.20, 216, 352.29, 348.63, 354.00, 0.9911, -0.0952, -0.0720, -0.0586
16:05:42, 7.23, 217, 352.26, 348.67, 354.01, 0.9911, -0.0948, -0.0723, -0.0586
16:05:42, 7.23, 217, 352.19, 348.69, 353.99, 0.9911, -0.0946, -0.0728, -0.0587
16:05:42, 7.27, 218, 352.17, 348.73, 353.94, 0.9911, -0.0943, -0.0730, -0.0592
16:05:42, 7.27, 218, 352.11, 348.80, 353.91, 0.9911, -0.0935, -0.0735, -0.0594
16:05:42, 7.27, 218, 352.06, 348.88, 353.86, 0.9911, -0.0929, -0.0739, -0.0599
16:05:42, 7.30, 219, 352.00, 348.91, 353.83, 0.9911, -0.0925, -0.0745, -0.0602
16:05:42, 7.30, 219, 351.93, 348.94, 353.83, 0.9911, -0.0922, -0.0751, -0.0602
16:05:42, 7.33, 220, 351.89, 348.96, 353.85, 0.9911, -0.0921, -0.0755, -0.0601
16:05:42, 7.33, 220, 351.87, 348.96, 353.85, 0.9911, -0.0920, -0.0756, -0.0601
16:05:42, 7.37, 221, 351.88, 348.98, 353.86, 0.9911, -0.0919, -0.0755, -0.0600
16:05:42, 7.37, 221, 351.88, 348.99, 353.87, 0.9911, -0.0918, -0.0755, -0.0599
16:05:42, 7.37, 221, 351.88, 349.01, 353.87, 0.9911, -0.0916, -0.0755, -0.0599
16:05:42, 7.40, 222, 351.88, 348.98, 353.85, 0.9911, -0.0918, -0.0755, -0.0600
16:05:42, 7.40, 222, 351.88, 348.97, 353.83, 0.9911, -0.0919, -0.0755, -0.0602
16:05:42, 7.43, 223, 351.92, 348.96, 353.82, 0.9911, -0.0920, -0.0752, -0.0603
16:05:42, 7.43, 223, 352.02, 348.98, 353.81, 0.9912, -0.0919, -0.0743, -0.0603
16:05:42, 7.43, 223, 352.13, 349.02, 353.80, 0.9913, -0.0916, -0.0734, -0.0603
16:05:42, 7.47, 224, 352.23, 349.02, 353.82, 0.9913, -0.0917, -0.0725, -0.0600
16:05:42, 7.47, 224, 352.36, 349.06, 353.81, 0.9914, -0.0914, -0.0714, -0.0600
16:05:42, 7.50, 225, 352.46, 349.08, 353.83, 0.9915, -0.0913, -0.0704, -0.0597
16:05:42, 7.50, 225, 352.57, 349.13, 353.83, 0.9916, -0.0909, -0.0695, -0.0596
16:05:42, 7.53, 226, 352.66, 349.18, 353.80, 0.9917, -0.0905, -0.0687, -0.0598
16:05:42, 7.53, 226, 352.76, 349.19, 353.78, 0.9918, -0.0904, -0.0679, -0.0598
16:05:42, 7.53, 226, 352.83, 349.22, 353.74, 0.9918, -0.0902, -0.0673, -0.0601
16:05:42, 7.57, 227, 352.89, 349.24, 353.73, 0.9919, -0.0900, -0.0667, -0.0601
16:05:42, 7.57, 227, 352.97, 349.27, 353.70, 0.9919, -0.0899, -0.0661, -0.0603
16:05:42, 7.60, 228, 353.05, 349.27, 353.71, 0.9920, -0.0899, -0.0653, -0.0602
16:05:42, 7.60, 228, 353.14, 349.31, 353.70, 0.9921, -0.0896, -0.0646, -0.0602
16:05:42, 7.60, 228, 353.23, 349.37, 353.67, 0.9921, -0.0891, -0.0638, -0.0603
16:05:42, 7.63, 229, 353.29, 349.44, 353.68, 0.9922, -0.0885, -0.0633, -0.0602
16:05:42, 7.63, 229, 353.36, 349.51, 353.64, 0.9923, -0.0880, -0.0627, -0.0604
16:05:42, 7.67, 230, 353.39, 349.54, 353.62, 0.9923, -0.0877, -0.0624, -0.0606
16:05:42, 7.67, 230, 353.38, 349.56, 353.59, 0.9923, -0.0875, -0.0625, -0.0608
16:05:42, 7.70, 231, 353.38, 349.61, 353.57, 0.9924, -0.0870, -0.0625, -0.0609
16:05:42, 7.70, 231, 353.36, 349.69, 353.62, 0.9925, -0.0863, -0.0626, -0.0605
16:05:42, 7.70, 231, 353.27, 349.81, 353.65, 0.9925, -0.0852, -0.0633, -0.0603
16:05:42, 7.73, 232, 353.09, 349.92, 353.67, 0.9925, -0.0843, -0.0648, -0.0602
16:05:42, 7.73, 232, 352.78, 349.99, 353.75, 0.9924, -0.0836, -0.0673, -0.0597
16:05:42, 7.77, 233, 352.39, 350.01, 353.84, 0.9923, -0.0832, -0.0707, -0.0592
16:05:42, 7.77, 233, 351.90, 350.03, 353.95, 0.9920, -0.0828, -0.0748, -0.0586
16:05:42, 7.77, 233, 351.36, 350.07, 354.09, 0.9918, -0.0823, -0.0794, -0.0577
16:05:42, 7.80, 234, 350.81, 350.02, 354.22, 0.9914, -0.0825, -0.0840, -0.0570
16:05:42, 7.80, 234, 350.23, 350.03, 354.34, 0.9910, -0.0823, -0.0890, -0.0564
16:05:42, 7.83, 235, 349.48, 350.03, 354.52, 0.9905, -0.0820, -0.0954, -0.0554
16:05:42, 7.83, 235, 348.51, 350.08, 354.63, 0.9898, -0.0813, -0.1036, -0.0551
16:05:42, 7.87, 236, 347.63, 350.06, 354.73, 0.9890, -0.0811, -0.1111, -0.0549
16:05:42, 7.87, 236, 346.73, 350.08, 354.86, 0.9881, -0.0806, -0.1189, -0.0544
16:05:42, 7.87, 236, 345.91, 350.12, 355.12, 0.9874, -0.0802, -0.1258, -0.0527
16:05:42, 7.90, 237, 345.11, 350.18, 355.42, 0.9867, -0.0796, -0.1324, -0.0506
16:05:42, 7.90, 237, 344.24, 350.27, 355.80, 0.9859, -0.0789, -0.1396, -0.0478
16:05:42, 7.93, 238, 343.40, 350.44, 356.16, 0.9851, -0.0776, -0.1465, -0.0450
16:05:42, 7.93, 238, 342.69, 350.46, 356.33, 0.9843, -0.0773, -0.1525, -0.0441
16:05:42, 7.93, 238, 341.99, 350.59, 356.45, 0.9835, -0.0762, -0.1584, -0.0433
16:05:42, 7.97, 239, 341.30, 350.65, 356.50, 0.9826, -0.0754, -0.1643, -0.0433
16:05:42, 7.97, 239, 340.64, 350.69, 356.46, 0.9816, -0.0748, -0.1700, -0.0440
16:05:42, 8.00, 240, 340.13, 350.72, 356.37, 0.9808, -0.0742, -0.1744, -0.0450
16:05:42, 8.00, 240, 339.67, 350.70, 356.33, 0.9801, -0.0741, -0.1783, -0.0457
16:05:42, 8.03, 241, 339.35, 350.73, 356.35, 0.9796, -0.0738, -0.1811, -0.0457
16:05:42, 8.03, 241, 338.96, 350.69, 356.31, 0.9790, -0.0739, -0.1844, -0.0464
16:05:43, 8.03, 241, 338.60, 350.69, 356.30, 0.9784, -0.0737, -0.1875, -0.0467
16:05:43, 8.07, 242, 338.29, 350.68, 356.29, 0.9778, -0.0737, -0.1902, -0.0470
16:05:43, 8.07, 242, 337.98, 350.56, 356.20, 0.9772, -0.0744, -0.1929, -0.0482
16:05:43, 8.10, 243, 337.76, 350.52, 356.22, 0.9768, -0.0747, -0.1948, -0.0482
16:05:43, 8.10, 243, 337.48, 350.50, 356.15, 0.9763, -0.0746, -0.1972, -0.0490
16:05:43, 8.10, 243, 337.31, 350.48, 356.03, 0.9759, -0.0746, -0.1988, -0.0501
16:05:43, 8.13, 244, 337.13, 350.45, 355.82, 0.9755, -0.0744, -0.2004, -0.0521
16:05:43, 8.13, 244, 337.01, 350.41, 355.68, 0.9752, -0.0744, -0.2015, -0.0535
16:05:43, 8.17, 245, 336.87, 350.41, 355.60, 0.9749, -0.0741, -0.2027, -0.0542
16:05:43, 8.17, 245, 336.72, 350.38, 355.47, 0.9746, -0.0742, -0.2041, -0.0554
16:05:43, 8.20, 246, 336.59, 350.33, 355.36, 0.9742, -0.0743, -0.2053, -0.0566
16:05:43, 8.20, 246, 336.51, 350.28, 355.27, 0.9740, -0.0745, -0.2061, -0.0575
16:05:43, 8.20, 246, 336.42, 350.29, 355.22, 0.9738, -0.0743, -0.2069, -0.0580
16:05:43, 8.23, 247, 336.37, 350.28, 355.10, 0.9737, -0.0741, -0.2074, -0.0591
16:05:43, 8.23, 247, 336.35, 350.28, 354.98, 0.9736, -0.0739, -0.2077, -0.0601
16:05:43, 8.27, 248, 336.32, 350.28, 354.94, 0.9735, -0.0738, -0.2079, -0.0604
16:05:43, 8.27, 248, 336.25, 350.30, 354.85, 0.9733, -0.0734, -0.2085, -0.0612
16:05:43, 8.27, 248, 336.15, 350.27, 354.74, 0.9731, -0.0734, -0.2095, -0.0623
16:05:43, 8.30, 249, 336.08, 350.26, 354.65, 0.9729, -0.0733, -0.2101, -0.0631
16:05:43, 8.30, 249, 336.05, 350.26, 354.56, 0.9728, -0.0732, -0.2105, -0.0638
16:05:43, 8.33, 250, 336.04, 350.29, 354.49, 0.9727, -0.0727, -0.2106, -0.0644
16:05:43, 8.33, 250, 336.02, 350.31, 354.40, 0.9727, -0.0724, -0.2108, -0.0651
16:05:43, 8.37, 251, 336.04, 350.33, 354.29, 0.9727, -0.0720, -0.2107, -0.0660
16:05:43, 8.37, 251, 336.05, 350.30, 354.18, 0.9726, -0.0721, -0.2107, -0.0670
16:05:43, 8.37, 251, 336.11, 350.30, 354.07, 0.9726, -0.0720, -0.2102, -0.0680
16:05:43, 8.40, 252, 336.22, 350.24, 353.98, 0.9727, -0.0723, -0.2094, -0.0687
16:05:43, 8.40, 252, 336.35, 350.25, 353.97, 0.9730, -0.0723, -0.2083, -0.0687
16:05:43, 8.43, 253, 336.52, 350.23, 353.96, 0.9733, -0.0726, -0.2068, -0.0687
16:05:43, 8.43, 253, 336.71, 350.22, 353.95, 0.9736, -0.0727, -0.2052, -0.0687
16:05:43, 8.43, 253, 336.96, 350.20, 353.93, 0.9740, -0.0731, -0.2031, -0.0687
16:05:43, 8.47, 254, 337.30, 350.16, 353.91, 0.9746, -0.0736, -0.2003, -0.0687
16:05:43, 8.47, 254, 337.65, 350.12, 353.90, 0.9751, -0.0741, -0.1973, -0.0687
16:05:43, 8.50, 255, 338.01, 350.12, 353.91, 0.9757, -0.0743, -0.1943, -0.0683
16:05:43, 8.50, 255, 338.38, 350.06, 353.85, 0.9763, -0.0750, -0.1912, -0.0687
16:05:43, 8.53, 256, 338.82, 350.02, 353.83, 0.9770, -0.0755, -0.1875, -0.0687
16:05:43, 8.53, 256, 339.37, 349.97, 353.74, 0.9778, -0.0761, -0.1828, -0.0691
16:05:43, 8.53, 256, 339.99, 349.90, 353.66, 0.9786, -0.0770, -0.1776, -0.0695
16:05:43, 8.57, 257, 340.69, 349.79, 353.55, 0.9795, -0.0782, -0.1717, -0.0701
16:05:43, 8.57, 257, 341.39, 349.70, 353.53, 0.9805, -0.0794, -0.1658, -0.0700
16:05:43, 8.60, 258, 342.07, 349.62, 353.58, 0.9814, -0.0805, -0.1600, -0.0692
16:05:43, 8.60, 258, 342.71, 349.52, 353.58, 0.9822, -0.0818, -0.1545, -0.0688
16:05:43, 8.60, 258, 343.34, 349.47, 353.59, 0.9830, -0.0825, -0.1491, -0.0683
16:05:43, 8.63, 259, 343.91, 349.35, 353.59, 0.9836, -0.0840, -0.1443, -0.0681
16:05:43, 8.63, 259, 344.45, 349.26, 353.59, 0.9842, -0.0851, -0.1397, -0.0678
16:05:43, 8.67, 260, 345.01, 349.25, 353.53, 0.9848, -0.0854, -0.1349, -0.0679
16:05:43, 8.67, 260, 345.44, 349.25, 353.54, 0.9853, -0.0856, -0.1312, -0.0675
16:05:43, 8.70, 261, 345.92, 349.21, 353.49, 0.9858, -0.0862, -0.1272, -0.0676
16:05:43, 8.70, 261, 346.30, 349.13, 353.45, 0.9861, -0.0871, -0.1239, -0.0678
16:05:43, 8.70, 261, 346.65, 349.06, 353.43, 0.9864, -0.0879, -0.1210, -0.0677
16:05:43, 8.73, 262, 346.93, 349.02, 353.36, 0.9867, -0.0883, -0.1186, -0.0681
16:05:43, 8.73, 262, 347.19, 348.97, 353.34, 0.9869, -0.0889, -0.1164, -0.0682
16:05:43, 8.77, 263, 347.40, 349.00, 353.32, 0.9871, -0.0888, -0.1146, -0.0681
16:05:43, 8.77, 263, 347.64, 349.00, 353.24, 0.9873, -0.0888, -0.1126, -0.0686
16:05:43, 8.77, 263, 347.81, 349.03, 353.22, 0.9875, -0.0886, -0.1111, -0.0687
16:05:43, 8.80, 264, 347.98, 349.03, 353.19, 0.9876, -0.0887, -0.1097, -0.0688
16:05:43, 8.80, 264, 348.20, 349.06, 353.16, 0.9878, -0.0886, -0.1078, -0.0689
16:05:43, 8.83, 265, 348.41, 349.08, 353.15, 0.9880, -0.0885, -0.1060, -0.0687
16:05:43, 8.83, 265, 348.62, 349.11, 353.14, 0.9882, -0.0884, -0.1042, -0.0686
16:05:43, 8.87, 266, 348.80, 349.16, 353.20, 0.9885, -0.0881, -0.1025, -0.0680
16:05:43, 8.90, 267, 349.37, 349.08, 353.38, 0.9890, -0.0892, -0.0975, -0.0661
16:05:43, 8.90, 267, 349.55, 348.94, 353.44, 0.9891, -0.0906, -0.0960, -0.0655
16:05:43, 8.93, 268, 349.73, 348.90, 353.50, 0.9892, -0.0911, -0.0944, -0.0649
16:05:43, 8.93, 268, 349.92, 348.89, 353.57, 0.9894, -0.0914, -0.0927, -0.0641
16:05:43, 8.93, 268, 350.09, 348.86, 353.62, 0.9896, -0.0917, -0.0912, -0.0636
16:05:43, 8.97, 269, 350.27, 348.83, 353.70, 0.9897, -0.0922, -0.0896, -0.0628
16:05:43, 8.97, 269, 350.42, 348.77, 353.76, 0.9898, -0.0928, -0.0883, -0.0621
16:05:43, 9.00, 270, 350.61, 348.70, 353.78, 0.9899, -0.0936, -0.0867, -0.0619
16:05:43, 9.00, 270, 350.80, 348.64, 353.78, 0.9900, -0.0942, -0.0851, -0.0618
16:05:43, 9.03, 271, 350.99, 348.60, 353.80, 0.9901, -0.0946, -0.0834, -0.0614
16:05:43, 9.03, 271, 351.22, 348.57, 353.84, 0.9903, -0.0950, -0.0814, -0.0610
16:05:44, 9.03, 271, 351.41, 348.55, 353.86, 0.9904, -0.0953, -0.0797, -0.0606
16:05:44, 9.07, 272, 351.63, 348.50, 353.82, 0.9905, -0.0959, -0.0779, -0.0608
16:05:44, 9.07, 272, 351.82, 348.46, 353.80, 0.9906, -0.0963, -0.0763, -0.0608
16:05:44, 9.10, 273, 352.00, 348.44, 353.78, 0.9906, -0.0966, -0.0747, -0.0608
16:05:44, 9.10, 273, 352.18, 348.40, 353.78, 0.9907, -0.0970, -0.0732, -0.0608
16:05:44, 9.13, 274, 352.32, 348.44, 353.78, 0.9909, -0.0967, -0.0720, -0.0606
16:05:44, 9.13, 274, 352.45, 348.46, 353.74, 0.9909, -0.0966, -0.0709, -0.0608
16:05:44, 9.13, 274, 352.57, 348.54, 353.76, 0.9911, -0.0960, -0.0698, -0.0605
16:05:44, 9.17, 275, 352.71, 348.57, 353.70, 0.9912, -0.0957, -0.0686, -0.0609
16:05:44, 9.17, 275, 352.83, 348.62, 353.65, 0.9913, -0.0954, -0.0676, -0.0612
16:05:44, 9.20, 276, 352.91, 348.64, 353.62, 0.9913, -0.0952, -0.0669, -0.0614
16:05:44, 9.20, 276, 352.99, 348.66, 353.62, 0.9914, -0.0951, -0.0662, -0.0613
16:05:44, 9.20, 276, 353.10, 348.67, 353.59, 0.9914, -0.0950, -0.0653, -0.0615
16:05:44, 9.23, 277, 353.19, 348.68, 353.53, 0.9915, -0.0950, -0.0646, -0.0619
16:05:44, 9.23, 277, 353.28, 348.67, 353.47, 0.9915, -0.0951, -0.0638, -0.0623
16:05:44, 9.27, 278, 353.34, 348.68, 353.46, 0.9915, -0.0950, -0.0633, -0.0624
16:05:44, 9.27, 278, 353.40, 348.67, 353.43, 0.9915, -0.0951, -0.0629, -0.0626
16:05:44, 9.27, 278, 353.44, 348.64, 353.41, 0.9915, -0.0953, -0.0625, -0.0627
16:05:44, 9.30, 279, 353.50, 348.56, 353.42, 0.9915, -0.0961, -0.0620, -0.0626
16:05:44, 9.30, 279, 353.52, 348.51, 353.42, 0.9914, -0.0965, -0.0619, -0.0627
16:05:44, 9.33, 280, 353.50, 348.46, 353.41, 0.9914, -0.0970, -0.0621, -0.0628
16:05:44, 9.33, 280, 353.52, 348.41, 353.39, 0.9913, -0.0974, -0.0620, -0.0630
16:05:44, 9.37, 281, 353.54, 348.35, 353.37, 0.9913, -0.0980, -0.0618, -0.0631
16:05:44, 9.37, 281, 353.52, 348.32, 353.41, 0.9912, -0.0982, -0.0620, -0.0629
16:05:44, 9.37, 281, 353.49, 348.30, 353.43, 0.9912, -0.0984, -0.0622, -0.0627
16:05:44, 9.40, 282, 353.40, 348.32, 353.47, 0.9912, -0.0981, -0.0630, -0.0624
16:05:44, 9.40, 282, 353.28, 348.35, 353.50, 0.9912, -0.0979, -0.0640, -0.0622
16:05:44, 9.43, 283, 353.14, 348.34, 353.52, 0.9911, -0.0978, -0.0652, -0.0622
16:05:44, 9.43, 283, 352.99, 348.35, 353.52, 0.9910, -0.0977, -0.0665, -0.0624
16:05:44, 9.43, 283, 352.81, 348.40, 353.50, 0.9910, -0.0972, -0.0680, -0.0626
16:05:44, 9.47, 284, 352.51, 348.45, 353.51, 0.9908, -0.0966, -0.0706, -0.0627
16:05:44, 9.47, 284, 352.14, 348.48, 353.47, 0.9906, -0.0961, -0.0737, -0.0634
16:05:44, 9.50, 285, 351.82, 348.47, 353.38, 0.9903, -0.0959, -0.0766, -0.0645
16:05:44, 9.50, 285, 351.49, 348.47, 353.31, 0.9901, -0.0957, -0.0796, -0.0654
16:05:44, 9.53, 286, 351.10, 348.51, 353.33, 0.9898, -0.0952, -0.0829, -0.0655
16:05:44, 9.53, 286, 350.70, 348.50, 353.28, 0.9895, -0.0950, -0.0864, -0.0662
16:05:44, 9.53, 286, 350.15, 348.54, 353.25, 0.9891, -0.0943, -0.0911, -0.0670
16:05:44, 9.57, 287, 349.79, 348.59, 353.15, 0.9888, -0.0935, -0.0943, -0.0681
16:05:44, 9.57, 287, 349.36, 348.72, 353.07, 0.9885, -0.0921, -0.0980, -0.0690
16:05:44, 9.60, 288, 348.97, 348.72, 352.99, 0.9881, -0.0918, -0.1015, -0.0700
16:05:44, 9.60, 288, 348.58, 348.61, 352.96, 0.9877, -0.0925, -0.1049, -0.0707
16:05:44, 9.60, 288, 348.10, 348.56, 352.96, 0.9872, -0.0927, -0.1090, -0.0710
16:05:44, 9.63, 289, 347.63, 348.53, 352.98, 0.9867, -0.0926, -0.1130, -0.0713
16:05:44, 9.63, 289, 347.08, 348.48, 352.91, 0.9860, -0.0926, -0.1179, -0.0724
16:05:44, 9.67, 290, 346.51, 348.49, 352.91, 0.9854, -0.0922, -0.1228, -0.0729
16:05:44, 9.67, 290, 345.72, 348.49, 352.95, 0.9846, -0.0917, -0.1296, -0.0731
16:05:44, 9.70, 291, 344.81, 348.39, 352.96, 0.9835, -0.0920, -0.1374, -0.0739
16:05:44, 9.70, 291, 343.93, 348.24, 352.84, 0.9822, -0.0925, -0.1451, -0.0758
16:05:44, 9.70, 291, 342.99, 348.19, 352.76, 0.9808, -0.0922, -0.1532, -0.0773
16:05:44, 9.73, 292, 342.13, 348.06, 352.72, 0.9795, -0.0927, -0.1607, -0.0785
16:05:44, 9.73, 292, 341.26, 347.99, 352.59, 0.9781, -0.0925, -0.1682, -0.0804
16:05:44, 9.77, 293, 340.44, 347.99, 352.52, 0.9768, -0.0919, -0.1753, -0.0817
16:05:44, 9.77, 293, 339.59, 347.91, 352.52, 0.9754, -0.0919, -0.1826, -0.0824
16:05:44, 9.77, 293, 338.69, 347.83, 352.50, 0.9738, -0.0919, -0.1903, -0.0835
16:05:44, 9.80, 294, 337.81, 347.70, 352.49, 0.9722, -0.0924, -0.1978, -0.0845
16:05:44, 9.80, 294, 337.03, 347.59, 352.46, 0.9707, -0.0927, -0.2045, -0.0855
16:05:44, 9.83, 295, 336.31, 347.47, 352.45, 0.9693, -0.0931, -0.2106, -0.0864
16:05:44, 9.83, 295, 335.50, 347.28, 352.48, 0.9676, -0.0942, -0.2175, -0.0871
16:05:44, 9.87, 296, 334.71, 347.10, 352.56, 0.9659, -0.0953, -0.2242, -0.0875
16:05:44, 9.87, 296, 334.06, 346.97, 352.47, 0.9644, -0.0957, -0.2298, -0.0890
16:05:44, 9.87, 296, 333.44, 346.78, 352.47, 0.9630, -0.0968, -0.2351, -0.0899
16:05:44, 9.90, 297, 332.82, 346.69, 352.51, 0.9616, -0.0972, -0.2403, -0.0903
16:05:44, 9.90, 297, 332.25, 346.55, 352.61, 0.9603, -0.0981, -0.2449, -0.0901
16:05:44, 9.93, 298, 331.58, 346.42, 352.73, 0.9588, -0.0989, -0.2505, -0.0900
16:05:44, 9.93, 298, 330.74, 346.22, 352.85, 0.9568, -0.1002, -0.2575, -0.0902
16:05:44, 9.97, 299, 330.07, 346.11, 352.78, 0.9551, -0.1005, -0.2632, -0.0916
16:05:44, 9.97, 299, 329.50, 345.99, 352.76, 0.9536, -0.1010, -0.2680, -0.0925
16:05:44, 9.97, 299, 329.03, 345.95, 352.76, 0.9525, -0.1009, -0.2719, -0.0930
