Timestamp, VideoTime, VideoFrame, HeadYaw, HeadPitch, HeadRoll, HeadQuatW, HeadQuatX, HeadQuatY, HeadQuatZ
16:18:36, 0.00, 0, 13.47, 346.21, 352.24, 0.9846, -0.1269, 0.1081, -0.0527
16:18:36, 0.00, 0, 13.48, 346.20, 352.23, 0.9846, -0.1269, 0.1082, -0.0527
16:18:36, 0.03, 1, 13.49, 346.20, 352.23, 0.9846, -0.1269, 0.1083, -0.0527
16:18:36, 0.03, 1, 13.49, 346.20, 352.24, 0.9846, -0.1269, 0.1083, -0.0527
16:18:36, 0.07, 2, 13.50, 346.19, 352.24, 0.9846, -0.1270, 0.1083, -0.0526
16:18:36, 0.07, 2, 13.51, 346.19, 352.24, 0.9846, -0.1270, 0.1084, -0.0526
16:18:36, 0.07, 2, 13.51, 346.19, 352.24, 0.9845, -0.1270, 0.1084, -0.0526
16:18:36, 0.10, 3, 13.52, 346.19, 352.23, 0.9845, -0.1270, 0.1085, -0.0527
16:18:36, 0.10, 3, 13.53, 346.19, 352.23, 0.9845, -0.1270, 0.1086, -0.0527
16:18:36, 0.10, 3, 13.53, 346.20, 352.23, 0.9845, -0.1269, 0.1086, -0.0527
16:18:36, 0.13, 4, 13.52, 346.20, 352.23, 0.9846, -0.1269, 0.1085, -0.0527
16:18:36, 0.13, 4, 13.52, 346.21, 352.22, 0.9845, -0.1269, 0.1085, -0.0527
16:18:36, 0.17, 5, 13.53, 346.20, 352.22, 0.9845, -0.1270, 0.1086, -0.0527
16:18:36, 0.17, 5, 13.51, 346.21, 352.24, 0.9846, -0.1269, 0.1085, -0.0526
16:18:36, 0.20, 6, 13.51, 346.21, 352.24, 0.9846, -0.1269, 0.1085, -0.0526
16:18:36, 0.20, 6, 13.51, 346.22, 352.25, 0.9846, -0.1267, 0.1085, -0.0526
16:18:36, 0.20, 6, 13.52, 346.23, 352.25, 0.9846, -0.1267, 0.1085, -0.0526
16:18:36, 0.23, 7, 13.53, 346.25, 352.25, 0.9846, -0.1265, 0.1086, -0.0526
16:18:36, 0.23, 7, 13.54, 346.27, 352.24, 0.9846, -0.1263, 0.1087, -0.0527
16:18:36, 0.27, 8, 13.55, 346.34, 352.24, 0.9847, -0.1258, 0.1089, -0.0527
16:18:36, 0.27, 8, 13.57, 346.36, 352.26, 0.9847, -0.1256, 0.1091, -0.0526
16:18:36, 0.27, 8, 13.58, 346.37, 352.27, 0.9847, -0.1255, 0.1092, -0.0525
16:18:36, 0.30, 9, 13.58, 346.38, 352.26, 0.9847, -0.1254, 0.1092, -0.0526
16:18:36, 0.30, 9, 13.58, 346.39, 352.28, 0.9847, -0.1253, 0.1092, -0.0524
16:18:36, 0.33, 10, 13.58, 346.39, 352.27, 0.9847, -0.1253, 0.1092, -0.0525
16:18:36, 0.33, 10, 13.59, 346.38, 352.28, 0.9847, -0.1254, 0.1093, -0.0524
16:18:36, 0.37, 11, 13.59, 346.37, 352.27, 0.9847, -0.1255, 0.1093, -0.0524
16:18:36, 0.37, 11, 13.60, 346.34, 352.25, 0.9846, -0.1258, 0.1094, -0.0525
16:18:36, 0.37, 11, 13.64, 346.35, 352.24, 0.9846, -0.1257, 0.1096, -0.0527
16:18:36, 0.40, 12, 13.67, 346.38, 352.21, 0.9846, -0.1255, 0.1099, -0.0529
16:18:36, 0.40, 12, 13.70, 346.41, 352.24, 0.9846, -0.1252, 0.1102, -0.0526
16:18:36, 0.43, 13, 13.71, 346.41, 352.23, 0.9846, -0.1252, 0.1102, -0.0527
16:18:36, 0.43, 13, 13.75, 346.41, 352.23, 0.9845, -0.1252, 0.1106, -0.0527
16:18:36, 0.43, 13, 13.77, 346.41, 352.24, 0.9845, -0.1252, 0.1108, -0.0526
16:18:36, 0.47, 14, 13.80, 346.41, 352.23, 0.9845, -0.1252, 0.1111, -0.0526
16:18:36, 0.47, 14, 13.84, 346.40, 352.24, 0.9844, -0.1253, 0.1114, -0.0525
16:18:36, 0.50, 15, 13.85, 346.41, 352.23, 0.9844, -0.1253, 0.1115, -0.0525
16:18:36, 0.50, 15, 13.86, 346.41, 352.24, 0.9844, -0.1253, 0.1116, -0.0525
16:18:36, 0.53, 16, 13.86, 346.42, 352.24, 0.9844, -0.1252, 0.1116, -0.0525
16:18:36, 0.53, 16, 13.88, 346.41, 352.23, 0.9844, -0.1253, 0.1117, -0.0525
16:18:36, 0.53, 16, 13.89, 346.41, 352.22, 0.9844, -0.1253, 0.1118, -0.0526
16:18:36, 0.57, 17, 13.90, 346.42, 352.21, 0.9844, -0.1253, 0.1119, -0.0527
16:18:36, 0.57, 17, 13.91, 346.42, 352.20, 0.9844, -0.1252, 0.1119, -0.0528
16:18:36, 0.60, 18, 13.90, 346.41, 352.21, 0.9844, -0.1253, 0.1119, -0.0527
16:18:36, 0.60, 18, 13.90, 346.40, 352.20, 0.9844, -0.1255, 0.1119, -0.0527
16:18:36, 0.60, 18, 13.89, 346.39, 352.21, 0.9844, -0.1255, 0.1118, -0.0527
16:18:36, 0.63, 19, 13.90, 346.40, 352.19, 0.9844, -0.1254, 0.1119, -0.0528
16:18:36, 0.63, 19, 13.91, 346.41, 352.17, 0.9844, -0.1254, 0.1119, -0.0530
16:18:36, 0.67, 20, 13.92, 346.41, 352.16, 0.9843, -0.1254, 0.1120, -0.0531
16:18:36, 0.67, 20, 13.93, 346.42, 352.16, 0.9843, -0.1253, 0.1121, -0.0531
16:18:37, 0.70, 21, 13.93, 346.44, 352.16, 0.9844, -0.1252, 0.1121, -0.0531
16:18:37, 0.70, 21, 13.94, 346.44, 352.16, 0.9843, -0.1251, 0.1122, -0.0531
16:18:37, 0.70, 21, 13.95, 346.45, 352.15, 0.9843, -0.1251, 0.1123, -0.0531
16:18:37, 0.73, 22, 13.97, 346.44, 352.16, 0.9843, -0.1252, 0.1125, -0.0531
16:18:37, 0.73, 22, 13.98, 346.43, 352.15, 0.9843, -0.1252, 0.1126, -0.0531
16:18:37, 0.77, 23, 13.99, 346.44, 352.16, 0.9843, -0.1251, 0.1126, -0.0530
16:18:37, 0.77, 23, 13.98, 346.44, 352.17, 0.9843, -0.1252, 0.1126, -0.0530
16:18:37, 0.77, 23, 13.98, 346.45, 352.16, 0.9843, -0.1251, 0.1125, -0.0530
16:18:37, 0.80, 24, 13.98, 346.44, 352.16, 0.9843, -0.1252, 0.1125, -0.0530
16:18:37, 0.80, 24, 13.98, 346.43, 352.15, 0.9843, -0.1253, 0.1126, -0.0531
16:18:37, 0.83, 25, 13.99, 346.42, 352.13, 0.9843, -0.1254, 0.1126, -0.0533
16:18:37, 0.83, 25, 14.00, 346.43, 352.13, 0.9843, -0.1253, 0.1126, -0.0533
16:18:37, 0.87, 26, 14.01, 346.43, 352.11, 0.9842, -0.1253, 0.1128, -0.0534
16:18:37, 0.87, 26, 14.04, 346.43, 352.12, 0.9842, -0.1253, 0.1130, -0.0533
16:18:37, 0.87, 26, 14.05, 346.44, 352.12, 0.9842, -0.1252, 0.1131, -0.0533
16:18:37, 0.90, 27, 14.07, 346.44, 352.13, 0.9842, -0.1252, 0.1133, -0.0532
16:18:37, 0.90, 27, 14.10, 346.45, 352.14, 0.9842, -0.1251, 0.1135, -0.0531
16:18:37, 0.93, 28, 14.11, 346.46, 352.15, 0.9842, -0.1251, 0.1136, -0.0530
16:18:37, 0.93, 28, 14.14, 346.48, 352.13, 0.9842, -0.1249, 0.1139, -0.0531
16:18:37, 0.97, 29, 14.18, 346.50, 352.13, 0.9841, -0.1248, 0.1143, -0.0531
16:18:37, 0.97, 29, 14.24, 346.54, 352.13, 0.9841, -0.1245, 0.1149, -0.0531
16:18:37, 0.97, 29, 14.28, 346.56, 352.13, 0.9841, -0.1243, 0.1152, -0.0531
16:18:37, 1.00, 30, 14.34, 346.57, 352.15, 0.9841, -0.1242, 0.1157, -0.0529
16:18:37, 1.00, 30, 14.40, 346.60, 352.13, 0.9840, -0.1240, 0.1163, -0.0531
16:18:37, 1.03, 31, 14.50, 346.62, 352.11, 0.9839, -0.1239, 0.1171, -0.0531
16:18:37, 1.03, 31, 14.59, 346.65, 352.12, 0.9839, -0.1237, 0.1179, -0.0530
16:18:37, 1.03, 31, 14.72, 346.67, 352.09, 0.9837, -0.1236, 0.1190, -0.0531
16:18:37, 1.07, 32, 14.89, 346.67, 352.09, 0.9836, -0.1237, 0.1205, -0.0529
16:18:37, 1.07, 32, 15.04, 346.68, 352.07, 0.9834, -0.1237, 0.1217, -0.0529
16:18:37, 1.10, 33, 15.20, 346.67, 352.05, 0.9832, -0.1238, 0.1231, -0.0529
16:18:37, 1.10, 33, 15.40, 346.66, 352.02, 0.9830, -0.1241, 0.1248, -0.0529
16:18:37, 1.10, 33, 15.60, 346.70, 351.98, 0.9828, -0.1239, 0.1264, -0.0531
16:18:37, 1.13, 34, 15.81, 346.73, 351.93, 0.9825, -0.1238, 0.1282, -0.0534
16:18:37, 1.13, 34, 16.02, 346.74, 351.92, 0.9823, -0.1238, 0.1300, -0.0533
16:18:37, 1.17, 35, 16.21, 346.73, 351.89, 0.9821, -0.1240, 0.1316, -0.0533
16:18:37, 1.17, 35, 16.38, 346.71, 351.84, 0.9818, -0.1243, 0.1330, -0.0535
16:18:37, 1.20, 36, 16.61, 346.70, 351.76, 0.9815, -0.1246, 0.1348, -0.0539
16:18:37, 1.20, 36, 16.79, 346.70, 351.75, 0.9813, -0.1247, 0.1364, -0.0538
16:18:37, 1.20, 36, 17.00, 346.72, 351.69, 0.9810, -0.1247, 0.1382, -0.0541
16:18:37, 1.23, 37, 17.21, 346.72, 351.64, 0.9808, -0.1248, 0.1399, -0.0543
16:18:37, 1.23, 37, 17.39, 346.70, 351.60, 0.9805, -0.1251, 0.1414, -0.0544
16:18:37, 1.27, 38, 17.58, 346.69, 351.55, 0.9802, -0.1254, 0.1429, -0.0547
16:18:37, 1.27, 38, 17.73, 346.66, 351.49, 0.9800, -0.1258, 0.1441, -0.0550
16:18:37, 1.27, 38, 17.90, 346.67, 351.44, 0.9798, -0.1259, 0.1456, -0.0552
16:18:37, 1.30, 39, 18.10, 346.68, 351.36, 0.9795, -0.1260, 0.1471, -0.0557
16:18:37, 1.30, 39, 18.29, 346.68, 351.30, 0.9792, -0.1261, 0.1487, -0.0560
16:18:37, 1.33, 40, 18.46, 346.67, 351.24, 0.9789, -0.1264, 0.1501, -0.0563
16:18:37, 1.33, 40, 18.58, 346.60, 351.18, 0.9787, -0.1271, 0.1510, -0.0566
16:18:37, 1.37, 41, 18.72, 346.60, 351.14, 0.9785, -0.1273, 0.1521, -0.0568
16:18:37, 1.37, 41, 18.81, 346.61, 351.07, 0.9783, -0.1273, 0.1529, -0.0572
16:18:37, 1.37, 41, 18.91, 346.61, 351.02, 0.9782, -0.1275, 0.1537, -0.0576
16:18:37, 1.40, 42, 19.02, 346.60, 350.97, 0.9780, -0.1276, 0.1545, -0.0579
16:18:37, 1.40, 42, 19.11, 346.60, 350.92, 0.9779, -0.1278, 0.1552, -0.0582
16:18:37, 1.43, 43, 19.17, 346.60, 350.86, 0.9777, -0.1278, 0.1557, -0.0586
16:18:37, 1.43, 43, 19.20, 346.59, 350.83, 0.9777, -0.1280, 0.1559, -0.0589
16:18:37, 1.43, 43, 19.23, 346.57, 350.82, 0.9776, -0.1282, 0.1562, -0.0589
16:18:37, 1.47, 44, 19.26, 346.60, 350.80, 0.9776, -0.1280, 0.1564, -0.0591
16:18:37, 1.47, 44, 19.28, 346.59, 350.78, 0.9775, -0.1281, 0.1565, -0.0592
16:18:37, 1.50, 45, 19.28, 346.60, 350.76, 0.9775, -0.1280, 0.1565, -0.0594
16:18:37, 1.50, 45, 19.31, 346.61, 350.74, 0.9775, -0.1280, 0.1568, -0.0595
16:18:37, 1.53, 46, 19.31, 346.61, 350.75, 0.9775, -0.1280, 0.1568, -0.0594
16:18:37, 1.53, 46, 19.32, 346.62, 350.76, 0.9775, -0.1279, 0.1569, -0.0594
16:18:37, 1.53, 46, 19.31, 346.62, 350.75, 0.9775, -0.1279, 0.1568, -0.0595
16:18:37, 1.57, 47, 19.30, 346.62, 350.75, 0.9775, -0.1279, 0.1567, -0.0594
16:18:37, 1.57, 47, 19.28, 346.63, 350.76, 0.9776, -0.1278, 0.1565, -0.0594
16:18:37, 1.60, 48, 19.25, 346.62, 350.77, 0.9776, -0.1278, 0.1563, -0.0594
16:18:37, 1.60, 48, 19.23, 346.63, 350.77, 0.9776, -0.1278, 0.1561, -0.0594
16:18:37, 1.60, 48, 19.21, 346.63, 350.77, 0.9777, -0.1278, 0.1560, -0.0594
16:18:37, 1.63, 49, 19.17, 346.62, 350.78, 0.9777, -0.1278, 0.1556, -0.0594
16:18:37, 1.63, 49, 19.15, 346.63, 350.80, 0.9778, -0.1277, 0.1555, -0.0593
16:18:37, 1.67, 50, 19.12, 346.63, 350.83, 0.9778, -0.1276, 0.1552, -0.0591
16:18:37, 1.67, 50, 19.09, 346.64, 350.83, 0.9779, -0.1275, 0.1550, -0.0591
16:18:38, 1.70, 51, 19.08, 346.67, 350.84, 0.9779, -0.1272, 0.1549, -0.0590
16:18:38, 1.70, 51, 19.07, 346.68, 350.85, 0.9779, -0.1272, 0.1549, -0.0590
16:18:38, 1.70, 51, 19.05, 346.66, 350.83, 0.9779, -0.1273, 0.1547, -0.0591
16:18:38, 1.73, 52, 19.05, 346.64, 350.87, 0.9779, -0.1274, 0.1547, -0.0588
16:18:38, 1.73, 52, 19.04, 346.65, 350.90, 0.9780, -0.1273, 0.1546, -0.0586
16:18:38, 1.77, 53, 19.03, 346.66, 350.89, 0.9780, -0.1273, 0.1546, -0.0587
16:18:38, 1.77, 53, 19.00, 346.68, 350.91, 0.9781, -0.1270, 0.1543, -0.0585
16:18:38, 1.80, 54, 18.98, 346.69, 350.93, 0.9781, -0.1269, 0.1542, -0.0584
16:18:38, 1.80, 54, 18.97, 346.69, 350.94, 0.9781, -0.1269, 0.1541, -0.0584
16:18:38, 1.80, 54, 18.96, 346.67, 350.94, 0.9781, -0.1271, 0.1541, -0.0583
16:18:38, 1.83, 55, 18.95, 346.64, 350.94, 0.9781, -0.1273, 0.1539, -0.0583
16:18:38, 1.83, 55, 18.94, 346.65, 350.94, 0.9781, -0.1272, 0.1539, -0.0583
16:18:38, 1.87, 56, 18.94, 346.64, 350.93, 0.9781, -0.1273, 0.1538, -0.0584
16:18:38, 1.87, 56, 18.94, 346.67, 350.93, 0.9782, -0.1270, 0.1538, -0.0584
16:18:38, 1.87, 56, 18.92, 346.70, 350.93, 0.9782, -0.1268, 0.1537, -0.0584
16:18:38, 1.90, 57, 18.92, 346.71, 350.95, 0.9782, -0.1266, 0.1537, -0.0584
16:18:38, 1.90, 57, 18.89, 346.73, 350.92, 0.9783, -0.1265, 0.1535, -0.0587
16:18:38, 1.93, 58, 18.87, 346.76, 350.93, 0.9783, -0.1263, 0.1534, -0.0586
16:18:38, 1.93, 58, 18.87, 346.79, 350.94, 0.9784, -0.1260, 0.1533, -0.0586
16:18:38, 1.97, 59, 18.86, 346.76, 350.93, 0.9783, -0.1262, 0.1532, -0.0586
16:18:38, 1.97, 59, 18.86, 346.78, 350.94, 0.9784, -0.1261, 0.1533, -0.0586
16:18:38, 1.97, 59, 18.85, 346.76, 350.93, 0.9784, -0.1262, 0.1532, -0.0586
16:18:38, 2.00, 60, 18.86, 346.76, 350.93, 0.9783, -0.1263, 0.1532, -0.0586
16:18:38, 2.00, 60, 18.86, 346.75, 350.92, 0.9783, -0.1264, 0.1532, -0.0587
16:18:38, 2.03, 61, 18.85, 346.74, 350.91, 0.9783, -0.1264, 0.1532, -0.0588
16:18:38, 2.03, 61, 18.86, 346.74, 350.91, 0.9783, -0.1265, 0.1532, -0.0588
16:18:38, 2.03, 61, 18.88, 346.75, 350.89, 0.9783, -0.1264, 0.1534, -0.0590
16:18:38, 2.07, 62, 18.88, 346.73, 350.88, 0.9783, -0.1266, 0.1534, -0.0590
16:18:38, 2.07, 62, 18.88, 346.71, 350.89, 0.9782, -0.1267, 0.1534, -0.0589
16:18:38, 2.10, 63, 18.89, 346.69, 350.88, 0.9782, -0.1269, 0.1534, -0.0589
16:18:38, 2.10, 63, 18.91, 346.67, 350.85, 0.9782, -0.1271, 0.1535, -0.0591
16:18:38, 2.10, 63, 18.92, 346.65, 350.83, 0.9781, -0.1273, 0.1536, -0.0592
16:18:38, 2.13, 64, 18.93, 346.63, 350.84, 0.9781, -0.1275, 0.1536, -0.0592
16:18:38, 2.13, 64, 18.93, 346.63, 350.82, 0.9781, -0.1275, 0.1536, -0.0593
16:18:38, 2.17, 65, 18.94, 346.62, 350.82, 0.9781, -0.1276, 0.1537, -0.0593
16:18:38, 2.17, 65, 18.93, 346.62, 350.82, 0.9781, -0.1276, 0.1536, -0.0593
16:18:38, 2.20, 66, 18.92, 346.62, 350.83, 0.9781, -0.1276, 0.1536, -0.0592
16:18:38, 2.20, 66, 18.91, 346.61, 350.84, 0.9781, -0.1276, 0.1535, -0.0591
16:18:38, 2.20, 66, 18.89, 346.60, 350.86, 0.9781, -0.1277, 0.1533, -0.0590
16:18:38, 2.23, 67, 18.87, 346.57, 350.85, 0.9781, -0.1280, 0.1531, -0.0590
16:18:38, 2.23, 67, 18.84, 346.57, 350.86, 0.9782, -0.1280, 0.1528, -0.0590
16:18:38, 2.27, 68, 18.82, 346.58, 350.90, 0.9782, -0.1278, 0.1527, -0.0587
16:18:38, 2.27, 68, 18.80, 346.58, 350.88, 0.9782, -0.1278, 0.1525, -0.0589
16:18:38, 2.27, 68, 18.78, 346.59, 350.90, 0.9783, -0.1277, 0.1524, -0.0587
16:18:38, 2.30, 69, 18.75, 346.59, 350.90, 0.9783, -0.1277, 0.1521, -0.0588
16:18:38, 2.30, 69, 18.75, 346.59, 350.91, 0.9783, -0.1277, 0.1522, -0.0587
16:18:38, 2.33, 70, 18.75, 346.59, 350.92, 0.9783, -0.1276, 0.1522, -0.0586
16:18:38, 2.33, 70, 18.75, 346.59, 350.94, 0.9783, -0.1276, 0.1522, -0.0584
16:18:38, 2.37, 71, 18.74, 346.59, 350.96, 0.9784, -0.1276, 0.1522, -0.0583
16:18:38, 2.37, 71, 18.75, 346.60, 350.96, 0.9784, -0.1275, 0.1522, -0.0583
16:18:38, 2.37, 71, 18.76, 346.61, 350.96, 0.9784, -0.1274, 0.1523, -0.0583
16:18:38, 2.40, 72, 18.75, 346.60, 350.97, 0.9784, -0.1275, 0.1522, -0.0582
16:18:38, 2.40, 72, 18.75, 346.59, 350.97, 0.9783, -0.1276, 0.1522, -0.0582
16:18:38, 2.43, 73, 18.76, 346.59, 350.97, 0.9783, -0.1276, 0.1523, -0.0582
16:18:38, 2.43, 73, 18.76, 346.60, 350.96, 0.9783, -0.1275, 0.1523, -0.0582
16:18:38, 2.43, 73, 18.77, 346.63, 350.96, 0.9784, -0.1273, 0.1524, -0.0583
16:18:38, 2.47, 74, 18.76, 346.64, 350.97, 0.9784, -0.1272, 0.1524, -0.0583
16:18:38, 2.47, 74, 18.77, 346.64, 350.97, 0.9784, -0.1272, 0.1524, -0.0582
16:18:38, 2.50, 75, 18.76, 346.64, 350.97, 0.9784, -0.1272, 0.1523, -0.0583
16:18:38, 2.50, 75, 18.76, 346.65, 350.97, 0.9784, -0.1271, 0.1523, -0.0583
16:18:38, 2.53, 76, 18.76, 346.64, 350.97, 0.9784, -0.1271, 0.1523, -0.0582
16:18:38, 2.53, 76, 18.75, 346.64, 350.99, 0.9784, -0.1271, 0.1523, -0.0581
16:18:38, 2.53, 76, 18.73, 346.64, 351.00, 0.9784, -0.1271, 0.1521, -0.0580
16:18:38, 2.57, 77, 18.72, 346.62, 351.01, 0.9784, -0.1272, 0.1520, -0.0579
16:18:38, 2.57, 77, 18.74, 346.63, 350.98, 0.9784, -0.1272, 0.1522, -0.0582
16:18:38, 2.60, 78, 18.75, 346.64, 350.97, 0.9784, -0.1271, 0.1523, -0.0583
16:18:38, 2.60, 78, 18.77, 346.68, 350.96, 0.9784, -0.1268, 0.1525, -0.0584
16:18:38, 2.60, 78, 18.78, 346.72, 350.98, 0.9784, -0.1264, 0.1526, -0.0582
16:18:38, 2.63, 79, 18.77, 346.71, 350.99, 0.9784, -0.1266, 0.1525, -0.0581
16:18:38, 2.63, 79, 18.76, 346.69, 351.02, 0.9785, -0.1266, 0.1525, -0.0579
16:18:38, 2.67, 80, 18.75, 346.69, 351.01, 0.9785, -0.1267, 0.1524, -0.0580
16:18:38, 2.67, 80, 18.75, 346.69, 351.01, 0.9785, -0.1267, 0.1523, -0.0580
16:18:39, 2.70, 81, 18.75, 346.69, 351.02, 0.9785, -0.1267, 0.1523, -0.0579
16:18:39, 2.70, 81, 18.73, 346.69, 351.02, 0.9785, -0.1267, 0.1522, -0.0579
16:18:39, 2.70, 81, 18.72, 346.69, 351.03, 0.9785, -0.1267, 0.1521, -0.0579
16:18:39, 2.73, 82, 18.71, 346.68, 351.04, 0.9785, -0.1267, 0.1520, -0.0578
16:18:39, 2.73, 82, 18.69, 346.68, 351.04, 0.9785, -0.1267, 0.1519, -0.0578
16:18:39, 2.77, 83, 18.68, 346.68, 351.04, 0.9786, -0.1267, 0.1518, -0.0578
16:18:39, 2.77, 83, 18.68, 346.68, 351.04, 0.9786, -0.1267, 0.1517, -0.0578
16:18:39, 2.77, 83, 18.67, 346.68, 351.06, 0.9786, -0.1267, 0.1517, -0.0577
16:18:39, 2.80, 84, 18.66, 346.66, 351.08, 0.9786, -0.1268, 0.1516, -0.0575
16:18:39, 2.80, 84, 18.66, 346.67, 351.08, 0.9786, -0.1267, 0.1516, -0.0574
16:18:39, 2.83, 85, 18.64, 346.67, 351.07, 0.9786, -0.1267, 0.1515, -0.0575
16:18:39, 2.83, 85, 18.65, 346.68, 351.07, 0.9786, -0.1266, 0.1516, -0.0576
16:18:39, 2.87, 86, 18.66, 346.68, 351.06, 0.9786, -0.1267, 0.1516, -0.0576
16:18:39, 2.87, 86, 18.66, 346.68, 351.07, 0.9786, -0.1266, 0.1516, -0.0576
16:18:39, 2.87, 86, 18.65, 346.68, 351.07, 0.9786, -0.1266, 0.1516, -0.0575
16:18:39, 2.90, 87, 18.64, 346.69, 351.07, 0.9786, -0.1265, 0.1514, -0.0576
16:18:39, 2.90, 87, 18.63, 346.71, 351.08, 0.9787, -0.1263, 0.1514, -0.0575
16:18:39, 2.93, 88, 18.63, 346.73, 351.09, 0.9787, -0.1262, 0.1514, -0.0575
16:18:39, 2.93, 88, 18.62, 346.73, 351.10, 0.9787, -0.1262, 0.1513, -0.0574
16:18:39, 2.97, 89, 18.61, 346.74, 351.13, 0.9788, -0.1261, 0.1513, -0.0572
16:18:39, 2.97, 89, 18.61, 346.75, 351.13, 0.9788, -0.1259, 0.1513, -0.0572
16:18:39, 2.97, 89, 18.60, 346.75, 351.14, 0.9788, -0.1259, 0.1513, -0.0571
16:18:39, 3.00, 90, 18.60, 346.75, 351.15, 0.9788, -0.1259, 0.1512, -0.0571
16:18:39, 3.00, 90, 18.60, 346.75, 351.14, 0.9788, -0.1259, 0.1512, -0.0571
16:18:39, 3.03, 91, 18.57, 346.75, 351.15, 0.9788, -0.1259, 0.1510, -0.0571
16:18:39, 3.03, 91, 18.57, 346.77, 351.16, 0.9788, -0.1257, 0.1510, -0.0571
16:18:39, 3.03, 91, 18.56, 346.77, 351.15, 0.9789, -0.1257, 0.1510, -0.0571
16:18:39, 3.07, 92, 18.56, 346.79, 351.17, 0.9789, -0.1255, 0.1509, -0.0570
16:18:39, 3.07, 92, 18.55, 346.80, 351.17, 0.9789, -0.1255, 0.1509, -0.0570
16:18:39, 3.10, 93, 18.55, 346.80, 351.17, 0.9789, -0.1255, 0.1509, -0.0570
16:18:39, 3.10, 93, 18.54, 346.80, 351.17, 0.9789, -0.1254, 0.1508, -0.0570
16:18:39, 3.10, 93, 18.54, 346.81, 351.19, 0.9789, -0.1253, 0.1509, -0.0568
16:18:39, 3.13, 94, 18.54, 346.80, 351.19, 0.9789, -0.1254, 0.1509, -0.0568
16:18:39, 3.13, 94, 18.55, 346.80, 351.18, 0.9789, -0.1254, 0.1509, -0.0569
16:18:39, 3.17, 95, 18.56, 346.80, 351.18, 0.9789, -0.1254, 0.1510, -0.0569
16:18:39, 3.17, 95, 18.55, 346.81, 351.19, 0.9789, -0.1253, 0.1509, -0.0569
16:18:39, 3.20, 96, 18.56, 346.82, 351.18, 0.9789, -0.1253, 0.1510, -0.0569
16:18:39, 3.20, 96, 18.57, 346.82, 351.18, 0.9789, -0.1252, 0.1511, -0.0569
16:18:39, 3.20, 96, 18.58, 346.82, 351.18, 0.9789, -0.1253, 0.1512, -0.0569
16:18:39, 3.23, 97, 18.59, 346.82, 351.18, 0.9789, -0.1252, 0.1513, -0.0569
16:18:39, 3.23, 97, 18.60, 346.83, 351.19, 0.9789, -0.1252, 0.1514, -0.0568
16:18:39, 3.27, 98, 18.61, 346.83, 351.18, 0.9789, -0.1252, 0.1514, -0.0569
16:18:39, 3.27, 98, 18.62, 346.82, 351.19, 0.9788, -0.1252, 0.1515, -0.0568
16:18:39, 3.27, 98, 18.62, 346.81, 351.18, 0.9788, -0.1253, 0.1515, -0.0569
16:18:39, 3.30, 99, 18.62, 346.81, 351.17, 0.9788, -0.1254, 0.1515, -0.0569
16:18:39, 3.30, 99, 18.63, 346.81, 351.17, 0.9788, -0.1254, 0.1516, -0.0569
16:18:39, 3.33, 100, 18.64, 346.82, 351.14, 0.9788, -0.1253, 0.1517, -0.0572
16:18:39, 3.33, 100, 18.66, 346.83, 351.12, 0.9788, -0.1253, 0.1518, -0.0574
16:18:39, 3.37, 101, 18.66, 346.86, 351.13, 0.9788, -0.1250, 0.1519, -0.0573
16:18:39, 3.37, 101, 18.66, 346.86, 351.15, 0.9788, -0.1250, 0.1519, -0.0571
16:18:39, 3.37, 101, 18.67, 346.86, 351.16, 0.9788, -0.1250, 0.1519, -0.0571
16:18:39, 3.40, 102, 18.68, 346.87, 351.15, 0.9788, -0.1249, 0.1520, -0.0571
16:18:39, 3.40, 102, 18.68, 346.87, 351.16, 0.9788, -0.1249, 0.1521, -0.0571
16:18:39, 3.43, 103, 18.69, 346.89, 351.16, 0.9788, -0.1248, 0.1522, -0.0571
16:18:39, 3.43, 103, 18.69, 346.91, 351.16, 0.9788, -0.1246, 0.1522, -0.0571
16:18:39, 3.43, 103, 18.69, 346.90, 351.15, 0.9788, -0.1247, 0.1521, -0.0572
16:18:39, 3.47, 104, 18.68, 346.89, 351.14, 0.9788, -0.1248, 0.1521, -0.0572
16:18:39, 3.47, 104, 18.69, 346.89, 351.14, 0.9788, -0.1248, 0.1521, -0.0573
16:18:39, 3.50, 105, 18.70, 346.89, 351.12, 0.9788, -0.1248, 0.1522, -0.0574
16:18:39, 3.50, 105, 18.71, 346.90, 351.11, 0.9787, -0.1247, 0.1523, -0.0575
16:18:39, 3.53, 106, 18.72, 346.90, 351.10, 0.9787, -0.1247, 0.1524, -0.0576
16:18:39, 3.53, 106, 18.73, 346.89, 351.09, 0.9787, -0.1248, 0.1524, -0.0576
16:18:39, 3.53, 106, 18.74, 346.89, 351.09, 0.9787, -0.1249, 0.1525, -0.0576
16:18:39, 3.57, 107, 18.75, 346.88, 351.08, 0.9787, -0.1249, 0.1526, -0.0576
16:18:39, 3.57, 107, 18.77, 346.88, 351.09, 0.9786, -0.1249, 0.1528, -0.0575
16:18:39, 3.60, 108, 18.78, 346.89, 351.09, 0.9786, -0.1249, 0.1528, -0.0576
16:18:39, 3.60, 108, 18.79, 346.90, 351.08, 0.9786, -0.1248, 0.1530, -0.0576
16:18:39, 3.60, 108, 18.80, 346.90, 351.08, 0.9786, -0.1248, 0.1531, -0.0576
16:18:39, 3.63, 109, 18.81, 346.91, 351.09, 0.9786, -0.1247, 0.1531, -0.0576
16:18:39, 3.63, 109, 18.81, 346.91, 351.08, 0.9786, -0.1248, 0.1531, -0.0576
16:18:39, 3.67, 110, 18.82, 346.91, 351.09, 0.9786, -0.1247, 0.1532, -0.0576
16:18:39, 3.67, 110, 18.81, 346.92, 351.08, 0.9786, -0.1246, 0.1532, -0.0576
16:18:40, 3.70, 111, 18.82, 346.94, 351.09, 0.9786, -0.1245, 0.1532, -0.0576
16:18:40, 3.70, 111, 18.81, 346.95, 351.09, 0.9786, -0.1244, 0.1532, -0.0576
16:18:40, 3.70, 111, 18.81, 346.93, 351.10, 0.9786, -0.1245, 0.1531, -0.0575
16:18:40, 3.73, 112, 18.80, 346.93, 351.10, 0.9786, -0.1245, 0.1531, -0.0576
16:18:40, 3.73, 112, 18.79, 346.93, 351.09, 0.9787, -0.1245, 0.1530, -0.0576
16:18:40, 3.77, 113, 18.79, 346.93, 351.09, 0.9787, -0.1245, 0.1529, -0.0576
16:18:40, 3.77, 113, 18.78, 346.91, 351.08, 0.9786, -0.1247, 0.1529, -0.0577
16:18:40, 3.80, 114, 18.79, 346.91, 351.08, 0.9786, -0.1247, 0.1529, -0.0577
16:18:40, 3.80, 114, 18.79, 346.90, 351.09, 0.9786, -0.1248, 0.1529, -0.0576
16:18:40, 3.80, 114, 18.80, 346.89, 351.09, 0.9786, -0.1249, 0.1530, -0.0575
16:18:40, 3.83, 115, 18.80, 346.88, 351.09, 0.9786, -0.1249, 0.1530, -0.0575
16:18:40, 3.83, 115, 18.81, 346.86, 351.12, 0.9786, -0.1251, 0.1531, -0.0572
16:18:40, 3.87, 116, 18.84, 346.86, 351.13, 0.9786, -0.1251, 0.1534, -0.0572
16:18:40, 3.87, 116, 18.85, 346.87, 351.13, 0.9785, -0.1250, 0.1535, -0.0571
16:18:40, 3.87, 116, 18.87, 346.88, 351.13, 0.9785, -0.1249, 0.1536, -0.0571
16:18:40, 3.90, 117, 18.88, 346.88, 351.13, 0.9785, -0.1249, 0.1538, -0.0571
16:18:40, 3.90, 117, 18.90, 346.89, 351.12, 0.9785, -0.1249, 0.1539, -0.0572
16:18:40, 3.93, 118, 18.91, 346.90, 351.10, 0.9785, -0.1249, 0.1540, -0.0573
16:18:40, 3.93, 118, 18.92, 346.91, 351.09, 0.9785, -0.1248, 0.1541, -0.0575
16:18:40, 3.97, 119, 18.93, 346.91, 351.08, 0.9785, -0.1248, 0.1541, -0.0575
16:18:40, 3.97, 119, 18.91, 346.92, 351.07, 0.9785, -0.1247, 0.1540, -0.0576
16:18:40, 3.97, 119, 18.92, 346.94, 351.06, 0.9785, -0.1246, 0.1541, -0.0577
16:18:40, 4.00, 120, 18.90, 346.94, 351.06, 0.9785, -0.1245, 0.1539, -0.0577
16:18:40, 4.00, 120, 18.90, 346.93, 351.06, 0.9785, -0.1246, 0.1539, -0.0578
16:18:40, 4.03, 121, 18.90, 346.92, 351.03, 0.9785, -0.1247, 0.1538, -0.0580
16:18:40, 4.03, 121, 18.91, 346.93, 351.01, 0.9785, -0.1247, 0.1539, -0.0582
16:18:40, 4.03, 121, 18.92, 346.93, 351.00, 0.9784, -0.1248, 0.1540, -0.0582
16:18:40, 4.07, 122, 18.95, 346.93, 350.99, 0.9784, -0.1247, 0.1542, -0.0583
16:18:40, 4.07, 122, 18.96, 346.94, 350.99, 0.9784, -0.1247, 0.1543, -0.0583
16:18:40, 4.10, 123, 18.95, 346.94, 351.01, 0.9784, -0.1247, 0.1543, -0.0581
16:18:40, 4.10, 123, 18.94, 346.93, 351.02, 0.9784, -0.1247, 0.1541, -0.0580
16:18:40, 4.10, 123, 18.93, 346.93, 351.03, 0.9784, -0.1247, 0.1541, -0.0580
16:18:40, 4.13, 124, 18.92, 346.94, 351.02, 0.9785, -0.1246, 0.1540, -0.0580
16:18:40, 4.13, 124, 18.91, 346.94, 351.02, 0.9785, -0.1246, 0.1540, -0.0581
16:18:40, 4.17, 125, 18.90, 346.95, 351.02, 0.9785, -0.1245, 0.1538, -0.0581
16:18:40, 4.17, 125, 18.88, 346.95, 351.02, 0.9785, -0.1245, 0.1537, -0.0581
16:18:40, 4.20, 126, 18.87, 346.94, 351.03, 0.9785, -0.1246, 0.1536, -0.0580
16:18:40, 4.20, 126, 18.85, 346.94, 351.05, 0.9786, -0.1245, 0.1535, -0.0579
16:18:40, 4.20, 126, 18.85, 346.95, 351.06, 0.9786, -0.1245, 0.1535, -0.0578
16:18:40, 4.23, 127, 18.86, 346.95, 351.04, 0.9786, -0.1244, 0.1535, -0.0580
16:18:40, 4.23, 127, 18.86, 346.95, 351.04, 0.9786, -0.1245, 0.1535, -0.0580
16:18:40, 4.27, 128, 18.87, 346.95, 351.04, 0.9785, -0.1244, 0.1536, -0.0580
16:18:40, 4.27, 128, 18.87, 346.94, 351.04, 0.9785, -0.1245, 0.1536, -0.0580
16:18:40, 4.27, 128, 18.87, 346.94, 351.04, 0.9785, -0.1246, 0.1536, -0.0579
16:18:40, 4.30, 129, 18.87, 346.93, 351.04, 0.9785, -0.1247, 0.1536, -0.0579
16:18:40, 4.30, 129, 18.87, 346.95, 351.05, 0.9785, -0.1245, 0.1536, -0.0579
16:18:40, 4.33, 130, 18.87, 346.95, 351.05, 0.9785, -0.1245, 0.1536, -0.0579
16:18:40, 4.33, 130, 18.87, 346.96, 351.06, 0.9786, -0.1244, 0.1536, -0.0578
16:18:40, 4.37, 131, 18.86, 346.98, 351.06, 0.9786, -0.1242, 0.1536, -0.0578
16:18:40, 4.37, 131, 18.86, 346.96, 351.06, 0.9786, -0.1243, 0.1536, -0.0578
16:18:40, 4.37, 131, 18.86, 346.97, 351.06, 0.9786, -0.1242, 0.1536, -0.0578
16:18:40, 4.40, 132, 18.86, 346.97, 351.06, 0.9786, -0.1242, 0.1536, -0.0579
16:18:40, 4.40, 132, 18.86, 346.98, 351.06, 0.9786, -0.1242, 0.1536, -0.0579
16:18:40, 4.43, 133, 18.86, 346.99, 351.07, 0.9786, -0.1241, 0.1536, -0.0578
16:18:40, 4.43, 133, 18.85, 347.00, 351.07, 0.9786, -0.1240, 0.1535, -0.0579
16:18:40, 4.43, 133, 18.86, 347.02, 351.07, 0.9786, -0.1238, 0.1536, -0.0578
16:18:40, 4.47, 134, 18.85, 347.04, 351.07, 0.9787, -0.1237, 0.1536, -0.0579
16:18:40, 4.47, 134, 18.85, 347.05, 351.07, 0.9787, -0.1236, 0.1536, -0.0579
16:18:40, 4.50, 135, 18.87, 347.04, 351.07, 0.9786, -0.1236, 0.1537, -0.0579
16:18:40, 4.50, 135, 18.86, 347.04, 351.07, 0.9786, -0.1237, 0.1537, -0.0578
16:18:40, 4.53, 136, 18.87, 347.04, 351.08, 0.9786, -0.1236, 0.1537, -0.0578
16:18:40, 4.53, 136, 18.86, 347.04, 351.08, 0.9786, -0.1237, 0.1537, -0.0578
16:18:40, 4.53, 136, 18.86, 347.04, 351.08, 0.9787, -0.1236, 0.1536, -0.0578
16:18:40, 4.57, 137, 18.86, 347.04, 351.09, 0.9787, -0.1236, 0.1536, -0.0577
16:18:40, 4.57, 137, 18.86, 347.03, 351.09, 0.9787, -0.1237, 0.1536, -0.0577
16:18:40, 4.60, 138, 18.84, 347.03, 351.10, 0.9787, -0.1237, 0.1535, -0.0576
16:18:40, 4.60, 138, 18.84, 347.04, 351.09, 0.9787, -0.1236, 0.1535, -0.0577
16:18:40, 4.60, 138, 18.84, 347.04, 351.09, 0.9787, -0.1236, 0.1535, -0.0577
16:18:40, 4.63, 139, 18.85, 347.06, 351.09, 0.9787, -0.1235, 0.1536, -0.0578
16:18:40, 4.63, 139, 18.84, 347.06, 351.09, 0.9787, -0.1234, 0.1535, -0.0578
16:18:40, 4.67, 140, 18.84, 347.06, 351.09, 0.9787, -0.1235, 0.1535, -0.0578
16:18:40, 4.67, 140, 18.83, 347.05, 351.08, 0.9787, -0.1235, 0.1534, -0.0578
16:18:41, 4.70, 141, 18.83, 347.05, 351.09, 0.9787, -0.1236, 0.1534, -0.0577
16:18:41, 4.70, 141, 18.82, 347.04, 351.09, 0.9787, -0.1236, 0.1533, -0.0577
16:18:41, 4.70, 141, 18.82, 347.02, 351.09, 0.9787, -0.1238, 0.1533, -0.0577
16:18:41, 4.73, 142, 18.82, 347.00, 351.11, 0.9787, -0.1239, 0.1533, -0.0575
16:18:41, 4.73, 142, 18.81, 346.97, 351.11, 0.9787, -0.1241, 0.1532, -0.0575
16:18:41, 4.77, 143, 18.82, 346.97, 351.10, 0.9787, -0.1242, 0.1533, -0.0576
16:18:41, 4.77, 143, 18.84, 346.98, 351.07, 0.9786, -0.1242, 0.1534, -0.0578
16:18:41, 4.77, 143, 18.87, 347.01, 351.06, 0.9786, -0.1240, 0.1536, -0.0579
16:18:41, 4.80, 144, 18.90, 347.05, 351.05, 0.9786, -0.1236, 0.1540, -0.0580
16:18:41, 4.80, 144, 18.89, 347.05, 351.06, 0.9786, -0.1237, 0.1539, -0.0580
16:18:41, 4.83, 145, 18.90, 347.05, 351.08, 0.9786, -0.1236, 0.1540, -0.0577
16:18:41, 4.83, 145, 18.90, 347.05, 351.08, 0.9786, -0.1236, 0.1540, -0.0577
16:18:41, 4.87, 146, 18.90, 347.06, 351.09, 0.9786, -0.1235, 0.1540, -0.0577
16:18:41, 4.87, 146, 18.90, 347.05, 351.10, 0.9786, -0.1236, 0.1541, -0.0576
16:18:41, 4.87, 146, 18.91, 347.04, 351.10, 0.9786, -0.1236, 0.1541, -0.0575
16:18:41, 4.90, 147, 18.90, 347.04, 351.11, 0.9786, -0.1237, 0.1540, -0.0574
16:18:41, 4.90, 147, 18.90, 347.02, 351.13, 0.9786, -0.1238, 0.1540, -0.0573
16:18:41, 4.93, 148, 18.89, 347.01, 351.13, 0.9786, -0.1239, 0.1539, -0.0573
16:18:41, 4.93, 148, 18.89, 346.99, 351.13, 0.9786, -0.1240, 0.1539, -0.0573
16:18:41, 4.97, 149, 18.88, 347.00, 351.12, 0.9786, -0.1239, 0.1538, -0.0574
16:18:41, 4.97, 149, 18.87, 347.01, 351.12, 0.9786, -0.1239, 0.1537, -0.0574
16:18:41, 4.97, 149, 18.86, 346.99, 351.12, 0.9786, -0.1240, 0.1537, -0.0574
16:18:41, 5.00, 150, 18.86, 346.97, 351.11, 0.9786, -0.1242, 0.1536, -0.0574
16:18:41, 5.00, 150, 18.86, 346.97, 351.11, 0.9786, -0.1242, 0.1536, -0.0574
16:18:41, 5.03, 151, 18.87, 346.96, 351.10, 0.9786, -0.1243, 0.1536, -0.0575
16:18:41, 5.03, 151, 18.86, 346.97, 351.10, 0.9786, -0.1242, 0.1536, -0.0575
16:18:41, 5.03, 151, 18.87, 346.99, 351.11, 0.9786, -0.1240, 0.1537, -0.0575
16:18:41, 5.07, 152, 18.87, 347.00, 351.10, 0.9786, -0.1240, 0.1537, -0.0576
16:18:41, 5.07, 152, 18.88, 347.00, 351.10, 0.9786, -0.1240, 0.1538, -0.0575
16:18:41, 5.10, 153, 18.89, 347.01, 351.09, 0.9786, -0.1239, 0.1539, -0.0576
16:18:41, 5.10, 153, 18.89, 347.02, 351.10, 0.9786, -0.1238, 0.1539, -0.0576
16:18:41, 5.13, 154, 18.89, 347.03, 351.11, 0.9786, -0.1237, 0.1540, -0.0575
16:18:41, 5.13, 154, 18.89, 347.03, 351.11, 0.9786, -0.1237, 0.1539, -0.0575
16:18:41, 5.13, 154, 18.88, 347.04, 351.12, 0.9786, -0.1236, 0.1538, -0.0575
16:18:41, 5.17, 155, 18.88, 347.02, 351.12, 0.9786, -0.1237, 0.1538, -0.0574
16:18:41, 5.17, 155, 18.87, 347.00, 351.13, 0.9786, -0.1239, 0.1538, -0.0573
16:18:41, 5.20, 156, 18.87, 347.00, 351.13, 0.9786, -0.1239, 0.1538, -0.0573
16:18:41, 5.20, 156, 18.87, 347.00, 351.13, 0.9786, -0.1240, 0.1537, -0.0573
16:18:41, 5.20, 156, 18.87, 347.01, 351.14, 0.9786, -0.1239, 0.1538, -0.0572
16:18:41, 5.23, 157, 18.86, 347.01, 351.14, 0.9787, -0.1238, 0.1537, -0.0572
16:18:41, 5.23, 157, 18.85, 347.01, 351.14, 0.9787, -0.1238, 0.1536, -0.0572
16:18:41, 5.27, 158, 18.86, 347.01, 351.15, 0.9787, -0.1239, 0.1537, -0.0572
16:18:41, 5.27, 158, 18.86, 347.02, 351.14, 0.9787, -0.1238, 0.1537, -0.0572
16:18:41, 5.30, 159, 18.86, 347.01, 351.15, 0.9787, -0.1238, 0.1537, -0.0571
16:18:41, 5.30, 159, 18.86, 347.01, 351.15, 0.9787, -0.1238, 0.1537, -0.0571
16:18:41, 5.30, 159, 18.86, 347.01, 351.16, 0.9787, -0.1238, 0.1537, -0.0571
16:18:41, 5.33, 160, 18.86, 347.02, 351.16, 0.9787, -0.1237, 0.1537, -0.0571
16:18:41, 5.33, 160, 18.86, 347.03, 351.16, 0.9787, -0.1236, 0.1537, -0.0571
16:18:41, 5.37, 161, 18.86, 347.04, 351.17, 0.9787, -0.1236, 0.1537, -0.0571
16:18:41, 5.37, 161, 18.86, 347.04, 351.16, 0.9787, -0.1235, 0.1537, -0.0571
16:18:41, 5.37, 161, 18.87, 347.04, 351.14, 0.9787, -0.1236, 0.1538, -0.0572
16:18:41, 5.40, 162, 18.87, 347.05, 351.15, 0.9787, -0.1235, 0.1538, -0.0572
16:18:41, 5.40, 162, 18.87, 347.08, 351.15, 0.9787, -0.1232, 0.1538, -0.0572
16:18:41, 5.43, 163, 18.88, 347.08, 351.16, 0.9787, -0.1232, 0.1539, -0.0572
16:18:41, 5.43, 163, 18.88, 347.08, 351.16, 0.9787, -0.1232, 0.1540, -0.0571
16:18:41, 5.43, 163, 18.89, 347.07, 351.17, 0.9787, -0.1233, 0.1540, -0.0571
16:18:41, 5.47, 164, 18.90, 347.06, 351.16, 0.9787, -0.1234, 0.1541, -0.0571
16:18:41, 5.47, 164, 18.91, 347.05, 351.14, 0.9786, -0.1235, 0.1541, -0.0573
16:18:41, 5.50, 165, 18.94, 347.06, 351.11, 0.9786, -0.1235, 0.1544, -0.0574
16:18:41, 5.50, 165, 18.95, 347.07, 351.10, 0.9786, -0.1234, 0.1544, -0.0576
16:18:41, 5.53, 166, 18.95, 347.08, 351.10, 0.9786, -0.1233, 0.1545, -0.0576
16:18:41, 5.53, 166, 18.95, 347.10, 351.11, 0.9786, -0.1232, 0.1545, -0.0575
16:18:41, 5.53, 166, 18.94, 347.09, 351.12, 0.9786, -0.1232, 0.1544, -0.0574
16:18:41, 5.57, 167, 18.94, 347.09, 351.12, 0.9786, -0.1232, 0.1544, -0.0574
16:18:41, 5.57, 167, 18.94, 347.09, 351.13, 0.9786, -0.1232, 0.1544, -0.0574
16:18:41, 5.60, 168, 18.94, 347.08, 351.13, 0.9786, -0.1233, 0.1544, -0.0574
16:18:41, 5.60, 168, 18.94, 347.07, 351.13, 0.9786, -0.1234, 0.1544, -0.0573
16:18:41, 5.60, 168, 18.93, 347.07, 351.13, 0.9786, -0.1234, 0.1544, -0.0573
16:18:41, 5.63, 169, 18.91, 347.07, 351.14, 0.9786, -0.1233, 0.1542, -0.0573
16:18:41, 5.63, 169, 18.90, 347.07, 351.15, 0.9787, -0.1233, 0.1541, -0.0572
16:18:41, 5.67, 170, 18.90, 347.08, 351.14, 0.9787, -0.1232, 0.1541, -0.0573
16:18:41, 5.67, 170, 18.90, 347.09, 351.14, 0.9787, -0.1232, 0.1541, -0.0573
16:18:42, 5.70, 171, 18.92, 347.09, 351.14, 0.9786, -0.1232, 0.1542, -0.0573
16:18:42, 5.70, 171, 18.91, 347.09, 351.15, 0.9787, -0.1232, 0.1542, -0.0572
16:18:42, 5.70, 171, 18.92, 347.09, 351.15, 0.9787, -0.1232, 0.1542, -0.0572
16:18:42, 5.73, 172, 18.92, 347.09, 351.15, 0.9787, -0.1231, 0.1543, -0.0572
16:18:42, 5.73, 172, 18.93, 347.10, 351.15, 0.9786, -0.1230, 0.1544, -0.0572
16:18:42, 5.77, 173, 18.95, 347.12, 351.14, 0.9786, -0.1229, 0.1545, -0.0573
16:18:42, 5.77, 173, 18.95, 347.13, 351.14, 0.9786, -0.1228, 0.1546, -0.0573
16:18:42, 5.77, 173, 18.95, 347.12, 351.14, 0.9786, -0.1229, 0.1546, -0.0573
16:18:42, 5.80, 174, 18.95, 347.13, 351.14, 0.9786, -0.1228, 0.1546, -0.0573
16:18:42, 5.80, 174, 18.95, 347.14, 351.15, 0.9786, -0.1228, 0.1546, -0.0573
16:18:42, 5.83, 175, 18.95, 347.16, 351.16, 0.9787, -0.1226, 0.1546, -0.0572
16:18:42, 5.83, 175, 18.96, 347.17, 351.16, 0.9787, -0.1225, 0.1547, -0.0572
16:18:42, 5.87, 176, 18.96, 347.17, 351.16, 0.9787, -0.1225, 0.1547, -0.0572
16:18:42, 5.87, 176, 18.96, 347.18, 351.16, 0.9787, -0.1224, 0.1547, -0.0572
16:18:42, 5.87, 176, 18.98, 347.17, 351.15, 0.9786, -0.1225, 0.1548, -0.0572
16:18:42, 5.90, 177, 18.99, 347.17, 351.15, 0.9786, -0.1225, 0.1550, -0.0572
16:18:42, 5.90, 177, 19.01, 347.16, 351.16, 0.9786, -0.1226, 0.1551, -0.0572
16:18:42, 5.93, 178, 19.02, 347.16, 351.16, 0.9786, -0.1226, 0.1552, -0.0572
16:18:42, 5.93, 178, 19.03, 347.18, 351.16, 0.9786, -0.1224, 0.1553, -0.0571
16:18:42, 5.97, 179, 19.04, 347.20, 351.15, 0.9786, -0.1222, 0.1554, -0.0572
16:18:42, 5.97, 179, 19.03, 347.20, 351.16, 0.9786, -0.1223, 0.1554, -0.0571
16:18:42, 5.97, 179, 19.03, 347.20, 351.17, 0.9786, -0.1223, 0.1553, -0.0571
16:18:42, 6.00, 180, 19.02, 347.19, 351.17, 0.9786, -0.1223, 0.1552, -0.0571
16:18:42, 6.00, 180, 19.01, 347.18, 351.18, 0.9786, -0.1224, 0.1552, -0.0570
16:18:42, 6.03, 181, 18.99, 347.19, 351.19, 0.9787, -0.1223, 0.1550, -0.0569
16:18:42, 6.03, 181, 19.00, 347.20, 351.20, 0.9787, -0.1222, 0.1551, -0.0569
16:18:42, 6.03, 181, 18.99, 347.22, 351.20, 0.9787, -0.1220, 0.1550, -0.0569
16:18:42, 6.07, 182, 19.00, 347.22, 351.20, 0.9787, -0.1221, 0.1551, -0.0569
16:18:42, 6.07, 182, 19.00, 347.21, 351.21, 0.9787, -0.1221, 0.1551, -0.0568
16:18:42, 6.10, 183, 18.99, 347.22, 351.22, 0.9787, -0.1220, 0.1551, -0.0567
16:18:42, 6.10, 183, 18.99, 347.22, 351.22, 0.9787, -0.1220, 0.1551, -0.0567
16:18:42, 6.10, 183, 18.99, 347.24, 351.23, 0.9787, -0.1218, 0.1551, -0.0566
16:18:42, 6.13, 184, 18.99, 347.25, 351.23, 0.9787, -0.1217, 0.1551, -0.0567
16:18:42, 6.13, 184, 18.98, 347.23, 351.22, 0.9787, -0.1219, 0.1550, -0.0567
16:18:42, 6.17, 185, 18.99, 347.21, 351.23, 0.9787, -0.1221, 0.1550, -0.0567
16:18:42, 6.17, 185, 18.98, 347.19, 351.22, 0.9787, -0.1222, 0.1550, -0.0567
16:18:42, 6.20, 186, 18.97, 347.19, 351.21, 0.9787, -0.1223, 0.1549, -0.0568
16:18:42, 6.20, 186, 18.98, 347.19, 351.21, 0.9787, -0.1223, 0.1549, -0.0568
16:18:42, 6.20, 186, 18.96, 347.22, 351.21, 0.9787, -0.1220, 0.1548, -0.0568
16:18:42, 6.23, 187, 18.96, 347.23, 351.22, 0.9788, -0.1219, 0.1548, -0.0568
16:18:42, 6.23, 187, 18.95, 347.22, 351.22, 0.9788, -0.1220, 0.1547, -0.0568
16:18:42, 6.27, 188, 18.94, 347.21, 351.23, 0.9788, -0.1220, 0.1547, -0.0567
16:18:42, 6.27, 188, 18.93, 347.19, 351.22, 0.9788, -0.1222, 0.1545, -0.0567
16:18:42, 6.27, 188, 18.92, 347.18, 351.23, 0.9788, -0.1223, 0.1545, -0.0567
16:18:42, 6.30, 189, 18.91, 347.18, 351.22, 0.9788, -0.1223, 0.1544, -0.0567
16:18:42, 6.30, 189, 18.89, 347.18, 351.22, 0.9788, -0.1223, 0.1542, -0.0567
16:18:42, 6.33, 190, 18.85, 347.16, 351.24, 0.9788, -0.1224, 0.1538, -0.0566
16:18:42, 6.33, 190, 18.84, 347.17, 351.24, 0.9789, -0.1223, 0.1538, -0.0566
16:18:42, 6.37, 191, 18.81, 347.14, 351.25, 0.9789, -0.1225, 0.1535, -0.0565
16:18:42, 6.37, 191, 18.76, 347.14, 351.25, 0.9790, -0.1225, 0.1530, -0.0566
16:18:42, 6.37, 191, 18.73, 347.14, 351.25, 0.9790, -0.1225, 0.1528, -0.0566
16:18:42, 6.40, 192, 18.69, 347.13, 351.26, 0.9791, -0.1225, 0.1525, -0.0566
16:18:42, 6.40, 192, 18.64, 347.11, 351.28, 0.9791, -0.1227, 0.1520, -0.0564
16:18:42, 6.43, 193, 18.59, 347.11, 351.29, 0.9792, -0.1227, 0.1516, -0.0564
16:18:42, 6.43, 193, 18.54, 347.12, 351.32, 0.9793, -0.1225, 0.1513, -0.0562
16:18:42, 6.43, 193, 18.48, 347.13, 351.29, 0.9793, -0.1225, 0.1507, -0.0565
16:18:42, 6.47, 194, 18.41, 347.14, 351.30, 0.9794, -0.1223, 0.1501, -0.0566
16:18:42, 6.47, 194, 18.35, 347.14, 351.30, 0.9795, -0.1222, 0.1496, -0.0566
16:18:42, 6.50, 195, 18.27, 347.15, 351.31, 0.9796, -0.1221, 0.1489, -0.0566
16:18:42, 6.50, 195, 18.14, 347.16, 351.32, 0.9798, -0.1219, 0.1478, -0.0567
16:18:42, 6.53, 196, 18.04, 347.18, 351.34, 0.9800, -0.1217, 0.1470, -0.0566
16:18:42, 6.53, 196, 17.91, 347.18, 351.38, 0.9802, -0.1216, 0.1459, -0.0565
16:18:42, 6.53, 196, 17.77, 347.18, 351.38, 0.9803, -0.1215, 0.1448, -0.0566
16:18:42, 6.57, 197, 17.59, 347.19, 351.43, 0.9806, -0.1213, 0.1433, -0.0564
16:18:42, 6.57, 197, 17.37, 347.19, 351.47, 0.9809, -0.1211, 0.1415, -0.0563
16:18:42, 6.60, 198, 17.15, 347.19, 351.52, 0.9812, -0.1210, 0.1397, -0.0560
16:18:42, 6.60, 198, 16.95, 347.18, 351.57, 0.9814, -0.1209, 0.1380, -0.0559
16:18:42, 6.60, 198, 16.71, 347.18, 351.63, 0.9818, -0.1207, 0.1359, -0.0556
16:18:42, 6.63, 199, 16.44, 347.20, 351.72, 0.9821, -0.1203, 0.1338, -0.0551
16:18:42, 6.63, 199, 16.19, 347.20, 351.79, 0.9825, -0.1201, 0.1317, -0.0547
16:18:42, 6.67, 200, 15.92, 347.22, 351.87, 0.9828, -0.1197, 0.1295, -0.0544
16:18:42, 6.67, 200, 15.69, 347.18, 351.93, 0.9831, -0.1198, 0.1276, -0.0540
16:18:43, 6.70, 201, 15.45, 347.15, 351.98, 0.9833, -0.1199, 0.1255, -0.0539
16:18:43, 6.70, 201, 15.20, 347.13, 352.04, 0.9836, -0.1200, 0.1234, -0.0536
16:18:43, 6.70, 201, 14.97, 347.12, 352.12, 0.9839, -0.1199, 0.1215, -0.0531
16:18:43, 6.73, 202, 14.74, 347.13, 352.18, 0.9842, -0.1196, 0.1196, -0.0528
16:18:43, 6.73, 202, 14.53, 347.11, 352.19, 0.9844, -0.1196, 0.1178, -0.0530
16:18:43, 6.77, 203, 14.33, 347.12, 352.25, 0.9846, -0.1195, 0.1161, -0.0527
16:18:43, 6.77, 203, 14.18, 347.10, 352.25, 0.9848, -0.1195, 0.1148, -0.0528
16:18:43, 6.77, 203, 14.03, 347.10, 352.27, 0.9849, -0.1194, 0.1136, -0.0527
16:18:43, 6.80, 204, 13.89, 347.10, 352.28, 0.9851, -0.1194, 0.1124, -0.0528
16:18:43, 6.80, 204, 13.77, 347.09, 352.27, 0.9852, -0.1194, 0.1113, -0.0531
16:18:43, 6.83, 205, 13.65, 347.08, 352.23, 0.9853, -0.1194, 0.1102, -0.0535
16:18:43, 6.83, 205, 13.52, 347.11, 352.21, 0.9854, -0.1192, 0.1091, -0.0539
16:18:43, 6.87, 206, 13.39, 347.10, 352.17, 0.9855, -0.1192, 0.1080, -0.0543
16:18:43, 6.87, 206, 13.26, 347.10, 352.15, 0.9856, -0.1192, 0.1068, -0.0546
16:18:43, 6.87, 206, 13.12, 347.10, 352.12, 0.9857, -0.1191, 0.1056, -0.0550
16:18:43, 6.90, 207, 12.97, 347.12, 352.07, 0.9859, -0.1189, 0.1042, -0.0556
16:18:43, 6.90, 207, 12.81, 347.14, 352.05, 0.9860, -0.1187, 0.1028, -0.0560
16:18:43, 6.93, 208, 12.65, 347.15, 351.99, 0.9861, -0.1186, 0.1015, -0.0567
16:18:43, 6.93, 208, 12.46, 347.15, 351.95, 0.9863, -0.1185, 0.0997, -0.0572
16:18:43, 6.93, 208, 12.22, 347.13, 351.92, 0.9864, -0.1186, 0.0976, -0.0577
16:18:43, 6.97, 209, 11.92, 347.11, 351.91, 0.9867, -0.1187, 0.0951, -0.0580
16:18:43, 6.97, 209, 11.57, 347.09, 351.89, 0.9869, -0.1186, 0.0920, -0.0586
16:18:43, 7.00, 210, 11.19, 347.03, 351.93, 0.9872, -0.1189, 0.0888, -0.0586
16:18:43, 7.00, 210, 10.78, 347.02, 351.96, 0.9875, -0.1188, 0.0852, -0.0588
16:18:43, 7.03, 211, 10.34, 346.97, 351.96, 0.9878, -0.1190, 0.0814, -0.0592
16:18:43, 7.03, 211, 9.88, 346.87, 351.96, 0.9880, -0.1197, 0.0774, -0.0595
16:18:43, 7.03, 211, 9.35, 346.81, 352.04, 0.9883, -0.1198, 0.0728, -0.0594
16:18:43, 7.07, 212, 8.84, 346.72, 352.05, 0.9886, -0.1203, 0.0684, -0.0598
16:18:43, 7.07, 212, 8.27, 346.62, 352.13, 0.9888, -0.1208, 0.0635, -0.0596
16:18:43, 7.10, 213, 7.68, 346.57, 352.24, 0.9892, -0.1209, 0.0585, -0.0593
16:18:43, 7.10, 213, 7.10, 346.50, 352.33, 0.9894, -0.1212, 0.0535, -0.0590
16:18:43, 7.13, 214, 6.54, 346.44, 352.40, 0.9897, -0.1213, 0.0487, -0.0589
16:18:43, 7.13, 214, 5.89, 346.38, 352.52, 0.9899, -0.1215, 0.0432, -0.0586
16:18:43, 7.13, 214, 5.27, 346.35, 352.67, 0.9902, -0.1214, 0.0380, -0.0579
16:18:43, 7.17, 215, 4.64, 346.28, 352.81, 0.9904, -0.1217, 0.0327, -0.0574
16:18:43, 7.17, 215, 3.92, 346.24, 352.93, 0.9906, -0.1215, 0.0265, -0.0571
16:18:43, 7.20, 216, 3.30, 346.21, 353.03, 0.9907, -0.1215, 0.0212, -0.0569
16:18:43, 7.20, 216, 2.60, 346.20, 353.16, 0.9909, -0.1212, 0.0153, -0.0565
16:18:43, 7.20, 216, 1.95, 346.21, 353.29, 0.9910, -0.1208, 0.0099, -0.0560
16:18:43, 7.23, 217, 1.26, 346.20, 353.46, 0.9912, -0.1205, 0.0041, -0.0553
16:18:43, 7.23, 217, 0.64, 346.20, 353.57, 0.9912, -0.1203, -0.0012, -0.0550
16:18:43, 7.27, 218, 359.97, 346.18, 353.72, 0.9912, -0.1201, -0.0069, -0.0544
16:18:43, 7.27, 218, 359.39, 346.21, 353.88, 0.9913, -0.1196, -0.0117, -0.0536
16:18:43, 7.30, 219, 358.74, 346.13, 354.02, 0.9912, -0.1200, -0.0172, -0.0531
16:18:43, 7.30, 219, 358.21, 346.17, 354.09, 0.9912, -0.1194, -0.0217, -0.0531
16:18:43, 7.30, 219, 357.71, 346.22, 354.24, 0.9912, -0.1188, -0.0258, -0.0523
16:18:43, 7.33, 220, 357.22, 346.17, 354.30, 0.9911, -0.1190, -0.0301, -0.0523
16:18:43, 7.33, 220, 356.80, 346.15, 354.33, 0.9909, -0.1190, -0.0336, -0.0524
16:18:43, 7.37, 221, 356.40, 346.08, 354.39, 0.9908, -0.1195, -0.0371, -0.0524
16:18:43, 7.37, 221, 356.05, 346.05, 354.42, 0.9906, -0.1196, -0.0401, -0.0525
16:18:43, 7.37, 221, 355.71, 345.96, 354.42, 0.9904, -0.1202, -0.0430, -0.0529
16:18:43, 7.40, 222, 355.44, 345.96, 354.43, 0.9903, -0.1200, -0.0454, -0.0531
16:18:43, 7.40, 222, 355.15, 345.95, 354.39, 0.9902, -0.1200, -0.0479, -0.0537
16:18:43, 7.43, 223, 354.93, 345.90, 354.36, 0.9900, -0.1203, -0.0498, -0.0542
16:18:43, 7.43, 223, 354.69, 345.89, 354.30, 0.9899, -0.1202, -0.0520, -0.0550
16:18:43, 7.43, 223, 354.50, 345.88, 354.26, 0.9897, -0.1203, -0.0537, -0.0555
16:18:43, 7.47, 224, 354.35, 345.83, 354.15, 0.9896, -0.1206, -0.0552, -0.0566
16:18:43, 7.47, 224, 354.25, 345.79, 354.06, 0.9894, -0.1208, -0.0561, -0.0576
16:18:43, 7.50, 225, 354.18, 345.76, 353.96, 0.9893, -0.1210, -0.0569, -0.0585
16:18:43, 7.50, 225, 354.10, 345.73, 353.84, 0.9892, -0.1211, -0.0576, -0.0596
16:18:43, 7.53, 226, 354.05, 345.71, 353.77, 0.9891, -0.1212, -0.0582, -0.0603
16:18:43, 7.53, 226, 354.01, 345.69, 353.71, 0.9890, -0.1214, -0.0586, -0.0608
16:18:43, 7.53, 226, 353.99, 345.67, 353.65, 0.9889, -0.1214, -0.0588, -0.0614
16:18:43, 7.57, 227, 353.97, 345.63, 353.59, 0.9889, -0.1218, -0.0591, -0.0619
16:18:43, 7.57, 227, 353.92, 345.66, 353.56, 0.9888, -0.1215, -0.0596, -0.0623
16:18:43, 7.60, 228, 353.88, 345.65, 353.52, 0.9888, -0.1216, -0.0599, -0.0627
16:18:43, 7.60, 228, 353.83, 345.64, 353.47, 0.9887, -0.1215, -0.0604, -0.0631
16:18:43, 7.60, 228, 353.76, 345.63, 353.43, 0.9887, -0.1216, -0.0611, -0.0636
16:18:43, 7.63, 229, 353.69, 345.62, 353.37, 0.9886, -0.1216, -0.0617, -0.0641
16:18:43, 7.63, 229, 353.63, 345.66, 353.32, 0.9886, -0.1212, -0.0623, -0.0646
16:18:43, 7.67, 230, 353.59, 345.68, 353.25, 0.9885, -0.1210, -0.0627, -0.0653
16:18:43, 7.67, 230, 353.51, 345.69, 353.23, 0.9885, -0.1209, -0.0634, -0.0655
16:18:44, 7.70, 231, 353.47, 345.66, 353.23, 0.9884, -0.1211, -0.0637, -0.0655
16:18:44, 7.70, 231, 353.40, 345.63, 353.23, 0.9883, -0.1213, -0.0644, -0.0657
16:18:44, 7.70, 231, 353.32, 345.64, 353.24, 0.9883, -0.1212, -0.0651, -0.0656
16:18:44, 7.73, 232, 353.25, 345.62, 353.26, 0.9883, -0.1213, -0.0656, -0.0656
16:18:44, 7.73, 232, 353.20, 345.57, 353.29, 0.9882, -0.1217, -0.0660, -0.0654
16:18:44, 7.77, 233, 353.16, 345.50, 353.30, 0.9881, -0.1223, -0.0664, -0.0654
16:18:44, 7.77, 233, 353.10, 345.44, 353.32, 0.9880, -0.1228, -0.0670, -0.0653
16:18:44, 7.77, 233, 353.07, 345.37, 353.35, 0.9879, -0.1234, -0.0672, -0.0651
16:18:44, 7.80, 234, 352.99, 345.30, 353.37, 0.9878, -0.1240, -0.0679, -0.0650
16:18:44, 7.80, 234, 352.96, 345.18, 353.38, 0.9877, -0.1250, -0.0682, -0.0650
16:18:44, 7.83, 235, 352.93, 345.09, 353.35, 0.9875, -0.1258, -0.0686, -0.0654
16:18:44, 7.83, 235, 352.91, 345.00, 353.34, 0.9874, -0.1265, -0.0687, -0.0655
16:18:44, 7.87, 236, 352.92, 344.87, 353.31, 0.9872, -0.1276, -0.0688, -0.0659
16:18:44, 7.87, 236, 352.92, 344.72, 353.29, 0.9871, -0.1289, -0.0688, -0.0661
16:18:44, 7.87, 236, 352.95, 344.55, 353.27, 0.9869, -0.1304, -0.0687, -0.0663
16:18:44, 7.90, 237, 352.97, 344.41, 353.22, 0.9867, -0.1316, -0.0687, -0.0668
16:18:44, 7.90, 237, 353.01, 344.29, 353.17, 0.9865, -0.1326, -0.0684, -0.0673
16:18:44, 7.93, 238, 353.03, 344.16, 353.12, 0.9863, -0.1337, -0.0684, -0.0677
16:18:44, 7.93, 238, 353.03, 344.01, 353.06, 0.9861, -0.1349, -0.0685, -0.0682
16:18:44, 7.97, 239, 353.03, 343.85, 353.03, 0.9859, -0.1363, -0.0686, -0.0686
16:18:44, 7.97, 239, 353.03, 343.70, 352.95, 0.9857, -0.1375, -0.0687, -0.0693
16:18:44, 7.97, 239, 353.03, 343.51, 352.89, 0.9854, -0.1391, -0.0689, -0.0700
16:18:44, 8.00, 240, 353.02, 343.33, 352.82, 0.9851, -0.1406, -0.0692, -0.0707
16:18:44, 8.00, 240, 352.99, 343.09, 352.74, 0.9847, -0.1426, -0.0696, -0.0715
16:18:44, 8.03, 241, 352.96, 342.88, 352.63, 0.9844, -0.1444, -0.0701, -0.0725
16:18:44, 8.03, 241, 352.89, 342.67, 352.53, 0.9840, -0.1461, -0.0710, -0.0736
16:18:44, 8.03, 241, 352.85, 342.43, 352.42, 0.9836, -0.1480, -0.0715, -0.0747
16:18:44, 8.07, 242, 352.77, 342.20, 352.32, 0.9831, -0.1499, -0.0725, -0.0758
16:18:44, 8.07, 242, 352.68, 341.93, 352.19, 0.9826, -0.1521, -0.0736, -0.0771
16:18:44, 8.10, 243, 352.55, 341.66, 352.03, 0.9820, -0.1542, -0.0750, -0.0788
16:18:44, 8.10, 243, 352.38, 341.38, 351.93, 0.9815, -0.1564, -0.0768, -0.0800
16:18:44, 8.10, 243, 352.25, 341.11, 351.79, 0.9809, -0.1586, -0.0783, -0.0815
16:18:44, 8.13, 244, 352.08, 340.85, 351.62, 0.9802, -0.1606, -0.0801, -0.0834
16:18:44, 8.13, 244, 351.90, 340.58, 351.44, 0.9796, -0.1626, -0.0820, -0.0853
16:18:44, 8.17, 245, 351.73, 340.23, 351.28, 0.9788, -0.1653, -0.0838, -0.0870
16:18:44, 8.17, 245, 351.49, 339.99, 351.20, 0.9782, -0.1672, -0.0862, -0.0882
16:18:44, 8.20, 246, 351.20, 339.71, 351.09, 0.9774, -0.1692, -0.0889, -0.0897
16:18:44, 8.20, 246, 350.92, 339.32, 350.97, 0.9765, -0.1722, -0.0917, -0.0913
16:18:44, 8.20, 246, 350.59, 338.98, 350.86, 0.9756, -0.1748, -0.0948, -0.0930
16:18:44, 8.23, 247, 350.18, 338.66, 350.72, 0.9746, -0.1771, -0.0988, -0.0950
16:18:44, 8.23, 247, 349.74, 338.32, 350.68, 0.9736, -0.1795, -0.1028, -0.0963
16:18:44, 8.27, 248, 349.25, 337.95, 350.54, 0.9724, -0.1822, -0.1073, -0.0985
16:18:44, 8.27, 248, 348.70, 337.55, 350.52, 0.9712, -0.1851, -0.1123, -0.0998
16:18:44, 8.27, 248, 348.09, 337.09, 350.40, 0.9696, -0.1883, -0.1179, -0.1021
16:18:44, 8.30, 249, 347.47, 336.69, 350.27, 0.9681, -0.1910, -0.1236, -0.1046
16:18:44, 8.30, 249, 346.88, 336.31, 350.20, 0.9667, -0.1936, -0.1289, -0.1064
16:18:44, 8.33, 250, 346.36, 335.86, 350.07, 0.9652, -0.1968, -0.1336, -0.1088
16:18:44, 8.33, 250, 345.78, 335.35, 350.02, 0.9635, -0.2005, -0.1389, -0.1106
16:18:44, 8.37, 251, 345.23, 334.88, 349.93, 0.9618, -0.2038, -0.1439, -0.1128
16:18:44, 8.37, 251, 344.70, 334.40, 349.90, 0.9601, -0.2073, -0.1486, -0.1145
16:18:44, 8.37, 251, 344.22, 334.02, 349.88, 0.9587, -0.2100, -0.1529, -0.1159
16:18:44, 8.40, 252, 343.84, 333.69, 349.79, 0.9574, -0.2123, -0.1564, -0.1177
16:18:44, 8.40, 252, 343.48, 333.37, 349.77, 0.9562, -0.2146, -0.1596, -0.1188
16:18:44, 8.43, 253, 343.24, 333.07, 349.73, 0.9552, -0.2168, -0.1617, -0.1199
16:18:44, 8.43, 253, 342.92, 332.78, 349.83, 0.9543, -0.2190, -0.1644, -0.1200
16:18:44, 8.43, 253, 342.78, 332.50, 349.84, 0.9535, -0.2212, -0.1657, -0.1205
16:18:44, 8.47, 254, 342.67, 332.25, 349.86, 0.9528, -0.2232, -0.1666, -0.1208
16:18:44, 8.47, 254, 342.62, 331.99, 349.89, 0.9522, -0.2254, -0.1671, -0.1209
16:18:44, 8.50, 255, 342.62, 331.76, 349.90, 0.9517, -0.2273, -0.1672, -0.1211
16:18:44, 8.50, 255, 342.64, 331.59, 349.96, 0.9514, -0.2289, -0.1669, -0.1208
16:18:44, 8.53, 256, 342.77, 331.51, 349.93, 0.9514, -0.2296, -0.1660, -0.1208
16:18:44, 8.53, 256, 342.87, 331.31, 349.93, 0.9511, -0.2314, -0.1652, -0.1209
16:18:44, 8.53, 256, 342.98, 331.10, 349.94, 0.9508, -0.2332, -0.1644, -0.1207
16:18:44, 8.57, 257, 343.10, 330.96, 349.89, 0.9506, -0.2345, -0.1636, -0.1211
16:18:44, 8.57, 257, 343.27, 330.91, 349.81, 0.9506, -0.2350, -0.1623, -0.1215
16:18:44, 8.60, 258, 343.42, 330.86, 349.76, 0.9507, -0.2355, -0.1612, -0.1216
16:18:44, 8.60, 258, 343.60, 330.74, 349.70, 0.9506, -0.2366, -0.1599, -0.1218
16:18:44, 8.60, 258, 343.79, 330.63, 349.61, 0.9505, -0.2376, -0.1585, -0.1223
16:18:44, 8.63, 259, 344.06, 330.59, 349.46, 0.9506, -0.2380, -0.1566, -0.1230
16:18:44, 8.63, 259, 344.36, 330.61, 349.32, 0.9509, -0.2379, -0.1545, -0.1235
16:18:44, 8.67, 260, 344.67, 330.71, 349.19, 0.9514, -0.2373, -0.1521, -0.1239
16:18:44, 8.67, 260, 345.04, 330.70, 349.07, 0.9518, -0.2376, -0.1493, -0.1242
16:18:45, 8.70, 261, 345.37, 330.64, 348.98, 0.9520, -0.2383, -0.1467, -0.1243
16:18:45, 8.70, 261, 345.67, 330.56, 348.84, 0.9520, -0.2392, -0.1446, -0.1248
16:18:45, 8.70, 261, 346.01, 330.54, 348.72, 0.9522, -0.2395, -0.1420, -0.1252
16:18:45, 8.73, 262, 346.36, 330.50, 348.60, 0.9525, -0.2401, -0.1394, -0.1254
16:18:45, 8.73, 262, 346.72, 330.46, 348.47, 0.9527, -0.2407, -0.1367, -0.1258
16:18:45, 8.77, 263, 347.15, 330.50, 348.38, 0.9531, -0.2408, -0.1333, -0.1256
16:18:45, 8.77, 263, 347.69, 330.49, 348.27, 0.9536, -0.2413, -0.1290, -0.1254
16:18:45, 8.77, 263, 348.34, 330.54, 348.11, 0.9543, -0.2414, -0.1239, -0.1253
16:18:45, 8.80, 264, 349.18, 330.70, 348.01, 0.9554, -0.2408, -0.1170, -0.1243
16:18:45, 8.80, 264, 350.26, 331.06, 347.83, 0.9571, -0.2389, -0.1082, -0.1234
16:18:45, 8.83, 265, 351.65, 331.50, 347.66, 0.9591, -0.2364, -0.0966, -0.1217
16:18:45, 8.83, 265, 353.30, 331.91, 347.59, 0.9613, -0.2347, -0.0825, -0.1188
16:18:45, 8.87, 266, 354.98, 332.33, 347.53, 0.9632, -0.2329, -0.0682, -0.1158
16:18:45, 8.87, 266, 356.83, 332.59, 347.36, 0.9645, -0.2324, -0.0528, -0.1134
16:18:45, 8.87, 266, 358.65, 333.02, 347.23, 0.9660, -0.2305, -0.0374, -0.1109
16:18:45, 8.90, 267, 0.50, 333.35, 347.17, 0.9671, -0.2295, -0.0215, -0.1077
16:18:45, 8.90, 267, 2.24, 333.88, 347.11, 0.9683, -0.2266, -0.0064, -0.1049
16:18:45, 8.93, 268, 3.82, 334.43, 347.19, 0.9694, -0.2234, 0.0076, -0.1014
16:18:45, 8.93, 268, 5.28, 335.11, 347.31, 0.9706, -0.2189, 0.0209, -0.0980
16:18:45, 8.97, 269, 6.62, 335.74, 347.41, 0.9715, -0.2147, 0.0331, -0.0949
16:18:45, 8.97, 269, 7.89, 336.36, 347.42, 0.9721, -0.2105, 0.0445, -0.0930
16:18:45, 8.97, 269, 9.07, 336.95, 347.35, 0.9726, -0.2065, 0.0551, -0.0919
16:18:45, 9.00, 270, 10.13, 337.56, 347.30, 0.9730, -0.2022, 0.0647, -0.0910
16:18:45, 9.00, 270, 11.12, 338.21, 347.19, 0.9733, -0.1976, 0.0736, -0.0908
16:18:45, 9.03, 271, 11.99, 339.00, 347.07, 0.9738, -0.1916, 0.0816, -0.0912
16:18:45, 9.03, 271, 12.75, 339.86, 346.95, 0.9744, -0.1850, 0.0889, -0.0919
16:18:45, 9.03, 271, 13.49, 340.70, 346.88, 0.9749, -0.1786, 0.0960, -0.0923
16:18:45, 9.07, 272, 14.17, 341.48, 346.82, 0.9752, -0.1726, 0.1026, -0.0927
16:18:45, 9.07, 272, 14.79, 342.07, 346.60, 0.9752, -0.1683, 0.1082, -0.0944
16:18:45, 9.10, 273, 15.47, 342.51, 346.38, 0.9749, -0.1654, 0.1142, -0.0958
16:18:45, 9.10, 273, 16.01, 343.01, 346.10, 0.9747, -0.1619, 0.1190, -0.0981
16:18:45, 9.13, 274, 16.44, 343.52, 345.86, 0.9746, -0.1582, 0.1230, -0.1002
16:18:45, 9.13, 274, 16.85, 344.03, 345.65, 0.9745, -0.1545, 0.1268, -0.1022
16:18:45, 9.13, 274, 17.14, 344.42, 345.46, 0.9744, -0.1516, 0.1295, -0.1039
16:18:45, 9.17, 275, 17.43, 344.71, 345.35, 0.9742, -0.1496, 0.1322, -0.1049
16:18:45, 9.17, 275, 17.63, 345.02, 345.17, 0.9741, -0.1473, 0.1340, -0.1066
16:18:45, 9.20, 276, 17.77, 345.24, 345.00, 0.9740, -0.1458, 0.1353, -0.1082
16:18:45, 9.20, 276, 17.87, 345.47, 344.77, 0.9739, -0.1442, 0.1362, -0.1104
16:18:45, 9.20, 276, 17.95, 345.66, 344.58, 0.9738, -0.1429, 0.1369, -0.1122
16:18:45, 9.23, 277, 17.96, 345.94, 344.40, 0.9738, -0.1408, 0.1371, -0.1141
16:18:45, 9.23, 277, 18.00, 346.09, 344.21, 0.9737, -0.1398, 0.1374, -0.1159
16:18:45, 9.27, 278, 18.05, 346.32, 344.06, 0.9737, -0.1381, 0.1379, -0.1175
16:18:45, 9.27, 278, 18.09, 346.48, 343.94, 0.9737, -0.1369, 0.1384, -0.1187
16:18:45, 9.30, 279, 18.11, 346.63, 343.84, 0.9737, -0.1358, 0.1386, -0.1197
16:18:45, 9.30, 279, 18.16, 346.78, 343.71, 0.9736, -0.1348, 0.1391, -0.1210
16:18:45, 9.30, 279, 18.21, 346.90, 343.56, 0.9735, -0.1339, 0.1395, -0.1224
16:18:45, 9.33, 280, 18.23, 347.03, 343.49, 0.9735, -0.1330, 0.1398, -0.1232
16:18:45, 9.33, 280, 18.28, 347.13, 343.38, 0.9734, -0.1323, 0.1402, -0.1242
16:18:45, 9.37, 281, 18.33, 347.20, 343.32, 0.9733, -0.1319, 0.1406, -0.1247
16:18:45, 9.37, 281, 18.44, 347.28, 343.27, 0.9732, -0.1313, 0.1416, -0.1251
16:18:45, 9.37, 281, 18.56, 347.40, 343.20, 0.9730, -0.1306, 0.1428, -0.1258
16:18:45, 9.40, 282, 18.66, 347.50, 343.14, 0.9729, -0.1299, 0.1437, -0.1264
16:18:45, 9.40, 282, 18.74, 347.55, 343.11, 0.9728, -0.1296, 0.1443, -0.1266
16:18:45, 9.43, 283, 18.79, 347.57, 343.10, 0.9727, -0.1295, 0.1448, -0.1266
16:18:45, 9.43, 283, 18.86, 347.60, 343.05, 0.9726, -0.1293, 0.1454, -0.1270
16:18:45, 9.43, 283, 18.94, 347.62, 343.02, 0.9725, -0.1293, 0.1461, -0.1272
16:18:45, 9.47, 284, 19.02, 347.67, 343.00, 0.9724, -0.1290, 0.1468, -0.1274
16:18:45, 9.47, 284, 19.07, 347.73, 342.97, 0.9723, -0.1286, 0.1473, -0.1277
16:18:45, 9.50, 285, 19.11, 347.77, 342.97, 0.9723, -0.1284, 0.1477, -0.1277
16:18:45, 9.50, 285, 19.11, 347.79, 342.96, 0.9723, -0.1281, 0.1477, -0.1278
16:18:45, 9.53, 286, 19.11, 347.78, 342.94, 0.9723, -0.1282, 0.1477, -0.1280
16:18:45, 9.53, 286, 19.12, 347.74, 342.91, 0.9722, -0.1287, 0.1476, -0.1282
16:18:45, 9.53, 286, 19.13, 347.71, 342.88, 0.9722, -0.1290, 0.1477, -0.1283
16:18:45, 9.57, 287, 19.11, 347.68, 342.87, 0.9722, -0.1292, 0.1474, -0.1284
16:18:45, 9.57, 287, 19.09, 347.65, 342.85, 0.9721, -0.1295, 0.1472, -0.1286
16:18:45, 9.60, 288, 19.05, 347.64, 342.83, 0.9722, -0.1296, 0.1468, -0.1287
16:18:45, 9.60, 288, 19.03, 347.60, 342.82, 0.9721, -0.1299, 0.1465, -0.1288
16:18:45, 9.60, 288, 18.98, 347.56, 342.80, 0.9722, -0.1302, 0.1460, -0.1289
16:18:45, 9.63, 289, 18.93, 347.53, 342.81, 0.9722, -0.1304, 0.1456, -0.1289
16:18:45, 9.63, 289, 18.90, 347.49, 342.82, 0.9722, -0.1306, 0.1453, -0.1288
16:18:45, 9.67, 290, 18.85, 347.42, 342.87, 0.9723, -0.1311, 0.1449, -0.1283
16:18:45, 9.67, 290, 18.85, 347.38, 342.89, 0.9723, -0.1314, 0.1448, -0.1281
16:18:46, 9.70, 291, 18.81, 347.36, 342.90, 0.9723, -0.1316, 0.1445, -0.1280
16:18:46, 9.70, 291, 18.79, 347.34, 342.92, 0.9724, -0.1317, 0.1443, -0.1279
16:18:46, 9.70, 291, 18.78, 347.35, 342.94, 0.9724, -0.1316, 0.1442, -0.1276
16:18:46, 9.73, 292, 18.78, 347.35, 342.94, 0.9724, -0.1315, 0.1443, -0.1276
16:18:46, 9.73, 292, 18.77, 347.36, 342.98, 0.9725, -0.1314, 0.1442, -0.1274
16:18:46, 9.77, 293, 18.80, 347.38, 343.01, 0.9725, -0.1313, 0.1445, -0.1271
16:18:46, 9.77, 293, 18.82, 347.40, 343.03, 0.9725, -0.1310, 0.1448, -0.1270
16:18:46, 9.80, 294, 18.83, 347.41, 343.05, 0.9725, -0.1310, 0.1449, -0.1268
16:18:46, 9.80, 294, 18.87, 347.43, 343.07, 0.9725, -0.1308, 0.1452, -0.1266
16:18:46, 9.80, 294, 18.91, 347.44, 343.07, 0.9725, -0.1308, 0.1456, -0.1266
16:18:46, 9.83, 295, 18.97, 347.45, 343.08, 0.9724, -0.1308, 0.1462, -0.1264
16:18:46, 9.83, 295, 19.02, 347.49, 343.10, 0.9724, -0.1304, 0.1466, -0.1263
16:18:46, 9.87, 296, 19.05, 347.55, 343.08, 0.9724, -0.1300, 0.1470, -0.1264
16:18:46, 9.87, 296, 19.10, 347.61, 343.09, 0.9724, -0.1295, 0.1475, -0.1264
16:18:46, 9.87, 296, 19.14, 347.63, 343.11, 0.9723, -0.1293, 0.1479, -0.1262
16:18:46, 9.90, 297, 19.16, 347.65, 343.10, 0.9723, -0.1293, 0.1481, -0.1264
16:18:46, 9.90, 297, 19.20, 347.66, 343.10, 0.9723, -0.1292, 0.1484, -0.1263
16:18:46, 9.93, 298, 19.22, 347.69, 343.12, 0.9723, -0.1289, 0.1487, -0.1262
16:18:46, 9.93, 298, 19.25, 347.73, 343.13, 0.9723, -0.1286, 0.1490, -0.1261
16:18:46, 9.97, 299, 19.26, 347.76, 343.13, 0.9723, -0.1283, 0.1491, -0.1262
16:18:46, 9.97, 299, 19.27, 347.76, 343.15, 0.9723, -0.1284, 0.1492, -0.1260
16:18:46, 9.97, 299, 19.28, 347.77, 343.16, 0.9723, -0.1282, 0.1493, -0.1259
