Timestamp, VideoTime, VideoFrame, HeadYaw, HeadPitch, HeadRoll, HeadQuatW, HeadQuatX, HeadQuatY, HeadQuatZ
17:12:56, 0.00, 0, 341.18, 356.01, 356.02, 0.9852, -0.0286, -0.1645, -0.0399
17:12:56, 0.03, 1, 341.17, 356.01, 356.02, 0.9851, -0.0286, -0.1646, -0.0399
17:12:56, 0.03, 1, 341.14, 356.00, 356.04, 0.9851, -0.0287, -0.1648, -0.0397
17:12:56, 0.03, 1, 341.13, 356.00, 356.04, 0.9851, -0.0287, -0.1649, -0.0398
17:12:56, 0.07, 2, 341.13, 355.98, 356.04, 0.9851, -0.0289, -0.1649, -0.0398
17:12:56, 0.07, 2, 341.13, 355.96, 356.05, 0.9851, -0.0291, -0.1650, -0.0398
17:12:56, 0.10, 3, 341.12, 355.97, 356.07, 0.9851, -0.0291, -0.1650, -0.0396
17:12:56, 0.10, 3, 341.14, 355.96, 356.07, 0.9851, -0.0292, -0.1649, -0.0396
17:12:56, 0.10, 3, 341.17, 355.95, 356.09, 0.9851, -0.0293, -0.1646, -0.0394
17:12:56, 0.13, 4, 341.24, 355.97, 356.08, 0.9852, -0.0291, -0.1640, -0.0395
17:12:56, 0.13, 4, 341.31, 356.01, 356.06, 0.9854, -0.0288, -0.1634, -0.0396
17:12:56, 0.17, 5, 341.27, 356.08, 356.01, 0.9853, -0.0281, -0.1637, -0.0399
17:12:56, 0.17, 5, 341.21, 356.09, 356.05, 0.9852, -0.0280, -0.1642, -0.0396
17:12:56, 0.20, 6, 341.19, 356.12, 356.07, 0.9852, -0.0278, -0.1644, -0.0394
17:12:56, 0.20, 6, 341.20, 356.14, 356.11, 0.9853, -0.0277, -0.1643, -0.0390
17:12:56, 0.20, 6, 341.19, 356.15, 356.08, 0.9852, -0.0275, -0.1643, -0.0392
17:12:56, 0.23, 7, 341.21, 356.16, 356.10, 0.9853, -0.0275, -0.1642, -0.0390
17:12:56, 0.23, 7, 341.24, 356.18, 356.10, 0.9853, -0.0273, -0.1639, -0.0390
17:12:57, 0.27, 8, 341.27, 356.19, 356.07, 0.9854, -0.0272, -0.1637, -0.0392
17:12:57, 0.27, 8, 341.28, 356.22, 356.06, 0.9854, -0.0269, -0.1636, -0.0393
17:12:57, 0.27, 8, 341.27, 356.21, 356.08, 0.9854, -0.0271, -0.1636, -0.0391
17:12:57, 0.30, 9, 341.28, 356.19, 356.07, 0.9854, -0.0272, -0.1636, -0.0392
17:12:57, 0.30, 9, 341.26, 356.19, 356.09, 0.9854, -0.0272, -0.1638, -0.0391
17:12:57, 0.33, 10, 341.24, 356.19, 356.10, 0.9853, -0.0272, -0.1640, -0.0389
17:12:57, 0.33, 10, 341.20, 356.19, 356.09, 0.9853, -0.0272, -0.1642, -0.0390
17:12:57, 0.37, 11, 341.16, 356.19, 356.06, 0.9852, -0.0271, -0.1646, -0.0393
17:12:57, 0.37, 11, 341.13, 356.17, 356.01, 0.9851, -0.0273, -0.1649, -0.0398
17:12:57, 0.37, 11, 341.12, 356.13, 355.99, 0.9851, -0.0276, -0.1650, -0.0400
17:12:57, 0.40, 12, 341.14, 356.09, 355.99, 0.9851, -0.0279, -0.1648, -0.0401
17:12:57, 0.40, 12, 341.15, 356.17, 355.98, 0.9852, -0.0272, -0.1647, -0.0400
17:12:57, 0.43, 13, 341.15, 356.23, 355.98, 0.9852, -0.0267, -0.1647, -0.0399
17:12:57, 0.43, 13, 341.15, 356.24, 355.99, 0.9852, -0.0266, -0.1647, -0.0398
17:12:57, 0.43, 13, 341.13, 356.23, 356.00, 0.9852, -0.0267, -0.1648, -0.0398
17:12:57, 0.47, 14, 341.15, 356.20, 356.00, 0.9852, -0.0270, -0.1647, -0.0398
17:12:57, 0.47, 14, 341.15, 356.17, 355.99, 0.9851, -0.0272, -0.1648, -0.0400
17:12:57, 0.50, 15, 341.14, 356.15, 356.00, 0.9851, -0.0274, -0.1648, -0.0399
17:12:57, 0.50, 15, 341.13, 356.15, 356.00, 0.9851, -0.0274, -0.1649, -0.0399
17:12:57, 0.53, 16, 341.13, 356.15, 356.00, 0.9851, -0.0274, -0.1649, -0.0399
17:12:57, 0.53, 16, 341.11, 356.14, 355.99, 0.9851, -0.0274, -0.1651, -0.0400
17:12:57, 0.53, 16, 341.09, 356.12, 355.97, 0.9850, -0.0276, -0.1653, -0.0402
17:12:57, 0.57, 17, 341.03, 356.13, 355.97, 0.9850, -0.0275, -0.1657, -0.0402
17:12:57, 0.57, 17, 341.03, 356.13, 355.97, 0.9850, -0.0275, -0.1658, -0.0402
17:12:57, 0.60, 18, 341.03, 356.13, 355.97, 0.9850, -0.0275, -0.1658, -0.0402
17:12:57, 0.60, 18, 341.00, 356.12, 355.99, 0.9849, -0.0276, -0.1660, -0.0400
17:12:57, 0.60, 18, 341.00, 356.11, 356.01, 0.9849, -0.0277, -0.1660, -0.0399
17:12:57, 0.63, 19, 340.97, 356.12, 356.03, 0.9849, -0.0276, -0.1662, -0.0397
17:12:57, 0.63, 19, 340.92, 356.15, 356.08, 0.9848, -0.0275, -0.1667, -0.0393
17:12:57, 0.67, 20, 340.87, 356.18, 356.10, 0.9848, -0.0272, -0.1671, -0.0391
17:12:57, 0.67, 20, 340.82, 356.18, 356.13, 0.9847, -0.0272, -0.1675, -0.0388
17:12:57, 0.70, 21, 340.71, 356.19, 356.17, 0.9846, -0.0272, -0.1685, -0.0385
17:12:57, 0.70, 21, 340.56, 356.19, 356.19, 0.9844, -0.0272, -0.1697, -0.0383
17:12:57, 0.70, 21, 340.45, 356.22, 356.18, 0.9842, -0.0268, -0.1707, -0.0384
17:12:57, 0.73, 22, 340.29, 356.26, 356.18, 0.9840, -0.0265, -0.1720, -0.0384
17:12:57, 0.73, 22, 340.17, 356.31, 356.17, 0.9838, -0.0260, -0.1731, -0.0384
17:12:57, 0.77, 23, 340.01, 356.34, 356.20, 0.9836, -0.0257, -0.1744, -0.0382
17:12:57, 0.77, 23, 339.83, 356.36, 356.23, 0.9833, -0.0255, -0.1759, -0.0379
17:12:57, 0.77, 23, 339.64, 356.37, 356.27, 0.9831, -0.0254, -0.1776, -0.0376
17:12:57, 0.80, 24, 339.44, 356.35, 356.30, 0.9828, -0.0256, -0.1792, -0.0374
17:12:57, 0.80, 24, 339.26, 356.35, 356.34, 0.9825, -0.0256, -0.1808, -0.0372
17:12:57, 0.83, 25, 339.07, 356.33, 356.38, 0.9822, -0.0258, -0.1825, -0.0369
17:12:57, 0.83, 25, 338.87, 356.36, 356.41, 0.9819, -0.0255, -0.1841, -0.0366
17:12:57, 0.87, 26, 338.70, 356.33, 356.40, 0.9816, -0.0257, -0.1856, -0.0368
17:12:57, 0.87, 26, 338.53, 356.29, 356.41, 0.9813, -0.0259, -0.1871, -0.0368
17:12:57, 0.87, 26, 338.38, 356.25, 356.42, 0.9811, -0.0262, -0.1884, -0.0368
17:12:57, 0.90, 27, 338.20, 356.24, 356.43, 0.9808, -0.0263, -0.1899, -0.0368
17:12:57, 0.90, 27, 337.99, 356.26, 356.44, 0.9804, -0.0261, -0.1917, -0.0367
17:12:57, 0.93, 28, 337.76, 356.20, 356.47, 0.9800, -0.0265, -0.1937, -0.0366
17:12:57, 0.93, 28, 337.53, 356.14, 356.51, 0.9796, -0.0271, -0.1957, -0.0365
17:12:57, 0.93, 28, 337.30, 356.13, 356.55, 0.9792, -0.0272, -0.1976, -0.0361
17:12:57, 0.97, 29, 337.09, 356.07, 356.55, 0.9789, -0.0276, -0.1994, -0.0363
17:12:57, 0.97, 29, 336.85, 356.04, 356.56, 0.9784, -0.0278, -0.2015, -0.0363
17:12:57, 1.00, 30, 336.61, 356.01, 356.59, 0.9780, -0.0280, -0.2035, -0.0361
17:12:57, 1.00, 30, 336.33, 355.95, 356.62, 0.9775, -0.0285, -0.2059, -0.0361
17:12:57, 1.03, 31, 336.02, 355.90, 356.68, 0.9769, -0.0289, -0.2086, -0.0357
17:12:57, 1.03, 31, 335.65, 355.86, 356.77, 0.9763, -0.0294, -0.2117, -0.0352
17:12:57, 1.03, 31, 335.25, 355.76, 356.83, 0.9755, -0.0302, -0.2151, -0.0349
17:12:57, 1.07, 32, 334.82, 355.67, 356.84, 0.9747, -0.0309, -0.2188, -0.0351
17:12:57, 1.07, 32, 334.29, 355.54, 356.83, 0.9736, -0.0318, -0.2233, -0.0356
17:12:57, 1.10, 33, 333.74, 355.44, 356.91, 0.9725, -0.0326, -0.2280, -0.0353
17:12:57, 1.10, 33, 333.07, 355.40, 356.95, 0.9711, -0.0328, -0.2336, -0.0352
17:12:57, 1.10, 33, 332.25, 355.40, 357.06, 0.9695, -0.0328, -0.2405, -0.0345
17:12:57, 1.13, 34, 331.28, 355.40, 357.10, 0.9674, -0.0326, -0.2487, -0.0344
17:12:57, 1.13, 34, 330.36, 355.42, 357.14, 0.9654, -0.0322, -0.2565, -0.0343
17:12:57, 1.17, 35, 329.37, 355.56, 357.15, 0.9632, -0.0308, -0.2648, -0.0342
17:12:57, 1.17, 35, 328.36, 355.58, 357.15, 0.9608, -0.0303, -0.2733, -0.0345
17:12:57, 1.20, 36, 327.38, 355.69, 357.17, 0.9585, -0.0291, -0.2814, -0.0342
17:12:57, 1.20, 36, 326.32, 355.74, 357.14, 0.9559, -0.0284, -0.2903, -0.0346
17:12:57, 1.20, 36, 325.24, 355.74, 357.16, 0.9531, -0.0281, -0.2993, -0.0347
17:12:57, 1.23, 37, 324.09, 355.73, 357.37, 0.9501, -0.0283, -0.3088, -0.0333
17:12:57, 1.23, 37, 322.82, 355.70, 357.53, 0.9467, -0.0287, -0.3193, -0.0324
17:12:58, 1.27, 38, 321.48, 355.69, 357.62, 0.9429, -0.0287, -0.3303, -0.0320
17:12:58, 1.27, 38, 320.15, 355.66, 357.56, 0.9390, -0.0283, -0.3412, -0.0329
17:12:58, 1.27, 38, 318.79, 355.60, 357.46, 0.9348, -0.0281, -0.3523, -0.0342
17:12:58, 1.30, 39, 317.54, 355.54, 357.26, 0.9308, -0.0276, -0.3626, -0.0364
17:12:58, 1.30, 39, 316.28, 355.51, 357.15, 0.9267, -0.0271, -0.3729, -0.0377
17:12:58, 1.33, 40, 314.98, 355.51, 357.03, 0.9224, -0.0263, -0.3834, -0.0389
17:12:58, 1.33, 40, 313.71, 355.51, 356.85, 0.9180, -0.0252, -0.3936, -0.0407
17:12:58, 1.37, 41, 312.39, 355.46, 356.68, 0.9134, -0.0246, -0.4042, -0.0425
17:12:58, 1.37, 41, 311.09, 355.52, 356.56, 0.9087, -0.0231, -0.4145, -0.0435
17:12:58, 1.37, 41, 309.80, 355.54, 356.37, 0.9039, -0.0218, -0.4248, -0.0451
17:12:58, 1.40, 42, 308.50, 355.56, 356.38, 0.8991, -0.0211, -0.4350, -0.0453
17:12:58, 1.40, 42, 307.05, 355.55, 356.40, 0.8935, -0.0207, -0.4463, -0.0454
17:12:58, 1.43, 43, 305.44, 355.50, 356.49, 0.8871, -0.0208, -0.4589, -0.0452
17:12:58, 1.43, 43, 303.74, 355.44, 356.44, 0.8802, -0.0205, -0.4719, -0.0461
17:12:58, 1.43, 43, 302.14, 355.36, 356.30, 0.8734, -0.0198, -0.4842, -0.0478
17:12:58, 1.47, 44, 300.66, 355.24, 356.14, 0.8670, -0.0194, -0.4955, -0.0498
17:12:58, 1.47, 44, 299.21, 355.26, 356.09, 0.8606, -0.0184, -0.5065, -0.0503
17:12:58, 1.50, 45, 297.83, 355.19, 356.04, 0.8544, -0.0181, -0.5168, -0.0512
17:12:58, 1.50, 45, 296.43, 355.07, 356.05, 0.8480, -0.0184, -0.5272, -0.0519
17:12:58, 1.53, 46, 294.98, 355.04, 356.04, 0.8412, -0.0179, -0.5379, -0.0523
17:12:58, 1.53, 46, 293.52, 355.06, 356.00, 0.8343, -0.0170, -0.5486, -0.0528
17:12:58, 1.53, 46, 292.07, 355.06, 355.95, 0.8272, -0.0160, -0.5591, -0.0533
17:12:58, 1.57, 47, 290.64, 355.02, 356.04, 0.8202, -0.0161, -0.5694, -0.0530
17:12:58, 1.57, 47, 289.18, 354.95, 356.17, 0.8129, -0.0166, -0.5797, -0.0527
17:12:58, 1.60, 48, 287.64, 354.88, 356.33, 0.8051, -0.0171, -0.5906, -0.0521
17:12:58, 1.60, 48, 286.07, 354.80, 356.39, 0.7969, -0.0173, -0.6016, -0.0524
17:12:58, 1.60, 48, 284.50, 354.65, 356.50, 0.7886, -0.0182, -0.6124, -0.0526
17:12:58, 1.63, 49, 283.01, 354.57, 356.60, 0.7806, -0.0186, -0.6226, -0.0527
17:12:58, 1.63, 49, 281.48, 354.40, 356.74, 0.7722, -0.0198, -0.6329, -0.0529
17:12:58, 1.67, 50, 279.97, 354.30, 356.85, 0.7638, -0.0204, -0.6430, -0.0529
17:12:58, 1.67, 50, 278.35, 354.24, 356.98, 0.7546, -0.0208, -0.6537, -0.0527
17:12:58, 1.70, 51, 276.73, 354.08, 357.06, 0.7453, -0.0216, -0.6642, -0.0534
17:12:58, 1.70, 51, 275.22, 353.89, 357.09, 0.7364, -0.0223, -0.6740, -0.0546
17:12:58, 1.70, 51, 273.79, 353.83, 357.07, 0.7279, -0.0218, -0.6831, -0.0554
17:12:58, 1.73, 52, 272.54, 353.70, 357.05, 0.7203, -0.0220, -0.6910, -0.0566
17:12:58, 1.73, 52, 271.38, 353.61, 357.06, 0.7132, -0.0220, -0.6983, -0.0573
17:12:58, 1.77, 53, 270.24, 353.47, 357.06, 0.7062, -0.0223, -0.7053, -0.0583
17:12:58, 1.77, 53, 269.20, 353.41, 357.10, 0.6997, -0.0223, -0.7116, -0.0587
17:12:58, 1.77, 53, 268.18, 353.30, 357.15, 0.6933, -0.0228, -0.7178, -0.0592
17:12:58, 1.80, 54, 267.23, 353.20, 357.22, 0.6873, -0.0234, -0.7235, -0.0597
17:12:58, 1.80, 54, 266.25, 353.09, 357.28, 0.6811, -0.0239, -0.7293, -0.0602
17:12:58, 1.83, 55, 265.34, 353.01, 357.37, 0.6753, -0.0245, -0.7346, -0.0603
17:12:58, 1.83, 55, 264.43, 352.83, 357.45, 0.6694, -0.0255, -0.7399, -0.0612
17:12:58, 1.87, 56, 263.61, 352.72, 357.58, 0.6641, -0.0266, -0.7446, -0.0614
17:12:58, 1.87, 56, 262.77, 352.57, 357.67, 0.6586, -0.0276, -0.7494, -0.0620
17:12:58, 1.87, 56, 262.02, 352.44, 357.77, 0.6536, -0.0286, -0.7537, -0.0625
17:12:58, 1.90, 57, 261.26, 352.30, 357.82, 0.6486, -0.0293, -0.7579, -0.0633
17:12:58, 1.90, 57, 260.55, 352.22, 357.85, 0.6439, -0.0296, -0.7619, -0.0638
17:12:58, 1.93, 58, 259.96, 352.08, 357.87, 0.6399, -0.0302, -0.7651, -0.0648
17:12:58, 1.93, 58, 259.33, 351.98, 357.87, 0.6356, -0.0303, -0.7686, -0.0656
17:12:58, 1.93, 58, 258.76, 351.90, 357.88, 0.6318, -0.0305, -0.7717, -0.0663
17:12:58, 1.97, 59, 258.21, 351.80, 357.88, 0.6280, -0.0307, -0.7747, -0.0671
17:12:58, 1.97, 59, 257.69, 351.70, 357.90, 0.6244, -0.0311, -0.7775, -0.0678
17:12:58, 2.00, 60, 257.14, 351.61, 357.93, 0.6207, -0.0315, -0.7804, -0.0684
17:12:58, 2.00, 60, 256.62, 351.55, 357.92, 0.6171, -0.0315, -0.7832, -0.0690
17:12:58, 2.03, 61, 256.13, 351.46, 357.94, 0.6137, -0.0318, -0.7858, -0.0697
17:12:58, 2.03, 61, 255.65, 351.40, 357.95, 0.6104, -0.0319, -0.7884, -0.0701
17:12:58, 2.03, 61, 255.19, 351.41, 357.95, 0.6072, -0.0316, -0.7908, -0.0702
17:12:58, 2.07, 62, 254.77, 351.29, 358.02, 0.6043, -0.0324, -0.7929, -0.0708
17:12:58, 2.07, 62, 254.33, 351.27, 358.09, 0.6012, -0.0328, -0.7953, -0.0707
17:12:58, 2.10, 63, 253.86, 351.27, 358.10, 0.5980, -0.0325, -0.7977, -0.0708
17:12:58, 2.10, 63, 253.42, 351.24, 358.16, 0.5949, -0.0328, -0.8000, -0.0708
17:12:58, 2.10, 63, 252.98, 351.30, 358.23, 0.5920, -0.0327, -0.8022, -0.0702
17:12:58, 2.13, 64, 252.54, 351.25, 358.24, 0.5888, -0.0328, -0.8045, -0.0706
17:12:58, 2.13, 64, 252.10, 351.23, 358.28, 0.5858, -0.0329, -0.8067, -0.0706
17:12:58, 2.17, 65, 251.64, 351.24, 358.33, 0.5826, -0.0329, -0.8090, -0.0704
17:12:58, 2.17, 65, 251.22, 351.23, 358.33, 0.5796, -0.0327, -0.8112, -0.0706
17:12:58, 2.20, 66, 250.75, 351.24, 358.31, 0.5763, -0.0323, -0.8135, -0.0708
17:12:58, 2.20, 66, 250.33, 351.20, 358.30, 0.5733, -0.0321, -0.8156, -0.0712
17:12:58, 2.20, 66, 249.91, 351.19, 358.24, 0.5702, -0.0314, -0.8177, -0.0717
17:12:58, 2.23, 67, 249.47, 351.19, 358.24, 0.5670, -0.0311, -0.8200, -0.0719
17:12:58, 2.23, 67, 249.10, 351.25, 358.30, 0.5645, -0.0310, -0.8218, -0.0712
17:12:59, 2.27, 68, 248.69, 351.27, 358.33, 0.5615, -0.0309, -0.8238, -0.0711
17:12:59, 2.27, 68, 248.29, 351.25, 358.33, 0.5587, -0.0307, -0.8257, -0.0713
17:12:59, 2.27, 68, 247.90, 351.18, 358.29, 0.5558, -0.0306, -0.8276, -0.0721
17:12:59, 2.30, 69, 247.47, 351.19, 358.29, 0.5527, -0.0303, -0.8297, -0.0722
17:12:59, 2.30, 69, 247.03, 351.22, 358.31, 0.5495, -0.0300, -0.8318, -0.0719
17:12:59, 2.33, 70, 246.66, 351.19, 358.29, 0.5468, -0.0297, -0.8336, -0.0723
17:12:59, 2.33, 70, 246.22, 351.17, 358.34, 0.5436, -0.0300, -0.8357, -0.0723
17:12:59, 2.37, 71, 245.76, 351.18, 358.33, 0.5403, -0.0295, -0.8378, -0.0724
17:12:59, 2.37, 71, 245.30, 351.17, 358.34, 0.5369, -0.0293, -0.8400, -0.0726
17:12:59, 2.37, 71, 244.88, 351.16, 358.33, 0.5338, -0.0291, -0.8420, -0.0728
17:12:59, 2.40, 72, 244.40, 351.11, 358.30, 0.5303, -0.0288, -0.8442, -0.0734
17:12:59, 2.40, 72, 243.98, 351.14, 358.25, 0.5271, -0.0280, -0.8462, -0.0735
17:12:59, 2.43, 73, 243.50, 351.15, 358.26, 0.5236, -0.0277, -0.8483, -0.0736
17:12:59, 2.43, 73, 243.02, 351.20, 358.28, 0.5200, -0.0273, -0.8506, -0.0732
17:12:59, 2.43, 73, 242.49, 351.19, 358.33, 0.5162, -0.0274, -0.8529, -0.0732
17:12:59, 2.47, 74, 241.94, 351.19, 358.46, 0.5121, -0.0280, -0.8554, -0.0728
17:12:59, 2.47, 74, 241.34, 351.23, 358.52, 0.5077, -0.0279, -0.8580, -0.0723
17:12:59, 2.50, 75, 240.61, 351.30, 358.54, 0.5023, -0.0273, -0.8613, -0.0719
17:12:59, 2.50, 75, 239.80, 351.45, 358.61, 0.4963, -0.0266, -0.8649, -0.0706
17:12:59, 2.53, 76, 238.96, 351.60, 358.68, 0.4900, -0.0261, -0.8685, -0.0694
17:12:59, 2.53, 76, 238.11, 351.67, 358.65, 0.4836, -0.0250, -0.8722, -0.0692
17:12:59, 2.53, 76, 237.17, 351.85, 358.67, 0.4765, -0.0239, -0.8762, -0.0679
17:12:59, 2.57, 77, 236.24, 351.98, 358.78, 0.4695, -0.0236, -0.8801, -0.0667
17:12:59, 2.57, 77, 235.20, 352.10, 358.85, 0.4615, -0.0230, -0.8844, -0.0656
17:12:59, 2.60, 78, 234.19, 352.19, 358.82, 0.4538, -0.0219, -0.8885, -0.0653
17:12:59, 2.60, 78, 233.13, 352.27, 358.74, 0.4455, -0.0204, -0.8927, -0.0652
17:12:59, 2.60, 78, 232.11, 352.29, 358.61, 0.4375, -0.0186, -0.8966, -0.0657
17:12:59, 2.63, 79, 231.01, 352.35, 358.56, 0.4288, -0.0174, -0.9008, -0.0657
17:12:59, 2.63, 79, 229.87, 352.46, 358.57, 0.4199, -0.0164, -0.9051, -0.0649
17:12:59, 2.67, 80, 228.72, 352.56, 358.61, 0.4109, -0.0158, -0.9093, -0.0641
17:12:59, 2.67, 80, 227.54, 352.71, 358.68, 0.4015, -0.0151, -0.9136, -0.0628
17:12:59, 2.70, 81, 226.38, 352.83, 358.72, 0.3923, -0.0144, -0.9176, -0.0618
17:12:59, 2.70, 81, 225.23, 352.97, 358.85, 0.3832, -0.0143, -0.9216, -0.0605
17:12:59, 2.70, 81, 224.07, 353.07, 358.98, 0.3739, -0.0144, -0.9254, -0.0594
17:12:59, 2.73, 82, 222.88, 353.17, 359.16, 0.3644, -0.0150, -0.9293, -0.0581
17:12:59, 2.73, 82, 221.73, 353.29, 359.34, 0.3553, -0.0155, -0.9329, -0.0567
17:12:59, 2.77, 83, 220.60, 353.35, 359.46, 0.3461, -0.0157, -0.9364, -0.0561
17:12:59, 2.77, 83, 219.54, 353.39, 359.65, 0.3375, -0.0167, -0.9396, -0.0553
17:12:59, 2.77, 83, 218.44, 353.41, 359.82, 0.3286, -0.0174, -0.9427, -0.0548
17:12:59, 2.80, 84, 217.35, 353.38, 359.97, 0.3197, -0.0183, -0.9458, -0.0547
17:12:59, 2.80, 84, 216.30, 353.37, 0.21, 0.3110, -0.0198, -0.9486, -0.0544
17:12:59, 2.83, 85, 215.26, 353.30, 0.37, 0.3025, -0.0208, -0.9513, -0.0547
17:12:59, 2.83, 85, 214.23, 353.29, 0.60, 0.2941, -0.0222, -0.9540, -0.0544
17:12:59, 2.87, 86, 213.20, 353.21, 0.75, 0.2856, -0.0232, -0.9565, -0.0549
17:12:59, 2.87, 86, 212.25, 353.15, 0.99, 0.2778, -0.0249, -0.9588, -0.0550
17:12:59, 2.87, 86, 211.29, 353.05, 1.21, 0.2698, -0.0265, -0.9609, -0.0556
17:12:59, 2.90, 87, 210.32, 352.90, 1.42, 0.2618, -0.0281, -0.9631, -0.0565
17:12:59, 2.93, 88, 207.86, 352.50, 1.86, 0.2412, -0.0315, -0.9681, -0.0596
17:12:59, 2.93, 88, 207.11, 352.39, 2.07, 0.2350, -0.0331, -0.9696, -0.0603
17:12:59, 2.97, 89, 206.40, 352.28, 2.22, 0.2291, -0.0342, -0.9709, -0.0611
17:12:59, 2.97, 89, 205.73, 352.18, 2.42, 0.2235, -0.0357, -0.9721, -0.0618
17:12:59, 3.00, 90, 205.01, 352.14, 2.63, 0.2175, -0.0372, -0.9734, -0.0619
17:12:59, 3.00, 90, 204.34, 352.06, 2.80, 0.2119, -0.0384, -0.9745, -0.0625
17:12:59, 3.03, 91, 203.67, 351.98, 2.95, 0.2063, -0.0395, -0.9757, -0.0632
17:12:59, 3.03, 91, 202.98, 351.83, 3.20, 0.2006, -0.0415, -0.9767, -0.0643
17:12:59, 3.03, 91, 202.27, 351.74, 3.48, 0.1947, -0.0436, -0.9777, -0.0648
17:12:59, 3.07, 92, 201.50, 351.71, 3.72, 0.1882, -0.0453, -0.9789, -0.0649
17:12:59, 3.07, 92, 200.76, 351.58, 3.89, 0.1820, -0.0465, -0.9800, -0.0661
17:12:59, 3.10, 93, 200.05, 351.49, 4.02, 0.1760, -0.0473, -0.9810, -0.0670
17:12:59, 3.10, 93, 199.42, 351.34, 4.13, 0.1708, -0.0481, -0.9818, -0.0683
17:12:59, 3.10, 93, 198.76, 351.26, 4.21, 0.1652, -0.0486, -0.9826, -0.0691
17:12:59, 3.13, 94, 198.09, 351.19, 4.32, 0.1595, -0.0492, -0.9835, -0.0699
17:12:59, 3.13, 94, 197.50, 351.20, 4.39, 0.1545, -0.0494, -0.9843, -0.0699
17:12:59, 3.17, 95, 196.91, 351.19, 4.48, 0.1495, -0.0499, -0.9850, -0.0702
17:12:59, 3.17, 95, 196.32, 351.22, 4.56, 0.1444, -0.0501, -0.9858, -0.0701
17:12:59, 3.20, 96, 195.78, 351.28, 4.56, 0.1397, -0.0497, -0.9865, -0.0698
17:12:59, 3.20, 96, 195.27, 351.36, 4.59, 0.1354, -0.0496, -0.9871, -0.0693
17:12:59, 3.20, 96, 194.79, 351.45, 4.60, 0.1312, -0.0493, -0.9877, -0.0687
17:12:59, 3.23, 97, 194.37, 351.53, 4.63, 0.1276, -0.0492, -0.9883, -0.0682
17:12:59, 3.23, 97, 193.92, 351.61, 4.63, 0.1237, -0.0488, -0.9888, -0.0677
17:13:00, 3.27, 98, 193.48, 351.56, 4.62, 0.1199, -0.0486, -0.9892, -0.0683
17:13:00, 3.27, 98, 193.06, 351.63, 4.61, 0.1163, -0.0481, -0.9897, -0.0678
17:13:00, 3.27, 98, 192.66, 351.65, 4.65, 0.1128, -0.0483, -0.9901, -0.0678
17:13:00, 3.30, 99, 192.21, 351.70, 4.73, 0.1089, -0.0486, -0.9906, -0.0675
17:13:00, 3.30, 99, 191.75, 351.74, 4.74, 0.1050, -0.0484, -0.9910, -0.0673
17:13:00, 3.33, 100, 191.26, 351.81, 4.82, 0.1007, -0.0488, -0.9915, -0.0669
17:13:00, 3.33, 100, 190.79, 351.82, 4.85, 0.0967, -0.0487, -0.9919, -0.0670
17:13:00, 3.37, 101, 190.25, 351.83, 4.86, 0.0921, -0.0485, -0.9923, -0.0671
17:13:00, 3.37, 101, 189.84, 351.86, 4.84, 0.0884, -0.0481, -0.9927, -0.0670
17:13:00, 3.37, 101, 189.44, 351.81, 4.84, 0.0850, -0.0478, -0.9929, -0.0676
17:13:00, 3.40, 102, 188.98, 351.82, 4.85, 0.0810, -0.0476, -0.9933, -0.0678
17:13:00, 3.40, 102, 188.60, 351.86, 4.85, 0.0777, -0.0474, -0.9936, -0.0675
17:13:00, 3.43, 103, 188.27, 351.86, 4.87, 0.0748, -0.0474, -0.9938, -0.0677
17:13:00, 3.43, 103, 187.92, 351.83, 4.87, 0.0719, -0.0472, -0.9940, -0.0681
17:13:00, 3.43, 103, 187.66, 351.77, 4.86, 0.0696, -0.0470, -0.9941, -0.0687
17:13:00, 3.47, 104, 187.43, 351.65, 4.90, 0.0676, -0.0472, -0.9941, -0.0699
17:13:00, 3.47, 104, 187.20, 351.56, 5.00, 0.0658, -0.0481, -0.9942, -0.0706
17:13:00, 3.50, 105, 186.94, 351.52, 5.12, 0.0636, -0.0489, -0.9942, -0.0710
17:13:00, 3.50, 105, 186.69, 351.53, 5.27, 0.0615, -0.0500, -0.9943, -0.0710
17:13:00, 3.53, 106, 186.35, 351.51, 5.40, 0.0586, -0.0510, -0.9944, -0.0712
17:13:00, 3.53, 106, 186.08, 351.49, 5.43, 0.0563, -0.0511, -0.9945, -0.0715
17:13:00, 3.53, 106, 185.79, 351.47, 5.47, 0.0539, -0.0513, -0.9946, -0.0718
17:13:00, 3.57, 107, 185.52, 351.46, 5.50, 0.0515, -0.0514, -0.9947, -0.0720
17:13:00, 3.57, 107, 185.27, 351.38, 5.50, 0.0494, -0.0513, -0.9948, -0.0728
17:13:00, 3.60, 108, 185.01, 351.36, 5.52, 0.0471, -0.0513, -0.9949, -0.0731
17:13:00, 3.60, 108, 184.73, 351.32, 5.57, 0.0448, -0.0515, -0.9950, -0.0735
17:13:00, 3.60, 108, 184.54, 351.31, 5.59, 0.0431, -0.0516, -0.9950, -0.0737
17:13:00, 3.63, 109, 184.33, 351.28, 5.55, 0.0413, -0.0511, -0.9951, -0.0741
17:13:00, 3.63, 109, 184.19, 351.25, 5.51, 0.0401, -0.0507, -0.9951, -0.0744
17:13:00, 3.67, 110, 184.05, 351.19, 5.48, 0.0389, -0.0504, -0.9952, -0.0750
17:13:00, 3.67, 110, 183.92, 351.17, 5.47, 0.0377, -0.0502, -0.9952, -0.0752
17:13:00, 3.70, 111, 183.82, 351.15, 5.43, 0.0369, -0.0498, -0.9952, -0.0754
17:13:00, 3.70, 111, 183.73, 351.16, 5.42, 0.0360, -0.0496, -0.9953, -0.0754
17:13:00, 3.70, 111, 183.65, 351.14, 5.39, 0.0354, -0.0493, -0.9953, -0.0756
17:13:00, 3.73, 112, 183.57, 351.18, 5.39, 0.0346, -0.0492, -0.9953, -0.0753
17:13:00, 3.73, 112, 183.50, 351.20, 5.38, 0.0340, -0.0491, -0.9954, -0.0752
17:13:00, 3.77, 113, 183.44, 351.22, 5.38, 0.0335, -0.0491, -0.9954, -0.0750
17:13:00, 3.77, 113, 183.40, 351.23, 5.38, 0.0331, -0.0490, -0.9954, -0.0750
17:13:00, 3.77, 113, 183.36, 351.24, 5.35, 0.0328, -0.0487, -0.9955, -0.0749
17:13:00, 3.80, 114, 183.32, 351.25, 5.33, 0.0324, -0.0485, -0.9955, -0.0748
17:13:00, 3.80, 114, 183.27, 351.29, 5.32, 0.0319, -0.0484, -0.9955, -0.0745
17:13:00, 3.83, 115, 183.23, 351.26, 5.30, 0.0316, -0.0483, -0.9955, -0.0748
17:13:00, 3.83, 115, 183.22, 351.25, 5.29, 0.0315, -0.0481, -0.9955, -0.0748
17:13:00, 3.87, 116, 183.21, 351.25, 5.28, 0.0314, -0.0480, -0.9955, -0.0749
17:13:00, 3.87, 116, 183.20, 351.26, 5.27, 0.0313, -0.0479, -0.9956, -0.0748
17:13:00, 3.87, 116, 183.21, 351.26, 5.27, 0.0314, -0.0479, -0.9955, -0.0748
17:13:00, 3.90, 117, 183.22, 351.24, 5.27, 0.0315, -0.0480, -0.9955, -0.0749
17:13:00, 3.90, 117, 183.26, 351.23, 5.27, 0.0318, -0.0479, -0.9955, -0.0751
17:13:00, 3.93, 118, 183.35, 351.20, 5.25, 0.0326, -0.0479, -0.9955, -0.0752
17:13:00, 3.93, 118, 183.44, 351.19, 5.20, 0.0334, -0.0475, -0.9955, -0.0754
17:13:00, 3.93, 118, 183.52, 351.20, 5.20, 0.0341, -0.0476, -0.9954, -0.0752
17:13:00, 3.97, 119, 183.58, 351.18, 5.21, 0.0346, -0.0477, -0.9954, -0.0753
17:13:00, 3.97, 119, 183.62, 351.21, 5.24, 0.0350, -0.0479, -0.9954, -0.0751
17:13:00, 4.00, 120, 183.68, 351.19, 5.22, 0.0355, -0.0479, -0.9954, -0.0752
17:13:00, 4.00, 120, 183.74, 351.23, 5.24, 0.0360, -0.0480, -0.9954, -0.0749
17:13:00, 4.03, 121, 183.80, 351.23, 5.22, 0.0365, -0.0479, -0.9954, -0.0748
17:13:00, 4.03, 121, 183.86, 351.25, 5.20, 0.0370, -0.0478, -0.9954, -0.0746
17:13:00, 4.03, 121, 183.89, 351.26, 5.20, 0.0373, -0.0478, -0.9954, -0.0746
17:13:00, 4.07, 122, 183.92, 351.25, 5.23, 0.0375, -0.0480, -0.9953, -0.0746
17:13:00, 4.07, 122, 183.92, 351.26, 5.24, 0.0376, -0.0482, -0.9953, -0.0745
17:13:00, 4.10, 123, 183.95, 351.27, 5.24, 0.0378, -0.0482, -0.9953, -0.0744
17:13:00, 4.10, 123, 183.97, 351.28, 5.25, 0.0380, -0.0483, -0.9953, -0.0743
17:13:00, 4.10, 123, 183.96, 351.27, 5.25, 0.0379, -0.0483, -0.9953, -0.0744
17:13:00, 4.13, 124, 183.93, 351.27, 5.32, 0.0377, -0.0489, -0.9953, -0.0744
17:13:00, 4.13, 124, 183.87, 351.25, 5.39, 0.0373, -0.0495, -0.9953, -0.0746
17:13:00, 4.17, 125, 183.75, 351.25, 5.53, 0.0363, -0.0505, -0.9953, -0.0745
17:13:00, 4.17, 125, 183.60, 351.28, 5.63, 0.0350, -0.0514, -0.9953, -0.0743
17:13:00, 4.20, 126, 183.43, 351.37, 5.68, 0.0335, -0.0517, -0.9954, -0.0737
17:13:00, 4.20, 126, 183.26, 351.41, 5.71, 0.0320, -0.0518, -0.9954, -0.0734
17:13:00, 4.20, 126, 183.04, 351.45, 5.80, 0.0302, -0.0524, -0.9955, -0.0731
17:13:00, 4.23, 127, 182.78, 351.51, 5.93, 0.0280, -0.0533, -0.9955, -0.0726
17:13:00, 4.23, 127, 182.45, 351.56, 6.05, 0.0252, -0.0542, -0.9956, -0.0723
17:13:01, 4.27, 128, 182.13, 351.63, 6.16, 0.0224, -0.0549, -0.9956, -0.0719
17:13:01, 4.27, 128, 181.79, 351.66, 6.26, 0.0195, -0.0556, -0.9957, -0.0718
17:13:01, 4.27, 128, 181.42, 351.66, 6.48, 0.0165, -0.0573, -0.9956, -0.0719
17:13:01, 4.30, 129, 181.01, 351.71, 6.76, 0.0130, -0.0594, -0.9956, -0.0716
17:13:01, 4.30, 129, 180.49, 351.80, 7.09, 0.0087, -0.0620, -0.9955, -0.0711
17:13:01, 4.33, 130, 179.99, 351.86, 7.33, 0.0045, -0.0637, -0.9954, -0.0709
17:13:01, 4.33, 130, 179.42, 351.90, 7.57, -0.0004, -0.0655, -0.9953, -0.0708
17:13:01, 4.37, 131, 178.79, 351.92, 7.93, -0.0057, -0.0682, -0.9951, -0.0710
17:13:01, 4.37, 131, 178.08, 352.02, 8.33, -0.0116, -0.0713, -0.9949, -0.0706
17:13:01, 4.37, 131, 177.33, 352.19, 8.75, -0.0180, -0.0745, -0.9946, -0.0697
17:13:01, 4.40, 132, 176.55, 352.41, 9.17, -0.0247, -0.0777, -0.9943, -0.0683
17:13:01, 4.40, 132, 175.84, 352.58, 9.45, -0.0308, -0.0798, -0.9941, -0.0674
17:13:01, 4.43, 133, 175.23, 352.76, 9.72, -0.0360, -0.0819, -0.9938, -0.0664
17:13:01, 4.43, 133, 174.65, 352.93, 10.02, -0.0410, -0.0842, -0.9935, -0.0654
17:13:01, 4.43, 133, 174.11, 353.03, 10.31, -0.0456, -0.0865, -0.9931, -0.0650
17:13:01, 4.47, 134, 173.65, 353.10, 10.65, -0.0494, -0.0892, -0.9927, -0.0650
17:13:01, 4.47, 134, 173.23, 353.20, 10.98, -0.0530, -0.0918, -0.9923, -0.0646
17:13:01, 4.50, 135, 172.91, 353.29, 11.22, -0.0557, -0.0938, -0.9920, -0.0641
17:13:01, 4.50, 135, 172.57, 353.45, 11.48, -0.0587, -0.0960, -0.9916, -0.0632
17:13:01, 4.53, 136, 172.28, 353.60, 11.69, -0.0612, -0.0977, -0.9914, -0.0622
17:13:01, 4.53, 136, 172.03, 353.64, 11.91, -0.0633, -0.0995, -0.9911, -0.0623
17:13:01, 4.53, 136, 171.81, 353.79, 12.16, -0.0652, -0.1017, -0.9908, -0.0613
17:13:01, 4.57, 137, 171.70, 353.87, 12.31, -0.0661, -0.1029, -0.9906, -0.0608
17:13:01, 4.57, 137, 171.53, 353.93, 12.46, -0.0676, -0.1042, -0.9904, -0.0605
17:13:01, 4.60, 138, 171.47, 353.97, 12.52, -0.0681, -0.1047, -0.9903, -0.0603
17:13:01, 4.60, 138, 171.46, 354.00, 12.55, -0.0682, -0.1050, -0.9903, -0.0600
17:13:01, 4.60, 138, 171.53, 353.98, 12.59, -0.0676, -0.1054, -0.9903, -0.0601
17:13:01, 4.63, 139, 171.58, 353.99, 12.70, -0.0671, -0.1063, -0.9902, -0.0601
17:13:01, 4.63, 139, 171.65, 354.01, 12.80, -0.0665, -0.1072, -0.9902, -0.0599
17:13:01, 4.67, 140, 171.78, 354.02, 12.82, -0.0653, -0.1074, -0.9903, -0.0597
17:13:01, 4.67, 140, 171.91, 354.06, 12.84, -0.0642, -0.1077, -0.9903, -0.0592
17:13:01, 4.70, 141, 172.07, 354.08, 12.84, -0.0629, -0.1079, -0.9904, -0.0589
17:13:01, 4.70, 141, 172.24, 354.09, 12.85, -0.0614, -0.1081, -0.9905, -0.0587
17:13:01, 4.70, 141, 172.40, 354.10, 12.88, -0.0600, -0.1084, -0.9906, -0.0584
17:13:01, 4.73, 142, 172.52, 354.11, 12.88, -0.0590, -0.1084, -0.9906, -0.0583
17:13:01, 4.73, 142, 172.70, 354.12, 12.84, -0.0574, -0.1082, -0.9908, -0.0580
17:13:01, 4.77, 143, 172.90, 354.08, 12.77, -0.0557, -0.1076, -0.9909, -0.0581
17:13:01, 4.77, 143, 173.08, 354.03, 12.75, -0.0541, -0.1076, -0.9910, -0.0584
17:13:01, 4.77, 143, 173.26, 353.97, 12.72, -0.0525, -0.1074, -0.9911, -0.0587
17:13:01, 4.80, 144, 173.47, 353.95, 12.64, -0.0508, -0.1068, -0.9913, -0.0586
17:13:01, 4.80, 144, 173.68, 353.94, 12.57, -0.0489, -0.1063, -0.9914, -0.0585
17:13:01, 4.83, 145, 173.88, 353.91, 12.53, -0.0472, -0.1060, -0.9915, -0.0585
17:13:01, 4.83, 145, 174.14, 353.86, 12.45, -0.0450, -0.1055, -0.9917, -0.0587
17:13:01, 4.87, 146, 174.39, 353.78, 12.43, -0.0427, -0.1053, -0.9918, -0.0592
17:13:01, 4.87, 146, 174.65, 353.75, 12.39, -0.0405, -0.1051, -0.9919, -0.0592
17:13:01, 4.87, 146, 174.93, 353.70, 12.31, -0.0380, -0.1045, -0.9920, -0.0593
17:13:01, 4.90, 147, 175.21, 353.64, 12.25, -0.0356, -0.1042, -0.9921, -0.0595
17:13:01, 4.90, 147, 175.49, 353.56, 12.15, -0.0331, -0.1034, -0.9923, -0.0599
17:13:01, 4.93, 148, 175.79, 353.51, 12.12, -0.0305, -0.1032, -0.9924, -0.0601
17:13:01, 4.93, 148, 176.07, 353.49, 12.07, -0.0281, -0.1029, -0.9925, -0.0601
17:13:01, 4.93, 148, 176.32, 353.44, 11.96, -0.0259, -0.1022, -0.9926, -0.0602
17:13:01, 4.97, 149, 176.62, 353.35, 11.88, -0.0233, -0.1016, -0.9927, -0.0607
17:13:01, 4.97, 149, 176.91, 353.34, 11.83, -0.0208, -0.1013, -0.9928, -0.0605
17:13:01, 5.00, 150, 177.24, 353.28, 11.77, -0.0179, -0.1009, -0.9929, -0.0607
17:13:01, 5.00, 150, 177.57, 353.20, 11.72, -0.0150, -0.1007, -0.9929, -0.0611
17:13:01, 5.03, 151, 177.93, 353.13, 11.66, -0.0119, -0.1003, -0.9930, -0.0614
17:13:01, 5.03, 151, 178.27, 353.04, 11.65, -0.0088, -0.1004, -0.9930, -0.0619
17:13:01, 5.03, 151, 178.61, 352.99, 11.57, -0.0059, -0.0999, -0.9930, -0.0620
17:13:01, 5.07, 152, 178.97, 352.96, 11.51, -0.0028, -0.0995, -0.9931, -0.0620
17:13:01, 5.07, 152, 179.32, 352.89, 11.39, 0.0002, -0.0987, -0.9932, -0.0623
17:13:01, 5.10, 153, 179.70, 352.91, 11.32, 0.0035, -0.0982, -0.9932, -0.0618
17:13:01, 5.10, 153, 180.01, 352.84, 11.27, 0.0063, -0.0980, -0.9932, -0.0621
17:13:01, 5.10, 153, 180.36, 352.83, 11.27, 0.0093, -0.0982, -0.9932, -0.0619
17:13:01, 5.13, 154, 180.67, 352.76, 11.25, 0.0120, -0.0982, -0.9931, -0.0622
17:13:01, 5.13, 154, 180.99, 352.76, 11.20, 0.0148, -0.0979, -0.9932, -0.0620
17:13:01, 5.17, 155, 181.34, 352.76, 11.15, 0.0178, -0.0977, -0.9931, -0.0617
17:13:01, 5.17, 155, 181.68, 352.74, 11.08, 0.0207, -0.0973, -0.9931, -0.0616
17:13:01, 5.20, 156, 182.08, 352.71, 11.08, 0.0242, -0.0975, -0.9930, -0.0615
17:13:01, 5.20, 156, 182.44, 352.70, 11.06, 0.0273, -0.0975, -0.9930, -0.0613
17:13:01, 5.20, 156, 182.84, 352.66, 11.04, 0.0308, -0.0975, -0.9929, -0.0613
17:13:01, 5.23, 157, 183.25, 352.59, 11.02, 0.0344, -0.0976, -0.9927, -0.0616
17:13:01, 5.23, 157, 183.66, 352.60, 10.99, 0.0379, -0.0975, -0.9926, -0.0611
17:13:02, 5.27, 158, 184.12, 352.59, 10.91, 0.0419, -0.0971, -0.9925, -0.0609
17:13:02, 5.27, 158, 184.58, 352.60, 10.87, 0.0458, -0.0970, -0.9924, -0.0605
17:13:02, 5.27, 158, 185.01, 352.53, 10.86, 0.0496, -0.0972, -0.9922, -0.0606
17:13:02, 5.30, 159, 185.47, 352.51, 10.85, 0.0536, -0.0974, -0.9920, -0.0604
17:13:02, 5.30, 159, 185.93, 352.56, 10.81, 0.0575, -0.0972, -0.9918, -0.0597
17:13:02, 5.33, 160, 186.46, 352.55, 10.75, 0.0620, -0.0970, -0.9916, -0.0593
17:13:02, 5.33, 160, 186.95, 352.49, 10.73, 0.0663, -0.0971, -0.9913, -0.0594
17:13:02, 5.37, 161, 187.47, 352.41, 10.68, 0.0709, -0.0969, -0.9910, -0.0597
17:13:02, 5.37, 161, 187.94, 352.33, 10.62, 0.0750, -0.0967, -0.9907, -0.0600
17:13:02, 5.37, 161, 188.43, 352.29, 10.61, 0.0792, -0.0969, -0.9903, -0.0600
17:13:02, 5.40, 162, 188.96, 352.21, 10.56, 0.0839, -0.0968, -0.9899, -0.0603
17:13:02, 5.40, 162, 189.50, 352.19, 10.49, 0.0885, -0.0965, -0.9896, -0.0600
17:13:02, 5.43, 163, 190.06, 352.15, 10.48, 0.0933, -0.0968, -0.9891, -0.0599
17:13:02, 5.43, 163, 190.65, 352.03, 10.44, 0.0985, -0.0968, -0.9886, -0.0605
17:13:02, 5.43, 163, 191.24, 351.98, 10.41, 0.1036, -0.0969, -0.9880, -0.0604
17:13:02, 5.47, 164, 191.81, 351.89, 10.35, 0.1086, -0.0967, -0.9875, -0.0608
17:13:02, 5.47, 164, 192.44, 351.80, 10.25, 0.1140, -0.0963, -0.9869, -0.0611
17:13:02, 5.50, 165, 193.10, 351.75, 10.18, 0.1197, -0.0961, -0.9863, -0.0611
17:13:02, 5.50, 165, 193.80, 351.66, 10.07, 0.1257, -0.0956, -0.9856, -0.0614
17:13:02, 5.53, 166, 194.49, 351.50, 9.99, 0.1317, -0.0954, -0.9847, -0.0623
17:13:02, 5.53, 166, 195.10, 351.43, 9.84, 0.1369, -0.0945, -0.9841, -0.0625
17:13:02, 5.53, 166, 195.74, 351.41, 9.80, 0.1423, -0.0946, -0.9833, -0.0623
17:13:02, 5.57, 167, 196.39, 351.37, 9.67, 0.1479, -0.0939, -0.9826, -0.0623
17:13:02, 5.57, 167, 197.04, 351.30, 9.59, 0.1534, -0.0936, -0.9817, -0.0624
17:13:02, 5.60, 168, 197.65, 351.21, 9.50, 0.1587, -0.0933, -0.9809, -0.0628
17:13:02, 5.60, 168, 198.32, 351.19, 9.46, 0.1644, -0.0934, -0.9800, -0.0625
17:13:02, 5.60, 168, 198.95, 351.08, 9.31, 0.1698, -0.0926, -0.9791, -0.0631
17:13:02, 5.63, 169, 199.64, 351.01, 9.23, 0.1757, -0.0923, -0.9781, -0.0633
17:13:02, 5.63, 169, 200.34, 350.99, 9.13, 0.1816, -0.0920, -0.9770, -0.0631
17:13:02, 5.67, 170, 201.06, 350.92, 9.06, 0.1877, -0.0918, -0.9759, -0.0632
17:13:02, 5.67, 170, 201.76, 350.89, 8.94, 0.1937, -0.0912, -0.9748, -0.0631
17:13:02, 5.70, 171, 202.48, 350.79, 8.88, 0.1998, -0.0913, -0.9735, -0.0634
17:13:02, 5.70, 171, 203.17, 350.76, 8.80, 0.2056, -0.0911, -0.9723, -0.0633
17:13:02, 5.70, 171, 203.93, 350.69, 8.69, 0.2121, -0.0906, -0.9710, -0.0635
17:13:02, 5.73, 172, 204.63, 350.66, 8.68, 0.2180, -0.0910, -0.9696, -0.0632
17:13:02, 5.73, 172, 205.37, 350.63, 8.55, 0.2242, -0.0904, -0.9683, -0.0631
17:13:02, 5.77, 173, 206.07, 350.61, 8.43, 0.2301, -0.0898, -0.9670, -0.0630
17:13:02, 5.77, 173, 206.81, 350.59, 8.34, 0.2362, -0.0894, -0.9655, -0.0628
17:13:02, 5.77, 173, 207.56, 350.55, 8.28, 0.2426, -0.0895, -0.9640, -0.0627
17:13:02, 5.80, 174, 208.33, 350.50, 8.23, 0.2490, -0.0896, -0.9623, -0.0626
17:13:02, 5.80, 174, 209.01, 350.52, 8.18, 0.2546, -0.0894, -0.9609, -0.0620
17:13:02, 5.83, 175, 209.66, 350.46, 8.14, 0.2601, -0.0896, -0.9594, -0.0621
17:13:02, 5.83, 175, 210.35, 350.48, 8.09, 0.2659, -0.0895, -0.9579, -0.0615
17:13:02, 5.87, 176, 211.05, 350.40, 7.98, 0.2717, -0.0892, -0.9562, -0.0619
17:13:02, 5.87, 176, 211.78, 350.35, 7.92, 0.2777, -0.0892, -0.9545, -0.0618
17:13:02, 5.87, 176, 212.46, 350.39, 7.81, 0.2834, -0.0885, -0.9529, -0.0613
17:13:02, 5.90, 177, 213.17, 350.36, 7.65, 0.2892, -0.0877, -0.9513, -0.0614
17:13:02, 5.90, 177, 213.84, 350.31, 7.59, 0.2947, -0.0876, -0.9496, -0.0614
17:13:02, 5.93, 178, 214.58, 350.34, 7.56, 0.3008, -0.0877, -0.9477, -0.0607
17:13:02, 5.93, 178, 215.25, 350.35, 7.49, 0.3063, -0.0875, -0.9460, -0.0603
17:13:02, 5.93, 178, 215.94, 350.41, 7.41, 0.3120, -0.0870, -0.9442, -0.0595
17:13:02, 5.97, 179, 216.58, 350.38, 7.33, 0.3172, -0.0867, -0.9425, -0.0594
17:13:02, 5.97, 179, 217.30, 350.40, 7.25, 0.3230, -0.0864, -0.9406, -0.0590
17:13:02, 6.00, 180, 217.99, 350.40, 7.12, 0.3286, -0.0857, -0.9387, -0.0589
17:13:02, 6.00, 180, 218.69, 350.36, 6.97, 0.3343, -0.0849, -0.9368, -0.0591
17:13:02, 6.03, 181, 219.38, 350.30, 6.86, 0.3398, -0.0846, -0.9348, -0.0594
17:13:02, 6.03, 181, 219.97, 350.32, 6.77, 0.3447, -0.0841, -0.9331, -0.0590
17:13:02, 6.03, 181, 220.65, 350.32, 6.69, 0.3502, -0.0838, -0.9311, -0.0588
17:13:02, 6.07, 182, 221.26, 350.38, 6.62, 0.3550, -0.0833, -0.9293, -0.0580
17:13:02, 6.07, 182, 221.85, 350.32, 6.62, 0.3598, -0.0838, -0.9274, -0.0582
17:13:02, 6.10, 183, 222.41, 350.34, 6.57, 0.3643, -0.0836, -0.9257, -0.0577
17:13:02, 6.10, 183, 222.96, 350.32, 6.50, 0.3687, -0.0834, -0.9240, -0.0577
17:13:02, 6.10, 183, 223.53, 350.36, 6.44, 0.3733, -0.0831, -0.9222, -0.0572
17:13:02, 6.13, 184, 224.05, 350.33, 6.49, 0.3775, -0.0839, -0.9205, -0.0569
17:13:02, 6.13, 184, 224.62, 350.39, 6.43, 0.3820, -0.0835, -0.9187, -0.0562
17:13:02, 6.17, 185, 225.13, 350.40, 6.40, 0.3861, -0.0834, -0.9170, -0.0558
17:13:02, 6.17, 185, 225.67, 350.40, 6.38, 0.3904, -0.0835, -0.9152, -0.0555
17:13:02, 6.20, 186, 226.21, 350.48, 6.37, 0.3947, -0.0834, -0.9134, -0.0545
17:13:02, 6.20, 186, 226.73, 350.50, 6.38, 0.3989, -0.0837, -0.9116, -0.0539
17:13:02, 6.20, 186, 227.28, 350.54, 6.34, 0.4032, -0.0835, -0.9098, -0.0533
17:13:02, 6.23, 187, 227.78, 350.60, 6.33, 0.4071, -0.0834, -0.9080, -0.0525
17:13:02, 6.23, 187, 228.35, 350.62, 6.37, 0.4117, -0.0839, -0.9060, -0.0518
17:13:03, 6.27, 188, 228.88, 350.59, 6.34, 0.4158, -0.0841, -0.9041, -0.0518
17:13:03, 6.27, 188, 229.47, 350.67, 6.31, 0.4205, -0.0838, -0.9020, -0.0508
17:13:03, 6.27, 188, 230.08, 350.71, 6.27, 0.4253, -0.0836, -0.8998, -0.0502
17:13:03, 6.30, 189, 230.55, 350.77, 6.30, 0.4289, -0.0838, -0.8981, -0.0493
17:13:03, 6.30, 189, 231.15, 350.76, 6.32, 0.4336, -0.0843, -0.8958, -0.0489
17:13:03, 6.33, 190, 231.69, 350.79, 6.34, 0.4379, -0.0846, -0.8938, -0.0481
17:13:03, 6.33, 190, 232.25, 350.89, 6.32, 0.4422, -0.0843, -0.8917, -0.0470
17:13:03, 6.37, 191, 232.87, 350.92, 6.32, 0.4470, -0.0844, -0.8893, -0.0463
17:13:03, 6.37, 191, 233.46, 350.88, 6.32, 0.4516, -0.0848, -0.8870, -0.0462
17:13:03, 6.37, 191, 234.03, 350.92, 6.35, 0.4560, -0.0851, -0.8847, -0.0453
17:13:03, 6.40, 192, 234.62, 350.92, 6.35, 0.4605, -0.0853, -0.8824, -0.0449
17:13:03, 6.40, 192, 235.22, 350.92, 6.37, 0.4652, -0.0857, -0.8799, -0.0444
17:13:03, 6.43, 193, 235.76, 350.91, 6.35, 0.4693, -0.0858, -0.8777, -0.0441
17:13:03, 6.43, 193, 236.33, 350.94, 6.33, 0.4737, -0.0857, -0.8754, -0.0435
17:13:03, 6.43, 193, 236.88, 350.89, 6.30, 0.4779, -0.0859, -0.8731, -0.0436
17:13:03, 6.47, 194, 237.53, 350.88, 6.31, 0.4828, -0.0863, -0.8704, -0.0432
17:13:03, 6.47, 194, 238.08, 350.85, 6.26, 0.4870, -0.0863, -0.8681, -0.0432
17:13:03, 6.50, 195, 238.63, 350.86, 6.29, 0.4911, -0.0867, -0.8657, -0.0426
17:13:03, 6.50, 195, 239.21, 350.83, 6.24, 0.4955, -0.0866, -0.8632, -0.0426
17:13:03, 6.53, 196, 239.78, 350.79, 6.21, 0.4998, -0.0867, -0.8608, -0.0426
17:13:03, 6.53, 196, 240.40, 350.76, 6.17, 0.5044, -0.0868, -0.8581, -0.0425
17:13:03, 6.53, 196, 240.93, 350.75, 6.16, 0.5084, -0.0870, -0.8557, -0.0422
17:13:03, 6.57, 197, 241.57, 350.75, 6.16, 0.5132, -0.0873, -0.8528, -0.0418
17:13:03, 6.57, 197, 242.13, 350.75, 6.15, 0.5173, -0.0873, -0.8503, -0.0414
17:13:03, 6.60, 198, 242.71, 350.78, 6.12, 0.5216, -0.0872, -0.8478, -0.0409
17:13:03, 6.60, 198, 243.37, 350.74, 6.04, 0.5264, -0.0870, -0.8448, -0.0410
17:13:03, 6.60, 198, 243.95, 350.70, 5.98, 0.5307, -0.0870, -0.8421, -0.0411
17:13:03, 6.63, 199, 244.55, 350.77, 6.03, 0.5351, -0.0872, -0.8393, -0.0399
17:13:03, 6.63, 199, 245.16, 350.79, 6.06, 0.5396, -0.0875, -0.8365, -0.0392
17:13:03, 6.67, 200, 245.75, 350.85, 6.04, 0.5438, -0.0874, -0.8338, -0.0384
17:13:03, 6.67, 200, 246.38, 350.84, 6.09, 0.5484, -0.0880, -0.8307, -0.0378
17:13:03, 6.70, 201, 247.04, 350.85, 6.10, 0.5532, -0.0882, -0.8275, -0.0371
17:13:03, 6.70, 201, 247.64, 350.80, 6.08, 0.5575, -0.0885, -0.8246, -0.0371
17:13:03, 6.70, 201, 248.26, 350.72, 6.11, 0.5620, -0.0893, -0.8215, -0.0370
17:13:03, 6.73, 202, 248.82, 350.77, 6.14, 0.5660, -0.0895, -0.8187, -0.0361
17:13:03, 6.73, 202, 249.39, 350.66, 6.15, 0.5701, -0.0903, -0.8158, -0.0364
17:13:03, 6.77, 203, 249.96, 350.65, 6.21, 0.5742, -0.0909, -0.8129, -0.0357
17:13:03, 6.77, 203, 250.54, 350.68, 6.17, 0.5783, -0.0906, -0.8100, -0.0352
17:13:03, 6.77, 203, 251.04, 350.64, 6.23, 0.5818, -0.0914, -0.8075, -0.0348
17:13:03, 6.80, 204, 251.51, 350.63, 6.21, 0.5851, -0.0914, -0.8050, -0.0346
17:13:03, 6.80, 204, 252.00, 350.62, 6.23, 0.5886, -0.0918, -0.8025, -0.0342
17:13:03, 6.83, 205, 252.49, 350.66, 6.27, 0.5920, -0.0920, -0.8000, -0.0334
17:13:03, 6.83, 205, 252.97, 350.67, 6.29, 0.5953, -0.0922, -0.7975, -0.0328
17:13:03, 6.87, 206, 253.44, 350.65, 6.33, 0.5986, -0.0928, -0.7950, -0.0323
17:13:03, 6.87, 206, 253.93, 350.65, 6.34, 0.6020, -0.0929, -0.7924, -0.0319
17:13:03, 6.87, 206, 254.38, 350.65, 6.33, 0.6051, -0.0931, -0.7901, -0.0316
17:13:03, 6.90, 207, 254.86, 350.68, 6.32, 0.6084, -0.0929, -0.7875, -0.0311
17:13:03, 6.90, 207, 255.29, 350.75, 6.24, 0.6113, -0.0921, -0.7854, -0.0306
17:13:03, 6.93, 208, 255.79, 350.86, 6.21, 0.6148, -0.0915, -0.7828, -0.0296
17:13:03, 6.93, 208, 256.16, 350.93, 6.23, 0.6173, -0.0913, -0.7809, -0.0288
17:13:03, 6.93, 208, 256.57, 351.03, 6.14, 0.6200, -0.0903, -0.7788, -0.0282
17:13:03, 6.97, 209, 257.02, 351.12, 6.13, 0.6231, -0.0898, -0.7765, -0.0273
17:13:03, 6.97, 209, 257.49, 351.25, 6.04, 0.6263, -0.0887, -0.7741, -0.0265
17:13:03, 7.00, 210, 257.99, 351.35, 6.01, 0.6297, -0.0880, -0.7714, -0.0257
17:13:03, 7.00, 210, 258.46, 351.50, 6.01, 0.6329, -0.0873, -0.7689, -0.0243
17:13:03, 7.03, 211, 258.99, 351.59, 6.00, 0.6364, -0.0868, -0.7661, -0.0233
17:13:03, 7.03, 211, 259.53, 351.72, 5.96, 0.6400, -0.0859, -0.7632, -0.0222
17:13:03, 7.03, 211, 260.14, 351.80, 5.90, 0.6440, -0.0852, -0.7599, -0.0216
17:13:03, 7.07, 212, 260.74, 351.92, 5.85, 0.6480, -0.0844, -0.7567, -0.0207
17:13:03, 7.07, 212, 261.35, 351.91, 5.75, 0.6520, -0.0839, -0.7533, -0.0208
17:13:03, 7.10, 213, 261.98, 352.02, 5.67, 0.6561, -0.0828, -0.7498, -0.0201
17:13:03, 7.10, 213, 262.73, 352.13, 5.50, 0.6610, -0.0812, -0.7457, -0.0199
17:13:03, 7.10, 213, 263.56, 352.18, 5.31, 0.6664, -0.0798, -0.7411, -0.0201
17:13:03, 7.13, 214, 264.45, 352.31, 5.06, 0.6721, -0.0777, -0.7361, -0.0200
17:13:03, 7.13, 214, 265.48, 352.47, 4.81, 0.6787, -0.0753, -0.7303, -0.0198
17:13:03, 7.17, 215, 266.78, 352.67, 4.50, 0.6869, -0.0724, -0.7229, -0.0195
17:13:03, 7.17, 215, 268.27, 352.86, 4.08, 0.6961, -0.0688, -0.7143, -0.0199
17:13:03, 7.20, 216, 269.93, 353.05, 3.62, 0.7064, -0.0651, -0.7045, -0.0206
17:13:03, 7.20, 216, 271.82, 353.21, 3.25, 0.7179, -0.0622, -0.6931, -0.0208
17:13:03, 7.20, 216, 273.85, 353.37, 3.22, 0.7301, -0.0613, -0.6803, -0.0190
17:13:03, 7.23, 217, 275.91, 353.43, 3.35, 0.7422, -0.0621, -0.6671, -0.0167
17:13:03, 7.23, 217, 278.04, 353.54, 3.47, 0.7545, -0.0623, -0.6531, -0.0141
17:13:04, 7.27, 218, 280.08, 353.56, 3.65, 0.7660, -0.0635, -0.6395, -0.0117
17:13:04, 7.27, 218, 282.07, 353.57, 3.81, 0.7771, -0.0644, -0.6260, -0.0094
17:13:04, 7.30, 219, 283.95, 353.54, 3.93, 0.7872, -0.0655, -0.6131, -0.0077
17:13:04, 7.30, 219, 285.79, 353.50, 4.01, 0.7970, -0.0662, -0.6004, -0.0063
17:13:04, 7.30, 219, 287.64, 353.46, 4.02, 0.8065, -0.0667, -0.5874, -0.0054
17:13:04, 7.33, 220, 289.44, 353.41, 4.00, 0.8157, -0.0670, -0.5746, -0.0047
17:13:04, 7.33, 220, 291.18, 353.30, 3.88, 0.8242, -0.0673, -0.5622, -0.0051
17:13:04, 7.37, 221, 292.94, 353.27, 3.67, 0.8328, -0.0666, -0.5496, -0.0058
17:13:04, 7.37, 221, 294.60, 353.28, 3.41, 0.8406, -0.0654, -0.5376, -0.0067
17:13:04, 7.37, 221, 296.24, 353.37, 3.25, 0.8482, -0.0640, -0.5257, -0.0065
17:13:04, 7.40, 222, 297.62, 353.38, 3.08, 0.8545, -0.0633, -0.5155, -0.0070
17:13:04, 7.40, 222, 298.91, 353.35, 2.94, 0.8603, -0.0630, -0.5059, -0.0074
17:13:04, 7.43, 223, 300.08, 353.34, 2.81, 0.8654, -0.0625, -0.4972, -0.0078
17:13:04, 7.43, 223, 300.97, 353.44, 2.61, 0.8692, -0.0610, -0.4906, -0.0084
17:13:04, 7.43, 223, 301.73, 353.51, 2.46, 0.8724, -0.0599, -0.4850, -0.0088
17:13:04, 7.47, 224, 302.43, 353.61, 2.26, 0.8755, -0.0583, -0.4797, -0.0095
17:13:04, 7.47, 224, 303.22, 353.72, 2.03, 0.8787, -0.0566, -0.4738, -0.0105
17:13:04, 7.50, 225, 304.12, 353.89, 1.81, 0.8825, -0.0545, -0.4671, -0.0110
17:13:04, 7.50, 225, 305.13, 354.07, 1.67, 0.8866, -0.0526, -0.4594, -0.0109
17:13:04, 7.53, 226, 306.21, 354.33, 1.51, 0.8910, -0.0501, -0.4512, -0.0107
17:13:04, 7.53, 226, 307.34, 354.53, 1.26, 0.8954, -0.0476, -0.4425, -0.0113
17:13:04, 7.53, 226, 308.59, 354.77, 1.12, 0.9003, -0.0454, -0.4329, -0.0110
17:13:04, 7.57, 227, 310.02, 354.89, 1.13, 0.9056, -0.0446, -0.4216, -0.0099
17:13:04, 7.57, 227, 311.35, 354.96, 1.25, 0.9105, -0.0445, -0.4111, -0.0082
17:13:04, 7.60, 228, 312.68, 354.94, 1.35, 0.9152, -0.0452, -0.4004, -0.0069
17:13:04, 7.60, 228, 313.93, 354.95, 1.48, 0.9195, -0.0456, -0.3903, -0.0054
17:13:04, 7.60, 228, 315.14, 354.96, 1.58, 0.9236, -0.0459, -0.3806, -0.0040
17:13:04, 7.63, 229, 316.29, 354.94, 1.66, 0.9274, -0.0463, -0.3713, -0.0030
17:13:04, 7.63, 229, 317.42, 354.95, 1.73, 0.9310, -0.0465, -0.3621, -0.0019
17:13:04, 7.67, 230, 318.58, 354.92, 1.79, 0.9346, -0.0470, -0.3526, -0.0011
17:13:04, 7.67, 230, 319.63, 354.91, 1.87, 0.9378, -0.0473, -0.3440, 0.0000
17:13:04, 7.70, 231, 320.62, 354.90, 1.90, 0.9407, -0.0474, -0.3358, 0.0006
17:13:04, 7.70, 231, 321.61, 354.78, 1.91, 0.9435, -0.0485, -0.3277, 0.0007
17:13:04, 7.70, 231, 322.51, 354.58, 1.99, 0.9460, -0.0503, -0.3202, 0.0012
17:13:04, 7.73, 232, 323.39, 354.29, 2.15, 0.9483, -0.0532, -0.3128, 0.0021
17:13:04, 7.73, 232, 324.19, 353.96, 2.31, 0.9504, -0.0563, -0.3059, 0.0030
17:13:04, 7.77, 233, 324.86, 353.58, 2.59, 0.9520, -0.0602, -0.3001, 0.0046
17:13:04, 7.77, 233, 325.30, 353.22, 2.98, 0.9530, -0.0642, -0.2961, 0.0072
17:13:04, 7.77, 233, 325.70, 352.96, 3.36, 0.9539, -0.0672, -0.2924, 0.0098
17:13:04, 7.80, 234, 326.06, 352.82, 3.71, 0.9547, -0.0693, -0.2892, 0.0126
17:13:04, 7.80, 234, 326.54, 352.75, 4.08, 0.9558, -0.0708, -0.2850, 0.0158
17:13:04, 7.83, 235, 326.98, 352.65, 4.32, 0.9568, -0.0721, -0.2811, 0.0179
17:13:04, 7.83, 235, 327.57, 352.62, 4.47, 0.9582, -0.0726, -0.2760, 0.0194
17:13:04, 7.87, 236, 328.12, 352.59, 4.58, 0.9595, -0.0730, -0.2714, 0.0206
17:13:04, 7.87, 236, 328.74, 352.54, 4.73, 0.9609, -0.0737, -0.2660, 0.0222
17:13:04, 7.87, 236, 329.39, 352.58, 4.86, 0.9624, -0.0736, -0.2605, 0.0238
17:13:04, 7.90, 237, 330.07, 352.60, 4.99, 0.9639, -0.0735, -0.2547, 0.0253
17:13:04, 7.90, 237, 330.82, 352.63, 5.10, 0.9655, -0.0734, -0.2483, 0.0268
17:13:04, 7.93, 238, 331.73, 352.70, 5.19, 0.9675, -0.0727, -0.2406, 0.0283
17:13:04, 7.93, 238, 332.59, 352.75, 5.32, 0.9692, -0.0723, -0.2334, 0.0300
17:13:04, 7.93, 238, 333.50, 352.76, 5.40, 0.9710, -0.0722, -0.2256, 0.0313
17:13:04, 7.97, 239, 334.44, 352.79, 5.41, 0.9729, -0.0716, -0.2177, 0.0321
17:13:04, 7.97, 239, 335.34, 352.91, 5.41, 0.9746, -0.0704, -0.2101, 0.0329
17:13:04, 8.00, 240, 336.22, 352.99, 5.37, 0.9762, -0.0694, -0.2026, 0.0332
17:13:04, 8.00, 240, 337.08, 352.95, 5.29, 0.9777, -0.0693, -0.1953, 0.0329
17:13:04, 8.03, 241, 337.92, 353.00, 5.31, 0.9792, -0.0687, -0.1881, 0.0337
17:13:04, 8.03, 241, 338.72, 352.97, 5.29, 0.9804, -0.0687, -0.1813, 0.0339
17:13:04, 8.03, 241, 339.47, 352.98, 5.30, 0.9816, -0.0684, -0.1749, 0.0345
17:13:04, 8.07, 242, 340.22, 353.08, 5.32, 0.9828, -0.0674, -0.1685, 0.0353
17:13:04, 8.07, 242, 340.97, 353.12, 5.28, 0.9839, -0.0667, -0.1621, 0.0355
17:13:04, 8.10, 243, 341.71, 353.22, 5.19, 0.9850, -0.0655, -0.1558, 0.0352
17:13:04, 8.10, 243, 342.51, 353.21, 5.00, 0.9861, -0.0651, -0.1491, 0.0341
17:13:04, 8.10, 243, 343.31, 353.30, 4.85, 0.9872, -0.0639, -0.1423, 0.0333
17:13:04, 8.13, 244, 344.16, 353.36, 4.65, 0.9883, -0.0629, -0.1351, 0.0322
17:13:04, 8.13, 244, 344.98, 353.32, 4.44, 0.9893, -0.0628, -0.1282, 0.0307
17:13:04, 8.17, 245, 345.78, 353.41, 4.31, 0.9902, -0.0617, -0.1213, 0.0302
17:13:04, 8.17, 245, 346.58, 353.41, 4.08, 0.9911, -0.0612, -0.1145, 0.0286
17:13:04, 8.20, 246, 347.35, 353.42, 3.93, 0.9919, -0.0608, -0.1080, 0.0277
17:13:04, 8.20, 246, 348.11, 353.37, 3.74, 0.9926, -0.0608, -0.1015, 0.0264
17:13:04, 8.20, 246, 348.80, 353.28, 3.61, 0.9932, -0.0613, -0.0956, 0.0256
17:13:04, 8.23, 247, 349.50, 353.24, 3.46, 0.9938, -0.0614, -0.0895, 0.0246
17:13:04, 8.23, 247, 350.12, 353.12, 3.30, 0.9942, -0.0622, -0.0842, 0.0235
17:13:05, 8.27, 248, 350.74, 352.97, 3.13, 0.9946, -0.0633, -0.0789, 0.0222
17:13:05, 8.27, 248, 351.37, 352.86, 2.95, 0.9950, -0.0640, -0.0735, 0.0209
17:13:05, 8.27, 248, 351.99, 352.71, 2.78, 0.9954, -0.0651, -0.0681, 0.0197
17:13:05, 8.30, 249, 352.55, 352.50, 2.58, 0.9956, -0.0667, -0.0633, 0.0181
17:13:05, 8.30, 249, 353.07, 352.28, 2.47, 0.9958, -0.0685, -0.0588, 0.0174
17:13:05, 8.33, 250, 353.56, 352.13, 2.40, 0.9959, -0.0697, -0.0546, 0.0170
17:13:05, 8.33, 250, 353.97, 351.94, 2.29, 0.9960, -0.0712, -0.0511, 0.0162
17:13:05, 8.37, 251, 354.40, 351.64, 2.19, 0.9960, -0.0737, -0.0474, 0.0155
17:13:05, 8.37, 251, 354.76, 351.37, 2.06, 0.9960, -0.0760, -0.0442, 0.0145
17:13:05, 8.37, 251, 355.12, 351.16, 2.01, 0.9960, -0.0778, -0.0411, 0.0142
17:13:05, 8.40, 252, 355.47, 350.97, 2.00, 0.9960, -0.0793, -0.0380, 0.0143
17:13:05, 8.40, 252, 355.82, 350.78, 1.93, 0.9960, -0.0809, -0.0350, 0.0138
17:13:05, 8.43, 253, 356.15, 350.61, 1.89, 0.9960, -0.0824, -0.0322, 0.0137
17:13:05, 8.43, 253, 356.54, 350.53, 1.88, 0.9960, -0.0830, -0.0288, 0.0138
17:13:05, 8.43, 253, 356.82, 350.42, 1.91, 0.9960, -0.0839, -0.0262, 0.0143
17:13:05, 8.47, 254, 357.21, 350.39, 1.90, 0.9961, -0.0841, -0.0229, 0.0145
17:13:05, 8.47, 254, 357.54, 350.38, 1.90, 0.9961, -0.0841, -0.0200, 0.0147
17:13:05, 8.50, 255, 357.85, 350.31, 1.87, 0.9961, -0.0847, -0.0174, 0.0147
17:13:05, 8.50, 255, 358.17, 350.30, 1.88, 0.9962, -0.0848, -0.0145, 0.0150
17:13:05, 8.53, 256, 358.52, 350.27, 1.84, 0.9962, -0.0850, -0.0115, 0.0149
17:13:05, 8.53, 256, 358.87, 350.25, 1.79, 0.9962, -0.0851, -0.0085, 0.0147
17:13:05, 8.53, 256, 359.27, 350.22, 1.71, 0.9962, -0.0853, -0.0051, 0.0143
17:13:05, 8.57, 257, 359.66, 350.24, 1.62, 0.9963, -0.0851, -0.0018, 0.0138
17:13:05, 8.57, 257, 0.06, 350.22, 1.55, 0.9963, -0.0852, 0.0017, 0.0135
17:13:05, 8.60, 258, 0.45, 350.25, 1.49, 0.9963, -0.0849, 0.0051, 0.0133
17:13:05, 8.60, 258, 0.88, 350.22, 1.41, 0.9962, -0.0851, 0.0087, 0.0129
17:13:05, 8.60, 258, 1.27, 350.28, 1.35, 0.9963, -0.0846, 0.0120, 0.0127
17:13:05, 8.63, 259, 1.69, 350.29, 1.25, 0.9962, -0.0845, 0.0156, 0.0121
17:13:05, 8.63, 259, 2.09, 350.31, 1.16, 0.9962, -0.0842, 0.0190, 0.0116
17:13:05, 8.67, 260, 2.54, 350.33, 1.08, 0.9961, -0.0840, 0.0229, 0.0113
17:13:05, 8.67, 260, 3.00, 350.37, 0.99, 0.9961, -0.0837, 0.0268, 0.0108
17:13:05, 8.70, 261, 3.48, 350.42, 0.90, 0.9960, -0.0833, 0.0309, 0.0104
17:13:05, 8.70, 261, 3.91, 350.47, 0.77, 0.9959, -0.0828, 0.0345, 0.0095
17:13:05, 8.70, 261, 4.37, 350.49, 0.63, 0.9958, -0.0827, 0.0385, 0.0086
17:13:05, 8.73, 262, 4.86, 350.57, 0.51, 0.9957, -0.0820, 0.0426, 0.0079
17:13:05, 8.73, 262, 5.38, 350.62, 0.37, 0.9955, -0.0815, 0.0470, 0.0070
17:13:05, 8.77, 263, 5.94, 350.70, 0.20, 0.9954, -0.0809, 0.0518, 0.0059
17:13:05, 8.77, 263, 6.56, 350.83, 359.98, 0.9952, -0.0798, 0.0570, 0.0044
17:13:05, 8.77, 263, 7.33, 350.91, 359.70, 0.9948, -0.0793, 0.0635, 0.0024
17:13:05, 8.80, 264, 8.18, 351.06, 359.48, 0.9944, -0.0780, 0.0707, 0.0010
17:13:05, 8.80, 264, 9.08, 351.24, 359.42, 0.9940, -0.0765, 0.0785, 0.0010
17:13:05, 8.83, 265, 9.87, 351.41, 359.35, 0.9935, -0.0751, 0.0853, 0.0008
17:13:05, 8.83, 265, 10.66, 351.62, 359.29, 0.9930, -0.0733, 0.0922, 0.0006
17:13:05, 8.87, 266, 11.48, 351.72, 359.19, 0.9924, -0.0725, 0.0992, 0.0002
17:13:05, 8.87, 266, 12.24, 351.92, 359.15, 0.9919, -0.0709, 0.1058, 0.0001
17:13:05, 8.87, 266, 13.00, 352.10, 359.08, 0.9912, -0.0693, 0.1124, -0.0002
17:13:05, 8.90, 267, 13.67, 352.26, 359.05, 0.9907, -0.0680, 0.1182, -0.0002
17:13:05, 8.93, 268, 14.88, 352.51, 358.94, 0.9895, -0.0660, 0.1286, -0.0007
17:13:05, 8.93, 268, 15.36, 352.64, 358.87, 0.9890, -0.0649, 0.1327, -0.0012
17:13:05, 8.93, 268, 15.80, 352.75, 358.85, 0.9886, -0.0640, 0.1366, -0.0012
17:13:05, 8.97, 269, 16.22, 352.82, 358.74, 0.9881, -0.0636, 0.1401, -0.0020
17:13:05, 8.97, 269, 16.60, 352.95, 358.70, 0.9877, -0.0624, 0.1434, -0.0023
17:13:05, 9.00, 270, 16.98, 353.02, 358.60, 0.9872, -0.0620, 0.1467, -0.0031
17:13:05, 9.00, 270, 17.38, 353.10, 358.53, 0.9868, -0.0614, 0.1500, -0.0036
17:13:05, 9.03, 271, 17.74, 353.15, 358.43, 0.9863, -0.0611, 0.1531, -0.0043
17:13:05, 9.03, 271, 18.06, 353.23, 358.37, 0.9859, -0.0606, 0.1558, -0.0048
17:13:05, 9.03, 271, 18.40, 353.26, 358.25, 0.9855, -0.0604, 0.1587, -0.0057
17:13:05, 9.07, 272, 18.69, 353.34, 358.22, 0.9851, -0.0598, 0.1612, -0.0059
17:13:05, 9.07, 272, 19.01, 353.40, 358.11, 0.9847, -0.0595, 0.1639, -0.0067
17:13:05, 9.10, 273, 19.33, 353.45, 358.04, 0.9842, -0.0592, 0.1666, -0.0072
17:13:05, 9.10, 273, 19.63, 353.54, 357.96, 0.9838, -0.0585, 0.1692, -0.0079
17:13:05, 9.10, 273, 19.94, 353.56, 357.84, 0.9834, -0.0586, 0.1718, -0.0088
17:13:05, 9.13, 274, 20.24, 353.61, 357.78, 0.9829, -0.0582, 0.1744, -0.0093
17:13:05, 9.13, 274, 20.52, 353.65, 357.71, 0.9825, -0.0580, 0.1767, -0.0098
17:13:05, 9.17, 275, 20.80, 353.69, 357.64, 0.9821, -0.0578, 0.1791, -0.0103
17:13:05, 9.17, 275, 21.08, 353.73, 357.57, 0.9817, -0.0576, 0.1815, -0.0108
17:13:05, 9.20, 276, 21.37, 353.75, 357.51, 0.9812, -0.0576, 0.1839, -0.0112
17:13:05, 9.20, 276, 21.67, 353.80, 357.44, 0.9807, -0.0573, 0.1864, -0.0118
17:13:05, 9.20, 276, 21.95, 353.81, 357.32, 0.9802, -0.0574, 0.1889, -0.0127
17:13:05, 9.23, 277, 22.27, 353.80, 357.21, 0.9797, -0.0577, 0.1914, -0.0134
17:13:05, 9.23, 277, 22.59, 353.82, 357.13, 0.9792, -0.0577, 0.1942, -0.0140
17:13:06, 9.27, 278, 22.98, 353.88, 357.02, 0.9785, -0.0574, 0.1975, -0.0148
17:13:06, 9.27, 278, 23.32, 353.90, 356.97, 0.9779, -0.0574, 0.2004, -0.0151
17:13:06, 9.27, 278, 23.63, 353.99, 356.91, 0.9774, -0.0568, 0.2030, -0.0156
17:13:06, 9.30, 279, 23.94, 354.07, 356.86, 0.9769, -0.0562, 0.2056, -0.0160
17:13:06, 9.30, 279, 24.21, 354.17, 356.83, 0.9764, -0.0555, 0.2080, -0.0163
17:13:06, 9.33, 280, 24.47, 354.24, 356.78, 0.9760, -0.0550, 0.2102, -0.0168
17:13:06, 9.33, 280, 24.82, 354.28, 356.70, 0.9753, -0.0549, 0.2131, -0.0174
17:13:06, 9.37, 281, 25.12, 354.37, 356.64, 0.9748, -0.0543, 0.2157, -0.0179
17:13:06, 9.37, 281, 25.44, 354.43, 356.58, 0.9742, -0.0540, 0.2184, -0.0184
17:13:06, 9.37, 281, 25.75, 354.48, 356.54, 0.9736, -0.0536, 0.2211, -0.0187
17:13:06, 9.40, 282, 26.07, 354.56, 356.48, 0.9730, -0.0531, 0.2238, -0.0192
17:13:06, 9.40, 282, 26.39, 354.59, 356.46, 0.9724, -0.0529, 0.2265, -0.0193
17:13:06, 9.43, 283, 26.69, 354.67, 356.43, 0.9718, -0.0524, 0.2290, -0.0195
17:13:06, 9.43, 283, 26.97, 354.72, 356.42, 0.9713, -0.0520, 0.2314, -0.0196
17:13:06, 9.43, 283, 27.27, 354.77, 356.40, 0.9707, -0.0517, 0.2340, -0.0198
17:13:06, 9.47, 284, 27.59, 354.76, 356.32, 0.9700, -0.0520, 0.2367, -0.0202
17:13:06, 9.47, 284, 27.85, 354.73, 356.34, 0.9694, -0.0523, 0.2389, -0.0199
17:13:06, 9.50, 285, 28.16, 354.73, 356.33, 0.9688, -0.0523, 0.2414, -0.0198
17:13:06, 9.50, 285, 28.42, 354.76, 356.32, 0.9683, -0.0522, 0.2436, -0.0199
17:13:06, 9.53, 286, 28.67, 354.78, 356.33, 0.9677, -0.0521, 0.2458, -0.0197
17:13:06, 9.53, 286, 28.91, 354.80, 356.32, 0.9672, -0.0519, 0.2478, -0.0198
17:13:06, 9.53, 286, 29.15, 354.85, 356.34, 0.9667, -0.0515, 0.2499, -0.0195
17:13:06, 9.57, 287, 29.40, 354.86, 356.34, 0.9662, -0.0515, 0.2520, -0.0195
17:13:06, 9.57, 287, 29.63, 354.85, 356.36, 0.9657, -0.0515, 0.2539, -0.0192
17:13:06, 9.60, 288, 29.87, 354.83, 356.36, 0.9651, -0.0517, 0.2560, -0.0190
17:13:06, 9.60, 288, 30.11, 354.81, 356.38, 0.9646, -0.0519, 0.2580, -0.0187
17:13:06, 9.60, 288, 30.35, 354.80, 356.39, 0.9640, -0.0520, 0.2600, -0.0185
17:13:06, 9.63, 289, 30.58, 354.79, 356.40, 0.9635, -0.0521, 0.2619, -0.0183
17:13:06, 9.63, 289, 30.80, 354.80, 356.43, 0.9630, -0.0520, 0.2638, -0.0180
17:13:06, 9.67, 290, 31.05, 354.75, 356.41, 0.9624, -0.0525, 0.2659, -0.0179
17:13:06, 9.67, 290, 31.28, 354.74, 356.39, 0.9619, -0.0527, 0.2678, -0.0179
17:13:06, 9.70, 291, 31.51, 354.70, 356.41, 0.9613, -0.0530, 0.2697, -0.0176
17:13:06, 9.70, 291, 31.77, 354.69, 356.41, 0.9607, -0.0531, 0.2719, -0.0174
17:13:06, 9.70, 291, 32.02, 354.68, 356.40, 0.9601, -0.0532, 0.2740, -0.0174
17:13:06, 9.73, 292, 32.23, 354.69, 356.42, 0.9596, -0.0532, 0.2758, -0.0171
17:13:06, 9.73, 292, 32.48, 354.70, 356.40, 0.9590, -0.0532, 0.2778, -0.0172
17:13:06, 9.77, 293, 32.71, 354.66, 356.39, 0.9584, -0.0535, 0.2798, -0.0171
17:13:06, 9.77, 293, 33.00, 354.65, 356.32, 0.9577, -0.0538, 0.2822, -0.0175
17:13:06, 9.77, 293, 33.29, 354.64, 356.31, 0.9570, -0.0540, 0.2845, -0.0174
17:13:06, 9.80, 294, 33.58, 354.66, 356.29, 0.9563, -0.0539, 0.2869, -0.0175
17:13:06, 9.80, 294, 33.88, 354.66, 356.24, 0.9555, -0.0541, 0.2895, -0.0178
17:13:06, 9.83, 295, 34.17, 354.66, 356.21, 0.9548, -0.0542, 0.2919, -0.0179
17:13:06, 9.83, 295, 34.47, 354.70, 356.21, 0.9540, -0.0539, 0.2943, -0.0179
17:13:06, 9.87, 296, 34.78, 354.72, 356.17, 0.9532, -0.0539, 0.2969, -0.0181
17:13:06, 9.87, 296, 35.10, 354.74, 356.13, 0.9524, -0.0539, 0.2995, -0.0183
17:13:06, 9.87, 296, 35.43, 354.75, 356.12, 0.9515, -0.0539, 0.3023, -0.0183
17:13:06, 9.90, 297, 35.74, 354.73, 356.08, 0.9507, -0.0542, 0.3049, -0.0184
17:13:06, 9.90, 297, 36.05, 354.76, 356.04, 0.9498, -0.0542, 0.3074, -0.0186
17:13:06, 9.93, 298, 36.38, 354.76, 356.04, 0.9490, -0.0542, 0.3101, -0.0185
17:13:06, 9.93, 298, 36.70, 354.79, 356.01, 0.9481, -0.0540, 0.3128, -0.0187
17:13:06, 9.93, 298, 37.02, 354.82, 355.97, 0.9472, -0.0540, 0.3154, -0.0190
17:13:06, 9.97, 299, 37.34, 354.86, 355.93, 0.9463, -0.0538, 0.3181, -0.0193
17:13:06, 9.97, 299, 37.69, 354.86, 355.91, 0.9454, -0.0539, 0.3209, -0.0193
