Timestamp, VideoTime, VideoFrame, HeadYaw, HeadPitch, HeadRoll, HeadQuatW, HeadQuatX, HeadQuatY, HeadQuatZ
17:15:58, 0.00, 0, 346.26, 359.53, 3.38, 0.9924, -0.0076, -0.1195, 0.0288
17:15:58, 0.03, 1, 346.26, 359.53, 3.40, 0.9924, -0.0076, -0.1194, 0.0290
17:15:58, 0.03, 1, 346.26, 359.53, 3.41, 0.9924, -0.0077, -0.1195, 0.0291
17:15:58, 0.03, 1, 346.25, 359.53, 3.43, 0.9924, -0.0077, -0.1195, 0.0292
17:15:58, 0.07, 2, 346.23, 359.53, 3.45, 0.9924, -0.0077, -0.1197, 0.0294
17:15:58, 0.07, 2, 346.22, 359.52, 3.46, 0.9923, -0.0078, -0.1198, 0.0295
17:15:58, 0.10, 3, 346.21, 359.50, 3.48, 0.9923, -0.0080, -0.1199, 0.0297
17:15:58, 0.10, 3, 346.20, 359.51, 3.48, 0.9923, -0.0079, -0.1199, 0.0297
17:15:58, 0.10, 3, 346.22, 359.51, 3.48, 0.9923, -0.0079, -0.1198, 0.0297
17:15:58, 0.13, 4, 346.21, 359.52, 3.49, 0.9923, -0.0078, -0.1198, 0.0297
17:15:58, 0.13, 4, 346.22, 359.53, 3.49, 0.9923, -0.0077, -0.1198, 0.0298
17:15:58, 0.17, 5, 346.22, 359.53, 3.48, 0.9923, -0.0077, -0.1198, 0.0297
17:15:58, 0.17, 5, 346.22, 359.54, 3.46, 0.9923, -0.0076, -0.1198, 0.0295
17:15:58, 0.17, 5, 346.23, 359.56, 3.46, 0.9923, -0.0075, -0.1197, 0.0295
17:15:58, 0.20, 6, 346.23, 359.56, 3.47, 0.9923, -0.0074, -0.1197, 0.0296
17:15:58, 0.20, 6, 346.22, 359.56, 3.48, 0.9923, -0.0074, -0.1198, 0.0297
17:15:59, 0.23, 7, 346.22, 359.56, 3.49, 0.9923, -0.0075, -0.1198, 0.0297
17:15:59, 0.23, 7, 346.23, 359.56, 3.49, 0.9923, -0.0075, -0.1197, 0.0298
17:15:59, 0.27, 8, 346.22, 359.56, 3.51, 0.9923, -0.0075, -0.1198, 0.0299
17:15:59, 0.27, 8, 346.22, 359.56, 3.50, 0.9923, -0.0074, -0.1198, 0.0299
17:15:59, 0.27, 8, 346.21, 359.55, 3.50, 0.9923, -0.0076, -0.1198, 0.0298
17:15:59, 0.30, 9, 346.20, 359.55, 3.51, 0.9923, -0.0076, -0.1200, 0.0299
17:15:59, 0.30, 9, 346.17, 359.55, 3.50, 0.9923, -0.0076, -0.1202, 0.0299
17:15:59, 0.33, 10, 346.16, 359.55, 3.51, 0.9923, -0.0076, -0.1204, 0.0299
17:15:59, 0.33, 10, 346.13, 359.57, 3.52, 0.9922, -0.0075, -0.1206, 0.0300
17:15:59, 0.37, 11, 346.09, 359.56, 3.50, 0.9922, -0.0075, -0.1209, 0.0299
17:15:59, 0.37, 11, 346.08, 359.54, 3.50, 0.9922, -0.0076, -0.1210, 0.0299
17:15:59, 0.37, 11, 346.06, 359.53, 3.51, 0.9921, -0.0078, -0.1212, 0.0299
17:15:59, 0.40, 12, 346.05, 359.51, 3.52, 0.9921, -0.0079, -0.1212, 0.0299
17:15:59, 0.40, 12, 346.02, 359.48, 3.53, 0.9921, -0.0083, -0.1215, 0.0300
17:15:59, 0.43, 13, 346.01, 359.48, 3.55, 0.9921, -0.0083, -0.1216, 0.0302
17:15:59, 0.43, 13, 345.97, 359.49, 3.58, 0.9920, -0.0082, -0.1219, 0.0304
17:15:59, 0.43, 13, 345.94, 359.49, 3.58, 0.9920, -0.0083, -0.1222, 0.0305
17:15:59, 0.47, 14, 345.88, 359.49, 3.59, 0.9919, -0.0082, -0.1227, 0.0306
17:15:59, 0.47, 14, 345.79, 359.49, 3.64, 0.9918, -0.0083, -0.1235, 0.0309
17:15:59, 0.50, 15, 345.69, 359.54, 3.65, 0.9917, -0.0079, -0.1244, 0.0311
17:15:59, 0.50, 15, 345.52, 359.62, 3.65, 0.9915, -0.0073, -0.1258, 0.0312
17:15:59, 0.50, 15, 345.30, 359.70, 3.73, 0.9913, -0.0068, -0.1278, 0.0319
17:15:59, 0.53, 16, 345.00, 359.75, 3.85, 0.9909, -0.0065, -0.1304, 0.0330
17:15:59, 0.53, 16, 344.57, 359.93, 3.88, 0.9904, -0.0051, -0.1341, 0.0335
17:15:59, 0.57, 17, 344.09, 0.00, 3.88, 0.9898, -0.0047, -0.1383, 0.0335
17:15:59, 0.57, 17, 343.57, 0.06, 3.73, 0.9892, -0.0042, -0.1429, 0.0323
17:15:59, 0.60, 18, 342.90, 0.08, 3.57, 0.9884, -0.0040, -0.1486, 0.0309
17:15:59, 0.60, 18, 342.27, 0.11, 3.31, 0.9876, -0.0035, -0.1540, 0.0287
17:15:59, 0.60, 18, 341.50, 0.21, 3.23, 0.9866, -0.0027, -0.1607, 0.0281
17:15:59, 0.63, 19, 340.62, 0.22, 3.17, 0.9853, -0.0027, -0.1683, 0.0276
17:15:59, 0.63, 19, 339.65, 0.23, 3.12, 0.9839, -0.0028, -0.1767, 0.0271
17:15:59, 0.67, 20, 338.58, 0.33, 3.03, 0.9822, -0.0021, -0.1858, 0.0265
17:15:59, 0.67, 20, 337.44, 0.29, 2.84, 0.9804, -0.0024, -0.1956, 0.0248
17:15:59, 0.70, 21, 336.36, 0.34, 2.65, 0.9785, -0.0018, -0.2049, 0.0233
17:15:59, 0.70, 21, 335.26, 0.43, 2.45, 0.9765, -0.0009, -0.2143, 0.0217
17:15:59, 0.70, 21, 334.09, 0.51, 2.17, 0.9743, 0.0001, -0.2243, 0.0195
17:15:59, 0.73, 22, 332.86, 0.56, 1.95, 0.9719, 0.0008, -0.2347, 0.0177
17:15:59, 0.73, 22, 331.57, 0.51, 1.66, 0.9693, 0.0007, -0.2456, 0.0151
17:15:59, 0.77, 23, 330.33, 0.47, 1.30, 0.9666, 0.0010, -0.2561, 0.0120
17:15:59, 0.77, 23, 329.07, 0.42, 0.95, 0.9637, 0.0013, -0.2667, 0.0090
17:15:59, 0.77, 23, 327.77, 0.47, 0.63, 0.9607, 0.0024, -0.2776, 0.0064
17:15:59, 0.80, 24, 326.40, 0.44, 0.32, 0.9573, 0.0029, -0.2890, 0.0038
17:15:59, 0.80, 24, 325.04, 0.47, 0.10, 0.9538, 0.0037, -0.3004, 0.0021
17:15:59, 0.83, 25, 323.72, 0.45, 359.86, 0.9503, 0.0041, -0.3114, 0.0000
17:15:59, 0.83, 25, 322.35, 0.47, 359.69, 0.9465, 0.0047, -0.3227, -0.0012
17:15:59, 0.83, 25, 320.98, 0.49, 359.52, 0.9426, 0.0055, -0.3339, -0.0025
17:15:59, 0.87, 26, 319.64, 0.57, 359.39, 0.9386, 0.0065, -0.3449, -0.0033
17:15:59, 0.87, 26, 318.37, 0.73, 359.24, 0.9347, 0.0083, -0.3553, -0.0040
17:15:59, 0.90, 27, 317.02, 0.82, 359.15, 0.9304, 0.0093, -0.3663, -0.0043
17:15:59, 0.90, 27, 315.70, 0.84, 359.10, 0.9262, 0.0097, -0.3769, -0.0045
17:15:59, 0.93, 28, 314.31, 0.90, 359.10, 0.9215, 0.0103, -0.3881, -0.0042
17:15:59, 0.93, 28, 312.94, 0.91, 359.08, 0.9168, 0.0104, -0.3992, -0.0042
17:15:59, 0.93, 28, 311.57, 0.98, 358.99, 0.9120, 0.0114, -0.4101, -0.0045
17:15:59, 0.97, 29, 310.26, 0.92, 358.87, 0.9072, 0.0114, -0.4205, -0.0056
17:15:59, 0.97, 29, 308.93, 0.95, 358.87, 0.9023, 0.0117, -0.4309, -0.0054
17:15:59, 1.00, 30, 307.55, 0.76, 358.91, 0.8970, 0.0101, -0.4418, -0.0056
17:15:59, 1.00, 30, 306.07, 0.69, 358.98, 0.8913, 0.0094, -0.4534, -0.0052
17:15:59, 1.03, 31, 304.52, 0.50, 359.14, 0.8851, 0.0074, -0.4654, -0.0046
17:15:59, 1.03, 31, 302.72, 0.35, 359.36, 0.8776, 0.0053, -0.4793, -0.0035
17:15:59, 1.03, 31, 300.80, 0.15, 359.64, 0.8695, 0.0026, -0.4939, -0.0021
17:15:59, 1.07, 32, 298.51, 359.90, 359.84, 0.8595, 0.0000, -0.5112, -0.0017
17:15:59, 1.07, 32, 296.05, 359.62, 0.03, 0.8483, -0.0030, -0.5296, -0.0015
17:15:59, 1.10, 33, 293.63, 359.36, 0.08, 0.8369, -0.0050, -0.5473, -0.0025
17:15:59, 1.10, 33, 291.34, 359.18, 0.08, 0.8258, -0.0063, -0.5640, -0.0034
17:15:59, 1.10, 33, 289.29, 358.92, 0.06, 0.8156, -0.0080, -0.5786, -0.0051
17:15:59, 1.13, 34, 287.41, 358.70, 0.08, 0.8059, -0.0095, -0.5919, -0.0062
17:15:59, 1.13, 34, 285.74, 358.44, 0.25, 0.7972, -0.0122, -0.6035, -0.0065
17:15:59, 1.17, 35, 284.30, 358.38, 0.20, 0.7896, -0.0122, -0.6135, -0.0073
17:15:59, 1.17, 35, 283.02, 358.16, 0.40, 0.7827, -0.0147, -0.6222, -0.0073
17:15:59, 1.20, 36, 281.64, 358.11, 0.63, 0.7751, -0.0162, -0.6316, -0.0061
17:15:59, 1.20, 36, 280.41, 358.00, 0.80, 0.7683, -0.0179, -0.6399, -0.0058
17:15:59, 1.20, 36, 279.25, 357.86, 1.14, 0.7617, -0.0206, -0.6475, -0.0045
17:16:00, 1.23, 37, 278.08, 357.75, 1.49, 0.7551, -0.0234, -0.6552, -0.0031
17:16:00, 1.23, 37, 276.95, 357.73, 1.97, 0.7486, -0.0262, -0.6625, -0.0003
17:16:00, 1.27, 38, 275.81, 357.72, 2.26, 0.7420, -0.0280, -0.6698, 0.0013
17:16:00, 1.27, 38, 274.78, 357.68, 2.55, 0.7360, -0.0300, -0.6764, 0.0027
17:16:00, 1.27, 38, 273.76, 357.69, 2.79, 0.7299, -0.0313, -0.6828, 0.0040
17:16:00, 1.30, 39, 272.72, 357.64, 3.06, 0.7236, -0.0333, -0.6894, 0.0051
17:16:00, 1.30, 39, 271.63, 357.54, 3.27, 0.7171, -0.0353, -0.6961, 0.0055
17:16:00, 1.33, 40, 270.67, 357.61, 3.51, 0.7112, -0.0363, -0.7020, 0.0071
17:16:00, 1.33, 40, 269.72, 357.43, 3.65, 0.7054, -0.0384, -0.7078, 0.0065
17:16:00, 1.33, 40, 268.87, 357.48, 3.87, 0.7000, -0.0395, -0.7130, 0.0079
17:16:00, 1.37, 41, 267.98, 357.40, 4.09, 0.6945, -0.0414, -0.7182, 0.0085
17:16:00, 1.37, 41, 267.14, 357.29, 4.29, 0.6892, -0.0434, -0.7232, 0.0087
17:16:00, 1.40, 42, 266.30, 357.23, 4.49, 0.6839, -0.0451, -0.7281, 0.0092
17:16:00, 1.40, 42, 265.47, 357.14, 4.64, 0.6786, -0.0467, -0.7330, 0.0091
17:16:00, 1.43, 43, 264.57, 357.04, 4.82, 0.6728, -0.0485, -0.7382, 0.0092
17:16:00, 1.43, 43, 263.57, 357.07, 5.07, 0.6663, -0.0499, -0.7439, 0.0104
17:16:00, 1.43, 43, 262.57, 357.08, 5.39, 0.6598, -0.0521, -0.7495, 0.0119
17:16:00, 1.47, 44, 261.49, 357.05, 5.52, 0.6527, -0.0533, -0.7557, 0.0119
17:16:00, 1.47, 44, 260.32, 356.85, 5.58, 0.6449, -0.0549, -0.7622, 0.0104
17:16:00, 1.50, 45, 258.87, 356.76, 5.49, 0.6352, -0.0550, -0.7703, 0.0086
17:16:00, 1.50, 45, 257.13, 356.78, 5.38, 0.6235, -0.0542, -0.7799, 0.0073
17:16:00, 1.53, 46, 255.14, 357.01, 5.47, 0.6098, -0.0537, -0.7907, 0.0084
17:16:00, 1.53, 46, 253.22, 357.15, 5.70, 0.5964, -0.0547, -0.8008, 0.0097
17:16:00, 1.53, 46, 251.39, 357.38, 6.07, 0.5835, -0.0563, -0.8101, 0.0124
17:16:00, 1.57, 47, 249.79, 357.61, 6.51, 0.5720, -0.0584, -0.8180, 0.0154
17:16:00, 1.57, 47, 248.28, 357.83, 7.00, 0.5610, -0.0611, -0.8253, 0.0186
17:16:00, 1.60, 48, 247.00, 358.04, 7.48, 0.5516, -0.0638, -0.8314, 0.0218
17:16:00, 1.60, 48, 246.07, 358.26, 7.78, 0.5447, -0.0651, -0.8357, 0.0243
17:16:00, 1.60, 48, 245.23, 358.44, 8.35, 0.5383, -0.0686, -0.8395, 0.0278
17:16:00, 1.63, 49, 244.56, 358.68, 8.87, 0.5332, -0.0715, -0.8424, 0.0316
17:16:00, 1.63, 49, 244.07, 358.87, 9.38, 0.5293, -0.0745, -0.8444, 0.0350
17:16:00, 1.67, 50, 243.67, 359.04, 9.73, 0.5261, -0.0765, -0.8461, 0.0376
17:16:00, 1.67, 50, 243.38, 359.24, 10.08, 0.5238, -0.0783, -0.8473, 0.0405
17:16:00, 1.70, 51, 243.15, 359.39, 10.32, 0.5219, -0.0794, -0.8482, 0.0426
17:16:00, 1.70, 51, 242.96, 359.58, 10.60, 0.5202, -0.0807, -0.8490, 0.0451
17:16:00, 1.70, 51, 242.68, 359.73, 10.92, 0.5180, -0.0825, -0.8501, 0.0475
17:16:00, 1.73, 52, 242.41, 359.92, 11.18, 0.5157, -0.0837, -0.8512, 0.0499
17:16:00, 1.73, 52, 242.11, 0.14, 11.46, 0.5132, -0.0849, -0.8525, 0.0525
17:16:00, 1.77, 53, 241.76, 0.39, 11.67, 0.5103, -0.0855, -0.8540, 0.0550
17:16:00, 1.77, 53, 241.36, 0.62, 11.90, 0.5070, -0.0864, -0.8557, 0.0575
17:16:00, 1.77, 53, 240.97, 0.87, 12.07, 0.5038, -0.0868, -0.8574, 0.0598
17:16:00, 1.80, 54, 240.56, 1.08, 12.18, 0.5005, -0.0869, -0.8592, 0.0616
17:16:00, 1.80, 54, 240.19, 1.33, 12.39, 0.4974, -0.0875, -0.8607, 0.0641
17:16:00, 1.83, 55, 239.84, 1.49, 12.61, 0.4945, -0.0887, -0.8621, 0.0660
17:16:00, 1.83, 55, 239.53, 1.65, 12.83, 0.4919, -0.0899, -0.8633, 0.0679
17:16:00, 1.87, 56, 239.34, 1.78, 13.02, 0.4902, -0.0909, -0.8641, 0.0696
17:16:00, 1.87, 56, 239.12, 1.88, 13.25, 0.4883, -0.0923, -0.8648, 0.0711
17:16:00, 1.87, 56, 239.04, 1.99, 13.42, 0.4875, -0.0931, -0.8651, 0.0726
17:16:00, 1.90, 57, 238.95, 2.05, 13.62, 0.4867, -0.0945, -0.8653, 0.0738
17:16:00, 1.90, 57, 238.97, 2.11, 13.89, 0.4866, -0.0963, -0.8650, 0.0754
17:16:00, 1.93, 58, 238.99, 2.14, 14.14, 0.4865, -0.0980, -0.8648, 0.0767
17:16:00, 1.93, 58, 238.97, 2.16, 14.34, 0.4862, -0.0994, -0.8647, 0.0777
17:16:00, 1.93, 58, 238.95, 2.23, 14.51, 0.4859, -0.1004, -0.8647, 0.0789
17:16:00, 1.97, 59, 238.92, 2.28, 14.70, 0.4854, -0.1017, -0.8646, 0.0801
17:16:00, 1.97, 59, 238.84, 2.35, 14.84, 0.4847, -0.1025, -0.8649, 0.0811
17:16:00, 2.00, 60, 238.77, 2.46, 14.99, 0.4839, -0.1032, -0.8651, 0.0825
17:16:00, 2.00, 60, 238.69, 2.55, 15.22, 0.4831, -0.1046, -0.8652, 0.0841
17:16:00, 2.03, 61, 238.60, 2.63, 15.45, 0.4821, -0.1060, -0.8655, 0.0856
17:16:00, 2.03, 61, 238.50, 2.74, 15.62, 0.4811, -0.1070, -0.8657, 0.0870
17:16:00, 2.03, 61, 238.37, 2.80, 15.85, 0.4799, -0.1086, -0.8661, 0.0884
17:16:00, 2.07, 62, 238.22, 2.84, 16.23, 0.4784, -0.1114, -0.8664, 0.0901
17:16:00, 2.07, 62, 238.03, 2.88, 16.61, 0.4766, -0.1142, -0.8668, 0.0918
17:16:00, 2.10, 63, 237.81, 3.04, 16.90, 0.4746, -0.1159, -0.8675, 0.0940
17:16:00, 2.10, 63, 237.63, 3.14, 17.10, 0.4728, -0.1171, -0.8681, 0.0954
17:16:00, 2.10, 63, 237.45, 3.16, 17.26, 0.4714, -0.1184, -0.8687, 0.0960
17:16:00, 2.13, 64, 237.32, 3.21, 17.36, 0.4703, -0.1191, -0.8691, 0.0966
17:16:00, 2.13, 64, 237.27, 3.23, 17.50, 0.4697, -0.1201, -0.8692, 0.0973
17:16:00, 2.17, 65, 237.28, 3.23, 17.65, 0.4696, -0.1213, -0.8690, 0.0980
17:16:00, 2.17, 65, 237.25, 3.23, 17.83, 0.4693, -0.1226, -0.8689, 0.0986
17:16:00, 2.20, 66, 237.21, 3.23, 17.95, 0.4688, -0.1236, -0.8690, 0.0991
17:16:00, 2.20, 66, 237.13, 3.26, 18.00, 0.4682, -0.1239, -0.8692, 0.0994
17:16:00, 2.20, 66, 237.03, 3.28, 18.07, 0.4673, -0.1244, -0.8696, 0.0998
17:16:01, 2.23, 67, 236.93, 3.28, 18.11, 0.4665, -0.1249, -0.8700, 0.0998
17:16:01, 2.23, 67, 236.87, 3.23, 18.18, 0.4661, -0.1256, -0.8701, 0.0997
17:16:01, 2.27, 68, 236.81, 3.24, 18.19, 0.4656, -0.1257, -0.8703, 0.0997
17:16:01, 2.27, 68, 236.80, 3.22, 18.19, 0.4655, -0.1258, -0.8704, 0.0995
17:16:01, 2.27, 68, 236.82, 3.22, 18.20, 0.4657, -0.1258, -0.8703, 0.0997
17:16:01, 2.30, 69, 236.87, 3.24, 18.21, 0.4661, -0.1258, -0.8700, 0.0999
17:16:01, 2.30, 69, 236.91, 3.22, 18.20, 0.4664, -0.1258, -0.8699, 0.0997
17:16:01, 2.33, 70, 236.92, 3.26, 18.19, 0.4664, -0.1255, -0.8699, 0.1000
17:16:01, 2.33, 70, 236.96, 3.30, 18.15, 0.4667, -0.1250, -0.8698, 0.1002
17:16:01, 2.37, 71, 237.02, 3.37, 18.16, 0.4670, -0.1248, -0.8696, 0.1009
17:16:01, 2.37, 71, 237.08, 3.40, 18.17, 0.4675, -0.1246, -0.8693, 0.1012
17:16:01, 2.37, 71, 237.11, 3.37, 18.14, 0.4678, -0.1245, -0.8692, 0.1008
17:16:01, 2.40, 72, 237.14, 3.37, 18.14, 0.4680, -0.1245, -0.8691, 0.1009
17:16:01, 2.40, 72, 237.16, 3.39, 18.13, 0.4681, -0.1243, -0.8690, 0.1010
17:16:01, 2.43, 73, 237.18, 3.40, 18.14, 0.4682, -0.1243, -0.8689, 0.1012
17:16:01, 2.43, 73, 237.18, 3.43, 18.17, 0.4682, -0.1244, -0.8689, 0.1015
17:16:01, 2.43, 73, 237.21, 3.45, 18.17, 0.4684, -0.1243, -0.8688, 0.1016
17:16:01, 2.47, 74, 237.21, 3.43, 18.18, 0.4684, -0.1245, -0.8688, 0.1016
17:16:01, 2.47, 74, 237.20, 3.44, 18.18, 0.4683, -0.1245, -0.8688, 0.1016
17:16:01, 2.50, 75, 237.18, 3.42, 18.18, 0.4682, -0.1246, -0.8689, 0.1015
17:16:01, 2.50, 75, 237.17, 3.43, 18.19, 0.4681, -0.1246, -0.8689, 0.1015
17:16:01, 2.53, 76, 237.14, 3.44, 18.19, 0.4678, -0.1246, -0.8691, 0.1016
17:16:01, 2.53, 76, 237.12, 3.44, 18.20, 0.4677, -0.1247, -0.8692, 0.1016
17:16:01, 2.53, 76, 237.11, 3.45, 18.19, 0.4676, -0.1246, -0.8692, 0.1016
17:16:01, 2.57, 77, 237.07, 3.47, 18.20, 0.4673, -0.1246, -0.8693, 0.1018
17:16:01, 2.57, 77, 237.05, 3.52, 18.20, 0.4671, -0.1244, -0.8694, 0.1022
17:16:01, 2.60, 78, 237.04, 3.53, 18.20, 0.4669, -0.1244, -0.8695, 0.1022
17:16:01, 2.60, 78, 237.04, 3.54, 18.17, 0.4670, -0.1241, -0.8695, 0.1022
17:16:01, 2.60, 78, 237.04, 3.54, 18.14, 0.4670, -0.1239, -0.8696, 0.1020
17:16:01, 2.63, 79, 237.05, 3.51, 18.07, 0.4672, -0.1235, -0.8696, 0.1016
17:16:01, 2.63, 79, 237.06, 3.51, 18.03, 0.4672, -0.1232, -0.8696, 0.1014
17:16:01, 2.67, 80, 237.05, 3.55, 18.01, 0.4672, -0.1228, -0.8697, 0.1016
17:16:01, 2.67, 80, 237.07, 3.60, 17.96, 0.4673, -0.1222, -0.8697, 0.1018
17:16:01, 2.70, 81, 237.10, 3.63, 17.96, 0.4675, -0.1221, -0.8695, 0.1020
17:16:01, 2.70, 81, 237.14, 3.64, 17.97, 0.4678, -0.1221, -0.8694, 0.1022
17:16:01, 2.70, 81, 237.19, 3.66, 17.98, 0.4681, -0.1221, -0.8692, 0.1024
17:16:01, 2.73, 82, 237.22, 3.65, 18.00, 0.4684, -0.1222, -0.8690, 0.1025
17:16:01, 2.73, 82, 237.28, 3.62, 17.99, 0.4688, -0.1222, -0.8688, 0.1023
17:16:01, 2.77, 83, 237.28, 3.60, 17.95, 0.4689, -0.1220, -0.8688, 0.1019
17:16:01, 2.77, 83, 237.32, 3.58, 17.91, 0.4692, -0.1217, -0.8687, 0.1017
17:16:01, 2.77, 83, 237.32, 3.54, 17.90, 0.4694, -0.1218, -0.8687, 0.1014
17:16:01, 2.80, 84, 237.33, 3.51, 17.87, 0.4695, -0.1217, -0.8687, 0.1010
17:16:01, 2.80, 84, 237.37, 3.49, 17.84, 0.4699, -0.1215, -0.8685, 0.1008
17:16:01, 2.83, 85, 237.40, 3.47, 17.81, 0.4701, -0.1214, -0.8684, 0.1005
17:16:01, 2.83, 85, 237.46, 3.45, 17.78, 0.4706, -0.1211, -0.8682, 0.1003
17:16:01, 2.87, 86, 237.48, 3.43, 17.75, 0.4709, -0.1210, -0.8681, 0.1001
17:16:01, 2.87, 86, 237.54, 3.43, 17.71, 0.4713, -0.1207, -0.8679, 0.1000
17:16:01, 2.87, 86, 237.63, 3.41, 17.67, 0.4721, -0.1204, -0.8676, 0.0998
17:16:01, 2.90, 87, 237.70, 3.38, 17.65, 0.4726, -0.1203, -0.8673, 0.0995
17:16:01, 2.93, 88, 237.97, 3.21, 17.46, 0.4750, -0.1193, -0.8663, 0.0978
17:16:01, 2.93, 88, 238.08, 3.18, 17.39, 0.4760, -0.1188, -0.8660, 0.0973
17:16:01, 2.97, 89, 238.25, 3.09, 17.29, 0.4774, -0.1183, -0.8653, 0.0965
17:16:01, 2.97, 89, 238.42, 2.99, 17.16, 0.4790, -0.1176, -0.8647, 0.0953
17:16:01, 3.00, 90, 238.65, 2.93, 17.07, 0.4808, -0.1170, -0.8638, 0.0947
17:16:01, 3.00, 90, 238.88, 2.84, 16.96, 0.4828, -0.1163, -0.8629, 0.0938
17:16:01, 3.00, 90, 239.13, 2.78, 16.79, 0.4849, -0.1151, -0.8620, 0.0929
17:16:01, 3.03, 91, 239.47, 2.67, 16.61, 0.4877, -0.1139, -0.8607, 0.0916
17:16:01, 3.03, 91, 239.80, 2.56, 16.40, 0.4905, -0.1126, -0.8594, 0.0903
17:16:01, 3.07, 92, 240.14, 2.47, 16.25, 0.4933, -0.1116, -0.8581, 0.0893
17:16:01, 3.07, 92, 240.52, 2.35, 16.10, 0.4964, -0.1107, -0.8565, 0.0881
17:16:01, 3.10, 93, 240.91, 2.26, 15.89, 0.4995, -0.1092, -0.8550, 0.0869
17:16:01, 3.10, 93, 241.25, 2.28, 15.69, 0.5022, -0.1074, -0.8537, 0.0865
17:16:01, 3.10, 93, 241.72, 2.33, 15.48, 0.5058, -0.1052, -0.8518, 0.0864
17:16:01, 3.13, 94, 242.21, 2.32, 15.29, 0.5096, -0.1035, -0.8498, 0.0859
17:16:01, 3.13, 94, 242.81, 2.34, 15.06, 0.5142, -0.1013, -0.8474, 0.0855
17:16:01, 3.17, 95, 243.45, 2.31, 14.87, 0.5191, -0.0995, -0.8447, 0.0851
17:16:01, 3.17, 95, 244.17, 2.26, 14.80, 0.5245, -0.0988, -0.8414, 0.0850
17:16:01, 3.17, 95, 244.96, 2.30, 14.78, 0.5303, -0.0978, -0.8378, 0.0858
17:16:01, 3.20, 96, 245.86, 2.24, 14.80, 0.5369, -0.0975, -0.8336, 0.0862
17:16:01, 3.20, 96, 246.95, 2.26, 14.78, 0.5448, -0.0965, -0.8284, 0.0872
17:16:02, 3.23, 97, 248.09, 2.24, 14.72, 0.5530, -0.0953, -0.8230, 0.0878
17:16:02, 3.23, 97, 249.30, 2.19, 14.62, 0.5619, -0.0939, -0.8172, 0.0879
17:16:02, 3.27, 98, 250.53, 2.13, 14.66, 0.5706, -0.0935, -0.8110, 0.0887
17:16:02, 3.27, 98, 251.76, 1.97, 14.75, 0.5793, -0.0940, -0.8047, 0.0890
17:16:02, 3.27, 98, 252.90, 1.73, 14.98, 0.5874, -0.0960, -0.7986, 0.0895
17:16:02, 3.30, 99, 253.99, 1.60, 15.03, 0.5951, -0.0962, -0.7928, 0.0897
17:16:02, 3.30, 99, 254.99, 1.45, 15.11, 0.6021, -0.0967, -0.7875, 0.0899
17:16:02, 3.33, 100, 256.04, 1.39, 15.10, 0.6093, -0.0961, -0.7819, 0.0904
17:16:02, 3.33, 100, 256.93, 1.24, 15.11, 0.6155, -0.0963, -0.7770, 0.0902
17:16:02, 3.33, 100, 257.66, 1.09, 15.02, 0.6207, -0.0958, -0.7731, 0.0893
17:16:02, 3.37, 101, 258.32, 0.94, 14.87, 0.6253, -0.0952, -0.7695, 0.0880
17:16:02, 3.37, 101, 258.85, 0.77, 14.67, 0.6292, -0.0943, -0.7667, 0.0862
17:16:02, 3.40, 102, 259.44, 0.54, 14.38, 0.6335, -0.0933, -0.7635, 0.0836
17:16:02, 3.40, 102, 260.02, 0.39, 14.19, 0.6377, -0.0925, -0.7603, 0.0820
17:16:02, 3.43, 103, 260.68, 0.23, 14.04, 0.6423, -0.0918, -0.7566, 0.0806
17:16:02, 3.43, 103, 261.48, 0.10, 13.84, 0.6478, -0.0907, -0.7522, 0.0793
17:16:02, 3.43, 103, 262.26, 0.05, 13.73, 0.6530, -0.0897, -0.7479, 0.0789
17:16:02, 3.47, 104, 262.99, 359.94, 13.65, 0.6579, -0.0894, -0.7436, 0.0783
17:16:02, 3.47, 104, 263.85, 359.80, 13.51, 0.6636, -0.0887, -0.7387, 0.0773
17:16:02, 3.50, 105, 264.65, 359.70, 13.46, 0.6689, -0.0884, -0.7340, 0.0770
17:16:02, 3.50, 105, 265.43, 359.63, 13.36, 0.6740, -0.0876, -0.7295, 0.0765
17:16:02, 3.50, 105, 266.24, 359.54, 13.32, 0.6792, -0.0874, -0.7247, 0.0763
17:16:02, 3.53, 106, 267.06, 359.50, 13.25, 0.6845, -0.0866, -0.7198, 0.0764
17:16:02, 3.53, 106, 267.78, 359.34, 13.07, 0.6892, -0.0860, -0.7155, 0.0748
17:16:02, 3.57, 107, 268.48, 359.24, 12.95, 0.6937, -0.0854, -0.7113, 0.0740
17:16:02, 3.57, 107, 269.16, 359.11, 12.81, 0.6981, -0.0848, -0.7072, 0.0728
17:16:02, 3.60, 108, 269.81, 359.02, 12.74, 0.7022, -0.0846, -0.7032, 0.0723
17:16:02, 3.60, 108, 270.41, 358.91, 12.67, 0.7060, -0.0844, -0.6995, 0.0716
17:16:02, 3.60, 108, 271.02, 358.85, 12.55, 0.7098, -0.0837, -0.6958, 0.0710
17:16:02, 3.63, 109, 271.58, 358.75, 12.40, 0.7134, -0.0831, -0.6923, 0.0698
17:16:02, 3.63, 109, 272.24, 358.64, 12.21, 0.7175, -0.0823, -0.6883, 0.0685
17:16:02, 3.67, 110, 272.95, 358.52, 12.00, 0.7220, -0.0813, -0.6838, 0.0669
17:16:02, 3.67, 110, 273.57, 358.38, 11.89, 0.7258, -0.0812, -0.6799, 0.0659
17:16:02, 3.70, 111, 274.17, 358.27, 11.74, 0.7295, -0.0807, -0.6761, 0.0647
17:16:02, 3.70, 111, 274.77, 358.21, 11.59, 0.7331, -0.0798, -0.6724, 0.0638
17:16:02, 3.70, 111, 275.38, 358.10, 11.52, 0.7368, -0.0798, -0.6684, 0.0631
17:16:02, 3.73, 112, 275.91, 358.00, 11.42, 0.7400, -0.0795, -0.6650, 0.0622
17:16:02, 3.73, 112, 276.45, 357.88, 11.34, 0.7432, -0.0796, -0.6615, 0.0614
17:16:02, 3.77, 113, 276.95, 357.76, 11.19, 0.7462, -0.0792, -0.6583, 0.0601
17:16:02, 3.77, 113, 277.40, 357.69, 11.08, 0.7489, -0.0788, -0.6554, 0.0593
17:16:02, 3.77, 113, 277.82, 357.58, 10.95, 0.7514, -0.0785, -0.6526, 0.0581
17:16:02, 3.80, 114, 278.32, 357.52, 10.84, 0.7543, -0.0780, -0.6493, 0.0573
17:16:02, 3.80, 114, 278.76, 357.45, 10.76, 0.7568, -0.0778, -0.6465, 0.0568
17:16:02, 3.83, 115, 279.13, 357.32, 10.73, 0.7590, -0.0783, -0.6439, 0.0561
17:16:02, 3.83, 115, 279.50, 357.29, 10.61, 0.7612, -0.0777, -0.6415, 0.0554
17:16:02, 3.87, 116, 279.84, 357.24, 10.49, 0.7631, -0.0772, -0.6393, 0.0545
17:16:02, 3.87, 116, 280.18, 357.20, 10.34, 0.7651, -0.0765, -0.6371, 0.0535
17:16:02, 3.87, 116, 280.54, 357.15, 10.21, 0.7672, -0.0759, -0.6348, 0.0526
17:16:02, 3.90, 117, 281.01, 357.18, 10.09, 0.7698, -0.0749, -0.6317, 0.0523
17:16:02, 3.90, 117, 281.49, 357.14, 9.84, 0.7726, -0.0735, -0.6286, 0.0506
17:16:02, 3.93, 118, 281.94, 357.12, 9.69, 0.7751, -0.0727, -0.6256, 0.0498
17:16:02, 3.93, 118, 282.41, 357.05, 9.50, 0.7778, -0.0719, -0.6225, 0.0484
17:16:02, 3.93, 118, 282.93, 357.05, 9.33, 0.7807, -0.0708, -0.6191, 0.0476
17:16:02, 3.97, 119, 283.36, 356.98, 9.23, 0.7831, -0.0704, -0.6162, 0.0468
17:16:02, 3.97, 119, 283.95, 357.04, 9.08, 0.7863, -0.0690, -0.6122, 0.0465
17:16:02, 4.00, 120, 284.56, 357.08, 8.98, 0.7896, -0.0679, -0.6081, 0.0464
17:16:02, 4.00, 120, 285.23, 357.07, 8.72, 0.7932, -0.0665, -0.6037, 0.0449
17:16:02, 4.03, 121, 285.83, 357.02, 8.64, 0.7964, -0.0661, -0.5995, 0.0444
17:16:02, 4.03, 121, 286.48, 356.95, 8.56, 0.7998, -0.0659, -0.5950, 0.0439
17:16:02, 4.03, 121, 287.20, 356.88, 8.59, 0.8036, -0.0662, -0.5899, 0.0442
17:16:02, 4.07, 122, 288.06, 356.84, 8.58, 0.8080, -0.0662, -0.5838, 0.0443
17:16:02, 4.07, 122, 288.98, 356.80, 8.52, 0.8127, -0.0658, -0.5773, 0.0443
17:16:02, 4.10, 123, 289.99, 356.80, 8.51, 0.8177, -0.0654, -0.5701, 0.0448
17:16:02, 4.10, 123, 291.01, 356.87, 8.52, 0.8227, -0.0645, -0.5629, 0.0458
17:16:02, 4.10, 123, 292.16, 356.97, 8.49, 0.8284, -0.0632, -0.5547, 0.0466
17:16:02, 4.13, 124, 293.25, 357.02, 8.45, 0.8336, -0.0622, -0.5469, 0.0472
17:16:02, 4.13, 124, 294.47, 357.08, 8.38, 0.8394, -0.0609, -0.5380, 0.0477
17:16:02, 4.17, 125, 295.64, 357.12, 8.39, 0.8448, -0.0602, -0.5294, 0.0486
17:16:02, 4.17, 125, 296.95, 357.15, 8.35, 0.8509, -0.0592, -0.5197, 0.0491
17:16:02, 4.17, 125, 298.30, 357.19, 8.44, 0.8569, -0.0587, -0.5097, 0.0506
17:16:02, 4.20, 126, 299.65, 357.26, 8.41, 0.8628, -0.0575, -0.4996, 0.0514
17:16:02, 4.20, 126, 301.04, 357.22, 8.44, 0.8688, -0.0573, -0.4891, 0.0522
17:16:03, 4.23, 127, 302.47, 357.12, 8.48, 0.8748, -0.0576, -0.4781, 0.0527
17:16:03, 4.23, 127, 303.84, 357.00, 8.42, 0.8805, -0.0576, -0.4676, 0.0524
17:16:03, 4.27, 128, 305.19, 356.87, 8.48, 0.8859, -0.0582, -0.4571, 0.0531
17:16:03, 4.27, 128, 306.60, 356.80, 8.52, 0.8915, -0.0582, -0.4461, 0.0538
17:16:03, 4.27, 128, 308.02, 356.72, 8.56, 0.8969, -0.0583, -0.4349, 0.0546
17:16:03, 4.30, 129, 309.43, 356.60, 8.54, 0.9022, -0.0585, -0.4238, 0.0546
17:16:03, 4.30, 129, 310.92, 356.51, 8.54, 0.9077, -0.0585, -0.4119, 0.0551
17:16:03, 4.33, 130, 312.28, 356.44, 8.55, 0.9125, -0.0585, -0.4011, 0.0556
17:16:03, 4.33, 130, 313.69, 356.49, 8.50, 0.9174, -0.0572, -0.3899, 0.0561
17:16:03, 4.33, 130, 315.01, 356.43, 8.44, 0.9218, -0.0568, -0.3793, 0.0560
17:16:03, 4.37, 131, 316.35, 356.40, 8.37, 0.9262, -0.0562, -0.3685, 0.0560
17:16:03, 4.37, 131, 317.70, 356.43, 8.26, 0.9306, -0.0549, -0.3576, 0.0559
17:16:03, 4.40, 132, 319.02, 356.40, 8.29, 0.9346, -0.0546, -0.3468, 0.0567
17:16:03, 4.40, 132, 320.24, 356.46, 8.24, 0.9383, -0.0534, -0.3370, 0.0571
17:16:03, 4.43, 133, 321.36, 356.62, 8.21, 0.9416, -0.0514, -0.3279, 0.0578
17:16:03, 4.43, 133, 322.50, 356.68, 8.10, 0.9448, -0.0501, -0.3186, 0.0576
17:16:03, 4.43, 133, 323.59, 356.76, 7.93, 0.9479, -0.0483, -0.3097, 0.0568
17:16:03, 4.47, 134, 324.74, 356.87, 7.78, 0.9510, -0.0465, -0.3003, 0.0564
17:16:03, 4.47, 134, 325.86, 357.06, 7.66, 0.9540, -0.0441, -0.2912, 0.0563
17:16:03, 4.50, 135, 326.96, 357.30, 7.41, 0.9569, -0.0409, -0.2822, 0.0552
17:16:03, 4.50, 135, 328.12, 357.59, 7.19, 0.9598, -0.0374, -0.2728, 0.0545
17:16:03, 4.50, 135, 329.18, 357.84, 6.86, 0.9624, -0.0340, -0.2641, 0.0527
17:16:03, 4.53, 136, 330.16, 358.27, 6.45, 0.9649, -0.0290, -0.2562, 0.0505
17:16:03, 4.53, 136, 331.10, 358.70, 5.94, 0.9671, -0.0239, -0.2486, 0.0473
17:16:03, 4.57, 137, 332.05, 359.19, 5.46, 0.9694, -0.0184, -0.2409, 0.0445
17:16:03, 4.57, 137, 332.87, 359.73, 4.98, 0.9712, -0.0125, -0.2342, 0.0417
17:16:03, 4.60, 138, 333.69, 0.19, 4.56, 0.9730, -0.0075, -0.2274, 0.0391
17:16:03, 4.60, 138, 334.47, 0.55, 4.31, 0.9746, -0.0037, -0.2209, 0.0377
17:16:03, 4.60, 138, 335.22, 0.83, 4.10, 0.9760, -0.0006, -0.2146, 0.0365
17:16:03, 4.63, 139, 336.01, 0.95, 3.90, 0.9775, 0.0011, -0.2080, 0.0350
17:16:03, 4.63, 139, 336.81, 1.03, 3.66, 0.9790, 0.0024, -0.2011, 0.0331
17:16:03, 4.67, 140, 337.68, 1.09, 3.54, 0.9805, 0.0033, -0.1937, 0.0321
17:16:03, 4.67, 140, 338.57, 1.10, 3.35, 0.9821, 0.0040, -0.1861, 0.0305
17:16:03, 4.67, 140, 339.49, 1.15, 3.10, 0.9836, 0.0050, -0.1782, 0.0284
17:16:03, 4.70, 141, 340.41, 1.15, 2.95, 0.9850, 0.0055, -0.1704, 0.0271
17:16:03, 4.70, 141, 341.38, 1.23, 2.89, 0.9864, 0.0065, -0.1620, 0.0266
17:16:03, 4.73, 142, 342.28, 1.32, 2.81, 0.9877, 0.0076, -0.1543, 0.0260
17:16:03, 4.73, 142, 343.21, 1.32, 2.78, 0.9889, 0.0079, -0.1462, 0.0257
17:16:03, 4.77, 143, 344.25, 1.43, 2.80, 0.9902, 0.0090, -0.1373, 0.0259
17:16:03, 4.77, 143, 345.17, 1.52, 2.84, 0.9912, 0.0099, -0.1293, 0.0262
17:16:03, 4.77, 143, 346.15, 1.61, 2.76, 0.9923, 0.0111, -0.1208, 0.0256
17:16:03, 4.80, 144, 347.17, 1.67, 2.75, 0.9933, 0.0118, -0.1121, 0.0254
17:16:03, 4.80, 144, 348.06, 1.73, 2.73, 0.9941, 0.0125, -0.1043, 0.0252
17:16:03, 4.83, 145, 349.02, 1.78, 2.75, 0.9950, 0.0132, -0.0960, 0.0254
17:16:03, 4.83, 145, 349.86, 1.93, 2.64, 0.9956, 0.0148, -0.0888, 0.0244
17:16:03, 4.83, 145, 350.72, 2.01, 2.57, 0.9963, 0.0156, -0.0813, 0.0238
17:16:03, 4.87, 146, 351.50, 2.15, 2.46, 0.9968, 0.0171, -0.0745, 0.0228
17:16:03, 4.87, 146, 352.25, 2.39, 2.43, 0.9972, 0.0194, -0.0680, 0.0226
17:16:03, 4.90, 147, 352.74, 2.59, 2.47, 0.9975, 0.0212, -0.0638, 0.0229
17:16:03, 4.90, 147, 353.10, 2.88, 2.57, 0.9976, 0.0237, -0.0607, 0.0239
17:16:03, 4.93, 148, 353.28, 3.24, 2.58, 0.9976, 0.0269, -0.0592, 0.0241
17:16:03, 4.93, 148, 353.37, 3.56, 2.54, 0.9976, 0.0298, -0.0585, 0.0239
17:16:03, 4.93, 148, 353.45, 3.88, 2.42, 0.9975, 0.0326, -0.0578, 0.0230
17:16:03, 4.97, 149, 353.60, 4.18, 2.23, 0.9975, 0.0353, -0.0565, 0.0214
17:16:03, 4.97, 149, 353.78, 4.43, 2.12, 0.9976, 0.0376, -0.0549, 0.0206
17:16:03, 5.00, 150, 353.98, 4.57, 2.08, 0.9976, 0.0389, -0.0531, 0.0202
17:16:03, 5.00, 150, 354.24, 4.72, 2.05, 0.9977, 0.0402, -0.0510, 0.0199
17:16:03, 5.03, 151, 354.56, 4.80, 2.07, 0.9978, 0.0410, -0.0482, 0.0200
17:16:03, 5.03, 151, 355.00, 4.87, 2.07, 0.9979, 0.0416, -0.0444, 0.0198
17:16:03, 5.03, 151, 355.43, 4.97, 2.10, 0.9981, 0.0426, -0.0406, 0.0201
17:16:03, 5.07, 152, 355.93, 5.05, 2.02, 0.9982, 0.0434, -0.0363, 0.0192
17:16:03, 5.07, 152, 356.48, 5.02, 1.98, 0.9984, 0.0432, -0.0314, 0.0186
17:16:03, 5.10, 153, 357.01, 5.11, 1.96, 0.9985, 0.0441, -0.0268, 0.0183
17:16:03, 5.10, 153, 357.56, 5.04, 1.83, 0.9987, 0.0436, -0.0220, 0.0169
17:16:03, 5.10, 153, 358.09, 4.96, 1.80, 0.9988, 0.0430, -0.0173, 0.0164
17:16:03, 5.13, 154, 358.67, 4.92, 1.75, 0.9989, 0.0428, -0.0123, 0.0157
17:16:03, 5.13, 154, 359.11, 4.87, 1.66, 0.9990, 0.0424, -0.0084, 0.0148
17:16:03, 5.17, 155, 359.52, 4.77, 1.58, 0.9990, 0.0416, -0.0048, 0.0140
17:16:03, 5.17, 155, 359.93, 4.78, 1.49, 0.9990, 0.0417, -0.0011, 0.0131
17:16:03, 5.20, 156, 0.32, 4.63, 1.40, 0.9991, 0.0404, 0.0023, 0.0121
17:16:03, 5.20, 156, 0.62, 4.48, 1.36, 0.9992, 0.0392, 0.0049, 0.0117
17:16:03, 5.20, 156, 0.82, 4.36, 1.34, 0.9992, 0.0381, 0.0067, 0.0114
17:16:04, 5.23, 157, 0.94, 4.19, 1.44, 0.9992, 0.0366, 0.0078, 0.0122
17:16:04, 5.23, 157, 0.93, 3.97, 1.56, 0.9993, 0.0348, 0.0076, 0.0133
17:16:04, 5.27, 158, 0.82, 3.75, 1.74, 0.9993, 0.0328, 0.0067, 0.0149
17:16:04, 5.27, 158, 0.59, 3.59, 1.95, 0.9994, 0.0314, 0.0046, 0.0169
17:16:04, 5.27, 158, 0.33, 3.49, 2.10, 0.9994, 0.0305, 0.0023, 0.0182
17:16:04, 5.30, 159, 0.13, 3.39, 2.10, 0.9994, 0.0296, 0.0006, 0.0183
17:16:04, 5.30, 159, 0.01, 3.35, 2.04, 0.9994, 0.0292, -0.0005, 0.0178
17:16:04, 5.33, 160, 0.02, 3.24, 1.97, 0.9995, 0.0283, -0.0003, 0.0171
17:16:04, 5.33, 160, 0.10, 3.12, 1.95, 0.9995, 0.0272, 0.0004, 0.0170
17:16:04, 5.37, 161, 0.22, 2.94, 1.98, 0.9995, 0.0257, 0.0015, 0.0172
17:16:04, 5.37, 161, 0.44, 2.77, 1.94, 0.9996, 0.0243, 0.0034, 0.0169
17:16:04, 5.37, 161, 0.78, 2.59, 1.91, 0.9996, 0.0227, 0.0065, 0.0165
17:16:04, 5.40, 162, 1.32, 2.42, 1.89, 0.9996, 0.0213, 0.0112, 0.0162
17:16:04, 5.40, 162, 1.97, 2.21, 1.83, 0.9995, 0.0195, 0.0168, 0.0156
17:16:04, 5.43, 163, 2.67, 2.13, 1.71, 0.9995, 0.0190, 0.0230, 0.0145
17:16:04, 5.43, 163, 3.44, 2.00, 1.64, 0.9993, 0.0179, 0.0298, 0.0138
17:16:04, 5.43, 163, 4.23, 1.98, 1.56, 0.9991, 0.0178, 0.0366, 0.0130
17:16:04, 5.47, 164, 5.12, 1.84, 1.54, 0.9988, 0.0166, 0.0444, 0.0128
17:16:04, 5.47, 164, 6.15, 1.79, 1.44, 0.9984, 0.0163, 0.0534, 0.0117
17:16:04, 5.50, 165, 7.33, 1.72, 1.25, 0.9978, 0.0156, 0.0637, 0.0099
17:16:04, 5.50, 165, 8.61, 1.73, 1.02, 0.9970, 0.0157, 0.0749, 0.0078
17:16:04, 5.53, 166, 9.91, 1.73, 0.77, 0.9961, 0.0156, 0.0863, 0.0054
17:16:04, 5.53, 166, 11.32, 1.80, 0.45, 0.9950, 0.0160, 0.0985, 0.0023
17:16:04, 5.53, 166, 12.82, 1.77, 0.12, 0.9936, 0.0154, 0.1116, -0.0007
17:16:04, 5.57, 167, 14.33, 1.74, 359.81, 0.9921, 0.0148, 0.1248, -0.0036
17:16:04, 5.57, 167, 15.81, 1.78, 359.54, 0.9904, 0.0148, 0.1376, -0.0061
17:16:04, 5.60, 168, 17.20, 1.73, 359.33, 0.9886, 0.0140, 0.1496, -0.0080
17:16:04, 5.60, 168, 18.63, 1.76, 359.03, 0.9866, 0.0138, 0.1620, -0.0108
17:16:04, 5.60, 168, 20.04, 1.83, 358.80, 0.9845, 0.0139, 0.1741, -0.0131
17:16:04, 5.63, 169, 21.37, 1.99, 358.57, 0.9824, 0.0148, 0.1856, -0.0154
17:16:04, 5.63, 169, 22.52, 2.02, 358.30, 0.9804, 0.0144, 0.1954, -0.0180
17:16:04, 5.67, 170, 23.66, 2.17, 358.04, 0.9784, 0.0150, 0.2053, -0.0206
17:16:04, 5.67, 170, 24.66, 2.48, 357.70, 0.9764, 0.0168, 0.2139, -0.0242
17:16:04, 5.70, 171, 25.59, 2.79, 357.27, 0.9745, 0.0185, 0.2219, -0.0286
17:16:04, 5.70, 171, 26.49, 3.31, 356.69, 0.9724, 0.0215, 0.2297, -0.0347
17:16:04, 5.70, 171, 27.32, 4.05, 356.21, 0.9703, 0.0265, 0.2370, -0.0405
17:16:04, 5.73, 172, 28.19, 4.76, 355.58, 0.9679, 0.0308, 0.2447, -0.0475
17:16:04, 5.73, 172, 28.95, 5.24, 355.16, 0.9659, 0.0337, 0.2514, -0.0522
17:16:04, 5.77, 173, 29.59, 5.57, 354.85, 0.9642, 0.0355, 0.2569, -0.0558
17:16:04, 5.77, 173, 30.12, 5.73, 354.65, 0.9628, 0.0361, 0.2615, -0.0580
17:16:04, 5.77, 173, 30.65, 5.79, 354.47, 0.9614, 0.0359, 0.2660, -0.0598
17:16:04, 5.80, 174, 31.14, 5.85, 354.37, 0.9602, 0.0359, 0.2701, -0.0610
17:16:04, 5.80, 174, 31.74, 5.86, 354.24, 0.9587, 0.0354, 0.2752, -0.0623
17:16:04, 5.83, 175, 32.37, 5.87, 354.22, 0.9572, 0.0351, 0.2805, -0.0626
17:16:04, 5.83, 175, 33.01, 5.92, 354.12, 0.9555, 0.0349, 0.2859, -0.0638
17:16:04, 5.87, 176, 33.64, 5.94, 354.07, 0.9539, 0.0346, 0.2911, -0.0644
17:16:04, 5.87, 176, 34.22, 5.95, 354.07, 0.9524, 0.0344, 0.2960, -0.0646
17:16:04, 5.87, 176, 34.75, 5.95, 353.98, 0.9510, 0.0338, 0.3004, -0.0655
17:16:04, 5.90, 177, 35.28, 5.95, 353.96, 0.9496, 0.0334, 0.3048, -0.0659
17:16:04, 5.90, 177, 35.73, 5.96, 353.85, 0.9483, 0.0329, 0.3086, -0.0669
17:16:04, 5.93, 178, 36.10, 5.88, 353.84, 0.9473, 0.0321, 0.3116, -0.0669
17:16:04, 5.93, 178, 36.47, 5.90, 353.82, 0.9463, 0.0320, 0.3147, -0.0672
17:16:04, 5.93, 178, 36.76, 5.86, 353.78, 0.9455, 0.0313, 0.3171, -0.0675
17:16:04, 5.97, 179, 37.01, 5.80, 353.70, 0.9448, 0.0305, 0.3192, -0.0680
17:16:04, 5.97, 179, 37.37, 5.75, 353.65, 0.9438, 0.0297, 0.3221, -0.0684
17:16:04, 6.00, 180, 37.71, 5.68, 353.55, 0.9428, 0.0287, 0.3249, -0.0691
17:16:04, 6.00, 180, 37.97, 5.62, 353.44, 0.9420, 0.0277, 0.3270, -0.0700
17:16:04, 6.03, 181, 38.14, 5.61, 353.39, 0.9415, 0.0274, 0.3284, -0.0704
17:16:04, 6.03, 181, 38.41, 5.55, 353.30, 0.9407, 0.0264, 0.3307, -0.0710
17:16:04, 6.03, 181, 38.83, 5.52, 353.23, 0.9395, 0.0257, 0.3341, -0.0716
17:16:04, 6.07, 182, 39.44, 5.41, 353.15, 0.9377, 0.0242, 0.3391, -0.0720
17:16:04, 6.07, 182, 40.12, 5.27, 353.02, 0.9356, 0.0222, 0.3446, -0.0729
17:16:04, 6.10, 183, 40.91, 5.20, 352.92, 0.9332, 0.0208, 0.3511, -0.0736
17:16:04, 6.10, 183, 41.55, 5.09, 352.88, 0.9313, 0.0194, 0.3562, -0.0737
17:16:04, 6.10, 183, 42.20, 5.16, 352.88, 0.9292, 0.0196, 0.3615, -0.0741
17:16:04, 6.13, 184, 42.77, 5.26, 352.76, 0.9272, 0.0196, 0.3662, -0.0754
17:16:04, 6.13, 184, 43.11, 5.42, 352.63, 0.9260, 0.0203, 0.3691, -0.0770
17:16:04, 6.17, 185, 43.35, 5.56, 352.47, 0.9250, 0.0207, 0.3711, -0.0788
17:16:04, 6.17, 185, 43.45, 5.68, 352.33, 0.9245, 0.0212, 0.3720, -0.0804
17:16:04, 6.20, 186, 43.58, 5.76, 352.19, 0.9240, 0.0213, 0.3730, -0.0818
17:16:04, 6.20, 186, 43.57, 5.77, 352.00, 0.9238, 0.0208, 0.3730, -0.0833
17:16:04, 6.20, 186, 43.60, 5.77, 351.86, 0.9236, 0.0203, 0.3733, -0.0845
17:16:05, 6.23, 187, 43.73, 5.74, 351.75, 0.9232, 0.0196, 0.3743, -0.0853
17:16:05, 6.23, 187, 43.88, 5.77, 351.68, 0.9226, 0.0195, 0.3755, -0.0860
17:16:05, 6.27, 188, 44.02, 5.77, 351.61, 0.9221, 0.0192, 0.3767, -0.0865
17:16:05, 6.27, 188, 44.18, 5.71, 351.56, 0.9216, 0.0183, 0.3780, -0.0868
17:16:05, 6.27, 188, 44.38, 5.67, 351.50, 0.9209, 0.0177, 0.3796, -0.0872
17:16:05, 6.30, 189, 44.62, 5.58, 351.35, 0.9200, 0.0163, 0.3815, -0.0881
17:16:05, 6.30, 189, 44.89, 5.46, 351.16, 0.9190, 0.0145, 0.3836, -0.0893
17:16:05, 6.33, 190, 45.08, 5.29, 350.99, 0.9184, 0.0124, 0.3851, -0.0901
17:16:05, 6.33, 190, 45.25, 5.08, 351.03, 0.9180, 0.0107, 0.3863, -0.0891
17:16:05, 6.37, 191, 45.23, 5.04, 351.13, 0.9181, 0.0108, 0.3862, -0.0882
17:16:05, 6.37, 191, 45.36, 5.23, 351.01, 0.9175, 0.0118, 0.3873, -0.0898
17:16:05, 6.37, 191, 45.52, 5.31, 351.10, 0.9170, 0.0126, 0.3886, -0.0893
17:16:05, 6.40, 192, 45.60, 5.34, 351.31, 0.9168, 0.0135, 0.3893, -0.0878
17:16:05, 6.40, 192, 45.61, 5.34, 351.34, 0.9168, 0.0136, 0.3893, -0.0875
17:16:05, 6.43, 193, 45.59, 5.37, 351.23, 0.9168, 0.0135, 0.3892, -0.0885
17:16:05, 6.43, 193, 45.72, 5.42, 351.11, 0.9162, 0.0134, 0.3902, -0.0897
17:16:05, 6.43, 193, 45.85, 5.49, 351.03, 0.9157, 0.0136, 0.3913, -0.0905
17:16:05, 6.47, 194, 45.91, 5.47, 351.03, 0.9155, 0.0133, 0.3918, -0.0905
17:16:05, 6.47, 194, 45.89, 5.44, 351.04, 0.9156, 0.0131, 0.3916, -0.0903
17:16:05, 6.50, 195, 45.81, 5.35, 351.08, 0.9160, 0.0126, 0.3909, -0.0897
17:16:05, 6.50, 195, 45.73, 5.27, 351.00, 0.9162, 0.0118, 0.3903, -0.0900
17:16:05, 6.53, 196, 45.67, 5.21, 350.82, 0.9163, 0.0107, 0.3898, -0.0913
17:16:05, 6.53, 196, 45.74, 5.01, 350.63, 0.9161, 0.0085, 0.3902, -0.0921
17:16:05, 6.53, 196, 45.76, 4.85, 350.54, 0.9160, 0.0068, 0.3903, -0.0923
17:16:05, 6.57, 197, 45.72, 4.69, 350.39, 0.9161, 0.0051, 0.3899, -0.0929
17:16:05, 6.57, 197, 45.69, 4.54, 350.21, 0.9162, 0.0033, 0.3896, -0.0939
17:16:05, 6.60, 198, 45.72, 4.38, 350.14, 0.9161, 0.0017, 0.3898, -0.0939
17:16:05, 6.60, 198, 45.81, 4.16, 350.11, 0.9159, -0.0002, 0.3904, -0.0935
17:16:05, 6.60, 198, 45.85, 4.01, 350.15, 0.9159, -0.0013, 0.3906, -0.0926
17:16:05, 6.63, 199, 45.86, 3.87, 350.33, 0.9161, -0.0019, 0.3906, -0.0906
17:16:05, 6.63, 199, 45.91, 3.72, 350.58, 0.9162, -0.0022, 0.3909, -0.0882
17:16:05, 6.67, 200, 46.02, 3.50, 350.77, 0.9161, -0.0034, 0.3917, -0.0860
17:16:05, 6.67, 200, 46.18, 3.28, 350.85, 0.9157, -0.0051, 0.3928, -0.0845
17:16:05, 6.70, 201, 46.26, 2.97, 350.84, 0.9156, -0.0076, 0.3933, -0.0836
17:16:05, 6.70, 201, 46.28, 2.65, 350.76, 0.9156, -0.0105, 0.3933, -0.0831
17:16:05, 6.70, 201, 46.21, 2.38, 350.69, 0.9159, -0.0128, 0.3926, -0.0827
17:16:05, 6.73, 202, 46.17, 2.10, 350.55, 0.9160, -0.0155, 0.3921, -0.0829
17:16:05, 6.73, 202, 46.16, 1.87, 350.51, 0.9162, -0.0175, 0.3919, -0.0825
17:16:05, 6.77, 203, 46.15, 1.80, 350.31, 0.9161, -0.0187, 0.3917, -0.0838
17:16:05, 6.77, 203, 46.35, 1.32, 350.17, 0.9155, -0.0232, 0.3930, -0.0833
17:16:05, 6.77, 203, 46.33, 1.36, 350.02, 0.9154, -0.0233, 0.3928, -0.0846
17:16:05, 6.80, 204, 46.47, 1.38, 349.64, 0.9146, -0.0246, 0.3939, -0.0877
17:16:05, 6.80, 204, 46.63, 1.19, 349.39, 0.9140, -0.0271, 0.3949, -0.0890
17:16:05, 6.83, 205, 46.85, 0.73, 349.57, 0.9135, -0.0303, 0.3964, -0.0859
17:16:05, 6.83, 205, 46.85, 0.78, 349.88, 0.9138, -0.0288, 0.3965, -0.0836
17:16:05, 6.87, 206, 46.87, 0.72, 349.85, 0.9137, -0.0295, 0.3967, -0.0836
17:16:05, 6.87, 206, 46.84, 0.74, 349.75, 0.9137, -0.0296, 0.3964, -0.0845
17:16:05, 6.87, 206, 46.80, 0.74, 349.61, 0.9137, -0.0301, 0.3960, -0.0856
17:16:05, 6.90, 207, 46.73, 0.79, 349.50, 0.9139, -0.0300, 0.3955, -0.0867
17:16:05, 6.90, 207, 46.67, 0.80, 349.34, 0.9140, -0.0304, 0.3950, -0.0880
17:16:05, 6.93, 208, 46.55, 0.85, 349.12, 0.9142, -0.0307, 0.3940, -0.0900
17:16:05, 6.93, 208, 46.43, 0.86, 348.95, 0.9144, -0.0310, 0.3930, -0.0914
17:16:05, 6.93, 208, 46.34, 0.85, 348.81, 0.9147, -0.0316, 0.3922, -0.0925
17:16:05, 6.97, 209, 46.25, 0.81, 348.75, 0.9149, -0.0320, 0.3915, -0.0929
17:16:05, 6.97, 209, 46.22, 0.75, 348.76, 0.9150, -0.0325, 0.3912, -0.0927
17:16:05, 7.00, 210, 46.27, 0.71, 348.73, 0.9149, -0.0329, 0.3915, -0.0927
17:16:05, 7.00, 210, 46.35, 0.68, 348.63, 0.9145, -0.0336, 0.3922, -0.0934
17:16:05, 7.03, 211, 46.45, 0.65, 348.62, 0.9142, -0.0339, 0.3929, -0.0934
17:16:05, 7.03, 211, 46.56, 0.68, 348.60, 0.9138, -0.0339, 0.3938, -0.0936
17:16:05, 7.03, 211, 46.65, 0.66, 348.63, 0.9135, -0.0339, 0.3945, -0.0932
17:16:05, 7.07, 212, 46.72, 0.66, 348.65, 0.9133, -0.0339, 0.3951, -0.0931
17:16:05, 7.07, 212, 46.79, 0.70, 348.60, 0.9130, -0.0339, 0.3957, -0.0935
17:16:05, 7.10, 213, 46.87, 0.74, 348.62, 0.9127, -0.0336, 0.3963, -0.0935
17:16:05, 7.10, 213, 46.92, 0.76, 348.60, 0.9125, -0.0335, 0.3967, -0.0937
17:16:05, 7.10, 213, 46.96, 0.83, 348.67, 0.9124, -0.0328, 0.3971, -0.0934
17:16:05, 7.13, 214, 46.94, 0.85, 348.75, 0.9126, -0.0322, 0.3970, -0.0928
17:16:05, 7.13, 214, 46.91, 0.91, 348.78, 0.9126, -0.0317, 0.3968, -0.0928
17:16:05, 7.17, 215, 46.94, 0.90, 348.79, 0.9125, -0.0318, 0.3971, -0.0927
17:16:05, 7.17, 215, 46.99, 0.91, 348.77, 0.9123, -0.0317, 0.3975, -0.0929
17:16:05, 7.20, 216, 47.00, 0.92, 348.79, 0.9123, -0.0316, 0.3976, -0.0928
17:16:05, 7.20, 216, 46.97, 0.93, 348.83, 0.9125, -0.0313, 0.3974, -0.0924
17:16:05, 7.20, 216, 46.92, 0.98, 348.86, 0.9126, -0.0308, 0.3970, -0.0924
17:16:06, 7.23, 217, 46.91, 0.98, 348.86, 0.9127, -0.0308, 0.3969, -0.0924
17:16:06, 7.23, 217, 46.91, 0.96, 348.85, 0.9127, -0.0310, 0.3969, -0.0924
17:16:06, 7.27, 218, 46.91, 0.94, 348.84, 0.9127, -0.0312, 0.3969, -0.0924
17:16:06, 7.27, 218, 46.91, 0.90, 348.82, 0.9127, -0.0316, 0.3968, -0.0925
17:16:06, 7.27, 218, 46.90, 0.87, 348.81, 0.9127, -0.0319, 0.3967, -0.0924
17:16:06, 7.30, 219, 46.89, 0.84, 348.76, 0.9127, -0.0322, 0.3966, -0.0927
17:16:06, 7.30, 219, 46.89, 0.85, 348.70, 0.9127, -0.0324, 0.3966, -0.0932
17:16:06, 7.33, 220, 46.90, 0.83, 348.70, 0.9126, -0.0325, 0.3967, -0.0932
17:16:06, 7.33, 220, 46.91, 0.81, 348.67, 0.9126, -0.0328, 0.3967, -0.0933
17:16:06, 7.37, 221, 46.88, 0.83, 348.68, 0.9127, -0.0326, 0.3965, -0.0934
17:16:06, 7.37, 221, 46.83, 0.85, 348.67, 0.9129, -0.0325, 0.3961, -0.0935
17:16:06, 7.37, 221, 46.82, 0.79, 348.66, 0.9129, -0.0329, 0.3960, -0.0934
17:16:06, 7.40, 222, 46.85, 0.78, 348.66, 0.9128, -0.0331, 0.3962, -0.0934
17:16:06, 7.40, 222, 46.92, 0.74, 348.65, 0.9126, -0.0335, 0.3967, -0.0933
17:16:06, 7.43, 223, 46.89, 0.71, 348.64, 0.9127, -0.0337, 0.3964, -0.0932
17:16:06, 7.43, 223, 46.86, 0.69, 348.68, 0.9128, -0.0337, 0.3963, -0.0929
17:16:06, 7.43, 223, 46.86, 0.69, 348.70, 0.9128, -0.0336, 0.3962, -0.0927
17:16:06, 7.47, 224, 46.81, 0.67, 348.68, 0.9130, -0.0338, 0.3958, -0.0928
17:16:06, 7.47, 224, 46.77, 0.66, 348.65, 0.9131, -0.0340, 0.3955, -0.0930
17:16:06, 7.50, 225, 46.69, 0.68, 348.63, 0.9134, -0.0339, 0.3948, -0.0933
17:16:06, 7.50, 225, 46.55, 0.75, 348.66, 0.9139, -0.0330, 0.3938, -0.0933
17:16:06, 7.50, 225, 46.36, 0.82, 348.66, 0.9145, -0.0324, 0.3923, -0.0936
17:16:06, 7.53, 226, 46.03, 0.89, 348.63, 0.9155, -0.0316, 0.3898, -0.0942
17:16:06, 7.53, 226, 45.75, 0.89, 348.62, 0.9165, -0.0314, 0.3875, -0.0943
17:16:06, 7.57, 227, 45.38, 0.83, 348.70, 0.9178, -0.0313, 0.3845, -0.0936
17:16:06, 7.57, 227, 44.93, 0.83, 348.75, 0.9194, -0.0308, 0.3809, -0.0933
17:16:06, 7.60, 228, 44.40, 0.77, 348.78, 0.9212, -0.0308, 0.3766, -0.0931
17:16:06, 7.60, 228, 43.81, 0.72, 348.74, 0.9231, -0.0308, 0.3718, -0.0933
17:16:06, 7.60, 228, 43.13, 0.53, 348.76, 0.9254, -0.0317, 0.3662, -0.0928
17:16:06, 7.63, 229, 42.33, 0.30, 348.83, 0.9280, -0.0327, 0.3595, -0.0917
17:16:06, 7.63, 229, 41.50, 0.02, 348.92, 0.9308, -0.0340, 0.3526, -0.0904
17:16:06, 7.67, 230, 40.73, 359.88, 349.00, 0.9332, -0.0343, 0.3463, -0.0895
17:16:06, 7.67, 230, 40.08, 359.73, 349.12, 0.9353, -0.0347, 0.3409, -0.0883
17:16:06, 7.70, 231, 39.39, 359.66, 349.26, 0.9374, -0.0343, 0.3353, -0.0871
17:16:06, 7.70, 231, 38.54, 359.57, 349.37, 0.9400, -0.0341, 0.3283, -0.0862
17:16:06, 7.70, 231, 37.66, 359.40, 349.48, 0.9426, -0.0346, 0.3210, -0.0851
17:16:06, 7.73, 232, 36.82, 359.21, 349.50, 0.9450, -0.0354, 0.3139, -0.0847
17:16:06, 7.73, 232, 36.07, 359.07, 349.56, 0.9471, -0.0359, 0.3076, -0.0840
17:16:06, 7.77, 233, 35.45, 359.03, 349.61, 0.9488, -0.0356, 0.3024, -0.0837
17:16:06, 7.77, 233, 35.07, 358.68, 349.83, 0.9500, -0.0376, 0.2991, -0.0810
17:16:06, 7.77, 233, 34.50, 358.80, 349.83, 0.9515, -0.0363, 0.2945, -0.0816
17:16:06, 7.80, 234, 33.97, 358.84, 349.81, 0.9528, -0.0356, 0.2901, -0.0820
17:16:06, 7.80, 234, 33.75, 358.83, 349.89, 0.9534, -0.0353, 0.2883, -0.0814
17:16:06, 7.83, 235, 33.55, 358.81, 349.95, 0.9540, -0.0352, 0.2866, -0.0809
17:16:06, 7.83, 235, 33.47, 358.87, 350.11, 0.9543, -0.0342, 0.2860, -0.0797
17:16:06, 7.87, 236, 33.36, 358.75, 350.25, 0.9547, -0.0348, 0.2851, -0.0783
17:16:06, 7.87, 236, 33.04, 358.83, 350.30, 0.9555, -0.0338, 0.2825, -0.0782
17:16:06, 7.87, 236, 32.55, 358.76, 350.41, 0.9568, -0.0338, 0.2784, -0.0772
17:16:06, 7.90, 237, 31.93, 358.74, 350.52, 0.9583, -0.0333, 0.2732, -0.0764
17:16:06, 7.90, 237, 31.16, 358.66, 350.74, 0.9603, -0.0329, 0.2668, -0.0746
17:16:06, 7.93, 238, 30.31, 358.65, 350.99, 0.9624, -0.0319, 0.2597, -0.0728
17:16:06, 7.93, 238, 29.42, 358.53, 351.12, 0.9645, -0.0320, 0.2522, -0.0717
17:16:06, 7.93, 238, 28.43, 358.49, 351.23, 0.9667, -0.0315, 0.2439, -0.0708
17:16:06, 7.97, 239, 27.47, 358.40, 351.32, 0.9688, -0.0315, 0.2357, -0.0702
17:16:06, 7.97, 239, 26.51, 358.36, 351.52, 0.9708, -0.0308, 0.2276, -0.0687
17:16:06, 8.00, 240, 25.58, 358.29, 351.73, 0.9728, -0.0305, 0.2197, -0.0670
17:16:06, 8.00, 240, 24.46, 358.15, 351.86, 0.9749, -0.0308, 0.2102, -0.0660
17:16:06, 8.03, 241, 23.55, 357.94, 351.95, 0.9766, -0.0319, 0.2023, -0.0650
17:16:06, 8.03, 241, 22.70, 357.89, 352.11, 0.9782, -0.0315, 0.1951, -0.0638
17:16:06, 8.03, 241, 22.03, 357.83, 352.26, 0.9794, -0.0314, 0.1893, -0.0626
17:16:06, 8.07, 242, 21.36, 357.90, 352.51, 0.9806, -0.0301, 0.1837, -0.0608
17:16:06, 8.07, 242, 20.50, 357.94, 352.74, 0.9821, -0.0289, 0.1765, -0.0591
17:16:06, 8.10, 243, 19.55, 358.03, 352.92, 0.9836, -0.0274, 0.1684, -0.0579
17:16:06, 8.10, 243, 18.59, 357.94, 352.93, 0.9850, -0.0277, 0.1601, -0.0580
17:16:06, 8.10, 243, 17.67, 357.85, 353.25, 0.9864, -0.0276, 0.1522, -0.0552
17:16:06, 8.13, 244, 16.77, 357.88, 353.61, 0.9878, -0.0264, 0.1446, -0.0525
17:16:06, 8.13, 244, 15.80, 357.73, 354.04, 0.9891, -0.0267, 0.1362, -0.0487
17:16:06, 8.17, 245, 14.75, 357.48, 354.50, 0.9905, -0.0279, 0.1271, -0.0448
17:16:06, 8.17, 245, 13.86, 357.23, 354.95, 0.9916, -0.0293, 0.1194, -0.0408
17:16:06, 8.20, 246, 13.08, 357.02, 355.42, 0.9925, -0.0303, 0.1127, -0.0367
17:16:06, 8.20, 246, 12.67, 356.93, 355.78, 0.9930, -0.0306, 0.1093, -0.0336
17:16:06, 8.20, 246, 12.26, 356.90, 356.21, 0.9935, -0.0304, 0.1058, -0.0300
17:16:07, 8.23, 247, 11.78, 356.98, 356.74, 0.9940, -0.0291, 0.1018, -0.0256
17:16:07, 8.23, 247, 11.26, 357.12, 357.12, 0.9946, -0.0275, 0.0974, -0.0225
17:16:07, 8.27, 248, 10.72, 357.21, 357.41, 0.9951, -0.0264, 0.0928, -0.0202
17:16:07, 8.27, 248, 10.19, 357.19, 357.59, 0.9956, -0.0263, 0.0883, -0.0188
17:16:07, 8.27, 248, 9.74, 357.17, 357.80, 0.9959, -0.0262, 0.0844, -0.0171
17:16:07, 8.30, 249, 9.17, 357.28, 358.01, 0.9964, -0.0250, 0.0795, -0.0154
17:16:07, 8.30, 249, 8.51, 357.32, 358.25, 0.9969, -0.0245, 0.0738, -0.0135
17:16:07, 8.33, 250, 7.73, 357.27, 358.39, 0.9974, -0.0248, 0.0670, -0.0124
17:16:07, 8.33, 250, 6.89, 357.20, 358.42, 0.9978, -0.0252, 0.0597, -0.0123
17:16:07, 8.37, 251, 6.15, 357.08, 358.46, 0.9982, -0.0262, 0.0532, -0.0121
17:16:07, 8.37, 251, 5.47, 357.04, 358.41, 0.9984, -0.0264, 0.0473, -0.0126
17:16:07, 8.37, 251, 4.84, 357.04, 358.45, 0.9987, -0.0264, 0.0419, -0.0124
17:16:07, 8.40, 252, 4.15, 356.97, 358.54, 0.9989, -0.0268, 0.0358, -0.0118
17:16:07, 8.40, 252, 3.51, 356.90, 358.70, 0.9991, -0.0274, 0.0303, -0.0105
17:16:07, 8.43, 253, 2.93, 356.91, 358.80, 0.9993, -0.0272, 0.0253, -0.0098
17:16:07, 8.43, 253, 2.46, 356.86, 358.94, 0.9994, -0.0276, 0.0212, -0.0086
17:16:07, 8.43, 253, 1.99, 356.99, 359.26, 0.9995, -0.0264, 0.0172, -0.0060
17:16:07, 8.47, 254, 1.42, 357.02, 359.51, 0.9996, -0.0261, 0.0123, -0.0039
17:16:07, 8.47, 254, 0.75, 357.12, 359.83, 0.9997, -0.0251, 0.0065, -0.0013
17:16:07, 8.50, 255, 0.04, 357.18, 359.97, 0.9997, -0.0246, 0.0003, -0.0003
17:16:07, 8.50, 255, 359.31, 357.19, 0.08, 0.9997, -0.0246, -0.0060, 0.0005
17:16:07, 8.53, 256, 358.62, 357.19, 0.22, 0.9996, -0.0246, -0.0120, 0.0016
17:16:07, 8.53, 256, 357.72, 357.13, 0.48, 0.9995, -0.0251, -0.0198, 0.0037
17:16:07, 8.53, 256, 356.77, 356.94, 0.63, 0.9992, -0.0268, -0.0280, 0.0048
17:16:07, 8.57, 257, 355.78, 356.50, 0.78, 0.9988, -0.0308, -0.0366, 0.0057
17:16:07, 8.57, 257, 354.82, 356.20, 1.01, 0.9984, -0.0335, -0.0449, 0.0073
17:16:07, 8.60, 258, 354.05, 355.91, 1.20, 0.9980, -0.0361, -0.0515, 0.0086
17:16:07, 8.60, 258, 353.33, 355.68, 1.46, 0.9975, -0.0384, -0.0577, 0.0105
17:16:07, 8.60, 258, 352.76, 355.55, 1.69, 0.9972, -0.0397, -0.0625, 0.0123
17:16:07, 8.63, 259, 352.07, 355.49, 2.03, 0.9967, -0.0404, -0.0684, 0.0150
17:16:07, 8.63, 259, 351.24, 355.39, 2.30, 0.9961, -0.0416, -0.0755, 0.0169
17:16:07, 8.67, 260, 350.44, 355.37, 2.54, 0.9955, -0.0421, -0.0824, 0.0187
17:16:07, 8.67, 260, 349.47, 355.40, 2.69, 0.9948, -0.0421, -0.0908, 0.0197
17:16:07, 8.70, 261, 348.49, 355.49, 2.77, 0.9940, -0.0416, -0.0992, 0.0201
17:16:07, 8.70, 261, 347.40, 355.54, 2.87, 0.9930, -0.0414, -0.1086, 0.0206
17:16:07, 8.70, 261, 346.20, 355.57, 2.98, 0.9918, -0.0415, -0.1190, 0.0211
17:16:07, 8.73, 262, 344.84, 355.51, 3.12, 0.9903, -0.0424, -0.1307, 0.0218
17:16:07, 8.73, 262, 343.44, 355.52, 3.26, 0.9886, -0.0427, -0.1427, 0.0225
17:16:07, 8.77, 263, 341.99, 355.55, 3.31, 0.9867, -0.0428, -0.1553, 0.0224
17:16:07, 8.77, 263, 340.54, 355.67, 3.32, 0.9847, -0.0421, -0.1678, 0.0221
17:16:07, 8.77, 263, 339.11, 355.83, 3.34, 0.9826, -0.0410, -0.1800, 0.0221
17:16:07, 8.80, 264, 337.65, 356.15, 3.16, 0.9803, -0.0383, -0.1927, 0.0205
17:16:07, 8.80, 264, 336.16, 356.45, 2.88, 0.9778, -0.0355, -0.2056, 0.0182
17:16:07, 8.83, 265, 334.60, 356.73, 2.74, 0.9750, -0.0331, -0.2190, 0.0170
17:16:07, 8.83, 265, 332.94, 356.96, 2.80, 0.9718, -0.0315, -0.2332, 0.0176
17:16:07, 8.87, 266, 331.07, 357.32, 2.70, 0.9679, -0.0285, -0.2491, 0.0169
17:16:07, 8.87, 266, 328.88, 357.38, 2.31, 0.9630, -0.0274, -0.2677, 0.0133
17:16:07, 8.87, 266, 326.46, 357.42, 2.29, 0.9572, -0.0273, -0.2880, 0.0126
17:16:07, 8.90, 267, 324.14, 357.48, 2.34, 0.9512, -0.0272, -0.3073, 0.0127
17:16:07, 8.90, 267, 321.65, 357.66, 2.31, 0.9443, -0.0259, -0.3280, 0.0123
17:16:07, 8.93, 268, 319.15, 357.77, 2.23, 0.9369, -0.0251, -0.3485, 0.0114
17:16:07, 8.93, 268, 316.49, 357.87, 2.21, 0.9286, -0.0244, -0.3702, 0.0110
17:16:07, 8.93, 268, 313.75, 357.94, 2.19, 0.9195, -0.0240, -0.3923, 0.0105
17:16:07, 8.97, 269, 310.99, 358.00, 2.09, 0.9098, -0.0234, -0.4143, 0.0094
17:16:07, 8.97, 269, 308.21, 358.14, 2.10, 0.8994, -0.0226, -0.4363, 0.0094
17:16:07, 9.00, 270, 305.26, 358.18, 2.21, 0.8879, -0.0230, -0.4593, 0.0098
17:16:07, 9.00, 270, 302.23, 358.24, 2.25, 0.8755, -0.0229, -0.4826, 0.0098
17:16:07, 9.03, 271, 299.17, 358.17, 2.41, 0.8623, -0.0244, -0.5058, 0.0100
17:16:07, 9.03, 271, 295.91, 358.28, 2.47, 0.8475, -0.0242, -0.5301, 0.0103
17:16:07, 9.03, 271, 292.69, 358.31, 2.55, 0.8323, -0.0246, -0.5537, 0.0103
17:16:07, 9.07, 272, 289.34, 358.28, 2.67, 0.8157, -0.0258, -0.5778, 0.0103
17:16:07, 9.07, 272, 285.91, 358.06, 2.89, 0.7981, -0.0287, -0.6018, 0.0100
17:16:07, 9.10, 273, 282.62, 357.92, 3.13, 0.7805, -0.0312, -0.6244, 0.0100
17:16:07, 9.10, 273, 279.33, 357.79, 3.41, 0.7621, -0.0339, -0.6464, 0.0102
17:16:07, 9.10, 273, 276.13, 357.68, 3.79, 0.7438, -0.0371, -0.6673, 0.0111
17:16:07, 9.13, 274, 273.10, 357.63, 4.18, 0.7258, -0.0401, -0.6866, 0.0123
17:16:07, 9.13, 274, 270.15, 357.66, 4.54, 0.7079, -0.0424, -0.7049, 0.0136
17:16:07, 9.17, 275, 267.47, 357.73, 4.88, 0.6911, -0.0444, -0.7212, 0.0152
17:16:07, 9.17, 275, 265.03, 357.74, 5.20, 0.6756, -0.0468, -0.7356, 0.0161
17:16:07, 9.20, 276, 262.94, 357.74, 5.52, 0.6620, -0.0491, -0.7477, 0.0171
17:16:07, 9.20, 276, 261.06, 357.77, 5.82, 0.6496, -0.0512, -0.7583, 0.0183
17:16:07, 9.20, 276, 259.49, 357.79, 6.08, 0.6391, -0.0531, -0.7670, 0.0190
17:16:08, 9.23, 277, 258.23, 357.74, 6.34, 0.6307, -0.0553, -0.7738, 0.0196
17:16:08, 9.23, 277, 257.27, 357.57, 6.61, 0.6241, -0.0583, -0.7789, 0.0195
17:16:08, 9.27, 278, 256.57, 357.40, 6.90, 0.6193, -0.0612, -0.7825, 0.0195
17:16:08, 9.27, 278, 256.02, 357.37, 7.17, 0.6156, -0.0634, -0.7853, 0.0205
17:16:08, 9.27, 278, 255.72, 357.24, 7.50, 0.6135, -0.0664, -0.7866, 0.0211
17:16:08, 9.30, 279, 255.47, 357.20, 7.83, 0.6117, -0.0689, -0.7878, 0.0225
17:16:08, 9.30, 279, 255.36, 357.20, 8.16, 0.6109, -0.0712, -0.7881, 0.0241
17:16:08, 9.33, 280, 255.43, 357.27, 8.46, 0.6113, -0.0729, -0.7876, 0.0264
17:16:08, 9.33, 280, 255.52, 357.28, 8.76, 0.6118, -0.0749, -0.7870, 0.0280
17:16:08, 9.37, 281, 255.60, 357.26, 9.04, 0.6123, -0.0769, -0.7863, 0.0295
17:16:08, 9.37, 281, 255.64, 357.24, 9.26, 0.6125, -0.0784, -0.7860, 0.0305
17:16:08, 9.37, 281, 255.68, 357.22, 9.43, 0.6128, -0.0797, -0.7856, 0.0313
17:16:08, 9.40, 282, 255.69, 357.23, 9.56, 0.6128, -0.0806, -0.7855, 0.0321
17:16:08, 9.40, 282, 255.65, 357.27, 9.68, 0.6125, -0.0812, -0.7856, 0.0330
17:16:08, 9.43, 283, 255.55, 357.24, 9.77, 0.6118, -0.0819, -0.7861, 0.0332
17:16:08, 9.43, 283, 255.46, 357.22, 9.82, 0.6112, -0.0825, -0.7865, 0.0333
17:16:08, 9.43, 283, 255.30, 357.16, 9.88, 0.6101, -0.0832, -0.7873, 0.0330
17:16:08, 9.47, 284, 255.16, 357.11, 9.91, 0.6091, -0.0838, -0.7880, 0.0327
17:16:08, 9.47, 284, 255.01, 357.08, 9.90, 0.6081, -0.0839, -0.7887, 0.0324
17:16:08, 9.50, 285, 254.92, 357.11, 9.88, 0.6075, -0.0836, -0.7893, 0.0324
17:16:08, 9.50, 285, 254.84, 357.11, 9.86, 0.6070, -0.0835, -0.7897, 0.0322
17:16:08, 9.53, 286, 254.81, 357.09, 9.86, 0.6067, -0.0836, -0.7899, 0.0321
17:16:08, 9.53, 286, 254.78, 357.10, 9.91, 0.6065, -0.0839, -0.7900, 0.0324
17:16:08, 9.53, 286, 254.77, 357.10, 9.95, 0.6064, -0.0842, -0.7900, 0.0326
17:16:08, 9.57, 287, 254.77, 357.11, 9.97, 0.6064, -0.0843, -0.7900, 0.0328
17:16:08, 9.57, 287, 254.80, 357.10, 9.99, 0.6066, -0.0845, -0.7898, 0.0328
17:16:08, 9.60, 288, 254.84, 357.08, 10.00, 0.6069, -0.0846, -0.7896, 0.0328
17:16:08, 9.60, 288, 254.88, 357.04, 10.02, 0.6072, -0.0849, -0.7893, 0.0326
17:16:08, 9.60, 288, 254.90, 356.99, 10.04, 0.6073, -0.0854, -0.7892, 0.0325
17:16:08, 9.63, 289, 254.88, 356.95, 10.09, 0.6072, -0.0860, -0.7892, 0.0324
17:16:08, 9.63, 289, 254.84, 356.95, 10.20, 0.6069, -0.0867, -0.7893, 0.0329
17:16:08, 9.67, 290, 254.78, 356.97, 10.28, 0.6065, -0.0872, -0.7896, 0.0335
17:16:08, 9.67, 290, 254.77, 356.99, 10.33, 0.6064, -0.0874, -0.7896, 0.0338
17:16:08, 9.70, 291, 254.75, 356.99, 10.36, 0.6063, -0.0876, -0.7897, 0.0340
17:16:08, 9.70, 291, 254.75, 356.99, 10.42, 0.6062, -0.0880, -0.7897, 0.0343
17:16:08, 9.70, 291, 254.74, 357.02, 10.45, 0.6061, -0.0881, -0.7897, 0.0347
17:16:08, 9.73, 292, 254.72, 357.01, 10.52, 0.6060, -0.0886, -0.7898, 0.0350
17:16:08, 9.73, 292, 254.71, 356.97, 10.59, 0.6059, -0.0893, -0.7897, 0.0351
17:16:08, 9.77, 293, 254.69, 356.99, 10.66, 0.6057, -0.0897, -0.7898, 0.0355
17:16:08, 9.77, 293, 254.65, 357.00, 10.71, 0.6054, -0.0900, -0.7900, 0.0358
17:16:08, 9.77, 293, 254.64, 357.02, 10.74, 0.6053, -0.0901, -0.7900, 0.0362
17:16:08, 9.80, 294, 254.63, 357.03, 10.76, 0.6053, -0.0902, -0.7901, 0.0363
17:16:08, 9.80, 294, 254.60, 357.07, 10.74, 0.6051, -0.0898, -0.7903, 0.0365
17:16:08, 9.83, 295, 254.57, 357.09, 10.79, 0.6048, -0.0901, -0.7904, 0.0368
17:16:08, 9.83, 295, 254.56, 357.09, 10.82, 0.6047, -0.0903, -0.7904, 0.0370
17:16:08, 9.87, 296, 254.57, 357.10, 10.84, 0.6048, -0.0904, -0.7904, 0.0371
17:16:08, 9.87, 296, 254.58, 357.10, 10.88, 0.6048, -0.0907, -0.7903, 0.0373
17:16:08, 9.87, 296, 254.61, 357.07, 10.87, 0.6051, -0.0907, -0.7901, 0.0372
17:16:08, 9.90, 297, 254.65, 357.10, 10.88, 0.6053, -0.0906, -0.7899, 0.0374
17:16:08, 9.90, 297, 254.67, 357.09, 10.86, 0.6055, -0.0906, -0.7898, 0.0373
17:16:08, 9.93, 298, 254.71, 357.10, 10.87, 0.6057, -0.0906, -0.7896, 0.0374
17:16:08, 9.93, 298, 254.72, 357.11, 10.87, 0.6058, -0.0905, -0.7896, 0.0375
17:16:08, 9.93, 298, 254.76, 357.07, 10.84, 0.6061, -0.0905, -0.7893, 0.0371
17:16:08, 9.97, 299, 254.78, 357.05, 10.84, 0.6062, -0.0906, -0.7893, 0.0370
17:16:08, 9.97, 299, 254.80, 357.06, 10.83, 0.6064, -0.0904, -0.7891, 0.0370
