Timestamp, VideoTime, VideoFrame, HeadYaw, HeadPitch, HeadRoll, HeadQuatW, HeadQuatX, HeadQuatY, HeadQuatZ
17:20:39, 0.00, 0, 23.38, 348.56, 1.80, 0.9739, -0.0944, 0.2031, 0.0355
17:20:39, 0.03, 1, 23.52, 348.55, 1.71, 0.9737, -0.0947, 0.2042, 0.0348
17:20:39, 0.03, 1, 23.66, 348.53, 1.59, 0.9735, -0.0949, 0.2053, 0.0340
17:20:39, 0.03, 1, 23.78, 348.55, 1.48, 0.9733, -0.0949, 0.2063, 0.0332
17:20:39, 0.07, 2, 23.89, 348.57, 1.41, 0.9732, -0.0949, 0.2071, 0.0326
17:20:39, 0.07, 2, 23.99, 348.61, 1.34, 0.9730, -0.0947, 0.2079, 0.0320
17:20:39, 0.10, 3, 24.11, 348.58, 1.28, 0.9728, -0.0950, 0.2089, 0.0317
17:20:39, 0.10, 3, 24.22, 348.57, 1.18, 0.9726, -0.0952, 0.2097, 0.0309
17:20:39, 0.10, 3, 24.36, 348.61, 1.09, 0.9724, -0.0950, 0.2108, 0.0302
17:20:39, 0.13, 4, 24.48, 348.59, 1.05, 0.9722, -0.0952, 0.2118, 0.0300
17:20:39, 0.13, 4, 24.60, 348.57, 0.99, 0.9720, -0.0955, 0.2128, 0.0296
17:20:39, 0.17, 5, 24.74, 348.58, 0.92, 0.9717, -0.0955, 0.2139, 0.0291
17:20:39, 0.17, 5, 24.87, 348.52, 0.82, 0.9715, -0.0961, 0.2150, 0.0285
17:20:39, 0.17, 5, 24.96, 348.55, 0.79, 0.9713, -0.0959, 0.2157, 0.0283
17:20:39, 0.20, 6, 25.06, 348.57, 0.81, 0.9712, -0.0957, 0.2165, 0.0285
17:20:39, 0.20, 6, 25.13, 348.58, 0.80, 0.9710, -0.0956, 0.2171, 0.0284
17:20:39, 0.23, 7, 25.19, 348.64, 0.74, 0.9710, -0.0951, 0.2176, 0.0279
17:20:39, 0.23, 7, 25.29, 348.65, 0.67, 0.9708, -0.0952, 0.2184, 0.0273
17:20:39, 0.27, 8, 25.42, 348.69, 0.60, 0.9706, -0.0950, 0.2195, 0.0267
17:20:39, 0.27, 8, 25.51, 348.70, 0.53, 0.9705, -0.0950, 0.2202, 0.0262
17:20:39, 0.27, 8, 25.60, 348.72, 0.49, 0.9703, -0.0949, 0.2209, 0.0259
17:20:39, 0.30, 9, 25.65, 348.79, 0.47, 0.9703, -0.0943, 0.2213, 0.0257
17:20:39, 0.30, 9, 25.71, 348.88, 0.43, 0.9703, -0.0936, 0.2218, 0.0252
17:20:39, 0.33, 10, 25.79, 348.92, 0.42, 0.9701, -0.0933, 0.2225, 0.0251
17:20:39, 0.33, 10, 25.84, 348.97, 0.35, 0.9701, -0.0930, 0.2228, 0.0244
17:20:39, 0.33, 10, 25.90, 348.97, 0.33, 0.9700, -0.0930, 0.2233, 0.0244
17:20:39, 0.37, 11, 25.96, 348.98, 0.30, 0.9699, -0.0930, 0.2239, 0.0241
17:20:40, 0.37, 11, 26.02, 348.98, 0.26, 0.9698, -0.0931, 0.2243, 0.0238
17:20:40, 0.40, 12, 26.07, 348.95, 0.22, 0.9697, -0.0934, 0.2247, 0.0236
17:20:40, 0.40, 12, 26.12, 348.93, 0.20, 0.9695, -0.0936, 0.2251, 0.0235
17:20:40, 0.43, 13, 26.18, 348.88, 0.16, 0.9694, -0.0941, 0.2255, 0.0233
17:20:40, 0.43, 13, 26.26, 348.85, 0.11, 0.9692, -0.0944, 0.2262, 0.0230
17:20:40, 0.43, 13, 26.29, 348.80, 0.06, 0.9691, -0.0949, 0.2263, 0.0227
17:20:40, 0.47, 14, 26.34, 348.76, 0.00, 0.9690, -0.0954, 0.2267, 0.0223
17:20:40, 0.47, 14, 26.37, 348.75, 359.95, 0.9690, -0.0955, 0.2270, 0.0219
17:20:40, 0.50, 15, 26.45, 348.78, 359.94, 0.9688, -0.0953, 0.2276, 0.0218
17:20:40, 0.50, 15, 26.50, 348.85, 359.92, 0.9688, -0.0947, 0.2281, 0.0216
17:20:40, 0.50, 15, 26.56, 348.99, 359.92, 0.9688, -0.0935, 0.2286, 0.0214
17:20:40, 0.53, 16, 26.62, 349.05, 359.93, 0.9687, -0.0930, 0.2291, 0.0214
17:20:40, 0.53, 16, 26.68, 349.01, 359.91, 0.9686, -0.0933, 0.2296, 0.0213
17:20:40, 0.57, 17, 26.74, 348.99, 359.85, 0.9684, -0.0937, 0.2301, 0.0209
17:20:40, 0.57, 17, 26.80, 348.97, 359.77, 0.9683, -0.0939, 0.2305, 0.0203
17:20:40, 0.60, 18, 26.88, 348.98, 359.69, 0.9682, -0.0940, 0.2311, 0.0197
17:20:40, 0.60, 18, 26.94, 349.03, 359.62, 0.9681, -0.0937, 0.2316, 0.0190
17:20:40, 0.60, 18, 27.03, 349.13, 359.54, 0.9680, -0.0930, 0.2323, 0.0182
17:20:40, 0.63, 19, 27.12, 349.18, 359.49, 0.9679, -0.0927, 0.2330, 0.0178
17:20:40, 0.63, 19, 27.21, 349.22, 359.45, 0.9677, -0.0924, 0.2337, 0.0174
17:20:40, 0.67, 20, 27.30, 349.22, 359.42, 0.9676, -0.0924, 0.2345, 0.0173
17:20:40, 0.67, 20, 27.39, 349.25, 359.40, 0.9674, -0.0922, 0.2353, 0.0171
17:20:40, 0.67, 20, 27.47, 349.31, 359.40, 0.9673, -0.0917, 0.2360, 0.0171
17:20:40, 0.70, 21, 27.60, 349.33, 359.39, 0.9670, -0.0916, 0.2370, 0.0170
17:20:40, 0.70, 21, 27.72, 349.39, 359.36, 0.9668, -0.0911, 0.2380, 0.0168
17:20:40, 0.73, 22, 27.88, 349.41, 359.33, 0.9665, -0.0909, 0.2394, 0.0166
17:20:40, 0.73, 22, 28.06, 349.44, 359.32, 0.9662, -0.0907, 0.2409, 0.0165
17:20:40, 0.77, 23, 28.21, 349.45, 359.31, 0.9659, -0.0906, 0.2421, 0.0166
17:20:40, 0.77, 23, 28.37, 349.43, 359.31, 0.9655, -0.0908, 0.2435, 0.0167
17:20:40, 0.77, 23, 28.54, 349.43, 359.32, 0.9651, -0.0908, 0.2449, 0.0170
17:20:40, 0.80, 24, 28.73, 349.43, 359.34, 0.9647, -0.0907, 0.2465, 0.0173
17:20:40, 0.80, 24, 28.93, 349.41, 359.35, 0.9643, -0.0907, 0.2482, 0.0176
17:20:40, 0.83, 25, 29.18, 349.42, 359.32, 0.9638, -0.0907, 0.2503, 0.0175
17:20:40, 0.83, 25, 29.45, 349.43, 359.26, 0.9632, -0.0907, 0.2525, 0.0172
17:20:40, 0.83, 25, 29.74, 349.41, 359.17, 0.9625, -0.0910, 0.2548, 0.0167
17:20:40, 0.87, 26, 30.05, 349.43, 359.12, 0.9619, -0.0909, 0.2575, 0.0165
17:20:40, 0.87, 26, 30.37, 349.41, 359.12, 0.9611, -0.0910, 0.2601, 0.0168
17:20:40, 0.90, 27, 30.74, 349.37, 359.03, 0.9603, -0.0915, 0.2631, 0.0164
17:20:40, 0.90, 27, 31.16, 349.37, 358.91, 0.9593, -0.0917, 0.2665, 0.0158
17:20:40, 0.93, 28, 31.59, 349.35, 358.83, 0.9583, -0.0921, 0.2701, 0.0155
17:20:40, 0.93, 28, 32.05, 349.37, 358.73, 0.9572, -0.0920, 0.2739, 0.0150
17:20:40, 0.93, 28, 32.54, 349.41, 358.66, 0.9561, -0.0919, 0.2779, 0.0146
17:20:40, 0.97, 29, 33.07, 349.45, 358.55, 0.9548, -0.0917, 0.2822, 0.0141
17:20:40, 0.97, 29, 33.58, 349.44, 358.42, 0.9536, -0.0920, 0.2864, 0.0134
17:20:40, 1.00, 30, 34.12, 349.52, 358.31, 0.9523, -0.0916, 0.2908, 0.0128
17:20:40, 1.00, 30, 34.63, 349.55, 358.20, 0.9510, -0.0916, 0.2950, 0.0122
17:20:40, 1.00, 30, 35.19, 349.50, 358.05, 0.9496, -0.0923, 0.2995, 0.0115
17:20:40, 1.03, 31, 35.78, 349.54, 357.90, 0.9480, -0.0923, 0.3043, 0.0106
17:20:40, 1.03, 31, 36.34, 349.64, 357.79, 0.9466, -0.0917, 0.3088, 0.0099
17:20:40, 1.07, 32, 36.98, 349.57, 357.72, 0.9448, -0.0925, 0.3140, 0.0100
17:20:40, 1.07, 32, 37.55, 349.62, 357.62, 0.9433, -0.0923, 0.3186, 0.0095
17:20:40, 1.10, 33, 38.19, 349.62, 357.50, 0.9415, -0.0926, 0.3238, 0.0091
17:20:40, 1.10, 33, 38.83, 349.61, 357.38, 0.9397, -0.0930, 0.3290, 0.0086
17:20:40, 1.10, 33, 39.42, 349.57, 357.34, 0.9380, -0.0933, 0.3338, 0.0089
17:20:40, 1.13, 34, 40.10, 349.61, 357.19, 0.9360, -0.0934, 0.3392, 0.0081
17:20:40, 1.13, 34, 40.68, 349.61, 357.17, 0.9343, -0.0934, 0.3439, 0.0084
17:20:40, 1.17, 35, 41.36, 349.60, 357.10, 0.9322, -0.0937, 0.3494, 0.0084
17:20:40, 1.17, 35, 41.97, 349.62, 357.04, 0.9304, -0.0936, 0.3544, 0.0084
17:20:40, 1.17, 35, 42.63, 349.58, 356.99, 0.9283, -0.0941, 0.3596, 0.0086
17:20:40, 1.20, 36, 43.30, 349.59, 356.91, 0.9262, -0.0942, 0.3650, 0.0085
17:20:40, 1.20, 36, 43.97, 349.54, 356.82, 0.9240, -0.0948, 0.3703, 0.0085
17:20:40, 1.23, 37, 44.69, 349.53, 356.74, 0.9217, -0.0951, 0.3761, 0.0085
17:20:40, 1.23, 37, 45.41, 349.54, 356.62, 0.9193, -0.0954, 0.3818, 0.0081
17:20:40, 1.27, 38, 46.16, 349.48, 356.56, 0.9168, -0.0960, 0.3877, 0.0084
17:20:40, 1.27, 38, 46.90, 349.49, 356.39, 0.9142, -0.0965, 0.3934, 0.0077
17:20:40, 1.27, 38, 47.65, 349.48, 356.21, 0.9116, -0.0971, 0.3993, 0.0069
17:20:40, 1.30, 39, 48.48, 349.56, 356.11, 0.9088, -0.0968, 0.4058, 0.0065
17:20:40, 1.30, 39, 49.29, 349.61, 355.94, 0.9059, -0.0970, 0.4121, 0.0057
17:20:40, 1.33, 40, 50.10, 349.55, 355.89, 0.9030, -0.0976, 0.4184, 0.0062
17:20:40, 1.33, 40, 50.96, 349.57, 355.87, 0.8998, -0.0974, 0.4252, 0.0067
17:20:40, 1.33, 40, 51.87, 349.58, 355.67, 0.8964, -0.0980, 0.4321, 0.0058
17:20:40, 1.37, 41, 52.80, 349.61, 355.49, 0.8929, -0.0984, 0.4393, 0.0051
17:20:41, 1.37, 41, 53.78, 349.72, 355.26, 0.8892, -0.0985, 0.4468, 0.0037
17:20:41, 1.40, 42, 54.74, 349.71, 355.08, 0.8854, -0.0992, 0.4541, 0.0032
17:20:41, 1.40, 42, 55.68, 349.80, 354.92, 0.8817, -0.0992, 0.4612, 0.0025
17:20:41, 1.43, 43, 56.65, 349.94, 354.84, 0.8779, -0.0984, 0.4687, 0.0021
17:20:41, 1.43, 43, 57.64, 350.00, 354.72, 0.8738, -0.0984, 0.4762, 0.0018
17:20:41, 1.43, 43, 58.64, 350.07, 354.56, 0.8697, -0.0985, 0.4837, 0.0011
17:20:41, 1.47, 44, 59.61, 350.19, 354.35, 0.8656, -0.0985, 0.4910, -0.0001
17:20:41, 1.47, 44, 60.64, 350.23, 354.22, 0.8612, -0.0988, 0.4986, -0.0005
17:20:41, 1.50, 45, 61.66, 350.36, 354.08, 0.8567, -0.0984, 0.5063, -0.0012
17:20:41, 1.50, 45, 62.73, 350.50, 353.99, 0.8520, -0.0978, 0.5143, -0.0015
17:20:41, 1.50, 45, 63.76, 350.59, 353.94, 0.8474, -0.0974, 0.5220, -0.0015
17:20:41, 1.53, 46, 64.79, 350.74, 353.86, 0.8427, -0.0967, 0.5296, -0.0019
17:20:41, 1.53, 46, 65.81, 350.78, 353.76, 0.8380, -0.0968, 0.5370, -0.0019
17:20:41, 1.57, 47, 66.79, 350.91, 353.65, 0.8334, -0.0964, 0.5442, -0.0025
17:20:41, 1.57, 47, 67.75, 350.99, 353.58, 0.8288, -0.0962, 0.5511, -0.0027
17:20:41, 1.60, 48, 68.72, 351.11, 353.43, 0.8242, -0.0961, 0.5581, -0.0035
17:20:41, 1.60, 48, 69.69, 351.17, 353.35, 0.8195, -0.0961, 0.5650, -0.0036
17:20:41, 1.60, 48, 70.66, 351.28, 353.21, 0.8146, -0.0961, 0.5719, -0.0043
17:20:41, 1.63, 49, 71.63, 351.32, 353.10, 0.8098, -0.0964, 0.5787, -0.0045
17:20:41, 1.63, 49, 72.60, 351.37, 352.98, 0.8049, -0.0967, 0.5855, -0.0047
17:20:41, 1.67, 50, 73.53, 351.51, 352.96, 0.8001, -0.0959, 0.5921, -0.0048
17:20:41, 1.67, 50, 74.48, 351.63, 352.91, 0.7952, -0.0953, 0.5988, -0.0050
17:20:41, 1.67, 50, 75.41, 351.75, 352.91, 0.7903, -0.0945, 0.6053, -0.0049
17:20:41, 1.70, 51, 76.41, 351.83, 352.89, 0.7850, -0.0941, 0.6122, -0.0046
17:20:41, 1.70, 51, 77.33, 351.90, 352.88, 0.7801, -0.0937, 0.6186, -0.0043
17:20:41, 1.73, 52, 78.29, 351.92, 352.86, 0.7749, -0.0938, 0.6251, -0.0038
17:20:41, 1.73, 52, 79.19, 351.97, 352.87, 0.7700, -0.0934, 0.6312, -0.0033
17:20:41, 1.77, 53, 80.11, 352.09, 352.85, 0.7649, -0.0927, 0.6374, -0.0034
17:20:41, 1.77, 53, 80.94, 352.16, 352.87, 0.7603, -0.0922, 0.6430, -0.0029
17:20:41, 1.77, 53, 81.87, 352.26, 352.94, 0.7550, -0.0911, 0.6493, -0.0023
17:20:41, 1.80, 54, 82.72, 352.34, 353.06, 0.7502, -0.0899, 0.6551, -0.0013
17:20:41, 1.80, 54, 83.58, 352.36, 353.20, 0.7453, -0.0890, 0.6608, 0.0002
17:20:41, 1.83, 55, 84.40, 352.43, 353.36, 0.7405, -0.0877, 0.6663, 0.0015
17:20:41, 1.83, 55, 85.16, 352.41, 353.50, 0.7361, -0.0869, 0.6713, 0.0031
17:20:41, 1.83, 55, 86.02, 352.42, 353.62, 0.7310, -0.0862, 0.6769, 0.0044
17:20:41, 1.87, 56, 86.85, 352.46, 353.77, 0.7261, -0.0850, 0.6823, 0.0058
17:20:41, 1.87, 56, 87.74, 352.32, 353.94, 0.7208, -0.0848, 0.6879, 0.0083
17:20:41, 1.90, 57, 88.69, 352.33, 354.03, 0.7150, -0.0841, 0.6940, 0.0095
17:20:41, 1.90, 57, 89.56, 352.32, 354.16, 0.7097, -0.0833, 0.6995, 0.0110
17:20:41, 1.93, 58, 90.35, 352.35, 354.29, 0.7049, -0.0822, 0.7045, 0.0122
17:20:41, 1.93, 58, 91.16, 352.38, 354.40, 0.6999, -0.0813, 0.7095, 0.0133
17:20:41, 1.93, 58, 92.00, 352.49, 354.46, 0.6946, -0.0801, 0.7148, 0.0135
17:20:41, 1.97, 59, 92.91, 352.52, 354.50, 0.6889, -0.0795, 0.7203, 0.0142
17:20:41, 1.97, 59, 93.64, 352.48, 354.58, 0.6843, -0.0792, 0.7247, 0.0155
17:20:41, 2.00, 60, 94.47, 352.47, 354.58, 0.6791, -0.0792, 0.7296, 0.0161
17:20:41, 2.00, 60, 95.24, 352.39, 354.60, 0.6741, -0.0794, 0.7342, 0.0173
17:20:41, 2.00, 60, 96.03, 352.34, 354.66, 0.6690, -0.0792, 0.7388, 0.0185
17:20:41, 2.03, 61, 96.82, 352.34, 354.69, 0.6639, -0.0789, 0.7434, 0.0192
17:20:41, 2.03, 61, 97.54, 352.34, 354.71, 0.6592, -0.0786, 0.7475, 0.0198
17:20:41, 2.07, 62, 98.27, 352.33, 354.65, 0.6545, -0.0789, 0.7517, 0.0201
17:20:41, 2.07, 62, 99.04, 352.36, 354.62, 0.6494, -0.0789, 0.7561, 0.0202
17:20:41, 2.10, 63, 99.76, 352.43, 354.52, 0.6446, -0.0790, 0.7601, 0.0196
17:20:41, 2.10, 63, 100.43, 352.56, 354.45, 0.6402, -0.0786, 0.7639, 0.0189
17:20:41, 2.10, 63, 101.12, 352.69, 354.40, 0.6356, -0.0781, 0.7678, 0.0182
17:20:41, 2.13, 64, 101.78, 352.90, 354.28, 0.6312, -0.0776, 0.7715, 0.0165
17:20:41, 2.13, 64, 102.43, 353.00, 354.18, 0.6268, -0.0777, 0.7751, 0.0158
17:20:41, 2.17, 65, 103.05, 353.11, 354.09, 0.6226, -0.0776, 0.7785, 0.0150
17:20:41, 2.17, 65, 103.73, 353.19, 354.00, 0.6180, -0.0777, 0.7822, 0.0144
17:20:41, 2.17, 65, 104.34, 353.24, 353.85, 0.6139, -0.0784, 0.7854, 0.0136
17:20:41, 2.20, 66, 105.03, 353.28, 353.77, 0.6091, -0.0787, 0.7890, 0.0134
17:20:41, 2.20, 66, 105.64, 353.36, 353.71, 0.6049, -0.0786, 0.7923, 0.0130
17:20:41, 2.23, 67, 106.20, 353.42, 353.67, 0.6010, -0.0785, 0.7953, 0.0128
17:20:41, 2.23, 67, 106.73, 353.50, 353.73, 0.5973, -0.0776, 0.7981, 0.0129
17:20:41, 2.27, 68, 107.26, 353.54, 353.68, 0.5937, -0.0777, 0.8008, 0.0127
17:20:41, 2.27, 68, 107.78, 353.58, 353.74, 0.5900, -0.0770, 0.8036, 0.0131
17:20:41, 2.27, 68, 108.20, 353.63, 353.82, 0.5870, -0.0761, 0.8059, 0.0134
17:20:41, 2.30, 69, 108.60, 353.67, 353.81, 0.5843, -0.0760, 0.8079, 0.0133
17:20:41, 2.30, 69, 108.96, 353.70, 353.77, 0.5817, -0.0760, 0.8098, 0.0132
17:20:41, 2.33, 70, 109.30, 353.69, 353.77, 0.5793, -0.0760, 0.8114, 0.0134
17:20:41, 2.33, 70, 109.63, 353.62, 353.75, 0.5769, -0.0765, 0.8131, 0.0141
17:20:41, 2.33, 70, 109.95, 353.63, 353.75, 0.5747, -0.0764, 0.8147, 0.0142
17:20:41, 2.37, 71, 110.23, 353.58, 353.71, 0.5727, -0.0769, 0.8160, 0.0146
17:20:42, 2.37, 71, 110.50, 353.57, 353.75, 0.5708, -0.0766, 0.8174, 0.0150
17:20:42, 2.40, 72, 110.79, 353.56, 353.76, 0.5687, -0.0766, 0.8188, 0.0153
17:20:42, 2.40, 72, 111.08, 353.61, 353.75, 0.5666, -0.0764, 0.8203, 0.0151
17:20:42, 2.43, 73, 111.39, 353.61, 353.72, 0.5644, -0.0765, 0.8218, 0.0152
17:20:42, 2.43, 73, 111.68, 353.60, 353.73, 0.5623, -0.0765, 0.8232, 0.0154
17:20:42, 2.43, 73, 111.97, 353.64, 353.72, 0.5602, -0.0763, 0.8247, 0.0154
17:20:42, 2.47, 74, 112.22, 353.64, 353.71, 0.5584, -0.0764, 0.8259, 0.0155
17:20:42, 2.47, 74, 112.46, 353.62, 353.73, 0.5567, -0.0763, 0.8271, 0.0158
17:20:42, 2.50, 75, 112.72, 353.60, 353.70, 0.5548, -0.0766, 0.8283, 0.0160
17:20:42, 2.50, 75, 112.88, 353.60, 353.69, 0.5537, -0.0766, 0.8291, 0.0161
17:20:42, 2.50, 75, 113.06, 353.58, 353.65, 0.5524, -0.0770, 0.8299, 0.0161
17:20:42, 2.53, 76, 113.21, 353.61, 353.61, 0.5513, -0.0771, 0.8306, 0.0158
17:20:42, 2.53, 76, 113.34, 353.63, 353.58, 0.5504, -0.0772, 0.8312, 0.0156
17:20:42, 2.57, 77, 113.41, 353.64, 353.53, 0.5498, -0.0775, 0.8315, 0.0154
17:20:42, 2.57, 77, 113.47, 353.65, 353.48, 0.5494, -0.0778, 0.8318, 0.0151
17:20:42, 2.60, 78, 113.47, 353.66, 353.45, 0.5495, -0.0780, 0.8317, 0.0149
17:20:42, 2.60, 78, 113.42, 353.67, 353.43, 0.5498, -0.0781, 0.8315, 0.0147
17:20:42, 2.60, 78, 113.38, 353.70, 353.38, 0.5500, -0.0783, 0.8313, 0.0142
17:20:42, 2.63, 79, 113.33, 353.71, 353.32, 0.5505, -0.0787, 0.8310, 0.0138
17:20:42, 2.63, 79, 113.25, 353.76, 353.30, 0.5510, -0.0786, 0.8307, 0.0133
17:20:42, 2.67, 80, 113.18, 353.75, 353.27, 0.5515, -0.0789, 0.8303, 0.0131
17:20:42, 2.67, 80, 113.11, 353.77, 353.22, 0.5520, -0.0792, 0.8300, 0.0127
17:20:42, 2.67, 80, 113.03, 353.79, 353.15, 0.5526, -0.0796, 0.8295, 0.0122
17:20:42, 2.70, 81, 112.97, 353.83, 353.15, 0.5531, -0.0794, 0.8292, 0.0118
17:20:42, 2.70, 81, 112.88, 353.90, 353.17, 0.5537, -0.0789, 0.8289, 0.0114
17:20:42, 2.73, 82, 112.79, 353.95, 353.20, 0.5543, -0.0785, 0.8285, 0.0111
17:20:42, 2.73, 82, 112.72, 354.00, 353.19, 0.5548, -0.0783, 0.8282, 0.0106
17:20:42, 2.77, 83, 112.63, 354.05, 353.22, 0.5554, -0.0779, 0.8278, 0.0104
17:20:42, 2.77, 83, 112.58, 354.08, 353.22, 0.5558, -0.0777, 0.8276, 0.0101
17:20:42, 2.77, 83, 112.53, 354.11, 353.21, 0.5562, -0.0777, 0.8274, 0.0098
17:20:42, 2.80, 84, 112.47, 354.19, 353.21, 0.5566, -0.0773, 0.8271, 0.0092
17:20:42, 2.80, 84, 112.41, 354.20, 353.22, 0.5570, -0.0771, 0.8268, 0.0092
17:20:42, 2.83, 85, 112.33, 354.22, 353.24, 0.5576, -0.0769, 0.8265, 0.0090
17:20:42, 2.83, 85, 112.24, 354.23, 353.25, 0.5582, -0.0768, 0.8261, 0.0090
17:20:42, 2.83, 85, 112.18, 354.26, 353.25, 0.5587, -0.0767, 0.8258, 0.0087
17:20:42, 2.87, 86, 112.09, 354.24, 353.23, 0.5593, -0.0769, 0.8253, 0.0087
17:20:42, 2.87, 86, 112.00, 354.27, 353.24, 0.5600, -0.0767, 0.8249, 0.0084
17:20:42, 2.90, 87, 111.87, 354.28, 353.22, 0.5609, -0.0768, 0.8243, 0.0082
17:20:42, 2.90, 87, 111.78, 354.28, 353.20, 0.5615, -0.0769, 0.8238, 0.0080
17:20:42, 2.93, 88, 111.66, 354.29, 353.18, 0.5624, -0.0771, 0.8232, 0.0078
17:20:42, 2.93, 88, 111.55, 354.34, 353.17, 0.5632, -0.0769, 0.8227, 0.0073
17:20:42, 2.93, 88, 111.40, 354.37, 353.16, 0.5643, -0.0769, 0.8220, 0.0069
17:20:42, 2.97, 89, 111.23, 354.41, 353.12, 0.5655, -0.0769, 0.8212, 0.0064
17:20:42, 2.97, 89, 111.07, 354.45, 353.09, 0.5666, -0.0769, 0.8204, 0.0058
17:20:42, 3.00, 90, 110.91, 354.48, 353.05, 0.5678, -0.0771, 0.8196, 0.0053
17:20:42, 3.00, 90, 110.70, 354.51, 353.03, 0.5692, -0.0771, 0.8185, 0.0048
17:20:42, 3.00, 90, 110.50, 354.55, 353.02, 0.5707, -0.0770, 0.8176, 0.0043
17:20:42, 3.03, 91, 110.26, 354.56, 353.04, 0.5724, -0.0768, 0.8163, 0.0042
17:20:42, 3.03, 91, 110.00, 354.59, 353.07, 0.5743, -0.0765, 0.8151, 0.0040
17:20:42, 3.07, 92, 109.74, 354.58, 353.10, 0.5761, -0.0763, 0.8138, 0.0040
17:20:42, 3.07, 92, 109.46, 354.58, 353.14, 0.5781, -0.0760, 0.8124, 0.0040
17:20:42, 3.10, 93, 109.16, 354.58, 353.16, 0.5802, -0.0759, 0.8109, 0.0040
17:20:42, 3.10, 93, 108.84, 354.57, 353.17, 0.5825, -0.0759, 0.8093, 0.0039
17:20:42, 3.10, 93, 108.54, 354.54, 353.21, 0.5846, -0.0758, 0.8078, 0.0040
17:20:42, 3.13, 94, 108.18, 354.54, 353.30, 0.5871, -0.0751, 0.8060, 0.0043
17:20:42, 3.13, 94, 107.80, 354.53, 353.38, 0.5897, -0.0746, 0.8041, 0.0045
17:20:42, 3.17, 95, 107.43, 354.54, 353.49, 0.5924, -0.0739, 0.8023, 0.0048
17:20:42, 3.17, 95, 107.05, 354.48, 353.61, 0.5950, -0.0734, 0.8003, 0.0056
17:20:42, 3.17, 95, 106.67, 354.40, 353.70, 0.5977, -0.0732, 0.7983, 0.0063
17:20:42, 3.20, 96, 106.31, 354.44, 353.80, 0.6002, -0.0723, 0.7966, 0.0064
17:20:42, 3.20, 96, 105.98, 354.47, 353.90, 0.6025, -0.0715, 0.7949, 0.0065
17:20:42, 3.23, 97, 105.66, 354.50, 354.03, 0.6046, -0.0704, 0.7933, 0.0067
17:20:42, 3.23, 97, 105.31, 354.51, 354.17, 0.6071, -0.0694, 0.7916, 0.0072
17:20:42, 3.27, 98, 104.96, 354.56, 354.34, 0.6094, -0.0680, 0.7899, 0.0075
17:20:42, 3.27, 98, 104.58, 354.57, 354.39, 0.6121, -0.0676, 0.7879, 0.0075
17:20:42, 3.27, 98, 104.12, 354.56, 354.53, 0.6152, -0.0667, 0.7855, 0.0081
17:20:42, 3.30, 99, 103.75, 354.57, 354.64, 0.6178, -0.0660, 0.7835, 0.0084
17:20:42, 3.30, 99, 103.25, 354.60, 354.73, 0.6212, -0.0652, 0.7809, 0.0084
17:20:42, 3.33, 100, 102.79, 354.53, 354.81, 0.6243, -0.0651, 0.7784, 0.0090
17:20:42, 3.33, 100, 102.30, 354.46, 354.85, 0.6276, -0.0652, 0.7758, 0.0094
17:20:42, 3.33, 100, 101.85, 354.45, 354.93, 0.6306, -0.0648, 0.7733, 0.0097
17:20:42, 3.37, 101, 101.36, 354.33, 355.00, 0.6340, -0.0650, 0.7706, 0.0106
17:20:43, 3.37, 101, 100.89, 354.29, 355.05, 0.6371, -0.0649, 0.7680, 0.0109
17:20:43, 3.40, 102, 100.39, 354.25, 355.16, 0.6405, -0.0645, 0.7652, 0.0115
17:20:43, 3.40, 102, 99.89, 354.20, 355.20, 0.6438, -0.0645, 0.7624, 0.0118
17:20:43, 3.43, 103, 99.40, 354.17, 355.34, 0.6470, -0.0638, 0.7597, 0.0125
17:20:43, 3.43, 103, 98.88, 354.13, 355.44, 0.6504, -0.0634, 0.7568, 0.0130
17:20:43, 3.43, 103, 98.40, 354.09, 355.57, 0.6536, -0.0629, 0.7541, 0.0138
17:20:43, 3.47, 104, 97.84, 354.07, 355.69, 0.6572, -0.0623, 0.7510, 0.0143
17:20:43, 3.47, 104, 97.36, 353.92, 355.74, 0.6603, -0.0628, 0.7482, 0.0153
17:20:43, 3.50, 105, 96.82, 353.92, 355.83, 0.6638, -0.0623, 0.7451, 0.0156
17:20:43, 3.50, 105, 96.33, 353.88, 355.86, 0.6670, -0.0625, 0.7422, 0.0157
17:20:43, 3.50, 105, 95.86, 353.83, 355.93, 0.6701, -0.0623, 0.7395, 0.0162
17:20:43, 3.53, 106, 95.34, 353.82, 355.95, 0.6734, -0.0624, 0.7365, 0.0161
17:20:43, 3.53, 106, 94.86, 353.79, 356.00, 0.6764, -0.0623, 0.7337, 0.0163
17:20:43, 3.57, 107, 94.35, 353.76, 356.03, 0.6797, -0.0623, 0.7307, 0.0164
17:20:43, 3.57, 107, 93.81, 353.70, 356.04, 0.6832, -0.0627, 0.7274, 0.0165
17:20:43, 3.60, 108, 93.29, 353.71, 356.10, 0.6864, -0.0623, 0.7243, 0.0166
17:20:43, 3.60, 108, 92.76, 353.62, 356.15, 0.6898, -0.0627, 0.7211, 0.0171
17:20:43, 3.60, 108, 92.23, 353.59, 356.22, 0.6931, -0.0625, 0.7179, 0.0174
17:20:43, 3.63, 109, 91.67, 353.54, 356.25, 0.6966, -0.0626, 0.7145, 0.0176
17:20:43, 3.63, 109, 91.10, 353.48, 356.31, 0.7001, -0.0628, 0.7111, 0.0180
17:20:43, 3.67, 110, 90.55, 353.48, 356.35, 0.7035, -0.0626, 0.7077, 0.0180
17:20:43, 3.67, 110, 89.98, 353.50, 356.40, 0.7070, -0.0622, 0.7042, 0.0179
17:20:43, 3.70, 111, 89.40, 353.44, 356.45, 0.7105, -0.0624, 0.7007, 0.0183
17:20:43, 3.70, 111, 88.83, 353.40, 356.52, 0.7140, -0.0623, 0.6971, 0.0186
17:20:43, 3.70, 111, 88.19, 353.39, 356.64, 0.7178, -0.0618, 0.6932, 0.0190
17:20:43, 3.73, 112, 87.59, 353.35, 356.69, 0.7215, -0.0618, 0.6894, 0.0193
17:20:43, 3.73, 112, 86.99, 353.29, 356.73, 0.7251, -0.0620, 0.6856, 0.0196
17:20:43, 3.77, 113, 86.35, 353.29, 356.86, 0.7288, -0.0614, 0.6816, 0.0201
17:20:43, 3.77, 113, 85.72, 353.24, 356.91, 0.7325, -0.0615, 0.6776, 0.0203
17:20:43, 3.77, 113, 85.09, 353.22, 356.96, 0.7363, -0.0615, 0.6736, 0.0204
17:20:43, 3.80, 114, 84.49, 353.17, 356.96, 0.7398, -0.0619, 0.6697, 0.0204
17:20:43, 3.80, 114, 83.80, 353.16, 357.02, 0.7438, -0.0618, 0.6652, 0.0205
17:20:43, 3.83, 115, 83.13, 353.15, 357.04, 0.7476, -0.0618, 0.6609, 0.0203
17:20:43, 3.83, 115, 82.45, 353.11, 357.03, 0.7515, -0.0623, 0.6565, 0.0202
17:20:43, 3.83, 115, 81.76, 352.98, 357.06, 0.7554, -0.0630, 0.6519, 0.0207
17:20:43, 3.87, 116, 81.05, 352.99, 357.11, 0.7594, -0.0628, 0.6472, 0.0206
17:20:43, 3.87, 116, 80.37, 352.92, 357.15, 0.7632, -0.0632, 0.6427, 0.0209
17:20:43, 3.90, 117, 79.62, 352.91, 357.23, 0.7674, -0.0629, 0.6377, 0.0211
17:20:43, 3.90, 117, 78.98, 352.85, 357.29, 0.7709, -0.0631, 0.6334, 0.0214
17:20:43, 3.93, 118, 78.28, 352.84, 357.31, 0.7748, -0.0632, 0.6287, 0.0212
17:20:43, 3.93, 118, 77.60, 352.79, 357.35, 0.7785, -0.0635, 0.6241, 0.0214
17:20:43, 3.93, 118, 76.94, 352.82, 357.48, 0.7820, -0.0627, 0.6197, 0.0217
17:20:43, 3.97, 119, 76.29, 352.82, 357.50, 0.7856, -0.0627, 0.6152, 0.0215
17:20:43, 3.97, 119, 75.61, 352.83, 357.64, 0.7892, -0.0620, 0.6106, 0.0221
17:20:43, 4.00, 120, 74.93, 352.78, 357.76, 0.7928, -0.0618, 0.6060, 0.0228
17:20:43, 4.00, 120, 74.25, 352.79, 357.87, 0.7963, -0.0613, 0.6013, 0.0232
17:20:43, 4.03, 121, 73.57, 352.82, 357.95, 0.7998, -0.0608, 0.5967, 0.0232
17:20:43, 4.03, 121, 72.81, 352.83, 358.11, 0.8038, -0.0601, 0.5914, 0.0239
17:20:43, 4.03, 121, 72.06, 352.83, 358.20, 0.8076, -0.0597, 0.5862, 0.0241
17:20:43, 4.07, 122, 71.33, 352.91, 358.32, 0.8113, -0.0587, 0.5811, 0.0242
17:20:43, 4.07, 122, 70.53, 352.94, 358.47, 0.8154, -0.0580, 0.5755, 0.0247
17:20:43, 4.10, 123, 69.78, 352.97, 358.54, 0.8191, -0.0575, 0.5702, 0.0247
17:20:43, 4.10, 123, 68.98, 353.01, 358.62, 0.8230, -0.0570, 0.5646, 0.0246
17:20:43, 4.10, 123, 68.23, 353.05, 358.73, 0.8267, -0.0564, 0.5592, 0.0248
17:20:43, 4.13, 124, 67.45, 353.13, 358.78, 0.8305, -0.0558, 0.5536, 0.0244
17:20:43, 4.13, 124, 66.69, 353.19, 358.85, 0.8342, -0.0551, 0.5482, 0.0243
17:20:43, 4.17, 125, 65.83, 353.24, 359.01, 0.8383, -0.0542, 0.5420, 0.0247
17:20:43, 4.17, 125, 64.97, 353.26, 359.14, 0.8423, -0.0536, 0.5358, 0.0253
17:20:43, 4.20, 126, 64.07, 353.35, 359.27, 0.8465, -0.0525, 0.5292, 0.0254
17:20:43, 4.20, 126, 63.11, 353.37, 359.39, 0.8509, -0.0520, 0.5222, 0.0257
17:20:43, 4.20, 126, 62.16, 353.37, 359.49, 0.8552, -0.0518, 0.5151, 0.0260
17:20:43, 4.23, 127, 61.23, 353.39, 359.51, 0.8593, -0.0518, 0.5082, 0.0257
17:20:43, 4.23, 127, 60.28, 353.43, 359.53, 0.8635, -0.0516, 0.5011, 0.0253
17:20:43, 4.27, 128, 59.42, 353.52, 359.50, 0.8673, -0.0513, 0.4946, 0.0242
17:20:43, 4.27, 128, 58.55, 353.50, 359.45, 0.8710, -0.0518, 0.4880, 0.0235
17:20:43, 4.27, 128, 57.63, 353.56, 359.43, 0.8749, -0.0516, 0.4810, 0.0227
17:20:43, 4.30, 129, 56.74, 353.65, 359.39, 0.8787, -0.0513, 0.4742, 0.0217
17:20:43, 4.30, 129, 55.89, 353.59, 359.37, 0.8822, -0.0520, 0.4676, 0.0214
17:20:43, 4.33, 130, 54.98, 353.61, 359.35, 0.8859, -0.0521, 0.4606, 0.0207
17:20:43, 4.33, 130, 54.05, 353.67, 359.36, 0.8896, -0.0518, 0.4534, 0.0201
17:20:43, 4.33, 130, 53.13, 353.63, 359.43, 0.8932, -0.0519, 0.4463, 0.0204
17:20:43, 4.37, 131, 52.15, 353.67, 359.49, 0.8969, -0.0515, 0.4387, 0.0202
17:20:44, 4.37, 131, 51.25, 353.67, 359.53, 0.9004, -0.0515, 0.4316, 0.0201
17:20:44, 4.40, 132, 50.26, 353.68, 359.58, 0.9040, -0.0514, 0.4239, 0.0201
17:20:44, 4.40, 132, 49.32, 353.67, 359.65, 0.9075, -0.0514, 0.4165, 0.0203
17:20:44, 4.43, 133, 48.40, 353.64, 359.56, 0.9108, -0.0522, 0.4091, 0.0192
17:20:44, 4.43, 133, 47.46, 353.62, 359.49, 0.9141, -0.0527, 0.4016, 0.0183
17:20:44, 4.43, 133, 46.57, 353.56, 359.41, 0.9172, -0.0536, 0.3944, 0.0175
17:20:44, 4.47, 134, 45.63, 353.58, 359.41, 0.9204, -0.0536, 0.3868, 0.0170
17:20:44, 4.47, 134, 44.76, 353.47, 359.37, 0.9233, -0.0548, 0.3798, 0.0166
17:20:44, 4.50, 135, 43.85, 353.37, 359.30, 0.9262, -0.0560, 0.3725, 0.0160
17:20:44, 4.50, 135, 43.09, 353.25, 359.29, 0.9286, -0.0570, 0.3662, 0.0159
17:20:44, 4.50, 135, 42.32, 353.16, 359.30, 0.9310, -0.0579, 0.3600, 0.0158
17:20:44, 4.53, 136, 41.54, 353.15, 359.31, 0.9334, -0.0580, 0.3537, 0.0156
17:20:44, 4.53, 136, 40.84, 353.12, 359.32, 0.9356, -0.0583, 0.3479, 0.0154
17:20:44, 4.57, 137, 40.10, 353.11, 359.35, 0.9378, -0.0584, 0.3419, 0.0153
17:20:44, 4.57, 137, 39.41, 353.09, 359.36, 0.9398, -0.0586, 0.3362, 0.0151
17:20:44, 4.60, 138, 38.73, 353.11, 359.45, 0.9418, -0.0583, 0.3307, 0.0154
17:20:44, 4.60, 138, 38.10, 353.13, 359.46, 0.9436, -0.0582, 0.3255, 0.0151
17:20:44, 4.60, 138, 37.43, 353.11, 359.54, 0.9455, -0.0582, 0.3201, 0.0155
17:20:44, 4.63, 139, 36.77, 353.16, 359.62, 0.9473, -0.0576, 0.3146, 0.0156
17:20:44, 4.63, 139, 36.18, 353.18, 359.64, 0.9489, -0.0575, 0.3098, 0.0155
17:20:44, 4.67, 140, 35.62, 353.17, 359.67, 0.9504, -0.0576, 0.3052, 0.0155
17:20:44, 4.67, 140, 35.10, 353.17, 359.66, 0.9518, -0.0577, 0.3008, 0.0151
17:20:44, 4.67, 140, 34.62, 353.16, 359.63, 0.9531, -0.0579, 0.2968, 0.0147
17:20:44, 4.70, 141, 34.10, 353.18, 359.57, 0.9544, -0.0579, 0.2924, 0.0139
17:20:44, 4.70, 141, 33.65, 353.17, 359.54, 0.9556, -0.0582, 0.2887, 0.0134
17:20:44, 4.73, 142, 33.22, 353.22, 359.51, 0.9566, -0.0579, 0.2852, 0.0129
17:20:44, 4.73, 142, 32.81, 353.22, 359.48, 0.9577, -0.0580, 0.2817, 0.0124
17:20:44, 4.77, 143, 32.44, 353.21, 359.47, 0.9586, -0.0582, 0.2786, 0.0121
17:20:44, 4.77, 143, 32.07, 353.26, 359.45, 0.9595, -0.0578, 0.2755, 0.0116
17:20:44, 4.77, 143, 31.79, 353.35, 359.35, 0.9602, -0.0573, 0.2731, 0.0104
17:20:44, 4.80, 144, 31.45, 353.43, 359.41, 0.9611, -0.0565, 0.2703, 0.0105
17:20:44, 4.80, 144, 31.19, 353.47, 359.34, 0.9617, -0.0564, 0.2681, 0.0098
17:20:44, 4.83, 145, 30.90, 353.53, 359.34, 0.9624, -0.0559, 0.2657, 0.0095
17:20:44, 4.83, 145, 30.62, 353.57, 359.33, 0.9631, -0.0556, 0.2633, 0.0092
17:20:44, 4.83, 145, 30.32, 353.59, 359.35, 0.9638, -0.0554, 0.2608, 0.0091
17:20:44, 4.87, 146, 30.09, 353.61, 359.36, 0.9643, -0.0553, 0.2589, 0.0091
17:20:44, 4.87, 146, 29.84, 353.60, 359.35, 0.9648, -0.0554, 0.2568, 0.0089
17:20:44, 4.90, 147, 29.58, 353.63, 359.33, 0.9655, -0.0552, 0.2545, 0.0085
17:20:44, 4.90, 147, 29.30, 353.62, 359.36, 0.9661, -0.0553, 0.2522, 0.0086
17:20:44, 4.93, 148, 28.98, 353.61, 359.39, 0.9667, -0.0553, 0.2496, 0.0088
17:20:44, 4.93, 148, 28.69, 353.65, 359.42, 0.9674, -0.0549, 0.2471, 0.0088
17:20:44, 4.93, 148, 28.36, 353.68, 359.46, 0.9681, -0.0546, 0.2443, 0.0089
17:20:44, 4.97, 149, 28.06, 353.73, 359.52, 0.9688, -0.0541, 0.2419, 0.0092
17:20:44, 4.97, 149, 27.69, 353.74, 359.62, 0.9695, -0.0538, 0.2388, 0.0098
17:20:44, 5.00, 150, 27.31, 353.77, 359.65, 0.9703, -0.0535, 0.2356, 0.0098
17:20:44, 5.00, 150, 26.96, 353.82, 359.64, 0.9711, -0.0531, 0.2326, 0.0095
17:20:44, 5.00, 150, 26.60, 353.86, 359.60, 0.9718, -0.0530, 0.2295, 0.0089
17:20:44, 5.03, 151, 26.27, 353.93, 359.60, 0.9725, -0.0524, 0.2268, 0.0087
17:20:44, 5.03, 151, 25.87, 353.99, 359.64, 0.9733, -0.0518, 0.2233, 0.0087
17:20:44, 5.07, 152, 25.50, 354.02, 359.69, 0.9740, -0.0514, 0.2203, 0.0089
17:20:44, 5.07, 152, 25.12, 354.04, 359.76, 0.9748, -0.0512, 0.2170, 0.0093
17:20:44, 5.10, 153, 24.69, 354.06, 359.83, 0.9756, -0.0509, 0.2134, 0.0097
17:20:44, 5.10, 153, 24.35, 354.09, 359.91, 0.9762, -0.0506, 0.2106, 0.0101
17:20:44, 5.10, 153, 23.93, 354.05, 359.99, 0.9770, -0.0508, 0.2070, 0.0106
17:20:44, 5.13, 154, 23.66, 354.06, 359.98, 0.9774, -0.0507, 0.2047, 0.0105
17:20:44, 5.13, 154, 23.34, 354.10, 0.05, 0.9780, -0.0503, 0.2020, 0.0108
17:20:44, 5.17, 155, 23.01, 354.11, 0.09, 0.9786, -0.0502, 0.1993, 0.0111
17:20:44, 5.17, 155, 22.73, 354.15, 0.12, 0.9791, -0.0498, 0.1968, 0.0111
17:20:44, 5.20, 156, 22.49, 354.25, 0.12, 0.9796, -0.0490, 0.1948, 0.0108
17:20:44, 5.20, 156, 22.22, 354.37, 0.21, 0.9801, -0.0478, 0.1926, 0.0113
17:20:44, 5.20, 156, 21.95, 354.40, 0.33, 0.9805, -0.0474, 0.1903, 0.0121
17:20:44, 5.23, 157, 21.71, 354.48, 0.41, 0.9809, -0.0466, 0.1883, 0.0126
17:20:44, 5.23, 157, 21.47, 354.51, 0.47, 0.9813, -0.0463, 0.1862, 0.0129
17:20:44, 5.27, 158, 21.22, 354.55, 0.52, 0.9817, -0.0459, 0.1841, 0.0132
17:20:44, 5.27, 158, 20.95, 354.56, 0.57, 0.9822, -0.0457, 0.1819, 0.0135
17:20:44, 5.27, 158, 20.72, 354.54, 0.62, 0.9825, -0.0459, 0.1799, 0.0139
17:20:44, 5.30, 159, 20.48, 354.53, 0.67, 0.9829, -0.0459, 0.1778, 0.0143
17:20:44, 5.30, 159, 20.20, 354.51, 0.70, 0.9833, -0.0461, 0.1754, 0.0144
17:20:44, 5.33, 160, 19.97, 354.46, 0.71, 0.9836, -0.0465, 0.1734, 0.0144
17:20:44, 5.33, 160, 19.67, 354.43, 0.67, 0.9841, -0.0469, 0.1709, 0.0140
17:20:44, 5.33, 160, 19.42, 354.39, 0.63, 0.9844, -0.0473, 0.1687, 0.0137
17:20:44, 5.37, 161, 19.16, 354.35, 0.60, 0.9848, -0.0477, 0.1664, 0.0133
17:20:45, 5.37, 161, 18.92, 354.32, 0.57, 0.9851, -0.0480, 0.1644, 0.0130
17:20:45, 5.40, 162, 18.64, 354.31, 0.56, 0.9855, -0.0482, 0.1620, 0.0129
17:20:45, 5.40, 162, 18.37, 354.33, 0.53, 0.9859, -0.0481, 0.1596, 0.0125
17:20:45, 5.43, 163, 18.11, 354.37, 0.51, 0.9863, -0.0478, 0.1574, 0.0121
17:20:45, 5.43, 163, 17.85, 354.35, 0.48, 0.9867, -0.0480, 0.1551, 0.0118
17:20:45, 5.43, 163, 17.59, 354.30, 0.46, 0.9870, -0.0485, 0.1529, 0.0116
17:20:45, 5.47, 164, 17.33, 354.20, 0.39, 0.9873, -0.0495, 0.1507, 0.0110
17:20:45, 5.47, 164, 17.08, 354.11, 0.28, 0.9876, -0.0505, 0.1484, 0.0101
17:20:45, 5.50, 165, 16.83, 354.06, 0.17, 0.9879, -0.0511, 0.1462, 0.0091
17:20:45, 5.50, 165, 16.57, 354.04, 0.06, 0.9882, -0.0514, 0.1439, 0.0080
17:20:45, 5.50, 165, 16.35, 354.04, 359.95, 0.9885, -0.0516, 0.1420, 0.0070
17:20:45, 5.53, 166, 16.08, 354.05, 359.89, 0.9888, -0.0515, 0.1396, 0.0063
17:20:45, 5.53, 166, 15.85, 354.07, 359.77, 0.9891, -0.0515, 0.1376, 0.0052
17:20:45, 5.57, 167, 15.60, 354.06, 359.65, 0.9894, -0.0518, 0.1353, 0.0040
17:20:45, 5.57, 167, 15.37, 354.06, 359.50, 0.9897, -0.0520, 0.1333, 0.0026
17:20:45, 5.60, 168, 15.16, 354.06, 359.37, 0.9899, -0.0521, 0.1315, 0.0014
17:20:45, 5.60, 168, 14.93, 354.03, 359.32, 0.9902, -0.0524, 0.1294, 0.0009
17:20:45, 5.60, 168, 14.74, 354.03, 359.23, 0.9904, -0.0525, 0.1277, 0.0001
17:20:45, 5.63, 169, 14.52, 354.00, 359.14, 0.9906, -0.0528, 0.1258, -0.0008
17:20:45, 5.63, 169, 14.32, 353.99, 359.09, 0.9909, -0.0530, 0.1240, -0.0014
17:20:45, 5.67, 170, 14.11, 353.95, 359.03, 0.9911, -0.0534, 0.1222, -0.0019
17:20:45, 5.67, 170, 13.92, 353.93, 359.00, 0.9913, -0.0537, 0.1205, -0.0023
17:20:45, 5.70, 171, 13.71, 353.83, 358.94, 0.9914, -0.0545, 0.1187, -0.0027
17:20:45, 5.70, 171, 13.50, 353.76, 358.90, 0.9916, -0.0552, 0.1168, -0.0032
17:20:45, 5.70, 171, 13.31, 353.70, 358.81, 0.9918, -0.0558, 0.1151, -0.0039
17:20:45, 5.73, 172, 13.06, 353.65, 358.76, 0.9920, -0.0562, 0.1130, -0.0045
17:20:45, 5.73, 172, 12.83, 353.63, 358.68, 0.9922, -0.0565, 0.1109, -0.0052
17:20:45, 5.77, 173, 12.59, 353.56, 358.61, 0.9924, -0.0571, 0.1088, -0.0059
17:20:45, 5.77, 173, 12.31, 353.51, 358.59, 0.9926, -0.0576, 0.1063, -0.0061
17:20:45, 5.77, 173, 12.02, 353.46, 358.55, 0.9929, -0.0580, 0.1038, -0.0066
17:20:45, 5.80, 174, 11.69, 353.38, 358.57, 0.9931, -0.0587, 0.1009, -0.0065
17:20:45, 5.80, 174, 11.35, 353.30, 358.57, 0.9934, -0.0594, 0.0980, -0.0066
17:20:45, 5.83, 175, 10.99, 353.15, 358.57, 0.9936, -0.0607, 0.0948, -0.0067
17:20:45, 5.83, 175, 10.61, 353.08, 358.62, 0.9939, -0.0612, 0.0915, -0.0064
17:20:45, 5.83, 175, 10.25, 352.90, 358.71, 0.9941, -0.0627, 0.0884, -0.0056
17:20:45, 5.87, 176, 9.82, 352.81, 358.75, 0.9944, -0.0634, 0.0847, -0.0055
17:20:45, 5.90, 177, 8.44, 352.47, 358.97, 0.9951, -0.0661, 0.0728, -0.0041
17:20:45, 5.93, 178, 7.98, 352.41, 359.03, 0.9954, -0.0666, 0.0689, -0.0038
17:20:45, 5.93, 178, 7.52, 352.33, 359.16, 0.9956, -0.0672, 0.0649, -0.0029
17:20:45, 5.93, 178, 6.94, 352.25, 359.25, 0.9959, -0.0678, 0.0600, -0.0025
17:20:45, 5.97, 179, 6.46, 352.26, 359.35, 0.9961, -0.0677, 0.0559, -0.0019
17:20:45, 5.97, 179, 5.96, 352.23, 359.42, 0.9964, -0.0680, 0.0515, -0.0015
17:20:45, 6.00, 180, 5.47, 352.25, 359.45, 0.9966, -0.0677, 0.0473, -0.0015
17:20:45, 6.00, 180, 4.93, 352.27, 359.57, 0.9968, -0.0675, 0.0427, -0.0009
17:20:45, 6.03, 181, 4.44, 352.26, 359.61, 0.9970, -0.0676, 0.0384, -0.0008
17:20:45, 6.03, 181, 3.93, 352.25, 359.68, 0.9971, -0.0676, 0.0341, -0.0004
17:20:45, 6.03, 181, 3.36, 352.23, 359.73, 0.9973, -0.0678, 0.0291, -0.0004
17:20:45, 6.07, 182, 2.83, 352.16, 359.75, 0.9974, -0.0684, 0.0245, -0.0005
17:20:45, 6.07, 182, 2.36, 352.18, 359.78, 0.9975, -0.0682, 0.0204, -0.0005
17:20:45, 6.10, 183, 1.77, 352.13, 359.79, 0.9975, -0.0686, 0.0153, -0.0008
17:20:45, 6.10, 183, 1.23, 352.10, 359.80, 0.9976, -0.0689, 0.0106, -0.0010
17:20:45, 6.10, 183, 0.68, 352.11, 359.84, 0.9976, -0.0688, 0.0059, -0.0010
17:20:45, 6.13, 184, 0.14, 352.08, 359.83, 0.9976, -0.0691, 0.0011, -0.0014
17:20:45, 6.13, 184, 359.58, 352.08, 359.77, 0.9976, -0.0691, -0.0038, -0.0022
17:20:45, 6.17, 185, 359.04, 352.11, 359.78, 0.9976, -0.0688, -0.0085, -0.0025
17:20:45, 6.17, 185, 358.47, 352.14, 359.79, 0.9976, -0.0685, -0.0135, -0.0028
17:20:45, 6.20, 186, 357.93, 352.14, 359.77, 0.9975, -0.0685, -0.0182, -0.0033
17:20:45, 6.20, 186, 357.40, 352.21, 359.75, 0.9974, -0.0679, -0.0228, -0.0037
17:20:45, 6.20, 186, 356.87, 352.24, 359.75, 0.9973, -0.0675, -0.0274, -0.0040
17:20:45, 6.23, 187, 356.32, 352.32, 359.77, 0.9972, -0.0669, -0.0322, -0.0042
17:20:45, 6.23, 187, 355.82, 352.39, 359.77, 0.9971, -0.0663, -0.0365, -0.0044
17:20:45, 6.27, 188, 355.29, 352.33, 359.80, 0.9969, -0.0667, -0.0411, -0.0045
17:20:45, 6.27, 188, 354.77, 352.39, 359.81, 0.9967, -0.0662, -0.0456, -0.0047
17:20:45, 6.27, 188, 354.13, 352.34, 359.83, 0.9965, -0.0666, -0.0512, -0.0049
17:20:45, 6.30, 189, 353.56, 352.33, 359.91, 0.9962, -0.0667, -0.0561, -0.0045
17:20:45, 6.30, 189, 352.88, 352.32, 359.94, 0.9958, -0.0668, -0.0620, -0.0047
17:20:45, 6.33, 190, 352.21, 352.27, 359.96, 0.9954, -0.0673, -0.0678, -0.0050
17:20:45, 6.33, 190, 351.46, 352.32, 0.03, 0.9950, -0.0668, -0.0743, -0.0048
17:20:45, 6.33, 190, 350.77, 352.30, 0.08, 0.9945, -0.0670, -0.0803, -0.0047
17:20:45, 6.37, 191, 349.97, 352.32, 0.14, 0.9939, -0.0668, -0.0871, -0.0047
17:20:46, 6.37, 191, 349.13, 352.32, 0.22, 0.9933, -0.0669, -0.0944, -0.0045
17:20:46, 6.40, 192, 348.35, 352.32, 0.21, 0.9926, -0.0668, -0.1011, -0.0049
17:20:46, 6.40, 192, 347.52, 352.30, 0.19, 0.9918, -0.0670, -0.1083, -0.0056
17:20:46, 6.43, 193, 346.69, 352.33, 0.29, 0.9911, -0.0667, -0.1155, -0.0052
17:20:46, 6.43, 193, 345.85, 352.36, 0.35, 0.9902, -0.0665, -0.1227, -0.0052
17:20:46, 6.43, 193, 344.99, 352.38, 0.39, 0.9893, -0.0664, -0.1301, -0.0053
17:20:46, 6.47, 194, 344.13, 352.41, 0.49, 0.9883, -0.0661, -0.1375, -0.0049
17:20:46, 6.47, 194, 343.23, 352.39, 0.55, 0.9872, -0.0663, -0.1452, -0.0049
17:20:46, 6.50, 195, 342.33, 352.45, 0.63, 0.9860, -0.0659, -0.1529, -0.0047
17:20:46, 6.50, 195, 341.40, 352.43, 0.66, 0.9848, -0.0661, -0.1609, -0.0050
17:20:46, 6.50, 195, 340.52, 352.44, 0.73, 0.9835, -0.0660, -0.1684, -0.0049
17:20:46, 6.53, 196, 339.56, 352.43, 0.73, 0.9820, -0.0661, -0.1766, -0.0055
17:20:46, 6.53, 196, 338.66, 352.46, 0.80, 0.9806, -0.0659, -0.1843, -0.0053
17:20:46, 6.57, 197, 337.65, 352.49, 0.84, 0.9790, -0.0657, -0.1929, -0.0055
17:20:46, 6.57, 197, 336.68, 352.42, 0.88, 0.9773, -0.0663, -0.2012, -0.0058
17:20:46, 6.60, 198, 335.67, 352.46, 0.93, 0.9755, -0.0660, -0.2097, -0.0059
17:20:46, 6.60, 198, 334.72, 352.40, 0.98, 0.9737, -0.0665, -0.2178, -0.0062
17:20:46, 6.60, 198, 333.58, 352.45, 1.02, 0.9715, -0.0661, -0.2275, -0.0064
17:20:46, 6.63, 199, 332.51, 352.41, 1.04, 0.9693, -0.0665, -0.2365, -0.0069
17:20:46, 6.63, 199, 331.37, 352.44, 1.14, 0.9670, -0.0664, -0.2461, -0.0067
17:20:46, 6.67, 200, 330.23, 352.35, 1.20, 0.9644, -0.0672, -0.2557, -0.0071
17:20:46, 6.67, 200, 329.03, 352.31, 1.29, 0.9617, -0.0676, -0.2656, -0.0071
17:20:46, 6.70, 201, 327.75, 352.27, 1.47, 0.9586, -0.0683, -0.2763, -0.0064
17:20:46, 6.70, 201, 326.39, 352.16, 1.72, 0.9553, -0.0697, -0.2874, -0.0054
17:20:46, 6.70, 201, 324.97, 352.03, 1.96, 0.9515, -0.0714, -0.2991, -0.0047
17:20:46, 6.73, 202, 323.57, 351.95, 2.21, 0.9478, -0.0727, -0.3105, -0.0037
17:20:46, 6.73, 202, 322.13, 351.82, 2.51, 0.9438, -0.0746, -0.3221, -0.0025
17:20:46, 6.77, 203, 320.64, 351.64, 2.79, 0.9394, -0.0768, -0.3341, -0.0017
17:20:46, 6.77, 203, 319.17, 351.54, 3.07, 0.9350, -0.0784, -0.3459, -0.0007
17:20:46, 6.77, 203, 317.69, 351.40, 3.26, 0.9304, -0.0801, -0.3577, -0.0006
17:20:46, 6.80, 204, 316.16, 351.30, 3.56, 0.9255, -0.0819, -0.3699, 0.0005
17:20:46, 6.80, 204, 314.56, 351.25, 3.83, 0.9202, -0.0832, -0.3826, 0.0013
17:20:46, 6.83, 205, 312.91, 351.17, 4.10, 0.9146, -0.0848, -0.3955, 0.0020
17:20:46, 6.83, 205, 311.30, 351.20, 4.39, 0.9089, -0.0856, -0.4081, 0.0032
17:20:46, 6.83, 205, 309.64, 351.20, 4.67, 0.9029, -0.0867, -0.4210, 0.0042
17:20:46, 6.87, 206, 307.93, 351.21, 4.95, 0.8965, -0.0877, -0.4343, 0.0051
17:20:46, 6.87, 206, 306.31, 351.23, 5.11, 0.8903, -0.0882, -0.4467, 0.0051
17:20:46, 6.90, 207, 304.66, 351.31, 5.40, 0.8838, -0.0888, -0.4594, 0.0065
17:20:46, 6.90, 207, 302.99, 351.40, 5.70, 0.8770, -0.0894, -0.4720, 0.0078
17:20:46, 6.93, 208, 301.34, 351.48, 5.96, 0.8701, -0.0901, -0.4845, 0.0088
17:20:46, 6.93, 208, 299.65, 351.61, 6.29, 0.8629, -0.0907, -0.4971, 0.0106
17:20:46, 6.93, 208, 297.97, 351.72, 6.54, 0.8555, -0.0911, -0.5096, 0.0116
17:20:46, 6.97, 209, 296.32, 351.78, 6.74, 0.8481, -0.0917, -0.5217, 0.0121
17:20:46, 6.97, 209, 294.64, 351.89, 6.91, 0.8404, -0.0919, -0.5341, 0.0125
17:20:46, 7.00, 210, 292.93, 351.99, 7.07, 0.8323, -0.0921, -0.5465, 0.0127
17:20:46, 7.00, 210, 291.10, 352.05, 7.24, 0.8235, -0.0927, -0.5596, 0.0128
17:20:46, 7.00, 210, 289.12, 352.06, 7.52, 0.8137, -0.0942, -0.5735, 0.0133
17:20:46, 7.03, 211, 286.96, 352.18, 8.02, 0.8027, -0.0962, -0.5884, 0.0156
17:20:46, 7.03, 211, 284.54, 352.33, 8.57, 0.7900, -0.0984, -0.6049, 0.0182
17:20:46, 7.07, 212, 281.86, 352.66, 9.13, 0.7755, -0.0996, -0.6231, 0.0214
17:20:46, 7.07, 212, 279.04, 352.93, 9.55, 0.7599, -0.1007, -0.6418, 0.0233
17:20:46, 7.10, 213, 276.33, 353.18, 9.84, 0.7444, -0.1013, -0.6596, 0.0243
17:20:46, 7.10, 213, 273.74, 353.48, 10.01, 0.7292, -0.1008, -0.6763, 0.0248
17:20:46, 7.10, 213, 271.32, 353.71, 10.14, 0.7147, -0.1007, -0.6916, 0.0249
17:20:46, 7.13, 214, 269.03, 354.02, 10.29, 0.7007, -0.1002, -0.7060, 0.0257
17:20:46, 7.13, 214, 266.84, 354.32, 10.43, 0.6869, -0.0999, -0.7193, 0.0266
17:20:46, 7.17, 215, 264.74, 354.63, 10.63, 0.6735, -0.0998, -0.7319, 0.0279
17:20:46, 7.17, 215, 262.66, 354.97, 10.84, 0.6599, -0.0997, -0.7441, 0.0295
17:20:46, 7.17, 215, 260.69, 355.29, 10.93, 0.6469, -0.0990, -0.7555, 0.0304
17:20:46, 7.20, 216, 258.83, 355.62, 11.01, 0.6344, -0.0982, -0.7661, 0.0315
17:20:46, 7.20, 216, 257.12, 355.90, 11.09, 0.6227, -0.0977, -0.7757, 0.0323
17:20:46, 7.23, 217, 255.51, 356.02, 11.22, 0.6116, -0.0984, -0.7843, 0.0325
17:20:46, 7.23, 217, 254.07, 356.00, 11.37, 0.6018, -0.1000, -0.7918, 0.0319
17:20:46, 7.27, 218, 252.83, 355.98, 11.32, 0.5932, -0.1000, -0.7983, 0.0304
17:20:46, 7.27, 218, 251.76, 355.94, 11.20, 0.5857, -0.0996, -0.8039, 0.0286
17:20:46, 7.27, 218, 250.76, 356.04, 11.21, 0.5786, -0.0995, -0.8090, 0.0285
17:20:46, 7.30, 219, 249.85, 356.27, 11.31, 0.5720, -0.0993, -0.8136, 0.0298
17:20:46, 7.30, 219, 248.95, 356.46, 11.45, 0.5655, -0.0996, -0.8181, 0.0311
17:20:46, 7.33, 220, 248.13, 356.62, 11.49, 0.5595, -0.0993, -0.8222, 0.0317
17:20:46, 7.33, 220, 247.28, 356.67, 11.54, 0.5533, -0.0997, -0.8264, 0.0316
17:20:46, 7.33, 220, 246.52, 356.66, 11.55, 0.5479, -0.1000, -0.8300, 0.0309
17:20:46, 7.37, 221, 245.74, 356.66, 11.59, 0.5422, -0.1005, -0.8337, 0.0304
17:20:47, 7.37, 221, 245.04, 356.71, 11.60, 0.5370, -0.1006, -0.8370, 0.0302
17:20:47, 7.40, 222, 244.27, 356.66, 11.63, 0.5315, -0.1012, -0.8405, 0.0293
17:20:47, 7.40, 222, 243.58, 356.74, 11.66, 0.5263, -0.1012, -0.8437, 0.0295
17:20:47, 7.43, 223, 242.90, 356.66, 11.70, 0.5214, -0.1021, -0.8467, 0.0284
17:20:47, 7.43, 223, 242.27, 356.58, 11.82, 0.5167, -0.1034, -0.8495, 0.0278
17:20:47, 7.43, 223, 241.66, 356.46, 11.94, 0.5122, -0.1051, -0.8520, 0.0269
17:20:47, 7.47, 224, 241.14, 356.33, 11.98, 0.5085, -0.1059, -0.8542, 0.0256
17:20:47, 7.47, 224, 240.68, 356.32, 11.99, 0.5050, -0.1063, -0.8562, 0.0252
17:20:47, 7.50, 225, 240.31, 356.27, 12.04, 0.5022, -0.1069, -0.8577, 0.0247
17:20:47, 7.50, 225, 240.00, 356.27, 11.97, 0.5000, -0.1064, -0.8591, 0.0241
17:20:47, 7.50, 225, 239.70, 356.22, 11.96, 0.4977, -0.1066, -0.8604, 0.0234
17:20:47, 7.53, 226, 239.42, 356.15, 11.97, 0.4957, -0.1070, -0.8616, 0.0226
17:20:47, 7.53, 226, 239.17, 356.17, 11.98, 0.4938, -0.1071, -0.8627, 0.0226
17:20:47, 7.57, 227, 238.93, 356.11, 11.95, 0.4920, -0.1072, -0.8637, 0.0218
17:20:47, 7.57, 227, 238.66, 356.07, 11.91, 0.4900, -0.1071, -0.8649, 0.0210
17:20:47, 7.60, 228, 238.46, 356.04, 11.86, 0.4885, -0.1069, -0.8657, 0.0204
17:20:47, 7.60, 228, 238.23, 356.04, 11.82, 0.4868, -0.1066, -0.8667, 0.0200
17:20:47, 7.60, 228, 238.02, 356.05, 11.75, 0.4852, -0.1061, -0.8677, 0.0196
17:20:47, 7.63, 229, 237.82, 356.04, 11.70, 0.4837, -0.1058, -0.8686, 0.0192
17:20:47, 7.63, 229, 237.59, 356.04, 11.63, 0.4820, -0.1053, -0.8696, 0.0187
17:20:47, 7.67, 230, 237.34, 356.02, 11.59, 0.4801, -0.1051, -0.8707, 0.0181
17:20:47, 7.67, 230, 237.09, 355.99, 11.57, 0.4782, -0.1051, -0.8718, 0.0176
17:20:47, 7.70, 231, 236.83, 356.00, 11.55, 0.4762, -0.1050, -0.8729, 0.0173
17:20:47, 7.70, 231, 236.58, 355.99, 11.51, 0.4743, -0.1047, -0.8739, 0.0169
17:20:47, 7.70, 231, 236.32, 356.01, 11.49, 0.4723, -0.1046, -0.8750, 0.0166
17:20:47, 7.73, 232, 236.07, 355.98, 11.47, 0.4704, -0.1045, -0.8761, 0.0162
17:20:47, 7.73, 232, 235.82, 355.97, 11.47, 0.4686, -0.1046, -0.8771, 0.0158
17:20:47, 7.77, 233, 235.59, 355.91, 11.43, 0.4669, -0.1046, -0.8780, 0.0150
17:20:47, 7.77, 233, 235.37, 355.84, 11.45, 0.4652, -0.1050, -0.8788, 0.0144
17:20:47, 7.77, 233, 235.13, 355.78, 11.47, 0.4634, -0.1055, -0.8798, 0.0137
17:20:47, 7.80, 234, 234.90, 355.76, 11.44, 0.4616, -0.1053, -0.8807, 0.0133
17:20:47, 7.80, 234, 234.66, 355.69, 11.46, 0.4598, -0.1058, -0.8816, 0.0126
17:20:47, 7.83, 235, 234.47, 355.65, 11.45, 0.4584, -0.1059, -0.8823, 0.0120
17:20:47, 7.83, 235, 234.27, 355.57, 11.45, 0.4569, -0.1062, -0.8831, 0.0112
17:20:47, 7.83, 235, 234.11, 355.50, 11.43, 0.4557, -0.1064, -0.8837, 0.0104
17:20:47, 7.87, 236, 233.93, 355.42, 11.45, 0.4544, -0.1069, -0.8843, 0.0097
17:20:47, 7.87, 236, 233.76, 355.35, 11.50, 0.4531, -0.1075, -0.8849, 0.0092
17:20:47, 7.90, 237, 233.61, 355.25, 11.49, 0.4520, -0.1079, -0.8854, 0.0083
17:20:47, 7.90, 237, 233.47, 355.11, 11.47, 0.4510, -0.1083, -0.8859, 0.0070
17:20:47, 7.93, 238, 233.36, 354.94, 11.45, 0.4503, -0.1088, -0.8862, 0.0055
17:20:47, 7.93, 238, 233.26, 354.82, 11.44, 0.4496, -0.1091, -0.8865, 0.0044
17:20:47, 7.93, 238, 233.21, 354.74, 11.42, 0.4492, -0.1093, -0.8867, 0.0037
17:20:47, 7.97, 239, 233.14, 354.64, 11.40, 0.4487, -0.1096, -0.8869, 0.0028
17:20:47, 7.97, 239, 233.09, 354.59, 11.37, 0.4484, -0.1095, -0.8871, 0.0022
17:20:47, 8.00, 240, 233.07, 354.51, 11.35, 0.4483, -0.1097, -0.8871, 0.0015
17:20:47, 8.00, 240, 233.05, 354.44, 11.30, 0.4482, -0.1095, -0.8872, 0.0007
17:20:47, 8.00, 240, 233.03, 354.37, 11.26, 0.4480, -0.1095, -0.8873, 0.0001
17:20:47, 8.03, 241, 233.02, 354.34, 11.26, 0.4480, -0.1096, -0.8873, -0.0002
17:20:47, 8.03, 241, 233.02, 354.33, 11.24, 0.4480, -0.1094, -0.8873, -0.0004
17:20:47, 8.07, 242, 233.04, 354.33, 11.23, 0.4481, -0.1094, -0.8872, -0.0005
17:20:47, 8.07, 242, 233.04, 354.30, 11.21, 0.4482, -0.1094, -0.8872, -0.0008
17:20:47, 8.10, 243, 233.07, 354.26, 11.11, 0.4485, -0.1087, -0.8872, -0.0014
17:20:47, 8.10, 243, 233.11, 354.19, 11.04, 0.4488, -0.1085, -0.8870, -0.0021
17:20:47, 8.10, 243, 233.14, 354.18, 10.96, 0.4490, -0.1079, -0.8870, -0.0025
17:20:47, 8.13, 244, 233.22, 354.20, 10.92, 0.4496, -0.1075, -0.8867, -0.0025
17:20:47, 8.13, 244, 233.26, 354.19, 10.85, 0.4499, -0.1070, -0.8866, -0.0028
17:20:47, 8.17, 245, 233.35, 354.17, 10.77, 0.4506, -0.1065, -0.8863, -0.0032
17:20:47, 8.17, 245, 233.43, 354.14, 10.73, 0.4512, -0.1063, -0.8861, -0.0035
17:20:47, 8.17, 245, 233.47, 354.11, 10.71, 0.4516, -0.1063, -0.8859, -0.0038
17:20:47, 8.20, 246, 233.57, 354.07, 10.67, 0.4524, -0.1061, -0.8855, -0.0042
17:20:47, 8.20, 246, 233.63, 354.07, 10.64, 0.4529, -0.1059, -0.8852, -0.0042
17:20:47, 8.23, 247, 233.74, 354.07, 10.62, 0.4537, -0.1057, -0.8849, -0.0041
17:20:47, 8.23, 247, 233.83, 354.07, 10.58, 0.4543, -0.1054, -0.8846, -0.0042
17:20:47, 8.27, 248, 233.90, 354.04, 10.57, 0.4550, -0.1055, -0.8842, -0.0045
17:20:47, 8.27, 248, 233.97, 354.04, 10.55, 0.4555, -0.1053, -0.8840, -0.0045
17:20:47, 8.27, 248, 234.03, 354.04, 10.56, 0.4560, -0.1054, -0.8837, -0.0044
17:20:47, 8.30, 249, 234.09, 354.01, 10.55, 0.4564, -0.1054, -0.8835, -0.0046
17:20:47, 8.30, 249, 234.17, 354.00, 10.57, 0.4570, -0.1056, -0.8831, -0.0045
17:20:47, 8.33, 250, 234.20, 353.92, 10.57, 0.4573, -0.1059, -0.8830, -0.0051
17:20:47, 8.33, 250, 234.24, 353.80, 10.61, 0.4577, -0.1067, -0.8827, -0.0058
17:20:47, 8.33, 250, 234.28, 353.65, 10.60, 0.4581, -0.1072, -0.8824, -0.0070
17:20:47, 8.37, 251, 234.35, 353.49, 10.62, 0.4587, -0.1080, -0.8820, -0.0081
17:20:48, 8.37, 251, 234.41, 353.33, 10.63, 0.4592, -0.1088, -0.8816, -0.0092
17:20:48, 8.40, 252, 234.46, 353.19, 10.66, 0.4597, -0.1095, -0.8813, -0.0102
17:20:48, 8.40, 252, 234.52, 353.04, 10.67, 0.4602, -0.1102, -0.8809, -0.0112
17:20:48, 8.43, 253, 234.59, 352.95, 10.69, 0.4608, -0.1107, -0.8805, -0.0118
17:20:48, 8.43, 253, 234.69, 352.87, 10.72, 0.4616, -0.1113, -0.8800, -0.0122
17:20:48, 8.43, 253, 234.81, 352.77, 10.74, 0.4626, -0.1118, -0.8794, -0.0128
17:20:48, 8.47, 254, 234.94, 352.68, 10.74, 0.4636, -0.1122, -0.8788, -0.0133
17:20:48, 8.47, 254, 235.03, 352.57, 10.76, 0.4644, -0.1128, -0.8783, -0.0140
17:20:48, 8.50, 255, 235.17, 352.50, 10.80, 0.4655, -0.1133, -0.8777, -0.0142
17:20:48, 8.50, 255, 235.29, 352.46, 10.82, 0.4664, -0.1138, -0.8771, -0.0143
17:20:48, 8.50, 255, 235.44, 352.39, 10.80, 0.4676, -0.1139, -0.8764, -0.0148
17:20:48, 8.53, 256, 235.61, 352.29, 10.75, 0.4689, -0.1139, -0.8757, -0.0156
17:20:48, 8.53, 256, 235.79, 352.19, 10.68, 0.4703, -0.1138, -0.8750, -0.0165
17:20:48, 8.57, 257, 236.01, 352.11, 10.62, 0.4720, -0.1137, -0.8741, -0.0171
17:20:48, 8.57, 257, 236.20, 352.05, 10.57, 0.4735, -0.1136, -0.8732, -0.0176
17:20:48, 8.60, 258, 236.43, 352.02, 10.50, 0.4752, -0.1132, -0.8724, -0.0179
17:20:48, 8.60, 258, 236.65, 351.98, 10.45, 0.4769, -0.1130, -0.8714, -0.0182
17:20:48, 8.60, 258, 236.87, 351.95, 10.40, 0.4786, -0.1128, -0.8705, -0.0184
17:20:48, 8.63, 259, 237.12, 351.92, 10.35, 0.4805, -0.1126, -0.8695, -0.0186
17:20:48, 8.63, 259, 237.35, 351.93, 10.32, 0.4822, -0.1123, -0.8686, -0.0184
17:20:48, 8.67, 260, 237.59, 351.90, 10.31, 0.4841, -0.1125, -0.8676, -0.0184
17:20:48, 8.67, 260, 237.83, 351.89, 10.30, 0.4859, -0.1124, -0.8666, -0.0183
17:20:48, 8.70, 261, 238.07, 351.88, 10.27, 0.4877, -0.1123, -0.8656, -0.0183
17:20:48, 8.70, 261, 238.32, 351.85, 10.23, 0.4896, -0.1121, -0.8645, -0.0185
17:20:48, 8.70, 261, 238.57, 351.86, 10.18, 0.4915, -0.1118, -0.8635, -0.0183
17:20:48, 8.73, 262, 238.82, 351.82, 10.11, 0.4934, -0.1114, -0.8624, -0.0187
17:20:48, 8.73, 262, 239.09, 351.79, 10.10, 0.4954, -0.1115, -0.8613, -0.0188
17:20:48, 8.77, 263, 239.33, 351.75, 10.09, 0.4972, -0.1117, -0.8602, -0.0189
17:20:48, 8.77, 263, 239.60, 351.71, 10.09, 0.4993, -0.1119, -0.8590, -0.0189
17:20:48, 8.77, 263, 239.84, 351.65, 10.08, 0.5011, -0.1121, -0.8579, -0.0191
17:20:48, 8.80, 264, 240.12, 351.57, 10.06, 0.5032, -0.1124, -0.8566, -0.0196
17:20:48, 8.80, 264, 240.39, 351.51, 10.03, 0.5053, -0.1125, -0.8554, -0.0199
17:20:48, 8.83, 265, 240.68, 351.43, 10.01, 0.5075, -0.1126, -0.8540, -0.0203
17:20:48, 8.83, 265, 240.96, 351.44, 9.99, 0.5095, -0.1125, -0.8529, -0.0200
17:20:48, 8.83, 265, 241.27, 351.39, 9.97, 0.5118, -0.1126, -0.8514, -0.0202
17:20:48, 8.87, 266, 241.60, 351.35, 9.92, 0.5143, -0.1125, -0.8500, -0.0204
17:20:48, 8.87, 266, 241.94, 351.33, 9.91, 0.5168, -0.1126, -0.8485, -0.0202
17:20:48, 8.90, 267, 242.29, 351.32, 9.89, 0.5194, -0.1126, -0.8469, -0.0201
17:20:48, 8.90, 267, 242.62, 351.25, 9.87, 0.5218, -0.1128, -0.8453, -0.0203
17:20:48, 8.93, 268, 242.94, 351.21, 9.86, 0.5242, -0.1129, -0.8438, -0.0204
17:20:48, 8.93, 268, 243.31, 351.14, 9.84, 0.5269, -0.1131, -0.8421, -0.0206
17:20:48, 8.93, 268, 243.64, 351.07, 9.82, 0.5294, -0.1134, -0.8405, -0.0209
17:20:48, 8.97, 269, 243.98, 351.05, 9.76, 0.5319, -0.1132, -0.8390, -0.0210
17:20:48, 8.97, 269, 244.36, 350.96, 9.75, 0.5346, -0.1136, -0.8371, -0.0213
17:20:48, 9.00, 270, 244.72, 350.90, 9.72, 0.5373, -0.1136, -0.8354, -0.0216
17:20:48, 9.00, 270, 245.04, 350.84, 9.67, 0.5396, -0.1136, -0.8339, -0.0220
17:20:48, 9.00, 270, 245.42, 350.81, 9.63, 0.5424, -0.1136, -0.8321, -0.0220
17:20:48, 9.03, 271, 245.82, 350.80, 9.62, 0.5453, -0.1136, -0.8302, -0.0217
17:20:48, 9.03, 271, 246.15, 350.74, 9.60, 0.5477, -0.1138, -0.8286, -0.0219
17:20:48, 9.07, 272, 246.50, 350.67, 9.56, 0.5502, -0.1139, -0.8269, -0.0222
17:20:48, 9.07, 272, 246.92, 350.62, 9.50, 0.5532, -0.1138, -0.8249, -0.0225
17:20:48, 9.10, 273, 247.28, 350.52, 9.52, 0.5559, -0.1144, -0.8230, -0.0227
17:20:48, 9.10, 273, 247.71, 350.56, 9.47, 0.5589, -0.1140, -0.8210, -0.0223
17:20:48, 9.10, 273, 248.06, 350.54, 9.49, 0.5615, -0.1143, -0.8193, -0.0220
17:20:48, 9.13, 274, 248.41, 350.49, 9.44, 0.5639, -0.1143, -0.8176, -0.0222
17:20:48, 9.13, 274, 248.82, 350.43, 9.43, 0.5669, -0.1145, -0.8155, -0.0223
17:20:48, 9.17, 275, 249.23, 350.46, 9.47, 0.5698, -0.1148, -0.8134, -0.0215
17:20:48, 9.17, 275, 249.59, 350.43, 9.46, 0.5723, -0.1149, -0.8116, -0.0214
17:20:48, 9.17, 275, 249.98, 350.44, 9.46, 0.5751, -0.1150, -0.8097, -0.0209
17:20:48, 9.20, 276, 250.39, 350.40, 9.44, 0.5780, -0.1151, -0.8076, -0.0209
17:20:48, 9.20, 276, 250.81, 350.29, 9.41, 0.5810, -0.1155, -0.8054, -0.0214
17:20:48, 9.23, 277, 251.23, 350.30, 9.37, 0.5839, -0.1153, -0.8033, -0.0211
17:20:48, 9.23, 277, 251.65, 350.22, 9.40, 0.5869, -0.1159, -0.8011, -0.0211
17:20:48, 9.27, 278, 252.05, 350.26, 9.39, 0.5897, -0.1157, -0.7990, -0.0204
17:20:48, 9.27, 278, 252.48, 350.23, 9.36, 0.5927, -0.1157, -0.7968, -0.0204
17:20:48, 9.27, 278, 252.91, 350.20, 9.41, 0.5957, -0.1163, -0.7945, -0.0199
17:20:48, 9.30, 279, 253.33, 350.16, 9.42, 0.5986, -0.1166, -0.7923, -0.0197
17:20:48, 9.30, 279, 253.71, 350.12, 9.40, 0.6012, -0.1168, -0.7903, -0.0197
17:20:48, 9.33, 280, 254.13, 350.11, 9.43, 0.6041, -0.1171, -0.7880, -0.0192
17:20:48, 9.33, 280, 254.53, 350.04, 9.51, 0.6069, -0.1182, -0.7857, -0.0189
17:20:48, 9.33, 280, 254.99, 350.04, 9.50, 0.6100, -0.1181, -0.7833, -0.0184
17:20:48, 9.37, 281, 255.39, 349.95, 9.54, 0.6128, -0.1189, -0.7810, -0.0184
17:20:49, 9.37, 281, 255.81, 349.85, 9.52, 0.6156, -0.1194, -0.7787, -0.0188
17:20:49, 9.40, 282, 256.25, 349.81, 9.55, 0.6186, -0.1199, -0.7763, -0.0184
17:20:49, 9.40, 282, 256.62, 349.75, 9.56, 0.6212, -0.1203, -0.7742, -0.0184
17:20:49, 9.43, 283, 257.09, 349.71, 9.61, 0.6243, -0.1210, -0.7715, -0.0179
17:20:49, 9.43, 283, 257.57, 349.68, 9.65, 0.6276, -0.1214, -0.7688, -0.0174
17:20:49, 9.43, 283, 258.01, 349.64, 9.67, 0.6305, -0.1218, -0.7664, -0.0171
17:20:49, 9.47, 284, 258.50, 349.52, 9.59, 0.6338, -0.1220, -0.7636, -0.0178
17:20:49, 9.47, 284, 258.97, 349.52, 9.59, 0.6369, -0.1221, -0.7610, -0.0173
17:20:49, 9.50, 285, 259.48, 349.41, 9.52, 0.6403, -0.1223, -0.7581, -0.0179
17:20:49, 9.50, 285, 260.06, 349.40, 9.45, 0.6441, -0.1220, -0.7549, -0.0177
17:20:49, 9.50, 285, 260.57, 349.36, 9.37, 0.6474, -0.1218, -0.7521, -0.0180
17:20:49, 9.53, 286, 261.10, 349.32, 9.32, 0.6509, -0.1218, -0.7491, -0.0179
17:20:49, 9.53, 286, 261.67, 349.27, 9.33, 0.6546, -0.1222, -0.7458, -0.0176
17:20:49, 9.57, 287, 262.19, 349.23, 9.29, 0.6580, -0.1222, -0.7428, -0.0175
17:20:49, 9.57, 287, 262.73, 349.28, 9.25, 0.6615, -0.1218, -0.7398, -0.0168
17:20:49, 9.60, 288, 263.25, 349.31, 9.22, 0.6648, -0.1214, -0.7369, -0.0162
17:20:49, 9.60, 288, 263.77, 349.30, 9.20, 0.6682, -0.1215, -0.7338, -0.0159
17:20:49, 9.60, 288, 264.32, 349.25, 9.20, 0.6717, -0.1219, -0.7306, -0.0156
17:20:49, 9.63, 289, 264.86, 349.31, 9.11, 0.6751, -0.1210, -0.7276, -0.0152
17:20:49, 9.63, 289, 265.44, 349.25, 9.06, 0.6787, -0.1211, -0.7242, -0.0152
17:20:49, 9.67, 290, 265.97, 349.20, 9.06, 0.6821, -0.1215, -0.7209, -0.0150
17:20:49, 9.67, 290, 266.61, 349.20, 9.04, 0.6861, -0.1214, -0.7172, -0.0145
17:20:49, 9.70, 291, 267.22, 349.11, 8.99, 0.6899, -0.1217, -0.7135, -0.0147
17:20:49, 9.70, 291, 267.81, 349.08, 8.96, 0.6936, -0.1218, -0.7099, -0.0144
17:20:49, 9.70, 291, 268.43, 349.01, 8.93, 0.6974, -0.1222, -0.7060, -0.0144
17:20:49, 9.73, 292, 269.07, 348.97, 8.86, 0.7013, -0.1220, -0.7022, -0.0144
17:20:49, 9.73, 292, 269.71, 348.97, 8.86, 0.7052, -0.1221, -0.6983, -0.0138
17:20:49, 9.77, 293, 270.34, 348.90, 8.82, 0.7090, -0.1224, -0.6943, -0.0137
17:20:49, 9.77, 293, 271.02, 348.90, 8.80, 0.7132, -0.1223, -0.6901, -0.0131
17:20:49, 9.77, 293, 271.66, 348.86, 8.76, 0.7170, -0.1224, -0.6861, -0.0130
17:20:49, 9.80, 294, 272.28, 348.81, 8.71, 0.7207, -0.1225, -0.6823, -0.0129
17:20:49, 9.80, 294, 272.94, 348.73, 8.71, 0.7246, -0.1230, -0.6780, -0.0126
17:20:49, 9.83, 295, 273.55, 348.66, 8.70, 0.7281, -0.1235, -0.6741, -0.0124
17:20:49, 9.83, 295, 274.21, 348.66, 8.72, 0.7320, -0.1236, -0.6698, -0.0117
17:20:49, 9.87, 296, 274.85, 348.64, 8.71, 0.7357, -0.1238, -0.6657, -0.0111
17:20:49, 9.87, 296, 275.52, 348.55, 8.67, 0.7396, -0.1242, -0.6614, -0.0112
17:20:49, 9.87, 296, 276.22, 348.53, 8.58, 0.7436, -0.1239, -0.6569, -0.0111
17:20:49, 9.90, 297, 276.91, 348.46, 8.56, 0.7475, -0.1243, -0.6524, -0.0110
17:20:49, 9.90, 297, 277.58, 348.38, 8.50, 0.7513, -0.1245, -0.6480, -0.0111
17:20:49, 9.93, 298, 278.33, 348.32, 8.44, 0.7555, -0.1247, -0.6431, -0.0110
17:20:49, 9.93, 298, 279.04, 348.31, 8.37, 0.7595, -0.1244, -0.6384, -0.0107
17:20:49, 9.93, 298, 279.78, 348.30, 8.34, 0.7636, -0.1244, -0.6335, -0.0102
17:20:49, 9.97, 299, 280.47, 348.29, 8.32, 0.7674, -0.1244, -0.6289, -0.0096
17:20:49, 9.97, 299, 281.18, 348.26, 8.28, 0.7712, -0.1244, -0.6242, -0.0093
