Timestamp, VideoTime, VideoFrame, HeadYaw, HeadPitch, HeadRoll, HeadQuatW, HeadQuatX, HeadQuatY, HeadQuatZ
15:55:05, 0.00, 0, 340.91, 350.87, 356.70, 0.9822, -0.0737, -0.1675, -0.0415
15:55:05, 0.03, 1, 340.91, 350.89, 356.71, 0.9823, -0.0736, -0.1674, -0.0414
15:55:05, 0.03, 1, 340.91, 350.88, 356.73, 0.9823, -0.0736, -0.1675, -0.0413
15:55:05, 0.03, 1, 340.88, 350.88, 356.76, 0.9822, -0.0737, -0.1677, -0.0410
15:55:05, 0.07, 2, 340.86, 350.90, 356.80, 0.9822, -0.0736, -0.1679, -0.0406
15:55:05, 0.07, 2, 340.85, 350.91, 356.77, 0.9822, -0.0734, -0.1679, -0.0409
15:55:05, 0.10, 3, 340.84, 350.92, 356.74, 0.9822, -0.0733, -0.1680, -0.0411
15:55:05, 0.10, 3, 340.83, 350.92, 356.72, 0.9822, -0.0733, -0.1681, -0.0413
15:55:05, 0.10, 3, 340.83, 350.94, 356.69, 0.9822, -0.0731, -0.1682, -0.0415
15:55:05, 0.13, 4, 340.81, 350.99, 356.69, 0.9822, -0.0726, -0.1683, -0.0415
15:55:05, 0.13, 4, 340.79, 351.02, 356.69, 0.9822, -0.0724, -0.1685, -0.0414
15:55:05, 0.17, 5, 340.76, 351.07, 356.71, 0.9822, -0.0720, -0.1687, -0.0412
15:55:05, 0.17, 5, 340.75, 351.10, 356.71, 0.9822, -0.0717, -0.1688, -0.0412
15:55:05, 0.17, 5, 340.72, 351.08, 356.72, 0.9821, -0.0719, -0.1691, -0.0412
15:55:05, 0.20, 6, 340.69, 351.08, 356.73, 0.9821, -0.0719, -0.1693, -0.0410
15:55:05, 0.20, 6, 340.66, 351.07, 356.73, 0.9820, -0.0719, -0.1696, -0.0411
15:55:05, 0.23, 7, 340.62, 351.07, 356.75, 0.9820, -0.0719, -0.1699, -0.0409
15:55:05, 0.23, 7, 340.58, 351.09, 356.77, 0.9819, -0.0718, -0.1702, -0.0408
15:55:05, 0.23, 7, 340.56, 351.09, 356.77, 0.9819, -0.0718, -0.1704, -0.0408
15:55:05, 0.27, 8, 340.52, 351.12, 356.75, 0.9819, -0.0715, -0.1707, -0.0410
15:55:05, 0.27, 8, 340.49, 351.11, 356.75, 0.9818, -0.0715, -0.1710, -0.0410
15:55:05, 0.30, 9, 340.43, 351.18, 356.80, 0.9818, -0.0710, -0.1715, -0.0405
15:55:05, 0.30, 9, 340.39, 351.19, 356.80, 0.9817, -0.0709, -0.1718, -0.0405
15:55:06, 0.33, 10, 340.30, 351.21, 356.81, 0.9816, -0.0707, -0.1726, -0.0404
15:55:06, 0.33, 10, 340.26, 351.22, 356.79, 0.9815, -0.0706, -0.1730, -0.0407
15:55:06, 0.37, 11, 340.23, 351.22, 356.84, 0.9815, -0.0706, -0.1732, -0.0403
15:55:06, 0.37, 11, 340.20, 351.26, 356.84, 0.9815, -0.0703, -0.1735, -0.0402
15:55:06, 0.40, 12, 340.13, 351.28, 356.89, 0.9814, -0.0702, -0.1740, -0.0398
15:55:06, 0.40, 12, 340.09, 351.34, 356.91, 0.9814, -0.0697, -0.1744, -0.0396
15:55:06, 0.40, 12, 340.05, 351.37, 356.94, 0.9814, -0.0695, -0.1747, -0.0393
15:55:06, 0.43, 13, 340.00, 351.41, 356.96, 0.9814, -0.0691, -0.1750, -0.0390
15:55:06, 0.43, 13, 340.01, 351.45, 356.97, 0.9814, -0.0688, -0.1750, -0.0389
15:55:06, 0.47, 14, 339.98, 351.46, 356.99, 0.9814, -0.0688, -0.1752, -0.0388
15:55:06, 0.47, 14, 339.94, 351.47, 357.01, 0.9813, -0.0687, -0.1755, -0.0386
15:55:06, 0.50, 15, 339.93, 351.49, 357.03, 0.9813, -0.0685, -0.1756, -0.0383
15:55:06, 0.50, 15, 339.90, 351.53, 357.03, 0.9813, -0.0682, -0.1759, -0.0383
15:55:06, 0.50, 15, 339.89, 351.52, 357.06, 0.9813, -0.0683, -0.1759, -0.0381
15:55:06, 0.53, 16, 339.87, 351.55, 357.06, 0.9813, -0.0680, -0.1761, -0.0381
15:55:06, 0.53, 16, 339.85, 351.56, 357.09, 0.9813, -0.0680, -0.1763, -0.0378
15:55:06, 0.57, 17, 339.85, 351.56, 357.10, 0.9813, -0.0681, -0.1762, -0.0377
15:55:06, 0.57, 17, 339.82, 351.57, 357.12, 0.9812, -0.0679, -0.1765, -0.0375
15:55:06, 0.60, 18, 339.80, 351.62, 357.16, 0.9812, -0.0676, -0.1766, -0.0372
15:55:06, 0.60, 18, 339.78, 351.64, 357.16, 0.9812, -0.0674, -0.1768, -0.0371
15:55:06, 0.60, 18, 339.75, 351.68, 357.20, 0.9812, -0.0671, -0.1770, -0.0367
15:55:06, 0.63, 19, 339.75, 351.68, 357.20, 0.9812, -0.0671, -0.1770, -0.0368
15:55:06, 0.63, 19, 339.74, 351.71, 357.21, 0.9812, -0.0669, -0.1771, -0.0366
15:55:06, 0.67, 20, 339.73, 351.73, 357.21, 0.9812, -0.0667, -0.1772, -0.0366
15:55:06, 0.67, 20, 339.72, 351.72, 357.22, 0.9812, -0.0668, -0.1773, -0.0366
15:55:06, 0.67, 20, 339.71, 351.74, 357.22, 0.9812, -0.0666, -0.1773, -0.0365
15:55:06, 0.70, 21, 339.68, 351.79, 357.25, 0.9812, -0.0662, -0.1776, -0.0362
15:55:06, 0.70, 21, 339.68, 351.80, 357.24, 0.9812, -0.0662, -0.1776, -0.0362
15:55:06, 0.73, 22, 339.66, 351.81, 357.28, 0.9812, -0.0661, -0.1777, -0.0359
15:55:06, 0.73, 22, 339.66, 351.82, 357.30, 0.9812, -0.0661, -0.1777, -0.0357
15:55:06, 0.77, 23, 339.65, 351.83, 357.31, 0.9812, -0.0660, -0.1778, -0.0357
15:55:06, 0.77, 23, 339.63, 351.84, 357.33, 0.9812, -0.0659, -0.1779, -0.0354
15:55:06, 0.77, 23, 339.62, 351.84, 357.37, 0.9812, -0.0660, -0.1780, -0.0351
15:55:06, 0.80, 24, 339.59, 351.84, 357.40, 0.9812, -0.0660, -0.1782, -0.0349
15:55:06, 0.80, 24, 339.57, 351.86, 357.44, 0.9811, -0.0659, -0.1785, -0.0345
15:55:06, 0.83, 25, 339.58, 351.83, 357.41, 0.9811, -0.0661, -0.1784, -0.0348
15:55:06, 0.83, 25, 339.57, 351.83, 357.38, 0.9811, -0.0661, -0.1785, -0.0351
15:55:06, 0.83, 25, 339.57, 351.82, 357.35, 0.9811, -0.0661, -0.1785, -0.0353
15:55:06, 0.87, 26, 339.58, 351.81, 357.35, 0.9811, -0.0662, -0.1784, -0.0354
15:55:06, 0.87, 26, 339.58, 351.82, 357.37, 0.9811, -0.0661, -0.1784, -0.0352
15:55:06, 0.90, 27, 339.58, 351.83, 357.38, 0.9811, -0.0661, -0.1784, -0.0351
15:55:06, 0.90, 27, 339.58, 351.84, 357.38, 0.9811, -0.0660, -0.1784, -0.0350
15:55:06, 0.93, 28, 339.57, 351.87, 357.41, 0.9811, -0.0658, -0.1784, -0.0348
15:55:06, 0.93, 28, 339.58, 351.86, 357.41, 0.9811, -0.0658, -0.1784, -0.0348
15:55:06, 0.93, 28, 339.59, 351.86, 357.41, 0.9812, -0.0658, -0.1782, -0.0348
15:55:06, 0.97, 29, 339.59, 351.83, 357.41, 0.9812, -0.0661, -0.1782, -0.0348
15:55:06, 0.97, 29, 339.60, 351.82, 357.41, 0.9812, -0.0662, -0.1782, -0.0348
15:55:06, 1.00, 30, 339.59, 351.81, 357.44, 0.9811, -0.0663, -0.1782, -0.0346
15:55:06, 1.00, 30, 339.59, 351.82, 357.44, 0.9811, -0.0663, -0.1782, -0.0345
15:55:06, 1.00, 30, 339.59, 351.81, 357.43, 0.9811, -0.0663, -0.1782, -0.0347
15:55:06, 1.03, 31, 339.60, 351.82, 357.42, 0.9811, -0.0662, -0.1782, -0.0348
15:55:06, 1.03, 31, 339.59, 351.82, 357.44, 0.9811, -0.0662, -0.1783, -0.0346
15:55:06, 1.07, 32, 339.57, 351.83, 357.47, 0.9811, -0.0662, -0.1784, -0.0343
15:55:06, 1.07, 32, 339.56, 351.84, 357.48, 0.9811, -0.0662, -0.1785, -0.0342
15:55:06, 1.10, 33, 339.56, 351.84, 357.47, 0.9811, -0.0661, -0.1785, -0.0343
15:55:06, 1.10, 33, 339.58, 351.84, 357.45, 0.9811, -0.0661, -0.1783, -0.0345
15:55:06, 1.10, 33, 339.58, 351.83, 357.45, 0.9811, -0.0661, -0.1783, -0.0344
15:55:06, 1.13, 34, 339.58, 351.83, 357.47, 0.9812, -0.0662, -0.1783, -0.0343
15:55:06, 1.13, 34, 339.58, 351.84, 357.50, 0.9812, -0.0662, -0.1783, -0.0341
15:55:06, 1.17, 35, 339.55, 351.86, 357.54, 0.9811, -0.0661, -0.1785, -0.0337
15:55:06, 1.17, 35, 339.55, 351.88, 357.55, 0.9812, -0.0659, -0.1785, -0.0335
15:55:06, 1.17, 35, 339.56, 351.87, 357.56, 0.9812, -0.0660, -0.1784, -0.0335
15:55:06, 1.20, 36, 339.57, 351.89, 357.56, 0.9812, -0.0658, -0.1784, -0.0334
15:55:06, 1.20, 36, 339.55, 351.88, 357.57, 0.9812, -0.0659, -0.1785, -0.0334
15:55:06, 1.23, 37, 339.54, 351.88, 357.58, 0.9812, -0.0659, -0.1786, -0.0333
15:55:06, 1.23, 37, 339.52, 351.88, 357.59, 0.9811, -0.0660, -0.1788, -0.0332
15:55:06, 1.27, 38, 339.51, 351.88, 357.61, 0.9811, -0.0660, -0.1789, -0.0331
15:55:06, 1.27, 38, 339.50, 351.88, 357.60, 0.9811, -0.0659, -0.1789, -0.0331
15:55:06, 1.27, 38, 339.50, 351.88, 357.60, 0.9811, -0.0659, -0.1789, -0.0332
15:55:06, 1.30, 39, 339.49, 351.89, 357.60, 0.9811, -0.0659, -0.1790, -0.0332
15:55:06, 1.30, 39, 339.48, 351.89, 357.61, 0.9811, -0.0659, -0.1790, -0.0331
15:55:06, 1.33, 40, 339.48, 351.89, 357.63, 0.9811, -0.0659, -0.1791, -0.0329
15:55:07, 1.33, 40, 339.47, 351.89, 357.65, 0.9811, -0.0659, -0.1791, -0.0327
15:55:07, 1.33, 40, 339.46, 351.90, 357.67, 0.9811, -0.0659, -0.1792, -0.0326
15:55:07, 1.37, 41, 339.45, 351.91, 357.69, 0.9811, -0.0658, -0.1793, -0.0324
15:55:07, 1.37, 41, 339.44, 351.92, 357.70, 0.9811, -0.0657, -0.1793, -0.0323
15:55:07, 1.40, 42, 339.44, 351.96, 357.69, 0.9811, -0.0654, -0.1794, -0.0323
15:55:07, 1.40, 42, 339.41, 351.98, 357.69, 0.9810, -0.0652, -0.1797, -0.0323
15:55:07, 1.43, 43, 339.43, 352.00, 357.70, 0.9811, -0.0651, -0.1795, -0.0321
15:55:07, 1.43, 43, 339.41, 351.98, 357.74, 0.9811, -0.0652, -0.1796, -0.0319
15:55:07, 1.43, 43, 339.39, 351.99, 357.73, 0.9810, -0.0652, -0.1798, -0.0320
15:55:07, 1.47, 44, 339.38, 351.99, 357.73, 0.9810, -0.0651, -0.1799, -0.0319
15:55:07, 1.47, 44, 339.38, 352.00, 357.73, 0.9810, -0.0650, -0.1798, -0.0319
15:55:07, 1.50, 45, 339.37, 352.01, 357.74, 0.9810, -0.0650, -0.1799, -0.0318
15:55:07, 1.50, 45, 339.36, 352.01, 357.75, 0.9810, -0.0650, -0.1800, -0.0317
15:55:07, 1.50, 45, 339.36, 352.02, 357.77, 0.9810, -0.0650, -0.1800, -0.0316
15:55:07, 1.53, 46, 339.36, 352.01, 357.78, 0.9810, -0.0651, -0.1800, -0.0315
15:55:07, 1.53, 46, 339.36, 352.01, 357.79, 0.9810, -0.0651, -0.1800, -0.0314
15:55:07, 1.57, 47, 339.34, 352.00, 357.80, 0.9810, -0.0652, -0.1801, -0.0313
15:55:07, 1.57, 47, 339.32, 351.99, 357.84, 0.9809, -0.0653, -0.1804, -0.0311
15:55:07, 1.60, 48, 339.33, 351.99, 357.87, 0.9810, -0.0654, -0.1803, -0.0308
15:55:07, 1.60, 48, 339.32, 351.97, 357.86, 0.9809, -0.0655, -0.1803, -0.0309
15:55:07, 1.60, 48, 339.33, 351.96, 357.85, 0.9809, -0.0656, -0.1802, -0.0310
15:55:07, 1.63, 49, 339.35, 351.92, 357.81, 0.9809, -0.0659, -0.1801, -0.0314
15:55:07, 1.63, 49, 339.38, 351.87, 357.79, 0.9809, -0.0663, -0.1799, -0.0316
15:55:07, 1.67, 50, 339.37, 351.87, 357.81, 0.9809, -0.0664, -0.1799, -0.0314
15:55:07, 1.67, 50, 339.39, 351.92, 357.81, 0.9810, -0.0659, -0.1797, -0.0314
15:55:07, 1.67, 50, 339.39, 351.95, 357.83, 0.9810, -0.0656, -0.1797, -0.0312
15:55:07, 1.70, 51, 339.40, 352.03, 357.84, 0.9811, -0.0650, -0.1796, -0.0309
15:55:07, 1.70, 51, 339.43, 352.04, 357.85, 0.9811, -0.0650, -0.1794, -0.0308
15:55:07, 1.73, 52, 339.44, 352.02, 357.83, 0.9812, -0.0651, -0.1792, -0.0310
15:55:07, 1.73, 52, 339.46, 352.01, 357.84, 0.9812, -0.0652, -0.1791, -0.0309
15:55:07, 1.77, 53, 339.45, 352.02, 357.83, 0.9812, -0.0651, -0.1792, -0.0310
15:55:07, 1.77, 53, 339.46, 351.99, 357.84, 0.9812, -0.0653, -0.1791, -0.0310
15:55:07, 1.77, 53, 339.48, 351.98, 357.83, 0.9812, -0.0655, -0.1790, -0.0310
15:55:07, 1.80, 54, 339.48, 351.97, 357.81, 0.9812, -0.0655, -0.1789, -0.0312
15:55:07, 1.80, 54, 339.49, 351.97, 357.78, 0.9812, -0.0655, -0.1789, -0.0314
15:55:07, 1.83, 55, 339.50, 351.97, 357.77, 0.9812, -0.0654, -0.1789, -0.0316
15:55:07, 1.83, 55, 339.49, 351.98, 357.80, 0.9812, -0.0654, -0.1789, -0.0313
15:55:07, 1.83, 55, 339.48, 351.97, 357.81, 0.9812, -0.0655, -0.1790, -0.0312
15:55:07, 1.87, 56, 339.48, 351.95, 357.81, 0.9812, -0.0656, -0.1790, -0.0313
15:55:07, 1.87, 56, 339.50, 351.91, 357.75, 0.9811, -0.0659, -0.1789, -0.0318
15:55:07, 1.90, 57, 339.51, 351.83, 357.73, 0.9811, -0.0665, -0.1788, -0.0321
15:55:07, 1.90, 57, 339.53, 351.82, 357.73, 0.9811, -0.0666, -0.1786, -0.0322
15:55:07, 1.93, 58, 339.51, 351.78, 357.73, 0.9811, -0.0670, -0.1788, -0.0322
15:55:07, 1.93, 58, 339.50, 351.78, 357.77, 0.9811, -0.0671, -0.1788, -0.0319
15:55:07, 1.93, 58, 339.49, 351.76, 357.76, 0.9810, -0.0672, -0.1790, -0.0319
15:55:07, 1.97, 59, 339.48, 351.77, 357.77, 0.9810, -0.0672, -0.1790, -0.0319
15:55:07, 1.97, 59, 339.48, 351.77, 357.76, 0.9810, -0.0671, -0.1790, -0.0320
15:55:07, 2.00, 60, 339.48, 351.79, 357.71, 0.9810, -0.0669, -0.1791, -0.0323
15:55:07, 2.00, 60, 339.47, 351.81, 357.67, 0.9810, -0.0666, -0.1792, -0.0327
15:55:07, 2.00, 60, 339.47, 351.82, 357.63, 0.9810, -0.0665, -0.1792, -0.0330
15:55:07, 2.03, 61, 339.47, 351.83, 357.57, 0.9810, -0.0663, -0.1792, -0.0335
15:55:07, 2.03, 61, 339.52, 351.86, 357.47, 0.9811, -0.0660, -0.1788, -0.0343
15:55:07, 2.07, 62, 339.58, 351.89, 357.36, 0.9812, -0.0655, -0.1784, -0.0351
15:55:07, 2.07, 62, 339.64, 351.91, 357.26, 0.9812, -0.0652, -0.1779, -0.0359
15:55:07, 2.10, 63, 339.70, 351.97, 357.15, 0.9813, -0.0646, -0.1774, -0.0368
15:55:07, 2.10, 63, 339.77, 352.00, 357.07, 0.9814, -0.0642, -0.1769, -0.0374
15:55:07, 2.10, 63, 339.83, 352.05, 357.01, 0.9815, -0.0637, -0.1764, -0.0378
15:55:07, 2.13, 64, 339.91, 352.07, 356.97, 0.9817, -0.0635, -0.1757, -0.0380
15:55:07, 2.13, 64, 339.97, 352.07, 356.93, 0.9817, -0.0634, -0.1753, -0.0384
15:55:07, 2.17, 65, 340.03, 352.09, 356.92, 0.9818, -0.0632, -0.1748, -0.0383
15:55:07, 2.17, 65, 340.08, 352.11, 356.88, 0.9819, -0.0631, -0.1744, -0.0387
15:55:07, 2.17, 65, 340.15, 352.13, 356.84, 0.9820, -0.0629, -0.1738, -0.0389
15:55:07, 2.20, 66, 340.18, 352.18, 356.80, 0.9821, -0.0624, -0.1735, -0.0392
15:55:07, 2.20, 66, 340.23, 352.18, 356.77, 0.9821, -0.0623, -0.1731, -0.0394
15:55:07, 2.23, 67, 340.23, 352.23, 356.78, 0.9822, -0.0619, -0.1731, -0.0393
15:55:07, 2.23, 67, 340.22, 352.23, 356.77, 0.9821, -0.0619, -0.1732, -0.0394
15:55:07, 2.27, 68, 340.23, 352.27, 356.76, 0.9822, -0.0615, -0.1731, -0.0393
15:55:07, 2.27, 68, 340.21, 352.27, 356.79, 0.9822, -0.0616, -0.1733, -0.0391
15:55:07, 2.27, 68, 340.19, 352.27, 356.80, 0.9821, -0.0616, -0.1734, -0.0390
15:55:07, 2.30, 69, 340.13, 352.28, 356.83, 0.9821, -0.0615, -0.1739, -0.0388
15:55:07, 2.30, 69, 340.09, 352.27, 356.83, 0.9820, -0.0616, -0.1742, -0.0388
15:55:07, 2.33, 70, 340.06, 352.30, 356.86, 0.9820, -0.0613, -0.1745, -0.0385
15:55:08, 2.33, 70, 340.03, 352.33, 356.86, 0.9820, -0.0611, -0.1747, -0.0385
15:55:08, 2.33, 70, 340.01, 352.38, 356.86, 0.9820, -0.0607, -0.1749, -0.0384
15:55:08, 2.37, 71, 340.00, 352.41, 356.86, 0.9820, -0.0604, -0.1750, -0.0384
15:55:08, 2.37, 71, 339.97, 352.48, 356.86, 0.9820, -0.0598, -0.1752, -0.0383
15:55:08, 2.40, 72, 339.95, 352.56, 356.88, 0.9820, -0.0592, -0.1754, -0.0381
15:55:08, 2.40, 72, 339.97, 352.68, 356.88, 0.9821, -0.0581, -0.1752, -0.0379
15:55:08, 2.43, 73, 340.01, 352.80, 356.86, 0.9822, -0.0570, -0.1749, -0.0378
15:55:08, 2.43, 73, 340.02, 353.01, 356.85, 0.9823, -0.0553, -0.1747, -0.0376
15:55:08, 2.43, 73, 340.03, 353.35, 356.88, 0.9826, -0.0524, -0.1746, -0.0368
15:55:08, 2.47, 74, 339.97, 353.99, 357.06, 0.9828, -0.0472, -0.1750, -0.0344
15:55:08, 2.47, 74, 339.87, 354.96, 357.22, 0.9832, -0.0390, -0.1756, -0.0316
15:55:08, 2.50, 75, 339.76, 356.15, 357.45, 0.9835, -0.0291, -0.1763, -0.0278
15:55:08, 2.50, 75, 339.65, 357.58, 357.55, 0.9838, -0.0170, -0.1770, -0.0248
15:55:08, 2.50, 75, 339.56, 358.99, 357.60, 0.9839, -0.0050, -0.1775, -0.0222
15:55:08, 2.53, 76, 339.52, 0.48, 357.55, 0.9839, 0.0079, -0.1776, -0.0203
15:55:08, 2.53, 76, 339.59, 2.04, 357.44, 0.9839, 0.0215, -0.1767, -0.0188
15:55:08, 2.57, 77, 339.66, 3.60, 357.35, 0.9837, 0.0350, -0.1757, -0.0172
15:55:08, 2.57, 77, 339.73, 5.15, 357.18, 0.9833, 0.0486, -0.1746, -0.0163
15:55:08, 2.60, 78, 339.78, 6.72, 357.04, 0.9827, 0.0622, -0.1736, -0.0151
15:55:08, 2.60, 78, 339.87, 8.05, 356.90, 0.9822, 0.0738, -0.1724, -0.0143
15:55:08, 2.60, 78, 339.93, 9.22, 356.71, 0.9815, 0.0841, -0.1714, -0.0142
15:55:08, 2.63, 79, 340.03, 10.19, 356.52, 0.9810, 0.0926, -0.1700, -0.0144
15:55:08, 2.63, 79, 340.10, 11.02, 356.30, 0.9804, 0.1001, -0.1688, -0.0151
15:55:08, 2.67, 80, 340.16, 11.81, 356.09, 0.9799, 0.1071, -0.1678, -0.0157
15:55:08, 2.67, 80, 340.13, 12.39, 356.06, 0.9793, 0.1121, -0.1678, -0.0151
15:55:08, 2.67, 80, 340.10, 12.74, 356.04, 0.9790, 0.1151, -0.1678, -0.0146
15:55:08, 2.70, 81, 340.01, 13.01, 355.91, 0.9786, 0.1176, -0.1684, -0.0153
15:55:08, 2.70, 81, 340.01, 13.21, 355.74, 0.9784, 0.1196, -0.1681, -0.0164
15:55:08, 2.73, 82, 340.04, 13.50, 355.58, 0.9781, 0.1223, -0.1675, -0.0173
15:55:08, 2.73, 82, 340.06, 13.81, 355.40, 0.9778, 0.1252, -0.1670, -0.0185
15:55:08, 2.77, 83, 340.15, 14.10, 355.28, 0.9776, 0.1278, -0.1659, -0.0191
15:55:08, 2.77, 83, 340.25, 14.34, 355.21, 0.9775, 0.1300, -0.1649, -0.0195
15:55:08, 2.77, 83, 340.33, 14.57, 355.09, 0.9774, 0.1321, -0.1639, -0.0203
15:55:08, 2.80, 84, 340.46, 14.82, 355.04, 0.9773, 0.1343, -0.1626, -0.0205
15:55:08, 2.80, 84, 340.67, 15.08, 354.94, 0.9773, 0.1366, -0.1605, -0.0212
15:55:08, 2.83, 85, 340.88, 15.37, 354.90, 0.9773, 0.1391, -0.1586, -0.0213
15:55:08, 2.83, 85, 341.11, 15.64, 354.82, 0.9773, 0.1414, -0.1563, -0.0219
15:55:08, 2.83, 85, 341.37, 15.92, 354.76, 0.9773, 0.1438, -0.1539, -0.0223
15:55:08, 2.87, 86, 341.66, 16.14, 354.72, 0.9774, 0.1457, -0.1512, -0.0227
15:55:08, 2.87, 86, 341.94, 16.43, 354.72, 0.9775, 0.1481, -0.1486, -0.0227
15:55:08, 2.90, 87, 342.18, 16.74, 354.78, 0.9774, 0.1506, -0.1465, -0.0220
15:55:08, 2.90, 87, 342.43, 16.99, 354.90, 0.9775, 0.1525, -0.1444, -0.0210
15:55:08, 2.93, 88, 342.58, 17.30, 354.97, 0.9773, 0.1551, -0.1431, -0.0201
15:55:08, 2.93, 88, 342.82, 17.53, 355.15, 0.9773, 0.1568, -0.1411, -0.0186
15:55:08, 2.93, 88, 342.92, 17.78, 355.28, 0.9772, 0.1587, -0.1403, -0.0173
15:55:08, 2.97, 89, 343.04, 17.97, 355.41, 0.9771, 0.1601, -0.1393, -0.0161
15:55:08, 2.97, 89, 343.16, 18.13, 355.56, 0.9770, 0.1613, -0.1385, -0.0147
15:55:08, 3.00, 90, 343.27, 18.29, 355.65, 0.9770, 0.1625, -0.1375, -0.0140
15:55:08, 3.00, 90, 343.34, 18.40, 355.71, 0.9769, 0.1634, -0.1370, -0.0134
15:55:08, 3.00, 90, 343.41, 18.54, 355.76, 0.9768, 0.1646, -0.1364, -0.0129
15:55:08, 3.03, 91, 343.45, 18.65, 355.80, 0.9767, 0.1655, -0.1360, -0.0125
15:55:08, 3.03, 91, 343.48, 18.77, 355.81, 0.9766, 0.1664, -0.1358, -0.0123
15:55:08, 3.07, 92, 343.50, 18.84, 355.81, 0.9765, 0.1671, -0.1355, -0.0123
15:55:08, 3.07, 92, 343.52, 18.94, 355.82, 0.9764, 0.1678, -0.1354, -0.0120
15:55:08, 3.10, 93, 343.50, 19.01, 355.81, 0.9763, 0.1685, -0.1355, -0.0120
15:55:08, 3.10, 93, 343.43, 19.07, 355.79, 0.9761, 0.1690, -0.1360, -0.0120
15:55:08, 3.10, 93, 343.38, 19.15, 355.78, 0.9759, 0.1697, -0.1364, -0.0119
15:55:08, 3.13, 94, 343.35, 19.22, 355.77, 0.9758, 0.1703, -0.1366, -0.0118
15:55:08, 3.13, 94, 343.30, 19.30, 355.76, 0.9756, 0.1710, -0.1369, -0.0118
15:55:08, 3.17, 95, 343.27, 19.32, 355.75, 0.9756, 0.1712, -0.1372, -0.0118
15:55:08, 3.17, 95, 343.24, 19.32, 355.74, 0.9755, 0.1712, -0.1374, -0.0118
15:55:08, 3.17, 95, 343.25, 19.27, 355.76, 0.9756, 0.1708, -0.1374, -0.0117
15:55:08, 3.20, 96, 343.25, 19.22, 355.76, 0.9757, 0.1704, -0.1374, -0.0118
15:55:08, 3.20, 96, 343.26, 19.12, 355.79, 0.9758, 0.1695, -0.1374, -0.0116
15:55:08, 3.23, 97, 343.23, 19.02, 355.85, 0.9759, 0.1685, -0.1378, -0.0112
15:55:08, 3.23, 97, 343.22, 18.95, 355.92, 0.9760, 0.1679, -0.1380, -0.0108
15:55:08, 3.27, 98, 343.21, 18.82, 355.94, 0.9762, 0.1668, -0.1382, -0.0107
15:55:08, 3.27, 98, 343.21, 18.73, 355.94, 0.9763, 0.1660, -0.1383, -0.0108
15:55:08, 3.27, 98, 343.19, 18.65, 356.00, 0.9764, 0.1652, -0.1385, -0.0104
15:55:08, 3.30, 99, 343.16, 18.60, 356.07, 0.9765, 0.1647, -0.1389, -0.0099
15:55:08, 3.30, 99, 343.11, 18.59, 356.08, 0.9764, 0.1647, -0.1394, -0.0097
15:55:08, 3.33, 100, 343.08, 18.55, 356.11, 0.9764, 0.1643, -0.1397, -0.0094
15:55:09, 3.33, 100, 343.03, 18.51, 356.16, 0.9764, 0.1639, -0.1403, -0.0089
15:55:09, 3.33, 100, 342.97, 18.46, 356.17, 0.9764, 0.1634, -0.1407, -0.0089
15:55:09, 3.37, 101, 342.93, 18.42, 356.20, 0.9764, 0.1631, -0.1411, -0.0087
15:55:09, 3.37, 101, 342.88, 18.39, 356.20, 0.9764, 0.1628, -0.1416, -0.0086
15:55:09, 3.40, 102, 342.82, 18.37, 356.20, 0.9764, 0.1627, -0.1421, -0.0085
15:55:09, 3.40, 102, 342.77, 18.34, 356.17, 0.9763, 0.1624, -0.1425, -0.0088
15:55:09, 3.43, 103, 342.73, 18.30, 356.16, 0.9763, 0.1621, -0.1429, -0.0088
15:55:09, 3.43, 103, 342.70, 18.25, 356.16, 0.9764, 0.1617, -0.1431, -0.0089
15:55:09, 3.43, 103, 342.71, 18.15, 356.14, 0.9765, 0.1608, -0.1431, -0.0092
15:55:09, 3.47, 104, 342.69, 18.02, 356.15, 0.9767, 0.1597, -0.1433, -0.0093
15:55:09, 3.47, 104, 342.70, 17.91, 356.19, 0.9768, 0.1587, -0.1434, -0.0090
15:55:09, 3.50, 105, 342.70, 17.74, 356.18, 0.9770, 0.1573, -0.1435, -0.0093
15:55:09, 3.50, 105, 342.73, 17.58, 356.17, 0.9773, 0.1560, -0.1433, -0.0097
15:55:09, 3.50, 105, 342.79, 17.42, 356.13, 0.9775, 0.1546, -0.1428, -0.0104
15:55:09, 3.53, 106, 342.80, 17.29, 356.11, 0.9777, 0.1535, -0.1427, -0.0107
15:55:09, 3.53, 106, 342.85, 17.17, 356.15, 0.9779, 0.1525, -0.1424, -0.0106
15:55:09, 3.57, 107, 342.87, 17.08, 356.17, 0.9781, 0.1517, -0.1423, -0.0106
15:55:09, 3.57, 107, 342.91, 17.07, 356.20, 0.9781, 0.1515, -0.1420, -0.0104
15:55:09, 3.60, 108, 342.93, 17.07, 356.23, 0.9782, 0.1515, -0.1419, -0.0102
15:55:09, 3.60, 108, 342.95, 17.12, 356.24, 0.9781, 0.1519, -0.1417, -0.0101
15:55:09, 3.60, 108, 342.95, 17.19, 356.24, 0.9780, 0.1526, -0.1416, -0.0099
15:55:09, 3.63, 109, 342.99, 17.28, 356.28, 0.9780, 0.1532, -0.1413, -0.0095
15:55:09, 3.63, 109, 342.98, 17.38, 356.30, 0.9778, 0.1540, -0.1414, -0.0092
15:55:09, 3.67, 110, 342.96, 17.50, 356.34, 0.9777, 0.1551, -0.1416, -0.0087
15:55:09, 3.67, 110, 342.94, 17.62, 356.36, 0.9775, 0.1560, -0.1417, -0.0083
15:55:09, 3.67, 110, 342.92, 17.71, 356.43, 0.9774, 0.1567, -0.1419, -0.0076
15:55:09, 3.70, 111, 342.86, 17.80, 356.45, 0.9772, 0.1575, -0.1424, -0.0072
15:55:09, 3.70, 111, 342.82, 17.88, 356.47, 0.9770, 0.1582, -0.1427, -0.0069
15:55:09, 3.73, 112, 342.76, 17.97, 356.46, 0.9768, 0.1589, -0.1432, -0.0068
15:55:09, 3.73, 112, 342.73, 18.08, 356.47, 0.9766, 0.1599, -0.1434, -0.0065
15:55:09, 3.77, 113, 342.67, 18.18, 356.46, 0.9764, 0.1607, -0.1439, -0.0064
15:55:09, 3.77, 113, 342.61, 18.24, 356.43, 0.9763, 0.1612, -0.1443, -0.0065
15:55:09, 3.77, 113, 342.57, 18.27, 356.39, 0.9762, 0.1615, -0.1446, -0.0067
15:55:09, 3.80, 114, 342.56, 18.23, 356.33, 0.9762, 0.1613, -0.1446, -0.0072
15:55:09, 3.80, 114, 342.56, 18.23, 356.30, 0.9762, 0.1614, -0.1445, -0.0075
15:55:09, 3.83, 115, 342.59, 18.24, 356.25, 0.9762, 0.1615, -0.1442, -0.0080
15:55:09, 3.83, 115, 342.64, 18.27, 356.20, 0.9763, 0.1618, -0.1438, -0.0084
15:55:09, 3.83, 115, 342.68, 18.28, 356.18, 0.9763, 0.1619, -0.1434, -0.0086
15:55:09, 3.87, 116, 342.72, 18.32, 356.16, 0.9763, 0.1623, -0.1430, -0.0088
15:55:09, 3.87, 116, 342.76, 18.35, 356.18, 0.9763, 0.1625, -0.1426, -0.0086
15:55:09, 3.90, 117, 342.80, 18.35, 356.19, 0.9764, 0.1625, -0.1423, -0.0086
15:55:09, 3.90, 117, 342.85, 18.35, 356.22, 0.9764, 0.1624, -0.1420, -0.0084
15:55:09, 3.93, 118, 342.89, 18.33, 356.25, 0.9765, 0.1622, -0.1417, -0.0083
15:55:09, 3.93, 118, 342.94, 18.28, 356.27, 0.9766, 0.1617, -0.1413, -0.0082
15:55:09, 3.93, 118, 342.97, 18.27, 356.32, 0.9767, 0.1616, -0.1411, -0.0078
15:55:09, 3.97, 119, 342.98, 18.25, 356.37, 0.9767, 0.1614, -0.1410, -0.0075
15:55:09, 3.97, 119, 342.98, 18.24, 356.42, 0.9767, 0.1613, -0.1411, -0.0070
15:55:09, 4.00, 120, 342.98, 18.29, 356.46, 0.9767, 0.1616, -0.1411, -0.0066
15:55:09, 4.00, 120, 342.97, 18.24, 356.47, 0.9767, 0.1612, -0.1413, -0.0066
15:55:09, 4.00, 120, 342.98, 18.22, 356.48, 0.9768, 0.1610, -0.1413, -0.0066
15:55:09, 4.03, 121, 342.96, 18.19, 356.50, 0.9768, 0.1607, -0.1415, -0.0064
15:55:09, 4.03, 121, 342.94, 18.19, 356.55, 0.9768, 0.1607, -0.1417, -0.0060
15:55:09, 4.07, 122, 342.89, 18.18, 356.58, 0.9767, 0.1606, -0.1422, -0.0056
15:55:09, 4.07, 122, 342.85, 18.17, 356.57, 0.9767, 0.1605, -0.1425, -0.0057
15:55:09, 4.10, 123, 342.84, 18.13, 356.56, 0.9767, 0.1601, -0.1426, -0.0058
15:55:09, 4.10, 123, 342.82, 18.05, 356.55, 0.9768, 0.1595, -0.1428, -0.0060
15:55:09, 4.10, 123, 342.80, 17.92, 356.53, 0.9769, 0.1584, -0.1430, -0.0063
15:55:09, 4.13, 124, 342.82, 17.77, 356.55, 0.9772, 0.1571, -0.1429, -0.0063
15:55:09, 4.13, 124, 342.79, 17.58, 356.56, 0.9774, 0.1554, -0.1432, -0.0065
15:55:09, 4.17, 125, 342.77, 17.41, 356.60, 0.9776, 0.1540, -0.1436, -0.0063
15:55:09, 4.17, 125, 342.75, 17.28, 356.67, 0.9777, 0.1528, -0.1439, -0.0059
15:55:09, 4.17, 125, 342.71, 17.16, 356.73, 0.9778, 0.1517, -0.1443, -0.0055
15:55:09, 4.20, 126, 342.71, 17.06, 356.78, 0.9779, 0.1508, -0.1444, -0.0052
15:55:09, 4.20, 126, 342.70, 16.93, 356.82, 0.9781, 0.1496, -0.1447, -0.0050
15:55:09, 4.23, 127, 342.62, 16.85, 356.86, 0.9781, 0.1488, -0.1454, -0.0046
15:55:09, 4.23, 127, 342.58, 16.76, 356.93, 0.9782, 0.1480, -0.1459, -0.0041
15:55:09, 4.27, 128, 342.54, 16.68, 356.95, 0.9782, 0.1473, -0.1463, -0.0041
15:55:09, 4.27, 128, 342.51, 16.62, 356.92, 0.9782, 0.1469, -0.1466, -0.0043
15:55:09, 4.27, 128, 342.49, 16.54, 356.92, 0.9783, 0.1461, -0.1467, -0.0044
15:55:09, 4.30, 129, 342.47, 16.48, 356.94, 0.9784, 0.1456, -0.1470, -0.0043
15:55:09, 4.30, 129, 342.46, 16.41, 356.94, 0.9784, 0.1450, -0.1471, -0.0043
15:55:09, 4.33, 130, 342.43, 16.37, 356.94, 0.9784, 0.1447, -0.1474, -0.0044
15:55:10, 4.33, 130, 342.40, 16.34, 356.96, 0.9784, 0.1444, -0.1477, -0.0042
15:55:10, 4.33, 130, 342.41, 16.31, 356.95, 0.9785, 0.1441, -0.1475, -0.0043
15:55:10, 4.37, 131, 342.42, 16.26, 356.96, 0.9786, 0.1437, -0.1475, -0.0043
15:55:10, 4.37, 131, 342.43, 16.23, 356.94, 0.9786, 0.1435, -0.1474, -0.0046
15:55:10, 4.40, 132, 342.44, 16.23, 356.92, 0.9786, 0.1435, -0.1473, -0.0047
15:55:10, 4.40, 132, 342.47, 16.19, 356.88, 0.9787, 0.1432, -0.1470, -0.0052
15:55:10, 4.43, 133, 342.50, 16.13, 356.83, 0.9788, 0.1428, -0.1467, -0.0058
15:55:10, 4.43, 133, 342.54, 16.11, 356.76, 0.9789, 0.1427, -0.1463, -0.0064
15:55:10, 4.43, 133, 342.62, 16.05, 356.71, 0.9790, 0.1423, -0.1456, -0.0070
15:55:10, 4.47, 134, 342.69, 16.03, 356.67, 0.9792, 0.1421, -0.1450, -0.0074
15:55:10, 4.47, 134, 342.76, 16.00, 356.66, 0.9793, 0.1419, -0.1444, -0.0077
15:55:10, 4.50, 135, 342.81, 15.93, 356.66, 0.9794, 0.1413, -0.1440, -0.0078
15:55:10, 4.50, 135, 342.88, 15.86, 356.68, 0.9796, 0.1406, -0.1434, -0.0078
15:55:10, 4.50, 135, 342.93, 15.82, 356.70, 0.9797, 0.1402, -0.1430, -0.0078
15:55:10, 4.53, 136, 342.98, 15.77, 356.71, 0.9798, 0.1399, -0.1426, -0.0078
15:55:10, 4.53, 136, 343.05, 15.74, 356.74, 0.9799, 0.1395, -0.1421, -0.0077
15:55:10, 4.57, 137, 343.07, 15.73, 356.73, 0.9800, 0.1395, -0.1419, -0.0078
15:55:10, 4.57, 137, 343.13, 15.73, 356.74, 0.9801, 0.1394, -0.1414, -0.0078
15:55:10, 4.60, 138, 343.15, 15.78, 356.75, 0.9800, 0.1398, -0.1412, -0.0077
15:55:10, 4.60, 138, 343.19, 15.85, 356.78, 0.9800, 0.1404, -0.1409, -0.0074
15:55:10, 4.60, 138, 343.21, 15.90, 356.78, 0.9800, 0.1408, -0.1407, -0.0073
15:55:10, 4.63, 139, 343.21, 15.97, 356.78, 0.9799, 0.1415, -0.1407, -0.0073
15:55:10, 4.63, 139, 343.19, 16.07, 356.82, 0.9797, 0.1423, -0.1409, -0.0067
15:55:10, 4.67, 140, 343.16, 16.12, 356.87, 0.9797, 0.1426, -0.1411, -0.0063
15:55:10, 4.67, 140, 343.13, 16.17, 356.91, 0.9795, 0.1430, -0.1415, -0.0058
15:55:10, 4.67, 140, 343.10, 16.21, 356.92, 0.9795, 0.1433, -0.1417, -0.0056
15:55:10, 4.70, 141, 343.08, 16.27, 356.93, 0.9794, 0.1438, -0.1418, -0.0054
15:55:10, 4.70, 141, 343.02, 16.31, 356.97, 0.9793, 0.1441, -0.1424, -0.0050
15:55:10, 4.73, 142, 342.98, 16.31, 357.00, 0.9792, 0.1440, -0.1428, -0.0047
15:55:10, 4.73, 142, 342.92, 16.30, 357.05, 0.9791, 0.1439, -0.1433, -0.0041
15:55:10, 4.77, 143, 342.89, 16.23, 357.08, 0.9792, 0.1433, -0.1437, -0.0040
15:55:10, 4.77, 143, 342.85, 16.21, 357.05, 0.9792, 0.1431, -0.1440, -0.0041
15:55:10, 4.77, 143, 342.83, 16.14, 357.05, 0.9792, 0.1426, -0.1442, -0.0042
15:55:10, 4.80, 144, 342.78, 16.10, 357.10, 0.9792, 0.1422, -0.1447, -0.0038
15:55:10, 4.80, 144, 342.74, 16.06, 357.15, 0.9792, 0.1417, -0.1451, -0.0034
15:55:10, 4.83, 145, 342.72, 16.03, 357.17, 0.9792, 0.1414, -0.1453, -0.0033
15:55:10, 4.83, 145, 342.69, 15.96, 357.18, 0.9793, 0.1409, -0.1456, -0.0032
15:55:10, 4.83, 145, 342.68, 15.91, 357.21, 0.9793, 0.1404, -0.1457, -0.0030
15:55:10, 4.87, 146, 342.68, 15.81, 357.23, 0.9794, 0.1395, -0.1458, -0.0030
15:55:10, 4.87, 146, 342.67, 15.71, 357.23, 0.9795, 0.1386, -0.1459, -0.0031
15:55:10, 4.90, 147, 342.69, 15.58, 357.24, 0.9797, 0.1376, -0.1458, -0.0032
15:55:10, 4.90, 147, 342.69, 15.45, 357.29, 0.9798, 0.1364, -0.1459, -0.0029
15:55:10, 4.93, 148, 342.70, 15.33, 357.32, 0.9800, 0.1354, -0.1459, -0.0029
15:55:10, 4.93, 148, 342.70, 15.27, 357.35, 0.9801, 0.1347, -0.1460, -0.0027
15:55:10, 4.93, 148, 342.71, 15.17, 357.37, 0.9802, 0.1339, -0.1459, -0.0026
15:55:10, 4.97, 149, 342.72, 15.16, 357.39, 0.9802, 0.1337, -0.1459, -0.0025
15:55:10, 4.97, 149, 342.73, 15.12, 357.38, 0.9803, 0.1335, -0.1458, -0.0027
15:55:10, 5.00, 150, 342.70, 15.10, 357.42, 0.9802, 0.1332, -0.1461, -0.0023
15:55:10, 5.00, 150, 342.68, 15.11, 357.43, 0.9802, 0.1333, -0.1463, -0.0022
15:55:10, 5.00, 150, 342.67, 15.09, 357.39, 0.9802, 0.1331, -0.1464, -0.0025
15:55:10, 5.03, 151, 342.65, 15.13, 357.35, 0.9802, 0.1336, -0.1465, -0.0028
15:55:10, 5.03, 151, 342.67, 15.13, 357.33, 0.9802, 0.1336, -0.1463, -0.0030
15:55:10, 5.07, 152, 342.62, 15.19, 357.30, 0.9801, 0.1341, -0.1466, -0.0032
15:55:10, 5.07, 152, 342.64, 15.23, 357.27, 0.9800, 0.1345, -0.1464, -0.0033
15:55:10, 5.10, 153, 342.59, 15.29, 357.26, 0.9799, 0.1350, -0.1468, -0.0033
15:55:10, 5.10, 153, 342.59, 15.37, 357.24, 0.9798, 0.1357, -0.1467, -0.0034
15:55:10, 5.10, 153, 342.58, 15.44, 357.22, 0.9797, 0.1364, -0.1468, -0.0034
15:55:10, 5.13, 154, 342.60, 15.55, 357.22, 0.9796, 0.1373, -0.1466, -0.0033
15:55:10, 5.13, 154, 342.59, 15.63, 357.17, 0.9795, 0.1381, -0.1466, -0.0036
15:55:10, 5.17, 155, 342.61, 15.72, 357.16, 0.9794, 0.1388, -0.1464, -0.0036
15:55:10, 5.17, 155, 342.62, 15.77, 357.11, 0.9794, 0.1394, -0.1462, -0.0040
15:55:10, 5.17, 155, 342.61, 15.85, 357.08, 0.9793, 0.1401, -0.1462, -0.0041
15:55:10, 5.20, 156, 342.61, 15.89, 357.09, 0.9792, 0.1404, -0.1462, -0.0039
15:55:10, 5.20, 156, 342.63, 15.92, 357.09, 0.9792, 0.1406, -0.1460, -0.0039
15:55:10, 5.23, 157, 342.64, 15.93, 357.10, 0.9792, 0.1407, -0.1460, -0.0039
15:55:10, 5.23, 157, 342.63, 15.91, 357.10, 0.9792, 0.1405, -0.1460, -0.0039
15:55:10, 5.27, 158, 342.64, 15.88, 357.11, 0.9793, 0.1403, -0.1460, -0.0038
15:55:10, 5.27, 158, 342.63, 15.82, 357.13, 0.9793, 0.1397, -0.1461, -0.0037
15:55:10, 5.27, 158, 342.61, 15.68, 357.19, 0.9795, 0.1384, -0.1464, -0.0034
15:55:10, 5.30, 159, 342.57, 15.58, 357.19, 0.9795, 0.1376, -0.1468, -0.0034
15:55:10, 5.30, 159, 342.55, 15.47, 357.19, 0.9796, 0.1366, -0.1470, -0.0036
15:55:10, 5.33, 160, 342.53, 15.37, 357.15, 0.9797, 0.1359, -0.1472, -0.0041
15:55:11, 5.33, 160, 342.50, 15.29, 357.11, 0.9798, 0.1353, -0.1474, -0.0045
15:55:11, 5.33, 160, 342.47, 15.22, 357.06, 0.9798, 0.1348, -0.1476, -0.0050
15:55:11, 5.37, 161, 342.44, 15.17, 356.97, 0.9798, 0.1344, -0.1478, -0.0058
15:55:11, 5.37, 161, 342.43, 15.13, 356.86, 0.9798, 0.1342, -0.1478, -0.0068
15:55:11, 5.40, 162, 342.44, 15.07, 356.76, 0.9799, 0.1338, -0.1476, -0.0077
15:55:11, 5.40, 162, 342.45, 15.01, 356.66, 0.9800, 0.1334, -0.1474, -0.0086
15:55:11, 5.43, 163, 342.49, 14.98, 356.59, 0.9801, 0.1332, -0.1470, -0.0093
15:55:11, 5.43, 163, 342.51, 14.91, 356.51, 0.9802, 0.1327, -0.1468, -0.0101
15:55:11, 5.43, 163, 342.54, 14.87, 356.47, 0.9803, 0.1325, -0.1465, -0.0105
15:55:11, 5.47, 164, 342.55, 14.88, 356.45, 0.9802, 0.1326, -0.1464, -0.0107
15:55:11, 5.47, 164, 342.54, 14.90, 356.39, 0.9802, 0.1328, -0.1464, -0.0112
15:55:11, 5.50, 165, 342.53, 14.92, 356.30, 0.9802, 0.1331, -0.1464, -0.0119
15:55:11, 5.50, 165, 342.56, 14.91, 356.18, 0.9802, 0.1332, -0.1460, -0.0130
15:55:11, 5.50, 165, 342.57, 14.89, 356.01, 0.9802, 0.1332, -0.1457, -0.0145
15:55:11, 5.53, 166, 342.63, 14.88, 355.88, 0.9803, 0.1333, -0.1450, -0.0157
15:55:11, 5.53, 166, 342.71, 14.86, 355.75, 0.9804, 0.1333, -0.1442, -0.0170
15:55:11, 5.57, 167, 342.80, 14.87, 355.58, 0.9805, 0.1336, -0.1432, -0.0185
15:55:11, 5.57, 167, 342.92, 14.87, 355.40, 0.9806, 0.1338, -0.1420, -0.0202
15:55:11, 5.60, 168, 343.08, 14.89, 355.30, 0.9807, 0.1341, -0.1405, -0.0211
15:55:11, 5.60, 168, 343.23, 14.89, 355.24, 0.9809, 0.1341, -0.1392, -0.0218
15:55:11, 5.60, 168, 343.37, 14.83, 355.18, 0.9811, 0.1336, -0.1379, -0.0226
15:55:11, 5.63, 169, 343.53, 14.81, 355.15, 0.9813, 0.1335, -0.1365, -0.0231
15:55:11, 5.63, 169, 343.72, 14.83, 355.15, 0.9815, 0.1336, -0.1349, -0.0233
15:55:11, 5.67, 170, 343.87, 14.86, 355.12, 0.9817, 0.1339, -0.1336, -0.0236
15:55:11, 5.67, 170, 344.04, 14.96, 355.12, 0.9818, 0.1346, -0.1320, -0.0237
15:55:11, 5.67, 170, 344.17, 15.08, 355.10, 0.9818, 0.1357, -0.1309, -0.0239
15:55:11, 5.70, 171, 344.25, 15.13, 355.12, 0.9818, 0.1360, -0.1301, -0.0238
15:55:11, 5.70, 171, 344.36, 15.20, 355.14, 0.9819, 0.1366, -0.1292, -0.0236
15:55:11, 5.73, 172, 344.43, 15.17, 355.21, 0.9820, 0.1363, -0.1287, -0.0232
15:55:11, 5.73, 172, 344.46, 15.16, 355.22, 0.9820, 0.1362, -0.1285, -0.0232
15:55:11, 5.77, 173, 344.47, 15.10, 355.28, 0.9821, 0.1356, -0.1285, -0.0227
15:55:11, 5.77, 173, 344.46, 14.98, 355.28, 0.9823, 0.1346, -0.1286, -0.0228
15:55:11, 5.77, 173, 344.41, 14.89, 355.33, 0.9823, 0.1338, -0.1292, -0.0225
15:55:11, 5.80, 174, 344.29, 14.74, 355.42, 0.9823, 0.1324, -0.1303, -0.0217
15:55:11, 5.80, 174, 344.19, 14.62, 355.45, 0.9824, 0.1313, -0.1313, -0.0215
15:55:11, 5.83, 175, 344.07, 14.51, 355.45, 0.9823, 0.1304, -0.1323, -0.0215
15:55:11, 5.83, 175, 343.92, 14.48, 355.42, 0.9822, 0.1303, -0.1336, -0.0216
15:55:11, 5.83, 175, 343.79, 14.48, 355.45, 0.9820, 0.1302, -0.1348, -0.0213
15:55:11, 5.87, 176, 343.64, 14.54, 355.45, 0.9818, 0.1307, -0.1360, -0.0210
15:55:11, 5.87, 176, 343.48, 14.63, 355.45, 0.9815, 0.1315, -0.1374, -0.0207
15:55:11, 5.90, 177, 343.30, 14.72, 355.44, 0.9812, 0.1323, -0.1388, -0.0205
15:55:11, 5.90, 177, 343.15, 14.85, 355.43, 0.9809, 0.1335, -0.1401, -0.0202
15:55:11, 5.93, 178, 343.00, 14.99, 355.44, 0.9805, 0.1348, -0.1413, -0.0197
15:55:11, 5.93, 178, 342.85, 15.10, 355.48, 0.9803, 0.1357, -0.1425, -0.0191
15:55:11, 5.93, 178, 342.72, 15.17, 355.50, 0.9800, 0.1362, -0.1437, -0.0187
15:55:11, 5.97, 179, 342.59, 15.17, 355.54, 0.9799, 0.1362, -0.1449, -0.0181
15:55:11, 5.97, 179, 342.47, 15.15, 355.58, 0.9798, 0.1360, -0.1459, -0.0177
15:55:11, 6.00, 180, 342.35, 15.13, 355.61, 0.9796, 0.1358, -0.1470, -0.0173
15:55:11, 6.00, 180, 342.22, 15.11, 355.64, 0.9795, 0.1357, -0.1482, -0.0170
15:55:11, 6.00, 180, 342.09, 15.07, 355.72, 0.9794, 0.1352, -0.1494, -0.0162
15:55:11, 6.03, 181, 341.95, 15.04, 355.79, 0.9792, 0.1349, -0.1507, -0.0155
15:55:11, 6.03, 181, 341.80, 14.97, 355.87, 0.9791, 0.1342, -0.1521, -0.0147
15:55:11, 6.07, 182, 341.62, 14.90, 355.95, 0.9790, 0.1335, -0.1537, -0.0139
15:55:11, 6.07, 182, 341.48, 14.85, 356.05, 0.9788, 0.1330, -0.1551, -0.0130
15:55:11, 6.10, 183, 341.33, 14.77, 356.14, 0.9787, 0.1322, -0.1565, -0.0121
15:55:11, 6.10, 183, 341.16, 14.71, 356.21, 0.9786, 0.1315, -0.1581, -0.0114
15:55:11, 6.10, 183, 341.02, 14.61, 356.29, 0.9785, 0.1306, -0.1594, -0.0107
15:55:11, 6.13, 184, 340.86, 14.54, 356.35, 0.9783, 0.1299, -0.1609, -0.0102
15:55:11, 6.13, 184, 340.69, 14.43, 356.38, 0.9782, 0.1290, -0.1624, -0.0098
15:55:11, 6.17, 185, 340.54, 14.30, 356.41, 0.9781, 0.1279, -0.1638, -0.0096
15:55:11, 6.17, 185, 340.40, 14.18, 356.42, 0.9780, 0.1268, -0.1651, -0.0095
15:55:11, 6.17, 185, 340.23, 13.97, 356.42, 0.9780, 0.1251, -0.1666, -0.0096
15:55:11, 6.20, 186, 340.05, 13.78, 356.47, 0.9780, 0.1234, -0.1682, -0.0093
15:55:11, 6.20, 186, 339.88, 13.61, 356.50, 0.9779, 0.1219, -0.1698, -0.0092
15:55:11, 6.23, 187, 339.71, 13.44, 356.54, 0.9778, 0.1205, -0.1714, -0.0089
15:55:11, 6.23, 187, 339.50, 13.27, 356.55, 0.9776, 0.1190, -0.1732, -0.0089
15:55:11, 6.27, 188, 339.28, 13.16, 356.59, 0.9774, 0.1180, -0.1752, -0.0085
15:55:11, 6.27, 188, 339.02, 13.12, 356.63, 0.9770, 0.1176, -0.1775, -0.0080
15:55:11, 6.27, 188, 338.77, 13.06, 356.66, 0.9767, 0.1170, -0.1797, -0.0076
15:55:11, 6.30, 189, 338.50, 13.06, 356.68, 0.9763, 0.1170, -0.1820, -0.0071
15:55:11, 6.30, 189, 338.23, 13.06, 356.72, 0.9758, 0.1170, -0.1844, -0.0065
15:55:11, 6.33, 190, 337.93, 13.09, 356.75, 0.9753, 0.1172, -0.1869, -0.0059
15:55:12, 6.33, 190, 337.61, 13.16, 356.75, 0.9747, 0.1178, -0.1896, -0.0054
15:55:12, 6.33, 190, 337.31, 13.20, 356.68, 0.9742, 0.1183, -0.1920, -0.0056
15:55:12, 6.37, 191, 337.05, 13.27, 356.60, 0.9737, 0.1190, -0.1942, -0.0059
15:55:12, 6.37, 191, 336.78, 13.32, 356.46, 0.9732, 0.1197, -0.1963, -0.0067
15:55:12, 6.40, 192, 336.49, 13.32, 356.38, 0.9727, 0.1199, -0.1986, -0.0071
15:55:12, 6.40, 192, 336.19, 13.32, 356.32, 0.9722, 0.1200, -0.2011, -0.0073
15:55:12, 6.43, 193, 335.82, 13.33, 356.26, 0.9715, 0.1202, -0.2042, -0.0074
15:55:12, 6.43, 193, 335.41, 13.38, 356.27, 0.9707, 0.1207, -0.2077, -0.0068
15:55:12, 6.43, 193, 335.05, 13.40, 356.18, 0.9700, 0.1210, -0.2106, -0.0071
15:55:12, 6.47, 194, 334.62, 13.50, 356.06, 0.9691, 0.1221, -0.2140, -0.0075
15:55:12, 6.47, 194, 334.21, 13.61, 355.97, 0.9682, 0.1232, -0.2174, -0.0076
15:55:12, 6.50, 195, 333.81, 13.73, 355.79, 0.9674, 0.1246, -0.2205, -0.0084
15:55:12, 6.50, 195, 333.36, 13.82, 355.59, 0.9664, 0.1258, -0.2240, -0.0095
15:55:12, 6.50, 195, 332.89, 13.80, 355.48, 0.9655, 0.1258, -0.2279, -0.0099
15:55:12, 6.53, 196, 332.33, 13.88, 355.31, 0.9642, 0.1269, -0.2324, -0.0106
15:55:12, 6.53, 196, 331.80, 13.86, 355.13, 0.9632, 0.1272, -0.2366, -0.0116
15:55:12, 6.57, 197, 331.32, 13.85, 354.87, 0.9621, 0.1277, -0.2404, -0.0132
15:55:12, 6.57, 197, 330.84, 13.94, 354.66, 0.9610, 0.1290, -0.2441, -0.0142
15:55:12, 6.60, 198, 330.39, 13.98, 354.47, 0.9600, 0.1298, -0.2477, -0.0152
15:55:12, 6.60, 198, 329.89, 13.98, 354.22, 0.9589, 0.1304, -0.2516, -0.0167
15:55:12, 6.60, 198, 329.42, 14.13, 354.03, 0.9577, 0.1321, -0.2552, -0.0175
15:55:12, 6.63, 199, 328.94, 14.15, 353.85, 0.9565, 0.1328, -0.2590, -0.0184
15:55:12, 6.63, 199, 328.58, 14.13, 353.75, 0.9557, 0.1328, -0.2619, -0.0188
15:55:12, 6.67, 200, 328.13, 14.10, 353.66, 0.9547, 0.1329, -0.2655, -0.0192
15:55:12, 6.67, 200, 327.77, 14.09, 353.59, 0.9539, 0.1330, -0.2684, -0.0193
15:55:12, 6.67, 200, 327.42, 14.03, 353.53, 0.9531, 0.1327, -0.2713, -0.0195
15:55:12, 6.70, 201, 327.10, 14.01, 353.49, 0.9523, 0.1327, -0.2740, -0.0195
15:55:12, 6.70, 201, 326.80, 13.97, 353.50, 0.9516, 0.1324, -0.2765, -0.0193
15:55:12, 6.73, 202, 326.56, 13.86, 353.45, 0.9512, 0.1317, -0.2785, -0.0197
15:55:12, 6.73, 202, 326.30, 13.80, 353.42, 0.9506, 0.1313, -0.2807, -0.0198
15:55:12, 6.77, 203, 326.09, 13.74, 353.37, 0.9501, 0.1310, -0.2824, -0.0201
15:55:12, 6.77, 203, 325.89, 13.71, 353.34, 0.9496, 0.1309, -0.2841, -0.0202
15:55:12, 6.77, 203, 325.68, 13.63, 353.36, 0.9492, 0.1301, -0.2859, -0.0200
15:55:12, 6.80, 204, 325.50, 13.55, 353.39, 0.9488, 0.1294, -0.2875, -0.0198
15:55:12, 6.80, 204, 325.31, 13.45, 353.43, 0.9484, 0.1286, -0.2892, -0.0195
15:55:12, 6.83, 205, 325.10, 13.42, 353.45, 0.9479, 0.1283, -0.2910, -0.0191
15:55:12, 6.83, 205, 324.92, 13.38, 353.46, 0.9475, 0.1280, -0.2925, -0.0189
15:55:12, 6.83, 205, 324.73, 13.37, 353.46, 0.9470, 0.1279, -0.2941, -0.0188
15:55:12, 6.87, 206, 324.55, 13.40, 353.45, 0.9465, 0.1282, -0.2955, -0.0186
15:55:12, 6.87, 206, 324.36, 13.41, 353.44, 0.9460, 0.1283, -0.2971, -0.0184
15:55:12, 6.90, 207, 324.18, 13.44, 353.44, 0.9455, 0.1286, -0.2986, -0.0181
15:55:12, 6.90, 207, 323.98, 13.48, 353.43, 0.9450, 0.1290, -0.3002, -0.0179
15:55:12, 6.93, 208, 323.81, 13.52, 353.42, 0.9445, 0.1294, -0.3015, -0.0177
15:55:12, 6.93, 208, 323.65, 13.57, 353.42, 0.9440, 0.1298, -0.3028, -0.0174
15:55:12, 6.93, 208, 323.47, 13.67, 353.40, 0.9435, 0.1307, -0.3042, -0.0171
15:55:12, 6.97, 209, 323.34, 13.82, 353.37, 0.9430, 0.1320, -0.3051, -0.0168
15:55:12, 6.97, 209, 323.21, 13.97, 353.34, 0.9425, 0.1334, -0.3060, -0.0164
15:55:12, 7.00, 210, 323.10, 14.12, 353.33, 0.9421, 0.1346, -0.3067, -0.0159
15:55:12, 7.00, 210, 323.05, 14.27, 353.38, 0.9418, 0.1358, -0.3071, -0.0150
15:55:12, 7.00, 210, 322.99, 14.38, 353.38, 0.9416, 0.1367, -0.3075, -0.0146
15:55:12, 7.03, 211, 322.95, 14.52, 353.44, 0.9413, 0.1377, -0.3078, -0.0137
15:55:12, 7.03, 211, 322.92, 14.64, 353.53, 0.9412, 0.1384, -0.3081, -0.0126
15:55:12, 7.07, 212, 322.86, 14.77, 353.62, 0.9409, 0.1392, -0.3085, -0.0114
15:55:12, 7.07, 212, 322.83, 14.88, 353.74, 0.9407, 0.1398, -0.3089, -0.0101
15:55:12, 7.10, 213, 322.78, 15.00, 353.84, 0.9405, 0.1406, -0.3093, -0.0089
15:55:12, 7.10, 213, 322.74, 15.11, 353.93, 0.9403, 0.1412, -0.3097, -0.0078
15:55:12, 7.10, 213, 322.72, 15.18, 353.97, 0.9402, 0.1417, -0.3098, -0.0072
15:55:12, 7.13, 214, 322.74, 15.27, 354.00, 0.9401, 0.1423, -0.3096, -0.0068
15:55:12, 7.13, 214, 322.77, 15.39, 354.01, 0.9401, 0.1433, -0.3093, -0.0063
15:55:12, 7.17, 215, 322.80, 15.51, 354.05, 0.9401, 0.1441, -0.3090, -0.0057
15:55:12, 7.17, 215, 322.84, 15.67, 354.09, 0.9400, 0.1453, -0.3086, -0.0050
15:55:12, 7.17, 215, 322.91, 15.81, 354.14, 0.9401, 0.1464, -0.3080, -0.0043
15:55:12, 7.20, 216, 322.98, 15.96, 354.19, 0.9401, 0.1474, -0.3073, -0.0036
15:55:12, 7.20, 216, 323.07, 16.12, 354.25, 0.9402, 0.1485, -0.3066, -0.0027
15:55:12, 7.23, 217, 323.15, 16.25, 354.32, 0.9403, 0.1495, -0.3058, -0.0019
15:55:12, 7.23, 217, 323.23, 16.36, 354.40, 0.9404, 0.1501, -0.3052, -0.0010
15:55:12, 7.27, 218, 323.33, 16.50, 354.49, 0.9405, 0.1510, -0.3044, -0.0001
15:55:12, 7.27, 218, 323.43, 16.61, 354.57, 0.9406, 0.1517, -0.3036, 0.0007
15:55:12, 7.27, 218, 323.54, 16.69, 354.65, 0.9408, 0.1522, -0.3028, 0.0015
15:55:12, 7.30, 219, 323.64, 16.80, 354.72, 0.9410, 0.1529, -0.3019, 0.0022
15:55:12, 7.30, 219, 323.75, 16.91, 354.75, 0.9412, 0.1537, -0.3010, 0.0026
15:55:12, 7.33, 220, 323.87, 17.00, 354.74, 0.9414, 0.1545, -0.2999, 0.0026
15:55:13, 7.33, 220, 324.03, 17.11, 354.80, 0.9417, 0.1552, -0.2986, 0.0032
15:55:13, 7.33, 220, 324.14, 17.17, 354.84, 0.9419, 0.1556, -0.2977, 0.0036
15:55:13, 7.37, 221, 324.31, 17.19, 354.92, 0.9423, 0.1556, -0.2964, 0.0040
15:55:13, 7.37, 221, 324.47, 17.26, 354.94, 0.9426, 0.1561, -0.2951, 0.0042
15:55:13, 7.40, 222, 324.64, 17.29, 354.97, 0.9430, 0.1563, -0.2936, 0.0042
15:55:13, 7.40, 222, 324.83, 17.32, 355.02, 0.9435, 0.1564, -0.2921, 0.0045
15:55:13, 7.43, 223, 324.99, 17.38, 355.07, 0.9438, 0.1567, -0.2908, 0.0048
15:55:13, 7.43, 223, 325.17, 17.43, 355.15, 0.9442, 0.1570, -0.2894, 0.0054
15:55:13, 7.43, 223, 325.35, 17.48, 355.19, 0.9446, 0.1573, -0.2880, 0.0056
15:55:13, 7.47, 224, 325.56, 17.51, 355.24, 0.9451, 0.1574, -0.2863, 0.0058
15:55:13, 7.47, 224, 325.73, 17.55, 355.25, 0.9455, 0.1577, -0.2849, 0.0057
15:55:13, 7.50, 225, 325.91, 17.60, 355.25, 0.9459, 0.1581, -0.2834, 0.0057
15:55:13, 7.50, 225, 326.11, 17.68, 355.27, 0.9463, 0.1588, -0.2817, 0.0058
15:55:13, 7.50, 225, 326.28, 17.75, 355.30, 0.9466, 0.1592, -0.2802, 0.0059
15:55:13, 7.53, 226, 326.51, 17.85, 355.32, 0.9470, 0.1601, -0.2783, 0.0060
15:55:13, 7.53, 226, 326.74, 17.94, 355.35, 0.9475, 0.1607, -0.2764, 0.0062
15:55:13, 7.57, 227, 327.02, 18.01, 355.38, 0.9481, 0.1613, -0.2741, 0.0062
15:55:13, 7.57, 227, 327.33, 18.11, 355.42, 0.9487, 0.1620, -0.2715, 0.0064
15:55:13, 7.60, 228, 327.76, 18.22, 355.44, 0.9496, 0.1629, -0.2679, 0.0062
15:55:13, 7.60, 228, 328.33, 18.31, 355.46, 0.9508, 0.1636, -0.2631, 0.0058
15:55:13, 7.60, 228, 329.10, 18.33, 355.56, 0.9525, 0.1636, -0.2569, 0.0055
15:55:13, 7.63, 229, 330.11, 18.33, 355.72, 0.9547, 0.1633, -0.2487, 0.0055
15:55:13, 7.63, 229, 331.31, 18.37, 356.02, 0.9572, 0.1630, -0.2391, 0.0063
15:55:13, 7.67, 230, 332.87, 18.40, 356.32, 0.9603, 0.1628, -0.2264, 0.0067
15:55:13, 7.67, 230, 334.62, 18.40, 356.78, 0.9636, 0.1620, -0.2124, 0.0081
15:55:13, 7.67, 230, 336.60, 18.48, 357.40, 0.9670, 0.1618, -0.1966, 0.0106
15:55:13, 7.70, 231, 338.65, 18.61, 358.07, 0.9701, 0.1620, -0.1801, 0.0136
15:55:13, 7.70, 231, 340.66, 18.79, 358.85, 0.9728, 0.1625, -0.1641, 0.0177
15:55:13, 7.73, 232, 342.62, 18.87, 359.61, 0.9752, 0.1625, -0.1485, 0.0214
15:55:13, 7.73, 232, 344.47, 18.99, 0.36, 0.9772, 0.1630, -0.1338, 0.0254
15:55:13, 7.77, 233, 346.20, 19.06, 1.04, 0.9788, 0.1632, -0.1200, 0.0288
15:55:13, 7.77, 233, 347.89, 19.05, 1.73, 0.9803, 0.1630, -0.1065, 0.0323
15:55:13, 7.77, 233, 349.37, 19.08, 2.19, 0.9815, 0.1632, -0.0945, 0.0341
15:55:13, 7.80, 234, 350.73, 19.10, 2.52, 0.9824, 0.1636, -0.0833, 0.0350
15:55:13, 7.80, 234, 351.99, 18.96, 2.74, 0.9834, 0.1626, -0.0728, 0.0351
15:55:13, 7.83, 235, 353.09, 18.88, 2.89, 0.9841, 0.1622, -0.0636, 0.0347
15:55:13, 7.83, 235, 354.11, 18.82, 3.02, 0.9847, 0.1619, -0.0550, 0.0344
15:55:13, 7.83, 235, 354.97, 18.79, 3.12, 0.9851, 0.1618, -0.0477, 0.0340
15:55:13, 7.87, 236, 355.80, 18.82, 3.23, 0.9853, 0.1623, -0.0408, 0.0337
15:55:13, 7.87, 236, 356.46, 18.80, 3.24, 0.9856, 0.1623, -0.0351, 0.0329
15:55:13, 7.90, 237, 357.05, 18.84, 3.25, 0.9857, 0.1628, -0.0300, 0.0321
15:55:13, 7.90, 237, 357.60, 18.81, 3.14, 0.9859, 0.1628, -0.0251, 0.0304
15:55:13, 7.93, 238, 358.04, 18.82, 3.00, 0.9860, 0.1630, -0.0212, 0.0286
15:55:13, 7.93, 238, 358.46, 18.83, 2.88, 0.9861, 0.1632, -0.0173, 0.0270
15:55:13, 7.93, 238, 358.86, 18.77, 2.73, 0.9863, 0.1627, -0.0137, 0.0251
15:55:13, 7.97, 239, 359.11, 18.78, 2.65, 0.9863, 0.1629, -0.0114, 0.0240
15:55:13, 7.97, 239, 359.36, 18.78, 2.54, 0.9863, 0.1630, -0.0091, 0.0228
15:55:13, 8.00, 240, 359.60, 18.82, 2.43, 0.9863, 0.1634, -0.0069, 0.0215
15:55:13, 8.00, 240, 359.78, 18.81, 2.36, 0.9863, 0.1633, -0.0053, 0.0206
15:55:13, 8.00, 240, 359.94, 18.77, 2.22, 0.9864, 0.1630, -0.0037, 0.0192
15:55:13, 8.03, 241, 0.10, 18.83, 2.15, 0.9864, 0.1636, -0.0022, 0.0183
15:55:13, 8.03, 241, 0.17, 18.82, 2.05, 0.9864, 0.1635, -0.0015, 0.0174
15:55:13, 8.07, 242, 0.31, 18.83, 2.01, 0.9864, 0.1636, -0.0002, 0.0169
15:55:13, 8.07, 242, 0.41, 18.80, 1.90, 0.9864, 0.1633, 0.0008, 0.0158
15:55:13, 8.10, 243, 0.58, 18.79, 1.78, 0.9865, 0.1633, 0.0024, 0.0145
15:55:13, 8.10, 243, 0.71, 18.73, 1.70, 0.9866, 0.1628, 0.0037, 0.0137
15:55:13, 8.10, 243, 0.84, 18.70, 1.65, 0.9866, 0.1626, 0.0049, 0.0130
15:55:13, 8.13, 244, 0.96, 18.69, 1.61, 0.9866, 0.1625, 0.0060, 0.0125
15:55:13, 8.13, 244, 1.03, 18.66, 1.54, 0.9867, 0.1622, 0.0067, 0.0118
15:55:13, 8.17, 245, 1.13, 18.65, 1.47, 0.9867, 0.1622, 0.0077, 0.0111
15:55:13, 8.17, 245, 1.24, 18.63, 1.44, 0.9867, 0.1619, 0.0086, 0.0106
15:55:13, 8.17, 245, 1.34, 18.61, 1.41, 0.9867, 0.1618, 0.0096, 0.0103
15:55:13, 8.20, 246, 1.43, 18.59, 1.37, 0.9868, 0.1616, 0.0104, 0.0098
15:55:13, 8.20, 246, 1.52, 18.56, 1.36, 0.9868, 0.1614, 0.0111, 0.0096
15:55:13, 8.23, 247, 1.59, 18.53, 1.36, 0.9868, 0.1611, 0.0118, 0.0095
15:55:13, 8.23, 247, 1.65, 18.49, 1.34, 0.9869, 0.1608, 0.0124, 0.0092
15:55:13, 8.27, 248, 1.70, 18.48, 1.35, 0.9869, 0.1607, 0.0128, 0.0092
15:55:13, 8.27, 248, 1.75, 18.46, 1.31, 0.9869, 0.1606, 0.0133, 0.0088
15:55:13, 8.27, 248, 1.81, 18.41, 1.29, 0.9870, 0.1601, 0.0138, 0.0086
15:55:13, 8.30, 249, 1.84, 18.37, 1.29, 0.9870, 0.1598, 0.0140, 0.0085
15:55:13, 8.30, 249, 1.86, 18.32, 1.30, 0.9871, 0.1594, 0.0142, 0.0086
15:55:13, 8.33, 250, 1.87, 18.29, 1.30, 0.9871, 0.1591, 0.0143, 0.0086
15:55:14, 8.33, 250, 1.88, 18.27, 1.33, 0.9871, 0.1589, 0.0143, 0.0088
15:55:14, 8.33, 250, 1.88, 18.25, 1.33, 0.9872, 0.1587, 0.0143, 0.0089
15:55:14, 8.37, 251, 1.85, 18.22, 1.36, 0.9872, 0.1585, 0.0141, 0.0092
15:55:14, 8.37, 251, 1.84, 18.25, 1.33, 0.9872, 0.1588, 0.0140, 0.0089
15:55:14, 8.40, 252, 1.83, 18.22, 1.33, 0.9872, 0.1585, 0.0139, 0.0090
15:55:14, 8.40, 252, 1.81, 18.23, 1.33, 0.9872, 0.1586, 0.0138, 0.0090
15:55:14, 8.43, 253, 1.78, 18.23, 1.35, 0.9872, 0.1586, 0.0135, 0.0092
15:55:14, 8.43, 253, 1.75, 18.26, 1.36, 0.9872, 0.1588, 0.0132, 0.0092
15:55:14, 8.43, 253, 1.72, 18.26, 1.34, 0.9872, 0.1589, 0.0130, 0.0091
15:55:14, 8.47, 254, 1.69, 18.29, 1.33, 0.9871, 0.1591, 0.0127, 0.0091
15:55:14, 8.47, 254, 1.66, 18.31, 1.36, 0.9871, 0.1592, 0.0124, 0.0095
15:55:14, 8.50, 255, 1.61, 18.32, 1.39, 0.9871, 0.1593, 0.0119, 0.0098
15:55:14, 8.50, 255, 1.57, 18.32, 1.44, 0.9871, 0.1593, 0.0115, 0.0102
15:55:14, 8.50, 255, 1.50, 18.29, 1.46, 0.9872, 0.1590, 0.0109, 0.0105
15:55:14, 8.53, 256, 1.46, 18.30, 1.45, 0.9871, 0.1592, 0.0105, 0.0105
15:55:14, 8.53, 256, 1.44, 18.28, 1.47, 0.9872, 0.1590, 0.0104, 0.0107
15:55:14, 8.57, 257, 1.40, 18.24, 1.47, 0.9872, 0.1587, 0.0100, 0.0107
15:55:14, 8.57, 257, 1.37, 18.25, 1.50, 0.9872, 0.1587, 0.0097, 0.0111
15:55:14, 8.60, 258, 1.33, 18.27, 1.55, 0.9872, 0.1589, 0.0093, 0.0115
15:55:14, 8.60, 258, 1.31, 18.27, 1.60, 0.9872, 0.1589, 0.0091, 0.0120
15:55:14, 8.60, 258, 1.27, 18.28, 1.63, 0.9872, 0.1590, 0.0087, 0.0123
15:55:14, 8.63, 259, 1.24, 18.30, 1.67, 0.9871, 0.1592, 0.0084, 0.0126
15:55:14, 8.63, 259, 1.24, 18.27, 1.68, 0.9872, 0.1589, 0.0084, 0.0128
15:55:14, 8.67, 260, 1.21, 18.25, 1.67, 0.9872, 0.1587, 0.0081, 0.0127
15:55:14, 8.67, 260, 1.21, 18.20, 1.70, 0.9873, 0.1583, 0.0081, 0.0129
15:55:14, 8.67, 260, 1.19, 18.19, 1.71, 0.9873, 0.1582, 0.0079, 0.0131
15:55:14, 8.70, 261, 1.16, 18.18, 1.69, 0.9873, 0.1581, 0.0077, 0.0130
15:55:14, 8.70, 261, 1.17, 18.18, 1.70, 0.9873, 0.1581, 0.0077, 0.0130
15:55:14, 8.73, 262, 1.16, 18.20, 1.72, 0.9873, 0.1583, 0.0076, 0.0132
15:55:14, 8.73, 262, 1.15, 18.20, 1.72, 0.9873, 0.1583, 0.0075, 0.0133
15:55:14, 8.77, 263, 1.14, 18.19, 1.76, 0.9873, 0.1582, 0.0074, 0.0136
15:55:14, 8.77, 263, 1.15, 18.19, 1.76, 0.9873, 0.1582, 0.0075, 0.0136
15:55:14, 8.77, 263, 1.13, 18.18, 1.75, 0.9873, 0.1581, 0.0073, 0.0135
15:55:14, 8.80, 264, 1.13, 18.17, 1.73, 0.9873, 0.1581, 0.0074, 0.0133
15:55:14, 8.80, 264, 1.14, 18.17, 1.73, 0.9873, 0.1580, 0.0074, 0.0133
15:55:14, 8.83, 265, 1.14, 18.16, 1.73, 0.9873, 0.1579, 0.0074, 0.0134
15:55:14, 8.83, 265, 1.14, 18.17, 1.74, 0.9873, 0.1580, 0.0074, 0.0134
15:55:14, 8.83, 265, 1.13, 18.17, 1.75, 0.9873, 0.1581, 0.0073, 0.0136
15:55:14, 8.87, 266, 1.12, 18.19, 1.77, 0.9873, 0.1582, 0.0072, 0.0137
15:55:14, 8.87, 266, 1.11, 18.20, 1.79, 0.9873, 0.1583, 0.0071, 0.0139
15:55:14, 8.90, 267, 1.10, 18.23, 1.80, 0.9872, 0.1585, 0.0070, 0.0140
15:55:14, 8.90, 267, 1.03, 18.24, 1.79, 0.9872, 0.1587, 0.0064, 0.0140
15:55:14, 8.93, 268, 0.98, 18.22, 1.77, 0.9872, 0.1585, 0.0060, 0.0139
15:55:14, 8.93, 268, 0.90, 18.20, 1.76, 0.9873, 0.1583, 0.0053, 0.0139
15:55:14, 8.93, 268, 0.79, 18.18, 1.73, 0.9873, 0.1581, 0.0044, 0.0138
15:55:14, 8.97, 269, 0.61, 18.12, 1.68, 0.9874, 0.1575, 0.0029, 0.0136
15:55:14, 8.97, 269, 0.32, 18.07, 1.62, 0.9875, 0.1571, 0.0005, 0.0135
15:55:14, 9.00, 270, 359.86, 17.93, 1.45, 0.9877, 0.1558, -0.0032, 0.0127
15:55:14, 9.00, 270, 359.18, 17.81, 1.14, 0.9879, 0.1547, -0.0086, 0.0109
15:55:14, 9.00, 270, 358.39, 17.65, 0.76, 0.9880, 0.1533, -0.0149, 0.0087
15:55:14, 9.03, 271, 357.47, 17.39, 0.31, 0.9882, 0.1511, -0.0222, 0.0060
15:55:14, 9.03, 271, 356.39, 17.27, 359.80, 0.9882, 0.1502, -0.0308, 0.0030
15:55:14, 9.07, 272, 355.36, 17.08, 359.29, 0.9881, 0.1486, -0.0391, -0.0001
15:55:14, 9.07, 272, 354.29, 16.92, 358.80, 0.9879, 0.1475, -0.0477, -0.0030
15:55:14, 9.10, 273, 353.22, 16.72, 358.36, 0.9877, 0.1459, -0.0565, -0.0055
15:55:14, 9.10, 273, 352.16, 16.54, 357.89, 0.9873, 0.1447, -0.0650, -0.0083
15:55:14, 9.10, 273, 351.17, 16.47, 357.51, 0.9868, 0.1444, -0.0731, -0.0104
15:55:14, 9.13, 274, 350.19, 16.32, 357.19, 0.9862, 0.1435, -0.0811, -0.0120
15:55:14, 9.13, 274, 349.30, 16.18, 356.85, 0.9857, 0.1426, -0.0884, -0.0140
15:55:14, 9.17, 275, 348.52, 16.07, 356.66, 0.9852, 0.1419, -0.0950, -0.0148
15:55:14, 9.17, 275, 347.83, 16.03, 356.55, 0.9846, 0.1418, -0.1007, -0.0149
15:55:14, 9.17, 275, 347.17, 15.96, 356.38, 0.9841, 0.1414, -0.1063, -0.0156
15:55:14, 9.20, 276, 346.66, 15.88, 356.28, 0.9837, 0.1408, -0.1106, -0.0159
15:55:14, 9.20, 276, 346.18, 15.85, 356.28, 0.9833, 0.1407, -0.1147, -0.0153
15:55:14, 9.23, 277, 345.80, 15.80, 356.25, 0.9829, 0.1403, -0.1179, -0.0152
15:55:14, 9.23, 277, 345.47, 15.76, 356.26, 0.9826, 0.1400, -0.1208, -0.0147
15:55:14, 9.27, 278, 345.25, 15.83, 356.35, 0.9824, 0.1405, -0.1227, -0.0137
15:55:14, 9.27, 278, 345.09, 15.76, 356.44, 0.9823, 0.1399, -0.1242, -0.0127
15:55:14, 9.27, 278, 344.91, 15.77, 356.58, 0.9821, 0.1398, -0.1259, -0.0113
15:55:14, 9.30, 279, 344.83, 15.73, 356.71, 0.9820, 0.1393, -0.1268, -0.0101
15:55:14, 9.30, 279, 344.76, 15.68, 356.85, 0.9820, 0.1387, -0.1276, -0.0089
15:55:14, 9.33, 280, 344.71, 15.62, 356.95, 0.9820, 0.1382, -0.1282, -0.0080
15:55:15, 9.33, 280, 344.68, 15.57, 357.10, 0.9821, 0.1376, -0.1286, -0.0068
15:55:15, 9.33, 280, 344.63, 15.51, 357.20, 0.9821, 0.1369, -0.1292, -0.0059
15:55:15, 9.37, 281, 344.60, 15.43, 357.30, 0.9822, 0.1362, -0.1296, -0.0052
15:55:15, 9.37, 281, 344.56, 15.33, 357.40, 0.9822, 0.1351, -0.1301, -0.0043
15:55:15, 9.40, 282, 344.52, 15.24, 357.49, 0.9823, 0.1343, -0.1306, -0.0036
15:55:15, 9.40, 282, 344.45, 15.19, 357.59, 0.9823, 0.1337, -0.1313, -0.0028
15:55:15, 9.43, 283, 344.42, 15.17, 357.68, 0.9823, 0.1335, -0.1317, -0.0020
15:55:15, 9.43, 283, 344.38, 15.12, 357.77, 0.9823, 0.1330, -0.1322, -0.0012
15:55:15, 9.43, 283, 344.32, 15.09, 357.85, 0.9822, 0.1326, -0.1328, -0.0005
15:55:15, 9.47, 284, 344.26, 15.08, 357.95, 0.9822, 0.1324, -0.1334, 0.0004
15:55:15, 9.47, 284, 344.18, 15.04, 358.04, 0.9821, 0.1320, -0.1342, 0.0012
15:55:15, 9.50, 285, 344.10, 15.01, 358.09, 0.9821, 0.1316, -0.1349, 0.0017
15:55:15, 9.50, 285, 344.08, 14.95, 358.14, 0.9821, 0.1311, -0.1352, 0.0021
15:55:15, 9.50, 285, 344.06, 14.92, 358.22, 0.9821, 0.1307, -0.1355, 0.0027
15:55:15, 9.53, 286, 344.00, 14.90, 358.25, 0.9821, 0.1305, -0.1360, 0.0031
15:55:15, 9.53, 286, 343.96, 14.89, 358.32, 0.9820, 0.1303, -0.1365, 0.0037
15:55:15, 9.57, 287, 343.91, 14.92, 358.38, 0.9819, 0.1305, -0.1370, 0.0043
15:55:15, 9.57, 287, 343.86, 14.96, 358.44, 0.9818, 0.1308, -0.1374, 0.0049
15:55:15, 9.60, 288, 343.82, 15.00, 358.49, 0.9817, 0.1311, -0.1378, 0.0055
15:55:15, 9.60, 288, 343.78, 15.07, 358.53, 0.9816, 0.1316, -0.1382, 0.0059
15:55:15, 9.60, 288, 343.74, 15.12, 358.55, 0.9815, 0.1320, -0.1385, 0.0062
15:55:15, 9.63, 289, 343.69, 15.19, 358.55, 0.9814, 0.1326, -0.1390, 0.0063
15:55:15, 9.63, 289, 343.67, 15.30, 358.55, 0.9812, 0.1336, -0.1391, 0.0065
15:55:15, 9.67, 290, 343.61, 15.39, 358.54, 0.9810, 0.1343, -0.1395, 0.0065
15:55:15, 9.67, 290, 343.59, 15.48, 358.54, 0.9809, 0.1351, -0.1398, 0.0068
15:55:15, 9.67, 290, 343.55, 15.55, 358.52, 0.9808, 0.1357, -0.1400, 0.0067
15:55:15, 9.70, 291, 343.53, 15.60, 358.48, 0.9807, 0.1361, -0.1401, 0.0065
15:55:15, 9.70, 291, 343.49, 15.60, 358.46, 0.9806, 0.1362, -0.1405, 0.0063
15:55:15, 9.73, 292, 343.48, 15.63, 358.46, 0.9806, 0.1365, -0.1405, 0.0063
15:55:15, 9.73, 292, 343.47, 15.67, 358.45, 0.9805, 0.1368, -0.1406, 0.0063
15:55:15, 9.77, 293, 343.48, 15.69, 358.44, 0.9805, 0.1370, -0.1405, 0.0063
15:55:15, 9.77, 293, 343.47, 15.74, 358.39, 0.9805, 0.1375, -0.1405, 0.0059
15:55:15, 9.77, 293, 343.50, 15.75, 358.40, 0.9805, 0.1376, -0.1403, 0.0060
15:55:15, 9.80, 294, 343.53, 15.78, 358.36, 0.9805, 0.1379, -0.1399, 0.0056
15:55:15, 9.80, 294, 343.57, 15.82, 358.34, 0.9805, 0.1383, -0.1395, 0.0054
15:55:15, 9.83, 295, 343.60, 15.85, 358.33, 0.9805, 0.1385, -0.1393, 0.0054
15:55:15, 9.83, 295, 343.65, 15.86, 358.32, 0.9806, 0.1386, -0.1388, 0.0053
15:55:15, 9.87, 296, 343.69, 15.88, 358.31, 0.9806, 0.1388, -0.1384, 0.0051
15:55:15, 9.87, 296, 343.74, 15.91, 358.29, 0.9806, 0.1391, -0.1380, 0.0050
15:55:15, 9.87, 296, 343.76, 15.94, 358.27, 0.9806, 0.1393, -0.1378, 0.0048
15:55:15, 9.90, 297, 343.80, 15.98, 358.29, 0.9806, 0.1397, -0.1375, 0.0049
15:55:15, 9.90, 297, 343.81, 15.97, 358.27, 0.9806, 0.1396, -0.1374, 0.0047
15:55:15, 9.93, 298, 343.83, 15.96, 358.26, 0.9807, 0.1395, -0.1372, 0.0046
15:55:15, 9.93, 298, 343.85, 15.97, 358.26, 0.9807, 0.1397, -0.1370, 0.0046
15:55:15, 9.93, 298, 343.85, 15.99, 358.22, 0.9807, 0.1398, -0.1369, 0.0043
15:55:15, 9.97, 299, 343.89, 16.00, 358.16, 0.9807, 0.1401, -0.1365, 0.0037
15:55:15, 9.97, 299, 343.89, 16.04, 358.09, 0.9806, 0.1405, -0.1364, 0.0032
