Timestamp, VideoTime, VideoFrame, HeadYaw, HeadPitch, HeadRoll, HeadQuatW, HeadQuatX, HeadQuatY, HeadQuatZ
16:00:43, 0.00, 0, 315.58, 3.07, 357.23, 0.9254, 0.0339, -0.3772, -0.0123
16:00:43, 0.03, 1, 315.52, 3.08, 357.23, 0.9253, 0.0340, -0.3776, -0.0122
16:00:43, 0.03, 1, 315.48, 3.07, 357.24, 0.9251, 0.0340, -0.3780, -0.0122
16:00:43, 0.03, 1, 315.41, 3.02, 357.23, 0.9249, 0.0336, -0.3786, -0.0124
16:00:43, 0.07, 2, 315.33, 2.97, 357.20, 0.9246, 0.0333, -0.3792, -0.0128
16:00:43, 0.07, 2, 315.25, 2.97, 357.15, 0.9244, 0.0334, -0.3798, -0.0131
16:00:43, 0.10, 3, 315.16, 2.95, 357.09, 0.9241, 0.0335, -0.3805, -0.0137
16:00:43, 0.10, 3, 315.10, 2.94, 357.06, 0.9239, 0.0335, -0.3810, -0.0139
16:00:43, 0.10, 3, 315.03, 2.89, 357.00, 0.9236, 0.0333, -0.3815, -0.0145
16:00:43, 0.13, 4, 314.94, 2.87, 357.01, 0.9233, 0.0331, -0.3823, -0.0145
16:00:43, 0.13, 4, 314.86, 2.83, 356.99, 0.9231, 0.0329, -0.3830, -0.0148
16:00:43, 0.17, 5, 314.80, 2.79, 357.00, 0.9229, 0.0325, -0.3835, -0.0148
16:00:43, 0.17, 5, 314.72, 2.78, 357.01, 0.9226, 0.0324, -0.3841, -0.0147
16:00:43, 0.20, 6, 314.66, 2.81, 357.02, 0.9224, 0.0326, -0.3846, -0.0146
16:00:43, 0.20, 6, 314.62, 2.82, 356.99, 0.9222, 0.0328, -0.3849, -0.0147
16:00:43, 0.20, 6, 314.60, 2.82, 357.01, 0.9222, 0.0327, -0.3851, -0.0146
16:00:43, 0.23, 7, 314.57, 2.82, 357.01, 0.9221, 0.0328, -0.3853, -0.0145
16:00:43, 0.23, 7, 314.54, 2.85, 357.04, 0.9220, 0.0329, -0.3855, -0.0142
16:00:43, 0.27, 8, 314.55, 2.89, 357.07, 0.9220, 0.0331, -0.3855, -0.0138
16:00:43, 0.27, 8, 314.55, 2.89, 357.11, 0.9220, 0.0330, -0.3855, -0.0135
16:00:43, 0.27, 8, 314.56, 2.93, 357.14, 0.9220, 0.0333, -0.3854, -0.0131
16:00:43, 0.30, 9, 314.56, 2.92, 357.19, 0.9221, 0.0330, -0.3854, -0.0128
16:00:43, 0.30, 9, 314.56, 2.93, 357.19, 0.9221, 0.0330, -0.3854, -0.0127
16:00:43, 0.33, 10, 314.52, 2.90, 357.20, 0.9219, 0.0328, -0.3858, -0.0127
16:00:43, 0.33, 10, 314.49, 2.92, 357.21, 0.9218, 0.0329, -0.3860, -0.0126
16:00:43, 0.33, 10, 314.49, 2.93, 357.20, 0.9218, 0.0330, -0.3860, -0.0126
16:00:43, 0.37, 11, 314.49, 2.94, 357.21, 0.9218, 0.0331, -0.3860, -0.0126
16:00:43, 0.37, 11, 314.49, 2.95, 357.17, 0.9218, 0.0332, -0.3860, -0.0128
16:00:43, 0.40, 12, 314.51, 2.96, 357.13, 0.9219, 0.0335, -0.3858, -0.0131
16:00:43, 0.40, 12, 314.52, 2.96, 357.07, 0.9219, 0.0337, -0.3857, -0.0136
16:00:43, 0.43, 13, 314.52, 2.97, 357.05, 0.9219, 0.0338, -0.3857, -0.0137
16:00:43, 0.43, 13, 314.53, 2.97, 356.99, 0.9219, 0.0340, -0.3856, -0.0142
16:00:43, 0.43, 13, 314.52, 2.97, 356.95, 0.9219, 0.0342, -0.3856, -0.0146
16:00:43, 0.47, 14, 314.50, 2.94, 356.90, 0.9218, 0.0341, -0.3858, -0.0150
16:00:43, 0.47, 14, 314.50, 2.95, 356.89, 0.9218, 0.0342, -0.3858, -0.0151
16:00:43, 0.50, 15, 314.47, 2.94, 356.89, 0.9217, 0.0341, -0.3861, -0.0151
16:00:43, 0.50, 15, 314.45, 2.95, 356.85, 0.9217, 0.0344, -0.3862, -0.0154
16:00:43, 0.50, 15, 314.40, 2.95, 356.87, 0.9215, 0.0343, -0.3866, -0.0152
16:00:43, 0.53, 16, 314.34, 2.96, 356.91, 0.9213, 0.0342, -0.3871, -0.0148
16:00:43, 0.53, 16, 314.28, 2.96, 356.94, 0.9211, 0.0342, -0.3875, -0.0146
16:00:43, 0.57, 17, 314.23, 2.89, 356.91, 0.9209, 0.0337, -0.3880, -0.0150
16:00:43, 0.57, 17, 314.19, 2.86, 356.87, 0.9208, 0.0336, -0.3883, -0.0155
16:00:43, 0.60, 18, 314.17, 2.83, 356.84, 0.9207, 0.0335, -0.3884, -0.0158
16:00:43, 0.60, 18, 314.15, 2.83, 356.80, 0.9206, 0.0336, -0.3886, -0.0161
16:00:44, 0.60, 18, 314.11, 2.83, 356.76, 0.9205, 0.0338, -0.3889, -0.0164
16:00:44, 0.63, 19, 314.04, 2.86, 356.77, 0.9203, 0.0339, -0.3895, -0.0162
16:00:44, 0.63, 19, 313.97, 2.91, 356.76, 0.9200, 0.0344, -0.3900, -0.0161
16:00:44, 0.67, 20, 313.92, 2.95, 356.75, 0.9198, 0.0348, -0.3904, -0.0160
16:00:44, 0.67, 20, 313.85, 3.00, 356.74, 0.9196, 0.0352, -0.3909, -0.0159
16:00:44, 0.67, 20, 313.77, 3.04, 356.74, 0.9193, 0.0355, -0.3916, -0.0157
16:00:44, 0.70, 21, 313.69, 3.04, 356.77, 0.9191, 0.0354, -0.3922, -0.0155
16:00:44, 0.70, 21, 313.61, 3.04, 356.80, 0.9188, 0.0354, -0.3929, -0.0153
16:00:44, 0.73, 22, 313.55, 3.06, 356.79, 0.9186, 0.0356, -0.3934, -0.0152
16:00:44, 0.73, 22, 313.46, 3.01, 356.81, 0.9183, 0.0351, -0.3941, -0.0152
16:00:44, 0.77, 23, 313.41, 2.96, 356.83, 0.9181, 0.0346, -0.3945, -0.0152
16:00:44, 0.77, 23, 313.34, 2.89, 356.84, 0.9179, 0.0341, -0.3951, -0.0154
16:00:44, 0.77, 23, 313.27, 2.83, 356.81, 0.9176, 0.0337, -0.3957, -0.0158
16:00:44, 0.80, 24, 313.25, 2.82, 356.80, 0.9176, 0.0337, -0.3959, -0.0159
16:00:44, 0.80, 24, 313.17, 2.86, 356.73, 0.9173, 0.0342, -0.3964, -0.0163
16:00:44, 0.83, 25, 313.11, 2.90, 356.68, 0.9171, 0.0348, -0.3969, -0.0165
16:00:44, 0.83, 25, 313.00, 3.09, 356.71, 0.9167, 0.0362, -0.3977, -0.0156
16:00:44, 0.87, 26, 312.89, 3.30, 356.73, 0.9163, 0.0378, -0.3985, -0.0146
16:00:44, 0.87, 26, 312.79, 3.65, 356.75, 0.9159, 0.0405, -0.3992, -0.0132
16:00:44, 0.87, 26, 312.68, 4.21, 356.73, 0.9154, 0.0451, -0.3999, -0.0114
16:00:44, 0.90, 27, 312.53, 4.85, 356.81, 0.9147, 0.0499, -0.4010, -0.0084
16:00:44, 0.90, 27, 312.34, 5.32, 356.90, 0.9139, 0.0534, -0.4023, -0.0060
16:00:44, 0.93, 28, 312.13, 5.72, 356.95, 0.9131, 0.0564, -0.4038, -0.0041
16:00:44, 0.93, 28, 311.89, 5.94, 356.99, 0.9122, 0.0580, -0.4057, -0.0028
16:00:44, 0.93, 28, 311.67, 6.05, 356.97, 0.9114, 0.0590, -0.4074, -0.0025
16:00:44, 0.97, 29, 311.50, 6.21, 356.96, 0.9107, 0.0603, -0.4087, -0.0019
16:00:44, 0.97, 29, 311.37, 6.35, 356.91, 0.9102, 0.0615, -0.4096, -0.0017
16:00:44, 1.00, 30, 311.20, 6.45, 356.87, 0.9095, 0.0625, -0.4109, -0.0016
16:00:44, 1.00, 30, 311.06, 6.62, 356.85, 0.9090, 0.0639, -0.4119, -0.0011
16:00:44, 1.03, 31, 310.91, 6.77, 356.83, 0.9084, 0.0652, -0.4131, -0.0006
16:00:44, 1.03, 31, 310.74, 6.92, 356.74, 0.9077, 0.0667, -0.4142, -0.0007
16:00:44, 1.03, 31, 310.61, 6.90, 356.60, 0.9073, 0.0671, -0.4152, -0.0018
16:00:44, 1.07, 32, 310.47, 6.97, 356.55, 0.9067, 0.0677, -0.4162, -0.0019
16:00:44, 1.07, 32, 310.35, 6.98, 356.52, 0.9063, 0.0680, -0.4172, -0.0019
16:00:44, 1.10, 33, 310.22, 7.05, 356.53, 0.9058, 0.0684, -0.4182, -0.0016
16:00:44, 1.10, 33, 310.08, 7.20, 356.49, 0.9052, 0.0698, -0.4192, -0.0013
16:00:44, 1.10, 33, 309.94, 7.38, 356.43, 0.9046, 0.0715, -0.4202, -0.0009
16:00:44, 1.13, 34, 309.78, 7.62, 356.37, 0.9039, 0.0735, -0.4213, -0.0004
16:00:44, 1.13, 34, 309.65, 7.90, 356.30, 0.9033, 0.0760, -0.4222, 0.0001
16:00:44, 1.17, 35, 309.48, 8.27, 356.17, 0.9025, 0.0794, -0.4232, 0.0006
16:00:44, 1.17, 35, 309.32, 8.72, 355.98, 0.9018, 0.0836, -0.4241, 0.0009
16:00:44, 1.17, 35, 309.17, 9.15, 355.80, 0.9010, 0.0877, -0.4249, 0.0012
16:00:44, 1.20, 36, 308.99, 9.56, 355.60, 0.9001, 0.0916, -0.4259, 0.0014
16:00:44, 1.20, 36, 308.82, 10.01, 355.34, 0.8993, 0.0961, -0.4267, 0.0011
16:00:44, 1.23, 37, 308.65, 10.40, 355.13, 0.8984, 0.0999, -0.4276, 0.0011
16:00:44, 1.23, 37, 308.56, 10.72, 354.97, 0.8979, 0.1030, -0.4280, 0.0011
16:00:44, 1.27, 38, 308.49, 11.06, 354.85, 0.8974, 0.1061, -0.4282, 0.0016
16:00:44, 1.27, 38, 308.42, 11.32, 354.70, 0.8971, 0.1087, -0.4284, 0.0014
16:00:44, 1.27, 38, 308.32, 11.63, 354.58, 0.8965, 0.1116, -0.4288, 0.0017
16:00:44, 1.30, 39, 308.19, 11.72, 354.48, 0.8959, 0.1127, -0.4297, 0.0014
16:00:44, 1.30, 39, 308.03, 11.96, 354.43, 0.8952, 0.1147, -0.4307, 0.0022
16:00:44, 1.33, 40, 307.89, 12.20, 354.44, 0.8945, 0.1166, -0.4316, 0.0033
16:00:44, 1.33, 40, 307.74, 12.45, 354.39, 0.8938, 0.1187, -0.4325, 0.0040
16:00:44, 1.37, 41, 307.61, 12.67, 354.31, 0.8931, 0.1206, -0.4333, 0.0044
16:00:44, 1.37, 41, 307.46, 12.83, 354.29, 0.8925, 0.1219, -0.4343, 0.0050
16:00:44, 1.37, 41, 307.30, 12.98, 354.40, 0.8918, 0.1227, -0.4355, 0.0066
16:00:44, 1.40, 42, 307.14, 13.15, 354.47, 0.8910, 0.1237, -0.4367, 0.0080
16:00:44, 1.40, 42, 307.02, 13.30, 354.46, 0.8905, 0.1250, -0.4375, 0.0087
16:00:44, 1.43, 43, 307.03, 13.25, 354.44, 0.8905, 0.1246, -0.4374, 0.0082
16:00:44, 1.43, 43, 307.13, 13.02, 354.54, 0.8911, 0.1225, -0.4370, 0.0080
16:00:44, 1.43, 43, 307.31, 12.54, 354.76, 0.8921, 0.1179, -0.4362, 0.0077
16:00:44, 1.47, 44, 307.49, 11.95, 355.01, 0.8931, 0.1124, -0.4355, 0.0072
16:00:44, 1.47, 44, 307.60, 11.55, 355.22, 0.8938, 0.1086, -0.4351, 0.0071
16:00:44, 1.50, 45, 307.75, 11.24, 355.34, 0.8945, 0.1056, -0.4343, 0.0067
16:00:44, 1.50, 45, 307.83, 11.10, 355.48, 0.8949, 0.1040, -0.4339, 0.0072
16:00:44, 1.53, 46, 307.80, 10.98, 355.66, 0.8949, 0.1024, -0.4343, 0.0082
16:00:44, 1.53, 46, 307.69, 10.93, 355.92, 0.8944, 0.1010, -0.4355, 0.0102
16:00:44, 1.53, 46, 307.45, 10.95, 356.11, 0.8935, 0.1004, -0.4375, 0.0119
16:00:44, 1.57, 47, 307.13, 11.02, 356.22, 0.8922, 0.1006, -0.4401, 0.0133
16:00:44, 1.57, 47, 306.49, 11.32, 356.29, 0.8896, 0.1025, -0.4449, 0.0156
16:00:44, 1.60, 48, 305.70, 11.79, 356.21, 0.8862, 0.1063, -0.4506, 0.0176
16:00:44, 1.60, 48, 304.64, 12.25, 355.71, 0.8817, 0.1117, -0.4580, 0.0165
16:00:45, 1.60, 48, 303.50, 12.58, 354.81, 0.8771, 0.1177, -0.4656, 0.0121
16:00:45, 1.63, 49, 302.38, 12.44, 353.94, 0.8726, 0.1201, -0.4733, 0.0061
16:00:45, 1.63, 49, 301.40, 11.80, 353.61, 0.8689, 0.1166, -0.4810, 0.0019
16:00:45, 1.67, 50, 300.76, 10.68, 353.82, 0.8668, 0.1073, -0.4870, -0.0007
16:00:45, 1.67, 50, 300.62, 9.35, 354.22, 0.8668, 0.0956, -0.4894, -0.0033
16:00:45, 1.67, 50, 300.74, 8.37, 354.47, 0.8677, 0.0871, -0.4894, -0.0058
16:00:45, 1.70, 51, 301.10, 7.73, 354.74, 0.8694, 0.0811, -0.4873, -0.0068
16:00:45, 1.70, 51, 301.51, 7.51, 355.07, 0.8712, 0.0781, -0.4846, -0.0055
16:00:45, 1.73, 52, 301.89, 7.44, 355.43, 0.8729, 0.0760, -0.4820, -0.0033
16:00:45, 1.73, 52, 302.20, 7.42, 355.99, 0.8742, 0.0735, -0.4800, 0.0007
16:00:45, 1.77, 53, 302.47, 7.32, 356.56, 0.8753, 0.0704, -0.4784, 0.0045
16:00:45, 1.77, 53, 302.75, 7.03, 356.95, 0.8766, 0.0665, -0.4766, 0.0060
16:00:45, 1.77, 53, 303.00, 6.63, 357.21, 0.8777, 0.0624, -0.4750, 0.0062
16:00:45, 1.80, 54, 303.23, 6.27, 357.33, 0.8788, 0.0592, -0.4734, 0.0055
16:00:45, 1.80, 54, 303.48, 5.89, 357.46, 0.8800, 0.0557, -0.4718, 0.0048
16:00:45, 1.83, 55, 303.78, 5.48, 357.54, 0.8813, 0.0522, -0.4696, 0.0036
16:00:45, 1.83, 55, 304.10, 5.00, 357.69, 0.8828, 0.0480, -0.4674, 0.0026
16:00:45, 1.83, 55, 304.45, 4.56, 357.79, 0.8843, 0.0442, -0.4648, 0.0015
16:00:45, 1.87, 56, 304.71, 4.20, 357.99, 0.8854, 0.0406, -0.4631, 0.0014
16:00:45, 1.87, 56, 304.93, 3.83, 358.22, 0.8864, 0.0368, -0.4615, 0.0017
16:00:45, 1.90, 57, 305.08, 3.57, 358.51, 0.8870, 0.0336, -0.4605, 0.0028
16:00:45, 1.90, 57, 305.12, 3.30, 358.72, 0.8872, 0.0307, -0.4603, 0.0034
16:00:45, 1.93, 58, 305.08, 3.15, 358.94, 0.8871, 0.0286, -0.4607, 0.0045
16:00:45, 1.93, 58, 304.87, 3.02, 358.95, 0.8863, 0.0276, -0.4624, 0.0040
16:00:45, 1.93, 58, 304.50, 3.05, 358.82, 0.8848, 0.0283, -0.4652, 0.0032
16:00:45, 1.97, 59, 304.06, 3.10, 358.64, 0.8829, 0.0295, -0.4685, 0.0023
16:00:45, 1.97, 59, 303.59, 3.18, 358.52, 0.8810, 0.0305, -0.4721, 0.0018
16:00:45, 2.00, 60, 303.17, 3.27, 358.45, 0.8792, 0.0315, -0.4753, 0.0017
16:00:45, 2.00, 60, 302.74, 3.37, 358.29, 0.8775, 0.0329, -0.4785, 0.0010
16:00:45, 2.00, 60, 302.53, 3.43, 358.10, 0.8766, 0.0343, -0.4800, -0.0002
16:00:45, 2.03, 61, 302.37, 3.59, 357.88, 0.8759, 0.0363, -0.4811, -0.0011
16:00:45, 2.03, 61, 302.39, 3.69, 357.62, 0.8759, 0.0382, -0.4809, -0.0027
16:00:45, 2.07, 62, 302.53, 3.82, 357.50, 0.8765, 0.0397, -0.4798, -0.0031
16:00:45, 2.07, 62, 302.89, 3.87, 357.45, 0.8780, 0.0403, -0.4769, -0.0034
16:00:45, 2.10, 63, 303.33, 3.92, 357.39, 0.8798, 0.0409, -0.4735, -0.0038
16:00:45, 2.10, 63, 303.89, 4.00, 357.22, 0.8821, 0.0422, -0.4691, -0.0050
16:00:45, 2.10, 63, 304.37, 4.09, 356.92, 0.8840, 0.0441, -0.4653, -0.0071
16:00:45, 2.13, 64, 304.85, 4.23, 356.64, 0.8859, 0.0463, -0.4614, -0.0089
16:00:45, 2.13, 64, 305.25, 4.27, 356.51, 0.8875, 0.0470, -0.4583, -0.0099
16:00:45, 2.17, 65, 305.59, 4.15, 356.34, 0.8889, 0.0468, -0.4556, -0.0118
16:00:45, 2.17, 65, 305.81, 4.11, 356.14, 0.8897, 0.0472, -0.4538, -0.0136
16:00:45, 2.17, 65, 305.93, 3.87, 355.82, 0.8902, 0.0466, -0.4529, -0.0171
16:00:45, 2.20, 66, 305.84, 3.64, 355.47, 0.8898, 0.0462, -0.4535, -0.0208
16:00:45, 2.20, 66, 305.66, 3.51, 355.16, 0.8890, 0.0465, -0.4549, -0.0236
16:00:45, 2.23, 67, 305.44, 3.50, 354.86, 0.8881, 0.0477, -0.4565, -0.0259
16:00:45, 2.23, 67, 305.19, 3.51, 354.67, 0.8871, 0.0486, -0.4583, -0.0272
16:00:45, 2.27, 68, 304.93, 3.46, 354.47, 0.8860, 0.0490, -0.4602, -0.0288
16:00:45, 2.27, 68, 304.60, 3.41, 354.25, 0.8846, 0.0496, -0.4627, -0.0305
16:00:45, 2.27, 68, 304.18, 3.40, 354.08, 0.8828, 0.0503, -0.4659, -0.0317
16:00:45, 2.30, 69, 303.59, 3.48, 353.95, 0.8804, 0.0517, -0.4703, -0.0322
16:00:45, 2.30, 69, 302.95, 3.60, 353.73, 0.8777, 0.0536, -0.4751, -0.0331
16:00:45, 2.33, 70, 302.20, 3.68, 353.51, 0.8745, 0.0554, -0.4807, -0.0340
16:00:45, 2.33, 70, 301.41, 3.69, 353.23, 0.8711, 0.0569, -0.4866, -0.0357
16:00:45, 2.33, 70, 300.62, 3.70, 352.97, 0.8676, 0.0584, -0.4924, -0.0373
16:00:45, 2.37, 71, 299.82, 3.57, 352.67, 0.8641, 0.0589, -0.4984, -0.0397
16:00:45, 2.37, 71, 299.02, 3.50, 352.47, 0.8605, 0.0596, -0.5043, -0.0411
16:00:45, 2.40, 72, 298.33, 3.34, 352.33, 0.8574, 0.0593, -0.5095, -0.0425
16:00:45, 2.40, 72, 297.70, 3.13, 352.32, 0.8545, 0.0580, -0.5143, -0.0432
16:00:45, 2.43, 73, 297.23, 3.01, 352.32, 0.8524, 0.0572, -0.5179, -0.0436
16:00:45, 2.43, 73, 296.84, 2.94, 352.34, 0.8506, 0.0568, -0.5209, -0.0435
16:00:45, 2.43, 73, 296.58, 2.94, 352.46, 0.8495, 0.0563, -0.5229, -0.0424
16:00:45, 2.47, 74, 296.40, 3.03, 352.59, 0.8487, 0.0564, -0.5242, -0.0410
16:00:45, 2.47, 74, 296.22, 3.18, 352.70, 0.8480, 0.0571, -0.5255, -0.0394
16:00:45, 2.50, 75, 296.07, 3.36, 352.84, 0.8473, 0.0578, -0.5266, -0.0375
16:00:45, 2.50, 75, 295.91, 3.50, 353.01, 0.8466, 0.0582, -0.5278, -0.0355
16:00:45, 2.53, 76, 295.81, 3.59, 353.13, 0.8462, 0.0583, -0.5285, -0.0341
16:00:45, 2.53, 76, 295.64, 3.60, 353.21, 0.8455, 0.0580, -0.5298, -0.0334
16:00:45, 2.53, 76, 295.50, 3.43, 353.22, 0.8448, 0.0568, -0.5310, -0.0340
16:00:45, 2.57, 77, 295.28, 3.15, 353.20, 0.8438, 0.0549, -0.5327, -0.0354
16:00:45, 2.57, 77, 295.00, 2.78, 353.13, 0.8424, 0.0526, -0.5350, -0.0375
16:00:45, 2.60, 78, 294.67, 2.31, 353.08, 0.8408, 0.0495, -0.5376, -0.0399
16:00:45, 2.60, 78, 294.33, 1.86, 353.09, 0.8391, 0.0463, -0.5403, -0.0419
16:00:46, 2.60, 78, 293.91, 1.38, 353.06, 0.8370, 0.0431, -0.5437, -0.0442
16:00:46, 2.63, 79, 293.51, 0.95, 353.11, 0.8351, 0.0399, -0.5468, -0.0458
16:00:46, 2.63, 79, 293.14, 0.58, 353.21, 0.8333, 0.0368, -0.5497, -0.0466
16:00:46, 2.67, 80, 292.78, 0.14, 353.36, 0.8315, 0.0331, -0.5525, -0.0475
16:00:46, 2.67, 80, 292.51, 359.69, 353.49, 0.8301, 0.0293, -0.5547, -0.0487
16:00:46, 2.70, 81, 292.23, 359.19, 353.70, 0.8286, 0.0248, -0.5570, -0.0495
16:00:46, 2.70, 81, 291.94, 358.77, 353.90, 0.8272, 0.0209, -0.5593, -0.0501
16:00:46, 2.70, 81, 291.75, 358.42, 354.11, 0.8262, 0.0174, -0.5608, -0.0502
16:00:46, 2.73, 82, 291.53, 358.21, 354.28, 0.8252, 0.0152, -0.5625, -0.0500
16:00:46, 2.73, 82, 291.36, 358.03, 354.53, 0.8244, 0.0127, -0.5638, -0.0490
16:00:46, 2.77, 83, 291.38, 357.80, 354.93, 0.8245, 0.0091, -0.5637, -0.0473
16:00:46, 2.77, 83, 291.48, 357.54, 355.49, 0.8252, 0.0044, -0.5631, -0.0446
16:00:46, 2.77, 83, 291.76, 357.29, 356.12, 0.8267, -0.0006, -0.5611, -0.0413
16:00:46, 2.80, 84, 292.14, 357.16, 356.70, 0.8287, -0.0045, -0.5584, -0.0377
16:00:46, 2.80, 84, 292.40, 357.16, 357.04, 0.8301, -0.0062, -0.5565, -0.0353
16:00:46, 2.83, 85, 292.64, 357.27, 357.27, 0.8314, -0.0066, -0.5547, -0.0330
16:00:46, 2.83, 85, 292.83, 357.57, 357.42, 0.8324, -0.0052, -0.5533, -0.0305
16:00:46, 2.87, 86, 292.96, 357.82, 357.61, 0.8331, -0.0043, -0.5524, -0.0279
16:00:46, 2.87, 86, 293.08, 357.97, 357.78, 0.8338, -0.0041, -0.5514, -0.0259
16:00:46, 2.87, 86, 293.14, 358.11, 357.93, 0.8341, -0.0039, -0.5510, -0.0241
16:00:46, 2.90, 87, 293.11, 358.05, 358.17, 0.8340, -0.0054, -0.5512, -0.0227
16:00:46, 2.90, 87, 293.03, 357.94, 358.31, 0.8336, -0.0068, -0.5518, -0.0222
16:00:46, 2.93, 88, 292.82, 357.77, 358.40, 0.8326, -0.0085, -0.5533, -0.0224
16:00:46, 2.93, 88, 292.59, 357.57, 358.46, 0.8315, -0.0102, -0.5550, -0.0229
16:00:46, 2.93, 88, 292.32, 357.36, 358.55, 0.8301, -0.0120, -0.5569, -0.0233
16:00:46, 2.97, 89, 292.13, 357.09, 358.68, 0.8292, -0.0146, -0.5583, -0.0237
16:00:46, 2.97, 89, 291.93, 356.74, 358.84, 0.8282, -0.0180, -0.5597, -0.0243
16:00:46, 3.00, 90, 291.78, 356.35, 359.05, 0.8273, -0.0217, -0.5607, -0.0247
16:00:46, 3.00, 90, 291.65, 355.97, 359.28, 0.8267, -0.0256, -0.5616, -0.0250
16:00:46, 3.03, 91, 291.61, 355.68, 359.40, 0.8264, -0.0282, -0.5618, -0.0255
16:00:46, 3.03, 91, 291.62, 355.30, 359.48, 0.8264, -0.0314, -0.5616, -0.0268
16:00:46, 3.03, 91, 291.79, 354.87, 359.52, 0.8271, -0.0347, -0.5603, -0.0285
16:00:46, 3.07, 92, 291.91, 354.51, 359.43, 0.8275, -0.0369, -0.5594, -0.0310
16:00:46, 3.07, 92, 291.99, 354.10, 359.40, 0.8277, -0.0398, -0.5588, -0.0331
16:00:46, 3.10, 93, 292.05, 353.78, 359.39, 0.8279, -0.0420, -0.5582, -0.0348
16:00:46, 3.10, 93, 292.01, 353.42, 359.38, 0.8275, -0.0446, -0.5584, -0.0366
16:00:46, 3.10, 93, 291.97, 353.02, 359.36, 0.8272, -0.0473, -0.5586, -0.0386
16:00:46, 3.13, 94, 291.91, 352.57, 359.46, 0.8267, -0.0510, -0.5589, -0.0402
16:00:46, 3.13, 94, 291.86, 352.31, 359.49, 0.8263, -0.0531, -0.5592, -0.0413
16:00:46, 3.17, 95, 291.73, 352.09, 359.57, 0.8256, -0.0550, -0.5600, -0.0418
16:00:46, 3.17, 95, 291.54, 352.03, 359.64, 0.8247, -0.0556, -0.5613, -0.0417
16:00:46, 3.20, 96, 291.34, 351.97, 359.68, 0.8237, -0.0562, -0.5628, -0.0417
16:00:46, 3.20, 96, 291.13, 351.97, 359.74, 0.8227, -0.0565, -0.5642, -0.0414
16:00:46, 3.20, 96, 290.92, 351.98, 359.82, 0.8216, -0.0567, -0.5657, -0.0409
16:00:46, 3.23, 97, 290.69, 352.03, 359.89, 0.8206, -0.0567, -0.5673, -0.0403
16:00:46, 3.23, 97, 290.47, 352.17, 359.94, 0.8196, -0.0558, -0.5689, -0.0393
16:00:46, 3.27, 98, 290.27, 352.30, 359.95, 0.8186, -0.0548, -0.5704, -0.0387
16:00:46, 3.27, 98, 290.04, 352.47, 359.98, 0.8176, -0.0537, -0.5721, -0.0378
16:00:46, 3.27, 98, 289.85, 352.48, 0.05, 0.8166, -0.0539, -0.5734, -0.0373
16:00:46, 3.30, 99, 289.59, 352.40, 0.20, 0.8154, -0.0552, -0.5751, -0.0368
16:00:46, 3.30, 99, 289.23, 352.18, 0.34, 0.8135, -0.0573, -0.5776, -0.0371
16:00:46, 3.33, 100, 288.87, 351.87, 0.38, 0.8115, -0.0596, -0.5800, -0.0386
16:00:46, 3.33, 100, 288.50, 351.61, 0.36, 0.8095, -0.0612, -0.5825, -0.0402
16:00:46, 3.37, 101, 288.11, 351.32, 0.43, 0.8074, -0.0634, -0.5851, -0.0414
16:00:46, 3.37, 101, 287.67, 351.02, 0.47, 0.8050, -0.0656, -0.5880, -0.0429
16:00:46, 3.37, 101, 287.28, 350.83, 0.60, 0.8029, -0.0675, -0.5906, -0.0432
16:00:46, 3.40, 102, 286.93, 350.61, 0.71, 0.8011, -0.0694, -0.5929, -0.0438
16:00:46, 3.40, 102, 286.52, 350.43, 0.80, 0.7989, -0.0710, -0.5956, -0.0443
16:00:46, 3.43, 103, 286.18, 350.11, 1.04, 0.7970, -0.0743, -0.5977, -0.0445
16:00:46, 3.43, 103, 285.83, 349.86, 1.26, 0.7952, -0.0771, -0.5998, -0.0445
16:00:46, 3.43, 103, 285.57, 349.55, 1.44, 0.7937, -0.0801, -0.6013, -0.0451
16:00:46, 3.47, 104, 285.30, 349.21, 1.60, 0.7922, -0.0832, -0.6029, -0.0460
16:00:46, 3.47, 104, 285.06, 348.77, 1.85, 0.7907, -0.0874, -0.6041, -0.0468
16:00:46, 3.50, 105, 284.85, 348.22, 2.07, 0.7894, -0.0922, -0.6050, -0.0483
16:00:46, 3.50, 105, 284.72, 347.63, 2.31, 0.7884, -0.0975, -0.6053, -0.0499
16:00:46, 3.53, 106, 284.71, 347.03, 2.64, 0.7881, -0.1034, -0.6046, -0.0509
16:00:46, 3.53, 106, 284.72, 346.36, 2.94, 0.7879, -0.1095, -0.6037, -0.0523
16:00:46, 3.53, 106, 284.72, 345.70, 3.18, 0.7875, -0.1153, -0.6030, -0.0542
16:00:46, 3.57, 107, 284.58, 345.11, 3.39, 0.7865, -0.1204, -0.6032, -0.0560
16:00:46, 3.57, 107, 284.41, 344.57, 3.57, 0.7852, -0.1250, -0.6037, -0.0579
16:00:46, 3.60, 108, 284.16, 344.02, 3.74, 0.7836, -0.1295, -0.6047, -0.0599
16:00:46, 3.60, 108, 283.86, 343.58, 3.94, 0.7817, -0.1333, -0.6061, -0.0613
16:00:47, 3.60, 108, 283.62, 343.19, 4.13, 0.7803, -0.1368, -0.6071, -0.0623
16:00:47, 3.63, 109, 283.35, 342.71, 4.35, 0.7786, -0.1411, -0.6082, -0.0637
16:00:47, 3.63, 109, 283.17, 342.22, 4.54, 0.7773, -0.1453, -0.6086, -0.0653
16:00:47, 3.67, 110, 282.90, 341.72, 4.66, 0.7755, -0.1491, -0.6097, -0.0676
16:00:47, 3.67, 110, 282.73, 341.26, 4.76, 0.7743, -0.1526, -0.6102, -0.0696
16:00:47, 3.70, 111, 282.53, 340.78, 4.96, 0.7729, -0.1568, -0.6107, -0.0711
16:00:47, 3.70, 111, 282.38, 340.25, 5.17, 0.7718, -0.1614, -0.6108, -0.0727
16:00:47, 3.70, 111, 282.37, 339.78, 5.41, 0.7714, -0.1657, -0.6099, -0.0737
16:00:47, 3.73, 112, 282.39, 339.22, 5.53, 0.7711, -0.1701, -0.6089, -0.0759
16:00:47, 3.73, 112, 282.49, 338.55, 5.57, 0.7709, -0.1749, -0.6073, -0.0791
16:00:47, 3.77, 113, 282.59, 337.85, 5.78, 0.7709, -0.1807, -0.6053, -0.0813
16:00:47, 3.77, 113, 282.73, 337.00, 6.00, 0.7709, -0.1875, -0.6028, -0.0843
16:00:47, 3.77, 113, 282.82, 336.15, 6.27, 0.7707, -0.1946, -0.6005, -0.0869
16:00:47, 3.80, 114, 282.92, 335.42, 6.48, 0.7705, -0.2006, -0.5984, -0.0892
16:00:47, 3.80, 114, 283.09, 334.83, 6.60, 0.7708, -0.2053, -0.5961, -0.0913
16:00:47, 3.83, 115, 283.30, 334.24, 6.52, 0.7711, -0.2089, -0.5939, -0.0946
16:00:47, 3.83, 115, 283.45, 333.85, 6.50, 0.7714, -0.2115, -0.5924, -0.0965
16:00:47, 3.87, 116, 283.63, 333.55, 6.43, 0.7719, -0.2133, -0.5908, -0.0983
16:00:47, 3.87, 116, 283.70, 333.28, 6.34, 0.7719, -0.2147, -0.5900, -0.1002
16:00:47, 3.87, 116, 283.83, 333.10, 6.24, 0.7722, -0.2154, -0.5891, -0.1016
16:00:47, 3.90, 117, 283.92, 332.90, 6.17, 0.7723, -0.2165, -0.5883, -0.1030
16:00:47, 3.90, 117, 284.02, 332.66, 6.15, 0.7725, -0.2181, -0.5872, -0.1041
16:00:47, 3.93, 118, 284.21, 332.36, 6.13, 0.7730, -0.2201, -0.5855, -0.1056
16:00:47, 3.93, 118, 284.36, 332.07, 6.03, 0.7733, -0.2217, -0.5842, -0.1075
16:00:47, 3.93, 118, 284.56, 331.77, 5.93, 0.7738, -0.2234, -0.5825, -0.1093
16:00:47, 3.97, 119, 284.77, 331.46, 5.81, 0.7743, -0.2250, -0.5808, -0.1113
16:00:47, 3.97, 119, 285.02, 331.06, 5.72, 0.7749, -0.2275, -0.5787, -0.1136
16:00:47, 4.00, 120, 285.35, 330.61, 5.77, 0.7760, -0.2310, -0.5756, -0.1149
16:00:47, 4.00, 120, 285.79, 330.06, 5.76, 0.7773, -0.2351, -0.5717, -0.1169
16:00:47, 4.00, 120, 286.30, 329.65, 5.65, 0.7791, -0.2378, -0.5678, -0.1187
16:00:47, 4.03, 121, 286.77, 329.41, 5.44, 0.7808, -0.2388, -0.5646, -0.1204
16:00:47, 4.03, 121, 287.19, 329.17, 5.23, 0.7823, -0.2398, -0.5618, -0.1222
16:00:47, 4.07, 122, 287.47, 328.95, 5.14, 0.7832, -0.2412, -0.5597, -0.1233
16:00:47, 4.07, 122, 287.76, 328.67, 5.13, 0.7842, -0.2433, -0.5572, -0.1242
16:00:47, 4.10, 123, 288.12, 328.37, 5.06, 0.7853, -0.2454, -0.5545, -0.1255
16:00:47, 4.10, 123, 288.47, 328.03, 4.91, 0.7862, -0.2473, -0.5518, -0.1274
16:00:47, 4.10, 123, 288.83, 327.67, 4.82, 0.7872, -0.2497, -0.5489, -0.1291
16:00:47, 4.13, 124, 289.25, 327.40, 4.59, 0.7885, -0.2509, -0.5460, -0.1310
16:00:47, 4.13, 124, 289.78, 327.03, 4.41, 0.7901, -0.2532, -0.5422, -0.1329
16:00:47, 4.17, 125, 290.59, 326.60, 4.18, 0.7929, -0.2560, -0.5363, -0.1347
16:00:47, 4.17, 125, 291.93, 325.97, 3.91, 0.7976, -0.2606, -0.5266, -0.1366
16:00:47, 4.20, 126, 293.78, 324.93, 3.64, 0.8035, -0.2688, -0.5126, -0.1391
16:00:47, 4.20, 126, 296.18, 323.66, 3.33, 0.8110, -0.2792, -0.4943, -0.1413
16:00:47, 4.20, 126, 298.82, 322.33, 2.93, 0.8187, -0.2901, -0.4744, -0.1434
16:00:47, 4.23, 127, 301.57, 321.05, 2.30, 0.8259, -0.3002, -0.4543, -0.1462
16:00:47, 4.23, 127, 304.10, 319.87, 1.61, 0.8319, -0.3092, -0.4360, -0.1491
16:00:47, 4.27, 128, 306.41, 318.70, 1.03, 0.8367, -0.3186, -0.4190, -0.1514
16:00:47, 4.27, 128, 308.47, 317.70, 0.62, 0.8408, -0.3271, -0.4036, -0.1523
16:00:47, 4.27, 128, 310.03, 316.70, 0.26, 0.8428, -0.3353, -0.3918, -0.1539
16:00:47, 4.30, 129, 311.19, 315.77, 359.97, 0.8436, -0.3427, -0.3829, -0.1558
16:00:47, 4.30, 129, 311.93, 315.10, 359.73, 0.8437, -0.3479, -0.3772, -0.1575
16:00:47, 4.33, 130, 312.47, 314.42, 359.84, 0.8435, -0.3540, -0.3720, -0.1573
16:00:47, 4.33, 130, 313.20, 313.89, 359.90, 0.8443, -0.3591, -0.3657, -0.1563
16:00:47, 4.33, 130, 313.83, 313.41, 359.96, 0.8449, -0.3637, -0.3602, -0.1554
16:00:47, 4.37, 131, 314.55, 312.95, 359.98, 0.8457, -0.3681, -0.3543, -0.1544
16:00:47, 4.37, 131, 315.30, 312.49, 359.89, 0.8464, -0.3722, -0.3485, -0.1540
16:00:47, 4.40, 132, 315.91, 312.19, 0.02, 0.8474, -0.3757, -0.3431, -0.1520
16:00:47, 4.40, 132, 316.61, 311.79, 0.25, 0.8485, -0.3802, -0.3366, -0.1491
16:00:47, 4.43, 133, 317.35, 311.54, 0.58, 0.8502, -0.3840, -0.3297, -0.1450
16:00:47, 4.43, 133, 318.23, 311.30, 0.86, 0.8523, -0.3877, -0.3219, -0.1406
16:00:47, 4.43, 133, 319.27, 310.98, 1.00, 0.8543, -0.3917, -0.3132, -0.1369
16:00:47, 4.47, 134, 320.42, 310.73, 1.06, 0.8566, -0.3950, -0.3041, -0.1332
16:00:47, 4.47, 134, 321.55, 310.47, 1.05, 0.8586, -0.3983, -0.2953, -0.1300
16:00:47, 4.50, 135, 322.73, 310.32, 1.15, 0.8612, -0.4009, -0.2860, -0.1256
16:00:47, 4.50, 135, 323.93, 310.20, 1.20, 0.8638, -0.4033, -0.2766, -0.1213
16:00:47, 4.50, 135, 325.15, 309.82, 1.25, 0.8654, -0.4075, -0.2668, -0.1176
16:00:47, 4.53, 136, 326.54, 309.34, 1.10, 0.8667, -0.4122, -0.2563, -0.1149
16:00:47, 4.53, 136, 328.16, 308.85, 0.76, 0.8682, -0.4167, -0.2447, -0.1127
16:00:47, 4.57, 137, 329.76, 308.50, 0.48, 0.8700, -0.4204, -0.2332, -0.1097
16:00:47, 4.57, 137, 331.47, 308.27, 0.13, 0.8722, -0.4231, -0.2213, -0.1065
16:00:47, 4.60, 138, 333.25, 308.04, 359.63, 0.8742, -0.4255, -0.2093, -0.1041
16:00:47, 4.60, 138, 335.08, 307.63, 359.01, 0.8754, -0.4292, -0.1973, -0.1028
16:00:48, 4.60, 138, 337.07, 307.24, 358.19, 0.8765, -0.4326, -0.1849, -0.1022
16:00:48, 4.63, 139, 338.96, 306.90, 357.47, 0.8775, -0.4358, -0.1730, -0.1010
16:00:48, 4.63, 139, 340.85, 306.59, 356.77, 0.8784, -0.4388, -0.1610, -0.0996
16:00:48, 4.67, 140, 342.89, 306.38, 355.92, 0.8796, -0.4410, -0.1485, -0.0985
16:00:48, 4.67, 140, 344.90, 305.96, 355.14, 0.8798, -0.4450, -0.1361, -0.0971
16:00:48, 4.67, 140, 347.10, 305.56, 354.07, 0.8798, -0.4487, -0.1233, -0.0970
16:00:48, 4.70, 141, 349.32, 305.09, 352.91, 0.8792, -0.4530, -0.1108, -0.0974
16:00:48, 4.70, 141, 351.47, 304.70, 351.90, 0.8787, -0.4570, -0.0984, -0.0968
16:00:48, 4.73, 142, 353.35, 304.25, 351.27, 0.8778, -0.4615, -0.0866, -0.0942
16:00:48, 4.73, 142, 354.86, 303.77, 351.05, 0.8768, -0.4662, -0.0762, -0.0898
16:00:48, 4.77, 143, 356.30, 303.34, 350.74, 0.8757, -0.4705, -0.0666, -0.0863
16:00:48, 4.77, 143, 357.93, 302.95, 350.09, 0.8744, -0.4743, -0.0570, -0.0844
16:00:48, 4.77, 143, 359.86, 302.53, 349.16, 0.8729, -0.4785, -0.0464, -0.0834
16:00:48, 4.80, 144, 1.65, 302.24, 348.30, 0.8717, -0.4817, -0.0367, -0.0823
16:00:48, 4.80, 144, 3.07, 301.92, 347.74, 0.8704, -0.4850, -0.0286, -0.0804
16:00:48, 4.83, 145, 4.22, 301.72, 347.30, 0.8695, -0.4872, -0.0218, -0.0787
16:00:48, 4.83, 145, 4.78, 301.49, 347.23, 0.8685, -0.4893, -0.0181, -0.0767
16:00:48, 4.87, 146, 5.71, 301.40, 346.90, 0.8681, -0.4905, -0.0126, -0.0751
16:00:48, 4.87, 146, 6.09, 301.23, 346.99, 0.8675, -0.4920, -0.0095, -0.0727
16:00:48, 4.87, 146, 6.24, 301.25, 347.18, 0.8677, -0.4920, -0.0076, -0.0706
16:00:48, 4.90, 147, 6.44, 301.31, 347.35, 0.8680, -0.4917, -0.0053, -0.0685
16:00:48, 4.90, 147, 6.63, 301.39, 347.35, 0.8684, -0.4913, -0.0037, -0.0678
16:00:48, 4.93, 148, 6.51, 301.54, 347.57, 0.8691, -0.4900, -0.0035, -0.0668
16:00:48, 4.93, 148, 6.31, 301.65, 347.81, 0.8697, -0.4891, -0.0039, -0.0659
16:00:48, 4.93, 148, 5.93, 301.77, 348.17, 0.8704, -0.4880, -0.0051, -0.0649
16:00:48, 4.97, 149, 5.53, 301.99, 348.51, 0.8715, -0.4861, -0.0065, -0.0642
16:00:48, 4.97, 149, 5.12, 302.23, 348.86, 0.8727, -0.4841, -0.0079, -0.0635
16:00:48, 5.00, 150, 4.70, 302.56, 349.15, 0.8742, -0.4813, -0.0096, -0.0633
16:00:48, 5.00, 150, 4.33, 302.88, 349.40, 0.8756, -0.4788, -0.0111, -0.0631
16:00:48, 5.03, 151, 4.03, 303.29, 349.57, 0.8774, -0.4755, -0.0123, -0.0633
16:00:48, 5.03, 151, 3.72, 303.64, 349.82, 0.8789, -0.4726, -0.0134, -0.0629
16:00:48, 5.03, 151, 3.51, 303.99, 350.05, 0.8804, -0.4699, -0.0137, -0.0622
16:00:48, 5.07, 152, 3.26, 304.32, 350.25, 0.8818, -0.4672, -0.0146, -0.0619
16:00:48, 5.07, 152, 3.20, 304.64, 350.33, 0.8832, -0.4647, -0.0145, -0.0617
16:00:48, 5.10, 153, 3.27, 305.06, 350.29, 0.8848, -0.4616, -0.0138, -0.0620
16:00:48, 5.10, 153, 3.37, 305.58, 350.18, 0.8868, -0.4576, -0.0130, -0.0627
16:00:48, 5.10, 153, 3.50, 306.13, 350.12, 0.8890, -0.4534, -0.0118, -0.0629
16:00:48, 5.13, 154, 3.91, 306.78, 349.80, 0.8914, -0.4486, -0.0094, -0.0642
16:00:48, 5.13, 154, 4.26, 307.43, 349.52, 0.8938, -0.4437, -0.0072, -0.0654
16:00:48, 5.17, 155, 4.62, 308.13, 349.33, 0.8963, -0.4385, -0.0045, -0.0660
16:00:48, 5.17, 155, 5.00, 308.75, 349.19, 0.8986, -0.4338, -0.0016, -0.0661
16:00:48, 5.20, 156, 5.34, 309.49, 349.14, 0.9012, -0.4283, 0.0016, -0.0657
16:00:48, 5.20, 156, 5.60, 310.16, 349.13, 0.9037, -0.4232, 0.0042, -0.0653
16:00:48, 5.20, 156, 5.98, 310.77, 349.08, 0.9058, -0.4186, 0.0076, -0.0647
16:00:48, 5.23, 157, 6.26, 311.40, 349.13, 0.9081, -0.4138, 0.0106, -0.0638
16:00:48, 5.23, 157, 6.59, 311.99, 349.17, 0.9101, -0.4093, 0.0139, -0.0628
16:00:48, 5.27, 158, 6.92, 312.47, 349.25, 0.9118, -0.4056, 0.0173, -0.0614
16:00:48, 5.27, 158, 7.22, 312.89, 349.35, 0.9133, -0.4024, 0.0204, -0.0599
16:00:48, 5.27, 158, 7.48, 313.32, 349.50, 0.9147, -0.3992, 0.0235, -0.0581
16:00:48, 5.30, 159, 7.79, 313.69, 349.53, 0.9159, -0.3964, 0.0264, -0.0571
16:00:48, 5.30, 159, 8.07, 314.03, 349.63, 0.9170, -0.3938, 0.0293, -0.0556
16:00:48, 5.33, 160, 8.35, 314.35, 349.63, 0.9180, -0.3914, 0.0319, -0.0549
16:00:48, 5.33, 160, 8.62, 314.65, 349.67, 0.9190, -0.3891, 0.0344, -0.0540
16:00:48, 5.37, 161, 8.90, 314.87, 349.67, 0.9196, -0.3875, 0.0369, -0.0532
16:00:48, 5.37, 161, 9.23, 315.07, 349.60, 0.9201, -0.3861, 0.0396, -0.0528
16:00:48, 5.37, 161, 9.48, 315.23, 349.59, 0.9205, -0.3849, 0.0416, -0.0523
16:00:48, 5.40, 162, 9.70, 315.42, 349.56, 0.9210, -0.3835, 0.0436, -0.0519
16:00:48, 5.40, 162, 9.86, 315.55, 349.58, 0.9214, -0.3825, 0.0450, -0.0514
16:00:48, 5.43, 163, 10.02, 315.64, 349.55, 0.9216, -0.3818, 0.0463, -0.0511
16:00:48, 5.43, 163, 10.17, 315.71, 349.56, 0.9218, -0.3814, 0.0476, -0.0507
16:00:48, 5.43, 163, 10.26, 315.71, 349.56, 0.9218, -0.3814, 0.0483, -0.0504
16:00:48, 5.47, 164, 10.35, 315.76, 349.55, 0.9219, -0.3811, 0.0491, -0.0502
16:00:48, 5.47, 164, 10.43, 315.73, 349.50, 0.9217, -0.3814, 0.0495, -0.0503
16:00:48, 5.50, 165, 10.44, 315.70, 349.49, 0.9216, -0.3816, 0.0495, -0.0503
16:00:48, 5.50, 165, 10.46, 315.51, 349.47, 0.9210, -0.3832, 0.0494, -0.0502
16:00:48, 5.53, 166, 10.39, 315.23, 349.53, 0.9202, -0.3853, 0.0488, -0.0497
16:00:48, 5.53, 166, 10.29, 314.92, 349.62, 0.9192, -0.3877, 0.0480, -0.0490
16:00:48, 5.53, 166, 10.16, 314.56, 349.67, 0.9181, -0.3905, 0.0467, -0.0487
16:00:48, 5.57, 167, 9.99, 314.09, 349.69, 0.9167, -0.3941, 0.0450, -0.0486
16:00:48, 5.57, 167, 9.82, 313.62, 349.77, 0.9152, -0.3978, 0.0434, -0.0480
16:00:48, 5.60, 168, 9.74, 313.13, 349.86, 0.9136, -0.4016, 0.0426, -0.0471
16:00:48, 5.60, 168, 9.59, 312.56, 350.10, 0.9118, -0.4059, 0.0416, -0.0453
16:00:49, 5.60, 168, 9.50, 312.02, 350.28, 0.9101, -0.4101, 0.0411, -0.0436
16:00:49, 5.63, 169, 9.62, 311.44, 350.29, 0.9080, -0.4148, 0.0415, -0.0425
16:00:49, 5.63, 169, 9.87, 311.02, 350.31, 0.9064, -0.4182, 0.0431, -0.0411
16:00:49, 5.67, 170, 10.18, 310.64, 350.25, 0.9050, -0.4212, 0.0450, -0.0400
16:00:49, 5.67, 170, 10.62, 310.30, 350.20, 0.9035, -0.4241, 0.0480, -0.0384
16:00:49, 5.70, 171, 11.12, 310.12, 350.04, 0.9026, -0.4257, 0.0511, -0.0376
16:00:49, 5.70, 171, 11.48, 309.90, 349.93, 0.9016, -0.4276, 0.0533, -0.0369
16:00:49, 5.70, 171, 11.83, 309.69, 349.72, 0.9006, -0.4295, 0.0550, -0.0370
16:00:49, 5.73, 172, 12.23, 309.44, 349.41, 0.8995, -0.4317, 0.0567, -0.0377
16:00:49, 5.73, 172, 12.55, 309.12, 349.13, 0.8980, -0.4344, 0.0578, -0.0383
16:00:49, 5.77, 173, 12.83, 308.87, 348.90, 0.8969, -0.4366, 0.0588, -0.0387
16:00:49, 5.77, 173, 13.07, 308.69, 348.61, 0.8960, -0.4382, 0.0594, -0.0399
16:00:49, 5.77, 173, 13.17, 308.49, 348.41, 0.8952, -0.4399, 0.0591, -0.0408
16:00:49, 5.80, 174, 13.23, 308.30, 348.24, 0.8944, -0.4415, 0.0588, -0.0416
16:00:49, 5.80, 174, 13.20, 308.16, 348.18, 0.8939, -0.4426, 0.0581, -0.0420
16:00:49, 5.83, 175, 13.19, 307.97, 348.11, 0.8932, -0.4440, 0.0575, -0.0424
16:00:49, 5.83, 175, 13.06, 307.87, 348.20, 0.8929, -0.4447, 0.0567, -0.0420
16:00:49, 5.87, 176, 12.95, 307.79, 348.26, 0.8927, -0.4453, 0.0560, -0.0419
16:00:49, 5.87, 176, 12.81, 307.77, 348.35, 0.8927, -0.4454, 0.0553, -0.0417
16:00:49, 5.87, 176, 12.66, 307.79, 348.44, 0.8929, -0.4451, 0.0545, -0.0416
16:00:49, 5.90, 177, 12.53, 307.88, 348.54, 0.8933, -0.4443, 0.0539, -0.0415
16:00:49, 5.90, 177, 12.33, 307.99, 348.68, 0.8939, -0.4433, 0.0531, -0.0413
16:00:49, 5.93, 178, 12.09, 308.17, 348.83, 0.8947, -0.4418, 0.0519, -0.0413
16:00:49, 5.93, 178, 11.77, 308.39, 349.06, 0.8957, -0.4398, 0.0506, -0.0409
16:00:49, 5.93, 178, 11.40, 308.65, 349.30, 0.8969, -0.4376, 0.0489, -0.0408
16:00:49, 5.97, 179, 10.96, 309.00, 349.56, 0.8985, -0.4346, 0.0469, -0.0408
16:00:49, 5.97, 179, 10.37, 309.48, 349.90, 0.9006, -0.4306, 0.0440, -0.0409
16:00:49, 6.00, 180, 9.77, 309.99, 350.20, 0.9027, -0.4262, 0.0409, -0.0412
16:00:49, 6.00, 180, 9.15, 310.55, 350.48, 0.9051, -0.4215, 0.0376, -0.0419
16:00:49, 6.03, 181, 8.47, 311.07, 350.83, 0.9073, -0.4170, 0.0340, -0.0421
16:00:49, 6.03, 181, 7.80, 311.57, 351.21, 0.9094, -0.4127, 0.0305, -0.0419
16:00:49, 6.03, 181, 7.08, 312.04, 351.65, 0.9113, -0.4087, 0.0267, -0.0413
16:00:49, 6.07, 182, 6.31, 312.59, 352.14, 0.9136, -0.4039, 0.0227, -0.0406
16:00:49, 6.07, 182, 5.51, 312.96, 352.72, 0.9152, -0.4006, 0.0186, -0.0390
16:00:49, 6.10, 183, 4.56, 313.21, 353.32, 0.9164, -0.3982, 0.0133, -0.0377
16:00:49, 6.10, 183, 3.62, 313.43, 353.86, 0.9174, -0.3961, 0.0079, -0.0367
16:00:49, 6.10, 183, 2.67, 313.60, 354.36, 0.9182, -0.3944, 0.0020, -0.0361
16:00:49, 6.13, 184, 1.51, 313.89, 355.03, 0.9194, -0.3918, -0.0049, -0.0347
16:00:49, 6.13, 184, 0.17, 314.11, 355.77, 0.9203, -0.3897, -0.0131, -0.0334
16:00:49, 6.17, 185, 358.68, 314.19, 356.42, 0.9205, -0.3887, -0.0227, -0.0332
16:00:49, 6.17, 185, 357.16, 314.24, 357.04, 0.9205, -0.3880, -0.0329, -0.0334
16:00:49, 6.20, 186, 355.70, 314.24, 357.45, 0.9201, -0.3876, -0.0432, -0.0351
16:00:49, 6.20, 186, 354.32, 314.26, 357.68, 0.9197, -0.3871, -0.0535, -0.0379
16:00:49, 6.20, 186, 353.02, 314.33, 357.89, 0.9193, -0.3862, -0.0632, -0.0406
16:00:49, 6.23, 187, 351.88, 314.43, 358.08, 0.9191, -0.3851, -0.0718, -0.0429
16:00:49, 6.23, 187, 350.87, 314.53, 358.27, 0.9188, -0.3841, -0.0792, -0.0446
16:00:49, 6.27, 188, 349.76, 314.56, 358.57, 0.9182, -0.3836, -0.0871, -0.0459
16:00:49, 6.27, 188, 348.74, 314.65, 358.78, 0.9178, -0.3827, -0.0946, -0.0476
16:00:49, 6.27, 188, 347.66, 314.66, 359.17, 0.9171, -0.3825, -0.1019, -0.0480
16:00:49, 6.30, 189, 346.74, 314.71, 359.50, 0.9165, -0.3820, -0.1082, -0.0485
16:00:49, 6.30, 189, 345.95, 314.68, 359.76, 0.9158, -0.3821, -0.1137, -0.0491
16:00:49, 6.33, 190, 345.24, 314.74, 0.09, 0.9154, -0.3817, -0.1183, -0.0487
16:00:49, 6.33, 190, 344.66, 314.91, 0.31, 0.9154, -0.3803, -0.1222, -0.0487
16:00:49, 6.37, 191, 344.02, 315.10, 0.68, 0.9155, -0.3789, -0.1263, -0.0476
16:00:49, 6.37, 191, 343.51, 315.21, 0.95, 0.9155, -0.3781, -0.1295, -0.0470
16:00:49, 6.37, 191, 343.12, 315.32, 1.13, 0.9154, -0.3773, -0.1320, -0.0467
16:00:49, 6.40, 192, 342.89, 315.45, 1.26, 0.9156, -0.3764, -0.1335, -0.0463
16:00:49, 6.40, 192, 342.75, 315.57, 1.33, 0.9159, -0.3754, -0.1345, -0.0461
16:00:49, 6.43, 193, 342.73, 315.74, 1.40, 0.9165, -0.3741, -0.1345, -0.0454
16:00:49, 6.43, 193, 342.70, 316.00, 1.43, 0.9173, -0.3720, -0.1348, -0.0449
16:00:49, 6.43, 193, 342.77, 316.33, 1.43, 0.9184, -0.3695, -0.1344, -0.0443
16:00:49, 6.47, 194, 342.91, 316.64, 1.36, 0.9195, -0.3669, -0.1337, -0.0439
16:00:49, 6.47, 194, 343.15, 316.91, 1.20, 0.9206, -0.3647, -0.1325, -0.0442
16:00:49, 6.50, 195, 343.51, 317.22, 0.86, 0.9219, -0.3619, -0.1308, -0.0453
16:00:49, 6.50, 195, 344.03, 317.58, 0.32, 0.9234, -0.3586, -0.1285, -0.0477
16:00:49, 6.53, 196, 344.58, 318.05, 359.72, 0.9252, -0.3544, -0.1261, -0.0503
16:00:49, 6.53, 196, 345.27, 318.56, 358.93, 0.9272, -0.3497, -0.1232, -0.0540
16:00:49, 6.53, 196, 345.83, 319.19, 358.26, 0.9293, -0.3442, -0.1208, -0.0571
16:00:49, 6.57, 197, 346.33, 320.00, 357.62, 0.9320, -0.3372, -0.1188, -0.0601
16:00:49, 6.57, 197, 346.75, 320.80, 357.12, 0.9345, -0.3304, -0.1171, -0.0623
16:00:49, 6.60, 198, 347.16, 321.72, 356.51, 0.9373, -0.3224, -0.1155, -0.0652
16:00:49, 6.60, 198, 347.66, 322.72, 355.93, 0.9402, -0.3140, -0.1131, -0.0678
16:00:50, 6.60, 198, 348.06, 323.80, 355.38, 0.9433, -0.3048, -0.1112, -0.0704
16:00:50, 6.63, 199, 348.52, 324.94, 354.83, 0.9465, -0.2951, -0.1088, -0.0729
16:00:50, 6.63, 199, 348.91, 326.21, 354.31, 0.9498, -0.2843, -0.1067, -0.0753
16:00:50, 6.67, 200, 349.30, 327.54, 353.89, 0.9532, -0.2731, -0.1042, -0.0769
16:00:50, 6.67, 200, 349.64, 328.91, 353.63, 0.9567, -0.2616, -0.1016, -0.0775
16:00:50, 6.67, 200, 349.95, 330.29, 353.46, 0.9600, -0.2501, -0.0991, -0.0773
16:00:50, 6.70, 201, 350.22, 331.66, 353.47, 0.9633, -0.2388, -0.0964, -0.0758
16:00:50, 6.70, 201, 350.60, 332.98, 353.42, 0.9664, -0.2278, -0.0929, -0.0748
16:00:50, 6.73, 202, 350.88, 334.25, 353.47, 0.9692, -0.2174, -0.0901, -0.0731
16:00:50, 6.73, 202, 351.30, 335.52, 353.51, 0.9720, -0.2069, -0.0859, -0.0712
16:00:50, 6.77, 203, 351.66, 336.74, 353.61, 0.9745, -0.1968, -0.0823, -0.0691
16:00:50, 6.77, 203, 352.05, 337.91, 353.72, 0.9769, -0.1871, -0.0784, -0.0669
16:00:50, 6.77, 203, 352.44, 339.07, 353.89, 0.9792, -0.1775, -0.0744, -0.0643
16:00:50, 6.80, 204, 352.82, 340.15, 354.03, 0.9812, -0.1686, -0.0705, -0.0620
16:00:50, 6.80, 204, 353.21, 341.22, 354.20, 0.9831, -0.1597, -0.0666, -0.0595
16:00:50, 6.83, 205, 353.64, 342.34, 354.22, 0.9849, -0.1503, -0.0625, -0.0583
16:00:50, 6.83, 205, 354.08, 343.36, 354.24, 0.9865, -0.1418, -0.0583, -0.0571
16:00:50, 6.87, 206, 354.57, 344.40, 354.16, 0.9880, -0.1330, -0.0538, -0.0569
16:00:50, 6.87, 206, 355.08, 345.29, 353.96, 0.9892, -0.1255, -0.0492, -0.0577
16:00:50, 6.87, 206, 355.55, 346.09, 353.93, 0.9903, -0.1188, -0.0449, -0.0572
16:00:50, 6.90, 207, 355.98, 346.72, 353.90, 0.9911, -0.1135, -0.0410, -0.0569
16:00:50, 6.90, 207, 356.37, 347.35, 353.97, 0.9919, -0.1083, -0.0372, -0.0557
16:00:50, 6.93, 208, 356.86, 347.87, 353.98, 0.9925, -0.1040, -0.0327, -0.0551
16:00:50, 6.93, 208, 357.30, 348.46, 353.90, 0.9931, -0.0991, -0.0287, -0.0553
16:00:50, 6.93, 208, 357.74, 349.19, 353.88, 0.9938, -0.0930, -0.0247, -0.0550
16:00:50, 6.97, 209, 358.26, 349.99, 353.85, 0.9946, -0.0863, -0.0198, -0.0548
16:00:50, 6.97, 209, 358.63, 350.82, 353.78, 0.9952, -0.0792, -0.0162, -0.0550
16:00:50, 7.00, 210, 359.12, 351.66, 353.74, 0.9958, -0.0722, -0.0116, -0.0550
16:00:50, 7.00, 210, 359.55, 352.46, 353.72, 0.9963, -0.0655, -0.0075, -0.0549
16:00:50, 7.03, 211, 359.99, 353.26, 353.74, 0.9968, -0.0587, -0.0033, -0.0545
16:00:50, 7.03, 211, 0.41, 354.04, 353.65, 0.9971, -0.0521, 0.0007, -0.0552
16:00:50, 7.03, 211, 0.83, 354.96, 353.60, 0.9975, -0.0443, 0.0047, -0.0555
16:00:50, 7.07, 212, 1.21, 356.03, 353.48, 0.9977, -0.0352, 0.0085, -0.0564
16:00:50, 7.07, 212, 1.53, 357.12, 353.52, 0.9980, -0.0258, 0.0119, -0.0562
16:00:50, 7.10, 213, 1.77, 358.19, 353.71, 0.9983, -0.0166, 0.0145, -0.0546
16:00:50, 7.10, 213, 1.98, 359.19, 354.01, 0.9985, -0.0080, 0.0169, -0.0521
16:00:50, 7.10, 213, 2.08, 0.22, 354.30, 0.9986, 0.0010, 0.0182, -0.0497
16:00:50, 7.13, 214, 2.19, 1.22, 354.47, 0.9986, 0.0097, 0.0196, -0.0484
16:00:50, 7.13, 214, 2.30, 2.20, 354.51, 0.9985, 0.0182, 0.0209, -0.0482
16:00:50, 7.17, 215, 2.37, 3.09, 354.66, 0.9983, 0.0260, 0.0219, -0.0471
16:00:50, 7.17, 215, 2.54, 3.91, 354.85, 0.9981, 0.0331, 0.0236, -0.0457
16:00:50, 7.20, 216, 2.68, 4.60, 355.01, 0.9979, 0.0390, 0.0251, -0.0445
16:00:50, 7.20, 216, 2.90, 5.23, 355.16, 0.9977, 0.0445, 0.0272, -0.0433
16:00:50, 7.20, 216, 3.04, 5.71, 355.23, 0.9975, 0.0486, 0.0285, -0.0428
16:00:50, 7.23, 217, 3.21, 6.39, 355.31, 0.9972, 0.0545, 0.0302, -0.0424
16:00:50, 7.23, 217, 3.34, 7.13, 355.42, 0.9968, 0.0609, 0.0315, -0.0416
16:00:50, 7.27, 218, 3.50, 7.85, 355.62, 0.9964, 0.0672, 0.0331, -0.0402
16:00:50, 7.27, 218, 3.71, 8.66, 355.83, 0.9959, 0.0743, 0.0350, -0.0387
16:00:50, 7.27, 218, 3.96, 9.40, 356.02, 0.9953, 0.0807, 0.0373, -0.0375
16:00:50, 7.30, 219, 4.31, 10.16, 356.17, 0.9947, 0.0872, 0.0404, -0.0366
16:00:50, 7.30, 219, 4.62, 10.89, 356.43, 0.9941, 0.0935, 0.0431, -0.0348
16:00:50, 7.33, 220, 4.95, 11.56, 356.62, 0.9934, 0.0993, 0.0459, -0.0336
16:00:50, 7.33, 220, 5.27, 12.15, 356.81, 0.9928, 0.1044, 0.0486, -0.0325
16:00:50, 7.37, 221, 5.59, 12.70, 357.03, 0.9922, 0.1092, 0.0513, -0.0311
16:00:50, 7.37, 221, 5.86, 13.23, 357.24, 0.9916, 0.1138, 0.0535, -0.0298
16:00:50, 7.37, 221, 6.09, 13.84, 357.44, 0.9909, 0.1191, 0.0554, -0.0286
16:00:50, 7.40, 222, 6.33, 14.31, 357.56, 0.9903, 0.1232, 0.0574, -0.0279
16:00:50, 7.40, 222, 6.49, 14.77, 357.84, 0.9898, 0.1273, 0.0586, -0.0260
16:00:50, 7.43, 223, 6.66, 15.10, 358.02, 0.9894, 0.1302, 0.0598, -0.0247
16:00:50, 7.43, 223, 6.82, 15.39, 358.21, 0.9890, 0.1328, 0.0610, -0.0234
16:00:50, 7.43, 223, 6.90, 15.71, 358.33, 0.9886, 0.1355, 0.0616, -0.0226
16:00:50, 7.47, 224, 6.94, 16.03, 358.37, 0.9882, 0.1383, 0.0619, -0.0225
16:00:50, 7.47, 224, 6.99, 16.42, 358.50, 0.9877, 0.1417, 0.0622, -0.0217
16:00:50, 7.50, 225, 7.04, 16.65, 358.61, 0.9874, 0.1438, 0.0625, -0.0209
16:00:50, 7.50, 225, 7.06, 16.86, 358.64, 0.9871, 0.1456, 0.0626, -0.0207
16:00:50, 7.53, 226, 7.04, 17.02, 358.61, 0.9869, 0.1470, 0.0625, -0.0211
16:00:50, 7.53, 226, 7.02, 17.21, 358.66, 0.9867, 0.1486, 0.0623, -0.0207
16:00:50, 7.53, 226, 7.00, 17.37, 358.69, 0.9865, 0.1500, 0.0621, -0.0205
16:00:50, 7.57, 227, 6.96, 17.44, 358.73, 0.9864, 0.1507, 0.0617, -0.0202
16:00:50, 7.57, 227, 6.83, 17.51, 358.75, 0.9864, 0.1513, 0.0605, -0.0198
16:00:50, 7.60, 228, 6.70, 17.41, 358.70, 0.9866, 0.1504, 0.0594, -0.0201
16:00:50, 7.60, 228, 6.56, 17.33, 358.67, 0.9868, 0.1498, 0.0583, -0.0201
16:00:51, 7.60, 228, 6.42, 17.18, 358.67, 0.9871, 0.1485, 0.0571, -0.0198
16:00:51, 7.63, 229, 6.33, 17.02, 358.80, 0.9873, 0.1472, 0.0561, -0.0185
16:00:51, 7.63, 229, 6.29, 16.92, 358.80, 0.9875, 0.1464, 0.0558, -0.0184
16:00:51, 7.67, 230, 6.26, 16.96, 358.75, 0.9875, 0.1466, 0.0556, -0.0188
16:00:51, 7.67, 230, 6.21, 17.04, 358.75, 0.9874, 0.1473, 0.0552, -0.0188
16:00:51, 7.70, 231, 6.15, 17.14, 358.82, 0.9873, 0.1482, 0.0546, -0.0182
16:00:51, 7.70, 231, 6.17, 17.19, 358.93, 0.9872, 0.1487, 0.0546, -0.0172
16:00:51, 7.70, 231, 6.18, 17.18, 359.02, 0.9872, 0.1487, 0.0546, -0.0165
16:00:51, 7.73, 232, 6.24, 17.23, 359.04, 0.9872, 0.1491, 0.0550, -0.0164
16:00:51, 7.73, 232, 6.26, 17.23, 359.07, 0.9871, 0.1491, 0.0552, -0.0162
16:00:51, 7.77, 233, 6.31, 17.26, 359.09, 0.9871, 0.1494, 0.0556, -0.0161
16:00:51, 7.77, 233, 6.36, 17.30, 359.10, 0.9870, 0.1497, 0.0560, -0.0161
16:00:51, 7.77, 233, 6.38, 17.28, 359.12, 0.9870, 0.1495, 0.0562, -0.0159
16:00:51, 7.80, 234, 6.38, 17.21, 359.00, 0.9871, 0.1489, 0.0563, -0.0169
16:00:51, 7.80, 234, 6.36, 17.16, 358.96, 0.9872, 0.1484, 0.0562, -0.0172
16:00:51, 7.83, 235, 6.36, 17.09, 358.98, 0.9873, 0.1478, 0.0562, -0.0170
16:00:51, 7.83, 235, 6.40, 17.03, 358.96, 0.9873, 0.1473, 0.0565, -0.0173
16:00:51, 7.87, 236, 6.40, 17.04, 358.89, 0.9873, 0.1474, 0.0567, -0.0178
16:00:51, 7.87, 236, 6.34, 17.07, 358.82, 0.9873, 0.1476, 0.0562, -0.0184
16:00:51, 7.87, 236, 6.31, 17.07, 358.74, 0.9873, 0.1476, 0.0561, -0.0190
16:00:51, 7.90, 237, 6.25, 17.05, 358.65, 0.9873, 0.1474, 0.0557, -0.0197
16:00:51, 7.90, 237, 6.19, 17.03, 358.54, 0.9874, 0.1471, 0.0553, -0.0206
16:00:51, 7.93, 238, 6.13, 17.01, 358.47, 0.9874, 0.1470, 0.0548, -0.0211
16:00:51, 7.93, 238, 6.04, 17.01, 358.43, 0.9874, 0.1470, 0.0541, -0.0214
16:00:51, 7.93, 238, 5.94, 17.07, 358.39, 0.9874, 0.1474, 0.0533, -0.0216
16:00:51, 7.97, 239, 5.89, 17.08, 358.30, 0.9874, 0.1476, 0.0530, -0.0223
16:00:51, 7.97, 239, 5.81, 17.14, 358.22, 0.9873, 0.1480, 0.0524, -0.0229
16:00:51, 8.00, 240, 5.74, 17.19, 358.19, 0.9873, 0.1484, 0.0518, -0.0231
16:00:51, 8.00, 240, 5.64, 17.27, 358.17, 0.9872, 0.1492, 0.0510, -0.0232
16:00:51, 8.03, 241, 5.56, 17.42, 358.15, 0.9871, 0.1505, 0.0504, -0.0233
16:00:51, 8.03, 241, 5.46, 17.50, 358.13, 0.9870, 0.1512, 0.0496, -0.0233
16:00:51, 8.03, 241, 5.34, 17.67, 358.09, 0.9868, 0.1526, 0.0486, -0.0236
16:00:51, 8.07, 242, 5.26, 17.78, 358.10, 0.9867, 0.1536, 0.0479, -0.0234
16:00:51, 8.07, 242, 5.19, 17.88, 358.09, 0.9866, 0.1545, 0.0473, -0.0235
16:00:51, 8.10, 243, 5.11, 18.08, 358.05, 0.9863, 0.1562, 0.0467, -0.0238
16:00:51, 8.10, 243, 5.02, 18.37, 358.08, 0.9860, 0.1587, 0.0459, -0.0235
16:00:51, 8.10, 243, 4.95, 18.69, 358.11, 0.9856, 0.1615, 0.0453, -0.0232
16:00:51, 8.13, 244, 4.87, 19.15, 358.12, 0.9849, 0.1655, 0.0446, -0.0232
16:00:51, 8.13, 244, 4.79, 19.73, 358.16, 0.9841, 0.1705, 0.0439, -0.0230
16:00:51, 8.17, 245, 4.69, 20.33, 358.20, 0.9832, 0.1757, 0.0430, -0.0227
16:00:51, 8.17, 245, 4.58, 21.02, 358.25, 0.9822, 0.1817, 0.0421, -0.0223
16:00:51, 8.20, 246, 4.43, 21.78, 358.21, 0.9810, 0.1882, 0.0409, -0.0226
16:00:51, 8.20, 246, 4.31, 22.51, 358.13, 0.9798, 0.1944, 0.0401, -0.0234
16:00:51, 8.20, 246, 4.14, 23.21, 357.93, 0.9786, 0.2003, 0.0390, -0.0249
16:00:51, 8.23, 247, 3.97, 23.70, 357.77, 0.9778, 0.2045, 0.0379, -0.0262
16:00:51, 8.23, 247, 3.81, 24.05, 357.61, 0.9772, 0.2075, 0.0369, -0.0273
16:00:51, 8.27, 248, 3.59, 24.41, 357.45, 0.9765, 0.2105, 0.0354, -0.0284
16:00:51, 8.27, 248, 3.38, 24.70, 357.31, 0.9760, 0.2131, 0.0338, -0.0292
16:00:51, 8.27, 248, 3.15, 24.98, 357.11, 0.9755, 0.2155, 0.0323, -0.0305
16:00:51, 8.30, 249, 2.96, 25.31, 356.94, 0.9749, 0.2182, 0.0310, -0.0317
16:00:51, 8.30, 249, 2.67, 25.63, 356.72, 0.9743, 0.2210, 0.0291, -0.0330
16:00:51, 8.33, 250, 2.44, 25.96, 356.59, 0.9737, 0.2238, 0.0274, -0.0338
16:00:51, 8.33, 250, 2.17, 26.35, 356.52, 0.9729, 0.2272, 0.0254, -0.0339
16:00:51, 8.37, 251, 1.96, 26.65, 356.47, 0.9724, 0.2298, 0.0237, -0.0339
16:00:51, 8.37, 251, 1.76, 26.85, 356.51, 0.9720, 0.2316, 0.0220, -0.0332
16:00:51, 8.37, 251, 1.65, 27.03, 356.45, 0.9716, 0.2332, 0.0212, -0.0335
16:00:51, 8.40, 252, 1.54, 27.30, 356.49, 0.9711, 0.2355, 0.0203, -0.0329
16:00:51, 8.40, 252, 1.54, 27.59, 356.58, 0.9705, 0.2380, 0.0202, -0.0322
16:00:51, 8.43, 253, 1.57, 27.99, 356.68, 0.9697, 0.2413, 0.0203, -0.0314
16:00:51, 8.43, 253, 1.62, 28.38, 356.80, 0.9689, 0.2447, 0.0205, -0.0305
16:00:51, 8.43, 253, 1.67, 28.80, 356.95, 0.9680, 0.2482, 0.0207, -0.0294
16:00:51, 8.47, 254, 1.78, 29.32, 357.11, 0.9669, 0.2526, 0.0214, -0.0283
16:00:51, 8.47, 254, 1.93, 29.77, 357.25, 0.9659, 0.2564, 0.0225, -0.0275
16:00:51, 8.50, 255, 2.10, 30.22, 357.43, 0.9649, 0.2602, 0.0236, -0.0264
16:00:51, 8.50, 255, 2.24, 30.77, 357.61, 0.9637, 0.2648, 0.0243, -0.0252
16:00:51, 8.53, 256, 2.37, 31.19, 357.78, 0.9627, 0.2684, 0.0252, -0.0242
16:00:51, 8.53, 256, 2.42, 31.68, 357.88, 0.9616, 0.2724, 0.0253, -0.0236
16:00:51, 8.53, 256, 2.62, 32.11, 357.98, 0.9605, 0.2760, 0.0268, -0.0233
16:00:51, 8.57, 257, 2.75, 32.60, 358.03, 0.9593, 0.2802, 0.0279, -0.0232
16:00:51, 8.57, 257, 2.87, 33.07, 358.02, 0.9581, 0.2840, 0.0289, -0.0237
16:00:51, 8.60, 258, 2.96, 33.59, 358.07, 0.9568, 0.2884, 0.0296, -0.0236
16:00:51, 8.60, 258, 3.07, 34.10, 358.17, 0.9555, 0.2926, 0.0303, -0.0232
16:00:52, 8.60, 258, 3.15, 34.57, 358.10, 0.9542, 0.2965, 0.0312, -0.0240
16:00:52, 8.63, 259, 3.19, 35.15, 358.11, 0.9527, 0.3013, 0.0315, -0.0241
16:00:52, 8.63, 259, 3.19, 35.62, 358.20, 0.9515, 0.3053, 0.0313, -0.0235
16:00:52, 8.67, 260, 3.07, 36.14, 358.28, 0.9501, 0.3097, 0.0301, -0.0225
16:00:52, 8.67, 260, 2.91, 36.59, 358.27, 0.9489, 0.3134, 0.0288, -0.0223
16:00:52, 8.70, 261, 2.71, 37.12, 358.14, 0.9475, 0.3178, 0.0276, -0.0229
16:00:52, 8.70, 261, 2.47, 37.59, 357.88, 0.9462, 0.3216, 0.0264, -0.0244
16:00:52, 8.70, 261, 2.19, 38.06, 357.77, 0.9449, 0.3256, 0.0244, -0.0246
16:00:52, 8.73, 262, 1.68, 38.42, 357.63, 0.9439, 0.3286, 0.0206, -0.0243
16:00:52, 8.73, 262, 0.90, 38.89, 357.39, 0.9426, 0.3326, 0.0150, -0.0241
16:00:52, 8.77, 263, 359.80, 39.22, 356.84, 0.9417, 0.3355, 0.0076, -0.0254
16:00:52, 8.77, 263, 358.39, 39.48, 356.21, 0.9408, 0.3379, -0.0020, -0.0264
16:00:52, 8.77, 263, 356.60, 39.72, 355.49, 0.9398, 0.3404, -0.0145, -0.0269
16:00:52, 8.80, 264, 354.29, 39.81, 354.53, 0.9388, 0.3419, -0.0306, -0.0279
16:00:52, 8.80, 264, 351.46, 39.71, 353.16, 0.9378, 0.3423, -0.0497, -0.0307
16:00:52, 8.83, 265, 348.32, 39.52, 351.58, 0.9362, 0.3424, -0.0708, -0.0344
16:00:52, 8.83, 265, 345.01, 39.23, 350.08, 0.9342, 0.3422, -0.0936, -0.0372
16:00:52, 8.87, 266, 341.87, 39.14, 348.68, 0.9311, 0.3438, -0.1151, -0.0393
16:00:52, 8.87, 266, 338.77, 39.01, 347.23, 0.9276, 0.3454, -0.1361, -0.0419
16:00:52, 8.87, 266, 335.69, 38.91, 345.71, 0.9233, 0.3478, -0.1565, -0.0450
16:00:52, 8.90, 267, 332.78, 38.80, 344.39, 0.9189, 0.3500, -0.1760, -0.0471
16:00:52, 8.90, 267, 330.01, 38.69, 343.17, 0.9142, 0.3522, -0.1946, -0.0486
16:00:52, 8.93, 268, 327.59, 38.50, 342.07, 0.9098, 0.3538, -0.2109, -0.0504
16:00:52, 8.93, 268, 325.48, 38.35, 341.18, 0.9058, 0.3553, -0.2252, -0.0513
16:00:52, 8.93, 268, 323.62, 38.20, 340.31, 0.9020, 0.3567, -0.2374, -0.0529
16:00:52, 8.97, 269, 321.99, 38.11, 339.65, 0.8984, 0.3582, -0.2484, -0.0532
16:00:52, 8.97, 269, 320.74, 38.00, 339.29, 0.8957, 0.3587, -0.2574, -0.0525
16:00:52, 9.00, 270, 319.66, 37.87, 339.05, 0.8934, 0.3588, -0.2653, -0.0514
16:00:52, 9.00, 270, 318.75, 37.87, 338.98, 0.8913, 0.3594, -0.2722, -0.0491
16:00:52, 9.03, 271, 318.28, 37.89, 339.25, 0.8902, 0.3591, -0.2766, -0.0455
16:00:52, 9.03, 271, 317.72, 38.05, 339.34, 0.8885, 0.3602, -0.2810, -0.0424
16:00:52, 9.03, 271, 317.46, 38.20, 339.61, 0.8877, 0.3608, -0.2834, -0.0391
16:00:52, 9.07, 272, 317.34, 38.43, 340.01, 0.8870, 0.3615, -0.2851, -0.0348
16:00:52, 9.07, 272, 317.24, 38.64, 340.37, 0.8864, 0.3622, -0.2865, -0.0310
16:00:52, 9.10, 273, 317.25, 39.02, 340.72, 0.8858, 0.3641, -0.2866, -0.0270
16:00:52, 9.10, 273, 317.46, 39.44, 341.15, 0.8854, 0.3661, -0.2854, -0.0229
16:00:52, 9.10, 273, 317.79, 40.03, 341.55, 0.8850, 0.3694, -0.2828, -0.0189
16:00:52, 9.13, 274, 318.11, 40.55, 342.02, 0.8847, 0.3720, -0.2807, -0.0146
16:00:52, 9.13, 274, 318.49, 41.06, 342.51, 0.8844, 0.3746, -0.2781, -0.0103
16:00:52, 9.17, 275, 318.93, 41.59, 343.00, 0.8843, 0.3773, -0.2752, -0.0063
16:00:52, 9.17, 275, 319.34, 42.05, 343.45, 0.8841, 0.3796, -0.2725, -0.0026
16:00:52, 9.20, 276, 319.75, 42.51, 343.93, 0.8839, 0.3819, -0.2699, 0.0012
16:00:52, 9.20, 276, 320.18, 42.98, 344.35, 0.8837, 0.3844, -0.2671, 0.0045
16:00:52, 9.20, 276, 320.63, 43.37, 344.72, 0.8837, 0.3864, -0.2640, 0.0070
16:00:52, 9.23, 277, 320.91, 43.76, 344.96, 0.8833, 0.3888, -0.2618, 0.0091
16:00:52, 9.23, 277, 321.28, 44.16, 345.26, 0.8830, 0.3911, -0.2592, 0.0114
16:00:52, 9.27, 278, 321.61, 44.46, 345.55, 0.8829, 0.3928, -0.2569, 0.0134
16:00:52, 9.27, 278, 321.83, 44.74, 345.76, 0.8826, 0.3944, -0.2554, 0.0152
16:00:52, 9.27, 278, 322.10, 45.12, 346.01, 0.8821, 0.3967, -0.2535, 0.0173
16:00:52, 9.30, 279, 322.34, 45.43, 346.28, 0.8817, 0.3985, -0.2520, 0.0195
16:00:52, 9.30, 279, 322.35, 45.72, 346.38, 0.8809, 0.4004, -0.2517, 0.0210
16:00:52, 9.33, 280, 322.35, 46.06, 346.50, 0.8799, 0.4027, -0.2513, 0.0229
16:00:52, 9.33, 280, 322.36, 46.38, 346.69, 0.8789, 0.4046, -0.2513, 0.0253
16:00:52, 9.37, 281, 322.14, 46.69, 346.71, 0.8775, 0.4068, -0.2525, 0.0272
16:00:52, 9.37, 281, 321.90, 47.01, 346.68, 0.8760, 0.4092, -0.2536, 0.0288
16:00:52, 9.37, 281, 321.59, 47.30, 346.50, 0.8745, 0.4116, -0.2547, 0.0294
16:00:52, 9.40, 282, 321.28, 47.55, 346.36, 0.8732, 0.4137, -0.2560, 0.0302
16:00:52, 9.40, 282, 320.95, 47.72, 346.16, 0.8719, 0.4153, -0.2575, 0.0304
16:00:52, 9.43, 283, 320.51, 47.87, 345.88, 0.8706, 0.4169, -0.2595, 0.0303
16:00:52, 9.43, 283, 320.03, 48.04, 345.54, 0.8691, 0.4188, -0.2616, 0.0300
16:00:52, 9.43, 283, 319.60, 48.19, 345.19, 0.8677, 0.4206, -0.2632, 0.0294
16:00:52, 9.47, 284, 319.21, 48.37, 344.89, 0.8664, 0.4224, -0.2646, 0.0291
16:00:52, 9.47, 284, 318.90, 48.52, 344.65, 0.8653, 0.4240, -0.2658, 0.0289
16:00:52, 9.50, 285, 318.63, 48.66, 344.49, 0.8643, 0.4254, -0.2669, 0.0291
16:00:52, 9.50, 285, 318.55, 48.69, 344.53, 0.8640, 0.4254, -0.2676, 0.0298
16:00:52, 9.53, 286, 318.47, 48.69, 344.58, 0.8638, 0.4253, -0.2684, 0.0305
16:00:52, 9.53, 286, 318.56, 48.70, 344.76, 0.8639, 0.4250, -0.2684, 0.0316
16:00:52, 9.53, 286, 318.65, 48.70, 344.91, 0.8641, 0.4246, -0.2683, 0.0324
16:00:52, 9.57, 287, 318.80, 48.76, 345.12, 0.8642, 0.4246, -0.2677, 0.0336
16:00:52, 9.57, 287, 318.96, 48.73, 345.30, 0.8646, 0.4241, -0.2672, 0.0343
16:00:52, 9.60, 288, 319.17, 48.74, 345.53, 0.8650, 0.4236, -0.2665, 0.0353
16:00:52, 9.60, 288, 319.30, 48.73, 345.71, 0.8653, 0.4232, -0.2662, 0.0361
16:00:53, 9.60, 288, 319.42, 48.72, 345.86, 0.8656, 0.4228, -0.2659, 0.0368
16:00:53, 9.63, 289, 319.51, 48.73, 345.95, 0.8657, 0.4227, -0.2655, 0.0372
16:00:53, 9.63, 289, 319.60, 48.76, 346.05, 0.8658, 0.4227, -0.2651, 0.0377
16:00:53, 9.67, 290, 319.66, 48.80, 346.14, 0.8658, 0.4228, -0.2650, 0.0383
16:00:53, 9.67, 290, 319.67, 48.88, 346.20, 0.8655, 0.4233, -0.2649, 0.0389
16:00:53, 9.70, 291, 319.66, 48.93, 346.25, 0.8653, 0.4235, -0.2650, 0.0395
16:00:53, 9.70, 291, 319.60, 49.02, 346.25, 0.8649, 0.4241, -0.2653, 0.0400
16:00:53, 9.70, 291, 319.58, 49.08, 346.25, 0.8647, 0.4246, -0.2654, 0.0403
16:00:53, 9.73, 292, 319.53, 49.12, 346.25, 0.8645, 0.4249, -0.2656, 0.0405
16:00:53, 9.73, 292, 319.45, 49.17, 346.19, 0.8641, 0.4253, -0.2659, 0.0406
16:00:53, 9.77, 293, 319.39, 49.20, 346.19, 0.8639, 0.4256, -0.2663, 0.0409
16:00:53, 9.77, 293, 319.29, 49.26, 346.14, 0.8635, 0.4260, -0.2667, 0.0411
16:00:53, 9.77, 293, 319.23, 49.30, 346.12, 0.8633, 0.4264, -0.2670, 0.0412
16:00:53, 9.80, 294, 319.16, 49.36, 346.07, 0.8629, 0.4269, -0.2673, 0.0414
16:00:53, 9.80, 294, 319.05, 49.41, 346.01, 0.8625, 0.4273, -0.2677, 0.0414
16:00:53, 9.83, 295, 318.95, 49.44, 345.97, 0.8622, 0.4276, -0.2683, 0.0417
16:00:53, 9.83, 295, 318.80, 49.43, 345.91, 0.8619, 0.4276, -0.2692, 0.0417
16:00:53, 9.87, 296, 318.65, 49.42, 345.85, 0.8616, 0.4276, -0.2701, 0.0418
16:00:53, 9.87, 296, 318.48, 49.37, 345.78, 0.8614, 0.4274, -0.2712, 0.0417
16:00:53, 9.87, 296, 318.27, 49.30, 345.66, 0.8612, 0.4271, -0.2725, 0.0414
16:00:53, 9.90, 297, 318.11, 49.15, 345.57, 0.8613, 0.4261, -0.2737, 0.0408
16:00:53, 9.90, 297, 317.95, 48.95, 345.45, 0.8615, 0.4249, -0.2749, 0.0398
16:00:53, 9.93, 298, 317.75, 48.68, 345.28, 0.8619, 0.4234, -0.2764, 0.0384
16:00:53, 9.93, 298, 317.58, 48.40, 345.12, 0.8624, 0.4217, -0.2777, 0.0369
16:00:53, 9.93, 298, 317.32, 48.11, 344.91, 0.8627, 0.4200, -0.2795, 0.0354
16:00:53, 9.97, 299, 317.03, 47.84, 344.72, 0.8628, 0.4184, -0.2816, 0.0340
16:00:53, 9.97, 299, 316.73, 47.55, 344.55, 0.8629, 0.4167, -0.2840, 0.0329
