Timestamp, VideoTime, VideoFrame, HeadYaw, HeadPitch, HeadRoll, HeadQuatW, HeadQuatX, HeadQuatY, HeadQuatZ
16:00:11, 0.00, 0, 350.16, 355.70, 353.07, 0.9936, -0.0321, -0.0878, -0.0633
16:00:11, 0.03, 1, 350.21, 355.73, 353.09, 0.9937, -0.0319, -0.0873, -0.0632
16:00:11, 0.03, 1, 350.24, 355.74, 353.09, 0.9937, -0.0318, -0.0871, -0.0632
16:00:11, 0.03, 1, 350.30, 355.73, 353.09, 0.9937, -0.0320, -0.0866, -0.0631
16:00:11, 0.07, 2, 350.33, 355.75, 353.10, 0.9938, -0.0318, -0.0863, -0.0631
16:00:11, 0.07, 2, 350.40, 355.77, 353.10, 0.9938, -0.0317, -0.0857, -0.0630
16:00:11, 0.10, 3, 350.46, 355.79, 353.10, 0.9939, -0.0315, -0.0852, -0.0630
16:00:11, 0.10, 3, 350.52, 355.81, 353.11, 0.9939, -0.0314, -0.0846, -0.0629
16:00:11, 0.10, 3, 350.60, 355.82, 353.11, 0.9940, -0.0314, -0.0839, -0.0628
16:00:11, 0.13, 4, 350.69, 355.81, 353.13, 0.9941, -0.0315, -0.0831, -0.0626
16:00:11, 0.13, 4, 350.79, 355.84, 353.18, 0.9942, -0.0313, -0.0823, -0.0622
16:00:11, 0.17, 5, 350.92, 355.88, 353.22, 0.9943, -0.0311, -0.0811, -0.0618
16:00:12, 0.17, 5, 351.02, 355.90, 353.27, 0.9944, -0.0310, -0.0802, -0.0613
16:00:12, 0.17, 5, 351.12, 355.94, 353.30, 0.9945, -0.0307, -0.0793, -0.0610
16:00:12, 0.20, 6, 351.24, 355.96, 353.33, 0.9946, -0.0307, -0.0782, -0.0607
16:00:12, 0.20, 6, 351.36, 355.99, 353.37, 0.9947, -0.0305, -0.0772, -0.0602
16:00:12, 0.23, 7, 351.47, 356.05, 353.42, 0.9948, -0.0301, -0.0762, -0.0598
16:00:12, 0.23, 7, 351.57, 356.09, 353.48, 0.9950, -0.0298, -0.0753, -0.0592
16:00:12, 0.27, 8, 351.66, 356.08, 353.51, 0.9950, -0.0299, -0.0744, -0.0589
16:00:12, 0.27, 8, 351.77, 356.12, 353.55, 0.9951, -0.0297, -0.0735, -0.0585
16:00:12, 0.27, 8, 351.86, 356.17, 353.60, 0.9952, -0.0294, -0.0727, -0.0580
16:00:12, 0.30, 9, 351.93, 356.21, 353.64, 0.9953, -0.0290, -0.0720, -0.0576
16:00:12, 0.30, 9, 352.01, 356.25, 353.70, 0.9954, -0.0287, -0.0713, -0.0571
16:00:12, 0.33, 10, 352.08, 356.26, 353.76, 0.9955, -0.0287, -0.0707, -0.0566
16:00:12, 0.33, 10, 352.13, 356.25, 353.80, 0.9955, -0.0289, -0.0703, -0.0562
16:00:12, 0.33, 10, 352.20, 356.24, 353.84, 0.9956, -0.0291, -0.0696, -0.0558
16:00:12, 0.37, 11, 352.27, 356.29, 353.86, 0.9957, -0.0286, -0.0690, -0.0556
16:00:12, 0.37, 11, 352.36, 356.32, 353.91, 0.9957, -0.0285, -0.0682, -0.0551
16:00:12, 0.40, 12, 352.46, 356.34, 353.93, 0.9958, -0.0283, -0.0673, -0.0549
16:00:12, 0.40, 12, 352.56, 356.40, 353.97, 0.9959, -0.0279, -0.0664, -0.0545
16:00:12, 0.43, 13, 352.68, 356.43, 353.97, 0.9960, -0.0277, -0.0654, -0.0544
16:00:12, 0.43, 13, 352.75, 356.43, 353.99, 0.9960, -0.0277, -0.0647, -0.0542
16:00:12, 0.43, 13, 352.83, 356.46, 354.03, 0.9961, -0.0275, -0.0641, -0.0539
16:00:12, 0.47, 14, 352.91, 356.44, 354.05, 0.9962, -0.0278, -0.0633, -0.0537
16:00:12, 0.47, 14, 352.99, 356.43, 354.06, 0.9962, -0.0279, -0.0626, -0.0536
16:00:12, 0.50, 15, 353.09, 356.45, 354.07, 0.9963, -0.0278, -0.0618, -0.0535
16:00:12, 0.50, 15, 353.17, 356.46, 354.08, 0.9963, -0.0277, -0.0611, -0.0534
16:00:12, 0.50, 15, 353.23, 356.52, 354.12, 0.9964, -0.0273, -0.0605, -0.0530
16:00:12, 0.53, 16, 353.28, 356.53, 354.13, 0.9964, -0.0272, -0.0601, -0.0529
16:00:12, 0.53, 16, 353.35, 356.56, 354.17, 0.9965, -0.0270, -0.0595, -0.0525
16:00:12, 0.57, 17, 353.38, 356.59, 354.19, 0.9965, -0.0268, -0.0591, -0.0523
16:00:12, 0.57, 17, 353.40, 356.61, 354.22, 0.9965, -0.0266, -0.0590, -0.0520
16:00:12, 0.60, 18, 353.47, 356.66, 354.23, 0.9966, -0.0262, -0.0583, -0.0519
16:00:12, 0.60, 18, 353.52, 356.75, 354.26, 0.9967, -0.0255, -0.0578, -0.0516
16:00:12, 0.60, 18, 353.58, 356.80, 354.30, 0.9967, -0.0250, -0.0573, -0.0512
16:00:12, 0.63, 19, 353.66, 356.83, 354.32, 0.9968, -0.0249, -0.0566, -0.0510
16:00:12, 0.63, 19, 353.77, 356.86, 354.35, 0.9969, -0.0246, -0.0556, -0.0507
16:00:12, 0.67, 20, 353.89, 356.89, 354.35, 0.9969, -0.0245, -0.0545, -0.0506
16:00:12, 0.67, 20, 354.02, 356.96, 354.38, 0.9970, -0.0239, -0.0533, -0.0503
16:00:12, 0.67, 20, 354.17, 356.99, 354.40, 0.9971, -0.0237, -0.0520, -0.0501
16:00:12, 0.70, 21, 354.32, 357.04, 354.44, 0.9972, -0.0233, -0.0507, -0.0497
16:00:12, 0.70, 21, 354.49, 357.08, 354.49, 0.9973, -0.0231, -0.0492, -0.0492
16:00:12, 0.73, 22, 354.68, 357.09, 354.54, 0.9974, -0.0231, -0.0475, -0.0488
16:00:12, 0.73, 22, 354.91, 357.08, 354.57, 0.9975, -0.0233, -0.0455, -0.0485
16:00:12, 0.77, 23, 355.15, 356.99, 354.61, 0.9976, -0.0242, -0.0435, -0.0481
16:00:12, 0.77, 23, 355.41, 356.89, 354.69, 0.9977, -0.0252, -0.0412, -0.0473
16:00:12, 0.77, 23, 355.73, 356.80, 354.84, 0.9979, -0.0262, -0.0384, -0.0460
16:00:12, 0.80, 24, 356.03, 356.76, 354.91, 0.9980, -0.0266, -0.0359, -0.0453
16:00:12, 0.80, 24, 356.32, 356.80, 355.08, 0.9981, -0.0265, -0.0332, -0.0438
16:00:12, 0.83, 25, 356.59, 356.83, 355.22, 0.9983, -0.0264, -0.0308, -0.0425
16:00:12, 0.83, 25, 356.96, 356.81, 355.29, 0.9984, -0.0268, -0.0276, -0.0418
16:00:12, 0.83, 25, 357.27, 356.88, 355.38, 0.9985, -0.0263, -0.0249, -0.0409
16:00:12, 0.87, 26, 357.72, 357.25, 355.36, 0.9987, -0.0232, -0.0208, -0.0409
16:00:12, 0.87, 26, 358.21, 357.97, 355.33, 0.9989, -0.0170, -0.0163, -0.0410
16:00:12, 0.90, 27, 358.79, 358.84, 355.47, 0.9991, -0.0097, -0.0109, -0.0396
16:00:12, 0.90, 27, 359.48, 359.86, 355.85, 0.9993, -0.0011, -0.0046, -0.0362
16:00:12, 0.93, 28, 0.12, 0.65, 356.27, 0.9995, 0.0057, 0.0012, -0.0326
16:00:12, 0.93, 28, 0.76, 1.13, 356.59, 0.9995, 0.0097, 0.0069, -0.0298
16:00:12, 0.93, 28, 1.32, 1.34, 356.88, 0.9995, 0.0114, 0.0118, -0.0273
16:00:12, 0.97, 29, 1.83, 1.28, 357.19, 0.9995, 0.0107, 0.0162, -0.0247
16:00:12, 0.97, 29, 2.22, 1.09, 357.44, 0.9995, 0.0091, 0.0196, -0.0225
16:00:12, 1.00, 30, 2.50, 0.83, 357.57, 0.9995, 0.0068, 0.0220, -0.0214
16:00:12, 1.00, 30, 2.62, 0.51, 357.61, 0.9995, 0.0040, 0.0229, -0.0210
16:00:12, 1.00, 30, 2.51, 0.21, 357.59, 0.9995, 0.0013, 0.0219, -0.0211
16:00:12, 1.03, 31, 2.30, 359.83, 357.52, 0.9996, -0.0019, 0.0200, -0.0216
16:00:12, 1.03, 31, 1.99, 359.59, 357.33, 0.9996, -0.0040, 0.0173, -0.0232
16:00:12, 1.07, 32, 1.64, 359.56, 357.12, 0.9996, -0.0042, 0.0142, -0.0251
16:00:12, 1.07, 32, 1.26, 359.62, 356.88, 0.9996, -0.0036, 0.0109, -0.0272
16:00:12, 1.10, 33, 0.80, 359.69, 356.69, 0.9996, -0.0029, 0.0069, -0.0289
16:00:12, 1.10, 33, 0.13, 359.93, 356.75, 0.9996, -0.0007, 0.0011, -0.0284
16:00:12, 1.10, 33, 359.30, 0.07, 356.89, 0.9996, 0.0007, -0.0061, -0.0271
16:00:12, 1.13, 34, 358.46, 0.17, 356.88, 0.9995, 0.0018, -0.0134, -0.0272
16:00:12, 1.13, 34, 357.70, 0.21, 356.82, 0.9994, 0.0024, -0.0200, -0.0277
16:00:12, 1.17, 35, 356.97, 0.01, 356.74, 0.9992, 0.0008, -0.0264, -0.0284
16:00:13, 1.17, 35, 356.32, 0.04, 356.63, 0.9991, 0.0013, -0.0321, -0.0293
16:00:13, 1.17, 35, 355.80, 0.13, 356.57, 0.9989, 0.0023, -0.0366, -0.0299
16:00:13, 1.20, 36, 355.29, 0.06, 356.43, 0.9987, 0.0018, -0.0411, -0.0311
16:00:13, 1.20, 36, 354.89, 359.87, 356.42, 0.9985, 0.0003, -0.0446, -0.0313
16:00:13, 1.23, 37, 354.58, 359.70, 356.36, 0.9984, -0.0011, -0.0473, -0.0318
16:00:13, 1.23, 37, 354.26, 359.52, 356.22, 0.9982, -0.0025, -0.0502, -0.0331
16:00:13, 1.27, 38, 354.09, 359.30, 356.05, 0.9980, -0.0043, -0.0518, -0.0348
16:00:13, 1.27, 38, 353.95, 359.16, 355.93, 0.9979, -0.0054, -0.0530, -0.0359
16:00:13, 1.27, 38, 353.80, 358.97, 355.92, 0.9978, -0.0070, -0.0544, -0.0361
16:00:13, 1.30, 39, 353.68, 358.78, 356.05, 0.9978, -0.0088, -0.0555, -0.0350
16:00:13, 1.30, 39, 353.52, 358.50, 356.19, 0.9977, -0.0112, -0.0569, -0.0339
16:00:13, 1.33, 40, 353.35, 358.25, 356.25, 0.9976, -0.0134, -0.0584, -0.0335
16:00:13, 1.33, 40, 353.15, 358.09, 356.23, 0.9975, -0.0147, -0.0602, -0.0338
16:00:13, 1.33, 40, 353.05, 357.92, 356.16, 0.9974, -0.0160, -0.0611, -0.0346
16:00:13, 1.37, 41, 353.01, 357.85, 356.05, 0.9973, -0.0166, -0.0616, -0.0355
16:00:13, 1.37, 41, 353.03, 357.78, 355.94, 0.9973, -0.0172, -0.0615, -0.0365
16:00:13, 1.40, 42, 353.17, 357.77, 355.87, 0.9973, -0.0173, -0.0602, -0.0371
16:00:13, 1.40, 42, 353.42, 357.78, 355.83, 0.9975, -0.0172, -0.0581, -0.0374
16:00:13, 1.43, 43, 353.73, 357.82, 355.84, 0.9976, -0.0170, -0.0553, -0.0373
16:00:13, 1.43, 43, 354.10, 357.87, 355.87, 0.9978, -0.0167, -0.0520, -0.0369
16:00:13, 1.43, 43, 354.56, 357.93, 355.90, 0.9980, -0.0163, -0.0480, -0.0366
16:00:13, 1.47, 44, 355.08, 357.99, 355.90, 0.9983, -0.0159, -0.0435, -0.0364
16:00:13, 1.47, 44, 355.72, 358.07, 355.90, 0.9985, -0.0155, -0.0379, -0.0364
16:00:13, 1.50, 45, 356.51, 358.20, 355.91, 0.9988, -0.0146, -0.0310, -0.0362
16:00:13, 1.50, 45, 357.37, 358.42, 355.94, 0.9990, -0.0130, -0.0234, -0.0357
16:00:13, 1.50, 45, 358.33, 358.51, 356.08, 0.9992, -0.0125, -0.0150, -0.0344
16:00:13, 1.53, 46, 359.54, 358.68, 356.26, 0.9994, -0.0113, -0.0044, -0.0327
16:00:13, 1.53, 46, 0.77, 358.95, 356.50, 0.9995, -0.0093, 0.0064, -0.0305
16:00:13, 1.57, 47, 2.18, 359.16, 356.90, 0.9994, -0.0079, 0.0188, -0.0269
16:00:13, 1.57, 47, 3.80, 359.44, 357.38, 0.9992, -0.0056, 0.0331, -0.0227
16:00:13, 1.60, 48, 5.74, 359.80, 358.02, 0.9986, -0.0026, 0.0501, -0.0171
16:00:13, 1.60, 48, 7.86, 0.25, 358.71, 0.9976, 0.0014, 0.0686, -0.0114
16:00:13, 1.60, 48, 10.17, 0.87, 359.46, 0.9960, 0.0071, 0.0886, -0.0054
16:00:13, 1.63, 49, 12.58, 1.48, 0.12, 0.9939, 0.0129, 0.1096, -0.0004
16:00:13, 1.63, 49, 15.12, 2.15, 0.79, 0.9911, 0.0195, 0.1314, 0.0044
16:00:13, 1.67, 50, 17.68, 2.67, 1.33, 0.9878, 0.0248, 0.1533, 0.0079
16:00:13, 1.67, 50, 20.05, 3.11, 1.82, 0.9843, 0.0294, 0.1736, 0.0109
16:00:13, 1.67, 50, 22.30, 3.48, 2.28, 0.9806, 0.0336, 0.1927, 0.0136
16:00:13, 1.70, 51, 24.26, 3.77, 2.64, 0.9771, 0.0370, 0.2092, 0.0156
16:00:13, 1.70, 51, 25.97, 3.98, 2.92, 0.9737, 0.0395, 0.2237, 0.0170
16:00:13, 1.73, 52, 27.34, 4.10, 3.27, 0.9709, 0.0415, 0.2351, 0.0193
16:00:13, 1.73, 52, 28.54, 4.20, 3.68, 0.9683, 0.0434, 0.2450, 0.0221
16:00:13, 1.77, 53, 29.58, 4.25, 3.88, 0.9660, 0.0445, 0.2537, 0.0232
16:00:13, 1.77, 53, 30.26, 4.24, 3.94, 0.9644, 0.0447, 0.2595, 0.0235
16:00:13, 1.77, 53, 30.92, 4.18, 4.01, 0.9629, 0.0445, 0.2650, 0.0239
16:00:13, 1.80, 54, 31.32, 4.08, 4.01, 0.9620, 0.0437, 0.2684, 0.0241
16:00:13, 1.80, 54, 31.57, 3.96, 3.87, 0.9615, 0.0424, 0.2706, 0.0231
16:00:13, 1.83, 55, 31.81, 3.89, 3.68, 0.9610, 0.0414, 0.2727, 0.0215
16:00:13, 1.83, 55, 31.97, 3.89, 3.48, 0.9606, 0.0410, 0.2741, 0.0199
16:00:13, 1.83, 55, 32.05, 3.84, 3.32, 0.9605, 0.0402, 0.2748, 0.0186
16:00:13, 1.87, 56, 32.08, 3.77, 3.17, 0.9604, 0.0392, 0.2752, 0.0175
16:00:13, 1.87, 56, 32.13, 3.65, 3.03, 0.9604, 0.0379, 0.2757, 0.0166
16:00:13, 1.90, 57, 32.11, 3.58, 2.84, 0.9604, 0.0369, 0.2756, 0.0152
16:00:13, 1.90, 57, 32.06, 3.54, 2.68, 0.9606, 0.0361, 0.2752, 0.0140
16:00:13, 1.93, 58, 32.06, 3.51, 2.56, 0.9606, 0.0356, 0.2753, 0.0130
16:00:13, 1.93, 58, 32.06, 3.48, 2.43, 0.9606, 0.0350, 0.2753, 0.0120
16:00:13, 1.93, 58, 32.10, 3.46, 2.34, 0.9606, 0.0346, 0.2757, 0.0113
16:00:13, 1.97, 59, 32.13, 3.45, 2.29, 0.9605, 0.0345, 0.2760, 0.0109
16:00:13, 1.97, 59, 32.16, 3.47, 2.29, 0.9604, 0.0346, 0.2762, 0.0108
16:00:13, 2.00, 60, 32.21, 3.50, 2.30, 0.9603, 0.0349, 0.2766, 0.0108
16:00:13, 2.00, 60, 32.24, 3.54, 2.28, 0.9602, 0.0352, 0.2769, 0.0105
16:00:13, 2.03, 61, 32.29, 3.60, 2.25, 0.9601, 0.0356, 0.2773, 0.0101
16:00:13, 2.03, 61, 32.38, 3.61, 2.29, 0.9599, 0.0358, 0.2780, 0.0104
16:00:13, 2.03, 61, 32.48, 3.65, 2.33, 0.9596, 0.0362, 0.2788, 0.0106
16:00:13, 2.07, 62, 32.59, 3.67, 2.34, 0.9593, 0.0365, 0.2797, 0.0106
16:00:13, 2.07, 62, 32.67, 3.76, 2.33, 0.9591, 0.0372, 0.2804, 0.0102
16:00:13, 2.10, 63, 32.75, 3.83, 2.27, 0.9589, 0.0376, 0.2810, 0.0096
16:00:13, 2.10, 63, 32.87, 3.94, 2.24, 0.9586, 0.0385, 0.2821, 0.0090
16:00:13, 2.10, 63, 32.99, 4.02, 2.22, 0.9583, 0.0391, 0.2830, 0.0087
16:00:13, 2.13, 64, 33.13, 4.12, 2.17, 0.9579, 0.0399, 0.2842, 0.0079
16:00:13, 2.13, 64, 33.26, 4.23, 2.13, 0.9575, 0.0407, 0.2853, 0.0072
16:00:13, 2.17, 65, 33.38, 4.40, 2.08, 0.9572, 0.0420, 0.2863, 0.0063
16:00:14, 2.17, 65, 33.53, 4.56, 1.95, 0.9568, 0.0430, 0.2875, 0.0049
16:00:14, 2.20, 66, 33.73, 4.70, 1.85, 0.9563, 0.0440, 0.2892, 0.0036
16:00:14, 2.20, 66, 33.98, 4.82, 1.77, 0.9556, 0.0447, 0.2913, 0.0025
16:00:14, 2.20, 66, 34.26, 4.88, 1.72, 0.9549, 0.0451, 0.2936, 0.0018
16:00:14, 2.23, 67, 34.53, 4.97, 1.67, 0.9541, 0.0457, 0.2959, 0.0011
16:00:14, 2.23, 67, 34.79, 5.02, 1.64, 0.9534, 0.0461, 0.2981, 0.0006
16:00:14, 2.27, 68, 35.06, 5.08, 1.60, 0.9527, 0.0464, 0.3003, 0.0000
16:00:14, 2.27, 68, 35.36, 5.10, 1.54, 0.9519, 0.0465, 0.3028, -0.0007
16:00:14, 2.27, 68, 35.75, 5.15, 1.47, 0.9509, 0.0467, 0.3060, -0.0016
16:00:14, 2.30, 69, 36.21, 5.18, 1.44, 0.9496, 0.0469, 0.3099, -0.0022
16:00:14, 2.30, 69, 36.77, 5.18, 1.42, 0.9481, 0.0468, 0.3145, -0.0025
16:00:14, 2.33, 70, 37.40, 5.26, 1.45, 0.9463, 0.0475, 0.3197, -0.0027
16:00:14, 2.33, 70, 38.12, 5.27, 1.48, 0.9443, 0.0477, 0.3256, -0.0028
16:00:14, 2.37, 71, 38.94, 5.31, 1.58, 0.9419, 0.0482, 0.3323, -0.0025
16:00:14, 2.37, 71, 39.86, 5.32, 1.67, 0.9392, 0.0486, 0.3398, -0.0021
16:00:14, 2.37, 71, 40.92, 5.36, 1.76, 0.9360, 0.0492, 0.3485, -0.0020
16:00:14, 2.40, 72, 42.29, 5.29, 1.60, 0.9318, 0.0481, 0.3597, -0.0036
16:00:14, 2.40, 72, 43.91, 5.22, 1.23, 0.9266, 0.0463, 0.3730, -0.0071
16:00:14, 2.43, 73, 46.07, 5.17, 0.78, 0.9194, 0.0442, 0.3906, -0.0114
16:00:14, 2.43, 73, 48.55, 5.12, 0.54, 0.9108, 0.0427, 0.4105, -0.0141
16:00:14, 2.43, 73, 51.14, 5.03, 0.52, 0.9013, 0.0415, 0.4310, -0.0149
16:00:14, 2.47, 74, 53.63, 4.86, 0.69, 0.8918, 0.0406, 0.4504, -0.0138
16:00:14, 2.47, 74, 56.05, 4.71, 0.87, 0.8821, 0.0399, 0.4692, -0.0126
16:00:14, 2.50, 75, 58.42, 4.57, 0.93, 0.8723, 0.0387, 0.4873, -0.0124
16:00:14, 2.50, 75, 60.69, 4.47, 1.02, 0.8625, 0.0381, 0.5045, -0.0120
16:00:14, 2.50, 75, 62.90, 4.41, 1.09, 0.8526, 0.0378, 0.5210, -0.0119
16:00:14, 2.53, 76, 65.06, 4.37, 1.25, 0.8427, 0.0380, 0.5369, -0.0113
16:00:14, 2.53, 76, 66.91, 4.30, 1.30, 0.8339, 0.0375, 0.5505, -0.0112
16:00:14, 2.57, 77, 68.69, 4.16, 1.33, 0.8253, 0.0365, 0.5634, -0.0109
16:00:14, 2.57, 77, 70.13, 4.01, 1.19, 0.8182, 0.0346, 0.5738, -0.0116
16:00:14, 2.60, 78, 71.37, 3.93, 1.07, 0.8119, 0.0333, 0.5827, -0.0125
16:00:14, 2.60, 78, 72.36, 3.90, 1.00, 0.8068, 0.0326, 0.5897, -0.0130
16:00:14, 2.60, 78, 73.30, 3.87, 0.99, 0.8020, 0.0322, 0.5963, -0.0133
16:00:14, 2.63, 79, 74.07, 3.80, 0.96, 0.7980, 0.0316, 0.6017, -0.0133
16:00:14, 2.63, 79, 74.81, 3.77, 0.75, 0.7940, 0.0301, 0.6069, -0.0148
16:00:14, 2.67, 80, 75.45, 3.79, 0.56, 0.7906, 0.0292, 0.6114, -0.0164
16:00:14, 2.67, 80, 76.06, 3.80, 0.49, 0.7873, 0.0287, 0.6156, -0.0170
16:00:14, 2.67, 80, 76.69, 3.85, 0.37, 0.7839, 0.0283, 0.6199, -0.0183
16:00:14, 2.70, 81, 77.29, 3.92, 0.21, 0.7806, 0.0279, 0.6241, -0.0200
16:00:14, 2.70, 81, 77.92, 3.95, 359.98, 0.7771, 0.0267, 0.6284, -0.0218
16:00:14, 2.73, 82, 78.59, 4.04, 359.76, 0.7734, 0.0259, 0.6329, -0.0239
16:00:14, 2.73, 82, 79.28, 4.21, 359.56, 0.7695, 0.0258, 0.6376, -0.0264
16:00:14, 2.77, 83, 80.06, 4.41, 359.42, 0.7650, 0.0262, 0.6429, -0.0286
16:00:14, 2.77, 83, 80.94, 4.68, 359.28, 0.7600, 0.0270, 0.6487, -0.0313
16:00:14, 2.77, 83, 81.84, 4.99, 359.16, 0.7547, 0.0281, 0.6546, -0.0341
16:00:14, 2.80, 84, 82.77, 5.23, 358.96, 0.7492, 0.0282, 0.6607, -0.0370
16:00:14, 2.80, 84, 83.71, 5.42, 358.73, 0.7436, 0.0279, 0.6669, -0.0398
16:00:14, 2.83, 85, 84.67, 5.62, 358.60, 0.7379, 0.0280, 0.6730, -0.0420
16:00:14, 2.83, 85, 85.59, 5.77, 358.52, 0.7323, 0.0282, 0.6790, -0.0436
16:00:14, 2.83, 85, 86.52, 5.93, 358.63, 0.7268, 0.0295, 0.6848, -0.0442
16:00:14, 2.87, 86, 87.40, 6.07, 358.73, 0.7215, 0.0306, 0.6903, -0.0446
16:00:14, 2.87, 86, 88.32, 6.22, 358.89, 0.7159, 0.0322, 0.6960, -0.0448
16:00:14, 2.90, 87, 89.14, 6.28, 359.06, 0.7110, 0.0333, 0.7011, -0.0442
16:00:14, 2.90, 87, 89.93, 6.39, 359.26, 0.7062, 0.0349, 0.7058, -0.0439
16:00:14, 2.93, 88, 90.61, 6.43, 359.48, 0.7021, 0.0362, 0.7099, -0.0430
16:00:14, 2.93, 88, 91.24, 6.45, 359.61, 0.6982, 0.0369, 0.7137, -0.0426
16:00:14, 2.93, 88, 91.82, 6.43, 359.71, 0.6946, 0.0372, 0.7172, -0.0420
16:00:14, 2.97, 89, 92.27, 6.38, 359.88, 0.6918, 0.0378, 0.7199, -0.0409
16:00:14, 2.97, 89, 92.68, 6.45, 359.97, 0.6893, 0.0386, 0.7223, -0.0409
16:00:14, 3.00, 90, 92.99, 6.50, 0.06, 0.6873, 0.0394, 0.7241, -0.0407
16:00:14, 3.00, 90, 93.21, 6.58, 0.18, 0.6860, 0.0406, 0.7254, -0.0406
16:00:14, 3.00, 90, 93.46, 6.66, 0.17, 0.6843, 0.0409, 0.7268, -0.0413
16:00:14, 3.03, 91, 93.62, 6.73, 0.19, 0.6833, 0.0414, 0.7278, -0.0417
16:00:14, 3.03, 91, 93.74, 6.84, 0.16, 0.6825, 0.0418, 0.7285, -0.0425
16:00:14, 3.07, 92, 93.81, 6.96, 0.06, 0.6820, 0.0418, 0.7288, -0.0440
16:00:14, 3.07, 92, 93.85, 7.11, 359.95, 0.6816, 0.0421, 0.7291, -0.0456
16:00:14, 3.10, 93, 93.83, 7.30, 359.83, 0.6816, 0.0424, 0.7289, -0.0475
16:00:14, 3.10, 93, 93.76, 7.44, 359.70, 0.6819, 0.0425, 0.7285, -0.0492
16:00:14, 3.10, 93, 93.68, 7.55, 359.56, 0.6824, 0.0422, 0.7280, -0.0507
16:00:14, 3.13, 94, 93.54, 7.62, 359.43, 0.6832, 0.0419, 0.7272, -0.0518
16:00:14, 3.13, 94, 93.40, 7.68, 359.29, 0.6840, 0.0414, 0.7264, -0.0530
16:00:14, 3.17, 95, 93.26, 7.71, 359.17, 0.6848, 0.0410, 0.7256, -0.0539
16:00:15, 3.17, 95, 93.14, 7.76, 359.19, 0.6855, 0.0414, 0.7249, -0.0540
16:00:15, 3.17, 95, 93.00, 7.81, 359.27, 0.6864, 0.0423, 0.7240, -0.0538
16:00:15, 3.20, 96, 92.86, 7.84, 359.34, 0.6873, 0.0429, 0.7231, -0.0535
16:00:15, 3.20, 96, 92.77, 7.85, 359.37, 0.6879, 0.0432, 0.7226, -0.0533
16:00:15, 3.23, 97, 92.67, 7.85, 359.42, 0.6885, 0.0436, 0.7219, -0.0530
16:00:15, 3.23, 97, 92.57, 7.87, 359.51, 0.6892, 0.0443, 0.7213, -0.0526
16:00:15, 3.27, 98, 92.46, 7.88, 359.56, 0.6899, 0.0447, 0.7206, -0.0523
16:00:15, 3.27, 98, 92.37, 7.87, 359.58, 0.6905, 0.0449, 0.7200, -0.0520
16:00:15, 3.27, 98, 92.30, 7.89, 359.61, 0.6909, 0.0452, 0.7196, -0.0520
16:00:15, 3.30, 99, 92.22, 7.93, 359.65, 0.6914, 0.0457, 0.7191, -0.0520
16:00:15, 3.30, 99, 92.17, 7.97, 359.69, 0.6918, 0.0463, 0.7188, -0.0519
16:00:15, 3.33, 100, 92.07, 8.04, 359.68, 0.6924, 0.0467, 0.7181, -0.0524
16:00:15, 3.33, 100, 91.98, 8.08, 359.68, 0.6929, 0.0469, 0.7176, -0.0526
16:00:15, 3.33, 100, 91.90, 8.10, 359.62, 0.6934, 0.0468, 0.7171, -0.0531
16:00:15, 3.37, 101, 91.83, 8.10, 359.56, 0.6938, 0.0464, 0.7167, -0.0534
16:00:15, 3.37, 101, 91.77, 8.08, 359.48, 0.6941, 0.0458, 0.7164, -0.0537
16:00:15, 3.40, 102, 91.69, 8.09, 359.45, 0.6946, 0.0457, 0.7159, -0.0540
16:00:15, 3.40, 102, 91.55, 8.14, 359.41, 0.6954, 0.0458, 0.7151, -0.0544
16:00:15, 3.43, 103, 91.37, 8.16, 359.35, 0.6965, 0.0457, 0.7140, -0.0548
16:00:15, 3.43, 103, 91.12, 8.19, 359.27, 0.6980, 0.0454, 0.7125, -0.0554
16:00:15, 3.43, 103, 90.90, 8.21, 359.10, 0.6993, 0.0446, 0.7112, -0.0565
16:00:15, 3.47, 104, 90.73, 8.25, 358.93, 0.7003, 0.0439, 0.7102, -0.0577
16:00:15, 3.47, 104, 90.62, 8.30, 358.73, 0.7008, 0.0430, 0.7096, -0.0592
16:00:15, 3.50, 105, 90.60, 8.35, 358.55, 0.7008, 0.0422, 0.7095, -0.0606
16:00:15, 3.50, 105, 90.60, 8.40, 358.39, 0.7007, 0.0416, 0.7096, -0.0619
16:00:15, 3.50, 105, 90.71, 8.47, 358.26, 0.6999, 0.0411, 0.7102, -0.0632
16:00:15, 3.53, 106, 90.89, 8.50, 358.13, 0.6987, 0.0404, 0.7114, -0.0642
16:00:15, 3.53, 106, 91.11, 8.51, 358.03, 0.6973, 0.0397, 0.7128, -0.0650
16:00:15, 3.57, 107, 91.44, 8.55, 358.00, 0.6952, 0.0396, 0.7147, -0.0655
16:00:15, 3.57, 107, 91.77, 8.62, 358.01, 0.6931, 0.0399, 0.7167, -0.0660
16:00:15, 3.60, 108, 92.12, 8.70, 358.11, 0.6909, 0.0407, 0.7188, -0.0660
16:00:15, 3.60, 108, 92.42, 8.76, 358.19, 0.6891, 0.0415, 0.7205, -0.0660
16:00:15, 3.60, 108, 92.72, 8.82, 358.23, 0.6872, 0.0419, 0.7223, -0.0663
16:00:15, 3.63, 109, 92.93, 8.89, 358.30, 0.6858, 0.0426, 0.7235, -0.0664
16:00:15, 3.63, 109, 93.07, 8.95, 358.37, 0.6850, 0.0434, 0.7243, -0.0664
16:00:15, 3.67, 110, 93.12, 9.08, 358.42, 0.6846, 0.0445, 0.7245, -0.0669
16:00:15, 3.67, 110, 93.11, 9.15, 358.44, 0.6846, 0.0450, 0.7244, -0.0672
16:00:15, 3.70, 111, 93.09, 9.16, 358.39, 0.6847, 0.0448, 0.7243, -0.0676
16:00:15, 3.70, 111, 93.11, 9.13, 358.30, 0.6846, 0.0440, 0.7244, -0.0679
16:00:15, 3.70, 111, 93.19, 9.03, 358.25, 0.6841, 0.0430, 0.7250, -0.0677
16:00:15, 3.73, 112, 93.30, 8.99, 358.25, 0.6834, 0.0427, 0.7256, -0.0675
16:00:15, 3.73, 112, 93.42, 8.94, 358.26, 0.6826, 0.0424, 0.7264, -0.0671
16:00:15, 3.77, 113, 93.59, 8.90, 358.25, 0.6816, 0.0420, 0.7275, -0.0670
16:00:15, 3.77, 113, 93.78, 8.85, 358.25, 0.6804, 0.0416, 0.7286, -0.0667
16:00:15, 3.77, 113, 94.00, 8.81, 358.27, 0.6791, 0.0413, 0.7299, -0.0665
16:00:15, 3.80, 114, 94.24, 8.78, 358.27, 0.6776, 0.0410, 0.7313, -0.0663
16:00:15, 3.80, 114, 94.49, 8.76, 358.24, 0.6760, 0.0406, 0.7328, -0.0664
16:00:15, 3.83, 115, 94.71, 8.75, 358.21, 0.6745, 0.0402, 0.7341, -0.0666
16:00:15, 3.83, 115, 94.93, 8.75, 358.16, 0.6731, 0.0398, 0.7354, -0.0670
16:00:15, 3.83, 115, 95.16, 8.78, 358.10, 0.6716, 0.0394, 0.7368, -0.0677
16:00:15, 3.87, 116, 95.34, 8.84, 358.05, 0.6703, 0.0393, 0.7379, -0.0684
16:00:15, 3.87, 116, 95.55, 8.92, 358.01, 0.6689, 0.0394, 0.7390, -0.0692
16:00:15, 3.90, 117, 95.73, 8.98, 357.98, 0.6677, 0.0395, 0.7401, -0.0699
16:00:15, 3.90, 117, 95.92, 9.09, 357.93, 0.6664, 0.0396, 0.7412, -0.0709
16:00:15, 3.93, 118, 96.13, 9.15, 357.88, 0.6649, 0.0396, 0.7424, -0.0717
16:00:15, 3.93, 118, 96.37, 9.22, 357.89, 0.6634, 0.0399, 0.7437, -0.0722
16:00:15, 3.93, 118, 96.55, 9.30, 357.93, 0.6622, 0.0405, 0.7447, -0.0725
16:00:15, 3.97, 119, 96.72, 9.37, 357.97, 0.6610, 0.0411, 0.7457, -0.0728
16:00:15, 3.97, 119, 96.87, 9.43, 358.01, 0.6600, 0.0416, 0.7465, -0.0730
16:00:15, 4.00, 120, 97.03, 9.48, 358.04, 0.6590, 0.0420, 0.7474, -0.0732
16:00:15, 4.00, 120, 97.17, 9.55, 358.07, 0.6581, 0.0425, 0.7482, -0.0735
16:00:15, 4.03, 121, 97.29, 9.69, 358.18, 0.6573, 0.0439, 0.7487, -0.0738
16:00:15, 4.03, 121, 97.37, 9.81, 358.27, 0.6567, 0.0452, 0.7491, -0.0742
16:00:15, 4.03, 121, 97.40, 9.93, 358.36, 0.6565, 0.0464, 0.7492, -0.0744
16:00:15, 4.07, 122, 97.41, 10.01, 358.44, 0.6564, 0.0473, 0.7492, -0.0745
16:00:15, 4.07, 122, 97.38, 10.13, 358.45, 0.6566, 0.0481, 0.7490, -0.0752
16:00:15, 4.10, 123, 97.35, 10.21, 358.46, 0.6567, 0.0487, 0.7487, -0.0756
16:00:15, 4.10, 123, 97.31, 10.32, 358.46, 0.6570, 0.0494, 0.7484, -0.0764
16:00:15, 4.10, 123, 97.27, 10.41, 358.50, 0.6572, 0.0502, 0.7481, -0.0767
16:00:15, 4.13, 124, 97.23, 10.48, 358.48, 0.6574, 0.0504, 0.7479, -0.0773
16:00:15, 4.13, 124, 97.16, 10.57, 358.46, 0.6578, 0.0508, 0.7475, -0.0779
16:00:15, 4.17, 125, 97.08, 10.65, 358.44, 0.6582, 0.0513, 0.7470, -0.0785
16:00:16, 4.17, 125, 97.01, 10.74, 358.40, 0.6586, 0.0516, 0.7465, -0.0793
16:00:16, 4.17, 125, 96.94, 10.79, 358.36, 0.6590, 0.0517, 0.7461, -0.0798
16:00:16, 4.20, 126, 96.91, 10.80, 358.29, 0.6592, 0.0513, 0.7459, -0.0803
16:00:16, 4.20, 126, 96.91, 10.84, 358.25, 0.6591, 0.0512, 0.7459, -0.0808
16:00:16, 4.23, 127, 96.98, 10.83, 358.21, 0.6586, 0.0509, 0.7464, -0.0810
16:00:16, 4.23, 127, 97.02, 10.81, 358.14, 0.6583, 0.0503, 0.7466, -0.0812
16:00:16, 4.27, 128, 97.10, 10.76, 358.12, 0.6578, 0.0498, 0.7471, -0.0810
16:00:16, 4.27, 128, 97.20, 10.71, 358.11, 0.6572, 0.0494, 0.7477, -0.0809
16:00:16, 4.27, 128, 97.31, 10.69, 358.19, 0.6565, 0.0497, 0.7484, -0.0803
16:00:16, 4.30, 129, 97.43, 10.62, 358.26, 0.6558, 0.0496, 0.7491, -0.0795
16:00:16, 4.30, 129, 97.54, 10.54, 358.34, 0.6552, 0.0497, 0.7497, -0.0786
16:00:16, 4.33, 130, 97.66, 10.49, 358.43, 0.6545, 0.0499, 0.7504, -0.0778
16:00:16, 4.33, 130, 97.78, 10.47, 358.51, 0.6538, 0.0503, 0.7510, -0.0773
16:00:16, 4.37, 131, 97.85, 10.45, 358.58, 0.6534, 0.0505, 0.7514, -0.0768
16:00:16, 4.37, 131, 97.96, 10.42, 358.63, 0.6528, 0.0506, 0.7520, -0.0763
16:00:16, 4.37, 131, 98.02, 10.38, 358.70, 0.6524, 0.0508, 0.7524, -0.0757
16:00:16, 4.40, 132, 98.10, 10.39, 358.76, 0.6520, 0.0512, 0.7528, -0.0755
16:00:16, 4.40, 132, 98.13, 10.40, 358.82, 0.6518, 0.0516, 0.7529, -0.0752
16:00:16, 4.43, 133, 98.17, 10.44, 358.89, 0.6515, 0.0523, 0.7531, -0.0751
16:00:16, 4.43, 133, 98.23, 10.47, 358.93, 0.6512, 0.0527, 0.7534, -0.0751
16:00:16, 4.43, 133, 98.27, 10.53, 359.02, 0.6509, 0.0536, 0.7535, -0.0750
16:00:16, 4.47, 134, 98.34, 10.56, 359.08, 0.6505, 0.0542, 0.7539, -0.0748
16:00:16, 4.47, 134, 98.40, 10.56, 359.14, 0.6501, 0.0545, 0.7542, -0.0745
16:00:16, 4.50, 135, 98.41, 10.60, 359.22, 0.6500, 0.0552, 0.7542, -0.0743
16:00:16, 4.50, 135, 98.44, 10.65, 359.29, 0.6499, 0.0559, 0.7543, -0.0743
16:00:16, 4.50, 135, 98.51, 10.70, 359.36, 0.6494, 0.0567, 0.7547, -0.0743
16:00:16, 4.53, 136, 98.57, 10.74, 359.44, 0.6491, 0.0573, 0.7550, -0.0741
16:00:16, 4.53, 136, 98.64, 10.78, 359.51, 0.6487, 0.0580, 0.7552, -0.0740
16:00:16, 4.57, 137, 98.70, 10.78, 359.59, 0.6483, 0.0585, 0.7556, -0.0736
16:00:16, 4.57, 137, 98.73, 10.79, 359.66, 0.6481, 0.0590, 0.7557, -0.0733
16:00:16, 4.60, 138, 98.75, 10.76, 359.69, 0.6480, 0.0590, 0.7558, -0.0729
16:00:16, 4.60, 138, 98.80, 10.74, 359.71, 0.6478, 0.0590, 0.7561, -0.0727
16:00:16, 4.60, 138, 98.87, 10.74, 359.75, 0.6473, 0.0592, 0.7564, -0.0725
16:00:16, 4.63, 139, 98.96, 10.72, 359.79, 0.6467, 0.0593, 0.7570, -0.0722
16:00:16, 4.63, 139, 99.06, 10.74, 359.86, 0.6461, 0.0598, 0.7575, -0.0720
16:00:16, 4.67, 140, 99.11, 10.69, 359.96, 0.6459, 0.0602, 0.7577, -0.0711
16:00:16, 4.67, 140, 99.16, 10.69, 0.01, 0.6456, 0.0604, 0.7580, -0.0708
16:00:16, 4.67, 140, 99.19, 10.66, 0.04, 0.6454, 0.0605, 0.7582, -0.0705
16:00:16, 4.70, 141, 99.25, 10.62, 0.09, 0.6451, 0.0605, 0.7585, -0.0700
16:00:16, 4.70, 141, 99.30, 10.60, 0.11, 0.6448, 0.0605, 0.7588, -0.0698
16:00:16, 4.73, 142, 99.30, 10.61, 0.18, 0.6448, 0.0610, 0.7588, -0.0694
16:00:16, 4.73, 142, 99.34, 10.63, 0.20, 0.6446, 0.0612, 0.7589, -0.0695
16:00:16, 4.77, 143, 99.35, 10.66, 0.25, 0.6445, 0.0618, 0.7590, -0.0694
16:00:16, 4.77, 143, 99.38, 10.65, 0.31, 0.6443, 0.0621, 0.7591, -0.0690
16:00:16, 4.77, 143, 99.35, 10.65, 0.35, 0.6445, 0.0624, 0.7589, -0.0688
16:00:16, 4.80, 144, 99.32, 10.66, 0.43, 0.6448, 0.0630, 0.7587, -0.0684
16:00:16, 4.80, 144, 99.24, 10.69, 0.43, 0.6453, 0.0632, 0.7582, -0.0685
16:00:16, 4.83, 145, 99.17, 10.71, 0.45, 0.6457, 0.0635, 0.7578, -0.0685
16:00:16, 4.83, 145, 99.09, 10.75, 0.45, 0.6463, 0.0638, 0.7573, -0.0687
16:00:16, 4.83, 145, 99.00, 10.78, 0.43, 0.6469, 0.0638, 0.7568, -0.0690
16:00:16, 4.87, 146, 98.90, 10.83, 0.38, 0.6474, 0.0639, 0.7562, -0.0695
16:00:16, 4.87, 146, 98.79, 10.90, 0.36, 0.6481, 0.0642, 0.7556, -0.0700
16:00:16, 4.90, 147, 98.62, 10.94, 0.35, 0.6492, 0.0644, 0.7546, -0.0703
16:00:16, 4.90, 147, 98.45, 11.01, 0.27, 0.6502, 0.0645, 0.7536, -0.0711
16:00:16, 4.93, 148, 98.26, 11.06, 0.23, 0.6515, 0.0645, 0.7525, -0.0716
16:00:16, 4.93, 148, 98.05, 11.11, 0.20, 0.6528, 0.0648, 0.7514, -0.0720
16:00:16, 4.93, 148, 97.80, 11.17, 0.12, 0.6543, 0.0648, 0.7499, -0.0726
16:00:16, 4.97, 149, 97.56, 11.18, 0.03, 0.6558, 0.0644, 0.7486, -0.0731
16:00:16, 4.97, 149, 97.31, 11.22, 359.88, 0.6574, 0.0638, 0.7472, -0.0741
16:00:16, 5.00, 150, 97.07, 11.30, 359.77, 0.6588, 0.0637, 0.7458, -0.0751
16:00:16, 5.00, 150, 96.80, 11.43, 359.70, 0.6604, 0.0641, 0.7443, -0.0762
16:00:16, 5.03, 151, 96.53, 11.46, 359.65, 0.6621, 0.0642, 0.7427, -0.0765
16:00:16, 5.03, 151, 96.26, 11.48, 359.62, 0.6638, 0.0643, 0.7412, -0.0767
16:00:16, 5.03, 151, 95.95, 11.47, 359.58, 0.6658, 0.0642, 0.7394, -0.0766
16:00:16, 5.07, 152, 95.65, 11.48, 359.58, 0.6677, 0.0645, 0.7376, -0.0766
16:00:16, 5.07, 152, 95.32, 11.54, 359.61, 0.6699, 0.0652, 0.7356, -0.0766
16:00:16, 5.10, 153, 94.92, 11.63, 359.57, 0.6723, 0.0658, 0.7333, -0.0771
16:00:16, 5.10, 153, 94.52, 11.72, 359.49, 0.6748, 0.0660, 0.7309, -0.0780
16:00:16, 5.10, 153, 94.12, 11.76, 359.41, 0.6772, 0.0660, 0.7286, -0.0784
16:00:16, 5.13, 154, 93.72, 11.88, 359.33, 0.6797, 0.0665, 0.7261, -0.0795
16:00:16, 5.13, 154, 93.27, 11.94, 359.28, 0.6825, 0.0669, 0.7235, -0.0799
16:00:16, 5.17, 155, 92.79, 12.05, 359.18, 0.6853, 0.0672, 0.7206, -0.0809
16:00:17, 5.17, 155, 92.28, 12.10, 359.00, 0.6884, 0.0668, 0.7176, -0.0820
16:00:17, 5.17, 155, 91.78, 12.25, 358.86, 0.6913, 0.0671, 0.7146, -0.0835
16:00:17, 5.20, 156, 91.25, 12.27, 358.68, 0.6944, 0.0666, 0.7115, -0.0844
16:00:17, 5.20, 156, 90.79, 12.26, 358.61, 0.6972, 0.0664, 0.7087, -0.0845
16:00:17, 5.23, 157, 90.35, 12.25, 358.52, 0.6999, 0.0661, 0.7061, -0.0847
16:00:17, 5.23, 157, 89.90, 12.22, 358.44, 0.7026, 0.0658, 0.7034, -0.0848
16:00:17, 5.27, 158, 89.38, 12.31, 358.41, 0.7057, 0.0665, 0.7002, -0.0852
16:00:17, 5.27, 158, 88.82, 12.30, 358.36, 0.7091, 0.0666, 0.6968, -0.0851
16:00:17, 5.27, 158, 88.25, 12.37, 358.26, 0.7124, 0.0668, 0.6933, -0.0859
16:00:17, 5.30, 159, 87.75, 12.35, 358.16, 0.7154, 0.0664, 0.6902, -0.0860
16:00:17, 5.30, 159, 87.24, 12.34, 358.11, 0.7184, 0.0665, 0.6870, -0.0860
16:00:17, 5.33, 160, 86.83, 12.34, 358.09, 0.7209, 0.0666, 0.6845, -0.0859
16:00:17, 5.33, 160, 86.35, 12.34, 358.15, 0.7238, 0.0674, 0.6814, -0.0853
16:00:17, 5.33, 160, 85.82, 12.34, 358.21, 0.7269, 0.0681, 0.6781, -0.0845
16:00:17, 5.37, 161, 85.28, 12.30, 358.25, 0.7302, 0.0685, 0.6746, -0.0837
16:00:17, 5.37, 161, 84.88, 12.36, 358.23, 0.7325, 0.0690, 0.6720, -0.0840
16:00:17, 5.40, 162, 84.48, 12.39, 358.21, 0.7348, 0.0694, 0.6695, -0.0840
16:00:17, 5.40, 162, 84.12, 12.32, 358.28, 0.7370, 0.0696, 0.6671, -0.0830
16:00:17, 5.43, 163, 83.77, 12.27, 358.37, 0.7392, 0.0701, 0.6649, -0.0819
16:00:17, 5.43, 163, 83.51, 12.15, 358.38, 0.7407, 0.0696, 0.6632, -0.0810
16:00:17, 5.43, 163, 83.22, 12.01, 358.40, 0.7426, 0.0690, 0.6614, -0.0799
16:00:17, 5.47, 164, 82.96, 11.94, 358.40, 0.7441, 0.0687, 0.6598, -0.0793
16:00:17, 5.47, 164, 82.69, 11.68, 358.38, 0.7458, 0.0671, 0.6582, -0.0778
16:00:17, 5.50, 165, 82.52, 11.70, 358.40, 0.7468, 0.0674, 0.6571, -0.0776
16:00:17, 5.50, 165, 82.33, 11.74, 358.40, 0.7479, 0.0678, 0.6558, -0.0778
16:00:17, 5.50, 165, 82.18, 11.77, 358.45, 0.7487, 0.0684, 0.6548, -0.0775
16:00:17, 5.53, 166, 82.04, 11.86, 358.47, 0.7495, 0.0692, 0.6538, -0.0778
16:00:17, 5.53, 166, 81.91, 11.99, 358.49, 0.7501, 0.0703, 0.6528, -0.0783
16:00:17, 5.57, 167, 81.78, 11.96, 358.58, 0.7509, 0.0707, 0.6520, -0.0775
16:00:17, 5.57, 167, 81.60, 12.00, 358.62, 0.7520, 0.0713, 0.6508, -0.0773
16:00:17, 5.60, 168, 81.37, 12.08, 358.70, 0.7533, 0.0724, 0.6492, -0.0772
16:00:17, 5.60, 168, 81.05, 12.26, 358.82, 0.7550, 0.0745, 0.6468, -0.0771
16:00:17, 5.60, 168, 80.66, 12.51, 358.89, 0.7571, 0.0768, 0.6441, -0.0778
16:00:17, 5.63, 169, 80.22, 12.77, 358.96, 0.7594, 0.0792, 0.6410, -0.0786
16:00:17, 5.63, 169, 79.77, 13.00, 358.89, 0.7617, 0.0807, 0.6379, -0.0800
16:00:17, 5.67, 170, 79.37, 13.15, 358.84, 0.7638, 0.0816, 0.6352, -0.0809
16:00:17, 5.67, 170, 79.00, 13.26, 358.76, 0.7656, 0.0823, 0.6328, -0.0817
16:00:17, 5.67, 170, 78.75, 13.40, 358.74, 0.7669, 0.0833, 0.6310, -0.0824
16:00:17, 5.70, 171, 78.47, 13.44, 358.75, 0.7684, 0.0838, 0.6291, -0.0824
16:00:17, 5.70, 171, 78.17, 13.55, 358.73, 0.7699, 0.0847, 0.6271, -0.0829
16:00:17, 5.73, 172, 77.96, 13.63, 358.75, 0.7710, 0.0854, 0.6256, -0.0831
16:00:17, 5.73, 172, 77.72, 13.69, 358.76, 0.7723, 0.0861, 0.6239, -0.0831
16:00:17, 5.77, 173, 77.51, 13.64, 358.76, 0.7735, 0.0859, 0.6225, -0.0827
16:00:17, 5.77, 173, 77.35, 13.67, 358.74, 0.7743, 0.0861, 0.6214, -0.0829
16:00:17, 5.77, 173, 77.21, 13.68, 358.74, 0.7751, 0.0862, 0.6205, -0.0828
16:00:17, 5.80, 174, 77.07, 13.67, 358.74, 0.7758, 0.0862, 0.6196, -0.0827
16:00:17, 5.80, 174, 76.94, 13.71, 358.74, 0.7765, 0.0866, 0.6186, -0.0828
16:00:17, 5.83, 175, 76.81, 13.70, 358.74, 0.7772, 0.0866, 0.6178, -0.0827
16:00:17, 5.83, 175, 76.70, 13.69, 358.77, 0.7778, 0.0868, 0.6170, -0.0823
16:00:17, 5.83, 175, 76.60, 13.63, 358.79, 0.7784, 0.0867, 0.6164, -0.0818
16:00:17, 5.87, 176, 76.53, 13.62, 358.82, 0.7788, 0.0867, 0.6159, -0.0814
16:00:17, 5.87, 176, 76.44, 13.59, 358.87, 0.7794, 0.0869, 0.6152, -0.0809
16:00:17, 5.90, 177, 76.32, 13.60, 358.93, 0.7800, 0.0874, 0.6144, -0.0805
16:00:17, 5.90, 177, 76.15, 13.61, 358.99, 0.7810, 0.0879, 0.6131, -0.0799
16:00:17, 5.93, 178, 75.93, 13.64, 359.01, 0.7822, 0.0884, 0.6116, -0.0798
16:00:17, 5.93, 178, 75.64, 13.69, 359.04, 0.7837, 0.0890, 0.6096, -0.0796
16:00:17, 5.93, 178, 75.24, 13.73, 359.05, 0.7858, 0.0896, 0.6068, -0.0795
16:00:17, 5.97, 179, 74.74, 13.79, 359.06, 0.7884, 0.0905, 0.6033, -0.0793
16:00:17, 5.97, 179, 74.06, 13.84, 359.12, 0.7919, 0.0916, 0.5986, -0.0786
16:00:17, 6.00, 180, 73.10, 13.97, 359.11, 0.7968, 0.0931, 0.5918, -0.0786
16:00:17, 6.00, 180, 71.89, 14.04, 359.24, 0.8030, 0.0951, 0.5832, -0.0771
16:00:17, 6.00, 180, 70.12, 13.96, 359.19, 0.8120, 0.0954, 0.5709, -0.0755
16:00:17, 6.03, 181, 67.94, 13.86, 359.02, 0.8227, 0.0954, 0.5555, -0.0745
16:00:17, 6.03, 181, 65.44, 13.74, 358.53, 0.8344, 0.0937, 0.5379, -0.0754
16:00:17, 6.07, 182, 62.67, 13.46, 357.99, 0.8471, 0.0910, 0.5181, -0.0758
16:00:17, 6.07, 182, 59.80, 13.34, 357.42, 0.8595, 0.0895, 0.4973, -0.0773
16:00:17, 6.10, 183, 57.03, 13.21, 356.95, 0.8711, 0.0884, 0.4768, -0.0781
16:00:17, 6.10, 183, 54.35, 13.01, 356.44, 0.8818, 0.0866, 0.4567, -0.0792
16:00:17, 6.10, 183, 51.65, 12.76, 355.86, 0.8922, 0.0844, 0.4363, -0.0807
16:00:17, 6.13, 184, 48.83, 12.41, 355.17, 0.9025, 0.0810, 0.4147, -0.0828
16:00:17, 6.13, 184, 46.17, 12.07, 354.58, 0.9118, 0.0782, 0.3941, -0.0844
16:00:17, 6.17, 185, 43.68, 11.71, 353.95, 0.9201, 0.0751, 0.3746, -0.0866
16:00:18, 6.17, 185, 41.43, 11.40, 353.55, 0.9273, 0.0729, 0.3566, -0.0874
16:00:18, 6.17, 185, 39.38, 10.98, 353.12, 0.9336, 0.0698, 0.3402, -0.0884
16:00:18, 6.20, 186, 37.67, 10.64, 352.85, 0.9387, 0.0676, 0.3263, -0.0887
16:00:18, 6.20, 186, 36.07, 10.24, 352.59, 0.9433, 0.0647, 0.3132, -0.0888
16:00:18, 6.23, 187, 34.65, 9.83, 352.41, 0.9473, 0.0619, 0.3015, -0.0884
16:00:18, 6.23, 187, 33.32, 9.44, 352.24, 0.9510, 0.0594, 0.2904, -0.0881
16:00:18, 6.27, 188, 32.24, 9.20, 352.16, 0.9538, 0.0579, 0.2814, -0.0877
16:00:18, 6.27, 188, 31.31, 8.97, 352.17, 0.9563, 0.0568, 0.2735, -0.0866
16:00:18, 6.27, 188, 30.67, 8.77, 352.22, 0.9580, 0.0557, 0.2681, -0.0854
16:00:18, 6.30, 189, 30.20, 8.69, 352.33, 0.9592, 0.0556, 0.2641, -0.0841
16:00:18, 6.30, 189, 29.75, 8.55, 352.49, 0.9605, 0.0551, 0.2602, -0.0822
16:00:18, 6.33, 190, 29.44, 8.51, 352.69, 0.9614, 0.0554, 0.2574, -0.0803
16:00:18, 6.33, 190, 29.17, 8.44, 352.92, 0.9622, 0.0556, 0.2550, -0.0781
16:00:18, 6.33, 190, 29.00, 8.43, 353.03, 0.9626, 0.0558, 0.2536, -0.0771
16:00:18, 6.37, 191, 28.84, 8.44, 353.17, 0.9631, 0.0564, 0.2522, -0.0759
16:00:18, 6.37, 191, 28.79, 8.48, 353.42, 0.9633, 0.0573, 0.2517, -0.0738
16:00:18, 6.40, 192, 28.77, 8.48, 353.57, 0.9634, 0.0576, 0.2514, -0.0725
16:00:18, 6.40, 192, 28.69, 8.48, 353.67, 0.9637, 0.0579, 0.2507, -0.0716
16:00:18, 6.43, 193, 28.59, 8.53, 353.73, 0.9639, 0.0585, 0.2498, -0.0712
16:00:18, 6.43, 193, 28.50, 8.58, 353.75, 0.9641, 0.0590, 0.2491, -0.0711
16:00:18, 6.43, 193, 28.39, 8.67, 353.74, 0.9642, 0.0598, 0.2482, -0.0713
16:00:18, 6.47, 194, 28.31, 8.74, 353.76, 0.9644, 0.0605, 0.2475, -0.0713
16:00:18, 6.47, 194, 28.16, 8.84, 353.76, 0.9646, 0.0614, 0.2462, -0.0714
16:00:18, 6.50, 195, 28.02, 8.93, 353.70, 0.9648, 0.0622, 0.2451, -0.0720
16:00:18, 6.50, 195, 27.85, 9.03, 353.64, 0.9651, 0.0630, 0.2438, -0.0726
16:00:18, 6.53, 196, 27.69, 9.16, 353.54, 0.9652, 0.0640, 0.2425, -0.0736
16:00:18, 6.53, 196, 27.55, 9.30, 353.43, 0.9653, 0.0650, 0.2415, -0.0747
16:00:18, 6.53, 196, 27.45, 9.38, 353.33, 0.9654, 0.0655, 0.2407, -0.0757
16:00:18, 6.57, 197, 27.36, 9.46, 353.30, 0.9655, 0.0662, 0.2400, -0.0761
16:00:18, 6.57, 197, 27.20, 9.50, 353.26, 0.9658, 0.0665, 0.2387, -0.0763
16:00:18, 6.60, 198, 26.99, 9.55, 353.26, 0.9662, 0.0671, 0.2370, -0.0764
16:00:18, 6.60, 198, 26.74, 9.60, 353.21, 0.9666, 0.0676, 0.2348, -0.0768
16:00:18, 6.60, 198, 26.41, 9.63, 353.16, 0.9673, 0.0680, 0.2321, -0.0770
16:00:18, 6.63, 199, 26.04, 9.67, 353.12, 0.9679, 0.0685, 0.2290, -0.0772
16:00:18, 6.63, 199, 25.67, 9.72, 353.12, 0.9686, 0.0692, 0.2259, -0.0771
16:00:18, 6.67, 200, 25.19, 9.78, 353.09, 0.9695, 0.0699, 0.2218, -0.0772
16:00:18, 6.67, 200, 24.67, 9.87, 353.05, 0.9704, 0.0710, 0.2175, -0.0774
16:00:18, 6.67, 200, 24.13, 9.92, 353.02, 0.9713, 0.0718, 0.2130, -0.0773
16:00:18, 6.70, 201, 23.52, 10.20, 352.99, 0.9722, 0.0744, 0.2079, -0.0777
16:00:18, 6.70, 201, 22.83, 10.55, 352.93, 0.9731, 0.0778, 0.2023, -0.0783
16:00:18, 6.73, 202, 22.17, 10.98, 352.86, 0.9738, 0.0818, 0.1968, -0.0792
16:00:18, 6.73, 202, 21.46, 11.47, 352.71, 0.9744, 0.0862, 0.1912, -0.0807
16:00:18, 6.77, 203, 20.84, 12.05, 352.59, 0.9748, 0.0914, 0.1862, -0.0822
16:00:18, 6.77, 203, 20.26, 12.57, 352.54, 0.9752, 0.0962, 0.1815, -0.0829
16:00:18, 6.77, 203, 19.71, 13.13, 352.42, 0.9754, 0.1011, 0.1771, -0.0842
16:00:18, 6.80, 204, 19.23, 13.64, 352.36, 0.9755, 0.1058, 0.1732, -0.0850
16:00:18, 6.80, 204, 18.89, 13.98, 352.23, 0.9755, 0.1087, 0.1707, -0.0862
16:00:18, 6.83, 205, 18.63, 14.26, 352.14, 0.9755, 0.1112, 0.1686, -0.0872
16:00:18, 6.83, 205, 18.48, 14.27, 351.96, 0.9756, 0.1112, 0.1675, -0.0885
16:00:18, 6.83, 205, 18.38, 14.29, 351.83, 0.9756, 0.1112, 0.1668, -0.0896
16:00:18, 6.87, 206, 18.41, 14.24, 351.74, 0.9755, 0.1106, 0.1672, -0.0903
16:00:18, 6.87, 206, 18.46, 14.36, 351.64, 0.9752, 0.1114, 0.1677, -0.0914
16:00:18, 6.90, 207, 18.49, 14.55, 351.52, 0.9749, 0.1128, 0.1682, -0.0927
16:00:18, 6.90, 207, 18.57, 14.79, 351.42, 0.9744, 0.1147, 0.1690, -0.0939
16:00:18, 6.93, 208, 18.65, 15.05, 351.38, 0.9739, 0.1168, 0.1699, -0.0947
16:00:18, 6.93, 208, 18.76, 15.37, 351.40, 0.9734, 0.1195, 0.1710, -0.0950
16:00:18, 6.93, 208, 18.90, 15.75, 351.47, 0.9728, 0.1227, 0.1722, -0.0951
16:00:18, 6.97, 209, 19.04, 16.13, 351.61, 0.9722, 0.1260, 0.1734, -0.0946
16:00:18, 6.97, 209, 19.19, 16.58, 351.75, 0.9715, 0.1299, 0.1748, -0.0941
16:00:18, 7.00, 210, 19.32, 16.95, 351.86, 0.9708, 0.1331, 0.1758, -0.0939
16:00:18, 7.00, 210, 19.50, 17.30, 352.05, 0.9702, 0.1363, 0.1773, -0.0930
16:00:18, 7.03, 211, 19.69, 17.62, 352.23, 0.9696, 0.1391, 0.1788, -0.0921
16:00:18, 7.03, 211, 19.84, 17.90, 352.41, 0.9692, 0.1416, 0.1799, -0.0911
16:00:18, 7.03, 211, 20.01, 18.12, 352.55, 0.9687, 0.1436, 0.1813, -0.0905
16:00:18, 7.07, 212, 20.16, 18.32, 352.71, 0.9683, 0.1454, 0.1824, -0.0896
16:00:18, 7.07, 212, 20.32, 18.42, 352.87, 0.9680, 0.1464, 0.1836, -0.0886
16:00:18, 7.10, 213, 20.42, 18.54, 352.96, 0.9677, 0.1475, 0.1844, -0.0882
16:00:18, 7.10, 213, 20.47, 18.57, 353.03, 0.9677, 0.1478, 0.1847, -0.0876
16:00:18, 7.10, 213, 20.54, 18.61, 353.04, 0.9675, 0.1481, 0.1853, -0.0877
16:00:18, 7.13, 214, 20.58, 18.62, 352.99, 0.9674, 0.1481, 0.1857, -0.0882
16:00:18, 7.13, 214, 20.60, 18.68, 352.96, 0.9672, 0.1486, 0.1859, -0.0886
16:00:18, 7.17, 215, 20.60, 18.70, 352.97, 0.9672, 0.1487, 0.1859, -0.0885
16:00:19, 7.17, 215, 20.58, 18.74, 352.93, 0.9672, 0.1490, 0.1858, -0.0889
16:00:19, 7.17, 215, 20.54, 18.71, 352.91, 0.9672, 0.1487, 0.1854, -0.0890
16:00:19, 7.20, 216, 20.47, 18.70, 352.87, 0.9673, 0.1487, 0.1849, -0.0892
16:00:19, 7.20, 216, 20.40, 18.67, 352.83, 0.9675, 0.1484, 0.1844, -0.0894
16:00:19, 7.23, 217, 20.35, 18.67, 352.83, 0.9675, 0.1484, 0.1840, -0.0894
16:00:19, 7.23, 217, 20.31, 18.65, 352.79, 0.9676, 0.1483, 0.1836, -0.0896
16:00:19, 7.27, 218, 20.26, 18.66, 352.75, 0.9676, 0.1483, 0.1833, -0.0899
16:00:19, 7.27, 218, 20.23, 18.68, 352.73, 0.9676, 0.1485, 0.1831, -0.0900
16:00:19, 7.27, 218, 20.18, 18.67, 352.70, 0.9677, 0.1484, 0.1827, -0.0902
16:00:19, 7.30, 219, 20.15, 18.70, 352.68, 0.9677, 0.1486, 0.1824, -0.0903
16:00:19, 7.30, 219, 20.13, 18.71, 352.67, 0.9677, 0.1487, 0.1823, -0.0905
16:00:19, 7.33, 220, 20.12, 18.76, 352.64, 0.9676, 0.1491, 0.1823, -0.0908
16:00:19, 7.33, 220, 20.16, 18.77, 352.60, 0.9675, 0.1491, 0.1827, -0.0912
16:00:19, 7.33, 220, 20.19, 18.78, 352.59, 0.9674, 0.1491, 0.1830, -0.0913
16:00:19, 7.37, 221, 20.24, 18.79, 352.58, 0.9673, 0.1492, 0.1834, -0.0914
16:00:19, 7.37, 221, 20.31, 18.82, 352.57, 0.9672, 0.1493, 0.1840, -0.0917
16:00:19, 7.40, 222, 20.37, 18.84, 352.56, 0.9671, 0.1494, 0.1845, -0.0919
16:00:19, 7.40, 222, 20.44, 18.91, 352.56, 0.9668, 0.1499, 0.1851, -0.0921
16:00:19, 7.43, 223, 20.56, 18.96, 352.56, 0.9666, 0.1503, 0.1862, -0.0923
16:00:19, 7.43, 223, 20.70, 19.01, 352.56, 0.9663, 0.1506, 0.1873, -0.0925
16:00:19, 7.43, 223, 20.81, 19.08, 352.59, 0.9660, 0.1512, 0.1883, -0.0926
16:00:19, 7.47, 224, 20.92, 19.17, 352.61, 0.9657, 0.1519, 0.1892, -0.0927
16:00:19, 7.47, 224, 21.03, 19.28, 352.62, 0.9654, 0.1527, 0.1901, -0.0928
16:00:19, 7.50, 225, 21.10, 19.32, 352.64, 0.9652, 0.1530, 0.1907, -0.0929
16:00:19, 7.50, 225, 21.18, 19.39, 352.68, 0.9650, 0.1536, 0.1913, -0.0928
16:00:19, 7.50, 225, 21.23, 19.47, 352.67, 0.9648, 0.1542, 0.1918, -0.0930
16:00:19, 7.53, 226, 21.26, 19.51, 352.67, 0.9647, 0.1545, 0.1921, -0.0931
16:00:19, 7.53, 226, 21.30, 19.55, 352.63, 0.9645, 0.1548, 0.1925, -0.0935
16:00:19, 7.57, 227, 21.29, 19.59, 352.60, 0.9644, 0.1551, 0.1924, -0.0939
16:00:19, 7.57, 227, 21.30, 19.70, 352.57, 0.9642, 0.1560, 0.1926, -0.0943
16:00:19, 7.60, 228, 21.27, 19.79, 352.55, 0.9641, 0.1567, 0.1924, -0.0946
16:00:19, 7.60, 228, 21.23, 19.89, 352.50, 0.9640, 0.1575, 0.1921, -0.0950
16:00:19, 7.60, 228, 21.21, 19.96, 352.51, 0.9639, 0.1582, 0.1920, -0.0950
16:00:19, 7.63, 229, 21.22, 20.05, 352.49, 0.9637, 0.1589, 0.1921, -0.0954
16:00:19, 7.63, 229, 21.24, 20.18, 352.46, 0.9635, 0.1599, 0.1924, -0.0958
16:00:19, 7.67, 230, 21.31, 20.32, 352.43, 0.9631, 0.1610, 0.1930, -0.0964
16:00:19, 7.67, 230, 21.38, 20.48, 352.42, 0.9627, 0.1623, 0.1937, -0.0968
16:00:19, 7.67, 230, 21.57, 20.66, 352.39, 0.9620, 0.1636, 0.1954, -0.0976
16:00:19, 7.70, 231, 21.77, 20.91, 352.34, 0.9613, 0.1654, 0.1972, -0.0987
16:00:19, 7.70, 231, 22.10, 21.21, 352.29, 0.9601, 0.1676, 0.2001, -0.1000
16:00:19, 7.73, 232, 22.59, 21.56, 352.24, 0.9587, 0.1699, 0.2043, -0.1017
16:00:19, 7.73, 232, 23.13, 21.93, 352.27, 0.9571, 0.1726, 0.2090, -0.1028
16:00:19, 7.77, 233, 23.81, 22.37, 352.30, 0.9550, 0.1758, 0.2147, -0.1044
16:00:19, 7.77, 233, 24.62, 22.76, 352.41, 0.9529, 0.1785, 0.2213, -0.1054
16:00:19, 7.77, 233, 25.51, 23.22, 352.54, 0.9505, 0.1818, 0.2286, -0.1065
16:00:19, 7.80, 234, 26.50, 23.77, 352.63, 0.9475, 0.1856, 0.2367, -0.1083
16:00:19, 7.80, 234, 27.66, 24.30, 352.85, 0.9443, 0.1894, 0.2460, -0.1094
16:00:19, 7.83, 235, 28.93, 24.87, 353.12, 0.9407, 0.1935, 0.2560, -0.1104
16:00:19, 7.83, 235, 30.19, 25.51, 353.44, 0.9368, 0.1983, 0.2658, -0.1113
16:00:19, 7.87, 236, 31.51, 26.10, 353.75, 0.9328, 0.2026, 0.2760, -0.1123
16:00:19, 7.87, 236, 32.85, 26.80, 354.22, 0.9286, 0.2081, 0.2860, -0.1125
16:00:19, 7.87, 236, 34.23, 27.52, 354.69, 0.9241, 0.2138, 0.2961, -0.1129
16:00:19, 7.90, 237, 35.57, 28.34, 355.03, 0.9191, 0.2201, 0.3059, -0.1148
16:00:19, 7.90, 237, 36.95, 29.17, 355.43, 0.9140, 0.2264, 0.3160, -0.1164
16:00:19, 7.93, 238, 38.25, 30.06, 355.69, 0.9086, 0.2330, 0.3254, -0.1193
16:00:19, 7.93, 238, 39.53, 30.89, 355.96, 0.9033, 0.2390, 0.3346, -0.1220
16:00:19, 7.93, 238, 40.77, 31.68, 356.28, 0.8982, 0.2448, 0.3433, -0.1243
16:00:19, 7.97, 239, 41.93, 32.45, 356.62, 0.8932, 0.2507, 0.3511, -0.1264
16:00:19, 7.97, 239, 43.02, 33.14, 356.86, 0.8885, 0.2556, 0.3586, -0.1290
16:00:19, 8.00, 240, 44.02, 33.88, 357.09, 0.8838, 0.2610, 0.3652, -0.1317
16:00:19, 8.00, 240, 44.84, 34.65, 357.20, 0.8794, 0.2663, 0.3707, -0.1352
16:00:19, 8.03, 241, 45.56, 35.37, 357.25, 0.8753, 0.2712, 0.3755, -0.1387
16:00:19, 8.03, 241, 46.16, 36.13, 357.35, 0.8716, 0.2766, 0.3792, -0.1418
16:00:19, 8.03, 241, 46.77, 36.75, 357.46, 0.8681, 0.2809, 0.3830, -0.1444
16:00:19, 8.07, 242, 47.29, 37.35, 357.48, 0.8648, 0.2849, 0.3863, -0.1475
16:00:19, 8.07, 242, 47.80, 37.96, 357.46, 0.8614, 0.2888, 0.3896, -0.1509
16:00:19, 8.10, 243, 48.17, 38.50, 357.29, 0.8585, 0.2918, 0.3923, -0.1549
16:00:19, 8.10, 243, 48.56, 39.07, 357.14, 0.8554, 0.2951, 0.3950, -0.1589
16:00:19, 8.10, 243, 48.90, 39.55, 356.98, 0.8527, 0.2976, 0.3975, -0.1625
16:00:19, 8.13, 244, 49.24, 40.02, 356.82, 0.8499, 0.3001, 0.3999, -0.1662
16:00:19, 8.13, 244, 49.63, 40.55, 356.67, 0.8469, 0.3029, 0.4027, -0.1701
16:00:19, 8.17, 245, 49.95, 41.00, 356.53, 0.8442, 0.3053, 0.4049, -0.1735
16:00:20, 8.17, 245, 50.24, 41.54, 356.43, 0.8415, 0.3085, 0.4067, -0.1768
16:00:20, 8.17, 245, 50.61, 41.92, 356.43, 0.8390, 0.3108, 0.4091, -0.1791
16:00:20, 8.20, 246, 50.91, 42.35, 356.46, 0.8368, 0.3136, 0.4107, -0.1812
16:00:20, 8.20, 246, 51.25, 42.72, 356.55, 0.8346, 0.3161, 0.4125, -0.1827
16:00:20, 8.23, 247, 51.56, 42.98, 356.58, 0.8328, 0.3176, 0.4143, -0.1843
16:00:20, 8.23, 247, 51.91, 43.24, 356.75, 0.8310, 0.3196, 0.4161, -0.1849
16:00:20, 8.27, 248, 52.13, 43.53, 356.79, 0.8294, 0.3215, 0.4172, -0.1862
16:00:20, 8.27, 248, 52.36, 43.75, 356.89, 0.8281, 0.3231, 0.4183, -0.1869
16:00:20, 8.27, 248, 52.56, 43.94, 356.90, 0.8268, 0.3242, 0.4195, -0.1880
16:00:20, 8.30, 249, 52.80, 44.11, 356.97, 0.8255, 0.3253, 0.4209, -0.1889
16:00:20, 8.30, 249, 52.98, 44.24, 357.02, 0.8245, 0.3261, 0.4218, -0.1895
16:00:20, 8.33, 250, 53.16, 44.38, 357.06, 0.8235, 0.3270, 0.4228, -0.1902
16:00:20, 8.33, 250, 53.37, 44.49, 357.09, 0.8224, 0.3276, 0.4241, -0.1909
16:00:20, 8.33, 250, 53.50, 44.58, 357.08, 0.8216, 0.3280, 0.4250, -0.1918
16:00:20, 8.37, 251, 53.68, 44.69, 357.07, 0.8206, 0.3284, 0.4261, -0.1927
16:00:20, 8.37, 251, 53.87, 44.79, 357.06, 0.8196, 0.3288, 0.4274, -0.1937
16:00:20, 8.40, 252, 54.08, 44.91, 356.93, 0.8182, 0.3289, 0.4291, -0.1956
16:00:20, 8.40, 252, 54.34, 45.08, 356.78, 0.8165, 0.3290, 0.4312, -0.1980
16:00:20, 8.43, 253, 54.72, 45.31, 356.64, 0.8141, 0.3295, 0.4340, -0.2010
16:00:20, 8.43, 253, 55.13, 45.55, 356.53, 0.8116, 0.3301, 0.4369, -0.2038
16:00:20, 8.43, 253, 55.67, 45.90, 356.45, 0.8083, 0.3313, 0.4405, -0.2072
16:00:20, 8.47, 254, 56.20, 46.20, 356.42, 0.8052, 0.3324, 0.4438, -0.2100
16:00:20, 8.47, 254, 56.66, 46.62, 356.40, 0.8021, 0.3345, 0.4466, -0.2131
16:00:20, 8.50, 255, 57.16, 46.99, 356.52, 0.7992, 0.3366, 0.4492, -0.2151
16:00:20, 8.50, 255, 57.51, 47.37, 356.48, 0.7966, 0.3385, 0.4511, -0.2178
16:00:20, 8.50, 255, 58.06, 47.66, 356.36, 0.7932, 0.3390, 0.4549, -0.2213
16:00:20, 8.53, 256, 58.73, 47.82, 356.35, 0.7900, 0.3388, 0.4593, -0.2240
16:00:20, 8.53, 256, 59.53, 47.93, 356.40, 0.7865, 0.3382, 0.4645, -0.2265
16:00:20, 8.57, 257, 60.47, 47.92, 356.72, 0.7833, 0.3376, 0.4700, -0.2270
16:00:20, 8.57, 257, 61.41, 47.88, 357.20, 0.7806, 0.3373, 0.4751, -0.2263
16:00:20, 8.60, 258, 62.51, 47.78, 357.83, 0.7775, 0.3372, 0.4809, -0.2249
16:00:20, 8.60, 258, 63.73, 47.64, 358.53, 0.7741, 0.3368, 0.4873, -0.2232
16:00:20, 8.60, 258, 64.96, 47.53, 359.30, 0.7707, 0.3369, 0.4936, -0.2211
16:00:20, 8.63, 259, 66.22, 47.46, 0.07, 0.7669, 0.3374, 0.4998, -0.2194
16:00:20, 8.63, 259, 67.72, 47.47, 0.97, 0.7621, 0.3385, 0.5072, -0.2178
16:00:20, 8.67, 260, 69.11, 47.56, 1.81, 0.7572, 0.3403, 0.5137, -0.2168
16:00:20, 8.67, 260, 70.65, 47.58, 2.76, 0.7520, 0.3418, 0.5210, -0.2152
16:00:20, 8.67, 260, 72.23, 47.65, 3.71, 0.7463, 0.3436, 0.5284, -0.2141
16:00:20, 8.70, 261, 73.78, 47.67, 4.56, 0.7406, 0.3448, 0.5358, -0.2133
16:00:20, 8.70, 261, 75.42, 47.62, 5.42, 0.7346, 0.3455, 0.5439, -0.2125
16:00:20, 8.73, 262, 77.02, 47.54, 6.32, 0.7289, 0.3464, 0.5515, -0.2111
16:00:20, 8.73, 262, 78.61, 47.46, 7.20, 0.7230, 0.3472, 0.5592, -0.2099
16:00:20, 8.77, 263, 80.13, 47.40, 7.98, 0.7171, 0.3479, 0.5666, -0.2093
16:00:20, 8.77, 263, 81.69, 47.33, 8.78, 0.7109, 0.3486, 0.5740, -0.2087
16:00:20, 8.77, 263, 83.22, 47.20, 9.47, 0.7047, 0.3485, 0.5818, -0.2084
16:00:20, 8.80, 264, 84.74, 47.05, 10.22, 0.6987, 0.3487, 0.5892, -0.2076
16:00:20, 8.80, 264, 86.23, 46.93, 10.88, 0.6924, 0.3488, 0.5966, -0.2075
16:00:20, 8.83, 265, 87.68, 46.72, 11.49, 0.6863, 0.3482, 0.6041, -0.2070
16:00:20, 8.83, 265, 89.10, 46.50, 12.08, 0.6803, 0.3476, 0.6114, -0.2065
16:00:20, 8.83, 265, 90.47, 46.32, 12.75, 0.6744, 0.3477, 0.6180, -0.2056
16:00:20, 8.87, 266, 91.83, 46.08, 13.34, 0.6685, 0.3473, 0.6249, -0.2049
16:00:20, 8.87, 266, 93.07, 45.94, 13.90, 0.6630, 0.3474, 0.6309, -0.2046
16:00:20, 8.90, 267, 94.33, 45.76, 14.55, 0.6574, 0.3477, 0.6367, -0.2035
16:00:20, 8.90, 267, 95.42, 45.60, 15.12, 0.6526, 0.3482, 0.6417, -0.2025
16:00:20, 8.93, 268, 96.47, 45.43, 15.62, 0.6479, 0.3483, 0.6467, -0.2019
16:00:20, 8.93, 268, 97.50, 45.17, 16.18, 0.6433, 0.3484, 0.6517, -0.2002
16:00:20, 8.93, 268, 98.50, 44.90, 16.65, 0.6388, 0.3480, 0.6567, -0.1989
16:00:20, 8.97, 269, 99.47, 44.60, 17.07, 0.6343, 0.3473, 0.6618, -0.1976
16:00:20, 8.97, 269, 100.37, 44.34, 17.34, 0.6299, 0.3460, 0.6668, -0.1971
16:00:20, 9.00, 270, 101.35, 44.13, 17.72, 0.6251, 0.3457, 0.6717, -0.1967
16:00:20, 9.00, 270, 102.36, 43.98, 18.17, 0.6200, 0.3459, 0.6763, -0.1963
16:00:20, 9.00, 270, 103.20, 43.81, 18.45, 0.6157, 0.3453, 0.6806, -0.1962
16:00:20, 9.03, 271, 104.04, 43.63, 18.70, 0.6113, 0.3445, 0.6849, -0.1962
16:00:20, 9.03, 271, 104.86, 43.38, 18.93, 0.6070, 0.3434, 0.6894, -0.1958
16:00:20, 9.07, 272, 105.59, 43.17, 19.10, 0.6031, 0.3423, 0.6934, -0.1957
16:00:20, 9.07, 272, 106.26, 42.92, 19.13, 0.5993, 0.3402, 0.6977, -0.1959
16:00:20, 9.10, 273, 106.90, 42.72, 19.14, 0.5956, 0.3383, 0.7016, -0.1963
16:00:20, 9.10, 273, 107.61, 42.46, 19.26, 0.5916, 0.3367, 0.7059, -0.1960
16:00:20, 9.10, 273, 108.26, 42.15, 19.27, 0.5878, 0.3343, 0.7102, -0.1958
16:00:20, 9.13, 274, 108.96, 41.97, 19.23, 0.5835, 0.3321, 0.7145, -0.1968
16:00:20, 9.13, 274, 109.69, 41.69, 19.26, 0.5792, 0.3298, 0.7190, -0.1968
16:00:20, 9.17, 275, 110.40, 41.39, 19.34, 0.5750, 0.3278, 0.7234, -0.1964
16:00:21, 9.17, 275, 111.02, 41.12, 19.33, 0.5713, 0.3256, 0.7274, -0.1963
16:00:21, 9.17, 275, 111.66, 40.85, 19.33, 0.5674, 0.3234, 0.7314, -0.1963
16:00:21, 9.20, 276, 112.18, 40.64, 19.25, 0.5640, 0.3211, 0.7349, -0.1966
16:00:21, 9.20, 276, 112.46, 40.49, 19.06, 0.5620, 0.3189, 0.7373, -0.1973
16:00:21, 9.23, 277, 112.72, 40.38, 18.92, 0.5601, 0.3170, 0.7393, -0.1980
16:00:21, 9.23, 277, 112.85, 40.25, 18.78, 0.5591, 0.3154, 0.7407, -0.1981
16:00:21, 9.27, 278, 112.72, 40.18, 18.47, 0.5594, 0.3133, 0.7412, -0.1988
16:00:21, 9.27, 278, 112.40, 40.12, 18.11, 0.5609, 0.3113, 0.7408, -0.1992
16:00:21, 9.27, 278, 111.88, 40.11, 17.78, 0.5637, 0.3100, 0.7392, -0.1994
16:00:21, 9.30, 279, 111.05, 40.14, 17.35, 0.5683, 0.3089, 0.7361, -0.1995
16:00:21, 9.30, 279, 109.76, 40.19, 16.70, 0.5753, 0.3071, 0.7313, -0.1996
16:00:21, 9.33, 280, 107.98, 40.22, 15.81, 0.5851, 0.3047, 0.7246, -0.1995
16:00:21, 9.33, 280, 105.69, 40.32, 14.59, 0.5973, 0.3015, 0.7157, -0.2004
16:00:21, 9.37, 281, 102.46, 40.37, 12.77, 0.6140, 0.2961, 0.7032, -0.2020
16:00:21, 9.37, 281, 98.71, 40.23, 10.43, 0.6328, 0.2878, 0.6892, -0.2043
16:00:21, 9.37, 281, 93.95, 39.96, 7.52, 0.6563, 0.2777, 0.6703, -0.2072
16:00:21, 9.40, 282, 88.93, 39.62, 4.57, 0.6804, 0.2680, 0.6488, -0.2104
16:00:21, 9.40, 282, 83.64, 39.09, 1.73, 0.7056, 0.2588, 0.6245, -0.2124
16:00:21, 9.43, 283, 78.21, 38.46, 359.08, 0.7310, 0.2508, 0.5976, -0.2136
16:00:21, 9.43, 283, 72.71, 37.63, 356.44, 0.7560, 0.2422, 0.5689, -0.2148
16:00:21, 9.43, 283, 67.23, 36.77, 353.99, 0.7800, 0.2348, 0.5384, -0.2158
16:00:21, 9.47, 284, 61.96, 35.71, 351.69, 0.8025, 0.2267, 0.5077, -0.2165
16:00:21, 9.47, 284, 56.98, 34.56, 349.67, 0.8231, 0.2190, 0.4771, -0.2167
16:00:21, 9.50, 285, 52.10, 33.43, 348.07, 0.8427, 0.2133, 0.4452, -0.2150
16:00:21, 9.50, 285, 47.21, 32.30, 346.79, 0.8615, 0.2089, 0.4114, -0.2119
16:00:21, 9.50, 285, 42.05, 31.25, 346.08, 0.8806, 0.2077, 0.3734, -0.2048
16:00:21, 9.53, 286, 36.84, 30.10, 345.55, 0.8986, 0.2060, 0.3337, -0.1966
16:00:21, 9.53, 286, 31.49, 29.16, 345.11, 0.9148, 0.2062, 0.2918, -0.1884
16:00:21, 9.57, 287, 26.16, 28.11, 344.69, 0.9291, 0.2052, 0.2491, -0.1804
16:00:21, 9.57, 287, 20.93, 27.08, 344.21, 0.9411, 0.2038, 0.2066, -0.1734
16:00:21, 9.60, 288, 15.87, 26.09, 343.67, 0.9506, 0.2022, 0.1649, -0.1679
16:00:21, 9.60, 288, 10.89, 25.14, 343.14, 0.9581, 0.2007, 0.1234, -0.1628
16:00:21, 9.60, 288, 6.03, 24.39, 342.72, 0.9633, 0.2008, 0.0825, -0.1576
16:00:21, 9.63, 289, 1.47, 23.44, 342.41, 0.9672, 0.1988, 0.0435, -0.1523
16:00:21, 9.63, 289, 357.03, 22.50, 342.09, 0.9693, 0.1966, 0.0053, -0.1477
16:00:21, 9.67, 290, 352.88, 21.47, 341.81, 0.9701, 0.1932, -0.0309, -0.1436
16:00:21, 9.67, 290, 348.85, 20.20, 341.35, 0.9697, 0.1878, -0.0661, -0.1420
16:00:21, 9.70, 291, 345.05, 18.68, 340.80, 0.9682, 0.1801, -0.0997, -0.1423
16:00:21, 9.70, 291, 341.28, 17.16, 340.32, 0.9654, 0.1725, -0.1333, -0.1429
16:00:21, 9.70, 291, 337.59, 15.90, 339.98, 0.9614, 0.1670, -0.1659, -0.1424
16:00:21, 9.73, 292, 334.03, 14.78, 339.63, 0.9562, 0.1628, -0.1971, -0.1424
16:00:21, 9.73, 292, 330.59, 13.92, 339.35, 0.9501, 0.1605, -0.2269, -0.1418
16:00:21, 9.77, 293, 327.43, 13.21, 339.27, 0.9438, 0.1587, -0.2541, -0.1399
16:00:21, 9.77, 293, 324.53, 12.53, 339.46, 0.9375, 0.1563, -0.2794, -0.1361
16:00:21, 9.77, 293, 321.69, 11.88, 339.71, 0.9308, 0.1537, -0.3041, -0.1320
16:00:21, 9.80, 294, 319.13, 11.42, 339.98, 0.9243, 0.1522, -0.3259, -0.1278
16:00:21, 9.80, 294, 316.95, 11.01, 340.24, 0.9183, 0.1506, -0.3445, -0.1242
16:00:21, 9.83, 295, 314.87, 10.71, 340.61, 0.9123, 0.1493, -0.3621, -0.1196
16:00:21, 9.83, 295, 312.90, 10.52, 341.16, 0.9065, 0.1480, -0.3788, -0.1132
16:00:21, 9.87, 296, 310.99, 10.41, 341.72, 0.9006, 0.1471, -0.3947, -0.1068
16:00:21, 9.87, 296, 309.29, 10.32, 342.13, 0.8951, 0.1465, -0.4087, -0.1018
16:00:21, 9.87, 296, 307.63, 10.35, 342.55, 0.8894, 0.1467, -0.4221, -0.0962
16:00:21, 9.90, 297, 306.02, 10.45, 342.95, 0.8837, 0.1473, -0.4349, -0.0907
16:00:21, 9.90, 297, 304.56, 10.58, 343.42, 0.8784, 0.1475, -0.4465, -0.0847
16:00:21, 9.93, 298, 303.02, 10.55, 343.78, 0.8726, 0.1470, -0.4588, -0.0800
16:00:21, 9.93, 298, 301.57, 10.56, 343.97, 0.8669, 0.1473, -0.4701, -0.0767
16:00:21, 9.93, 298, 300.18, 10.53, 344.12, 0.8612, 0.1473, -0.4808, -0.0739
16:00:21, 9.97, 299, 298.79, 10.43, 344.12, 0.8553, 0.1475, -0.4914, -0.0725
16:00:21, 9.97, 299, 297.34, 10.39, 344.05, 0.8490, 0.1484, -0.5021, -0.0714
