Timestamp, VideoTime, VideoFrame, HeadYaw, HeadPitch, HeadRoll, HeadQuatW, HeadQuatX, HeadQuatY, HeadQuatZ
16:02:34, 0.03, 1, 73.69, 346.05, 2.54, 0.7925, -0.0840, 0.5972, 0.0904
16:02:34, 0.03, 1, 75.67, 345.81, 3.28, 0.7813, -0.0801, 0.6112, 0.0982
16:02:34, 0.03, 1, 76.47, 345.61, 3.61, 0.7765, -0.0789, 0.6168, 0.1020
16:02:34, 0.07, 2, 76.96, 345.49, 3.91, 0.7734, -0.0778, 0.6203, 0.1050
16:02:34, 0.07, 2, 77.22, 345.40, 4.23, 0.7716, -0.0764, 0.6222, 0.1079
16:02:34, 0.07, 2, 77.50, 345.32, 4.40, 0.7699, -0.0757, 0.6242, 0.1096
16:02:34, 0.10, 3, 77.62, 345.19, 4.60, 0.7689, -0.0754, 0.6250, 0.1117
16:02:34, 0.10, 3, 77.67, 345.16, 4.65, 0.7685, -0.0753, 0.6254, 0.1123
16:02:34, 0.13, 4, 77.70, 344.99, 4.64, 0.7682, -0.0764, 0.6255, 0.1131
16:02:34, 0.13, 4, 77.83, 344.87, 4.65, 0.7673, -0.0771, 0.6263, 0.1139
16:02:34, 0.17, 5, 77.97, 344.74, 4.63, 0.7664, -0.0779, 0.6272, 0.1146
16:02:34, 0.17, 5, 78.13, 344.55, 4.75, 0.7652, -0.0784, 0.6283, 0.1165
16:02:34, 0.17, 5, 78.34, 344.41, 4.89, 0.7637, -0.0784, 0.6297, 0.1184
16:02:34, 0.20, 6, 78.46, 344.24, 5.09, 0.7627, -0.0783, 0.6306, 0.1207
16:02:34, 0.20, 6, 78.64, 344.08, 5.24, 0.7614, -0.0783, 0.6318, 0.1227
16:02:34, 0.23, 7, 78.77, 343.91, 5.37, 0.7603, -0.0786, 0.6326, 0.1245
16:02:34, 0.23, 7, 78.88, 343.78, 5.54, 0.7593, -0.0784, 0.6335, 0.1265
16:02:34, 0.27, 8, 79.05, 343.65, 5.65, 0.7581, -0.0785, 0.6346, 0.1280
16:02:34, 0.27, 8, 79.20, 343.53, 5.76, 0.7570, -0.0785, 0.6356, 0.1295
16:02:35, 0.27, 8, 79.38, 343.45, 5.88, 0.7558, -0.0782, 0.6369, 0.1308
16:02:35, 0.30, 9, 79.51, 343.37, 6.01, 0.7548, -0.0779, 0.6378, 0.1323
16:02:35, 0.30, 9, 79.63, 343.30, 6.14, 0.7539, -0.0774, 0.6386, 0.1335
16:02:35, 0.33, 10, 79.70, 343.22, 6.29, 0.7532, -0.0771, 0.6391, 0.1350
16:02:35, 0.33, 10, 79.78, 343.11, 6.46, 0.7524, -0.0768, 0.6397, 0.1368
16:02:35, 0.33, 10, 79.87, 343.08, 6.63, 0.7517, -0.0759, 0.6404, 0.1382
16:02:35, 0.37, 11, 79.92, 343.05, 6.82, 0.7512, -0.0750, 0.6408, 0.1396
16:02:35, 0.37, 11, 79.99, 343.01, 6.97, 0.7505, -0.0743, 0.6414, 0.1408
16:02:35, 0.40, 12, 80.05, 342.99, 7.10, 0.7500, -0.0736, 0.6418, 0.1418
16:02:35, 0.40, 12, 80.10, 342.97, 7.19, 0.7496, -0.0732, 0.6422, 0.1426
16:02:35, 0.43, 13, 80.19, 342.97, 7.21, 0.7490, -0.0730, 0.6428, 0.1427
16:02:35, 0.43, 13, 80.28, 342.99, 7.21, 0.7486, -0.0728, 0.6434, 0.1427
16:02:35, 0.43, 13, 80.38, 343.06, 7.12, 0.7482, -0.0727, 0.6441, 0.1418
16:02:35, 0.47, 14, 80.50, 343.18, 7.03, 0.7478, -0.0722, 0.6448, 0.1406
16:02:35, 0.47, 14, 80.60, 343.33, 6.97, 0.7475, -0.0715, 0.6455, 0.1394
16:02:35, 0.50, 15, 80.70, 343.55, 6.89, 0.7474, -0.0703, 0.6462, 0.1378
16:02:35, 0.50, 15, 80.77, 343.80, 6.79, 0.7474, -0.0691, 0.6467, 0.1358
16:02:35, 0.53, 16, 80.85, 344.09, 6.67, 0.7474, -0.0678, 0.6473, 0.1335
16:02:35, 0.53, 16, 80.94, 344.43, 6.54, 0.7475, -0.0663, 0.6479, 0.1308
16:02:35, 0.53, 16, 81.05, 344.78, 6.40, 0.7475, -0.0646, 0.6487, 0.1280
16:02:35, 0.57, 17, 81.16, 345.15, 6.30, 0.7474, -0.0625, 0.6495, 0.1253
16:02:35, 0.57, 17, 81.28, 345.60, 6.22, 0.7473, -0.0600, 0.6503, 0.1224
16:02:35, 0.60, 18, 81.44, 346.12, 6.12, 0.7471, -0.0569, 0.6516, 0.1189
16:02:35, 0.60, 18, 81.56, 346.76, 6.12, 0.7471, -0.0525, 0.6525, 0.1153
16:02:35, 0.60, 18, 81.79, 347.62, 6.02, 0.7468, -0.0473, 0.6542, 0.1099
16:02:35, 0.63, 19, 81.92, 348.62, 5.90, 0.7471, -0.0412, 0.6553, 0.1036
16:02:35, 0.63, 19, 82.12, 350.17, 5.82, 0.7474, -0.0313, 0.6569, 0.0943
16:02:35, 0.67, 20, 82.28, 351.78, 5.83, 0.7478, -0.0206, 0.6581, 0.0853
16:02:35, 0.67, 20, 82.32, 353.66, 5.93, 0.7489, -0.0076, 0.6584, 0.0752
16:02:35, 0.70, 21, 82.31, 355.62, 6.05, 0.7500, 0.0059, 0.6582, 0.0648
16:02:35, 0.70, 21, 82.31, 357.31, 6.11, 0.7508, 0.0174, 0.6579, 0.0555
16:02:35, 0.70, 21, 82.29, 358.85, 6.10, 0.7516, 0.0275, 0.6574, 0.0467
16:02:35, 0.73, 22, 82.25, 0.20, 6.06, 0.7523, 0.0361, 0.6567, 0.0387
16:02:35, 0.73, 22, 82.23, 1.56, 6.13, 0.7527, 0.0454, 0.6560, 0.0313
16:02:35, 0.77, 23, 82.09, 2.81, 6.17, 0.7537, 0.0538, 0.6545, 0.0245
16:02:35, 0.77, 23, 81.92, 3.79, 6.18, 0.7548, 0.0603, 0.6529, 0.0190
16:02:35, 0.77, 23, 81.84, 4.60, 6.16, 0.7553, 0.0654, 0.6519, 0.0143
16:02:35, 0.80, 24, 81.84, 5.16, 6.13, 0.7554, 0.0690, 0.6516, 0.0109
16:02:35, 0.80, 24, 81.83, 5.53, 6.19, 0.7554, 0.0718, 0.6513, 0.0092
16:02:35, 0.83, 25, 81.96, 6.02, 6.36, 0.7546, 0.0759, 0.6517, 0.0074
16:02:35, 0.83, 25, 82.07, 6.49, 6.54, 0.7540, 0.0800, 0.6520, 0.0059
16:02:35, 0.87, 26, 82.29, 6.90, 6.69, 0.7527, 0.0836, 0.6530, 0.0043
16:02:35, 0.87, 26, 82.44, 7.33, 6.88, 0.7518, 0.0875, 0.6535, 0.0030
16:02:35, 0.87, 26, 82.55, 7.68, 7.09, 0.7512, 0.0910, 0.6538, 0.0023
16:02:35, 0.90, 27, 82.73, 8.18, 7.33, 0.7501, 0.0956, 0.6544, 0.0008
16:02:35, 0.90, 27, 82.89, 8.75, 7.52, 0.7491, 0.1003, 0.6548, -0.0014
16:02:35, 0.93, 28, 82.96, 9.35, 7.78, 0.7486, 0.1057, 0.6545, -0.0032
16:02:35, 0.93, 28, 82.97, 9.97, 7.99, 0.7485, 0.1109, 0.6538, -0.0054
16:02:35, 0.93, 28, 83.01, 10.52, 8.15, 0.7482, 0.1154, 0.6533, -0.0076
16:02:35, 0.97, 29, 82.97, 10.99, 8.26, 0.7483, 0.1190, 0.6525, -0.0095
16:02:35, 0.97, 29, 82.96, 11.30, 8.33, 0.7483, 0.1214, 0.6521, -0.0109
16:02:35, 1.00, 30, 82.87, 11.65, 8.43, 0.7488, 0.1243, 0.6510, -0.0122
16:02:35, 1.00, 30, 82.77, 11.99, 8.49, 0.7493, 0.1268, 0.6499, -0.0136
16:02:35, 1.03, 31, 82.50, 12.37, 8.49, 0.7506, 0.1293, 0.6477, -0.0155
16:02:35, 1.03, 31, 82.27, 12.77, 8.34, 0.7518, 0.1311, 0.6459, -0.0185
16:02:35, 1.03, 31, 82.01, 13.08, 8.14, 0.7531, 0.1320, 0.6441, -0.0213
16:02:35, 1.07, 32, 81.76, 13.40, 8.02, 0.7544, 0.1334, 0.6422, -0.0237
16:02:35, 1.07, 32, 81.60, 13.65, 7.98, 0.7552, 0.1349, 0.6410, -0.0252
16:02:35, 1.10, 33, 81.46, 13.88, 7.86, 0.7559, 0.1357, 0.6399, -0.0271
16:02:35, 1.10, 33, 81.40, 14.10, 7.75, 0.7561, 0.1365, 0.6394, -0.0290
16:02:35, 1.10, 33, 81.43, 14.35, 7.69, 0.7558, 0.1379, 0.6393, -0.0309
16:02:35, 1.13, 34, 81.50, 14.56, 7.63, 0.7553, 0.1389, 0.6397, -0.0325
16:02:35, 1.13, 34, 81.61, 14.75, 7.63, 0.7546, 0.1401, 0.6402, -0.0337
16:02:35, 1.17, 35, 81.77, 14.94, 7.67, 0.7536, 0.1415, 0.6410, -0.0347
16:02:35, 1.17, 35, 81.88, 15.14, 7.69, 0.7529, 0.1429, 0.6414, -0.0359
16:02:35, 1.20, 36, 82.00, 15.40, 7.75, 0.7521, 0.1448, 0.6418, -0.0372
16:02:35, 1.20, 36, 82.07, 15.59, 7.82, 0.7517, 0.1465, 0.6419, -0.0379
16:02:35, 1.20, 36, 82.13, 15.70, 7.84, 0.7513, 0.1472, 0.6422, -0.0385
16:02:35, 1.23, 37, 82.20, 15.71, 7.83, 0.7509, 0.1472, 0.6426, -0.0386
16:02:35, 1.23, 37, 82.24, 15.63, 7.85, 0.7507, 0.1468, 0.6430, -0.0381
16:02:35, 1.27, 38, 82.27, 15.57, 7.91, 0.7506, 0.1468, 0.6432, -0.0374
16:02:35, 1.27, 38, 82.24, 15.50, 7.93, 0.7508, 0.1464, 0.6431, -0.0368
16:02:36, 1.27, 38, 82.19, 15.42, 7.91, 0.7511, 0.1458, 0.6428, -0.0364
16:02:36, 1.30, 39, 82.13, 15.29, 7.85, 0.7515, 0.1447, 0.6427, -0.0360
16:02:36, 1.30, 39, 82.08, 15.18, 7.81, 0.7518, 0.1437, 0.6425, -0.0356
16:02:36, 1.33, 40, 82.01, 15.06, 7.78, 0.7523, 0.1428, 0.6422, -0.0351
16:02:36, 1.33, 40, 81.89, 14.96, 7.67, 0.7530, 0.1415, 0.6417, -0.0350
16:02:36, 1.37, 41, 81.77, 14.83, 7.55, 0.7536, 0.1401, 0.6413, -0.0349
16:02:36, 1.37, 41, 81.74, 14.73, 7.38, 0.7538, 0.1385, 0.6413, -0.0354
16:02:36, 1.37, 41, 81.71, 14.62, 7.23, 0.7540, 0.1370, 0.6415, -0.0358
16:02:36, 1.40, 42, 81.68, 14.53, 7.16, 0.7541, 0.1360, 0.6415, -0.0357
16:02:36, 1.40, 42, 81.64, 14.41, 7.07, 0.7544, 0.1347, 0.6414, -0.0355
16:02:36, 1.43, 43, 81.62, 14.36, 6.96, 0.7545, 0.1338, 0.6415, -0.0359
16:02:36, 1.43, 43, 81.59, 14.36, 6.86, 0.7546, 0.1332, 0.6414, -0.0366
16:02:36, 1.43, 43, 81.62, 14.38, 6.78, 0.7545, 0.1329, 0.6417, -0.0372
16:02:36, 1.47, 44, 81.66, 14.32, 6.73, 0.7543, 0.1322, 0.6420, -0.0373
16:02:36, 1.47, 44, 81.69, 14.31, 6.67, 0.7541, 0.1318, 0.6423, -0.0377
16:02:36, 1.50, 45, 81.73, 14.23, 6.64, 0.7538, 0.1312, 0.6427, -0.0374
16:02:36, 1.50, 45, 81.74, 14.17, 6.59, 0.7538, 0.1305, 0.6429, -0.0374
16:02:36, 1.53, 46, 81.77, 14.11, 6.54, 0.7537, 0.1298, 0.6432, -0.0375
16:02:36, 1.53, 46, 81.81, 14.02, 6.50, 0.7535, 0.1289, 0.6436, -0.0373
16:02:36, 1.53, 46, 81.84, 13.95, 6.49, 0.7533, 0.1284, 0.6439, -0.0370
16:02:36, 1.57, 47, 81.86, 13.87, 6.50, 0.7532, 0.1280, 0.6441, -0.0365
16:02:36, 1.57, 47, 81.87, 13.81, 6.49, 0.7532, 0.1275, 0.6443, -0.0362
16:02:36, 1.60, 48, 81.85, 13.77, 6.45, 0.7533, 0.1270, 0.6442, -0.0362
16:02:36, 1.60, 48, 81.77, 13.72, 6.44, 0.7538, 0.1267, 0.6438, -0.0359
16:02:36, 1.60, 48, 81.71, 13.68, 6.39, 0.7542, 0.1261, 0.6435, -0.0359
16:02:36, 1.63, 49, 81.60, 13.65, 6.35, 0.7548, 0.1258, 0.6428, -0.0359
16:02:36, 1.63, 49, 81.46, 13.58, 6.24, 0.7556, 0.1247, 0.6421, -0.0361
16:02:36, 1.67, 50, 81.27, 13.40, 6.20, 0.7567, 0.1234, 0.6410, -0.0351
16:02:36, 1.67, 50, 81.04, 13.04, 6.18, 0.7581, 0.1210, 0.6399, -0.0329
16:02:36, 1.70, 51, 80.87, 12.40, 6.24, 0.7594, 0.1172, 0.6394, -0.0288
16:02:36, 1.70, 51, 80.71, 11.45, 6.35, 0.7607, 0.1116, 0.6391, -0.0225
16:02:36, 1.70, 51, 80.65, 10.14, 6.49, 0.7614, 0.1038, 0.6398, -0.0141
16:02:36, 1.73, 52, 80.59, 8.75, 6.57, 0.7621, 0.0951, 0.6404, -0.0057
16:02:36, 1.73, 52, 80.60, 7.35, 6.63, 0.7622, 0.0861, 0.6416, 0.0026
16:02:36, 1.77, 53, 80.57, 6.09, 6.70, 0.7625, 0.0782, 0.6422, 0.0102
16:02:36, 1.77, 53, 80.52, 4.83, 6.79, 0.7627, 0.0704, 0.6426, 0.0180
16:02:36, 1.77, 53, 80.47, 3.69, 6.81, 0.7629, 0.0628, 0.6430, 0.0245
16:02:36, 1.80, 54, 80.48, 2.59, 6.81, 0.7627, 0.0556, 0.6437, 0.0307
16:02:36, 1.80, 54, 80.50, 1.56, 6.77, 0.7623, 0.0485, 0.6443, 0.0363
16:02:36, 1.83, 55, 80.51, 0.61, 6.70, 0.7620, 0.0418, 0.6449, 0.0411
16:02:36, 1.83, 55, 80.49, 359.75, 6.62, 0.7619, 0.0356, 0.6451, 0.0455
16:02:36, 1.87, 56, 80.39, 358.81, 6.55, 0.7622, 0.0289, 0.6448, 0.0503
16:02:36, 1.87, 56, 80.37, 358.10, 6.37, 0.7621, 0.0232, 0.6449, 0.0531
16:02:36, 1.87, 56, 80.33, 357.34, 6.11, 0.7621, 0.0166, 0.6449, 0.0557
16:02:36, 1.90, 57, 80.26, 356.57, 5.99, 0.7622, 0.0108, 0.6446, 0.0592
16:02:36, 1.90, 57, 80.22, 355.87, 5.92, 0.7621, 0.0057, 0.6444, 0.0626
16:02:36, 1.93, 58, 80.23, 355.20, 5.84, 0.7617, 0.0008, 0.6446, 0.0658
16:02:36, 1.93, 58, 80.21, 354.36, 5.73, 0.7614, -0.0054, 0.6445, 0.0698
16:02:36, 1.93, 58, 80.18, 353.50, 5.62, 0.7611, -0.0118, 0.6443, 0.0739
16:02:36, 1.97, 59, 80.22, 352.52, 5.57, 0.7603, -0.0186, 0.6445, 0.0791
16:02:36, 1.97, 59, 80.26, 351.58, 5.55, 0.7593, -0.0250, 0.6448, 0.0842
16:02:36, 2.00, 60, 80.30, 350.62, 5.54, 0.7583, -0.0314, 0.6449, 0.0895
16:02:36, 2.00, 60, 80.36, 349.77, 5.56, 0.7573, -0.0369, 0.6452, 0.0944
16:02:36, 2.03, 61, 80.43, 348.90, 5.57, 0.7561, -0.0426, 0.6455, 0.0993
16:02:36, 2.03, 61, 80.62, 348.01, 5.58, 0.7542, -0.0482, 0.6465, 0.1044
16:02:36, 2.03, 61, 80.77, 347.13, 5.53, 0.7525, -0.0542, 0.6472, 0.1090
16:02:36, 2.07, 62, 80.93, 346.29, 5.55, 0.7507, -0.0595, 0.6480, 0.1140
16:02:36, 2.07, 62, 81.10, 345.55, 5.53, 0.7490, -0.0644, 0.6488, 0.1180
16:02:36, 2.10, 63, 81.30, 344.92, 5.46, 0.7472, -0.0686, 0.6498, 0.1212
16:02:36, 2.10, 63, 81.54, 344.28, 5.45, 0.7452, -0.0727, 0.6511, 0.1249
16:02:36, 2.10, 63, 81.78, 343.72, 5.37, 0.7432, -0.0765, 0.6523, 0.1276
16:02:36, 2.13, 64, 81.96, 343.03, 5.35, 0.7413, -0.0810, 0.6531, 0.1315
16:02:36, 2.13, 64, 82.21, 342.45, 5.30, 0.7393, -0.0848, 0.6543, 0.1346
16:02:36, 2.17, 65, 82.40, 341.90, 5.22, 0.7376, -0.0886, 0.6552, 0.1373
16:02:36, 2.17, 65, 82.56, 341.31, 5.23, 0.7359, -0.0922, 0.6558, 0.1408
16:02:36, 2.20, 66, 82.69, 340.73, 5.22, 0.7343, -0.0959, 0.6563, 0.1442
16:02:36, 2.20, 66, 82.83, 340.04, 5.19, 0.7326, -0.1004, 0.6567, 0.1480
16:02:36, 2.20, 66, 82.84, 339.34, 5.13, 0.7317, -0.1052, 0.6562, 0.1516
16:02:36, 2.23, 67, 82.88, 338.78, 5.07, 0.7307, -0.1091, 0.6560, 0.1543
16:02:36, 2.23, 67, 82.86, 338.17, 5.03, 0.7300, -0.1133, 0.6554, 0.1575
16:02:36, 2.27, 68, 82.82, 337.58, 5.00, 0.7294, -0.1174, 0.6546, 0.1606
16:02:36, 2.27, 68, 82.77, 336.96, 4.86, 0.7289, -0.1222, 0.6535, 0.1631
16:02:37, 2.27, 68, 82.65, 336.40, 4.78, 0.7288, -0.1264, 0.6522, 0.1656
16:02:37, 2.30, 69, 82.63, 335.89, 4.59, 0.7284, -0.1309, 0.6514, 0.1672
16:02:37, 2.30, 69, 82.50, 335.46, 4.54, 0.7285, -0.1342, 0.6501, 0.1691
16:02:37, 2.33, 70, 82.47, 335.02, 4.41, 0.7282, -0.1377, 0.6493, 0.1707
16:02:37, 2.33, 70, 82.31, 334.63, 4.29, 0.7286, -0.1412, 0.6478, 0.1719
16:02:37, 2.37, 71, 82.23, 334.31, 4.19, 0.7287, -0.1439, 0.6468, 0.1729
16:02:37, 2.37, 71, 82.14, 333.96, 4.07, 0.7288, -0.1470, 0.6457, 0.1741
16:02:37, 2.37, 71, 82.11, 333.63, 3.99, 0.7285, -0.1496, 0.6451, 0.1753
16:02:37, 2.40, 72, 82.02, 333.32, 3.99, 0.7285, -0.1518, 0.6441, 0.1769
16:02:37, 2.40, 72, 81.97, 332.92, 3.92, 0.7282, -0.1548, 0.6433, 0.1786
16:02:37, 2.43, 73, 81.95, 332.56, 3.96, 0.7277, -0.1570, 0.6428, 0.1808
16:02:37, 2.43, 73, 81.91, 332.18, 3.96, 0.7272, -0.1595, 0.6421, 0.1828
16:02:37, 2.43, 73, 81.89, 331.85, 4.00, 0.7267, -0.1614, 0.6417, 0.1848
16:02:37, 2.47, 74, 81.86, 331.54, 3.99, 0.7263, -0.1635, 0.6411, 0.1864
16:02:37, 2.47, 74, 81.83, 331.25, 3.97, 0.7260, -0.1655, 0.6405, 0.1878
16:02:37, 2.50, 75, 81.81, 331.00, 3.88, 0.7257, -0.1676, 0.6400, 0.1887
16:02:37, 2.50, 75, 81.83, 330.76, 3.77, 0.7254, -0.1698, 0.6396, 0.1892
16:02:37, 2.53, 76, 81.92, 330.53, 3.56, 0.7248, -0.1723, 0.6396, 0.1893
16:02:37, 2.53, 76, 81.97, 330.33, 3.47, 0.7243, -0.1740, 0.6395, 0.1900
16:02:37, 2.53, 76, 82.01, 330.16, 3.34, 0.7240, -0.1757, 0.6394, 0.1902
16:02:37, 2.57, 77, 82.04, 329.96, 3.22, 0.7236, -0.1776, 0.6392, 0.1905
16:02:37, 2.57, 77, 82.05, 329.81, 3.10, 0.7235, -0.1793, 0.6388, 0.1906
16:02:37, 2.60, 78, 82.00, 329.66, 2.96, 0.7237, -0.1810, 0.6381, 0.1904
16:02:37, 2.60, 78, 81.98, 329.54, 2.81, 0.7239, -0.1827, 0.6376, 0.1901
16:02:37, 2.60, 78, 82.02, 329.38, 2.64, 0.7236, -0.1846, 0.6373, 0.1900
16:02:37, 2.63, 79, 82.06, 329.23, 2.52, 0.7233, -0.1862, 0.6372, 0.1901
16:02:37, 2.63, 79, 82.07, 329.16, 2.42, 0.7233, -0.1872, 0.6370, 0.1898
16:02:37, 2.67, 80, 82.05, 329.11, 2.36, 0.7234, -0.1879, 0.6367, 0.1898
16:02:37, 2.67, 80, 82.02, 329.01, 2.33, 0.7235, -0.1887, 0.6363, 0.1900
16:02:37, 2.70, 81, 81.99, 328.90, 2.30, 0.7235, -0.1896, 0.6359, 0.1904
16:02:37, 2.70, 81, 81.95, 328.73, 2.27, 0.7234, -0.1909, 0.6353, 0.1911
16:02:37, 2.70, 81, 81.89, 328.51, 2.18, 0.7235, -0.1929, 0.6346, 0.1916
16:02:37, 2.73, 82, 81.84, 328.32, 2.08, 0.7236, -0.1948, 0.6338, 0.1919
16:02:37, 2.73, 82, 81.81, 328.14, 1.97, 0.7236, -0.1966, 0.6331, 0.1922
16:02:37, 2.77, 83, 81.72, 327.95, 1.91, 0.7238, -0.1982, 0.6322, 0.1927
16:02:37, 2.77, 83, 81.55, 327.75, 1.80, 0.7245, -0.2004, 0.6307, 0.1928
16:02:37, 2.77, 83, 81.31, 327.55, 1.65, 0.7257, -0.2029, 0.6285, 0.1925
16:02:37, 2.80, 84, 81.02, 327.31, 1.56, 0.7270, -0.2055, 0.6262, 0.1927
16:02:37, 2.80, 84, 80.71, 327.12, 1.53, 0.7284, -0.2074, 0.6238, 0.1930
16:02:37, 2.83, 85, 80.42, 327.00, 1.57, 0.7296, -0.2084, 0.6219, 0.1934
16:02:37, 2.83, 85, 80.25, 326.89, 1.54, 0.7304, -0.2095, 0.6206, 0.1934
16:02:37, 2.87, 86, 80.09, 326.74, 1.51, 0.7310, -0.2110, 0.6193, 0.1938
16:02:37, 2.87, 86, 79.98, 326.63, 1.47, 0.7315, -0.2121, 0.6184, 0.1939
16:02:37, 2.87, 86, 79.91, 326.47, 1.43, 0.7316, -0.2134, 0.6176, 0.1944
16:02:37, 2.90, 87, 79.93, 326.34, 1.35, 0.7314, -0.2146, 0.6174, 0.1946
16:02:37, 2.90, 87, 79.95, 326.22, 1.34, 0.7310, -0.2154, 0.6173, 0.1952
16:02:37, 2.93, 88, 79.98, 326.07, 1.33, 0.7306, -0.2164, 0.6172, 0.1960
16:02:37, 2.93, 88, 80.02, 325.94, 1.32, 0.7301, -0.2172, 0.6173, 0.1967
16:02:37, 2.93, 88, 80.07, 325.79, 1.30, 0.7296, -0.2182, 0.6173, 0.1975
16:02:37, 2.97, 89, 80.10, 325.72, 1.31, 0.7293, -0.2186, 0.6174, 0.1980
16:02:37, 2.97, 89, 80.10, 325.62, 1.31, 0.7290, -0.2192, 0.6173, 0.1985
16:02:37, 3.00, 90, 80.14, 325.57, 1.31, 0.7287, -0.2195, 0.6174, 0.1988
16:02:37, 3.00, 90, 80.16, 325.47, 1.29, 0.7285, -0.2201, 0.6174, 0.1993
16:02:37, 3.03, 91, 80.21, 325.41, 1.25, 0.7282, -0.2207, 0.6175, 0.1994
16:02:37, 3.03, 91, 80.26, 325.37, 1.18, 0.7279, -0.2212, 0.6176, 0.1993
16:02:37, 3.03, 91, 80.30, 325.33, 1.12, 0.7277, -0.2217, 0.6177, 0.1992
16:02:37, 3.07, 92, 80.36, 325.34, 1.08, 0.7275, -0.2218, 0.6180, 0.1990
16:02:37, 3.07, 92, 80.39, 325.35, 1.02, 0.7275, -0.2219, 0.6181, 0.1987
16:02:37, 3.10, 93, 80.44, 325.34, 0.99, 0.7272, -0.2221, 0.6184, 0.1986
16:02:37, 3.10, 93, 80.51, 325.34, 0.94, 0.7269, -0.2223, 0.6187, 0.1984
16:02:37, 3.10, 93, 80.58, 325.34, 0.88, 0.7267, -0.2225, 0.6190, 0.1982
16:02:37, 3.13, 94, 80.60, 325.32, 0.84, 0.7266, -0.2227, 0.6191, 0.1981
16:02:37, 3.13, 94, 80.64, 325.28, 0.79, 0.7263, -0.2232, 0.6192, 0.1981
16:02:37, 3.17, 95, 80.66, 325.21, 0.76, 0.7262, -0.2238, 0.6191, 0.1983
16:02:37, 3.17, 95, 80.69, 325.15, 0.73, 0.7259, -0.2243, 0.6191, 0.1985
16:02:37, 3.20, 96, 80.68, 325.07, 0.73, 0.7258, -0.2248, 0.6189, 0.1989
16:02:37, 3.20, 96, 80.63, 324.99, 0.74, 0.7259, -0.2254, 0.6185, 0.1993
16:02:37, 3.20, 96, 80.54, 324.92, 0.78, 0.7262, -0.2257, 0.6179, 0.1997
16:02:37, 3.23, 97, 80.40, 324.80, 0.80, 0.7266, -0.2266, 0.6169, 0.2003
16:02:37, 3.23, 97, 80.27, 324.67, 0.79, 0.7271, -0.2278, 0.6158, 0.2007
16:02:37, 3.27, 98, 80.15, 324.50, 0.76, 0.7275, -0.2292, 0.6147, 0.2011
16:02:37, 3.27, 98, 79.99, 324.35, 0.76, 0.7280, -0.2305, 0.6134, 0.2016
16:02:38, 3.27, 98, 79.83, 324.19, 0.76, 0.7285, -0.2318, 0.6121, 0.2021
16:02:38, 3.30, 99, 79.69, 324.03, 0.75, 0.7289, -0.2330, 0.6110, 0.2026
16:02:38, 3.30, 99, 79.55, 323.89, 0.76, 0.7294, -0.2342, 0.6099, 0.2031
16:02:38, 3.33, 100, 79.47, 323.76, 0.72, 0.7296, -0.2353, 0.6090, 0.2034
16:02:38, 3.33, 100, 79.38, 323.64, 0.70, 0.7299, -0.2364, 0.6082, 0.2037
16:02:38, 3.37, 101, 79.31, 323.56, 0.67, 0.7301, -0.2372, 0.6075, 0.2038
16:02:38, 3.37, 101, 79.25, 323.46, 0.70, 0.7302, -0.2377, 0.6071, 0.2044
16:02:38, 3.37, 101, 79.20, 323.44, 0.71, 0.7304, -0.2380, 0.6067, 0.2045
16:02:38, 3.40, 102, 79.16, 323.41, 0.72, 0.7305, -0.2381, 0.6065, 0.2046
16:02:38, 3.40, 102, 79.13, 323.38, 0.73, 0.7306, -0.2383, 0.6062, 0.2047
16:02:38, 3.43, 103, 79.13, 323.39, 0.68, 0.7307, -0.2386, 0.6061, 0.2044
16:02:38, 3.43, 103, 79.10, 323.41, 0.63, 0.7310, -0.2387, 0.6059, 0.2039
16:02:38, 3.43, 103, 79.08, 323.46, 0.58, 0.7313, -0.2387, 0.6058, 0.2033
16:02:38, 3.47, 104, 79.07, 323.50, 0.51, 0.7315, -0.2389, 0.6056, 0.2026
16:02:38, 3.47, 104, 79.01, 323.56, 0.43, 0.7321, -0.2390, 0.6052, 0.2017
16:02:38, 3.50, 105, 78.99, 323.58, 0.34, 0.7324, -0.2394, 0.6048, 0.2009
16:02:38, 3.50, 105, 78.95, 323.62, 0.29, 0.7328, -0.2394, 0.6046, 0.2003
16:02:38, 3.53, 106, 78.93, 323.65, 0.21, 0.7331, -0.2397, 0.6044, 0.1996
16:02:38, 3.53, 106, 78.93, 323.70, 0.14, 0.7333, -0.2397, 0.6043, 0.1989
16:02:38, 3.53, 106, 78.93, 323.79, 0.08, 0.7337, -0.2395, 0.6043, 0.1980
16:02:38, 3.57, 107, 78.93, 323.85, 0.04, 0.7338, -0.2393, 0.6043, 0.1975
16:02:38, 3.57, 107, 78.91, 323.90, 0.06, 0.7340, -0.2389, 0.6043, 0.1973
16:02:38, 3.60, 108, 78.91, 323.96, 0.06, 0.7341, -0.2385, 0.6044, 0.1970
16:02:38, 3.60, 108, 78.89, 323.98, 0.06, 0.7343, -0.2385, 0.6043, 0.1968
16:02:38, 3.60, 108, 78.89, 324.05, 0.05, 0.7344, -0.2380, 0.6045, 0.1964
16:02:38, 3.63, 109, 78.87, 324.15, 0.01, 0.7348, -0.2376, 0.6044, 0.1956
16:02:38, 3.63, 109, 78.85, 324.28, 0.01, 0.7352, -0.2368, 0.6045, 0.1948
16:02:38, 3.67, 110, 78.79, 324.38, 0.06, 0.7356, -0.2361, 0.6044, 0.1945
16:02:38, 3.67, 110, 78.69, 324.41, 0.11, 0.7362, -0.2358, 0.6039, 0.1945
16:02:38, 3.67, 110, 78.57, 324.42, 0.18, 0.7367, -0.2355, 0.6033, 0.1946
16:02:38, 3.70, 111, 78.44, 324.48, 0.29, 0.7373, -0.2348, 0.6028, 0.1947
16:02:38, 3.70, 111, 78.26, 324.57, 0.39, 0.7383, -0.2340, 0.6020, 0.1945
16:02:38, 3.73, 112, 78.07, 324.64, 0.49, 0.7393, -0.2333, 0.6010, 0.1944
16:02:38, 3.73, 112, 77.84, 324.76, 0.64, 0.7404, -0.2322, 0.6001, 0.1943
16:02:38, 3.77, 113, 77.56, 324.85, 0.84, 0.7417, -0.2310, 0.5988, 0.1946
16:02:38, 3.77, 113, 77.35, 325.00, 0.98, 0.7429, -0.2296, 0.5980, 0.1943
16:02:38, 3.77, 113, 77.12, 325.15, 1.12, 0.7442, -0.2283, 0.5970, 0.1940
16:02:38, 3.80, 114, 76.95, 325.33, 1.17, 0.7454, -0.2272, 0.5963, 0.1930
16:02:38, 3.80, 114, 76.75, 325.53, 1.21, 0.7468, -0.2260, 0.5954, 0.1919
16:02:38, 3.83, 115, 76.56, 325.77, 1.24, 0.7482, -0.2246, 0.5945, 0.1904
16:02:38, 3.83, 115, 76.35, 326.07, 1.28, 0.7499, -0.2228, 0.5937, 0.1888
16:02:38, 3.83, 115, 76.07, 326.43, 1.33, 0.7520, -0.2206, 0.5925, 0.1867
16:02:38, 3.87, 116, 75.80, 326.91, 1.38, 0.7542, -0.2176, 0.5915, 0.1840
16:02:38, 3.87, 116, 75.43, 327.52, 1.46, 0.7573, -0.2138, 0.5901, 0.1808
16:02:38, 3.90, 117, 74.97, 328.21, 1.56, 0.7608, -0.2093, 0.5882, 0.1770
16:02:38, 3.90, 117, 74.53, 328.98, 1.64, 0.7645, -0.2045, 0.5864, 0.1729
16:02:38, 3.93, 118, 74.05, 329.82, 1.71, 0.7685, -0.1992, 0.5844, 0.1682
16:02:38, 3.93, 118, 73.55, 330.76, 1.71, 0.7727, -0.1935, 0.5823, 0.1626
16:02:38, 3.93, 118, 72.98, 331.69, 1.70, 0.7773, -0.1880, 0.5795, 0.1570
16:02:38, 3.97, 119, 72.47, 332.46, 1.60, 0.7814, -0.1840, 0.5767, 0.1516
16:02:38, 3.97, 119, 72.06, 333.22, 1.44, 0.7850, -0.1801, 0.5745, 0.1461
16:02:38, 4.00, 120, 71.64, 333.78, 1.36, 0.7881, -0.1771, 0.5721, 0.1421
16:02:38, 4.00, 120, 71.23, 334.32, 1.22, 0.7912, -0.1746, 0.5697, 0.1378
16:02:38, 4.00, 120, 70.92, 334.70, 1.04, 0.7936, -0.1733, 0.5676, 0.1342
16:02:38, 4.03, 121, 70.68, 335.03, 0.92, 0.7954, -0.1718, 0.5661, 0.1314
16:02:38, 4.03, 121, 70.50, 335.41, 0.77, 0.7970, -0.1701, 0.5651, 0.1283
16:02:38, 4.07, 122, 70.41, 335.77, 0.59, 0.7983, -0.1686, 0.5645, 0.1251
16:02:38, 4.07, 122, 70.34, 336.18, 0.50, 0.7993, -0.1662, 0.5643, 0.1224
16:02:38, 4.10, 123, 70.33, 336.54, 0.45, 0.8000, -0.1640, 0.5645, 0.1202
16:02:38, 4.10, 123, 70.27, 336.88, 0.37, 0.8008, -0.1620, 0.5644, 0.1179
16:02:38, 4.10, 123, 70.24, 337.11, 0.45, 0.8012, -0.1601, 0.5645, 0.1173
16:02:38, 4.13, 124, 70.26, 337.31, 0.48, 0.8014, -0.1585, 0.5649, 0.1166
16:02:38, 4.13, 124, 70.26, 337.50, 0.52, 0.8016, -0.1570, 0.5651, 0.1159
16:02:38, 4.17, 125, 70.35, 337.73, 0.49, 0.8015, -0.1555, 0.5659, 0.1147
16:02:38, 4.17, 125, 70.42, 337.98, 0.44, 0.8016, -0.1539, 0.5666, 0.1132
16:02:38, 4.17, 125, 70.49, 338.22, 0.41, 0.8016, -0.1522, 0.5672, 0.1119
16:02:38, 4.20, 126, 70.61, 338.44, 0.32, 0.8013, -0.1510, 0.5682, 0.1104
16:02:38, 4.20, 126, 70.74, 338.68, 0.21, 0.8012, -0.1498, 0.5691, 0.1085
16:02:38, 4.23, 127, 70.85, 338.92, 0.11, 0.8010, -0.1485, 0.5700, 0.1068
16:02:38, 4.23, 127, 70.95, 339.17, 0.03, 0.8009, -0.1471, 0.5708, 0.1051
16:02:38, 4.27, 128, 71.03, 339.45, 359.93, 0.8010, -0.1455, 0.5715, 0.1032
16:02:38, 4.27, 128, 71.06, 339.73, 359.89, 0.8012, -0.1438, 0.5719, 0.1015
16:02:39, 4.27, 128, 71.07, 340.01, 359.83, 0.8016, -0.1421, 0.5722, 0.0997
16:02:39, 4.30, 129, 71.07, 340.24, 359.76, 0.8019, -0.1409, 0.5723, 0.0981
16:02:39, 4.30, 129, 71.10, 340.45, 359.69, 0.8021, -0.1396, 0.5726, 0.0966
16:02:39, 4.33, 130, 71.10, 340.65, 359.60, 0.8023, -0.1387, 0.5727, 0.0950
16:02:39, 4.33, 130, 71.10, 340.87, 359.52, 0.8027, -0.1376, 0.5728, 0.0933
16:02:39, 4.33, 130, 71.11, 341.10, 359.46, 0.8030, -0.1363, 0.5729, 0.0917
16:02:39, 4.37, 131, 71.10, 341.31, 359.38, 0.8033, -0.1352, 0.5730, 0.0901
16:02:39, 4.37, 131, 71.08, 341.51, 359.34, 0.8037, -0.1341, 0.5730, 0.0887
16:02:39, 4.40, 132, 71.03, 341.67, 359.27, 0.8041, -0.1333, 0.5727, 0.0874
16:02:39, 4.40, 132, 70.99, 341.86, 359.19, 0.8046, -0.1324, 0.5725, 0.0859
16:02:39, 4.43, 133, 70.98, 342.03, 359.07, 0.8049, -0.1318, 0.5724, 0.0842
16:02:39, 4.43, 133, 70.97, 342.24, 358.93, 0.8053, -0.1311, 0.5723, 0.0821
16:02:39, 4.43, 133, 70.96, 342.43, 358.78, 0.8057, -0.1305, 0.5722, 0.0801
16:02:39, 4.47, 134, 70.92, 342.64, 358.63, 0.8062, -0.1298, 0.5720, 0.0779
16:02:39, 4.47, 134, 70.90, 342.89, 358.49, 0.8066, -0.1288, 0.5719, 0.0757
16:02:39, 4.50, 135, 70.88, 343.13, 358.34, 0.8071, -0.1278, 0.5718, 0.0733
16:02:39, 4.50, 135, 70.86, 343.36, 358.25, 0.8075, -0.1267, 0.5717, 0.0716
16:02:39, 4.50, 135, 70.84, 343.56, 358.15, 0.8078, -0.1258, 0.5717, 0.0699
16:02:39, 4.53, 136, 70.84, 343.75, 358.07, 0.8080, -0.1248, 0.5717, 0.0683
16:02:39, 4.53, 136, 70.82, 343.93, 358.00, 0.8083, -0.1239, 0.5716, 0.0669
16:02:39, 4.57, 137, 70.79, 344.17, 357.91, 0.8087, -0.1227, 0.5715, 0.0650
16:02:39, 4.57, 137, 70.79, 344.38, 357.82, 0.8090, -0.1217, 0.5716, 0.0633
16:02:39, 4.60, 138, 70.78, 344.54, 357.77, 0.8092, -0.1208, 0.5716, 0.0621
16:02:39, 4.60, 138, 70.79, 344.69, 357.74, 0.8093, -0.1199, 0.5718, 0.0612
16:02:39, 4.60, 138, 70.80, 344.77, 357.72, 0.8093, -0.1194, 0.5719, 0.0606
16:02:39, 4.63, 139, 70.81, 344.89, 357.69, 0.8093, -0.1188, 0.5721, 0.0599
16:02:39, 4.63, 139, 70.81, 345.01, 357.72, 0.8095, -0.1178, 0.5721, 0.0594
16:02:39, 4.67, 140, 70.80, 345.16, 357.76, 0.8096, -0.1165, 0.5722, 0.0590
16:02:39, 4.67, 140, 70.77, 345.35, 357.72, 0.8099, -0.1154, 0.5722, 0.0578
16:02:39, 4.67, 140, 70.74, 345.49, 357.75, 0.8102, -0.1143, 0.5721, 0.0572
16:02:39, 4.70, 141, 70.68, 345.60, 357.75, 0.8105, -0.1135, 0.5718, 0.0566
16:02:39, 4.70, 141, 70.66, 345.69, 357.74, 0.8108, -0.1129, 0.5716, 0.0560
16:02:39, 4.73, 142, 70.62, 345.81, 357.70, 0.8111, -0.1123, 0.5714, 0.0551
16:02:39, 4.73, 142, 70.58, 345.92, 357.65, 0.8114, -0.1118, 0.5712, 0.0541
16:02:39, 4.77, 143, 70.54, 346.08, 357.58, 0.8117, -0.1110, 0.5709, 0.0529
16:02:39, 4.77, 143, 70.52, 346.25, 357.49, 0.8120, -0.1103, 0.5709, 0.0514
16:02:39, 4.77, 143, 70.47, 346.38, 357.46, 0.8124, -0.1095, 0.5705, 0.0504
16:02:39, 4.80, 144, 70.45, 346.48, 357.43, 0.8125, -0.1090, 0.5705, 0.0496
16:02:39, 4.80, 144, 70.43, 346.57, 357.39, 0.8127, -0.1086, 0.5704, 0.0489
16:02:39, 4.83, 145, 70.38, 346.66, 357.43, 0.8130, -0.1078, 0.5701, 0.0487
16:02:39, 4.83, 145, 70.33, 346.71, 357.43, 0.8133, -0.1074, 0.5698, 0.0484
16:02:39, 4.83, 145, 70.27, 346.80, 357.43, 0.8136, -0.1068, 0.5695, 0.0479
16:02:39, 4.87, 146, 70.21, 346.93, 357.44, 0.8141, -0.1058, 0.5691, 0.0473
16:02:39, 4.87, 146, 70.14, 347.03, 357.44, 0.8145, -0.1052, 0.5687, 0.0467
16:02:39, 4.90, 147, 70.08, 347.07, 357.44, 0.8148, -0.1049, 0.5683, 0.0465
16:02:39, 4.90, 147, 70.02, 347.11, 357.44, 0.8151, -0.1047, 0.5679, 0.0462
16:02:39, 4.93, 148, 69.97, 347.14, 357.43, 0.8154, -0.1045, 0.5676, 0.0459
16:02:39, 4.93, 148, 69.91, 347.20, 357.41, 0.8157, -0.1042, 0.5671, 0.0454
16:02:39, 4.93, 148, 69.82, 347.29, 357.41, 0.8162, -0.1036, 0.5666, 0.0449
16:02:39, 4.97, 149, 69.74, 347.42, 357.38, 0.8167, -0.1029, 0.5661, 0.0440
16:02:39, 4.97, 149, 69.65, 347.57, 357.34, 0.8173, -0.1020, 0.5655, 0.0429
16:02:39, 5.00, 150, 69.51, 347.72, 357.31, 0.8181, -0.1012, 0.5646, 0.0418
16:02:39, 5.00, 150, 69.42, 347.90, 357.32, 0.8187, -0.0999, 0.5641, 0.0408
16:02:39, 5.00, 150, 69.11, 347.92, 357.61, 0.8201, -0.0984, 0.5621, 0.0426
16:02:39, 5.03, 151, 68.89, 347.93, 357.93, 0.8210, -0.0968, 0.5608, 0.0447
16:02:39, 5.03, 151, 68.84, 347.91, 358.05, 0.8212, -0.0964, 0.5606, 0.0456
16:02:39, 5.07, 152, 68.88, 348.05, 358.11, 0.8211, -0.0951, 0.5610, 0.0453
16:02:39, 5.07, 152, 68.90, 348.20, 358.17, 0.8211, -0.0937, 0.5613, 0.0450
16:02:39, 5.10, 153, 68.90, 348.42, 358.23, 0.8212, -0.0919, 0.5614, 0.0444
16:02:39, 5.10, 153, 68.83, 348.64, 358.19, 0.8217, -0.0905, 0.5610, 0.0429
16:02:39, 5.10, 153, 68.71, 348.80, 358.17, 0.8224, -0.0895, 0.5603, 0.0419
16:02:39, 5.13, 154, 68.59, 348.93, 358.15, 0.8231, -0.0887, 0.5594, 0.0411
16:02:39, 5.13, 154, 68.45, 349.03, 358.13, 0.8238, -0.0881, 0.5585, 0.0403
16:02:39, 5.17, 155, 68.30, 349.12, 358.09, 0.8246, -0.0878, 0.5574, 0.0395
16:02:39, 5.17, 155, 68.14, 349.22, 358.03, 0.8255, -0.0874, 0.5563, 0.0384
16:02:39, 5.17, 155, 68.05, 349.31, 358.00, 0.8260, -0.0869, 0.5557, 0.0377
16:02:39, 5.20, 156, 67.97, 349.39, 357.94, 0.8264, -0.0866, 0.5551, 0.0368
16:02:39, 5.20, 156, 67.94, 349.47, 357.89, 0.8266, -0.0863, 0.5549, 0.0360
16:02:39, 5.23, 157, 67.97, 349.51, 357.88, 0.8265, -0.0861, 0.5551, 0.0358
16:02:39, 5.23, 157, 68.02, 349.58, 357.88, 0.8263, -0.0856, 0.5555, 0.0355
16:02:39, 5.27, 158, 68.06, 349.63, 357.89, 0.8261, -0.0852, 0.5559, 0.0354
16:02:39, 5.27, 158, 68.11, 349.63, 357.89, 0.8259, -0.0851, 0.5562, 0.0354
16:02:40, 5.27, 158, 68.14, 349.64, 357.92, 0.8257, -0.0849, 0.5565, 0.0356
16:02:40, 5.30, 159, 68.14, 349.62, 357.94, 0.8257, -0.0850, 0.5565, 0.0358
16:02:40, 5.30, 159, 68.13, 349.61, 357.97, 0.8258, -0.0849, 0.5564, 0.0361
16:02:40, 5.33, 160, 68.10, 349.60, 358.05, 0.8259, -0.0846, 0.5562, 0.0367
16:02:40, 5.33, 160, 68.06, 349.61, 358.10, 0.8261, -0.0843, 0.5560, 0.0370
16:02:40, 5.33, 160, 68.01, 349.61, 358.16, 0.8263, -0.0840, 0.5557, 0.0374
16:02:40, 5.37, 161, 67.92, 349.65, 358.22, 0.8267, -0.0835, 0.5551, 0.0375
16:02:40, 5.37, 161, 67.86, 349.70, 358.29, 0.8270, -0.0828, 0.5547, 0.0378
16:02:40, 5.40, 162, 67.80, 349.73, 358.36, 0.8273, -0.0822, 0.5544, 0.0381
16:02:40, 5.40, 162, 67.76, 349.74, 358.36, 0.8275, -0.0821, 0.5541, 0.0380
16:02:40, 5.43, 163, 67.74, 349.75, 358.37, 0.8276, -0.0821, 0.5540, 0.0380
16:02:40, 5.43, 163, 67.70, 349.76, 358.37, 0.8278, -0.0820, 0.5537, 0.0379
16:02:40, 5.43, 163, 67.67, 349.77, 358.37, 0.8280, -0.0819, 0.5535, 0.0379
16:02:40, 5.47, 164, 67.60, 349.76, 358.38, 0.8283, -0.0820, 0.5529, 0.0379
16:02:40, 5.47, 164, 67.55, 349.79, 358.38, 0.8286, -0.0818, 0.5526, 0.0378
16:02:40, 5.50, 165, 67.50, 349.77, 358.38, 0.8288, -0.0820, 0.5522, 0.0378
16:02:40, 5.50, 165, 67.42, 349.75, 358.36, 0.8291, -0.0822, 0.5517, 0.0377
16:02:40, 5.53, 166, 67.38, 349.72, 358.33, 0.8294, -0.0826, 0.5513, 0.0376
16:02:40, 5.53, 166, 67.32, 349.71, 358.29, 0.8296, -0.0829, 0.5508, 0.0373
16:02:40, 5.53, 166, 67.29, 349.68, 358.27, 0.8298, -0.0832, 0.5506, 0.0373
16:02:40, 5.57, 167, 67.24, 349.67, 358.22, 0.8300, -0.0835, 0.5502, 0.0369
16:02:40, 5.57, 167, 67.18, 349.68, 358.21, 0.8303, -0.0835, 0.5498, 0.0368
16:02:40, 5.60, 168, 67.09, 349.67, 358.24, 0.8307, -0.0835, 0.5491, 0.0370
16:02:40, 5.60, 168, 67.00, 349.64, 358.25, 0.8311, -0.0837, 0.5485, 0.0371
16:02:40, 5.60, 168, 66.90, 349.61, 358.26, 0.8316, -0.0838, 0.5477, 0.0373
16:02:40, 5.63, 169, 66.81, 349.60, 358.25, 0.8320, -0.0841, 0.5471, 0.0372
16:02:40, 5.63, 169, 66.71, 349.60, 358.23, 0.8325, -0.0841, 0.5464, 0.0370
16:02:40, 5.67, 170, 66.64, 349.59, 358.21, 0.8329, -0.0844, 0.5458, 0.0368
16:02:40, 5.67, 170, 66.55, 349.58, 358.21, 0.8333, -0.0844, 0.5452, 0.0368
16:02:40, 5.70, 171, 66.48, 349.56, 358.21, 0.8336, -0.0846, 0.5446, 0.0368
16:02:40, 5.70, 171, 66.39, 349.57, 358.20, 0.8340, -0.0846, 0.5440, 0.0367
16:02:40, 5.70, 171, 66.30, 349.56, 358.22, 0.8344, -0.0846, 0.5433, 0.0368
16:02:40, 5.73, 172, 66.21, 349.59, 358.25, 0.8349, -0.0843, 0.5427, 0.0368
16:02:40, 5.73, 172, 66.13, 349.60, 358.27, 0.8353, -0.0841, 0.5421, 0.0369
16:02:40, 5.77, 173, 66.06, 349.64, 358.30, 0.8356, -0.0837, 0.5416, 0.0369
16:02:40, 5.77, 173, 65.98, 349.67, 358.35, 0.8360, -0.0833, 0.5411, 0.0370
16:02:40, 5.77, 173, 65.88, 349.68, 358.39, 0.8364, -0.0831, 0.5404, 0.0372
16:02:40, 5.80, 174, 65.80, 349.72, 358.45, 0.8368, -0.0826, 0.5399, 0.0374
16:02:40, 5.80, 174, 65.69, 349.78, 358.48, 0.8374, -0.0820, 0.5392, 0.0372
16:02:40, 5.83, 175, 65.61, 349.87, 358.53, 0.8378, -0.0811, 0.5387, 0.0371
16:02:40, 5.83, 175, 65.55, 350.00, 358.55, 0.8382, -0.0801, 0.5383, 0.0366
16:02:40, 5.83, 175, 65.46, 350.14, 358.59, 0.8386, -0.0789, 0.5378, 0.0361
16:02:40, 5.87, 176, 65.43, 350.26, 358.59, 0.8388, -0.0780, 0.5376, 0.0356
16:02:40, 5.87, 176, 65.39, 350.38, 358.61, 0.8391, -0.0771, 0.5374, 0.0351
16:02:40, 5.90, 177, 65.34, 350.47, 358.66, 0.8393, -0.0762, 0.5371, 0.0350
16:02:40, 5.90, 177, 65.29, 350.57, 358.71, 0.8396, -0.0753, 0.5368, 0.0349
16:02:40, 5.93, 178, 65.24, 350.63, 358.73, 0.8399, -0.0747, 0.5365, 0.0347
16:02:40, 5.93, 178, 65.21, 350.69, 358.74, 0.8400, -0.0743, 0.5363, 0.0345
16:02:40, 5.93, 178, 65.20, 350.72, 358.75, 0.8401, -0.0740, 0.5362, 0.0344
16:02:40, 5.97, 179, 65.17, 350.79, 358.77, 0.8403, -0.0734, 0.5360, 0.0342
16:02:40, 5.97, 179, 65.20, 350.83, 358.77, 0.8402, -0.0731, 0.5363, 0.0340
16:02:40, 6.00, 180, 65.21, 350.87, 358.77, 0.8401, -0.0728, 0.5364, 0.0339
16:02:40, 6.00, 180, 65.23, 350.91, 358.78, 0.8401, -0.0725, 0.5365, 0.0338
16:02:40, 6.03, 181, 65.23, 350.93, 358.79, 0.8401, -0.0723, 0.5365, 0.0338
16:02:40, 6.03, 181, 65.23, 350.96, 358.81, 0.8401, -0.0720, 0.5366, 0.0338
16:02:40, 6.03, 181, 65.21, 350.99, 358.81, 0.8402, -0.0718, 0.5365, 0.0336
16:02:40, 6.07, 182, 65.19, 351.04, 358.84, 0.8403, -0.0712, 0.5364, 0.0335
16:02:40, 6.07, 182, 65.18, 351.08, 358.81, 0.8404, -0.0711, 0.5363, 0.0332
16:02:40, 6.10, 183, 65.16, 351.11, 358.82, 0.8405, -0.0708, 0.5361, 0.0331
16:02:40, 6.10, 183, 65.12, 351.15, 358.83, 0.8407, -0.0705, 0.5359, 0.0329
16:02:40, 6.10, 183, 65.08, 351.19, 358.83, 0.8409, -0.0702, 0.5356, 0.0327
16:02:40, 6.13, 184, 65.02, 351.24, 358.85, 0.8412, -0.0698, 0.5352, 0.0326
16:02:40, 6.13, 184, 64.95, 351.33, 358.84, 0.8416, -0.0692, 0.5347, 0.0320
16:02:40, 6.17, 185, 64.88, 351.35, 358.88, 0.8419, -0.0688, 0.5342, 0.0322
16:02:40, 6.17, 185, 64.81, 351.37, 358.90, 0.8422, -0.0687, 0.5338, 0.0323
16:02:40, 6.20, 186, 64.71, 351.38, 358.92, 0.8427, -0.0685, 0.5330, 0.0323
16:02:40, 6.20, 186, 64.63, 351.46, 358.94, 0.8431, -0.0678, 0.5325, 0.0320
16:02:40, 6.20, 186, 64.51, 351.55, 358.96, 0.8437, -0.0671, 0.5316, 0.0317
16:02:40, 6.23, 187, 64.39, 351.67, 359.00, 0.8443, -0.0661, 0.5308, 0.0314
16:02:40, 6.23, 187, 64.25, 351.71, 359.02, 0.8450, -0.0658, 0.5298, 0.0312
16:02:40, 6.27, 188, 64.11, 351.75, 359.04, 0.8456, -0.0654, 0.5289, 0.0311
16:02:40, 6.27, 188, 63.99, 351.79, 359.03, 0.8462, -0.0652, 0.5279, 0.0308
16:02:41, 6.27, 188, 63.88, 351.86, 358.99, 0.8468, -0.0649, 0.5272, 0.0301
16:02:41, 6.30, 189, 63.77, 351.90, 358.93, 0.8473, -0.0649, 0.5263, 0.0294
16:02:41, 6.30, 189, 63.67, 351.86, 358.89, 0.8477, -0.0654, 0.5255, 0.0293
16:02:41, 6.33, 190, 63.58, 351.82, 358.88, 0.8481, -0.0658, 0.5249, 0.0293
16:02:41, 6.33, 190, 63.53, 351.79, 358.86, 0.8484, -0.0661, 0.5244, 0.0292
16:02:41, 6.37, 191, 63.48, 351.73, 358.88, 0.8486, -0.0665, 0.5240, 0.0297
16:02:41, 6.37, 191, 63.40, 351.66, 358.93, 0.8489, -0.0668, 0.5235, 0.0303
16:02:41, 6.37, 191, 63.36, 351.57, 358.95, 0.8490, -0.0673, 0.5231, 0.0308
16:02:41, 6.40, 192, 63.37, 351.49, 358.92, 0.8489, -0.0681, 0.5232, 0.0309
16:02:41, 6.40, 192, 63.36, 351.42, 358.89, 0.8489, -0.0688, 0.5231, 0.0311
16:02:41, 6.43, 193, 63.35, 351.29, 358.87, 0.8489, -0.0698, 0.5230, 0.0315
16:02:41, 6.43, 193, 63.34, 351.26, 358.86, 0.8490, -0.0701, 0.5228, 0.0316
16:02:41, 6.43, 193, 63.31, 351.16, 358.84, 0.8491, -0.0709, 0.5225, 0.0319
16:02:41, 6.47, 194, 63.31, 351.11, 358.78, 0.8490, -0.0715, 0.5225, 0.0317
16:02:41, 6.47, 194, 63.32, 351.07, 358.73, 0.8490, -0.0720, 0.5225, 0.0315
16:02:41, 6.50, 195, 63.29, 351.09, 358.72, 0.8491, -0.0719, 0.5223, 0.0312
16:02:41, 6.50, 195, 63.29, 351.12, 358.72, 0.8492, -0.0717, 0.5223, 0.0312
16:02:41, 6.53, 196, 63.27, 351.18, 358.71, 0.8493, -0.0713, 0.5222, 0.0308
16:02:41, 6.53, 196, 63.24, 351.29, 358.74, 0.8495, -0.0704, 0.5220, 0.0305
16:02:41, 6.53, 196, 63.20, 351.46, 358.73, 0.8498, -0.0692, 0.5218, 0.0296
16:02:41, 6.57, 197, 63.16, 351.59, 358.76, 0.8500, -0.0681, 0.5216, 0.0292
16:02:41, 6.57, 197, 63.10, 351.74, 358.78, 0.8503, -0.0670, 0.5212, 0.0286
16:02:41, 6.60, 198, 63.07, 351.89, 358.72, 0.8505, -0.0661, 0.5210, 0.0274
16:02:41, 6.60, 198, 63.05, 352.02, 358.65, 0.8507, -0.0654, 0.5209, 0.0264
16:02:41, 6.60, 198, 63.02, 352.11, 358.66, 0.8509, -0.0647, 0.5207, 0.0260
16:02:41, 6.63, 199, 62.98, 352.24, 358.69, 0.8511, -0.0637, 0.5205, 0.0256
16:02:41, 6.63, 199, 62.92, 352.35, 358.72, 0.8514, -0.0627, 0.5201, 0.0253
16:02:41, 6.67, 200, 62.84, 352.48, 358.76, 0.8518, -0.0616, 0.5196, 0.0250
16:02:41, 6.67, 200, 62.78, 352.63, 358.79, 0.8522, -0.0604, 0.5191, 0.0245
16:02:41, 6.70, 201, 62.66, 352.79, 358.81, 0.8528, -0.0591, 0.5184, 0.0239
16:02:41, 6.70, 201, 62.57, 352.96, 358.83, 0.8533, -0.0578, 0.5178, 0.0232
16:02:41, 6.70, 201, 62.42, 353.08, 358.87, 0.8540, -0.0567, 0.5167, 0.0228
16:02:41, 6.73, 202, 62.24, 353.26, 358.89, 0.8549, -0.0553, 0.5154, 0.0221
16:02:41, 6.73, 202, 61.99, 353.51, 358.95, 0.8561, -0.0532, 0.5137, 0.0213
16:02:41, 6.77, 203, 61.62, 353.75, 359.07, 0.8578, -0.0510, 0.5110, 0.0209
16:02:41, 6.77, 203, 61.10, 354.10, 359.18, 0.8602, -0.0479, 0.5073, 0.0200
16:02:41, 6.77, 203, 60.51, 354.47, 359.25, 0.8629, -0.0449, 0.5030, 0.0187
16:02:41, 6.80, 204, 59.74, 354.89, 359.24, 0.8664, -0.0420, 0.4973, 0.0165
16:02:41, 6.80, 204, 58.97, 355.28, 359.07, 0.8699, -0.0399, 0.4915, 0.0132
16:02:41, 6.83, 205, 58.26, 355.63, 358.83, 0.8730, -0.0382, 0.4861, 0.0097
16:02:41, 6.83, 205, 57.54, 355.97, 358.59, 0.8762, -0.0367, 0.4806, 0.0061
16:02:41, 6.87, 206, 56.83, 356.29, 358.37, 0.8792, -0.0352, 0.4752, 0.0029
16:02:41, 6.87, 206, 56.18, 356.60, 358.22, 0.8819, -0.0335, 0.4702, 0.0003
16:02:41, 6.87, 206, 55.51, 356.82, 358.08, 0.8847, -0.0323, 0.4650, -0.0019
16:02:41, 6.90, 207, 54.91, 357.09, 358.00, 0.8871, -0.0306, 0.4605, -0.0038
16:02:41, 6.90, 207, 54.36, 357.34, 357.89, 0.8894, -0.0291, 0.4562, -0.0057
16:02:41, 6.93, 208, 53.88, 357.47, 357.85, 0.8913, -0.0282, 0.4525, -0.0067
16:02:41, 6.93, 208, 53.46, 357.67, 357.81, 0.8929, -0.0267, 0.4493, -0.0079
16:02:41, 6.93, 208, 53.10, 357.73, 357.83, 0.8944, -0.0262, 0.4465, -0.0081
16:02:41, 6.97, 209, 52.71, 357.94, 357.84, 0.8959, -0.0245, 0.4434, -0.0089
16:02:41, 6.97, 209, 52.36, 358.11, 357.90, 0.8973, -0.0229, 0.4408, -0.0092
16:02:41, 7.00, 210, 52.04, 358.18, 357.96, 0.8985, -0.0221, 0.4383, -0.0090
16:02:41, 7.00, 210, 51.80, 358.25, 358.04, 0.8994, -0.0212, 0.4365, -0.0088
16:02:41, 7.03, 211, 51.63, 358.31, 358.01, 0.9001, -0.0209, 0.4351, -0.0092
16:02:41, 7.03, 211, 51.47, 358.34, 357.98, 0.9007, -0.0207, 0.4338, -0.0096
16:02:41, 7.03, 211, 51.43, 358.33, 357.92, 0.9008, -0.0210, 0.4335, -0.0100
16:02:41, 7.07, 212, 51.42, 358.36, 357.91, 0.9009, -0.0209, 0.4335, -0.0102
16:02:41, 7.07, 212, 51.40, 358.39, 357.92, 0.9009, -0.0205, 0.4334, -0.0103
16:02:41, 7.10, 213, 51.43, 358.41, 357.95, 0.9008, -0.0203, 0.4336, -0.0101
16:02:41, 7.10, 213, 51.44, 358.43, 358.00, 0.9008, -0.0199, 0.4337, -0.0097
16:02:41, 7.10, 213, 51.47, 358.40, 358.02, 0.9007, -0.0201, 0.4339, -0.0095
16:02:41, 7.13, 214, 51.54, 358.38, 358.03, 0.9004, -0.0202, 0.4344, -0.0093
16:02:41, 7.13, 214, 51.60, 358.40, 358.04, 0.9002, -0.0200, 0.4349, -0.0093
16:02:41, 7.17, 215, 51.64, 358.40, 358.03, 0.9001, -0.0200, 0.4352, -0.0094
16:02:41, 7.17, 215, 51.68, 358.39, 358.05, 0.8999, -0.0200, 0.4355, -0.0092
16:02:41, 7.20, 216, 51.70, 358.36, 358.02, 0.8998, -0.0204, 0.4357, -0.0093
16:02:41, 7.20, 216, 51.69, 358.36, 357.97, 0.8998, -0.0206, 0.4356, -0.0097
16:02:41, 7.20, 216, 51.68, 358.35, 357.94, 0.8999, -0.0208, 0.4355, -0.0099
16:02:41, 7.23, 217, 51.66, 358.35, 357.91, 0.9000, -0.0209, 0.4354, -0.0101
16:02:41, 7.23, 217, 51.63, 358.36, 357.88, 0.9001, -0.0209, 0.4351, -0.0104
16:02:41, 7.27, 218, 51.58, 358.38, 357.87, 0.9003, -0.0208, 0.4347, -0.0106
16:02:41, 7.27, 218, 51.55, 358.41, 357.83, 0.9004, -0.0208, 0.4344, -0.0110
16:02:42, 7.27, 218, 51.49, 358.42, 357.79, 0.9006, -0.0208, 0.4340, -0.0114
16:02:42, 7.30, 219, 51.44, 358.40, 357.78, 0.9008, -0.0210, 0.4336, -0.0114
16:02:42, 7.30, 219, 51.39, 358.40, 357.73, 0.9010, -0.0212, 0.4332, -0.0118
16:02:42, 7.33, 220, 51.33, 358.42, 357.70, 0.9012, -0.0211, 0.4327, -0.0121
16:02:42, 7.33, 220, 51.28, 358.44, 357.69, 0.9014, -0.0210, 0.4323, -0.0123
16:02:42, 7.37, 221, 51.20, 358.46, 357.70, 0.9017, -0.0208, 0.4317, -0.0123
16:02:42, 7.37, 221, 51.13, 358.47, 357.68, 0.9019, -0.0208, 0.4312, -0.0125
16:02:42, 7.37, 221, 51.04, 358.49, 357.69, 0.9023, -0.0205, 0.4305, -0.0125
16:02:42, 7.40, 222, 50.97, 358.51, 357.70, 0.9025, -0.0204, 0.4299, -0.0125
16:02:42, 7.40, 222, 50.90, 358.51, 357.67, 0.9028, -0.0205, 0.4294, -0.0128
16:02:42, 7.43, 223, 50.86, 358.50, 357.65, 0.9030, -0.0206, 0.4291, -0.0129
16:02:42, 7.43, 223, 50.80, 358.51, 357.65, 0.9032, -0.0205, 0.4286, -0.0130
16:02:42, 7.43, 223, 50.75, 358.54, 357.65, 0.9034, -0.0203, 0.4282, -0.0131
16:02:42, 7.47, 224, 50.71, 358.58, 357.64, 0.9035, -0.0200, 0.4278, -0.0133
16:02:42, 7.47, 224, 50.64, 358.61, 357.63, 0.9038, -0.0198, 0.4273, -0.0135
16:02:42, 7.50, 225, 50.59, 358.64, 357.60, 0.9039, -0.0197, 0.4270, -0.0139
16:02:42, 7.50, 225, 50.56, 358.65, 357.59, 0.9041, -0.0196, 0.4267, -0.0140
16:02:42, 7.53, 226, 50.53, 358.68, 357.59, 0.9042, -0.0194, 0.4264, -0.0141
16:02:42, 7.53, 226, 50.49, 358.69, 357.57, 0.9043, -0.0194, 0.4261, -0.0143
16:02:42, 7.53, 226, 50.48, 358.72, 357.57, 0.9044, -0.0191, 0.4261, -0.0144
16:02:42, 7.57, 227, 50.45, 358.75, 357.57, 0.9045, -0.0189, 0.4258, -0.0145
16:02:42, 7.57, 227, 50.42, 358.80, 357.58, 0.9046, -0.0185, 0.4256, -0.0147
16:02:42, 7.60, 228, 50.40, 358.87, 357.59, 0.9047, -0.0179, 0.4255, -0.0148
16:02:42, 7.60, 228, 50.41, 358.95, 357.59, 0.9047, -0.0173, 0.4255, -0.0151
16:02:42, 7.60, 228, 50.42, 359.02, 357.61, 0.9046, -0.0166, 0.4257, -0.0152
16:02:42, 7.63, 229, 50.44, 359.09, 357.60, 0.9045, -0.0161, 0.4258, -0.0155
16:02:42, 7.63, 229, 50.46, 359.14, 357.59, 0.9044, -0.0157, 0.4260, -0.0158
16:02:42, 7.67, 230, 50.49, 359.19, 357.58, 0.9043, -0.0154, 0.4262, -0.0161
16:02:42, 7.67, 230, 50.53, 359.21, 357.59, 0.9042, -0.0152, 0.4266, -0.0161
16:02:42, 7.70, 231, 50.54, 359.24, 357.62, 0.9041, -0.0149, 0.4267, -0.0159
16:02:42, 7.70, 231, 50.57, 359.24, 357.62, 0.9040, -0.0149, 0.4269, -0.0159
16:02:42, 7.70, 231, 50.58, 359.25, 357.63, 0.9040, -0.0148, 0.4270, -0.0159
16:02:42, 7.73, 232, 50.55, 359.25, 357.63, 0.9041, -0.0147, 0.4268, -0.0159
16:02:42, 7.73, 232, 50.56, 359.24, 357.62, 0.9041, -0.0149, 0.4268, -0.0160
16:02:42, 7.77, 233, 50.53, 359.21, 357.62, 0.9042, -0.0151, 0.4265, -0.0158
16:02:42, 7.77, 233, 50.48, 359.21, 357.60, 0.9044, -0.0152, 0.4262, -0.0160
16:02:42, 7.77, 233, 50.43, 359.22, 357.59, 0.9046, -0.0151, 0.4258, -0.0161
16:02:42, 7.80, 234, 50.38, 359.19, 357.59, 0.9048, -0.0153, 0.4254, -0.0160
16:02:42, 7.80, 234, 50.31, 359.16, 357.63, 0.9050, -0.0154, 0.4248, -0.0156
16:02:42, 7.83, 235, 50.25, 359.13, 357.64, 0.9052, -0.0156, 0.4243, -0.0155
16:02:42, 7.83, 235, 50.19, 359.12, 357.64, 0.9055, -0.0157, 0.4239, -0.0154
16:02:42, 7.87, 236, 50.12, 359.09, 357.65, 0.9057, -0.0159, 0.4233, -0.0152
16:02:42, 7.87, 236, 50.04, 359.07, 357.66, 0.9060, -0.0159, 0.4227, -0.0150
16:02:42, 7.87, 236, 49.99, 359.02, 357.64, 0.9062, -0.0165, 0.4223, -0.0150
16:02:42, 7.90, 237, 49.93, 359.00, 357.65, 0.9064, -0.0166, 0.4218, -0.0149
16:02:42, 7.90, 237, 49.89, 358.97, 357.66, 0.9066, -0.0167, 0.4215, -0.0147
16:02:42, 7.93, 238, 49.84, 358.95, 357.69, 0.9068, -0.0168, 0.4211, -0.0144
16:02:42, 7.93, 238, 49.81, 358.94, 357.73, 0.9069, -0.0167, 0.4208, -0.0141
16:02:42, 7.93, 238, 49.76, 358.91, 357.73, 0.9070, -0.0170, 0.4205, -0.0140
16:02:42, 7.97, 239, 49.70, 358.92, 357.76, 0.9073, -0.0168, 0.4200, -0.0137
16:02:42, 7.97, 239, 49.65, 358.90, 357.78, 0.9075, -0.0169, 0.4196, -0.0135
16:02:42, 8.00, 240, 49.60, 358.85, 357.79, 0.9076, -0.0172, 0.4192, -0.0133
16:02:42, 8.00, 240, 49.57, 358.80, 357.78, 0.9077, -0.0176, 0.4189, -0.0132
16:02:42, 8.03, 241, 49.50, 358.81, 357.75, 0.9080, -0.0177, 0.4183, -0.0134
16:02:42, 8.03, 241, 49.48, 358.81, 357.78, 0.9081, -0.0175, 0.4182, -0.0132
16:02:42, 8.03, 241, 49.42, 358.82, 357.80, 0.9083, -0.0173, 0.4178, -0.0132
16:02:42, 8.07, 242, 49.36, 358.80, 357.81, 0.9085, -0.0175, 0.4173, -0.0130
16:02:42, 8.07, 242, 49.33, 358.81, 357.81, 0.9086, -0.0174, 0.4170, -0.0130
16:02:42, 8.10, 243, 49.29, 358.80, 357.83, 0.9088, -0.0174, 0.4167, -0.0129
16:02:42, 8.10, 243, 49.27, 358.80, 357.86, 0.9088, -0.0173, 0.4166, -0.0126
16:02:42, 8.10, 243, 49.22, 358.81, 357.85, 0.9090, -0.0173, 0.4162, -0.0128
16:02:42, 8.13, 244, 49.18, 358.80, 357.83, 0.9092, -0.0174, 0.4159, -0.0129
16:02:42, 8.13, 244, 49.18, 358.79, 357.80, 0.9092, -0.0176, 0.4159, -0.0130
16:02:42, 8.17, 245, 49.17, 358.79, 357.78, 0.9092, -0.0177, 0.4158, -0.0132
16:02:42, 8.17, 245, 49.17, 358.78, 357.76, 0.9092, -0.0178, 0.4158, -0.0133
16:02:42, 8.20, 246, 49.16, 358.79, 357.75, 0.9092, -0.0178, 0.4157, -0.0135
16:02:42, 8.20, 246, 49.15, 358.80, 357.75, 0.9093, -0.0177, 0.4156, -0.0135
16:02:42, 8.20, 246, 49.13, 358.81, 357.76, 0.9093, -0.0176, 0.4154, -0.0135
16:02:42, 8.23, 247, 49.14, 358.81, 357.75, 0.9093, -0.0176, 0.4155, -0.0135
16:02:42, 8.23, 247, 49.13, 358.83, 357.75, 0.9094, -0.0174, 0.4154, -0.0136
16:02:42, 8.27, 248, 49.12, 358.85, 357.76, 0.9094, -0.0172, 0.4154, -0.0136
16:02:42, 8.27, 248, 49.10, 358.85, 357.81, 0.9095, -0.0170, 0.4152, -0.0132
16:02:43, 8.27, 248, 49.05, 358.85, 357.88, 0.9097, -0.0168, 0.4148, -0.0127
16:02:43, 8.30, 249, 49.02, 358.89, 357.88, 0.9098, -0.0165, 0.4146, -0.0128
16:02:43, 8.30, 249, 49.01, 358.89, 357.85, 0.9098, -0.0166, 0.4145, -0.0131
16:02:43, 8.33, 250, 48.99, 358.92, 357.83, 0.9099, -0.0164, 0.4144, -0.0133
16:02:43, 8.33, 250, 48.97, 358.89, 357.83, 0.9099, -0.0166, 0.4142, -0.0133
16:02:43, 8.37, 251, 48.98, 358.88, 357.87, 0.9099, -0.0166, 0.4142, -0.0129
16:02:43, 8.37, 251, 48.95, 358.82, 357.92, 0.9100, -0.0169, 0.4141, -0.0123
16:02:43, 8.37, 251, 48.92, 358.76, 357.95, 0.9101, -0.0173, 0.4138, -0.0118
16:02:43, 8.40, 252, 48.91, 358.71, 357.96, 0.9102, -0.0177, 0.4137, -0.0116
16:02:43, 8.40, 252, 48.89, 358.65, 357.96, 0.9102, -0.0181, 0.4135, -0.0113
16:02:43, 8.43, 253, 48.88, 358.64, 357.94, 0.9103, -0.0182, 0.4135, -0.0114
16:02:43, 8.43, 253, 48.88, 358.60, 357.94, 0.9103, -0.0185, 0.4134, -0.0113
16:02:43, 8.43, 253, 48.86, 358.60, 357.92, 0.9103, -0.0186, 0.4133, -0.0114
16:02:43, 8.47, 254, 48.86, 358.60, 357.91, 0.9103, -0.0187, 0.4133, -0.0115
16:02:43, 8.47, 254, 48.85, 358.60, 357.87, 0.9104, -0.0188, 0.4132, -0.0119
16:02:43, 8.50, 255, 48.85, 358.55, 357.83, 0.9104, -0.0193, 0.4132, -0.0120
16:02:43, 8.50, 255, 48.85, 358.57, 357.76, 0.9104, -0.0194, 0.4131, -0.0127
16:02:43, 8.53, 256, 48.84, 358.52, 357.70, 0.9104, -0.0201, 0.4130, -0.0129
16:02:43, 8.53, 256, 48.84, 358.49, 357.62, 0.9104, -0.0206, 0.4131, -0.0134
16:02:43, 8.53, 256, 48.85, 358.45, 357.57, 0.9103, -0.0211, 0.4131, -0.0137
16:02:43, 8.57, 257, 48.82, 358.45, 357.55, 0.9104, -0.0212, 0.4129, -0.0138
16:02:43, 8.57, 257, 48.80, 358.43, 357.55, 0.9105, -0.0213, 0.4127, -0.0138
16:02:43, 8.60, 258, 48.78, 358.40, 357.54, 0.9106, -0.0216, 0.4125, -0.0138
16:02:43, 8.60, 258, 48.75, 358.37, 357.50, 0.9107, -0.0220, 0.4123, -0.0140
16:02:43, 8.60, 258, 48.73, 358.33, 357.45, 0.9108, -0.0224, 0.4121, -0.0142
16:02:43, 8.63, 259, 48.71, 358.33, 357.42, 0.9108, -0.0226, 0.4119, -0.0145
16:02:43, 8.63, 259, 48.68, 358.27, 357.38, 0.9109, -0.0232, 0.4117, -0.0146
16:02:43, 8.67, 260, 48.66, 358.21, 357.34, 0.9110, -0.0238, 0.4115, -0.0147
16:02:43, 8.67, 260, 48.66, 358.16, 357.34, 0.9110, -0.0242, 0.4115, -0.0146
16:02:43, 8.70, 261, 48.64, 358.14, 357.31, 0.9111, -0.0245, 0.4113, -0.0147
16:02:43, 8.70, 261, 48.63, 358.12, 357.29, 0.9111, -0.0247, 0.4113, -0.0148
16:02:43, 8.70, 261, 48.62, 358.10, 357.25, 0.9111, -0.0250, 0.4111, -0.0150
16:02:43, 8.73, 262, 48.63, 358.09, 357.27, 0.9111, -0.0250, 0.4112, -0.0148
16:02:43, 8.73, 262, 48.62, 358.08, 357.26, 0.9111, -0.0251, 0.4111, -0.0149
16:02:43, 8.77, 263, 48.62, 358.03, 357.25, 0.9111, -0.0255, 0.4111, -0.0148
16:02:43, 8.77, 263, 48.63, 358.00, 357.24, 0.9111, -0.0259, 0.4112, -0.0148
16:02:43, 8.77, 263, 48.61, 357.95, 357.22, 0.9111, -0.0263, 0.4110, -0.0147
16:02:43, 8.80, 264, 48.61, 357.95, 357.18, 0.9111, -0.0264, 0.4110, -0.0150
16:02:43, 8.80, 264, 48.59, 357.98, 357.22, 0.9112, -0.0261, 0.4108, -0.0149
16:02:43, 8.83, 265, 48.57, 357.96, 357.23, 0.9113, -0.0261, 0.4107, -0.0147
16:02:43, 8.83, 265, 48.54, 357.91, 357.22, 0.9114, -0.0266, 0.4104, -0.0146
16:02:43, 8.87, 266, 48.51, 357.92, 357.24, 0.9115, -0.0265, 0.4102, -0.0145
16:02:43, 8.87, 266, 48.49, 357.93, 357.26, 0.9116, -0.0263, 0.4101, -0.0144
16:02:43, 8.87, 266, 48.46, 357.92, 357.26, 0.9117, -0.0264, 0.4099, -0.0143
16:02:43, 8.90, 267, 48.46, 357.92, 357.28, 0.9117, -0.0263, 0.4098, -0.0142
16:02:43, 8.90, 267, 48.42, 357.91, 357.28, 0.9118, -0.0263, 0.4095, -0.0142
16:02:43, 8.93, 268, 48.41, 357.92, 357.25, 0.9119, -0.0264, 0.4094, -0.0144
16:02:43, 8.93, 268, 48.41, 357.91, 357.24, 0.9119, -0.0265, 0.4094, -0.0145
16:02:43, 8.93, 268, 48.40, 357.91, 357.24, 0.9119, -0.0265, 0.4093, -0.0145
16:02:43, 8.97, 269, 48.40, 357.92, 357.23, 0.9119, -0.0265, 0.4094, -0.0146
16:02:43, 8.97, 269, 48.41, 357.93, 357.22, 0.9119, -0.0264, 0.4094, -0.0148
16:02:43, 9.00, 270, 48.43, 357.95, 357.22, 0.9118, -0.0263, 0.4096, -0.0148
16:02:43, 9.00, 270, 48.44, 357.97, 357.22, 0.9117, -0.0261, 0.4097, -0.0148
16:02:43, 9.03, 271, 48.47, 358.00, 357.23, 0.9116, -0.0258, 0.4099, -0.0149
16:02:43, 9.03, 271, 48.49, 358.02, 357.22, 0.9116, -0.0257, 0.4101, -0.0150
16:02:43, 9.03, 271, 48.51, 358.03, 357.25, 0.9115, -0.0255, 0.4102, -0.0148
16:02:43, 9.07, 272, 48.51, 358.06, 357.25, 0.9115, -0.0252, 0.4102, -0.0149
16:02:43, 9.07, 272, 48.52, 358.09, 357.25, 0.9115, -0.0251, 0.4103, -0.0150
16:02:43, 9.10, 273, 48.54, 358.10, 357.25, 0.9114, -0.0250, 0.4105, -0.0151
16:02:43, 9.10, 273, 48.56, 358.13, 357.25, 0.9113, -0.0247, 0.4107, -0.0152
16:02:43, 9.10, 273, 48.57, 358.14, 357.27, 0.9113, -0.0246, 0.4107, -0.0151
16:02:43, 9.13, 274, 48.59, 358.16, 357.25, 0.9112, -0.0245, 0.4109, -0.0153
16:02:43, 9.13, 274, 48.61, 358.16, 357.24, 0.9111, -0.0245, 0.4111, -0.0153
16:02:43, 9.17, 275, 48.62, 358.20, 357.23, 0.9111, -0.0242, 0.4112, -0.0156
16:02:43, 9.17, 275, 48.64, 358.20, 357.24, 0.9111, -0.0242, 0.4113, -0.0155
16:02:43, 9.20, 276, 48.66, 358.21, 357.22, 0.9110, -0.0242, 0.4115, -0.0157
16:02:43, 9.20, 276, 48.69, 358.24, 357.22, 0.9108, -0.0240, 0.4118, -0.0158
16:02:43, 9.20, 276, 48.73, 358.23, 357.23, 0.9107, -0.0240, 0.4120, -0.0157
16:02:43, 9.23, 277, 48.73, 358.21, 357.21, 0.9107, -0.0243, 0.4120, -0.0157
16:02:43, 9.23, 277, 48.75, 358.23, 357.21, 0.9106, -0.0241, 0.4122, -0.0158
16:02:43, 9.27, 278, 48.75, 358.22, 357.21, 0.9106, -0.0242, 0.4122, -0.0158
16:02:43, 9.27, 278, 48.78, 358.19, 357.18, 0.9105, -0.0245, 0.4124, -0.0159
16:02:44, 9.27, 278, 48.79, 358.18, 357.18, 0.9105, -0.0246, 0.4125, -0.0158
16:02:44, 9.30, 279, 48.81, 358.14, 357.15, 0.9104, -0.0250, 0.4127, -0.0160
16:02:44, 9.30, 279, 48.86, 358.12, 357.12, 0.9102, -0.0253, 0.4130, -0.0161
16:02:44, 9.33, 280, 48.92, 358.11, 357.09, 0.9100, -0.0255, 0.4135, -0.0163
16:02:44, 9.33, 280, 48.94, 358.14, 357.08, 0.9099, -0.0253, 0.4137, -0.0164
16:02:44, 9.37, 281, 48.98, 358.18, 357.11, 0.9098, -0.0249, 0.4140, -0.0163
16:02:44, 9.37, 281, 49.00, 358.18, 357.14, 0.9097, -0.0248, 0.4141, -0.0161
16:02:44, 9.37, 281, 49.03, 358.18, 357.16, 0.9096, -0.0247, 0.4144, -0.0160
16:02:44, 9.40, 282, 49.04, 358.17, 357.17, 0.9096, -0.0247, 0.4145, -0.0159
16:02:44, 9.40, 282, 49.07, 358.15, 357.15, 0.9095, -0.0250, 0.4147, -0.0159
16:02:44, 9.43, 283, 49.11, 358.16, 357.14, 0.9093, -0.0250, 0.4150, -0.0161
16:02:44, 9.43, 283, 49.13, 358.13, 357.14, 0.9093, -0.0252, 0.4152, -0.0159
16:02:44, 9.43, 283, 49.15, 358.09, 357.12, 0.9092, -0.0256, 0.4153, -0.0159
16:02:44, 9.47, 284, 49.18, 358.08, 357.09, 0.9091, -0.0258, 0.4156, -0.0161
16:02:44, 9.47, 284, 49.20, 358.08, 357.09, 0.9090, -0.0258, 0.4157, -0.0161
16:02:44, 9.50, 285, 49.23, 358.08, 357.09, 0.9089, -0.0258, 0.4160, -0.0161
16:02:44, 9.50, 285, 49.27, 358.10, 357.08, 0.9087, -0.0257, 0.4163, -0.0162
16:02:44, 9.53, 286, 49.32, 358.07, 357.09, 0.9086, -0.0259, 0.4166, -0.0161
16:02:44, 9.53, 286, 49.34, 358.11, 357.11, 0.9085, -0.0256, 0.4168, -0.0160
16:02:44, 9.53, 286, 49.38, 358.06, 357.10, 0.9083, -0.0260, 0.4171, -0.0159
16:02:44, 9.57, 287, 49.43, 358.01, 357.11, 0.9082, -0.0263, 0.4175, -0.0156
16:02:44, 9.57, 287, 49.46, 357.97, 357.10, 0.9080, -0.0266, 0.4178, -0.0156
16:02:44, 9.60, 288, 49.48, 357.97, 357.09, 0.9080, -0.0267, 0.4179, -0.0156
16:02:44, 9.60, 288, 49.54, 357.98, 357.07, 0.9078, -0.0267, 0.4184, -0.0158
16:02:44, 9.60, 288, 49.57, 357.96, 357.10, 0.9076, -0.0267, 0.4186, -0.0155
16:02:44, 9.63, 289, 49.60, 357.95, 357.11, 0.9075, -0.0268, 0.4188, -0.0154
16:02:44, 9.63, 289, 49.64, 357.94, 357.13, 0.9074, -0.0268, 0.4191, -0.0152
16:02:44, 9.67, 290, 49.68, 357.93, 357.15, 0.9073, -0.0269, 0.4194, -0.0150
16:02:44, 9.67, 290, 49.77, 357.91, 357.15, 0.9069, -0.0270, 0.4202, -0.0149
16:02:44, 9.70, 291, 49.86, 357.91, 357.16, 0.9066, -0.0270, 0.4209, -0.0147
16:02:44, 9.70, 291, 49.96, 357.90, 357.18, 0.9062, -0.0270, 0.4217, -0.0145
16:02:44, 9.70, 291, 50.07, 357.85, 357.19, 0.9058, -0.0274, 0.4226, -0.0143
16:02:44, 9.73, 292, 50.18, 357.82, 357.21, 0.9054, -0.0275, 0.4234, -0.0140
16:02:44, 9.73, 292, 50.29, 357.78, 357.22, 0.9050, -0.0279, 0.4243, -0.0137
16:02:44, 9.77, 293, 50.42, 357.76, 357.22, 0.9045, -0.0280, 0.4253, -0.0136
16:02:44, 9.77, 293, 50.55, 357.69, 357.22, 0.9040, -0.0286, 0.4263, -0.0133
16:02:44, 9.77, 293, 50.71, 357.65, 357.24, 0.9034, -0.0288, 0.4275, -0.0130
16:02:44, 9.80, 294, 50.84, 357.60, 357.25, 0.9029, -0.0292, 0.4286, -0.0127
16:02:44, 9.80, 294, 50.96, 357.55, 357.30, 0.9025, -0.0294, 0.4295, -0.0121
16:02:44, 9.83, 295, 51.09, 357.51, 357.31, 0.9020, -0.0297, 0.4306, -0.0119
16:02:44, 9.83, 295, 51.23, 357.48, 357.33, 0.9015, -0.0299, 0.4316, -0.0115
16:02:44, 9.87, 296, 51.35, 357.44, 357.34, 0.9010, -0.0302, 0.4326, -0.0112
16:02:44, 9.87, 296, 51.49, 357.37, 357.36, 0.9005, -0.0306, 0.4337, -0.0108
16:02:44, 9.87, 296, 51.66, 357.30, 357.37, 0.8998, -0.0312, 0.4350, -0.0104
16:02:44, 9.90, 297, 51.80, 357.25, 357.37, 0.8993, -0.0316, 0.4360, -0.0101
16:02:44, 9.90, 297, 51.93, 357.19, 357.39, 0.8988, -0.0320, 0.4371, -0.0098
16:02:44, 9.93, 298, 52.10, 357.16, 357.40, 0.8981, -0.0322, 0.4384, -0.0095
16:02:44, 9.93, 298, 52.23, 357.10, 357.40, 0.8977, -0.0327, 0.4394, -0.0093
16:02:44, 9.93, 298, 52.36, 357.07, 357.42, 0.8972, -0.0328, 0.4404, -0.0089
16:02:44, 9.97, 299, 52.48, 357.02, 357.42, 0.8967, -0.0333, 0.4414, -0.0087
16:02:44, 9.97, 299, 52.61, 356.98, 357.44, 0.8962, -0.0335, 0.4423, -0.0083
