Timestamp, VideoTime, VideoFrame, HeadYaw, HeadPitch, HeadRoll, HeadQuatW, HeadQuatX, HeadQuatY, HeadQuatZ
13:49:01, 0.03, 1, 78.85, 3.66, 1.95, 0.7723, 0.0354, 0.6342, -0.0071
13:49:01, 0.03, 1, 78.77, 3.68, 1.98, 0.7727, 0.0358, 0.6337, -0.0070
13:49:01, 0.03, 1, 78.71, 3.70, 2.00, 0.7730, 0.0360, 0.6333, -0.0070
13:49:01, 0.07, 2, 78.67, 3.71, 1.98, 0.7733, 0.0360, 0.6330, -0.0071
13:49:01, 0.07, 2, 78.62, 3.76, 1.99, 0.7735, 0.0364, 0.6327, -0.0074
13:49:01, 0.10, 3, 78.53, 3.79, 2.05, 0.7740, 0.0369, 0.6320, -0.0071
13:49:01, 0.10, 3, 78.44, 3.81, 2.10, 0.7745, 0.0373, 0.6314, -0.0068
13:49:01, 0.10, 3, 78.36, 3.84, 2.18, 0.7750, 0.0379, 0.6308, -0.0064
13:49:01, 0.13, 4, 78.27, 3.85, 2.20, 0.7755, 0.0382, 0.6301, -0.0063
13:49:01, 0.13, 4, 78.19, 3.88, 2.21, 0.7759, 0.0384, 0.6296, -0.0064
13:49:01, 0.17, 5, 78.14, 3.90, 2.20, 0.7762, 0.0385, 0.6293, -0.0066
13:49:01, 0.17, 5, 78.07, 3.90, 2.25, 0.7766, 0.0387, 0.6288, -0.0062
13:49:01, 0.17, 5, 77.98, 3.93, 2.28, 0.7771, 0.0392, 0.6281, -0.0061
13:49:01, 0.20, 6, 77.92, 3.93, 2.29, 0.7774, 0.0392, 0.6278, -0.0060
13:49:01, 0.20, 6, 77.90, 3.89, 2.28, 0.7775, 0.0389, 0.6277, -0.0059
13:49:01, 0.23, 7, 77.93, 3.89, 2.27, 0.7773, 0.0388, 0.6279, -0.0060
13:49:01, 0.23, 7, 77.96, 3.90, 2.29, 0.7772, 0.0390, 0.6281, -0.0059
13:49:01, 0.23, 7, 78.01, 3.87, 2.33, 0.7769, 0.0390, 0.6284, -0.0055
13:49:01, 0.27, 8, 78.05, 3.87, 2.36, 0.7767, 0.0392, 0.6286, -0.0053
13:49:01, 0.27, 8, 78.10, 3.86, 2.37, 0.7764, 0.0391, 0.6290, -0.0052
13:49:01, 0.30, 9, 78.12, 3.88, 2.37, 0.7763, 0.0393, 0.6291, -0.0053
13:49:01, 0.30, 9, 78.14, 3.89, 2.37, 0.7762, 0.0393, 0.6292, -0.0053
13:49:01, 0.33, 10, 78.17, 3.88, 2.38, 0.7761, 0.0394, 0.6294, -0.0052
13:49:01, 0.33, 10, 78.17, 3.92, 2.39, 0.7760, 0.0397, 0.6294, -0.0054
13:49:01, 0.33, 10, 78.17, 3.94, 2.39, 0.7760, 0.0398, 0.6294, -0.0054
13:49:01, 0.37, 11, 78.17, 3.95, 2.39, 0.7760, 0.0399, 0.6294, -0.0055
13:49:01, 0.37, 11, 78.17, 3.97, 2.39, 0.7760, 0.0400, 0.6294, -0.0056
13:49:01, 0.40, 12, 78.17, 3.99, 2.40, 0.7760, 0.0402, 0.6294, -0.0057
13:49:01, 0.40, 12, 78.17, 4.02, 2.39, 0.7760, 0.0404, 0.6294, -0.0059
13:49:01, 0.40, 12, 78.18, 4.04, 2.39, 0.7760, 0.0404, 0.6294, -0.0060
13:49:01, 0.43, 13, 78.18, 4.03, 2.38, 0.7760, 0.0404, 0.6294, -0.0061
13:49:01, 0.43, 13, 78.19, 4.04, 2.34, 0.7759, 0.0403, 0.6295, -0.0064
13:49:02, 0.47, 14, 78.20, 4.04, 2.34, 0.7759, 0.0402, 0.6296, -0.0064
13:49:02, 0.47, 14, 78.22, 4.04, 2.33, 0.7758, 0.0401, 0.6297, -0.0065
13:49:02, 0.50, 15, 78.25, 4.08, 2.33, 0.7756, 0.0404, 0.6299, -0.0067
13:49:02, 0.50, 15, 78.27, 4.11, 2.35, 0.7755, 0.0407, 0.6300, -0.0068
13:49:02, 0.50, 15, 78.31, 4.13, 2.35, 0.7752, 0.0409, 0.6303, -0.0068
13:49:02, 0.53, 16, 78.33, 4.13, 2.35, 0.7752, 0.0409, 0.6304, -0.0069
13:49:02, 0.53, 16, 78.35, 4.14, 2.36, 0.7750, 0.0410, 0.6306, -0.0068
13:49:02, 0.57, 17, 78.36, 4.15, 2.35, 0.7750, 0.0410, 0.6306, -0.0070
13:49:02, 0.57, 17, 78.38, 4.16, 2.35, 0.7749, 0.0411, 0.6307, -0.0071
13:49:02, 0.60, 18, 78.39, 4.17, 2.35, 0.7748, 0.0411, 0.6308, -0.0071
13:49:02, 0.60, 18, 78.40, 4.18, 2.36, 0.7748, 0.0413, 0.6309, -0.0071
13:49:02, 0.60, 18, 78.42, 4.20, 2.35, 0.7746, 0.0413, 0.6310, -0.0073
13:49:02, 0.63, 19, 78.43, 4.19, 2.34, 0.7746, 0.0412, 0.6311, -0.0073
13:49:02, 0.63, 19, 78.43, 4.19, 2.33, 0.7746, 0.0411, 0.6311, -0.0073
13:49:02, 0.67, 20, 78.44, 4.20, 2.33, 0.7745, 0.0413, 0.6312, -0.0074
13:49:02, 0.67, 20, 78.45, 4.22, 2.33, 0.7745, 0.0414, 0.6312, -0.0075
13:49:02, 0.67, 20, 78.46, 4.23, 2.34, 0.7744, 0.0415, 0.6313, -0.0075
13:49:02, 0.70, 21, 78.46, 4.24, 2.34, 0.7744, 0.0415, 0.6313, -0.0076
13:49:02, 0.70, 21, 78.47, 4.22, 2.33, 0.7743, 0.0414, 0.6314, -0.0075
13:49:02, 0.73, 22, 78.47, 4.22, 2.32, 0.7744, 0.0413, 0.6313, -0.0076
13:49:02, 0.73, 22, 78.46, 4.24, 2.32, 0.7744, 0.0415, 0.6313, -0.0077
13:49:02, 0.77, 23, 78.45, 4.27, 2.32, 0.7745, 0.0416, 0.6312, -0.0079
13:49:02, 0.77, 23, 78.45, 4.27, 2.31, 0.7745, 0.0416, 0.6312, -0.0080
13:49:02, 0.77, 23, 78.44, 4.27, 2.30, 0.7745, 0.0415, 0.6312, -0.0080
13:49:02, 0.80, 24, 78.45, 4.27, 2.30, 0.7744, 0.0416, 0.6313, -0.0080
13:49:02, 0.80, 24, 78.46, 4.27, 2.31, 0.7744, 0.0416, 0.6313, -0.0080
13:49:02, 0.83, 25, 78.48, 4.27, 2.32, 0.7743, 0.0416, 0.6314, -0.0079
13:49:02, 0.83, 25, 78.50, 4.27, 2.32, 0.7742, 0.0417, 0.6315, -0.0079
13:49:02, 0.83, 25, 78.51, 4.27, 2.30, 0.7741, 0.0415, 0.6316, -0.0080
13:49:02, 0.87, 26, 78.52, 4.27, 2.28, 0.7741, 0.0414, 0.6317, -0.0082
13:49:02, 0.87, 26, 78.55, 4.28, 2.26, 0.7739, 0.0414, 0.6319, -0.0084
13:49:02, 0.90, 27, 78.57, 4.29, 2.23, 0.7738, 0.0413, 0.6321, -0.0086
13:49:02, 0.90, 27, 78.60, 4.29, 2.28, 0.7736, 0.0415, 0.6322, -0.0084
13:49:02, 0.93, 28, 78.62, 4.28, 2.29, 0.7735, 0.0415, 0.6324, -0.0082
13:49:02, 0.93, 28, 78.62, 4.29, 2.30, 0.7735, 0.0417, 0.6324, -0.0082
13:49:02, 0.93, 28, 78.65, 4.29, 2.27, 0.7734, 0.0415, 0.6326, -0.0084
13:49:02, 0.97, 29, 78.67, 4.28, 2.28, 0.7733, 0.0415, 0.6327, -0.0083
13:49:02, 0.97, 29, 78.66, 4.29, 2.28, 0.7733, 0.0416, 0.6326, -0.0083
13:49:02, 1.00, 30, 78.65, 4.28, 2.29, 0.7734, 0.0415, 0.6326, -0.0082
13:49:02, 1.00, 30, 78.65, 4.29, 2.29, 0.7733, 0.0416, 0.6326, -0.0083
13:49:02, 1.00, 30, 78.66, 4.28, 2.29, 0.7733, 0.0416, 0.6326, -0.0082
13:49:02, 1.03, 31, 78.68, 4.29, 2.30, 0.7732, 0.0417, 0.6328, -0.0083
13:49:02, 1.03, 31, 78.70, 4.29, 2.31, 0.7731, 0.0417, 0.6329, -0.0081
13:49:02, 1.07, 32, 78.74, 4.29, 2.31, 0.7728, 0.0417, 0.6332, -0.0081
13:49:02, 1.07, 32, 78.79, 4.29, 2.35, 0.7725, 0.0419, 0.6335, -0.0079
13:49:02, 1.10, 33, 78.82, 4.26, 2.37, 0.7724, 0.0418, 0.6337, -0.0076
13:49:02, 1.10, 33, 78.88, 4.27, 2.38, 0.7721, 0.0419, 0.6341, -0.0076
13:49:02, 1.10, 33, 78.92, 4.27, 2.41, 0.7719, 0.0421, 0.6343, -0.0074
13:49:02, 1.13, 34, 78.95, 4.27, 2.42, 0.7717, 0.0421, 0.6345, -0.0074
13:49:02, 1.13, 34, 78.98, 4.24, 2.41, 0.7715, 0.0419, 0.6348, -0.0073
13:49:02, 1.17, 35, 79.02, 4.25, 2.42, 0.7713, 0.0420, 0.6350, -0.0073
13:49:02, 1.17, 35, 79.02, 4.25, 2.41, 0.7713, 0.0420, 0.6351, -0.0074
13:49:02, 1.17, 35, 79.01, 4.27, 2.42, 0.7713, 0.0421, 0.6350, -0.0074
13:49:02, 1.20, 36, 79.02, 4.26, 2.42, 0.7713, 0.0421, 0.6350, -0.0074
13:49:02, 1.20, 36, 79.02, 4.27, 2.42, 0.7713, 0.0422, 0.6351, -0.0074
13:49:02, 1.23, 37, 79.03, 4.30, 2.41, 0.7713, 0.0423, 0.6351, -0.0077
13:49:02, 1.23, 37, 79.02, 4.31, 2.40, 0.7713, 0.0423, 0.6350, -0.0077
13:49:02, 1.27, 38, 79.01, 4.32, 2.39, 0.7713, 0.0424, 0.6350, -0.0079
13:49:02, 1.27, 38, 79.03, 4.34, 2.38, 0.7713, 0.0424, 0.6351, -0.0081
13:49:02, 1.27, 38, 79.03, 4.34, 2.37, 0.7712, 0.0423, 0.6351, -0.0082
13:49:02, 1.30, 39, 79.04, 4.37, 2.36, 0.7712, 0.0425, 0.6351, -0.0083
13:49:02, 1.30, 39, 79.05, 4.41, 2.39, 0.7711, 0.0429, 0.6352, -0.0084
13:49:02, 1.33, 40, 79.07, 4.46, 2.41, 0.7710, 0.0433, 0.6353, -0.0086
13:49:02, 1.33, 40, 79.06, 4.47, 2.42, 0.7711, 0.0435, 0.6352, -0.0086
13:49:02, 1.33, 40, 79.07, 4.49, 2.40, 0.7710, 0.0436, 0.6353, -0.0088
13:49:02, 1.37, 41, 79.08, 4.51, 2.41, 0.7709, 0.0437, 0.6353, -0.0088
13:49:02, 1.37, 41, 79.08, 4.55, 2.41, 0.7709, 0.0440, 0.6353, -0.0090
13:49:02, 1.40, 42, 79.07, 4.57, 2.40, 0.7710, 0.0441, 0.6353, -0.0092
13:49:02, 1.40, 42, 79.08, 4.61, 2.40, 0.7709, 0.0443, 0.6353, -0.0094
13:49:02, 1.43, 43, 79.05, 4.63, 2.40, 0.7711, 0.0445, 0.6351, -0.0096
13:49:02, 1.43, 43, 79.07, 4.64, 2.38, 0.7710, 0.0444, 0.6352, -0.0097
13:49:02, 1.43, 43, 79.09, 4.66, 2.38, 0.7709, 0.0446, 0.6354, -0.0099
13:49:03, 1.47, 44, 79.08, 4.68, 2.38, 0.7709, 0.0446, 0.6353, -0.0100
13:49:03, 1.47, 44, 79.11, 4.73, 2.37, 0.7707, 0.0449, 0.6355, -0.0103
13:49:03, 1.50, 45, 79.10, 4.75, 2.38, 0.7708, 0.0451, 0.6354, -0.0104
13:49:03, 1.50, 45, 79.10, 4.78, 2.36, 0.7708, 0.0453, 0.6354, -0.0107
13:49:03, 1.50, 45, 79.08, 4.80, 2.35, 0.7709, 0.0453, 0.6352, -0.0109
13:49:03, 1.53, 46, 79.05, 4.81, 2.32, 0.7710, 0.0452, 0.6351, -0.0111
13:49:03, 1.53, 46, 79.04, 4.83, 2.33, 0.7711, 0.0454, 0.6350, -0.0111
13:49:03, 1.57, 47, 79.04, 4.85, 2.33, 0.7711, 0.0455, 0.6350, -0.0113
13:49:03, 1.57, 47, 79.05, 4.86, 2.33, 0.7710, 0.0456, 0.6351, -0.0113
13:49:03, 1.60, 48, 79.07, 4.89, 2.34, 0.7709, 0.0459, 0.6352, -0.0115
13:49:03, 1.60, 48, 79.10, 4.91, 2.36, 0.7708, 0.0461, 0.6353, -0.0114
13:49:03, 1.60, 48, 79.08, 4.92, 2.36, 0.7709, 0.0462, 0.6352, -0.0115
13:49:03, 1.63, 49, 79.08, 4.95, 2.37, 0.7709, 0.0465, 0.6352, -0.0115
13:49:03, 1.63, 49, 79.05, 4.99, 2.39, 0.7710, 0.0468, 0.6350, -0.0116
13:49:03, 1.67, 50, 79.00, 5.04, 2.38, 0.7713, 0.0471, 0.6346, -0.0120
13:49:03, 1.67, 50, 78.91, 5.08, 2.38, 0.7718, 0.0474, 0.6340, -0.0121
13:49:03, 1.67, 50, 78.84, 5.12, 2.34, 0.7722, 0.0475, 0.6335, -0.0126
13:49:03, 1.70, 51, 78.77, 5.15, 2.29, 0.7726, 0.0474, 0.6330, -0.0131
13:49:03, 1.70, 51, 78.76, 5.20, 2.30, 0.7726, 0.0478, 0.6330, -0.0133
13:49:03, 1.73, 52, 78.71, 5.23, 2.31, 0.7728, 0.0480, 0.6326, -0.0134
13:49:03, 1.73, 52, 78.66, 5.27, 2.36, 0.7731, 0.0486, 0.6322, -0.0133
13:49:03, 1.77, 53, 78.56, 5.33, 2.36, 0.7736, 0.0490, 0.6316, -0.0135
13:49:03, 1.77, 53, 78.46, 5.40, 2.37, 0.7742, 0.0496, 0.6308, -0.0137
13:49:03, 1.77, 53, 78.32, 5.49, 2.35, 0.7749, 0.0500, 0.6299, -0.0144
13:49:03, 1.80, 54, 78.18, 5.53, 2.28, 0.7757, 0.0500, 0.6289, -0.0150
13:49:03, 1.80, 54, 78.06, 5.61, 2.25, 0.7763, 0.0503, 0.6281, -0.0156
13:49:03, 1.83, 55, 77.89, 5.68, 2.22, 0.7772, 0.0506, 0.6270, -0.0161
13:49:03, 1.83, 55, 77.66, 5.79, 2.23, 0.7785, 0.0515, 0.6253, -0.0166
13:49:03, 1.83, 55, 77.39, 5.90, 2.20, 0.7799, 0.0522, 0.6235, -0.0172
13:49:03, 1.87, 56, 77.03, 6.06, 2.22, 0.7819, 0.0534, 0.6209, -0.0178
13:49:03, 1.87, 56, 76.58, 6.27, 2.22, 0.7842, 0.0549, 0.6178, -0.0187
13:49:03, 1.90, 57, 76.00, 6.55, 2.27, 0.7872, 0.0572, 0.6137, -0.0196
13:49:03, 1.90, 57, 75.29, 6.86, 2.24, 0.7909, 0.0593, 0.6086, -0.0211
13:49:03, 1.93, 58, 74.36, 7.25, 2.32, 0.7958, 0.0625, 0.6020, -0.0221
13:49:03, 1.93, 58, 73.31, 7.69, 2.33, 0.8011, 0.0659, 0.5944, -0.0238
13:49:03, 1.93, 58, 71.86, 8.19, 2.38, 0.8084, 0.0700, 0.5840, -0.0252
13:49:03, 1.97, 59, 70.18, 8.89, 2.29, 0.8165, 0.0749, 0.5718, -0.0282
13:49:03, 1.97, 59, 68.27, 9.72, 2.08, 0.8254, 0.0802, 0.5578, -0.0326
13:49:03, 2.00, 60, 66.38, 10.48, 1.88, 0.8341, 0.0854, 0.5438, -0.0363
13:49:03, 2.00, 60, 64.45, 11.30, 1.53, 0.8425, 0.0903, 0.5295, -0.0413
13:49:03, 2.00, 60, 62.58, 12.05, 1.11, 0.8503, 0.0947, 0.5156, -0.0463
13:49:03, 2.03, 61, 60.73, 12.77, 0.75, 0.8578, 0.0992, 0.5018, -0.0506
13:49:03, 2.03, 61, 58.97, 13.48, 0.55, 0.8647, 0.1045, 0.4883, -0.0537
13:49:03, 2.07, 62, 57.14, 14.11, 0.48, 0.8718, 0.1099, 0.4741, -0.0550
13:49:03, 2.07, 62, 55.52, 14.73, 0.59, 0.8779, 0.1158, 0.4614, -0.0552
13:49:03, 2.10, 63, 53.99, 15.34, 0.74, 0.8834, 0.1218, 0.4491, -0.0548
13:49:03, 2.10, 63, 52.58, 16.01, 0.85, 0.8883, 0.1281, 0.4376, -0.0550
13:49:03, 2.10, 63, 51.27, 16.59, 0.87, 0.8926, 0.1333, 0.4271, -0.0557
13:49:03, 2.13, 64, 49.92, 17.27, 0.74, 0.8967, 0.1388, 0.4163, -0.0576
13:49:03, 2.13, 64, 48.75, 17.86, 0.57, 0.9002, 0.1434, 0.4070, -0.0595
13:49:03, 2.17, 65, 47.60, 18.42, 0.45, 0.9034, 0.1480, 0.3978, -0.0610
13:49:03, 2.17, 65, 46.60, 18.92, 0.33, 0.9062, 0.1521, 0.3897, -0.0624
13:49:03, 2.17, 65, 45.47, 19.34, 0.16, 0.9093, 0.1554, 0.3808, -0.0636
13:49:03, 2.20, 66, 44.39, 19.82, 0.05, 0.9121, 0.1595, 0.3721, -0.0647
13:49:03, 2.20, 66, 43.21, 20.21, 359.89, 0.9153, 0.1628, 0.3626, -0.0655
13:49:03, 2.23, 67, 42.28, 20.66, 359.84, 0.9175, 0.1668, 0.3550, -0.0660
13:49:03, 2.23, 67, 41.38, 21.06, 359.71, 0.9196, 0.1701, 0.3478, -0.0669
13:49:03, 2.23, 67, 40.52, 21.49, 359.59, 0.9214, 0.1737, 0.3409, -0.0678
13:49:03, 2.27, 68, 39.67, 21.74, 359.46, 0.9235, 0.1758, 0.3341, -0.0684
13:49:03, 2.27, 68, 38.92, 22.06, 359.29, 0.9250, 0.1784, 0.3281, -0.0695
13:49:03, 2.30, 69, 38.27, 22.27, 359.11, 0.9264, 0.1800, 0.3230, -0.0705
13:49:03, 2.30, 69, 37.67, 22.52, 358.96, 0.9276, 0.1819, 0.3183, -0.0714
13:49:03, 2.33, 70, 37.13, 22.66, 358.79, 0.9288, 0.1829, 0.3141, -0.0723
13:49:03, 2.33, 70, 36.66, 22.83, 358.73, 0.9297, 0.1844, 0.3103, -0.0725
13:49:03, 2.33, 70, 36.25, 22.96, 358.76, 0.9307, 0.1858, 0.3069, -0.0720
13:49:03, 2.37, 71, 35.84, 23.10, 358.68, 0.9314, 0.1870, 0.3037, -0.0723
13:49:03, 2.37, 71, 35.46, 23.16, 358.63, 0.9323, 0.1876, 0.3006, -0.0723
13:49:03, 2.40, 72, 35.14, 23.29, 358.61, 0.9329, 0.1889, 0.2980, -0.0722
13:49:03, 2.40, 72, 34.79, 23.46, 358.55, 0.9335, 0.1903, 0.2951, -0.0726
13:49:03, 2.43, 73, 34.47, 23.61, 358.47, 0.9340, 0.1915, 0.2926, -0.0731
13:49:03, 2.43, 73, 34.18, 23.74, 358.39, 0.9345, 0.1926, 0.2903, -0.0736
13:49:03, 2.43, 73, 33.92, 23.89, 358.35, 0.9348, 0.1938, 0.2882, -0.0739
13:49:04, 2.47, 74, 33.65, 23.96, 358.26, 0.9353, 0.1944, 0.2861, -0.0743
13:49:04, 2.47, 74, 33.46, 23.98, 358.23, 0.9357, 0.1946, 0.2846, -0.0743
13:49:04, 2.50, 75, 33.20, 24.01, 358.20, 0.9363, 0.1949, 0.2825, -0.0741
13:49:04, 2.50, 75, 32.99, 24.02, 358.20, 0.9368, 0.1951, 0.2808, -0.0738
13:49:04, 2.50, 75, 32.75, 24.06, 358.19, 0.9373, 0.1956, 0.2788, -0.0736
13:49:04, 2.53, 76, 32.49, 24.10, 358.20, 0.9379, 0.1961, 0.2767, -0.0732
13:49:04, 2.53, 76, 32.22, 24.21, 358.22, 0.9383, 0.1972, 0.2744, -0.0728
13:49:04, 2.57, 77, 31.98, 24.30, 358.22, 0.9388, 0.1981, 0.2724, -0.0726
13:49:04, 2.57, 77, 31.75, 24.43, 358.20, 0.9390, 0.1993, 0.2705, -0.0726
13:49:04, 2.60, 78, 31.62, 24.54, 358.24, 0.9392, 0.2004, 0.2693, -0.0723
13:49:04, 2.60, 78, 31.48, 24.65, 358.28, 0.9393, 0.2015, 0.2681, -0.0721
13:49:04, 2.60, 78, 31.39, 24.70, 358.33, 0.9395, 0.2020, 0.2672, -0.0716
13:49:04, 2.63, 79, 31.33, 24.79, 358.41, 0.9395, 0.2030, 0.2665, -0.0710
13:49:04, 2.63, 79, 31.30, 24.85, 358.52, 0.9395, 0.2038, 0.2661, -0.0702
13:49:04, 2.67, 80, 31.24, 24.97, 358.61, 0.9395, 0.2050, 0.2654, -0.0696
13:49:04, 2.67, 80, 31.21, 25.08, 358.66, 0.9394, 0.2060, 0.2650, -0.0694
13:49:04, 2.67, 80, 31.23, 25.15, 358.73, 0.9393, 0.2067, 0.2650, -0.0690
13:49:04, 2.70, 81, 31.26, 25.20, 358.77, 0.9391, 0.2072, 0.2652, -0.0689
13:49:04, 2.70, 81, 31.31, 25.23, 358.82, 0.9390, 0.2075, 0.2655, -0.0686
13:49:04, 2.73, 82, 31.36, 25.28, 358.86, 0.9388, 0.2080, 0.2658, -0.0685
13:49:04, 2.73, 82, 31.37, 25.32, 358.93, 0.9387, 0.2086, 0.2658, -0.0680
13:49:04, 2.77, 83, 31.38, 25.39, 359.01, 0.9386, 0.2093, 0.2657, -0.0675
13:49:04, 2.77, 83, 31.39, 25.44, 359.09, 0.9386, 0.2099, 0.2655, -0.0670
13:49:04, 2.77, 83, 31.35, 25.47, 359.13, 0.9387, 0.2103, 0.2651, -0.0667
13:49:04, 2.80, 84, 31.33, 25.54, 359.15, 0.9386, 0.2108, 0.2649, -0.0666
13:49:04, 2.80, 84, 31.32, 25.57, 359.17, 0.9386, 0.2112, 0.2648, -0.0665
13:49:04, 2.83, 85, 31.30, 25.60, 359.18, 0.9385, 0.2114, 0.2646, -0.0665
13:49:04, 2.83, 85, 31.28, 25.60, 359.19, 0.9386, 0.2114, 0.2644, -0.0664
13:49:04, 2.83, 85, 31.28, 25.62, 359.21, 0.9386, 0.2117, 0.2643, -0.0662
13:49:04, 2.87, 86, 31.24, 25.63, 359.24, 0.9387, 0.2119, 0.2640, -0.0660
13:49:04, 2.90, 87, 31.17, 25.68, 359.22, 0.9387, 0.2122, 0.2634, -0.0661
13:49:04, 2.93, 88, 31.15, 25.68, 359.20, 0.9388, 0.2122, 0.2633, -0.0662
13:49:04, 2.93, 88, 31.13, 25.67, 359.20, 0.9388, 0.2121, 0.2631, -0.0662
13:49:04, 2.93, 88, 31.13, 25.67, 359.21, 0.9388, 0.2122, 0.2631, -0.0661
13:49:04, 2.97, 89, 31.14, 25.68, 359.21, 0.9388, 0.2122, 0.2632, -0.0661
13:49:04, 2.97, 89, 31.17, 25.67, 359.21, 0.9387, 0.2121, 0.2634, -0.0662
13:49:04, 3.00, 90, 31.20, 25.65, 359.19, 0.9387, 0.2119, 0.2637, -0.0663
13:49:04, 3.00, 90, 31.23, 25.67, 359.21, 0.9386, 0.2121, 0.2639, -0.0662
13:49:04, 3.00, 90, 31.27, 25.70, 359.27, 0.9385, 0.2125, 0.2641, -0.0659
13:49:04, 3.03, 91, 31.28, 25.68, 359.29, 0.9385, 0.2124, 0.2642, -0.0658
13:49:04, 3.03, 91, 31.27, 25.69, 359.29, 0.9385, 0.2125, 0.2641, -0.0657
13:49:04, 3.07, 92, 31.26, 25.68, 359.30, 0.9386, 0.2124, 0.2640, -0.0656
13:49:04, 3.07, 92, 31.23, 25.68, 359.30, 0.9386, 0.2124, 0.2637, -0.0655
13:49:04, 3.07, 92, 31.21, 25.67, 359.29, 0.9387, 0.2123, 0.2636, -0.0656
13:49:04, 3.10, 93, 31.18, 25.66, 359.27, 0.9388, 0.2122, 0.2634, -0.0656
13:49:04, 3.10, 93, 31.16, 25.64, 359.25, 0.9388, 0.2120, 0.2633, -0.0658
13:49:04, 3.13, 94, 31.13, 25.61, 359.22, 0.9389, 0.2117, 0.2631, -0.0659
13:49:04, 3.13, 94, 31.14, 25.61, 359.23, 0.9389, 0.2118, 0.2631, -0.0658
13:49:04, 3.17, 95, 31.14, 25.59, 359.23, 0.9390, 0.2116, 0.2632, -0.0657
13:49:04, 3.17, 95, 31.16, 25.59, 359.24, 0.9389, 0.2116, 0.2633, -0.0657
13:49:04, 3.17, 95, 31.18, 25.57, 359.26, 0.9389, 0.2115, 0.2634, -0.0656
13:49:04, 3.20, 96, 31.20, 25.57, 359.28, 0.9389, 0.2115, 0.2636, -0.0654
13:49:04, 3.20, 96, 31.24, 25.53, 359.34, 0.9389, 0.2113, 0.2638, -0.0649
13:49:04, 3.23, 97, 31.25, 25.51, 359.35, 0.9389, 0.2111, 0.2639, -0.0648
13:49:04, 3.23, 97, 31.26, 25.51, 359.34, 0.9389, 0.2111, 0.2640, -0.0649
13:49:04, 3.23, 97, 31.28, 25.49, 359.37, 0.9389, 0.2110, 0.2641, -0.0646
13:49:04, 3.27, 98, 31.27, 25.49, 359.41, 0.9390, 0.2111, 0.2639, -0.0643
13:49:04, 3.27, 98, 31.26, 25.47, 359.42, 0.9390, 0.2110, 0.2639, -0.0641
13:49:04, 3.30, 99, 31.28, 25.46, 359.47, 0.9390, 0.2110, 0.2639, -0.0637
13:49:04, 3.30, 99, 31.28, 25.45, 359.51, 0.9391, 0.2110, 0.2639, -0.0634
13:49:04, 3.33, 100, 31.28, 25.46, 359.54, 0.9391, 0.2111, 0.2638, -0.0631
13:49:04, 3.33, 100, 31.29, 25.45, 359.57, 0.9391, 0.2111, 0.2638, -0.0629
13:49:04, 3.33, 100, 31.28, 25.47, 359.60, 0.9391, 0.2114, 0.2637, -0.0627
13:49:04, 3.37, 101, 31.28, 25.47, 359.60, 0.9391, 0.2114, 0.2637, -0.0627
13:49:04, 3.37, 101, 31.30, 25.46, 359.64, 0.9391, 0.2114, 0.2638, -0.0624
13:49:04, 3.40, 102, 31.30, 25.45, 359.64, 0.9391, 0.2113, 0.2638, -0.0624
13:49:04, 3.40, 102, 31.31, 25.44, 359.67, 0.9391, 0.2112, 0.2638, -0.0621
13:49:04, 3.40, 102, 31.32, 25.44, 359.69, 0.9391, 0.2113, 0.2638, -0.0620
13:49:04, 3.43, 103, 31.32, 25.42, 359.72, 0.9391, 0.2112, 0.2639, -0.0617
13:49:04, 3.43, 103, 31.33, 25.44, 359.73, 0.9391, 0.2114, 0.2639, -0.0616
13:49:05, 3.47, 104, 31.34, 25.44, 359.75, 0.9391, 0.2114, 0.2639, -0.0615
13:49:05, 3.47, 104, 31.35, 25.43, 359.76, 0.9391, 0.2114, 0.2640, -0.0615
13:49:05, 3.50, 105, 31.36, 25.44, 359.78, 0.9391, 0.2114, 0.2640, -0.0613
13:49:05, 3.50, 105, 31.37, 25.43, 359.77, 0.9390, 0.2114, 0.2641, -0.0614
13:49:05, 3.50, 105, 31.38, 25.44, 359.78, 0.9390, 0.2115, 0.2642, -0.0613
13:49:05, 3.53, 106, 31.39, 25.45, 359.79, 0.9390, 0.2116, 0.2642, -0.0613
13:49:05, 3.53, 106, 31.40, 25.46, 359.81, 0.9389, 0.2117, 0.2643, -0.0612
13:49:05, 3.57, 107, 31.40, 25.47, 359.82, 0.9389, 0.2118, 0.2643, -0.0611
13:49:05, 3.57, 107, 31.40, 25.48, 359.82, 0.9389, 0.2119, 0.2643, -0.0612
13:49:05, 3.60, 108, 31.40, 25.47, 359.82, 0.9389, 0.2118, 0.2643, -0.0612
13:49:05, 3.60, 108, 31.42, 25.49, 359.83, 0.9388, 0.2120, 0.2644, -0.0611
13:49:05, 3.60, 108, 31.43, 25.52, 359.84, 0.9388, 0.2122, 0.2644, -0.0612
13:49:05, 3.63, 109, 31.43, 25.54, 359.84, 0.9387, 0.2124, 0.2644, -0.0612
13:49:05, 3.63, 109, 31.45, 25.57, 359.86, 0.9386, 0.2127, 0.2646, -0.0612
13:49:05, 3.67, 110, 31.45, 25.59, 359.86, 0.9386, 0.2129, 0.2646, -0.0612
13:49:05, 3.67, 110, 31.46, 25.61, 359.87, 0.9385, 0.2131, 0.2646, -0.0611
13:49:05, 3.67, 110, 31.47, 25.62, 359.89, 0.9385, 0.2131, 0.2647, -0.0611
13:49:05, 3.70, 111, 31.47, 25.63, 359.88, 0.9385, 0.2132, 0.2647, -0.0611
13:49:05, 3.70, 111, 31.48, 25.63, 359.89, 0.9385, 0.2133, 0.2647, -0.0611
13:49:05, 3.73, 112, 31.49, 25.65, 359.89, 0.9384, 0.2134, 0.2648, -0.0611
13:49:05, 3.73, 112, 31.48, 25.64, 359.88, 0.9384, 0.2133, 0.2648, -0.0611
13:49:05, 3.77, 113, 31.48, 25.64, 359.87, 0.9384, 0.2133, 0.2647, -0.0612
13:49:05, 3.77, 113, 31.48, 25.64, 359.86, 0.9384, 0.2133, 0.2648, -0.0613
13:49:05, 3.77, 113, 31.49, 25.64, 359.85, 0.9384, 0.2133, 0.2648, -0.0614
13:49:05, 3.80, 114, 31.49, 25.66, 359.83, 0.9384, 0.2134, 0.2649, -0.0616
13:49:05, 3.80, 114, 31.50, 25.70, 359.84, 0.9383, 0.2137, 0.2650, -0.0617
13:49:05, 3.83, 115, 31.49, 25.73, 359.84, 0.9382, 0.2140, 0.2648, -0.0617
13:49:05, 3.83, 115, 31.49, 25.75, 359.84, 0.9382, 0.2141, 0.2649, -0.0618
13:49:05, 3.83, 115, 31.49, 25.75, 359.84, 0.9382, 0.2141, 0.2649, -0.0617
13:49:05, 3.87, 116, 31.50, 25.77, 359.85, 0.9382, 0.2142, 0.2649, -0.0618
13:49:05, 3.87, 116, 31.51, 25.77, 359.85, 0.9381, 0.2142, 0.2650, -0.0618
13:49:05, 3.90, 117, 31.52, 25.77, 359.84, 0.9381, 0.2142, 0.2650, -0.0618
13:49:05, 3.90, 117, 31.51, 25.77, 359.83, 0.9381, 0.2142, 0.2650, -0.0619
13:49:05, 3.93, 118, 31.52, 25.76, 359.83, 0.9381, 0.2142, 0.2651, -0.0619
13:49:05, 3.93, 118, 31.52, 25.76, 359.83, 0.9381, 0.2142, 0.2651, -0.0620
13:49:05, 3.93, 118, 31.53, 25.76, 359.82, 0.9381, 0.2141, 0.2652, -0.0620
13:49:05, 3.97, 119, 31.53, 25.77, 359.82, 0.9381, 0.2142, 0.2651, -0.0620
13:49:05, 3.97, 119, 31.52, 25.78, 359.82, 0.9381, 0.2142, 0.2651, -0.0621
13:49:05, 4.00, 120, 31.51, 25.80, 359.83, 0.9380, 0.2145, 0.2650, -0.0620
13:49:05, 4.00, 120, 31.50, 25.83, 359.83, 0.9380, 0.2147, 0.2649, -0.0620
13:49:05, 4.00, 120, 31.45, 25.84, 359.83, 0.9381, 0.2148, 0.2645, -0.0620
13:49:05, 4.03, 121, 31.43, 25.85, 359.80, 0.9381, 0.2149, 0.2643, -0.0622
13:49:05, 4.03, 121, 31.39, 25.85, 359.77, 0.9382, 0.2148, 0.2641, -0.0624
13:49:05, 4.07, 122, 31.38, 25.85, 359.75, 0.9382, 0.2148, 0.2640, -0.0625
13:49:05, 4.07, 122, 31.38, 25.86, 359.76, 0.9382, 0.2148, 0.2640, -0.0625
13:49:05, 4.10, 123, 31.36, 25.85, 359.75, 0.9383, 0.2148, 0.2639, -0.0625
13:49:05, 4.10, 123, 31.36, 25.86, 359.77, 0.9382, 0.2149, 0.2639, -0.0623
13:49:05, 4.10, 123, 31.35, 25.86, 359.80, 0.9383, 0.2150, 0.2637, -0.0621
13:49:05, 4.13, 124, 31.32, 25.86, 359.84, 0.9384, 0.2151, 0.2634, -0.0617
13:49:05, 4.13, 124, 31.30, 25.86, 359.82, 0.9384, 0.2150, 0.2633, -0.0618
13:49:05, 4.17, 125, 31.22, 25.86, 359.82, 0.9386, 0.2151, 0.2626, -0.0617
13:49:05, 4.17, 125, 31.17, 25.87, 359.81, 0.9387, 0.2152, 0.2622, -0.0617
13:49:05, 4.17, 125, 31.07, 25.85, 359.80, 0.9389, 0.2150, 0.2614, -0.0615
13:49:05, 4.20, 126, 30.94, 25.79, 359.79, 0.9394, 0.2146, 0.2604, -0.0612
13:49:05, 4.20, 126, 30.69, 25.69, 359.82, 0.9401, 0.2140, 0.2583, -0.0603
13:49:05, 4.23, 127, 30.32, 25.47, 359.80, 0.9413, 0.2124, 0.2554, -0.0593
13:49:05, 4.23, 127, 29.76, 25.17, 359.67, 0.9431, 0.2098, 0.2512, -0.0587
13:49:05, 4.27, 128, 29.02, 24.81, 359.40, 0.9452, 0.2067, 0.2458, -0.0588
13:49:05, 4.27, 128, 28.12, 24.51, 359.08, 0.9475, 0.2040, 0.2390, -0.0592
13:49:05, 4.27, 128, 26.95, 24.22, 358.69, 0.9502, 0.2014, 0.2302, -0.0598
13:49:05, 4.30, 129, 25.70, 23.82, 358.25, 0.9532, 0.1978, 0.2207, -0.0605
13:49:05, 4.30, 129, 24.14, 23.34, 357.62, 0.9566, 0.1935, 0.2088, -0.0622
13:49:05, 4.33, 130, 22.26, 22.84, 356.91, 0.9604, 0.1891, 0.1944, -0.0641
13:49:05, 4.33, 130, 20.36, 22.40, 356.16, 0.9638, 0.1852, 0.1797, -0.0666
13:49:05, 4.33, 130, 18.50, 21.95, 355.49, 0.9670, 0.1816, 0.1651, -0.0687
13:49:05, 4.37, 131, 16.61, 21.58, 354.85, 0.9698, 0.1787, 0.1500, -0.0707
13:49:05, 4.37, 131, 14.74, 21.18, 354.26, 0.9724, 0.1757, 0.1351, -0.0723
13:49:05, 4.40, 132, 12.91, 20.81, 353.69, 0.9747, 0.1731, 0.1203, -0.0740
13:49:05, 4.40, 132, 11.16, 20.46, 353.16, 0.9767, 0.1708, 0.1060, -0.0757
13:49:05, 4.43, 133, 9.46, 20.12, 352.72, 0.9784, 0.1686, 0.0920, -0.0767
13:49:05, 4.43, 133, 7.96, 19.84, 352.36, 0.9797, 0.1669, 0.0797, -0.0774
13:49:05, 4.43, 133, 6.57, 19.60, 351.99, 0.9807, 0.1656, 0.0682, -0.0784
13:49:06, 4.47, 134, 5.24, 19.42, 351.70, 0.9815, 0.1648, 0.0571, -0.0789
13:49:06, 4.47, 134, 3.94, 19.30, 351.47, 0.9821, 0.1645, 0.0463, -0.0791
13:49:06, 4.50, 135, 2.77, 19.15, 351.30, 0.9826, 0.1640, 0.0364, -0.0788
13:49:06, 4.50, 135, 1.74, 19.09, 351.11, 0.9829, 0.1642, 0.0278, -0.0789
13:49:06, 4.50, 135, 0.72, 18.97, 351.00, 0.9832, 0.1638, 0.0191, -0.0784
13:49:06, 4.53, 136, 359.79, 18.82, 351.00, 0.9835, 0.1632, 0.0110, -0.0771
13:49:06, 4.53, 136, 358.81, 18.68, 350.92, 0.9837, 0.1626, 0.0026, -0.0764
13:49:06, 4.57, 137, 357.86, 18.53, 350.82, 0.9839, 0.1619, -0.0055, -0.0760
13:49:06, 4.57, 137, 357.05, 18.37, 350.75, 0.9840, 0.1611, -0.0124, -0.0755
13:49:06, 4.60, 138, 356.29, 18.28, 350.65, 0.9839, 0.1608, -0.0189, -0.0753
13:49:06, 4.60, 138, 355.60, 18.22, 350.60, 0.9838, 0.1608, -0.0248, -0.0748
13:49:06, 4.60, 138, 354.90, 18.20, 350.66, 0.9837, 0.1610, -0.0309, -0.0733
13:49:06, 4.63, 139, 354.42, 18.17, 350.68, 0.9836, 0.1611, -0.0351, -0.0724
13:49:06, 4.63, 139, 353.89, 18.21, 350.68, 0.9834, 0.1618, -0.0396, -0.0717
13:49:06, 4.67, 140, 353.48, 18.20, 350.73, 0.9833, 0.1619, -0.0432, -0.0707
13:49:06, 4.67, 140, 353.14, 18.28, 350.75, 0.9831, 0.1628, -0.0461, -0.0700
13:49:06, 4.67, 140, 352.85, 18.35, 350.88, 0.9829, 0.1636, -0.0487, -0.0684
13:49:06, 4.70, 141, 352.57, 18.42, 350.97, 0.9828, 0.1643, -0.0512, -0.0672
13:49:06, 4.70, 141, 352.31, 18.51, 351.07, 0.9826, 0.1651, -0.0535, -0.0659
13:49:06, 4.73, 142, 352.02, 18.54, 351.18, 0.9825, 0.1655, -0.0561, -0.0645
13:49:06, 4.73, 142, 351.76, 18.56, 351.23, 0.9824, 0.1658, -0.0584, -0.0637
13:49:06, 4.77, 143, 351.46, 18.63, 351.29, 0.9822, 0.1665, -0.0610, -0.0628
13:49:06, 4.77, 143, 351.11, 18.67, 351.26, 0.9819, 0.1671, -0.0639, -0.0624
13:49:06, 4.77, 143, 350.85, 18.77, 351.24, 0.9816, 0.1681, -0.0660, -0.0622
13:49:06, 4.80, 144, 350.58, 18.92, 351.22, 0.9812, 0.1695, -0.0682, -0.0618
13:49:06, 4.80, 144, 350.28, 18.96, 351.25, 0.9810, 0.1700, -0.0708, -0.0611
13:49:06, 4.83, 145, 350.09, 19.05, 351.26, 0.9808, 0.1708, -0.0724, -0.0606
13:49:06, 4.83, 145, 349.83, 19.13, 351.31, 0.9805, 0.1717, -0.0746, -0.0597
13:49:06, 4.83, 145, 349.57, 19.19, 351.37, 0.9803, 0.1723, -0.0768, -0.0588
13:49:06, 4.87, 146, 349.33, 19.29, 351.38, 0.9800, 0.1732, -0.0789, -0.0582
13:49:06, 4.87, 146, 349.11, 19.36, 351.37, 0.9797, 0.1740, -0.0807, -0.0579
13:49:06, 4.90, 147, 348.91, 19.44, 351.38, 0.9795, 0.1747, -0.0824, -0.0574
13:49:06, 4.90, 147, 348.76, 19.52, 351.38, 0.9793, 0.1755, -0.0836, -0.0571
13:49:06, 4.93, 148, 348.64, 19.62, 351.41, 0.9791, 0.1764, -0.0846, -0.0566
13:49:06, 4.93, 148, 348.53, 19.68, 351.48, 0.9789, 0.1769, -0.0856, -0.0558
13:49:06, 4.93, 148, 348.45, 19.74, 351.55, 0.9788, 0.1774, -0.0863, -0.0550
13:49:06, 4.97, 149, 348.37, 19.77, 351.61, 0.9787, 0.1776, -0.0870, -0.0544
13:49:06, 4.97, 149, 348.32, 19.75, 351.66, 0.9787, 0.1775, -0.0876, -0.0539
13:49:06, 5.00, 150, 348.28, 19.74, 351.70, 0.9787, 0.1774, -0.0880, -0.0535
13:49:06, 5.00, 150, 348.24, 19.76, 351.75, 0.9787, 0.1775, -0.0884, -0.0529
13:49:06, 5.00, 150, 348.19, 19.77, 351.78, 0.9787, 0.1776, -0.0888, -0.0526
13:49:06, 5.03, 151, 348.17, 19.76, 351.81, 0.9787, 0.1775, -0.0891, -0.0524
13:49:06, 5.03, 151, 348.12, 19.72, 351.81, 0.9787, 0.1772, -0.0895, -0.0523
13:49:06, 5.07, 152, 348.08, 19.70, 351.81, 0.9787, 0.1770, -0.0899, -0.0523
13:49:06, 5.07, 152, 348.00, 19.64, 351.78, 0.9787, 0.1766, -0.0906, -0.0525
13:49:06, 5.10, 153, 347.89, 19.62, 351.76, 0.9786, 0.1765, -0.0915, -0.0525
13:49:06, 5.10, 153, 347.77, 19.58, 351.73, 0.9786, 0.1762, -0.0926, -0.0526
13:49:06, 5.10, 153, 347.59, 19.56, 351.70, 0.9784, 0.1762, -0.0940, -0.0526
13:49:06, 5.13, 154, 347.35, 19.55, 351.62, 0.9782, 0.1763, -0.0959, -0.0529
13:49:06, 5.13, 154, 347.05, 19.54, 351.54, 0.9780, 0.1763, -0.0984, -0.0532
13:49:06, 5.17, 155, 346.70, 19.52, 351.49, 0.9776, 0.1764, -0.1013, -0.0531
13:49:06, 5.17, 155, 346.16, 19.44, 351.40, 0.9772, 0.1760, -0.1058, -0.0531
13:49:06, 5.17, 155, 345.34, 19.31, 351.15, 0.9765, 0.1756, -0.1126, -0.0541
13:49:06, 5.20, 156, 344.24, 19.14, 350.86, 0.9755, 0.1749, -0.1216, -0.0551
13:49:06, 5.20, 156, 342.80, 19.07, 350.60, 0.9738, 0.1753, -0.1336, -0.0552
13:49:06, 5.23, 157, 341.10, 19.08, 350.41, 0.9717, 0.1764, -0.1477, -0.0542
13:49:06, 5.23, 157, 339.28, 19.11, 350.18, 0.9690, 0.1779, -0.1627, -0.0533
13:49:06, 5.27, 158, 337.58, 19.28, 349.97, 0.9662, 0.1804, -0.1766, -0.0521
13:49:06, 5.27, 158, 335.98, 19.39, 349.61, 0.9634, 0.1826, -0.1894, -0.0524
13:49:06, 5.27, 158, 334.52, 19.60, 349.41, 0.9605, 0.1854, -0.2011, -0.0513
13:49:06, 5.30, 159, 333.22, 19.80, 349.27, 0.9579, 0.1878, -0.2115, -0.0499
13:49:06, 5.30, 159, 332.06, 19.98, 349.22, 0.9554, 0.1899, -0.2209, -0.0480
13:49:06, 5.33, 160, 331.03, 20.12, 349.25, 0.9532, 0.1915, -0.2293, -0.0458
13:49:06, 5.33, 160, 330.08, 20.33, 349.27, 0.9510, 0.1935, -0.2370, -0.0436
13:49:06, 5.33, 160, 329.30, 20.46, 349.22, 0.9492, 0.1950, -0.2433, -0.0423
13:49:06, 5.37, 161, 328.57, 20.60, 349.26, 0.9475, 0.1963, -0.2492, -0.0404
13:49:06, 5.37, 161, 328.04, 20.71, 349.39, 0.9462, 0.1971, -0.2537, -0.0382
13:49:06, 5.40, 162, 327.46, 20.76, 349.52, 0.9449, 0.1974, -0.2586, -0.0360
13:49:06, 5.40, 162, 326.94, 20.75, 349.61, 0.9438, 0.1973, -0.2631, -0.0343
13:49:06, 5.43, 163, 326.44, 20.81, 349.74, 0.9426, 0.1976, -0.2673, -0.0323
13:49:06, 5.43, 163, 326.05, 20.81, 349.81, 0.9417, 0.1976, -0.2707, -0.0310
13:49:06, 5.43, 163, 325.58, 20.80, 349.89, 0.9406, 0.1974, -0.2747, -0.0296
13:49:07, 5.47, 164, 325.19, 20.79, 349.97, 0.9397, 0.1972, -0.2780, -0.0283
13:49:07, 5.47, 164, 324.73, 20.80, 350.00, 0.9385, 0.1974, -0.2818, -0.0272
13:49:07, 5.50, 165, 324.36, 20.83, 349.98, 0.9376, 0.1978, -0.2848, -0.0266
13:49:07, 5.50, 165, 324.02, 20.89, 349.97, 0.9367, 0.1983, -0.2875, -0.0260
13:49:07, 5.50, 165, 323.67, 20.91, 350.03, 0.9358, 0.1984, -0.2905, -0.0248
13:49:07, 5.53, 166, 323.34, 20.87, 350.16, 0.9350, 0.1978, -0.2934, -0.0233
13:49:07, 5.53, 166, 323.05, 20.90, 350.28, 0.9343, 0.1978, -0.2959, -0.0218
13:49:07, 5.57, 167, 322.73, 20.94, 350.38, 0.9334, 0.1979, -0.2987, -0.0203
13:49:07, 5.57, 167, 322.45, 20.97, 350.51, 0.9326, 0.1978, -0.3012, -0.0186
13:49:07, 5.60, 168, 322.11, 20.96, 350.61, 0.9318, 0.1976, -0.3041, -0.0173
13:49:07, 5.60, 168, 321.74, 20.96, 350.70, 0.9308, 0.1974, -0.3073, -0.0159
13:49:07, 5.60, 168, 321.38, 20.91, 350.81, 0.9299, 0.1968, -0.3104, -0.0146
13:49:07, 5.63, 169, 320.94, 20.92, 350.87, 0.9287, 0.1968, -0.3141, -0.0133
13:49:07, 5.63, 169, 320.45, 20.87, 350.99, 0.9274, 0.1960, -0.3183, -0.0116
13:49:07, 5.67, 170, 319.95, 20.78, 351.12, 0.9261, 0.1950, -0.3227, -0.0100
13:49:07, 5.67, 170, 319.30, 20.70, 351.33, 0.9244, 0.1938, -0.3284, -0.0074
13:49:07, 5.67, 170, 318.38, 20.49, 351.41, 0.9220, 0.1920, -0.3362, -0.0059
13:49:07, 5.70, 171, 317.19, 20.16, 351.43, 0.9189, 0.1894, -0.3461, -0.0048
13:49:07, 5.70, 171, 315.79, 19.82, 351.42, 0.9150, 0.1867, -0.3577, -0.0037
13:49:07, 5.73, 172, 314.14, 19.44, 351.41, 0.9101, 0.1838, -0.3713, -0.0023
13:49:07, 5.73, 172, 312.51, 19.13, 351.36, 0.9051, 0.1815, -0.3845, -0.0013
13:49:07, 5.77, 173, 310.94, 18.89, 351.24, 0.9000, 0.1801, -0.3970, -0.0006
13:49:07, 5.77, 173, 309.60, 18.69, 351.19, 0.8955, 0.1788, -0.4076, 0.0004
13:49:07, 5.77, 173, 308.31, 18.55, 351.21, 0.8910, 0.1776, -0.4179, 0.0020
13:49:07, 5.80, 174, 307.13, 18.44, 351.42, 0.8867, 0.1760, -0.4275, 0.0051
13:49:07, 5.80, 174, 305.98, 18.32, 351.66, 0.8825, 0.1740, -0.4368, 0.0082
13:49:07, 5.83, 175, 304.88, 18.18, 351.83, 0.8784, 0.1722, -0.4457, 0.0105
13:49:07, 5.87, 176, 302.07, 17.84, 352.43, 0.8674, 0.1670, -0.4684, 0.0179
13:49:07, 5.87, 176, 301.02, 17.75, 352.57, 0.8631, 0.1655, -0.4766, 0.0201
13:49:07, 5.90, 177, 300.05, 17.61, 352.70, 0.8591, 0.1638, -0.4843, 0.0219
13:49:07, 5.90, 177, 299.14, 17.54, 352.75, 0.8554, 0.1628, -0.4912, 0.0231
13:49:07, 5.93, 178, 298.33, 17.46, 352.80, 0.8519, 0.1618, -0.4975, 0.0243
13:49:07, 5.93, 178, 297.52, 17.48, 352.83, 0.8483, 0.1618, -0.5035, 0.0258
13:49:07, 5.93, 178, 296.71, 17.45, 353.00, 0.8448, 0.1606, -0.5097, 0.0281
13:49:07, 5.97, 179, 296.06, 17.44, 353.11, 0.8418, 0.1598, -0.5147, 0.0298
13:49:07, 5.97, 179, 295.46, 17.36, 353.22, 0.8392, 0.1586, -0.5193, 0.0310
13:49:07, 6.00, 180, 294.89, 17.28, 353.31, 0.8366, 0.1574, -0.5237, 0.0321
13:49:07, 6.00, 180, 294.46, 17.33, 353.44, 0.8346, 0.1571, -0.5269, 0.0338
13:49:07, 6.00, 180, 293.96, 17.31, 353.60, 0.8322, 0.1561, -0.5308, 0.0356
13:49:07, 6.03, 181, 293.50, 17.33, 353.77, 0.8300, 0.1553, -0.5344, 0.0375
13:49:07, 6.03, 181, 293.16, 17.33, 353.94, 0.8284, 0.1543, -0.5371, 0.0393
13:49:07, 6.07, 182, 292.79, 17.34, 354.10, 0.8265, 0.1536, -0.5400, 0.0409
13:49:07, 6.07, 182, 292.45, 17.42, 354.23, 0.8249, 0.1533, -0.5425, 0.0427
13:49:07, 6.10, 183, 292.16, 17.40, 354.36, 0.8234, 0.1525, -0.5448, 0.0440
13:49:07, 6.10, 183, 291.80, 17.40, 354.48, 0.8216, 0.1518, -0.5475, 0.0453
13:49:07, 6.10, 183, 291.42, 17.28, 354.56, 0.8199, 0.1504, -0.5505, 0.0458
13:49:07, 6.13, 184, 291.05, 17.26, 354.68, 0.8181, 0.1495, -0.5533, 0.0470
13:49:07, 6.13, 184, 290.68, 17.22, 354.71, 0.8163, 0.1490, -0.5560, 0.0475
13:49:07, 6.17, 185, 290.35, 17.13, 354.78, 0.8148, 0.1479, -0.5586, 0.0480
13:49:07, 6.17, 185, 290.05, 17.05, 354.80, 0.8133, 0.1471, -0.5608, 0.0481
13:49:07, 6.17, 185, 289.73, 16.98, 354.90, 0.8118, 0.1459, -0.5633, 0.0489
13:49:07, 6.20, 186, 289.41, 16.86, 355.01, 0.8103, 0.1444, -0.5658, 0.0495
13:49:07, 6.20, 186, 289.12, 16.75, 355.12, 0.8089, 0.1430, -0.5681, 0.0500
13:49:07, 6.23, 187, 288.90, 16.64, 355.16, 0.8079, 0.1419, -0.5698, 0.0501
13:49:07, 6.23, 187, 288.66, 16.45, 355.16, 0.8068, 0.1405, -0.5717, 0.0494
13:49:07, 6.27, 188, 288.47, 16.27, 355.20, 0.8060, 0.1390, -0.5733, 0.0490
13:49:07, 6.27, 188, 288.29, 16.03, 355.28, 0.8053, 0.1368, -0.5749, 0.0485
13:49:07, 6.27, 188, 288.04, 15.79, 355.40, 0.8042, 0.1344, -0.5770, 0.0484
13:49:07, 6.30, 189, 287.84, 15.51, 355.41, 0.8034, 0.1323, -0.5787, 0.0473
13:49:07, 6.30, 189, 287.69, 15.18, 355.41, 0.8028, 0.1300, -0.5801, 0.0458
13:49:07, 6.33, 190, 287.58, 14.82, 355.43, 0.8025, 0.1274, -0.5812, 0.0442
13:49:07, 6.33, 190, 287.45, 14.48, 355.49, 0.8021, 0.1247, -0.5825, 0.0430
13:49:07, 6.33, 190, 287.36, 14.15, 355.49, 0.8018, 0.1223, -0.5834, 0.0414
13:49:07, 6.37, 191, 287.32, 13.78, 355.59, 0.8018, 0.1192, -0.5842, 0.0402
13:49:07, 6.37, 191, 287.27, 13.40, 355.52, 0.8019, 0.1169, -0.5847, 0.0379
13:49:07, 6.40, 192, 287.33, 13.07, 355.54, 0.8024, 0.1145, -0.5846, 0.0362
13:49:07, 6.40, 192, 287.44, 12.74, 355.51, 0.8031, 0.1124, -0.5842, 0.0342
13:49:07, 6.43, 193, 287.52, 12.48, 355.52, 0.8037, 0.1106, -0.5838, 0.0329
13:49:07, 6.43, 193, 287.67, 12.18, 355.52, 0.8046, 0.1085, -0.5830, 0.0312
13:49:07, 6.43, 193, 287.79, 11.96, 355.61, 0.8053, 0.1065, -0.5824, 0.0306
13:49:08, 6.47, 194, 287.98, 11.71, 355.70, 0.8064, 0.1044, -0.5814, 0.0298
13:49:08, 6.47, 194, 288.15, 11.55, 355.74, 0.8073, 0.1031, -0.5803, 0.0291
13:49:08, 6.50, 195, 288.43, 11.36, 355.72, 0.8088, 0.1019, -0.5785, 0.0277
13:49:08, 6.50, 195, 288.75, 11.16, 355.68, 0.8106, 0.1008, -0.5763, 0.0261
13:49:08, 6.50, 195, 289.03, 11.00, 355.71, 0.8120, 0.0996, -0.5745, 0.0253
13:49:08, 6.53, 196, 289.25, 10.80, 355.79, 0.8132, 0.0979, -0.5732, 0.0246
13:49:08, 6.53, 196, 289.40, 10.62, 355.86, 0.8141, 0.0963, -0.5723, 0.0241
13:49:08, 6.57, 197, 289.47, 10.46, 355.93, 0.8144, 0.0948, -0.5720, 0.0238
13:49:08, 6.57, 197, 289.52, 10.28, 355.92, 0.8148, 0.0936, -0.5717, 0.0227
13:49:08, 6.60, 198, 289.53, 10.12, 355.86, 0.8149, 0.0928, -0.5717, 0.0215
13:49:08, 6.60, 198, 289.56, 9.98, 355.82, 0.8152, 0.0920, -0.5715, 0.0204
13:49:08, 6.60, 198, 289.58, 9.81, 355.77, 0.8153, 0.0910, -0.5715, 0.0192
13:49:08, 6.63, 199, 289.60, 9.67, 355.80, 0.8155, 0.0898, -0.5714, 0.0187
13:49:08, 6.63, 199, 289.55, 9.51, 355.89, 0.8153, 0.0883, -0.5720, 0.0186
13:49:08, 6.67, 200, 289.46, 9.32, 355.93, 0.8149, 0.0868, -0.5728, 0.0180
13:49:08, 6.67, 200, 289.33, 9.14, 355.87, 0.8143, 0.0857, -0.5738, 0.0168
13:49:08, 6.67, 200, 289.25, 8.97, 355.83, 0.8140, 0.0847, -0.5744, 0.0157
13:49:08, 6.70, 201, 289.14, 8.82, 355.83, 0.8135, 0.0836, -0.5753, 0.0150
13:49:08, 6.70, 201, 288.95, 8.66, 355.84, 0.8126, 0.0825, -0.5768, 0.0144
13:49:08, 6.73, 202, 288.73, 8.54, 355.88, 0.8115, 0.0814, -0.5784, 0.0142
13:49:08, 6.73, 202, 288.45, 8.34, 355.89, 0.8102, 0.0799, -0.5806, 0.0135
13:49:08, 6.77, 203, 288.01, 8.19, 355.90, 0.8080, 0.0787, -0.5837, 0.0131
13:49:08, 6.77, 203, 287.50, 8.01, 356.02, 0.8054, 0.0768, -0.5875, 0.0133
13:49:08, 6.77, 203, 286.69, 7.76, 356.16, 0.8013, 0.0742, -0.5935, 0.0135
13:49:08, 6.80, 204, 285.59, 7.48, 356.16, 0.7957, 0.0721, -0.6013, 0.0128
13:49:08, 6.80, 204, 284.11, 7.14, 356.08, 0.7879, 0.0701, -0.6117, 0.0114
13:49:08, 6.83, 205, 282.37, 6.84, 355.86, 0.7786, 0.0691, -0.6236, 0.0093
13:49:08, 6.83, 205, 280.55, 6.63, 355.63, 0.7687, 0.0688, -0.6359, 0.0076
13:49:08, 6.83, 205, 278.63, 6.39, 355.63, 0.7580, 0.0671, -0.6488, 0.0075
13:49:08, 6.87, 206, 276.69, 6.19, 355.54, 0.7469, 0.0662, -0.6616, 0.0068
13:49:08, 6.87, 206, 274.81, 5.92, 355.45, 0.7360, 0.0648, -0.6739, 0.0057
13:49:08, 6.90, 207, 273.05, 5.70, 355.45, 0.7256, 0.0634, -0.6852, 0.0054
13:49:08, 6.90, 207, 271.42, 5.45, 355.69, 0.7158, 0.0602, -0.6957, 0.0063
13:49:08, 6.93, 208, 269.98, 5.30, 355.93, 0.7069, 0.0578, -0.7049, 0.0076
13:49:08, 6.93, 208, 268.79, 5.14, 356.15, 0.6996, 0.0553, -0.7124, 0.0085
13:49:08, 6.93, 208, 267.62, 5.07, 356.42, 0.6923, 0.0531, -0.7196, 0.0103
13:49:08, 6.97, 209, 266.51, 5.00, 356.68, 0.6852, 0.0510, -0.7265, 0.0119
13:49:08, 6.97, 209, 265.54, 5.06, 357.00, 0.6790, 0.0491, -0.7323, 0.0147
13:49:08, 7.00, 210, 264.62, 4.99, 357.27, 0.6731, 0.0469, -0.7379, 0.0162
13:49:08, 7.00, 210, 263.71, 5.11, 357.53, 0.6672, 0.0457, -0.7433, 0.0188
13:49:08, 7.00, 210, 262.83, 5.13, 357.73, 0.6614, 0.0445, -0.7485, 0.0205
13:49:08, 7.03, 211, 262.02, 5.24, 357.83, 0.6560, 0.0442, -0.7531, 0.0221
13:49:08, 7.03, 211, 261.22, 5.27, 357.94, 0.6507, 0.0436, -0.7577, 0.0232
13:49:08, 7.07, 212, 260.41, 5.31, 357.97, 0.6454, 0.0434, -0.7623, 0.0240
13:49:08, 7.07, 212, 259.63, 5.35, 358.14, 0.6401, 0.0423, -0.7667, 0.0254
13:49:08, 7.10, 213, 258.92, 5.32, 358.17, 0.6354, 0.0418, -0.7707, 0.0257
13:49:08, 7.10, 213, 258.34, 5.35, 358.29, 0.6314, 0.0411, -0.7739, 0.0268
13:49:08, 7.10, 213, 257.75, 5.45, 358.35, 0.6274, 0.0410, -0.7771, 0.0280
13:49:08, 7.13, 214, 257.30, 5.37, 358.44, 0.6243, 0.0399, -0.7797, 0.0281
13:49:08, 7.13, 214, 256.88, 5.39, 358.58, 0.6214, 0.0389, -0.7820, 0.0291
13:49:08, 7.17, 215, 256.50, 5.28, 358.66, 0.6188, 0.0377, -0.7841, 0.0290
13:49:08, 7.17, 215, 256.21, 5.24, 358.76, 0.6168, 0.0367, -0.7857, 0.0293
13:49:08, 7.17, 215, 255.84, 5.14, 358.81, 0.6143, 0.0358, -0.7877, 0.0290
13:49:08, 7.20, 216, 255.51, 5.12, 358.93, 0.6120, 0.0347, -0.7895, 0.0296
13:49:08, 7.20, 216, 255.10, 5.02, 359.05, 0.6092, 0.0333, -0.7918, 0.0297
13:49:08, 7.23, 217, 254.74, 5.00, 359.17, 0.6066, 0.0323, -0.7938, 0.0303
13:49:08, 7.23, 217, 254.37, 5.03, 359.23, 0.6041, 0.0318, -0.7957, 0.0309
13:49:08, 7.27, 218, 254.00, 5.03, 359.39, 0.6014, 0.0307, -0.7977, 0.0319
13:49:08, 7.27, 218, 253.68, 5.05, 359.44, 0.5992, 0.0303, -0.7994, 0.0323
13:49:08, 7.27, 218, 253.41, 5.03, 359.49, 0.5973, 0.0298, -0.8008, 0.0325
13:49:08, 7.30, 219, 253.08, 5.05, 359.53, 0.5950, 0.0295, -0.8025, 0.0329
13:49:08, 7.30, 219, 252.83, 5.02, 359.62, 0.5931, 0.0286, -0.8039, 0.0333
13:49:08, 7.33, 220, 252.61, 5.06, 359.63, 0.5916, 0.0288, -0.8050, 0.0337
13:49:08, 7.33, 220, 252.36, 5.06, 359.57, 0.5898, 0.0291, -0.8063, 0.0334
13:49:08, 7.33, 220, 252.11, 5.11, 359.58, 0.5881, 0.0292, -0.8076, 0.0339
13:49:08, 7.37, 221, 251.84, 5.10, 359.56, 0.5862, 0.0292, -0.8089, 0.0338
13:49:08, 7.37, 221, 251.58, 5.09, 359.53, 0.5844, 0.0293, -0.8103, 0.0336
13:49:08, 7.40, 222, 251.30, 5.08, 359.50, 0.5824, 0.0294, -0.8117, 0.0335
13:49:08, 7.40, 222, 251.03, 5.12, 359.52, 0.5805, 0.0293, -0.8130, 0.0339
13:49:08, 7.43, 223, 250.77, 5.12, 359.55, 0.5786, 0.0291, -0.8144, 0.0341
13:49:08, 7.43, 223, 250.49, 5.17, 359.56, 0.5767, 0.0292, -0.8157, 0.0346
13:49:08, 7.43, 223, 250.27, 5.17, 359.57, 0.5751, 0.0290, -0.8168, 0.0347
13:49:09, 7.47, 224, 250.08, 5.22, 359.57, 0.5737, 0.0292, -0.8178, 0.0351
13:49:09, 7.47, 224, 249.93, 5.26, 359.58, 0.5726, 0.0293, -0.8186, 0.0355
13:49:09, 7.50, 225, 249.84, 5.28, 359.57, 0.5719, 0.0294, -0.8190, 0.0356
13:49:09, 7.50, 225, 249.74, 5.31, 359.61, 0.5712, 0.0293, -0.8195, 0.0360
13:49:09, 7.50, 225, 249.61, 5.34, 359.67, 0.5703, 0.0290, -0.8201, 0.0366
13:49:09, 7.53, 226, 249.44, 5.38, 359.76, 0.5690, 0.0285, -0.8210, 0.0374
13:49:09, 7.53, 226, 249.30, 5.40, 359.76, 0.5680, 0.0285, -0.8217, 0.0375
13:49:09, 7.57, 227, 249.15, 5.43, 359.73, 0.5670, 0.0288, -0.8224, 0.0377
13:49:09, 7.57, 227, 249.00, 5.47, 359.75, 0.5659, 0.0288, -0.8231, 0.0381
13:49:09, 7.60, 228, 248.84, 5.48, 359.74, 0.5647, 0.0289, -0.8239, 0.0382
13:49:09, 7.60, 228, 248.71, 5.50, 359.74, 0.5638, 0.0289, -0.8245, 0.0384
13:49:09, 7.60, 228, 248.54, 5.52, 359.74, 0.5625, 0.0290, -0.8254, 0.0385
13:49:09, 7.63, 229, 248.37, 5.54, 359.76, 0.5613, 0.0289, -0.8262, 0.0388
13:49:09, 7.63, 229, 248.19, 5.56, 359.78, 0.5600, 0.0287, -0.8271, 0.0391
13:49:09, 7.67, 230, 248.02, 5.57, 359.79, 0.5587, 0.0287, -0.8279, 0.0393
13:49:09, 7.67, 230, 247.87, 5.63, 359.80, 0.5576, 0.0289, -0.8286, 0.0398
13:49:09, 7.67, 230, 247.75, 5.67, 359.79, 0.5567, 0.0291, -0.8292, 0.0401
13:49:09, 7.70, 231, 247.63, 5.72, 359.81, 0.5559, 0.0292, -0.8297, 0.0405
13:49:09, 7.70, 231, 247.47, 5.73, 359.82, 0.5547, 0.0291, -0.8305, 0.0407
13:49:09, 7.73, 232, 247.35, 5.77, 359.84, 0.5539, 0.0291, -0.8311, 0.0411
13:49:09, 7.73, 232, 247.23, 5.78, 359.83, 0.5530, 0.0291, -0.8317, 0.0412
13:49:09, 7.77, 233, 247.12, 5.85, 359.86, 0.5521, 0.0292, -0.8322, 0.0418
13:49:09, 7.77, 233, 247.01, 5.89, 359.89, 0.5513, 0.0292, -0.8327, 0.0423
13:49:09, 7.77, 233, 246.96, 5.91, 359.85, 0.5510, 0.0295, -0.8329, 0.0422
13:49:09, 7.80, 234, 246.91, 5.92, 359.83, 0.5506, 0.0297, -0.8332, 0.0423
13:49:09, 7.80, 234, 246.85, 5.94, 359.83, 0.5502, 0.0298, -0.8334, 0.0424
13:49:09, 7.83, 235, 246.76, 6.00, 359.88, 0.5495, 0.0297, -0.8338, 0.0431
13:49:09, 7.83, 235, 246.68, 6.03, 359.90, 0.5489, 0.0297, -0.8342, 0.0434
13:49:09, 7.83, 235, 246.60, 6.04, 359.86, 0.5483, 0.0299, -0.8346, 0.0433
13:49:09, 7.87, 236, 246.53, 6.05, 359.84, 0.5478, 0.0301, -0.8349, 0.0434
13:49:09, 7.87, 236, 246.47, 6.09, 359.81, 0.5474, 0.0305, -0.8352, 0.0435
13:49:09, 7.90, 237, 246.40, 6.12, 359.83, 0.5469, 0.0304, -0.8355, 0.0439
13:49:09, 7.90, 237, 246.34, 6.12, 359.85, 0.5464, 0.0303, -0.8358, 0.0440
13:49:09, 7.93, 238, 246.28, 6.12, 359.86, 0.5460, 0.0302, -0.8361, 0.0440
13:49:09, 7.93, 238, 246.25, 6.13, 359.86, 0.5457, 0.0302, -0.8362, 0.0441
13:49:09, 7.93, 238, 246.25, 6.14, 359.87, 0.5457, 0.0302, -0.8362, 0.0442
13:49:09, 7.97, 239, 246.19, 6.16, 359.87, 0.5453, 0.0302, -0.8365, 0.0444
13:49:09, 7.97, 239, 246.11, 6.19, 359.91, 0.5447, 0.0301, -0.8369, 0.0448
13:49:09, 8.00, 240, 246.06, 6.14, 359.92, 0.5443, 0.0298, -0.8372, 0.0445
13:49:09, 8.00, 240, 246.00, 6.17, 359.92, 0.5439, 0.0299, -0.8374, 0.0448
13:49:09, 8.00, 240, 245.97, 6.21, 359.91, 0.5436, 0.0301, -0.8376, 0.0450
13:49:09, 8.03, 241, 245.92, 6.18, 359.90, 0.5433, 0.0301, -0.8378, 0.0448
13:49:09, 8.03, 241, 245.85, 6.18, 359.92, 0.5428, 0.0299, -0.8381, 0.0449
13:49:09, 8.07, 242, 245.82, 6.18, 359.92, 0.5426, 0.0299, -0.8383, 0.0449
13:49:09, 8.07, 242, 245.82, 6.18, 359.91, 0.5426, 0.0299, -0.8383, 0.0448
13:49:09, 8.10, 243, 245.82, 6.23, 359.92, 0.5425, 0.0301, -0.8383, 0.0452
13:49:09, 8.10, 243, 245.84, 6.24, 359.92, 0.5427, 0.0302, -0.8382, 0.0453
13:49:09, 8.10, 243, 245.85, 6.30, 359.97, 0.5427, 0.0301, -0.8381, 0.0460
13:49:09, 8.13, 244, 245.83, 6.34, 359.98, 0.5426, 0.0302, -0.8382, 0.0463
13:49:09, 8.13, 244, 245.80, 6.35, 359.97, 0.5423, 0.0303, -0.8383, 0.0464
13:49:09, 8.17, 245, 245.80, 6.37, 359.97, 0.5423, 0.0304, -0.8383, 0.0465
13:49:09, 8.17, 245, 245.77, 6.38, 359.94, 0.5421, 0.0307, -0.8385, 0.0464
13:49:09, 8.17, 245, 245.74, 6.38, 359.94, 0.5419, 0.0307, -0.8386, 0.0464
13:49:09, 8.20, 246, 245.71, 6.40, 359.93, 0.5417, 0.0308, -0.8387, 0.0466
13:49:09, 8.20, 246, 245.70, 6.41, 359.94, 0.5416, 0.0308, -0.8388, 0.0467
13:49:09, 8.23, 247, 245.71, 6.45, 359.96, 0.5417, 0.0309, -0.8387, 0.0471
13:49:09, 8.23, 247, 245.72, 6.45, 359.93, 0.5418, 0.0311, -0.8386, 0.0469
13:49:09, 8.27, 248, 245.75, 6.48, 359.93, 0.5420, 0.0312, -0.8385, 0.0471
13:49:09, 8.27, 248, 245.75, 6.48, 359.92, 0.5419, 0.0313, -0.8385, 0.0471
13:49:09, 8.27, 248, 245.75, 6.50, 359.95, 0.5420, 0.0311, -0.8385, 0.0474
13:49:09, 8.30, 249, 245.76, 6.49, 359.95, 0.5420, 0.0311, -0.8385, 0.0473
13:49:09, 8.30, 249, 245.78, 6.50, 359.94, 0.5421, 0.0312, -0.8384, 0.0474
13:49:09, 8.33, 250, 245.82, 6.50, 359.93, 0.5424, 0.0313, -0.8382, 0.0472
13:49:09, 8.33, 250, 245.83, 6.50, 359.94, 0.5426, 0.0313, -0.8381, 0.0473
13:49:09, 8.33, 250, 245.89, 6.50, 359.95, 0.5430, 0.0312, -0.8378, 0.0474
13:49:09, 8.37, 251, 245.91, 6.50, 359.95, 0.5431, 0.0312, -0.8377, 0.0474
13:49:09, 8.37, 251, 245.93, 6.51, 359.94, 0.5433, 0.0313, -0.8376, 0.0473
13:49:09, 8.40, 252, 245.97, 6.55, 359.89, 0.5436, 0.0319, -0.8374, 0.0474
13:49:09, 8.40, 252, 246.00, 6.56, 359.89, 0.5438, 0.0320, -0.8373, 0.0475
13:49:09, 8.43, 253, 246.03, 6.60, 359.89, 0.5440, 0.0321, -0.8371, 0.0478
13:49:09, 8.43, 253, 246.03, 6.63, 359.89, 0.5440, 0.0323, -0.8371, 0.0480
13:49:09, 8.43, 253, 246.04, 6.61, 359.90, 0.5441, 0.0322, -0.8370, 0.0478
13:49:10, 8.47, 254, 246.02, 6.62, 359.90, 0.5440, 0.0322, -0.8371, 0.0479
13:49:10, 8.47, 254, 246.02, 6.63, 359.88, 0.5440, 0.0324, -0.8371, 0.0479
13:49:10, 8.50, 255, 246.04, 6.64, 359.88, 0.5441, 0.0324, -0.8370, 0.0480
13:49:10, 8.50, 255, 246.02, 6.66, 359.90, 0.5439, 0.0324, -0.8371, 0.0482
13:49:10, 8.50, 255, 246.00, 6.67, 359.90, 0.5438, 0.0324, -0.8372, 0.0483
13:49:10, 8.53, 256, 245.99, 6.68, 359.90, 0.5437, 0.0324, -0.8373, 0.0484
13:49:10, 8.53, 256, 246.00, 6.70, 359.90, 0.5438, 0.0325, -0.8372, 0.0486
13:49:10, 8.57, 257, 246.01, 6.72, 359.89, 0.5439, 0.0327, -0.8371, 0.0486
13:49:10, 8.57, 257, 246.04, 6.72, 359.90, 0.5440, 0.0327, -0.8370, 0.0487
13:49:10, 8.60, 258, 246.05, 6.72, 359.89, 0.5441, 0.0327, -0.8370, 0.0486
13:49:10, 8.60, 258, 246.05, 6.72, 359.87, 0.5441, 0.0329, -0.8370, 0.0486
13:49:10, 8.60, 258, 246.07, 6.71, 359.82, 0.5443, 0.0332, -0.8368, 0.0482
13:49:10, 8.63, 259, 246.08, 6.73, 359.82, 0.5443, 0.0333, -0.8368, 0.0484
13:49:10, 8.63, 259, 246.12, 6.73, 359.81, 0.5446, 0.0334, -0.8366, 0.0483
13:49:10, 8.67, 260, 246.14, 6.76, 359.82, 0.5448, 0.0335, -0.8365, 0.0486
13:49:10, 8.67, 260, 246.14, 6.77, 359.82, 0.5448, 0.0335, -0.8365, 0.0486
13:49:10, 8.67, 260, 246.15, 6.74, 359.82, 0.5449, 0.0334, -0.8365, 0.0485
13:49:10, 8.70, 261, 246.18, 6.75, 359.81, 0.5451, 0.0335, -0.8363, 0.0484
13:49:10, 8.70, 261, 246.18, 6.75, 359.81, 0.5451, 0.0335, -0.8363, 0.0484
13:49:10, 8.73, 262, 246.19, 6.75, 359.82, 0.5451, 0.0335, -0.8363, 0.0485
13:49:10, 8.73, 262, 246.19, 6.76, 359.85, 0.5451, 0.0333, -0.8363, 0.0486
13:49:10, 8.77, 263, 246.19, 6.76, 359.85, 0.5452, 0.0333, -0.8362, 0.0487
13:49:10, 8.77, 263, 246.20, 6.77, 359.84, 0.5452, 0.0334, -0.8362, 0.0486
13:49:10, 8.77, 263, 246.22, 6.75, 359.83, 0.5454, 0.0334, -0.8361, 0.0485
13:49:10, 8.80, 264, 246.26, 6.78, 359.82, 0.5457, 0.0336, -0.8359, 0.0486
13:49:10, 8.80, 264, 246.30, 6.76, 359.83, 0.5460, 0.0335, -0.8357, 0.0485
13:49:10, 8.83, 265, 246.31, 6.77, 359.85, 0.5460, 0.0334, -0.8357, 0.0487
13:49:10, 8.83, 265, 246.33, 6.77, 359.83, 0.5461, 0.0336, -0.8356, 0.0486
13:49:10, 8.83, 265, 246.35, 6.74, 359.83, 0.5463, 0.0334, -0.8355, 0.0484
13:49:10, 8.87, 266, 246.38, 6.71, 359.86, 0.5465, 0.0331, -0.8354, 0.0483
13:49:10, 8.87, 266, 246.40, 6.70, 359.86, 0.5467, 0.0330, -0.8353, 0.0482
13:49:10, 8.90, 267, 246.40, 6.72, 359.86, 0.5467, 0.0331, -0.8353, 0.0484
13:49:10, 8.90, 267, 246.44, 6.72, 359.87, 0.5470, 0.0331, -0.8351, 0.0484
13:49:10, 8.93, 268, 246.45, 6.70, 359.87, 0.5470, 0.0330, -0.8351, 0.0483
13:49:10, 8.93, 268, 246.47, 6.66, 359.88, 0.5472, 0.0327, -0.8350, 0.0480
13:49:10, 8.93, 268, 246.53, 6.58, 359.88, 0.5476, 0.0324, -0.8347, 0.0474
13:49:10, 8.97, 269, 246.60, 6.47, 359.88, 0.5482, 0.0318, -0.8345, 0.0466
13:49:10, 8.97, 269, 246.66, 6.34, 359.89, 0.5486, 0.0312, -0.8342, 0.0457
13:49:10, 9.00, 270, 246.71, 6.25, 359.93, 0.5490, 0.0305, -0.8340, 0.0452
13:49:10, 9.00, 270, 246.75, 6.13, 359.93, 0.5494, 0.0299, -0.8339, 0.0443
13:49:10, 9.00, 270, 246.82, 5.93, 359.91, 0.5500, 0.0291, -0.8336, 0.0428
13:49:10, 9.03, 271, 246.90, 5.69, 359.92, 0.5505, 0.0280, -0.8333, 0.0410
13:49:10, 9.03, 271, 246.98, 5.34, 359.89, 0.5512, 0.0265, -0.8330, 0.0384
13:49:10, 9.07, 272, 247.07, 5.09, 359.89, 0.5520, 0.0253, -0.8327, 0.0365
13:49:10, 9.07, 272, 247.17, 4.88, 359.91, 0.5527, 0.0242, -0.8323, 0.0350
13:49:10, 9.10, 273, 247.29, 4.67, 359.94, 0.5536, 0.0230, -0.8318, 0.0337
13:49:10, 9.10, 273, 247.38, 4.48, 0.00, 0.5543, 0.0217, -0.8314, 0.0325
13:49:10, 9.10, 273, 247.49, 4.29, 0.02, 0.5551, 0.0206, -0.8310, 0.0312
13:49:10, 9.13, 274, 247.57, 4.14, 0.04, 0.5557, 0.0198, -0.8306, 0.0302
13:49:10, 9.13, 274, 247.67, 4.02, 0.05, 0.5565, 0.0192, -0.8301, 0.0294
13:49:10, 9.17, 275, 247.76, 3.90, 0.05, 0.5571, 0.0186, -0.8297, 0.0285
13:49:10, 9.17, 275, 247.83, 3.79, 0.07, 0.5576, 0.0179, -0.8294, 0.0278
13:49:10, 9.17, 275, 247.91, 3.65, 0.07, 0.5582, 0.0173, -0.8291, 0.0267
13:49:10, 9.20, 276, 247.95, 3.53, 0.09, 0.5586, 0.0166, -0.8289, 0.0260
13:49:10, 9.20, 276, 247.97, 3.41, 0.11, 0.5587, 0.0158, -0.8288, 0.0252
13:49:10, 9.23, 277, 247.99, 3.34, 0.12, 0.5589, 0.0154, -0.8288, 0.0247
13:49:10, 9.23, 277, 248.02, 3.24, 0.12, 0.5591, 0.0150, -0.8286, 0.0240
13:49:10, 9.27, 278, 248.06, 3.15, 0.09, 0.5594, 0.0147, -0.8285, 0.0232
13:49:10, 9.27, 278, 248.10, 3.01, 0.09, 0.5597, 0.0141, -0.8283, 0.0222
13:49:10, 9.27, 278, 248.11, 2.91, 0.13, 0.5598, 0.0133, -0.8283, 0.0217
13:49:10, 9.30, 279, 248.16, 2.81, 0.16, 0.5602, 0.0126, -0.8280, 0.0211
13:49:10, 9.30, 279, 248.22, 2.72, 0.19, 0.5606, 0.0120, -0.8278, 0.0205
13:49:10, 9.33, 280, 248.25, 2.67, 0.20, 0.5608, 0.0116, -0.8276, 0.0202
13:49:10, 9.33, 280, 248.27, 2.59, 0.18, 0.5610, 0.0114, -0.8275, 0.0196
13:49:10, 9.33, 280, 248.30, 2.52, 0.19, 0.5612, 0.0110, -0.8274, 0.0192
13:49:10, 9.37, 281, 248.30, 2.46, 0.22, 0.5612, 0.0105, -0.8274, 0.0188
13:49:10, 9.37, 281, 248.30, 2.41, 0.26, 0.5612, 0.0099, -0.8274, 0.0187
13:49:10, 9.40, 282, 248.33, 2.36, 0.29, 0.5614, 0.0095, -0.8273, 0.0184
13:49:10, 9.40, 282, 248.31, 2.33, 0.31, 0.5613, 0.0092, -0.8274, 0.0184
13:49:10, 9.43, 283, 248.34, 2.31, 0.31, 0.5615, 0.0091, -0.8272, 0.0182
13:49:10, 9.43, 283, 248.38, 2.34, 0.30, 0.5618, 0.0093, -0.8270, 0.0183
13:49:10, 9.43, 283, 248.39, 2.39, 0.31, 0.5618, 0.0095, -0.8270, 0.0188
13:49:11, 9.47, 284, 248.43, 2.43, 0.34, 0.5621, 0.0095, -0.8268, 0.0192
13:49:11, 9.47, 284, 248.43, 2.50, 0.37, 0.5621, 0.0096, -0.8268, 0.0199
13:49:11, 9.50, 285, 248.46, 2.56, 0.38, 0.5623, 0.0098, -0.8266, 0.0204
13:49:11, 9.50, 285, 248.45, 2.59, 0.39, 0.5622, 0.0099, -0.8267, 0.0206
13:49:11, 9.50, 285, 248.45, 2.61, 0.40, 0.5622, 0.0100, -0.8266, 0.0208
13:49:11, 9.53, 286, 248.45, 2.61, 0.38, 0.5622, 0.0101, -0.8267, 0.0207
13:49:11, 9.53, 286, 248.44, 2.63, 0.38, 0.5622, 0.0102, -0.8267, 0.0208
13:49:11, 9.57, 287, 248.43, 2.62, 0.40, 0.5621, 0.0100, -0.8267, 0.0208
13:49:11, 9.57, 287, 248.44, 2.62, 0.42, 0.5622, 0.0099, -0.8267, 0.0210
13:49:11, 9.60, 288, 248.43, 2.62, 0.44, 0.5620, 0.0097, -0.8268, 0.0211
13:49:11, 9.60, 288, 248.42, 2.63, 0.45, 0.5620, 0.0097, -0.8268, 0.0212
13:49:11, 9.60, 288, 248.43, 2.62, 0.44, 0.5621, 0.0097, -0.8268, 0.0210
13:49:11, 9.63, 289, 248.43, 2.61, 0.44, 0.5621, 0.0096, -0.8267, 0.0210
13:49:11, 9.63, 289, 248.43, 2.60, 0.46, 0.5621, 0.0094, -0.8268, 0.0210
13:49:11, 9.67, 290, 248.43, 2.60, 0.51, 0.5621, 0.0091, -0.8268, 0.0213
13:49:11, 9.67, 290, 248.43, 2.60, 0.53, 0.5621, 0.0089, -0.8268, 0.0214
13:49:11, 9.67, 290, 248.45, 2.58, 0.53, 0.5622, 0.0089, -0.8267, 0.0212
13:49:11, 9.70, 291, 248.43, 2.58, 0.56, 0.5621, 0.0087, -0.8268, 0.0214
13:49:11, 9.70, 291, 248.44, 2.60, 0.58, 0.5622, 0.0086, -0.8267, 0.0216
13:49:11, 9.73, 292, 248.45, 2.59, 0.57, 0.5622, 0.0086, -0.8267, 0.0215
13:49:11, 9.73, 292, 248.47, 2.60, 0.57, 0.5623, 0.0087, -0.8266, 0.0215
13:49:11, 9.77, 293, 248.48, 2.62, 0.59, 0.5624, 0.0086, -0.8265, 0.0218
13:49:11, 9.77, 293, 248.47, 2.62, 0.59, 0.5624, 0.0087, -0.8266, 0.0218
13:49:11, 9.77, 293, 248.47, 2.65, 0.59, 0.5623, 0.0088, -0.8266, 0.0220
13:49:11, 9.80, 294, 248.47, 2.66, 0.59, 0.5623, 0.0088, -0.8266, 0.0221
13:49:11, 9.80, 294, 248.48, 2.66, 0.59, 0.5624, 0.0088, -0.8265, 0.0221
13:49:11, 9.83, 295, 248.48, 2.65, 0.59, 0.5624, 0.0087, -0.8265, 0.0220
13:49:11, 9.83, 295, 248.48, 2.66, 0.60, 0.5624, 0.0087, -0.8265, 0.0221
13:49:11, 9.83, 295, 248.48, 2.67, 0.61, 0.5624, 0.0087, -0.8265, 0.0223
13:49:11, 9.87, 296, 248.48, 2.69, 0.60, 0.5624, 0.0089, -0.8265, 0.0223
13:49:11, 9.87, 296, 248.48, 2.72, 0.60, 0.5624, 0.0090, -0.8265, 0.0225
13:49:11, 9.90, 297, 248.48, 2.75, 0.59, 0.5624, 0.0093, -0.8265, 0.0228
13:49:11, 9.90, 297, 248.49, 2.77, 0.58, 0.5625, 0.0094, -0.8265, 0.0228
13:49:11, 9.93, 298, 248.47, 2.77, 0.58, 0.5623, 0.0094, -0.8266, 0.0229
13:49:11, 9.93, 298, 248.46, 2.79, 0.59, 0.5622, 0.0095, -0.8266, 0.0231
13:49:11, 9.93, 298, 248.45, 2.81, 0.56, 0.5621, 0.0098, -0.8267, 0.0230
13:49:11, 9.97, 299, 248.46, 2.82, 0.56, 0.5622, 0.0098, -0.8266, 0.0231
13:49:11, 9.97, 299, 248.47, 2.87, 0.57, 0.5623, 0.0100, -0.8265, 0.0236
