Timestamp, VideoTime, VideoFrame, HeadYaw, HeadPitch, HeadRoll, HeadQuatW, HeadQuatX, HeadQuatY, HeadQuatZ
13:50:13, 0.00, 0, 25.83, 10.66, 3.93, 0.9706, 0.0981, 0.2193, 0.0125
13:50:13, 0.03, 1, 26.77, 10.64, 4.13, 0.9688, 0.0984, 0.2271, 0.0135
13:50:13, 0.03, 1, 27.82, 10.52, 4.37, 0.9667, 0.0980, 0.2358, 0.0149
13:50:13, 0.03, 1, 28.94, 10.29, 4.63, 0.9645, 0.0968, 0.2451, 0.0166
13:50:13, 0.07, 2, 30.48, 9.96, 4.99, 0.9613, 0.0951, 0.2580, 0.0190
13:50:13, 0.07, 2, 32.10, 9.56, 5.32, 0.9577, 0.0928, 0.2715, 0.0215
13:50:13, 0.10, 3, 35.68, 8.72, 5.87, 0.9491, 0.0879, 0.3014, 0.0253
13:50:13, 0.10, 3, 37.53, 8.29, 6.14, 0.9443, 0.0856, 0.3167, 0.0274
13:50:13, 0.13, 4, 39.34, 7.83, 6.40, 0.9393, 0.0829, 0.3317, 0.0294
13:50:13, 0.13, 4, 41.25, 7.40, 6.53, 0.9337, 0.0803, 0.3475, 0.0305
13:50:13, 0.13, 4, 43.34, 7.05, 6.65, 0.9273, 0.0784, 0.3646, 0.0311
13:50:13, 0.17, 5, 45.41, 6.77, 6.76, 0.9206, 0.0771, 0.3814, 0.0315
13:50:13, 0.17, 5, 47.34, 6.54, 6.96, 0.9141, 0.0765, 0.3969, 0.0327
13:50:13, 0.20, 6, 49.13, 6.31, 7.21, 0.9077, 0.0761, 0.4111, 0.0343
13:50:13, 0.20, 6, 50.65, 6.24, 7.35, 0.9022, 0.0765, 0.4231, 0.0346
13:50:13, 0.23, 7, 52.05, 6.22, 7.58, 0.8969, 0.0776, 0.4340, 0.0355
13:50:13, 0.23, 7, 53.39, 6.17, 7.64, 0.8917, 0.0778, 0.4444, 0.0353
13:50:13, 0.23, 7, 54.64, 5.96, 7.64, 0.8869, 0.0766, 0.4543, 0.0353
13:50:13, 0.27, 8, 55.88, 5.73, 7.53, 0.8819, 0.0748, 0.4641, 0.0346
13:50:13, 0.27, 8, 57.13, 5.43, 7.50, 0.8769, 0.0727, 0.4739, 0.0348
13:50:13, 0.30, 9, 58.51, 5.06, 7.35, 0.8712, 0.0698, 0.4848, 0.0343
13:50:13, 0.30, 9, 59.91, 4.73, 7.31, 0.8652, 0.0675, 0.4956, 0.0346
13:50:13, 0.33, 10, 61.11, 4.32, 7.32, 0.8600, 0.0648, 0.5049, 0.0358
13:50:13, 0.33, 10, 62.43, 3.92, 7.22, 0.8541, 0.0618, 0.5151, 0.0362
13:50:13, 0.33, 10, 63.86, 3.47, 6.94, 0.8477, 0.0576, 0.5261, 0.0354
13:50:13, 0.37, 11, 65.38, 3.00, 6.66, 0.8407, 0.0533, 0.5377, 0.0347
13:50:13, 0.37, 11, 66.95, 2.58, 6.43, 0.8333, 0.0497, 0.5495, 0.0343
13:50:13, 0.40, 12, 68.43, 2.16, 6.32, 0.8261, 0.0466, 0.5605, 0.0350
13:50:13, 0.40, 12, 69.86, 1.86, 6.21, 0.8190, 0.0443, 0.5709, 0.0351
13:50:13, 0.40, 12, 71.12, 1.66, 6.13, 0.8127, 0.0429, 0.5800, 0.0350
13:50:13, 0.43, 13, 72.33, 1.51, 5.93, 0.8066, 0.0412, 0.5887, 0.0340
13:50:13, 0.43, 13, 73.53, 1.51, 5.77, 0.8004, 0.0407, 0.5972, 0.0325
13:50:13, 0.47, 14, 74.64, 1.49, 5.54, 0.7947, 0.0396, 0.6050, 0.0306
13:50:13, 0.47, 14, 75.62, 1.54, 5.31, 0.7895, 0.0390, 0.6118, 0.0283
13:50:13, 0.50, 15, 76.50, 1.64, 5.21, 0.7848, 0.0394, 0.6179, 0.0268
13:50:13, 0.50, 15, 77.24, 1.76, 5.05, 0.7809, 0.0395, 0.6229, 0.0249
13:50:13, 0.50, 15, 77.89, 1.89, 5.00, 0.7774, 0.0402, 0.6273, 0.0236
13:50:13, 0.53, 16, 78.48, 1.95, 4.86, 0.7742, 0.0400, 0.6313, 0.0221
13:50:13, 0.53, 16, 78.95, 1.92, 4.74, 0.7716, 0.0392, 0.6346, 0.0213
13:50:13, 0.57, 17, 79.38, 1.82, 4.68, 0.7692, 0.0383, 0.6375, 0.0213
13:50:13, 0.57, 17, 79.64, 1.73, 4.72, 0.7677, 0.0379, 0.6393, 0.0220
13:50:13, 0.57, 17, 79.80, 1.66, 4.64, 0.7668, 0.0371, 0.6404, 0.0218
13:50:13, 0.60, 18, 79.94, 1.61, 4.57, 0.7661, 0.0364, 0.6414, 0.0215
13:50:13, 0.60, 18, 80.07, 1.60, 4.48, 0.7654, 0.0358, 0.6423, 0.0210
13:50:13, 0.63, 19, 80.20, 1.58, 4.46, 0.7646, 0.0356, 0.6432, 0.0209
13:50:13, 0.63, 19, 80.34, 1.59, 4.43, 0.7638, 0.0355, 0.6441, 0.0206
13:50:13, 0.67, 20, 80.52, 1.63, 4.43, 0.7628, 0.0358, 0.6453, 0.0203
13:50:13, 0.67, 20, 80.65, 1.65, 4.39, 0.7621, 0.0357, 0.6461, 0.0199
13:50:13, 0.67, 20, 80.72, 1.63, 4.39, 0.7617, 0.0356, 0.6466, 0.0199
13:50:13, 0.70, 21, 80.74, 1.60, 4.41, 0.7616, 0.0355, 0.6467, 0.0203
13:50:13, 0.70, 21, 80.71, 1.59, 4.47, 0.7617, 0.0358, 0.6466, 0.0208
13:50:13, 0.73, 22, 80.65, 1.68, 4.49, 0.7621, 0.0366, 0.6461, 0.0204
13:50:13, 0.73, 22, 80.63, 1.77, 4.50, 0.7622, 0.0372, 0.6460, 0.0199
13:50:13, 0.77, 23, 80.67, 1.84, 4.49, 0.7620, 0.0376, 0.6462, 0.0195
13:50:13, 0.77, 23, 80.66, 1.97, 4.43, 0.7621, 0.0381, 0.6461, 0.0183
13:50:13, 0.77, 23, 80.63, 2.10, 4.39, 0.7622, 0.0387, 0.6459, 0.0173
13:50:13, 0.80, 24, 80.55, 2.21, 4.38, 0.7627, 0.0394, 0.6453, 0.0167
13:50:13, 0.80, 24, 80.52, 2.34, 4.33, 0.7629, 0.0399, 0.6451, 0.0156
13:50:13, 0.83, 25, 80.49, 2.37, 4.26, 0.7631, 0.0398, 0.6449, 0.0150
13:50:14, 0.83, 25, 80.44, 2.41, 4.22, 0.7634, 0.0398, 0.6446, 0.0145
13:50:14, 0.83, 25, 80.39, 2.45, 4.19, 0.7636, 0.0399, 0.6442, 0.0141
13:50:14, 0.87, 26, 80.33, 2.52, 4.17, 0.7640, 0.0402, 0.6438, 0.0137
13:50:14, 0.87, 26, 80.25, 2.57, 4.17, 0.7645, 0.0406, 0.6432, 0.0133
13:50:14, 0.90, 27, 80.14, 2.60, 4.17, 0.7651, 0.0408, 0.6425, 0.0132
13:50:14, 0.90, 27, 80.03, 2.70, 4.19, 0.7657, 0.0415, 0.6417, 0.0128
13:50:14, 0.93, 28, 79.93, 2.73, 4.16, 0.7663, 0.0416, 0.6411, 0.0126
13:50:14, 0.93, 28, 79.86, 2.69, 4.12, 0.7667, 0.0411, 0.6406, 0.0125
13:50:14, 0.93, 28, 79.79, 2.72, 4.09, 0.7671, 0.0411, 0.6401, 0.0122
13:50:14, 0.97, 29, 79.74, 2.75, 4.09, 0.7673, 0.0413, 0.6398, 0.0120
13:50:14, 0.97, 29, 79.70, 2.82, 4.02, 0.7676, 0.0414, 0.6395, 0.0112
13:50:14, 1.00, 30, 79.66, 2.87, 3.91, 0.7678, 0.0411, 0.6393, 0.0102
13:50:14, 1.00, 30, 79.63, 2.87, 3.88, 0.7680, 0.0409, 0.6391, 0.0099
13:50:14, 1.00, 30, 79.63, 2.86, 3.84, 0.7680, 0.0406, 0.6391, 0.0098
13:50:14, 1.03, 31, 79.66, 2.81, 3.73, 0.7678, 0.0397, 0.6394, 0.0093
13:50:14, 1.03, 31, 79.75, 2.76, 3.62, 0.7674, 0.0387, 0.6400, 0.0088
13:50:14, 1.07, 32, 79.82, 2.70, 3.56, 0.7669, 0.0380, 0.6405, 0.0087
13:50:14, 1.07, 32, 79.92, 2.54, 3.49, 0.7664, 0.0365, 0.6413, 0.0091
13:50:14, 1.10, 33, 80.06, 2.42, 3.36, 0.7656, 0.0350, 0.6423, 0.0088
13:50:14, 1.10, 33, 80.19, 2.25, 3.28, 0.7649, 0.0334, 0.6432, 0.0093
13:50:14, 1.10, 33, 80.33, 2.04, 3.24, 0.7641, 0.0318, 0.6443, 0.0102
13:50:14, 1.13, 34, 80.51, 1.77, 3.17, 0.7631, 0.0296, 0.6455, 0.0111
13:50:14, 1.13, 34, 80.66, 1.52, 3.07, 0.7622, 0.0274, 0.6466, 0.0119
13:50:14, 1.17, 35, 80.76, 1.31, 3.03, 0.7617, 0.0259, 0.6473, 0.0127
13:50:14, 1.17, 35, 80.86, 1.16, 3.00, 0.7611, 0.0246, 0.6481, 0.0134
13:50:14, 1.17, 35, 80.91, 0.96, 2.97, 0.7608, 0.0232, 0.6484, 0.0143
13:50:14, 1.20, 36, 80.92, 0.83, 2.91, 0.7607, 0.0220, 0.6486, 0.0147
13:50:14, 1.20, 36, 80.85, 0.77, 2.82, 0.7611, 0.0210, 0.6481, 0.0144
13:50:14, 1.23, 37, 80.79, 0.65, 2.74, 0.7615, 0.0198, 0.6477, 0.0145
13:50:14, 1.23, 37, 80.76, 0.55, 2.63, 0.7616, 0.0185, 0.6476, 0.0144
13:50:14, 1.27, 38, 80.73, 0.49, 2.51, 0.7618, 0.0175, 0.6474, 0.0140
13:50:14, 1.27, 38, 80.68, 0.44, 2.46, 0.7621, 0.0168, 0.6471, 0.0139
13:50:14, 1.27, 38, 80.61, 0.48, 2.44, 0.7625, 0.0170, 0.6467, 0.0136
13:50:14, 1.30, 39, 80.58, 0.53, 2.45, 0.7627, 0.0174, 0.6464, 0.0133
13:50:14, 1.30, 39, 80.55, 0.52, 2.45, 0.7628, 0.0173, 0.6462, 0.0134
13:50:14, 1.33, 40, 80.56, 0.57, 2.42, 0.7628, 0.0175, 0.6463, 0.0129
13:50:14, 1.33, 40, 80.59, 0.53, 2.41, 0.7626, 0.0172, 0.6465, 0.0131
13:50:14, 1.33, 40, 80.61, 0.54, 2.41, 0.7625, 0.0172, 0.6466, 0.0130
13:50:14, 1.37, 41, 80.62, 0.53, 2.42, 0.7624, 0.0172, 0.6467, 0.0131
13:50:14, 1.37, 41, 80.64, 0.55, 2.42, 0.7623, 0.0173, 0.6468, 0.0130
13:50:14, 1.40, 42, 80.64, 0.57, 2.46, 0.7623, 0.0177, 0.6468, 0.0131
13:50:14, 1.40, 42, 80.58, 0.64, 2.53, 0.7626, 0.0185, 0.6464, 0.0132
13:50:14, 1.43, 43, 80.49, 0.73, 2.56, 0.7632, 0.0192, 0.6458, 0.0129
13:50:14, 1.43, 43, 80.40, 0.79, 2.58, 0.7637, 0.0198, 0.6452, 0.0128
13:50:14, 1.43, 43, 80.30, 0.87, 2.58, 0.7642, 0.0203, 0.6445, 0.0123
13:50:14, 1.47, 44, 80.14, 0.97, 2.65, 0.7652, 0.0213, 0.6434, 0.0122
13:50:14, 1.47, 44, 79.88, 1.11, 2.78, 0.7666, 0.0230, 0.6416, 0.0123
13:50:14, 1.50, 45, 79.51, 1.31, 2.93, 0.7687, 0.0251, 0.6390, 0.0123
13:50:14, 1.50, 45, 79.01, 1.53, 3.14, 0.7714, 0.0278, 0.6356, 0.0126
13:50:14, 1.50, 45, 78.28, 1.88, 3.35, 0.7755, 0.0311, 0.6305, 0.0123
13:50:14, 1.53, 46, 77.35, 2.38, 3.38, 0.7806, 0.0346, 0.6240, 0.0101
13:50:14, 1.53, 46, 76.31, 2.93, 3.28, 0.7862, 0.0378, 0.6168, 0.0068
13:50:14, 1.57, 47, 75.03, 3.68, 3.16, 0.7930, 0.0423, 0.6077, 0.0023
13:50:14, 1.57, 47, 73.57, 4.49, 2.98, 0.8006, 0.0469, 0.5973, -0.0027
13:50:14, 1.60, 48, 71.83, 5.31, 2.76, 0.8094, 0.0516, 0.5849, -0.0077
13:50:14, 1.60, 48, 69.88, 6.10, 2.64, 0.8191, 0.0568, 0.5707, -0.0117
13:50:14, 1.60, 48, 67.81, 7.00, 2.53, 0.8289, 0.0629, 0.5556, -0.0158
13:50:14, 1.63, 49, 65.87, 7.87, 2.29, 0.8379, 0.0685, 0.5411, -0.0206
13:50:14, 1.63, 49, 63.87, 8.84, 1.82, 0.8467, 0.0738, 0.5262, -0.0273
13:50:14, 1.67, 50, 62.09, 9.66, 1.27, 0.8541, 0.0778, 0.5131, -0.0340
13:50:14, 1.67, 50, 60.38, 10.42, 0.81, 0.8611, 0.0821, 0.5003, -0.0396
13:50:14, 1.67, 50, 58.60, 11.17, 0.46, 0.8681, 0.0868, 0.4867, -0.0441
13:50:14, 1.70, 51, 56.67, 11.88, 0.16, 0.8755, 0.0918, 0.4719, -0.0479
13:50:14, 1.70, 51, 54.67, 12.53, 359.87, 0.8830, 0.0964, 0.4566, -0.0511
13:50:14, 1.73, 52, 52.73, 13.14, 359.67, 0.8900, 0.1012, 0.4414, -0.0534
13:50:14, 1.73, 52, 50.86, 13.69, 359.48, 0.8964, 0.1057, 0.4268, -0.0552
13:50:14, 1.77, 53, 48.95, 14.27, 359.12, 0.9027, 0.1099, 0.4119, -0.0584
13:50:14, 1.77, 53, 47.03, 14.96, 358.64, 0.9085, 0.1146, 0.3970, -0.0627
13:50:14, 1.77, 53, 45.21, 15.50, 358.21, 0.9138, 0.1185, 0.3828, -0.0662
13:50:14, 1.80, 54, 43.42, 15.95, 357.85, 0.9190, 0.1220, 0.3686, -0.0686
13:50:14, 1.80, 54, 41.68, 16.33, 357.39, 0.9237, 0.1247, 0.3551, -0.0716
13:50:15, 1.83, 55, 40.12, 16.74, 357.01, 0.9277, 0.1278, 0.3428, -0.0742
13:50:15, 1.83, 55, 38.72, 17.17, 356.74, 0.9311, 0.1314, 0.3317, -0.0760
13:50:15, 1.83, 55, 37.46, 17.50, 356.48, 0.9341, 0.1343, 0.3217, -0.0776
13:50:15, 1.87, 56, 36.18, 17.83, 356.21, 0.9370, 0.1370, 0.3115, -0.0792
13:50:15, 1.87, 56, 34.90, 18.16, 355.87, 0.9397, 0.1398, 0.3013, -0.0812
13:50:15, 1.90, 57, 33.68, 18.47, 355.64, 0.9422, 0.1427, 0.2916, -0.0824
13:50:15, 1.90, 57, 32.43, 18.76, 355.39, 0.9448, 0.1453, 0.2815, -0.0836
13:50:15, 1.93, 58, 31.22, 19.03, 355.11, 0.9471, 0.1478, 0.2719, -0.0849
13:50:15, 1.93, 58, 30.10, 19.10, 354.76, 0.9494, 0.1484, 0.2631, -0.0865
13:50:15, 1.93, 58, 29.08, 19.22, 354.40, 0.9512, 0.1493, 0.2551, -0.0885
13:50:15, 1.97, 59, 28.18, 19.19, 354.07, 0.9530, 0.1490, 0.2481, -0.0900
13:50:15, 1.97, 59, 27.32, 19.21, 353.80, 0.9546, 0.1494, 0.2412, -0.0911
13:50:15, 2.00, 60, 26.48, 19.20, 353.57, 0.9561, 0.1494, 0.2346, -0.0919
13:50:15, 2.00, 60, 25.81, 19.13, 353.35, 0.9574, 0.1489, 0.2293, -0.0928
13:50:15, 2.03, 61, 25.18, 19.08, 353.15, 0.9586, 0.1486, 0.2243, -0.0935
13:50:15, 2.03, 61, 24.59, 19.00, 352.99, 0.9597, 0.1481, 0.2195, -0.0940
13:50:15, 2.03, 61, 24.20, 18.97, 352.83, 0.9604, 0.1479, 0.2165, -0.0948
13:50:15, 2.07, 62, 23.77, 18.85, 352.72, 0.9613, 0.1470, 0.2129, -0.0950
13:50:15, 2.07, 62, 23.51, 18.84, 352.69, 0.9617, 0.1471, 0.2108, -0.0949
13:50:15, 2.10, 63, 23.24, 18.78, 352.61, 0.9622, 0.1467, 0.2086, -0.0951
13:50:15, 2.10, 63, 23.07, 18.77, 352.49, 0.9625, 0.1465, 0.2074, -0.0958
13:50:15, 2.10, 63, 23.06, 18.74, 352.50, 0.9626, 0.1463, 0.2072, -0.0957
13:50:15, 2.13, 64, 23.00, 18.66, 352.48, 0.9628, 0.1456, 0.2067, -0.0957
13:50:15, 2.13, 64, 23.10, 18.63, 352.53, 0.9627, 0.1454, 0.2075, -0.0954
13:50:15, 2.17, 65, 23.21, 18.61, 352.58, 0.9626, 0.1452, 0.2083, -0.0950
13:50:15, 2.17, 65, 23.35, 18.58, 352.70, 0.9624, 0.1450, 0.2093, -0.0941
13:50:15, 2.20, 66, 23.51, 18.56, 352.83, 0.9623, 0.1450, 0.2106, -0.0932
13:50:15, 2.20, 66, 23.69, 18.58, 352.92, 0.9620, 0.1452, 0.2120, -0.0927
13:50:15, 2.20, 66, 23.87, 18.64, 353.01, 0.9616, 0.1457, 0.2134, -0.0923
13:50:15, 2.23, 67, 24.06, 18.67, 353.11, 0.9613, 0.1460, 0.2149, -0.0918
13:50:15, 2.23, 67, 24.25, 18.74, 353.20, 0.9609, 0.1466, 0.2163, -0.0913
13:50:15, 2.27, 68, 24.42, 18.82, 353.27, 0.9605, 0.1473, 0.2176, -0.0911
13:50:15, 2.27, 68, 24.59, 18.86, 353.37, 0.9602, 0.1477, 0.2190, -0.0906
13:50:15, 2.27, 68, 24.75, 18.92, 353.47, 0.9599, 0.1483, 0.2202, -0.0900
13:50:15, 2.30, 69, 24.89, 19.03, 353.57, 0.9595, 0.1492, 0.2213, -0.0896
13:50:15, 2.30, 69, 25.01, 19.09, 353.64, 0.9593, 0.1498, 0.2222, -0.0892
13:50:15, 2.33, 70, 25.14, 19.18, 353.69, 0.9589, 0.1505, 0.2232, -0.0892
13:50:15, 2.33, 70, 25.25, 19.26, 353.74, 0.9586, 0.1512, 0.2241, -0.0890
13:50:15, 2.33, 70, 25.34, 19.30, 353.76, 0.9584, 0.1515, 0.2248, -0.0890
13:50:15, 2.37, 71, 25.42, 19.35, 353.79, 0.9582, 0.1520, 0.2255, -0.0890
13:50:15, 2.37, 71, 25.50, 19.43, 353.79, 0.9579, 0.1525, 0.2262, -0.0893
13:50:15, 2.40, 72, 25.56, 19.49, 353.78, 0.9577, 0.1530, 0.2266, -0.0895
13:50:15, 2.40, 72, 25.63, 19.52, 353.77, 0.9575, 0.1532, 0.2272, -0.0897
13:50:15, 2.43, 73, 25.68, 19.57, 353.78, 0.9573, 0.1536, 0.2276, -0.0898
13:50:15, 2.43, 73, 25.71, 19.64, 353.78, 0.9572, 0.1541, 0.2279, -0.0900
13:50:15, 2.43, 73, 25.74, 19.68, 353.76, 0.9570, 0.1544, 0.2282, -0.0903
13:50:15, 2.47, 74, 25.78, 19.70, 353.77, 0.9569, 0.1546, 0.2286, -0.0903
13:50:15, 2.47, 74, 25.78, 19.75, 353.74, 0.9568, 0.1549, 0.2286, -0.0906
13:50:15, 2.50, 75, 25.79, 19.77, 353.72, 0.9568, 0.1551, 0.2286, -0.0908
13:50:15, 2.50, 75, 25.79, 19.78, 353.70, 0.9567, 0.1551, 0.2287, -0.0910
13:50:15, 2.53, 76, 25.80, 19.81, 353.68, 0.9566, 0.1553, 0.2288, -0.0913
13:50:15, 2.53, 76, 25.79, 19.83, 353.64, 0.9566, 0.1554, 0.2288, -0.0916
13:50:15, 2.53, 76, 25.79, 19.85, 353.64, 0.9566, 0.1556, 0.2288, -0.0917
13:50:15, 2.57, 77, 25.78, 19.87, 353.68, 0.9566, 0.1558, 0.2286, -0.0913
13:50:15, 2.57, 77, 25.76, 19.86, 353.71, 0.9567, 0.1558, 0.2285, -0.0911
13:50:15, 2.60, 78, 25.68, 19.85, 353.73, 0.9569, 0.1558, 0.2278, -0.0908
13:50:15, 2.60, 78, 25.55, 19.81, 353.76, 0.9572, 0.1557, 0.2266, -0.0903
13:50:15, 2.60, 78, 25.33, 19.75, 353.74, 0.9577, 0.1553, 0.2248, -0.0900
13:50:15, 2.63, 79, 24.97, 19.64, 353.72, 0.9586, 0.1546, 0.2218, -0.0895
13:50:15, 2.63, 79, 24.36, 19.43, 353.64, 0.9600, 0.1532, 0.2168, -0.0890
13:50:15, 2.67, 80, 23.44, 19.11, 353.43, 0.9621, 0.1508, 0.2093, -0.0890
13:50:15, 2.67, 80, 22.07, 18.68, 353.11, 0.9649, 0.1476, 0.1981, -0.0892
13:50:15, 2.70, 81, 20.29, 18.18, 352.70, 0.9683, 0.1442, 0.1835, -0.0896
13:50:15, 2.70, 81, 18.32, 17.48, 352.37, 0.9720, 0.1392, 0.1670, -0.0891
13:50:15, 2.70, 81, 16.40, 16.99, 351.93, 0.9750, 0.1359, 0.1510, -0.0899
13:50:15, 2.73, 82, 14.41, 16.53, 351.50, 0.9778, 0.1330, 0.1344, -0.0907
13:50:15, 2.73, 82, 12.57, 16.18, 351.17, 0.9800, 0.1311, 0.1188, -0.0911
13:50:15, 2.77, 83, 10.83, 15.88, 350.97, 0.9819, 0.1298, 0.1040, -0.0906
13:50:15, 2.77, 83, 9.14, 15.70, 350.74, 0.9834, 0.1293, 0.0896, -0.0905
13:50:15, 2.77, 83, 7.67, 15.43, 350.51, 0.9846, 0.1280, 0.0771, -0.0907
13:50:15, 2.80, 84, 6.35, 15.29, 350.21, 0.9854, 0.1277, 0.0661, -0.0917
13:50:15, 2.80, 84, 5.23, 15.21, 350.07, 0.9859, 0.1278, 0.0565, -0.0917
13:50:16, 2.83, 85, 4.15, 15.11, 349.93, 0.9864, 0.1277, 0.0473, -0.0917
13:50:16, 2.83, 85, 3.24, 15.05, 349.78, 0.9867, 0.1279, 0.0396, -0.0920
13:50:16, 2.87, 86, 2.40, 14.99, 349.66, 0.9870, 0.1280, 0.0324, -0.0921
13:50:16, 2.87, 86, 1.69, 14.90, 349.59, 0.9872, 0.1278, 0.0263, -0.0918
13:50:16, 2.87, 86, 1.05, 14.77, 349.50, 0.9874, 0.1272, 0.0208, -0.0919
13:50:16, 2.90, 87, 0.47, 14.70, 349.44, 0.9875, 0.1270, 0.0158, -0.0917
13:50:16, 2.90, 87, 0.01, 14.57, 349.38, 0.9877, 0.1262, 0.0118, -0.0918
13:50:16, 2.93, 88, 359.46, 14.48, 349.33, 0.9878, 0.1259, 0.0071, -0.0916
13:50:16, 2.93, 88, 359.07, 14.38, 349.31, 0.9879, 0.1253, 0.0036, -0.0914
13:50:16, 2.93, 88, 358.63, 14.26, 349.26, 0.9880, 0.1247, -0.0002, -0.0913
13:50:16, 2.97, 89, 358.22, 14.14, 349.24, 0.9881, 0.1240, -0.0038, -0.0911
13:50:16, 2.97, 89, 357.68, 14.01, 349.13, 0.9881, 0.1233, -0.0084, -0.0915
13:50:16, 3.00, 90, 357.21, 13.92, 349.04, 0.9881, 0.1229, -0.0125, -0.0919
13:50:16, 3.00, 90, 356.78, 13.88, 348.92, 0.9880, 0.1229, -0.0161, -0.0924
13:50:16, 3.03, 91, 356.37, 13.82, 348.78, 0.9879, 0.1228, -0.0195, -0.0932
13:50:16, 3.03, 91, 356.03, 13.82, 348.71, 0.9877, 0.1230, -0.0224, -0.0934
13:50:16, 3.03, 91, 355.76, 13.77, 348.70, 0.9877, 0.1228, -0.0248, -0.0933
13:50:16, 3.07, 92, 355.48, 13.73, 348.58, 0.9876, 0.1227, -0.0271, -0.0940
13:50:16, 3.07, 92, 355.25, 13.70, 348.61, 0.9876, 0.1226, -0.0291, -0.0935
13:50:16, 3.10, 93, 355.05, 13.67, 348.65, 0.9876, 0.1225, -0.0309, -0.0930
13:50:16, 3.10, 93, 354.92, 13.69, 348.70, 0.9876, 0.1228, -0.0320, -0.0924
13:50:16, 3.10, 93, 354.88, 13.76, 348.69, 0.9875, 0.1234, -0.0323, -0.0924
13:50:16, 3.13, 94, 354.99, 13.83, 348.69, 0.9875, 0.1239, -0.0313, -0.0925
13:50:16, 3.13, 94, 355.27, 13.89, 348.70, 0.9875, 0.1242, -0.0289, -0.0927
13:50:16, 3.17, 95, 355.78, 13.97, 348.72, 0.9875, 0.1245, -0.0244, -0.0930
13:50:16, 3.17, 95, 356.65, 14.05, 348.84, 0.9877, 0.1245, -0.0170, -0.0929
13:50:16, 3.17, 95, 357.81, 14.13, 349.18, 0.9880, 0.1242, -0.0073, -0.0912
13:50:16, 3.20, 96, 359.29, 14.18, 349.52, 0.9883, 0.1235, 0.0051, -0.0899
13:50:16, 3.20, 96, 1.03, 14.29, 350.08, 0.9884, 0.1231, 0.0196, -0.0869
13:50:16, 3.23, 97, 2.81, 14.34, 350.69, 0.9884, 0.1224, 0.0343, -0.0835
13:50:16, 3.23, 97, 4.88, 14.48, 351.33, 0.9879, 0.1224, 0.0516, -0.0803
13:50:16, 3.27, 98, 7.26, 14.61, 351.96, 0.9869, 0.1222, 0.0715, -0.0775
13:50:16, 3.27, 98, 9.81, 14.65, 352.73, 0.9855, 0.1214, 0.0927, -0.0735
13:50:16, 3.27, 98, 12.49, 14.66, 353.59, 0.9836, 0.1206, 0.1148, -0.0690
13:50:16, 3.30, 99, 15.22, 14.56, 354.41, 0.9812, 0.1190, 0.1373, -0.0647
13:50:16, 3.30, 99, 17.98, 14.43, 355.18, 0.9782, 0.1174, 0.1601, -0.0608
13:50:16, 3.33, 100, 21.03, 14.04, 355.92, 0.9744, 0.1136, 0.1853, -0.0570
13:50:16, 3.33, 100, 24.38, 13.57, 356.85, 0.9696, 0.1096, 0.2128, -0.0516
13:50:16, 3.33, 100, 27.79, 13.14, 357.83, 0.9637, 0.1065, 0.2406, -0.0457
13:50:16, 3.37, 101, 31.58, 12.71, 358.94, 0.9560, 0.1040, 0.2714, -0.0390
13:50:16, 3.37, 101, 35.40, 12.17, 359.88, 0.9473, 0.1006, 0.3024, -0.0333
13:50:16, 3.40, 102, 39.06, 11.64, 0.62, 0.9378, 0.0974, 0.3320, -0.0288
13:50:16, 3.40, 102, 42.57, 10.99, 1.37, 0.9279, 0.0935, 0.3602, -0.0237
13:50:16, 3.43, 103, 46.02, 10.35, 1.90, 0.9171, 0.0895, 0.3879, -0.0201
13:50:16, 3.43, 103, 49.38, 9.76, 2.30, 0.9058, 0.0856, 0.4146, -0.0174
13:50:16, 3.43, 103, 52.67, 9.10, 2.67, 0.8940, 0.0814, 0.4404, -0.0144
13:50:16, 3.47, 104, 55.79, 8.49, 3.01, 0.8820, 0.0777, 0.4647, -0.0115
13:50:16, 3.47, 104, 58.74, 7.93, 3.41, 0.8700, 0.0748, 0.4873, -0.0080
13:50:16, 3.50, 105, 61.45, 7.34, 3.78, 0.8585, 0.0718, 0.5078, -0.0044
13:50:16, 3.50, 105, 63.91, 6.71, 4.14, 0.8476, 0.0687, 0.5262, -0.0003
13:50:16, 3.50, 105, 66.09, 6.20, 4.31, 0.8375, 0.0657, 0.5424, 0.0020
13:50:16, 3.53, 106, 68.07, 5.70, 4.26, 0.8281, 0.0619, 0.5571, 0.0030
13:50:16, 3.53, 106, 69.91, 5.18, 4.14, 0.8191, 0.0577, 0.5707, 0.0037
13:50:16, 3.57, 107, 71.63, 4.50, 4.18, 0.8106, 0.0532, 0.5831, 0.0066
13:50:16, 3.57, 107, 73.10, 3.82, 4.25, 0.8031, 0.0488, 0.5938, 0.0099
13:50:16, 3.60, 108, 74.38, 3.13, 4.38, 0.7964, 0.0448, 0.6029, 0.0139
13:50:16, 3.60, 108, 75.48, 2.52, 4.48, 0.7905, 0.0413, 0.6108, 0.0174
13:50:16, 3.60, 108, 76.42, 2.05, 4.48, 0.7855, 0.0382, 0.6174, 0.0197
13:50:16, 3.63, 109, 77.22, 1.66, 4.47, 0.7811, 0.0356, 0.6231, 0.0215
13:50:16, 3.63, 109, 77.73, 1.34, 4.41, 0.7783, 0.0332, 0.6266, 0.0227
13:50:16, 3.67, 110, 78.27, 1.08, 4.26, 0.7753, 0.0307, 0.6304, 0.0229
13:50:16, 3.67, 110, 78.71, 0.91, 4.07, 0.7729, 0.0287, 0.6335, 0.0224
13:50:16, 3.70, 111, 79.05, 0.77, 3.96, 0.7710, 0.0272, 0.6358, 0.0224
13:50:16, 3.70, 111, 79.23, 0.63, 3.84, 0.7700, 0.0256, 0.6371, 0.0224
13:50:16, 3.70, 111, 79.45, 0.52, 3.72, 0.7688, 0.0242, 0.6387, 0.0221
13:50:16, 3.73, 112, 79.62, 0.46, 3.65, 0.7678, 0.0235, 0.6398, 0.0219
13:50:16, 3.73, 112, 79.80, 0.34, 3.61, 0.7668, 0.0224, 0.6411, 0.0223
13:50:16, 3.77, 113, 79.92, 0.31, 3.58, 0.7662, 0.0221, 0.6419, 0.0222
13:50:16, 3.77, 113, 80.12, 0.23, 3.47, 0.7651, 0.0210, 0.6432, 0.0219
13:50:16, 3.77, 113, 80.28, 0.23, 3.36, 0.7642, 0.0204, 0.6443, 0.0211
13:50:16, 3.80, 114, 80.42, 0.27, 3.21, 0.7634, 0.0199, 0.6453, 0.0199
13:50:16, 3.80, 114, 80.55, 0.31, 3.07, 0.7627, 0.0194, 0.6462, 0.0187
13:50:17, 3.83, 115, 80.58, 0.36, 2.96, 0.7626, 0.0191, 0.6464, 0.0176
13:50:17, 3.83, 115, 80.59, 0.45, 2.91, 0.7625, 0.0194, 0.6464, 0.0168
13:50:17, 3.87, 116, 80.57, 0.55, 2.82, 0.7627, 0.0195, 0.6463, 0.0157
13:50:17, 3.87, 116, 80.53, 0.61, 2.70, 0.7629, 0.0193, 0.6460, 0.0145
13:50:17, 3.87, 116, 80.55, 0.70, 2.57, 0.7628, 0.0191, 0.6462, 0.0131
13:50:17, 3.90, 117, 80.53, 0.75, 2.45, 0.7630, 0.0188, 0.6461, 0.0120
13:50:17, 3.90, 117, 80.52, 0.83, 2.35, 0.7631, 0.0188, 0.6460, 0.0110
13:50:17, 3.93, 118, 80.47, 0.89, 2.27, 0.7633, 0.0187, 0.6457, 0.0101
13:50:17, 3.93, 118, 80.39, 0.99, 2.22, 0.7638, 0.0191, 0.6451, 0.0092
13:50:17, 3.93, 118, 80.33, 1.03, 2.22, 0.7641, 0.0194, 0.6447, 0.0090
13:50:17, 3.97, 119, 80.30, 1.09, 2.22, 0.7643, 0.0198, 0.6445, 0.0087
13:50:17, 3.97, 119, 80.29, 1.16, 2.12, 0.7644, 0.0197, 0.6444, 0.0076
13:50:17, 4.00, 120, 80.27, 1.20, 2.07, 0.7645, 0.0197, 0.6443, 0.0071
13:50:17, 4.00, 120, 80.22, 1.30, 2.05, 0.7648, 0.0202, 0.6439, 0.0064
13:50:17, 4.03, 121, 80.12, 1.37, 2.05, 0.7653, 0.0206, 0.6433, 0.0060
13:50:17, 4.03, 121, 80.01, 1.44, 2.07, 0.7659, 0.0212, 0.6426, 0.0058
13:50:17, 4.03, 121, 79.93, 1.53, 2.09, 0.7664, 0.0219, 0.6420, 0.0054
13:50:17, 4.07, 122, 79.91, 1.62, 2.05, 0.7665, 0.0223, 0.6418, 0.0046
13:50:17, 4.07, 122, 79.90, 1.72, 1.98, 0.7666, 0.0226, 0.6418, 0.0036
13:50:17, 4.10, 123, 79.91, 1.79, 1.97, 0.7665, 0.0230, 0.6418, 0.0031
13:50:17, 4.10, 123, 79.90, 1.87, 1.95, 0.7666, 0.0235, 0.6417, 0.0026
13:50:17, 4.10, 123, 79.88, 1.94, 1.93, 0.7667, 0.0238, 0.6416, 0.0021
13:50:17, 4.13, 124, 79.87, 2.00, 1.93, 0.7668, 0.0241, 0.6415, 0.0017
13:50:17, 4.13, 124, 79.79, 2.01, 1.92, 0.7672, 0.0242, 0.6409, 0.0016
13:50:17, 4.17, 125, 79.74, 2.02, 1.92, 0.7675, 0.0243, 0.6406, 0.0016
13:50:17, 4.17, 125, 79.70, 2.03, 1.91, 0.7677, 0.0243, 0.6404, 0.0015
13:50:17, 4.20, 126, 79.71, 2.02, 1.90, 0.7676, 0.0241, 0.6405, 0.0014
13:50:17, 4.20, 126, 79.65, 2.02, 1.91, 0.7679, 0.0242, 0.6401, 0.0015
13:50:17, 4.20, 126, 79.56, 2.03, 1.97, 0.7685, 0.0246, 0.6394, 0.0019
13:50:17, 4.23, 127, 79.41, 2.05, 1.99, 0.7693, 0.0248, 0.6384, 0.0019
13:50:17, 4.23, 127, 79.31, 2.12, 1.96, 0.7699, 0.0251, 0.6377, 0.0013
13:50:17, 4.27, 128, 79.20, 2.14, 1.96, 0.7705, 0.0253, 0.6370, 0.0012
13:50:17, 4.27, 128, 79.13, 2.19, 1.97, 0.7709, 0.0257, 0.6365, 0.0011
13:50:17, 4.27, 128, 79.04, 2.21, 2.00, 0.7714, 0.0259, 0.6359, 0.0012
13:50:17, 4.30, 129, 78.99, 2.23, 2.04, 0.7716, 0.0263, 0.6355, 0.0013
13:50:17, 4.30, 129, 78.93, 2.27, 2.06, 0.7720, 0.0267, 0.6351, 0.0013
13:50:17, 4.33, 130, 78.90, 2.29, 2.10, 0.7721, 0.0271, 0.6349, 0.0015
13:50:17, 4.33, 130, 78.85, 2.33, 2.14, 0.7724, 0.0275, 0.6345, 0.0015
13:50:17, 4.37, 131, 78.87, 2.39, 2.12, 0.7723, 0.0278, 0.6346, 0.0010
13:50:17, 4.37, 131, 78.88, 2.39, 2.13, 0.7722, 0.0279, 0.6347, 0.0011
13:50:17, 4.37, 131, 78.84, 2.44, 2.16, 0.7724, 0.0284, 0.6344, 0.0010
13:50:17, 4.40, 132, 78.82, 2.50, 2.21, 0.7726, 0.0291, 0.6343, 0.0010
13:50:17, 4.40, 132, 78.76, 2.58, 2.29, 0.7729, 0.0301, 0.6338, 0.0012
13:50:17, 4.43, 133, 78.71, 2.64, 2.35, 0.7732, 0.0308, 0.6335, 0.0012
13:50:17, 4.43, 133, 78.64, 2.71, 2.39, 0.7735, 0.0316, 0.6330, 0.0012
13:50:17, 4.43, 133, 78.57, 2.75, 2.46, 0.7739, 0.0322, 0.6325, 0.0015
13:50:17, 4.47, 134, 78.48, 2.84, 2.49, 0.7744, 0.0329, 0.6318, 0.0011
13:50:17, 4.47, 134, 78.42, 2.94, 2.46, 0.7747, 0.0334, 0.6314, 0.0004
13:50:17, 4.50, 135, 78.39, 3.00, 2.45, 0.7749, 0.0338, 0.6312, 0.0001
13:50:17, 4.50, 135, 78.35, 3.04, 2.50, 0.7751, 0.0343, 0.6309, 0.0002
13:50:17, 4.53, 136, 78.31, 3.07, 2.54, 0.7754, 0.0348, 0.6306, 0.0002
13:50:17, 4.53, 136, 78.23, 3.11, 2.55, 0.7758, 0.0351, 0.6300, 0.0002
13:50:17, 4.53, 136, 78.19, 3.17, 2.54, 0.7760, 0.0354, 0.6298, -0.0003
13:50:17, 4.57, 137, 78.15, 3.23, 2.57, 0.7762, 0.0360, 0.6294, -0.0003
13:50:17, 4.57, 137, 78.10, 3.27, 2.59, 0.7765, 0.0364, 0.6291, -0.0005
13:50:17, 4.60, 138, 78.05, 3.31, 2.55, 0.7767, 0.0364, 0.6288, -0.0009
13:50:17, 4.60, 138, 78.01, 3.37, 2.53, 0.7770, 0.0368, 0.6285, -0.0013
13:50:17, 4.60, 138, 77.98, 3.40, 2.54, 0.7771, 0.0370, 0.6283, -0.0015
13:50:17, 4.63, 139, 77.93, 3.42, 2.56, 0.7774, 0.0372, 0.6279, -0.0014
13:50:17, 4.63, 139, 77.87, 3.44, 2.59, 0.7777, 0.0376, 0.6275, -0.0013
13:50:17, 4.67, 140, 77.82, 3.46, 2.62, 0.7780, 0.0378, 0.6271, -0.0012
13:50:17, 4.67, 140, 77.78, 3.52, 2.63, 0.7782, 0.0383, 0.6268, -0.0014
13:50:17, 4.70, 141, 77.66, 3.60, 2.67, 0.7789, 0.0391, 0.6260, -0.0016
13:50:17, 4.70, 141, 77.52, 3.68, 2.68, 0.7796, 0.0397, 0.6250, -0.0019
13:50:17, 4.70, 141, 77.33, 3.79, 2.71, 0.7807, 0.0406, 0.6236, -0.0022
13:50:17, 4.73, 142, 77.06, 3.95, 2.74, 0.7821, 0.0418, 0.6217, -0.0027
13:50:17, 4.73, 142, 76.70, 4.13, 2.79, 0.7840, 0.0434, 0.6192, -0.0033
13:50:17, 4.77, 143, 76.25, 4.39, 2.82, 0.7864, 0.0453, 0.6160, -0.0043
13:50:17, 4.77, 143, 75.64, 4.74, 2.87, 0.7896, 0.0480, 0.6117, -0.0056
13:50:17, 4.77, 143, 74.88, 5.14, 2.81, 0.7936, 0.0505, 0.6063, -0.0078
13:50:17, 4.80, 144, 73.99, 5.64, 2.49, 0.7982, 0.0524, 0.6000, -0.0123
13:50:17, 4.80, 144, 73.06, 6.18, 2.04, 0.8028, 0.0539, 0.5935, -0.0178
13:50:18, 4.83, 145, 72.08, 6.78, 1.77, 0.8076, 0.0569, 0.5865, -0.0223
13:50:18, 4.83, 145, 70.88, 7.36, 1.39, 0.8134, 0.0593, 0.5780, -0.0274
13:50:18, 4.87, 146, 69.49, 7.98, 1.04, 0.8201, 0.0624, 0.5680, -0.0322
13:50:18, 4.87, 146, 68.11, 8.50, 0.74, 0.8265, 0.0650, 0.5580, -0.0361
13:50:18, 4.87, 146, 66.98, 8.93, 0.47, 0.8316, 0.0672, 0.5499, -0.0396
13:50:18, 4.90, 147, 66.19, 9.20, 0.30, 0.8352, 0.0686, 0.5441, -0.0416
13:50:18, 4.90, 147, 65.58, 9.38, 0.27, 0.8380, 0.0701, 0.5395, -0.0423
13:50:18, 4.93, 148, 65.01, 9.64, 0.20, 0.8404, 0.0718, 0.5354, -0.0437
13:50:18, 4.93, 148, 64.48, 9.94, 0.07, 0.8427, 0.0736, 0.5314, -0.0457
13:50:18, 4.93, 148, 64.06, 10.25, 359.93, 0.8444, 0.0754, 0.5283, -0.0479
13:50:18, 4.97, 149, 63.60, 10.57, 359.81, 0.8462, 0.0774, 0.5249, -0.0500
13:50:18, 4.97, 149, 63.25, 10.79, 359.73, 0.8476, 0.0788, 0.5222, -0.0513
13:50:18, 5.00, 150, 62.96, 10.95, 359.76, 0.8488, 0.0803, 0.5200, -0.0516
13:50:18, 5.00, 150, 62.62, 11.14, 359.74, 0.8502, 0.0818, 0.5174, -0.0524
13:50:18, 5.03, 151, 62.42, 11.26, 359.68, 0.8510, 0.0825, 0.5159, -0.0532
13:50:18, 5.03, 151, 62.17, 11.49, 359.61, 0.8519, 0.0840, 0.5140, -0.0546
13:50:18, 5.03, 151, 61.95, 11.80, 359.50, 0.8526, 0.0858, 0.5124, -0.0566
13:50:18, 5.07, 152, 61.69, 12.08, 359.43, 0.8535, 0.0878, 0.5103, -0.0582
13:50:18, 5.07, 152, 61.34, 12.33, 359.40, 0.8548, 0.0897, 0.5076, -0.0593
13:50:18, 5.10, 153, 60.98, 12.56, 359.35, 0.8562, 0.0914, 0.5049, -0.0604
13:50:18, 5.10, 153, 60.67, 12.71, 359.32, 0.8574, 0.0925, 0.5025, -0.0610
13:50:18, 5.10, 153, 60.44, 12.80, 359.29, 0.8584, 0.0932, 0.5007, -0.0615
13:50:18, 5.13, 154, 60.22, 12.96, 359.22, 0.8591, 0.0943, 0.4991, -0.0625
13:50:18, 5.13, 154, 60.03, 13.05, 359.16, 0.8598, 0.0947, 0.4977, -0.0632
13:50:18, 5.17, 155, 59.84, 13.13, 359.18, 0.8606, 0.0955, 0.4962, -0.0631
13:50:18, 5.17, 155, 59.62, 13.21, 359.18, 0.8615, 0.0963, 0.4945, -0.0633
13:50:18, 5.20, 156, 59.43, 13.32, 359.21, 0.8622, 0.0973, 0.4930, -0.0634
13:50:18, 5.20, 156, 59.24, 13.42, 359.23, 0.8630, 0.0983, 0.4916, -0.0635
13:50:18, 5.20, 156, 59.10, 13.48, 359.14, 0.8634, 0.0984, 0.4905, -0.0644
13:50:18, 5.23, 157, 59.00, 13.54, 359.11, 0.8638, 0.0988, 0.4897, -0.0647
13:50:18, 5.23, 157, 58.91, 13.56, 359.13, 0.8642, 0.0991, 0.4890, -0.0646
13:50:18, 5.27, 158, 58.78, 13.62, 359.10, 0.8647, 0.0995, 0.4881, -0.0650
13:50:18, 5.27, 158, 58.64, 13.68, 359.12, 0.8652, 0.1001, 0.4870, -0.0650
13:50:18, 5.27, 158, 58.46, 13.75, 359.13, 0.8659, 0.1008, 0.4855, -0.0650
13:50:18, 5.30, 159, 58.24, 13.84, 359.13, 0.8668, 0.1016, 0.4839, -0.0652
13:50:18, 5.30, 159, 57.97, 13.93, 359.11, 0.8678, 0.1023, 0.4818, -0.0655
13:50:18, 5.33, 160, 57.71, 14.05, 359.04, 0.8687, 0.1031, 0.4799, -0.0663
13:50:18, 5.33, 160, 57.42, 14.14, 358.98, 0.8698, 0.1037, 0.4777, -0.0669
13:50:18, 5.37, 161, 57.07, 14.24, 358.91, 0.8712, 0.1044, 0.4750, -0.0675
13:50:18, 5.37, 161, 56.68, 14.36, 358.83, 0.8726, 0.1052, 0.4721, -0.0683
13:50:18, 5.37, 161, 56.37, 14.43, 358.70, 0.8737, 0.1054, 0.4698, -0.0692
13:50:18, 5.40, 162, 56.11, 14.46, 358.58, 0.8747, 0.1053, 0.4679, -0.0700
13:50:18, 5.40, 162, 55.94, 14.50, 358.50, 0.8753, 0.1053, 0.4667, -0.0707
13:50:18, 5.43, 163, 55.74, 14.51, 358.49, 0.8761, 0.1055, 0.4652, -0.0706
13:50:18, 5.43, 163, 55.53, 14.54, 358.51, 0.8769, 0.1059, 0.4635, -0.0704
13:50:18, 5.43, 163, 55.38, 14.59, 358.52, 0.8775, 0.1065, 0.4623, -0.0703
13:50:18, 5.47, 164, 55.21, 14.66, 358.54, 0.8781, 0.1072, 0.4610, -0.0703
13:50:18, 5.47, 164, 55.05, 14.71, 358.50, 0.8787, 0.1075, 0.4598, -0.0706
13:50:18, 5.50, 165, 54.91, 14.79, 358.45, 0.8791, 0.1080, 0.4587, -0.0712
13:50:18, 5.50, 165, 54.80, 14.86, 358.41, 0.8794, 0.1085, 0.4579, -0.0717
13:50:18, 5.53, 166, 54.71, 14.89, 358.41, 0.8798, 0.1088, 0.4572, -0.0718
13:50:18, 5.53, 166, 54.60, 14.90, 358.39, 0.8802, 0.1088, 0.4563, -0.0718
13:50:18, 5.53, 166, 54.49, 14.96, 358.37, 0.8806, 0.1093, 0.4555, -0.0721
13:50:18, 5.57, 167, 54.39, 15.01, 358.38, 0.8809, 0.1098, 0.4547, -0.0721
13:50:18, 5.57, 167, 54.29, 15.08, 358.35, 0.8812, 0.1103, 0.4539, -0.0725
13:50:18, 5.60, 168, 54.17, 15.17, 358.35, 0.8816, 0.1110, 0.4530, -0.0728
13:50:18, 5.60, 168, 54.08, 15.24, 358.36, 0.8819, 0.1117, 0.4522, -0.0729
13:50:18, 5.60, 168, 54.00, 15.32, 358.35, 0.8821, 0.1123, 0.4516, -0.0732
13:50:18, 5.63, 169, 53.94, 15.38, 358.37, 0.8823, 0.1128, 0.4511, -0.0733
13:50:18, 5.63, 169, 53.89, 15.41, 358.40, 0.8824, 0.1132, 0.4507, -0.0731
13:50:18, 5.67, 170, 53.86, 15.44, 358.41, 0.8825, 0.1135, 0.4504, -0.0731
13:50:18, 5.67, 170, 53.85, 15.46, 358.43, 0.8826, 0.1138, 0.4503, -0.0730
13:50:18, 5.67, 170, 53.83, 15.49, 358.44, 0.8826, 0.1140, 0.4501, -0.0731
13:50:18, 5.70, 171, 53.83, 15.49, 358.46, 0.8826, 0.1142, 0.4501, -0.0729
13:50:18, 5.70, 171, 53.86, 15.49, 358.48, 0.8825, 0.1142, 0.4503, -0.0727
13:50:18, 5.73, 172, 53.90, 15.51, 358.50, 0.8824, 0.1144, 0.4506, -0.0727
13:50:18, 5.73, 172, 53.96, 15.51, 358.53, 0.8822, 0.1145, 0.4510, -0.0725
13:50:18, 5.77, 173, 54.04, 15.52, 358.54, 0.8818, 0.1145, 0.4517, -0.0726
13:50:18, 5.77, 173, 54.13, 15.54, 358.57, 0.8815, 0.1148, 0.4523, -0.0725
13:50:18, 5.77, 173, 54.22, 15.54, 358.63, 0.8812, 0.1149, 0.4529, -0.0721
13:50:18, 5.80, 174, 54.33, 15.51, 358.69, 0.8808, 0.1149, 0.4538, -0.0716
13:50:18, 5.80, 174, 54.49, 15.46, 358.73, 0.8803, 0.1145, 0.4549, -0.0714
13:50:19, 5.83, 175, 54.71, 15.41, 358.80, 0.8795, 0.1143, 0.4566, -0.0708
13:50:19, 5.83, 175, 55.07, 15.37, 358.90, 0.8781, 0.1142, 0.4593, -0.0703
13:50:19, 5.83, 175, 55.54, 15.29, 359.07, 0.8764, 0.1140, 0.4627, -0.0691
13:50:19, 5.87, 176, 56.02, 15.19, 359.32, 0.8747, 0.1139, 0.4662, -0.0673
13:50:19, 5.90, 177, 57.14, 15.13, 359.79, 0.8705, 0.1147, 0.4743, -0.0645
13:50:19, 5.90, 177, 57.66, 15.05, 359.93, 0.8685, 0.1144, 0.4781, -0.0637
13:50:19, 5.93, 178, 58.23, 15.01, 0.14, 0.8662, 0.1147, 0.4822, -0.0625
13:50:19, 5.93, 178, 58.78, 14.90, 0.33, 0.8641, 0.1144, 0.4863, -0.0611
13:50:19, 5.93, 178, 59.36, 14.79, 0.51, 0.8618, 0.1141, 0.4906, -0.0599
13:50:19, 5.97, 179, 59.99, 14.68, 0.70, 0.8594, 0.1137, 0.4951, -0.0586
13:50:19, 5.97, 179, 60.62, 14.56, 0.86, 0.8568, 0.1131, 0.4998, -0.0575
13:50:19, 6.00, 180, 61.18, 14.45, 1.02, 0.8545, 0.1128, 0.5039, -0.0564
13:50:19, 6.00, 180, 61.69, 14.37, 1.21, 0.8525, 0.1127, 0.5075, -0.0551
13:50:19, 6.03, 181, 62.24, 14.29, 1.37, 0.8501, 0.1126, 0.5115, -0.0541
13:50:19, 6.03, 181, 62.69, 14.14, 1.47, 0.8483, 0.1117, 0.5148, -0.0532
13:50:19, 6.03, 181, 63.12, 14.06, 1.60, 0.8465, 0.1115, 0.5179, -0.0523
13:50:19, 6.07, 182, 63.49, 13.97, 1.69, 0.8449, 0.1111, 0.5206, -0.0516
13:50:19, 6.07, 182, 63.87, 13.89, 1.80, 0.8433, 0.1109, 0.5234, -0.0507
13:50:19, 6.10, 183, 64.16, 13.80, 1.89, 0.8421, 0.1104, 0.5255, -0.0499
13:50:19, 6.10, 183, 64.47, 13.66, 1.99, 0.8408, 0.1098, 0.5278, -0.0488
13:50:19, 6.10, 183, 64.69, 13.59, 2.04, 0.8399, 0.1094, 0.5294, -0.0483
13:50:19, 6.13, 184, 64.94, 13.49, 2.13, 0.8389, 0.1090, 0.5312, -0.0475
13:50:19, 6.13, 184, 65.13, 13.38, 2.20, 0.8381, 0.1084, 0.5326, -0.0466
13:50:19, 6.17, 185, 65.30, 13.30, 2.24, 0.8374, 0.1079, 0.5338, -0.0461
13:50:19, 6.17, 185, 65.42, 13.21, 2.28, 0.8369, 0.1074, 0.5348, -0.0455
13:50:19, 6.17, 185, 65.59, 13.13, 2.35, 0.8362, 0.1071, 0.5360, -0.0448
13:50:19, 6.20, 186, 65.68, 13.05, 2.40, 0.8358, 0.1068, 0.5367, -0.0441
13:50:19, 6.20, 186, 65.77, 12.99, 2.48, 0.8355, 0.1066, 0.5373, -0.0433
13:50:19, 6.23, 187, 65.83, 12.94, 2.52, 0.8353, 0.1064, 0.5377, -0.0429
13:50:19, 6.23, 187, 65.88, 12.86, 2.59, 0.8351, 0.1062, 0.5381, -0.0421
13:50:19, 6.27, 188, 65.92, 12.85, 2.64, 0.8350, 0.1063, 0.5383, -0.0416
13:50:19, 6.27, 188, 65.95, 12.83, 2.67, 0.8348, 0.1063, 0.5386, -0.0414
13:50:19, 6.27, 188, 65.97, 12.80, 2.68, 0.8348, 0.1061, 0.5387, -0.0412
13:50:19, 6.30, 189, 65.94, 12.80, 2.69, 0.8349, 0.1062, 0.5385, -0.0411
13:50:19, 6.30, 189, 65.93, 12.77, 2.68, 0.8350, 0.1059, 0.5384, -0.0410
13:50:19, 6.33, 190, 65.94, 12.77, 2.72, 0.8349, 0.1061, 0.5385, -0.0407
13:50:19, 6.33, 190, 65.95, 12.75, 2.72, 0.8349, 0.1060, 0.5386, -0.0406
13:50:19, 6.37, 191, 65.93, 12.81, 2.75, 0.8350, 0.1066, 0.5383, -0.0406
13:50:19, 6.37, 191, 65.92, 12.84, 2.78, 0.8350, 0.1069, 0.5382, -0.0406
13:50:19, 6.37, 191, 65.88, 12.85, 2.82, 0.8352, 0.1072, 0.5379, -0.0403
13:50:19, 6.40, 192, 65.87, 12.87, 2.83, 0.8352, 0.1074, 0.5378, -0.0403
13:50:19, 6.40, 192, 65.87, 12.87, 2.85, 0.8352, 0.1075, 0.5378, -0.0402
13:50:19, 6.43, 193, 65.85, 12.86, 2.85, 0.8354, 0.1074, 0.5376, -0.0401
13:50:19, 6.43, 193, 65.82, 12.89, 2.87, 0.8355, 0.1077, 0.5373, -0.0401
13:50:19, 6.43, 193, 65.80, 12.87, 2.87, 0.8356, 0.1076, 0.5372, -0.0400
13:50:19, 6.47, 194, 65.82, 12.85, 2.87, 0.8355, 0.1075, 0.5374, -0.0399
13:50:19, 6.47, 194, 65.83, 12.84, 2.88, 0.8355, 0.1074, 0.5374, -0.0397
13:50:19, 6.50, 195, 65.83, 12.79, 2.89, 0.8355, 0.1071, 0.5375, -0.0395
13:50:19, 6.50, 195, 65.84, 12.78, 2.89, 0.8355, 0.1070, 0.5376, -0.0394
13:50:19, 6.50, 195, 65.86, 12.77, 2.92, 0.8354, 0.1071, 0.5377, -0.0392
13:50:19, 6.53, 196, 65.88, 12.78, 2.93, 0.8353, 0.1072, 0.5378, -0.0391
13:50:19, 6.53, 196, 65.91, 12.75, 2.96, 0.8352, 0.1071, 0.5380, -0.0389
13:50:19, 6.57, 197, 65.93, 12.72, 2.97, 0.8351, 0.1070, 0.5382, -0.0387
13:50:19, 6.57, 197, 65.96, 12.70, 2.97, 0.8350, 0.1068, 0.5384, -0.0386
13:50:19, 6.60, 198, 65.97, 12.71, 3.00, 0.8349, 0.1070, 0.5385, -0.0384
13:50:19, 6.60, 198, 66.02, 12.70, 3.01, 0.8347, 0.1070, 0.5388, -0.0383
13:50:19, 6.60, 198, 66.06, 12.70, 3.03, 0.8345, 0.1070, 0.5391, -0.0383
13:50:19, 6.63, 199, 66.07, 12.68, 3.04, 0.8345, 0.1069, 0.5392, -0.0380
13:50:19, 6.63, 199, 66.12, 12.66, 3.09, 0.8343, 0.1070, 0.5395, -0.0377
13:50:19, 6.67, 200, 66.14, 12.67, 3.09, 0.8342, 0.1071, 0.5396, -0.0378
13:50:19, 6.67, 200, 66.15, 12.69, 3.09, 0.8342, 0.1072, 0.5397, -0.0378
13:50:19, 6.70, 201, 66.16, 12.69, 3.10, 0.8341, 0.1073, 0.5398, -0.0378
13:50:19, 6.70, 201, 66.18, 12.69, 3.12, 0.8340, 0.1073, 0.5399, -0.0376
13:50:19, 6.70, 201, 66.18, 12.68, 3.12, 0.8340, 0.1072, 0.5399, -0.0376
13:50:19, 6.73, 202, 66.21, 12.69, 3.13, 0.8339, 0.1073, 0.5401, -0.0376
13:50:19, 6.73, 202, 66.23, 12.65, 3.14, 0.8338, 0.1071, 0.5403, -0.0373
13:50:19, 6.77, 203, 66.31, 12.63, 3.16, 0.8335, 0.1070, 0.5408, -0.0372
13:50:19, 6.77, 203, 66.40, 12.56, 3.19, 0.8331, 0.1066, 0.5415, -0.0367
13:50:19, 6.77, 203, 66.52, 12.44, 3.21, 0.8326, 0.1059, 0.5424, -0.0361
13:50:19, 6.80, 204, 66.73, 12.21, 3.22, 0.8318, 0.1042, 0.5441, -0.0352
13:50:19, 6.80, 204, 67.04, 11.78, 3.23, 0.8305, 0.1010, 0.5467, -0.0333
13:50:20, 6.83, 205, 67.55, 11.15, 3.33, 0.8285, 0.0968, 0.5507, -0.0300
13:50:20, 6.83, 205, 68.09, 10.37, 3.51, 0.8264, 0.0919, 0.5550, -0.0253
13:50:20, 6.87, 206, 68.81, 9.37, 3.72, 0.8234, 0.0857, 0.5607, -0.0195
13:50:20, 6.87, 206, 69.64, 8.34, 3.84, 0.8197, 0.0787, 0.5672, -0.0141
13:50:20, 6.87, 206, 70.54, 7.29, 3.86, 0.8155, 0.0713, 0.5742, -0.0093
13:50:20, 6.90, 207, 71.45, 6.42, 3.97, 0.8112, 0.0656, 0.5811, -0.0046
13:50:20, 6.90, 207, 72.32, 5.46, 4.20, 0.8069, 0.0600, 0.5876, 0.0015
13:50:20, 6.93, 208, 73.08, 4.55, 4.25, 0.8031, 0.0539, 0.5933, 0.0062
13:50:20, 6.93, 208, 73.80, 3.73, 4.32, 0.7994, 0.0486, 0.5987, 0.0106
13:50:20, 6.93, 208, 74.44, 3.03, 4.33, 0.7961, 0.0439, 0.6034, 0.0141
13:50:20, 6.97, 209, 74.95, 2.44, 4.35, 0.7934, 0.0400, 0.6072, 0.0172
13:50:20, 6.97, 209, 75.37, 1.89, 4.32, 0.7911, 0.0361, 0.6103, 0.0197
13:50:20, 7.00, 210, 75.66, 1.50, 4.25, 0.7895, 0.0331, 0.6125, 0.0212
13:50:20, 7.00, 210, 75.92, 1.14, 4.23, 0.7881, 0.0306, 0.6144, 0.0230
13:50:20, 7.03, 211, 76.13, 0.72, 4.13, 0.7869, 0.0272, 0.6160, 0.0245
13:50:20, 7.03, 211, 76.35, 0.38, 4.11, 0.7857, 0.0248, 0.6176, 0.0261
13:50:20, 7.03, 211, 76.53, 0.06, 4.01, 0.7847, 0.0221, 0.6189, 0.0272
13:50:20, 7.07, 212, 76.79, 359.69, 3.99, 0.7832, 0.0195, 0.6208, 0.0290
13:50:20, 7.07, 212, 76.96, 359.42, 3.94, 0.7823, 0.0174, 0.6220, 0.0300
13:50:20, 7.10, 213, 77.17, 359.19, 3.86, 0.7811, 0.0155, 0.6235, 0.0307
13:50:20, 7.10, 213, 77.27, 359.00, 3.82, 0.7805, 0.0140, 0.6242, 0.0314
13:50:20, 7.10, 213, 77.38, 358.81, 3.72, 0.7799, 0.0122, 0.6250, 0.0318
13:50:20, 7.13, 214, 77.44, 358.70, 3.64, 0.7796, 0.0110, 0.6254, 0.0319
13:50:20, 7.13, 214, 77.46, 358.59, 3.58, 0.7794, 0.0100, 0.6256, 0.0321
13:50:20, 7.17, 215, 77.45, 358.55, 3.51, 0.7795, 0.0093, 0.6255, 0.0318
13:50:20, 7.17, 215, 77.39, 358.46, 3.42, 0.7798, 0.0082, 0.6251, 0.0317
13:50:20, 7.20, 216, 77.30, 358.37, 3.28, 0.7803, 0.0068, 0.6246, 0.0313
13:50:20, 7.20, 216, 77.15, 358.29, 3.09, 0.7812, 0.0051, 0.6236, 0.0304
13:50:20, 7.20, 216, 76.95, 358.21, 2.90, 0.7823, 0.0035, 0.6222, 0.0295
13:50:20, 7.23, 217, 76.70, 358.15, 2.67, 0.7837, 0.0019, 0.6205, 0.0283
13:50:20, 7.23, 217, 76.43, 358.01, 2.40, 0.7852, -0.0007, 0.6186, 0.0272
13:50:20, 7.27, 218, 76.19, 357.90, 2.11, 0.7865, -0.0031, 0.6170, 0.0258
13:50:20, 7.27, 218, 75.96, 357.73, 1.89, 0.7878, -0.0055, 0.6154, 0.0252
13:50:20, 7.27, 218, 75.64, 357.54, 1.66, 0.7895, -0.0080, 0.6132, 0.0246
13:50:20, 7.30, 219, 75.23, 357.25, 1.43, 0.7917, -0.0114, 0.6104, 0.0245
13:50:20, 7.30, 219, 74.69, 356.96, 1.20, 0.7945, -0.0147, 0.6066, 0.0244
13:50:20, 7.33, 220, 73.90, 356.61, 0.94, 0.7986, -0.0187, 0.6010, 0.0244
13:50:20, 7.33, 220, 72.87, 356.15, 0.56, 0.8040, -0.0242, 0.5937, 0.0239
13:50:20, 7.37, 221, 71.56, 355.74, 0.11, 0.8107, -0.0296, 0.5843, 0.0225
13:50:20, 7.37, 221, 70.00, 355.34, 359.63, 0.8185, -0.0352, 0.5730, 0.0207
13:50:20, 7.37, 221, 68.39, 355.02, 359.28, 0.8265, -0.0395, 0.5613, 0.0192
13:50:20, 7.40, 222, 66.74, 354.71, 358.90, 0.8344, -0.0438, 0.5491, 0.0174
13:50:20, 7.40, 222, 65.12, 354.42, 358.49, 0.8421, -0.0481, 0.5370, 0.0151
13:50:20, 7.43, 223, 63.32, 354.11, 358.15, 0.8504, -0.0522, 0.5234, 0.0132
13:50:20, 7.43, 223, 61.32, 353.72, 357.81, 0.8593, -0.0568, 0.5082, 0.0115
13:50:20, 7.43, 223, 59.01, 353.43, 357.58, 0.8693, -0.0603, 0.4905, 0.0098
13:50:20, 7.47, 224, 56.64, 353.20, 357.35, 0.8792, -0.0631, 0.4723, 0.0078
13:50:20, 7.47, 224, 54.10, 353.21, 357.14, 0.8894, -0.0641, 0.4525, 0.0047
13:50:20, 7.50, 225, 51.49, 353.22, 356.96, 0.8995, -0.0648, 0.4320, 0.0019
13:50:20, 7.50, 225, 48.88, 353.18, 356.81, 0.9091, -0.0656, 0.4114, -0.0007
13:50:20, 7.53, 226, 46.28, 353.04, 356.55, 0.9182, -0.0676, 0.3904, -0.0038
13:50:20, 7.53, 226, 43.80, 353.03, 356.30, 0.9264, -0.0684, 0.3703, -0.0072
13:50:20, 7.53, 226, 41.39, 352.99, 355.93, 0.9339, -0.0697, 0.3505, -0.0115
13:50:20, 7.57, 227, 38.99, 353.05, 355.64, 0.9410, -0.0698, 0.3307, -0.0156
13:50:20, 7.57, 227, 36.63, 353.20, 355.29, 0.9476, -0.0691, 0.3111, -0.0203
13:50:20, 7.60, 228, 34.31, 353.23, 354.95, 0.9537, -0.0693, 0.2917, -0.0246
13:50:20, 7.60, 228, 31.98, 353.29, 354.68, 0.9594, -0.0690, 0.2721, -0.0284
13:50:20, 7.60, 228, 29.71, 353.29, 354.39, 0.9645, -0.0690, 0.2529, -0.0323
13:50:20, 7.63, 229, 27.59, 353.25, 354.08, 0.9689, -0.0694, 0.2348, -0.0361
13:50:20, 7.63, 229, 25.46, 353.18, 353.77, 0.9730, -0.0699, 0.2165, -0.0398
13:50:20, 7.67, 230, 23.39, 353.12, 353.49, 0.9766, -0.0701, 0.1987, -0.0433
13:50:20, 7.67, 230, 21.39, 353.17, 353.27, 0.9798, -0.0693, 0.1815, -0.0466
13:50:20, 7.70, 231, 19.44, 353.09, 353.08, 0.9827, -0.0694, 0.1647, -0.0492
13:50:20, 7.70, 231, 17.53, 353.04, 352.98, 0.9852, -0.0692, 0.1481, -0.0512
13:50:20, 7.70, 231, 15.66, 352.89, 352.86, 0.9874, -0.0698, 0.1319, -0.0531
13:50:20, 7.73, 232, 13.84, 352.75, 352.80, 0.9893, -0.0702, 0.1161, -0.0546
13:50:20, 7.73, 232, 12.11, 352.71, 352.67, 0.9908, -0.0699, 0.1010, -0.0568
13:50:20, 7.77, 233, 10.45, 352.65, 352.66, 0.9921, -0.0695, 0.0866, -0.0578
13:50:20, 7.77, 233, 8.85, 352.60, 352.72, 0.9933, -0.0691, 0.0727, -0.0582
13:50:20, 7.77, 233, 7.27, 352.64, 352.79, 0.9942, -0.0679, 0.0591, -0.0585
13:50:20, 7.80, 234, 5.67, 352.64, 352.96, 0.9950, -0.0670, 0.0454, -0.0580
13:50:20, 7.80, 234, 4.09, 352.70, 353.22, 0.9957, -0.0656, 0.0318, -0.0567
13:50:21, 7.83, 235, 2.62, 352.75, 353.42, 0.9962, -0.0644, 0.0191, -0.0558
13:50:21, 7.83, 235, 1.20, 352.83, 353.53, 0.9964, -0.0630, 0.0069, -0.0556
13:50:21, 7.87, 236, 359.86, 353.02, 353.73, 0.9966, -0.0607, -0.0045, -0.0547
13:50:21, 7.87, 236, 358.60, 353.21, 354.04, 0.9968, -0.0585, -0.0153, -0.0526
13:50:21, 7.87, 236, 357.40, 353.32, 354.28, 0.9967, -0.0570, -0.0256, -0.0512
13:50:21, 7.90, 237, 356.21, 353.34, 354.64, 0.9966, -0.0565, -0.0357, -0.0486
13:50:21, 7.90, 237, 355.06, 353.37, 354.96, 0.9963, -0.0558, -0.0455, -0.0463
13:50:21, 7.93, 238, 353.90, 353.33, 355.24, 0.9959, -0.0558, -0.0555, -0.0445
13:50:21, 7.93, 238, 352.82, 353.36, 355.41, 0.9954, -0.0553, -0.0648, -0.0435
13:50:21, 7.93, 238, 351.74, 353.37, 355.57, 0.9948, -0.0548, -0.0741, -0.0427
13:50:21, 7.97, 239, 350.70, 353.37, 355.83, 0.9942, -0.0547, -0.0830, -0.0409
13:50:21, 7.97, 239, 349.62, 353.46, 356.18, 0.9936, -0.0538, -0.0921, -0.0383
13:50:21, 8.00, 240, 348.55, 353.52, 356.52, 0.9928, -0.0532, -0.1013, -0.0358
13:50:21, 8.00, 240, 347.44, 353.62, 356.81, 0.9919, -0.0522, -0.1107, -0.0337
13:50:21, 8.03, 241, 346.30, 353.68, 357.16, 0.9909, -0.0518, -0.1204, -0.0312
13:50:21, 8.03, 241, 345.10, 353.76, 357.45, 0.9897, -0.0511, -0.1306, -0.0291
13:50:21, 8.03, 241, 343.91, 353.77, 357.82, 0.9884, -0.0511, -0.1407, -0.0264
13:50:21, 8.07, 242, 342.55, 353.91, 358.31, 0.9868, -0.0502, -0.1523, -0.0226
13:50:21, 8.07, 242, 341.06, 353.98, 358.69, 0.9848, -0.0499, -0.1649, -0.0199
13:50:21, 8.10, 243, 339.53, 354.09, 359.08, 0.9827, -0.0493, -0.1779, -0.0170
13:50:21, 8.10, 243, 337.94, 354.29, 359.61, 0.9803, -0.0482, -0.1913, -0.0128
13:50:21, 8.10, 243, 336.35, 354.51, 0.20, 0.9777, -0.0473, -0.2046, -0.0081
13:50:21, 8.13, 244, 334.73, 354.72, 0.87, 0.9748, -0.0466, -0.2182, -0.0026
13:50:21, 8.13, 244, 333.13, 355.05, 1.52, 0.9718, -0.0451, -0.2315, 0.0029
13:50:21, 8.17, 245, 331.60, 355.39, 2.14, 0.9687, -0.0436, -0.2444, 0.0082
13:50:21, 8.17, 245, 330.07, 355.75, 2.70, 0.9654, -0.0419, -0.2571, 0.0132
13:50:21, 8.17, 245, 328.63, 356.03, 3.27, 0.9621, -0.0410, -0.2691, 0.0181
13:50:21, 8.20, 246, 327.20, 356.38, 3.71, 0.9586, -0.0394, -0.2810, 0.0221
13:50:21, 8.20, 246, 325.86, 356.76, 4.07, 0.9553, -0.0374, -0.2923, 0.0257
13:50:21, 8.23, 247, 324.51, 357.15, 4.41, 0.9517, -0.0353, -0.3035, 0.0290
13:50:21, 8.23, 247, 323.33, 357.48, 4.65, 0.9485, -0.0336, -0.3134, 0.0316
13:50:21, 8.27, 248, 322.13, 357.77, 4.93, 0.9451, -0.0324, -0.3233, 0.0343
13:50:21, 8.27, 248, 320.92, 358.12, 5.33, 0.9415, -0.0310, -0.3334, 0.0383
13:50:21, 8.27, 248, 319.72, 358.43, 5.50, 0.9379, -0.0294, -0.3433, 0.0403
13:50:21, 8.30, 249, 318.59, 358.74, 5.73, 0.9344, -0.0280, -0.3526, 0.0428
13:50:21, 8.30, 249, 317.51, 358.99, 5.90, 0.9309, -0.0268, -0.3614, 0.0448
13:50:21, 8.33, 250, 316.42, 359.23, 5.97, 0.9274, -0.0256, -0.3704, 0.0459
13:50:21, 8.33, 250, 315.46, 359.54, 6.04, 0.9242, -0.0236, -0.3783, 0.0472
13:50:21, 8.37, 251, 314.52, 359.79, 6.15, 0.9210, -0.0224, -0.3859, 0.0488
13:50:21, 8.37, 251, 313.72, 0.06, 6.23, 0.9182, -0.0208, -0.3925, 0.0501
13:50:21, 8.37, 251, 312.98, 0.33, 6.22, 0.9156, -0.0190, -0.3984, 0.0509
13:50:21, 8.40, 252, 312.33, 0.57, 6.27, 0.9132, -0.0175, -0.4038, 0.0521
13:50:21, 8.40, 252, 311.70, 0.80, 6.35, 0.9109, -0.0163, -0.4089, 0.0533
13:50:21, 8.43, 253, 311.12, 1.04, 6.39, 0.9087, -0.0148, -0.4136, 0.0545
13:50:21, 8.43, 253, 310.66, 1.30, 6.41, 0.9070, -0.0130, -0.4173, 0.0555
13:50:21, 8.43, 253, 310.21, 1.54, 6.41, 0.9053, -0.0114, -0.4209, 0.0564
13:50:21, 8.47, 254, 309.85, 1.75, 6.43, 0.9038, -0.0099, -0.4239, 0.0573
13:50:21, 8.47, 254, 309.49, 1.97, 6.39, 0.9025, -0.0083, -0.4268, 0.0577
13:50:21, 8.50, 255, 309.15, 2.08, 6.38, 0.9012, -0.0075, -0.4295, 0.0580
13:50:21, 8.50, 255, 308.77, 2.31, 6.43, 0.8996, -0.0061, -0.4326, 0.0593
13:50:21, 8.53, 256, 308.44, 2.39, 6.42, 0.8984, -0.0056, -0.4352, 0.0595
13:50:21, 8.53, 256, 308.04, 2.52, 6.42, 0.8968, -0.0047, -0.4384, 0.0599
13:50:21, 8.53, 256, 307.79, 2.63, 6.36, 0.8958, -0.0039, -0.4403, 0.0599
13:50:21, 8.57, 257, 307.46, 2.77, 6.31, 0.8945, -0.0027, -0.4430, 0.0600
13:50:21, 8.57, 257, 307.23, 2.90, 6.24, 0.8936, -0.0015, -0.4448, 0.0600
13:50:21, 8.60, 258, 306.97, 2.97, 6.16, 0.8926, -0.0008, -0.4469, 0.0596
13:50:21, 8.60, 258, 306.72, 3.06, 6.24, 0.8916, -0.0006, -0.4488, 0.0606
13:50:21, 8.60, 258, 306.48, 3.12, 6.26, 0.8906, -0.0003, -0.4508, 0.0610
13:50:21, 8.63, 259, 306.18, 3.15, 6.27, 0.8894, -0.0003, -0.4531, 0.0611
13:50:21, 8.63, 259, 305.92, 3.17, 6.23, 0.8883, -0.0001, -0.4551, 0.0609
13:50:21, 8.67, 260, 305.65, 3.19, 6.14, 0.8873, 0.0003, -0.4572, 0.0603
13:50:21, 8.67, 260, 305.36, 3.23, 6.05, 0.8862, 0.0008, -0.4595, 0.0598
13:50:21, 8.70, 261, 305.09, 3.29, 6.02, 0.8851, 0.0013, -0.4616, 0.0598
13:50:21, 8.70, 261, 304.83, 3.37, 5.95, 0.8841, 0.0020, -0.4636, 0.0596
13:50:21, 8.70, 261, 304.57, 3.44, 5.96, 0.8829, 0.0024, -0.4657, 0.0599
13:50:21, 8.73, 262, 304.25, 3.55, 5.94, 0.8816, 0.0031, -0.4681, 0.0603
13:50:21, 8.73, 262, 303.95, 3.58, 5.87, 0.8804, 0.0035, -0.4704, 0.0598
13:50:21, 8.77, 263, 303.64, 3.64, 5.75, 0.8791, 0.0043, -0.4728, 0.0592
13:50:21, 8.77, 263, 303.38, 3.73, 5.65, 0.8781, 0.0053, -0.4748, 0.0588
13:50:21, 8.77, 263, 303.09, 3.79, 5.55, 0.8769, 0.0060, -0.4770, 0.0583
13:50:21, 8.80, 264, 302.82, 3.89, 5.48, 0.8758, 0.0070, -0.4791, 0.0582
13:50:21, 8.80, 264, 302.56, 3.99, 5.47, 0.8746, 0.0076, -0.4812, 0.0585
13:50:22, 8.83, 265, 302.34, 4.04, 5.38, 0.8737, 0.0082, -0.4828, 0.0581
13:50:22, 8.83, 265, 302.12, 4.07, 5.34, 0.8728, 0.0085, -0.4845, 0.0579
13:50:22, 8.87, 266, 301.94, 4.14, 5.28, 0.8720, 0.0092, -0.4859, 0.0578
13:50:22, 8.90, 267, 301.31, 4.15, 5.28, 0.8694, 0.0089, -0.4907, 0.0578
13:50:22, 8.90, 267, 301.06, 4.12, 5.25, 0.8683, 0.0088, -0.4926, 0.0575
13:50:22, 8.93, 268, 300.85, 4.09, 5.19, 0.8675, 0.0087, -0.4941, 0.0570
13:50:22, 8.93, 268, 300.63, 4.06, 5.13, 0.8665, 0.0086, -0.4958, 0.0563
13:50:22, 8.93, 268, 300.45, 4.07, 5.09, 0.8658, 0.0087, -0.4971, 0.0561
13:50:22, 8.97, 269, 300.26, 4.05, 5.13, 0.8649, 0.0084, -0.4986, 0.0564
13:50:22, 8.97, 269, 300.04, 4.02, 5.17, 0.8640, 0.0079, -0.5003, 0.0565
13:50:22, 9.00, 270, 299.86, 3.99, 5.15, 0.8633, 0.0076, -0.5016, 0.0563
13:50:22, 9.00, 270, 299.72, 3.91, 5.11, 0.8627, 0.0071, -0.5027, 0.0556
13:50:22, 9.03, 271, 299.63, 3.82, 5.08, 0.8623, 0.0065, -0.5033, 0.0550
13:50:22, 9.03, 271, 299.50, 3.81, 5.10, 0.8617, 0.0063, -0.5043, 0.0551
13:50:22, 9.03, 271, 299.38, 3.75, 5.10, 0.8613, 0.0058, -0.5052, 0.0549
13:50:22, 9.07, 272, 299.30, 3.68, 5.08, 0.8609, 0.0053, -0.5058, 0.0545
13:50:22, 9.07, 272, 299.22, 3.62, 5.07, 0.8606, 0.0049, -0.5064, 0.0541
13:50:22, 9.10, 273, 299.13, 3.56, 5.03, 0.8603, 0.0045, -0.5070, 0.0535
13:50:22, 9.10, 273, 299.04, 3.49, 4.97, 0.8599, 0.0042, -0.5077, 0.0528
13:50:22, 9.10, 273, 298.94, 3.43, 4.93, 0.8595, 0.0039, -0.5084, 0.0522
13:50:22, 9.13, 274, 298.81, 3.37, 4.88, 0.8590, 0.0036, -0.5093, 0.0516
13:50:22, 9.13, 274, 298.67, 3.32, 4.83, 0.8584, 0.0034, -0.5104, 0.0510
13:50:22, 9.17, 275, 298.52, 3.28, 4.76, 0.8578, 0.0033, -0.5115, 0.0503
13:50:22, 9.17, 275, 298.38, 3.28, 4.71, 0.8572, 0.0035, -0.5126, 0.0499
13:50:22, 9.20, 276, 298.22, 3.26, 4.62, 0.8565, 0.0037, -0.5137, 0.0492
13:50:22, 9.20, 276, 298.07, 3.27, 4.56, 0.8559, 0.0040, -0.5149, 0.0488
13:50:22, 9.20, 276, 297.95, 3.30, 4.53, 0.8553, 0.0043, -0.5158, 0.0486
13:50:22, 9.23, 277, 297.81, 3.31, 4.47, 0.8547, 0.0046, -0.5168, 0.0483
13:50:22, 9.23, 277, 297.68, 3.34, 4.42, 0.8541, 0.0050, -0.5178, 0.0480
13:50:22, 9.27, 278, 297.54, 3.36, 4.41, 0.8535, 0.0051, -0.5188, 0.0481
13:50:22, 9.27, 278, 297.42, 3.38, 4.40, 0.8530, 0.0053, -0.5197, 0.0481
13:50:22, 9.27, 278, 297.29, 3.41, 4.38, 0.8524, 0.0055, -0.5207, 0.0481
13:50:22, 9.30, 279, 297.16, 3.43, 4.34, 0.8518, 0.0058, -0.5216, 0.0479
13:50:22, 9.30, 279, 297.04, 3.44, 4.31, 0.8512, 0.0060, -0.5226, 0.0477
13:50:22, 9.33, 280, 296.90, 3.47, 4.27, 0.8506, 0.0063, -0.5236, 0.0476
13:50:22, 9.33, 280, 296.76, 3.51, 4.24, 0.8500, 0.0067, -0.5246, 0.0475
13:50:22, 9.37, 281, 296.65, 3.52, 4.21, 0.8495, 0.0069, -0.5254, 0.0473
13:50:22, 9.37, 281, 296.54, 3.56, 4.21, 0.8489, 0.0071, -0.5263, 0.0476
13:50:22, 9.37, 281, 296.41, 3.61, 4.21, 0.8483, 0.0074, -0.5272, 0.0477
13:50:22, 9.40, 282, 296.27, 3.65, 4.21, 0.8477, 0.0076, -0.5283, 0.0480
13:50:22, 9.40, 282, 296.15, 3.68, 4.21, 0.8471, 0.0079, -0.5292, 0.0481
13:50:22, 9.43, 283, 296.03, 3.73, 4.18, 0.8465, 0.0083, -0.5301, 0.0482
13:50:22, 9.43, 283, 295.89, 3.79, 4.18, 0.8459, 0.0087, -0.5311, 0.0484
13:50:22, 9.43, 283, 295.78, 3.87, 4.18, 0.8453, 0.0092, -0.5320, 0.0488
13:50:22, 9.47, 284, 295.65, 3.92, 4.18, 0.8447, 0.0095, -0.5329, 0.0490
13:50:22, 9.47, 284, 295.53, 3.97, 4.21, 0.8441, 0.0096, -0.5338, 0.0495
13:50:22, 9.50, 285, 295.40, 3.99, 4.26, 0.8435, 0.0096, -0.5348, 0.0500
13:50:22, 9.50, 285, 295.30, 4.04, 4.27, 0.8430, 0.0098, -0.5355, 0.0503
13:50:22, 9.53, 286, 295.18, 4.08, 4.30, 0.8424, 0.0100, -0.5363, 0.0507
13:50:22, 9.53, 286, 295.12, 4.11, 4.27, 0.8421, 0.0103, -0.5368, 0.0506
13:50:22, 9.53, 286, 295.05, 4.17, 4.25, 0.8418, 0.0107, -0.5373, 0.0508
13:50:22, 9.57, 287, 294.95, 4.23, 4.28, 0.8413, 0.0110, -0.5381, 0.0513
13:50:22, 9.57, 287, 294.90, 4.26, 4.31, 0.8410, 0.0111, -0.5384, 0.0517
13:50:22, 9.60, 288, 294.86, 4.29, 4.28, 0.8408, 0.0115, -0.5387, 0.0516
13:50:22, 9.60, 288, 294.84, 4.33, 4.25, 0.8407, 0.0119, -0.5389, 0.0515
13:50:22, 9.60, 288, 294.82, 4.37, 4.27, 0.8406, 0.0121, -0.5391, 0.0519
13:50:22, 9.63, 289, 294.78, 4.38, 4.30, 0.8404, 0.0120, -0.5394, 0.0521
13:50:22, 9.63, 289, 294.73, 4.42, 4.32, 0.8401, 0.0121, -0.5397, 0.0524
13:50:22, 9.67, 290, 294.70, 4.41, 4.32, 0.8400, 0.0120, -0.5400, 0.0524
13:50:22, 9.67, 290, 294.70, 4.41, 4.33, 0.8400, 0.0120, -0.5399, 0.0525
13:50:22, 9.70, 291, 294.66, 4.45, 4.34, 0.8397, 0.0122, -0.5403, 0.0528
13:50:22, 9.70, 291, 294.66, 4.48, 4.35, 0.8398, 0.0124, -0.5402, 0.0530
13:50:22, 9.70, 291, 294.66, 4.47, 4.35, 0.8397, 0.0123, -0.5403, 0.0530
13:50:22, 9.73, 292, 294.66, 4.46, 4.37, 0.8397, 0.0122, -0.5402, 0.0530
13:50:22, 9.73, 292, 294.67, 4.50, 4.38, 0.8398, 0.0124, -0.5402, 0.0533
13:50:22, 9.77, 293, 294.64, 4.50, 4.39, 0.8396, 0.0123, -0.5404, 0.0534
13:50:22, 9.77, 293, 294.65, 4.50, 4.39, 0.8397, 0.0124, -0.5403, 0.0534
13:50:22, 9.77, 293, 294.65, 4.52, 4.39, 0.8397, 0.0125, -0.5403, 0.0535
13:50:22, 9.80, 294, 294.67, 4.51, 4.38, 0.8398, 0.0125, -0.5402, 0.0533
13:50:22, 9.80, 294, 294.67, 4.52, 4.39, 0.8398, 0.0125, -0.5402, 0.0534
13:50:23, 9.83, 295, 294.68, 4.53, 4.39, 0.8398, 0.0126, -0.5401, 0.0535
13:50:23, 9.83, 295, 294.70, 4.55, 4.39, 0.8399, 0.0128, -0.5399, 0.0536
13:50:23, 9.87, 296, 294.72, 4.57, 4.39, 0.8400, 0.0129, -0.5398, 0.0537
13:50:23, 9.87, 296, 294.76, 4.59, 4.37, 0.8402, 0.0132, -0.5395, 0.0537
13:50:23, 9.87, 296, 294.80, 4.62, 4.36, 0.8403, 0.0135, -0.5393, 0.0537
13:50:23, 9.90, 297, 294.80, 4.64, 4.37, 0.8403, 0.0136, -0.5392, 0.0539
13:50:23, 9.90, 297, 294.82, 4.65, 4.36, 0.8404, 0.0137, -0.5391, 0.0539
13:50:23, 9.93, 298, 294.81, 4.68, 4.37, 0.8403, 0.0138, -0.5392, 0.0541
13:50:23, 9.93, 298, 294.83, 4.70, 4.37, 0.8404, 0.0140, -0.5390, 0.0541
13:50:23, 9.93, 298, 294.83, 4.71, 4.35, 0.8405, 0.0142, -0.5390, 0.0541
13:50:23, 9.97, 299, 294.86, 4.72, 4.34, 0.8406, 0.0143, -0.5388, 0.0541
13:50:23, 9.97, 299, 294.86, 4.75, 4.34, 0.8406, 0.0145, -0.5388, 0.0541
