Timestamp, VideoTime, VideoFrame, HeadYaw, HeadPitch, HeadRoll, HeadQuatW, HeadQuatX, HeadQuatY, HeadQuatZ
13:54:06, 0.00, 0, 12.04, 12.20, 2.56, 0.9889, 0.1080, 0.1019, 0.0110
13:54:06, 0.03, 1, 11.95, 12.25, 2.63, 0.9889, 0.1084, 0.1010, 0.0116
13:54:06, 0.03, 1, 11.86, 12.29, 2.65, 0.9889, 0.1089, 0.1003, 0.0118
13:54:06, 0.03, 1, 11.77, 12.32, 2.72, 0.9890, 0.1091, 0.0993, 0.0125
13:54:06, 0.07, 2, 11.63, 12.33, 2.75, 0.9891, 0.1092, 0.0982, 0.0128
13:54:06, 0.07, 2, 11.48, 12.36, 2.77, 0.9892, 0.1095, 0.0968, 0.0132
13:54:06, 0.10, 3, 11.34, 12.35, 2.79, 0.9893, 0.1094, 0.0956, 0.0134
13:54:06, 0.10, 3, 11.22, 12.37, 2.80, 0.9894, 0.1096, 0.0945, 0.0137
13:54:06, 0.10, 3, 11.05, 12.38, 2.81, 0.9895, 0.1096, 0.0931, 0.0139
13:54:06, 0.13, 4, 10.91, 12.36, 2.81, 0.9896, 0.1094, 0.0918, 0.0141
13:54:06, 0.13, 4, 10.73, 12.32, 2.77, 0.9898, 0.1091, 0.0904, 0.0139
13:54:06, 0.17, 5, 10.54, 12.27, 2.74, 0.9900, 0.1086, 0.0888, 0.0139
13:54:06, 0.17, 5, 10.33, 12.20, 2.72, 0.9902, 0.1079, 0.0870, 0.0139
13:54:06, 0.17, 5, 10.12, 12.09, 2.69, 0.9905, 0.1069, 0.0852, 0.0140
13:54:06, 0.20, 6, 9.91, 11.99, 2.69, 0.9908, 0.1060, 0.0835, 0.0142
13:54:06, 0.20, 6, 9.66, 11.87, 2.65, 0.9910, 0.1049, 0.0813, 0.0142
13:54:06, 0.23, 7, 9.44, 11.77, 2.61, 0.9913, 0.1040, 0.0795, 0.0142
13:54:06, 0.23, 7, 9.21, 11.66, 2.58, 0.9916, 0.1030, 0.0775, 0.0142
13:54:06, 0.27, 8, 9.00, 11.49, 2.59, 0.9918, 0.1015, 0.0758, 0.0145
13:54:06, 0.27, 8, 8.73, 11.27, 2.58, 0.9922, 0.0996, 0.0735, 0.0149
13:54:06, 0.27, 8, 8.47, 10.94, 2.58, 0.9926, 0.0967, 0.0714, 0.0153
13:54:06, 0.30, 9, 8.15, 10.57, 2.56, 0.9931, 0.0934, 0.0686, 0.0157
13:54:06, 0.30, 9, 7.85, 10.11, 2.57, 0.9937, 0.0894, 0.0662, 0.0162
13:54:06, 0.33, 10, 7.42, 9.63, 2.53, 0.9943, 0.0851, 0.0626, 0.0166
13:54:06, 0.33, 10, 7.02, 9.00, 2.48, 0.9949, 0.0796, 0.0594, 0.0167
13:54:06, 0.33, 10, 6.55, 8.20, 2.42, 0.9957, 0.0725, 0.0555, 0.0169
13:54:06, 0.37, 11, 6.00, 6.97, 2.26, 0.9967, 0.0617, 0.0510, 0.0165
13:54:06, 0.37, 11, 5.30, 5.56, 2.12, 0.9976, 0.0493, 0.0453, 0.0162
13:54:06, 0.40, 12, 4.66, 4.14, 2.10, 0.9984, 0.0368, 0.0400, 0.0169
13:54:06, 0.40, 12, 4.01, 2.81, 2.09, 0.9989, 0.0251, 0.0345, 0.0173
13:54:06, 0.43, 13, 3.48, 1.46, 2.11, 0.9993, 0.0133, 0.0301, 0.0180
13:54:06, 0.43, 13, 2.93, 0.19, 2.08, 0.9995, 0.0021, 0.0255, 0.0181
13:54:06, 0.43, 13, 2.39, 359.01, 2.08, 0.9996, -0.0083, 0.0210, 0.0183
13:54:06, 0.47, 14, 1.79, 357.97, 2.06, 0.9996, -0.0175, 0.0159, 0.0183
13:54:06, 0.47, 14, 1.17, 356.89, 2.23, 0.9994, -0.0269, 0.0108, 0.0197
13:54:06, 0.50, 15, 0.62, 356.07, 2.44, 0.9992, -0.0341, 0.0061, 0.0215
13:54:06, 0.50, 15, 0.03, 355.27, 2.56, 0.9989, -0.0412, 0.0012, 0.0223
13:54:06, 0.50, 15, 359.53, 354.49, 2.76, 0.9985, -0.0482, -0.0029, 0.0239
13:54:07, 0.53, 16, 358.98, 353.77, 2.83, 0.9982, -0.0546, -0.0076, 0.0242
13:54:07, 0.53, 16, 358.51, 353.09, 2.96, 0.9978, -0.0605, -0.0114, 0.0250
13:54:07, 0.57, 17, 357.99, 352.43, 3.05, 0.9973, -0.0665, -0.0158, 0.0254
13:54:07, 0.57, 17, 357.36, 351.54, 3.12, 0.9967, -0.0744, -0.0209, 0.0254
13:54:07, 0.60, 18, 356.73, 350.70, 3.18, 0.9960, -0.0818, -0.0262, 0.0253
13:54:07, 0.60, 18, 356.08, 349.90, 3.35, 0.9952, -0.0889, -0.0315, 0.0261
13:54:07, 0.60, 18, 355.41, 349.39, 3.47, 0.9946, -0.0935, -0.0371, 0.0264
13:54:07, 0.63, 19, 354.73, 348.98, 3.59, 0.9940, -0.0973, -0.0427, 0.0267
13:54:07, 0.63, 19, 354.08, 348.83, 3.73, 0.9936, -0.0988, -0.0482, 0.0274
13:54:07, 0.67, 20, 353.43, 348.64, 3.89, 0.9931, -0.1007, -0.0537, 0.0281
13:54:07, 0.67, 20, 352.75, 348.45, 4.00, 0.9925, -0.1026, -0.0594, 0.0283
13:54:07, 0.67, 20, 352.04, 348.27, 4.14, 0.9920, -0.1044, -0.0653, 0.0287
13:54:07, 0.70, 21, 351.37, 348.04, 4.26, 0.9913, -0.1066, -0.0709, 0.0290
13:54:07, 0.70, 21, 350.65, 347.92, 4.37, 0.9907, -0.1079, -0.0770, 0.0292
13:54:07, 0.73, 22, 349.99, 347.89, 4.47, 0.9902, -0.1084, -0.0826, 0.0295
13:54:07, 0.73, 22, 349.40, 347.86, 4.54, 0.9897, -0.1088, -0.0877, 0.0294
13:54:07, 0.77, 23, 348.62, 347.80, 4.57, 0.9891, -0.1095, -0.0943, 0.0289
13:54:07, 0.77, 23, 347.87, 347.69, 4.61, 0.9883, -0.1108, -0.1007, 0.0285
13:54:07, 0.77, 23, 347.06, 347.55, 4.62, 0.9875, -0.1122, -0.1076, 0.0276
13:54:07, 0.80, 24, 346.05, 347.47, 4.61, 0.9864, -0.1131, -0.1162, 0.0264
13:54:07, 0.80, 24, 345.02, 347.56, 4.58, 0.9854, -0.1125, -0.1252, 0.0253
13:54:07, 0.83, 25, 344.01, 347.71, 4.55, 0.9844, -0.1114, -0.1339, 0.0242
13:54:07, 0.83, 25, 342.99, 347.81, 4.51, 0.9833, -0.1107, -0.1428, 0.0230
13:54:07, 0.83, 25, 341.92, 348.00, 4.55, 0.9820, -0.1094, -0.1520, 0.0226
13:54:07, 0.87, 26, 340.98, 348.12, 4.60, 0.9809, -0.1085, -0.1601, 0.0223
13:54:07, 0.87, 26, 339.99, 348.08, 4.67, 0.9794, -0.1092, -0.1685, 0.0219
13:54:07, 0.90, 27, 338.97, 347.94, 4.88, 0.9777, -0.1109, -0.1769, 0.0225
13:54:07, 0.90, 27, 338.06, 347.87, 5.03, 0.9762, -0.1119, -0.1845, 0.0227
13:54:07, 0.93, 28, 337.12, 347.83, 5.21, 0.9746, -0.1127, -0.1923, 0.0233
13:54:07, 0.93, 28, 336.12, 347.86, 5.29, 0.9729, -0.1128, -0.2007, 0.0231
13:54:07, 0.93, 28, 335.19, 347.89, 5.40, 0.9712, -0.1130, -0.2085, 0.0231
13:54:07, 0.97, 29, 334.34, 347.95, 5.42, 0.9697, -0.1126, -0.2158, 0.0225
13:54:07, 0.97, 29, 333.46, 348.00, 5.50, 0.9680, -0.1126, -0.2232, 0.0224
13:54:07, 1.00, 30, 332.57, 348.09, 5.49, 0.9663, -0.1120, -0.2307, 0.0217
13:54:07, 1.00, 30, 331.54, 347.99, 5.51, 0.9641, -0.1130, -0.2393, 0.0207
13:54:07, 1.00, 30, 330.51, 347.92, 5.51, 0.9619, -0.1138, -0.2480, 0.0195
13:54:07, 1.03, 31, 329.50, 347.92, 5.45, 0.9597, -0.1139, -0.2565, 0.0179
13:54:07, 1.03, 31, 328.46, 347.95, 5.39, 0.9573, -0.1136, -0.2652, 0.0165
13:54:07, 1.07, 32, 327.45, 348.10, 5.30, 0.9551, -0.1123, -0.2739, 0.0151
13:54:07, 1.07, 32, 326.37, 348.19, 5.27, 0.9525, -0.1116, -0.2829, 0.0140
13:54:07, 1.10, 33, 325.32, 348.29, 5.20, 0.9500, -0.1107, -0.2918, 0.0127
13:54:07, 1.10, 33, 324.21, 348.40, 5.13, 0.9472, -0.1097, -0.3011, 0.0113
13:54:07, 1.10, 33, 323.12, 348.56, 5.07, 0.9444, -0.1084, -0.3102, 0.0102
13:54:07, 1.13, 34, 322.05, 348.75, 5.00, 0.9416, -0.1067, -0.3192, 0.0092
13:54:07, 1.13, 34, 320.94, 348.85, 4.96, 0.9385, -0.1058, -0.3284, 0.0081
13:54:07, 1.17, 35, 319.90, 348.94, 4.87, 0.9356, -0.1050, -0.3371, 0.0067
13:54:07, 1.17, 35, 318.83, 349.10, 4.76, 0.9325, -0.1034, -0.3460, 0.0053
13:54:07, 1.17, 35, 317.84, 349.23, 4.69, 0.9296, -0.1021, -0.3542, 0.0043
13:54:07, 1.20, 36, 316.78, 349.34, 4.55, 0.9263, -0.1009, -0.3630, 0.0025
13:54:07, 1.20, 36, 315.84, 349.40, 4.45, 0.9234, -0.1001, -0.3707, 0.0011
13:54:07, 1.23, 37, 314.95, 349.46, 4.38, 0.9205, -0.0994, -0.3780, 0.0000
13:54:07, 1.23, 37, 314.24, 349.50, 4.36, 0.9181, -0.0990, -0.3837, -0.0007
13:54:07, 1.27, 38, 313.58, 349.56, 4.25, 0.9160, -0.0981, -0.3891, -0.0019
13:54:07, 1.27, 38, 313.02, 349.68, 4.18, 0.9141, -0.0969, -0.3937, -0.0025
13:54:07, 1.27, 38, 312.58, 349.73, 4.11, 0.9126, -0.0962, -0.3973, -0.0033
13:54:07, 1.30, 39, 312.21, 349.84, 3.98, 0.9114, -0.0949, -0.4004, -0.0042
13:54:07, 1.30, 39, 311.90, 349.89, 3.93, 0.9103, -0.0944, -0.4030, -0.0047
13:54:07, 1.33, 40, 311.75, 349.92, 3.72, 0.9098, -0.0934, -0.4043, -0.0064
13:54:07, 1.33, 40, 311.68, 349.88, 3.70, 0.9095, -0.0936, -0.4049, -0.0067
13:54:07, 1.33, 40, 311.75, 349.92, 3.62, 0.9098, -0.0930, -0.4044, -0.0072
13:54:07, 1.37, 41, 311.90, 350.00, 3.63, 0.9104, -0.0924, -0.4032, -0.0067
13:54:07, 1.37, 41, 312.08, 350.15, 3.76, 0.9111, -0.0917, -0.4018, -0.0050
13:54:07, 1.40, 42, 312.27, 350.37, 3.92, 0.9119, -0.0905, -0.4003, -0.0028
13:54:07, 1.40, 42, 312.42, 350.69, 4.12, 0.9126, -0.0887, -0.3991, 0.0001
13:54:07, 1.43, 43, 312.65, 351.02, 4.24, 0.9136, -0.0865, -0.3974, 0.0024
13:54:07, 1.43, 43, 312.89, 351.38, 4.31, 0.9146, -0.0838, -0.3956, 0.0043
13:54:07, 1.43, 43, 313.13, 351.70, 4.37, 0.9155, -0.0814, -0.3939, 0.0061
13:54:07, 1.47, 44, 313.36, 351.90, 4.36, 0.9164, -0.0799, -0.3921, 0.0069
13:54:07, 1.47, 44, 313.56, 351.94, 4.35, 0.9171, -0.0794, -0.3906, 0.0071
13:54:07, 1.50, 45, 313.76, 351.97, 4.42, 0.9178, -0.0795, -0.3889, 0.0079
13:54:07, 1.50, 45, 313.96, 352.04, 4.50, 0.9185, -0.0792, -0.3873, 0.0089
13:54:08, 1.50, 45, 314.14, 352.21, 4.59, 0.9192, -0.0781, -0.3858, 0.0104
13:54:08, 1.53, 46, 314.37, 352.47, 4.63, 0.9200, -0.0762, -0.3842, 0.0117
13:54:08, 1.53, 46, 314.55, 352.62, 4.64, 0.9207, -0.0749, -0.3828, 0.0124
13:54:08, 1.57, 47, 314.76, 352.67, 4.62, 0.9214, -0.0744, -0.3812, 0.0126
13:54:08, 1.57, 47, 314.95, 352.63, 4.57, 0.9220, -0.0746, -0.3797, 0.0122
13:54:08, 1.60, 48, 315.13, 352.55, 4.53, 0.9226, -0.0750, -0.3782, 0.0117
13:54:08, 1.60, 48, 315.35, 352.54, 4.56, 0.9233, -0.0752, -0.3764, 0.0120
13:54:08, 1.60, 48, 315.62, 352.55, 4.56, 0.9242, -0.0751, -0.3742, 0.0122
13:54:08, 1.63, 49, 315.91, 352.63, 4.61, 0.9252, -0.0746, -0.3719, 0.0131
13:54:08, 1.63, 49, 316.31, 352.72, 4.71, 0.9265, -0.0741, -0.3686, 0.0145
13:54:08, 1.67, 50, 316.80, 352.78, 4.81, 0.9281, -0.0739, -0.3646, 0.0158
13:54:08, 1.67, 50, 317.38, 352.79, 4.91, 0.9299, -0.0740, -0.3599, 0.0170
13:54:08, 1.67, 50, 318.11, 352.68, 4.99, 0.9321, -0.0750, -0.3538, 0.0178
13:54:08, 1.70, 51, 319.13, 352.46, 5.08, 0.9351, -0.0770, -0.3453, 0.0186
13:54:08, 1.70, 51, 320.29, 352.22, 5.20, 0.9385, -0.0791, -0.3356, 0.0196
13:54:08, 1.73, 52, 321.73, 352.00, 5.28, 0.9425, -0.0809, -0.3236, 0.0206
13:54:08, 1.73, 52, 323.56, 351.73, 5.41, 0.9474, -0.0831, -0.3083, 0.0222
13:54:08, 1.77, 53, 325.47, 351.54, 5.60, 0.9523, -0.0848, -0.2922, 0.0247
13:54:08, 1.77, 53, 327.47, 351.34, 5.86, 0.9571, -0.0867, -0.2752, 0.0278
13:54:08, 1.77, 53, 329.54, 351.13, 6.04, 0.9617, -0.0883, -0.2576, 0.0304
13:54:08, 1.80, 54, 331.60, 350.90, 6.24, 0.9660, -0.0901, -0.2400, 0.0332
13:54:08, 1.80, 54, 333.63, 350.54, 6.31, 0.9699, -0.0927, -0.2226, 0.0346
13:54:08, 1.83, 55, 335.55, 350.10, 6.32, 0.9732, -0.0959, -0.2060, 0.0354
13:54:08, 1.83, 55, 337.40, 349.71, 6.17, 0.9762, -0.0983, -0.1902, 0.0350
13:54:08, 1.83, 55, 339.14, 349.35, 6.03, 0.9788, -0.1007, -0.1752, 0.0347
13:54:08, 1.87, 56, 340.86, 349.01, 5.90, 0.9811, -0.1028, -0.1604, 0.0346
13:54:08, 1.87, 56, 342.49, 348.80, 5.66, 0.9832, -0.1039, -0.1465, 0.0338
13:54:08, 1.90, 57, 343.99, 348.58, 5.47, 0.9849, -0.1050, -0.1337, 0.0332
13:54:08, 1.90, 57, 345.55, 348.37, 5.27, 0.9865, -0.1062, -0.1204, 0.0327
13:54:08, 1.93, 58, 346.89, 348.35, 5.19, 0.9878, -0.1059, -0.1089, 0.0331
13:54:08, 1.93, 58, 348.10, 348.33, 5.14, 0.9889, -0.1056, -0.0985, 0.0339
13:54:08, 1.93, 58, 349.22, 348.46, 5.12, 0.9900, -0.1041, -0.0889, 0.0348
13:54:08, 1.97, 59, 350.24, 348.64, 5.00, 0.9909, -0.1022, -0.0803, 0.0348
13:54:08, 1.97, 59, 351.26, 348.81, 4.78, 0.9918, -0.1003, -0.0717, 0.0340
13:54:08, 2.00, 60, 352.30, 349.05, 4.53, 0.9927, -0.0978, -0.0630, 0.0329
13:54:08, 2.00, 60, 353.24, 349.21, 4.25, 0.9934, -0.0960, -0.0551, 0.0313
13:54:08, 2.03, 61, 353.95, 349.42, 4.07, 0.9939, -0.0939, -0.0492, 0.0304
13:54:08, 2.03, 61, 354.65, 349.50, 3.81, 0.9943, -0.0929, -0.0434, 0.0288
13:54:08, 2.03, 61, 355.22, 349.67, 3.54, 0.9947, -0.0912, -0.0387, 0.0270
13:54:08, 2.07, 62, 355.67, 349.78, 3.33, 0.9950, -0.0901, -0.0350, 0.0255
13:54:08, 2.07, 62, 356.08, 349.84, 3.06, 0.9952, -0.0894, -0.0317, 0.0236
13:54:08, 2.10, 63, 356.44, 349.91, 2.89, 0.9954, -0.0886, -0.0287, 0.0224
13:54:08, 2.10, 63, 356.70, 350.00, 2.69, 0.9956, -0.0877, -0.0266, 0.0209
13:54:08, 2.10, 63, 356.92, 350.11, 2.59, 0.9957, -0.0868, -0.0248, 0.0202
13:54:08, 2.13, 64, 357.13, 350.33, 2.45, 0.9959, -0.0848, -0.0232, 0.0192
13:54:08, 2.13, 64, 357.30, 350.46, 2.28, 0.9961, -0.0836, -0.0218, 0.0179
13:54:08, 2.17, 65, 357.48, 350.65, 2.18, 0.9963, -0.0819, -0.0203, 0.0171
13:54:08, 2.17, 65, 357.61, 350.91, 2.04, 0.9965, -0.0796, -0.0193, 0.0161
13:54:08, 2.17, 65, 357.71, 351.13, 1.92, 0.9967, -0.0776, -0.0186, 0.0151
13:54:08, 2.20, 66, 357.77, 351.38, 1.86, 0.9969, -0.0755, -0.0181, 0.0147
13:54:08, 2.20, 66, 357.80, 351.63, 1.80, 0.9971, -0.0732, -0.0180, 0.0142
13:54:08, 2.23, 67, 357.81, 351.86, 1.70, 0.9972, -0.0712, -0.0180, 0.0135
13:54:08, 2.23, 67, 357.86, 352.15, 1.63, 0.9974, -0.0687, -0.0177, 0.0129
13:54:08, 2.27, 68, 357.89, 352.42, 1.52, 0.9976, -0.0663, -0.0175, 0.0120
13:54:08, 2.27, 68, 357.89, 352.68, 1.48, 0.9977, -0.0641, -0.0175, 0.0117
13:54:08, 2.27, 68, 357.89, 352.96, 1.44, 0.9979, -0.0616, -0.0176, 0.0114
13:54:08, 2.30, 69, 357.84, 353.23, 1.38, 0.9980, -0.0593, -0.0181, 0.0109
13:54:08, 2.30, 69, 357.84, 353.51, 1.33, 0.9982, -0.0568, -0.0182, 0.0105
13:54:08, 2.33, 70, 357.79, 353.79, 1.27, 0.9983, -0.0544, -0.0187, 0.0100
13:54:08, 2.33, 70, 357.78, 354.05, 1.20, 0.9984, -0.0521, -0.0188, 0.0095
13:54:08, 2.33, 70, 357.76, 354.33, 1.10, 0.9985, -0.0497, -0.0191, 0.0087
13:54:08, 2.37, 71, 357.76, 354.58, 1.05, 0.9987, -0.0474, -0.0191, 0.0082
13:54:08, 2.37, 71, 357.73, 354.87, 1.01, 0.9988, -0.0449, -0.0194, 0.0079
13:54:08, 2.40, 72, 357.73, 355.13, 0.99, 0.9989, -0.0427, -0.0194, 0.0078
13:54:08, 2.40, 72, 357.70, 355.41, 0.98, 0.9990, -0.0402, -0.0197, 0.0078
13:54:08, 2.43, 73, 357.67, 355.71, 0.97, 0.9991, -0.0376, -0.0200, 0.0077
13:54:08, 2.43, 73, 357.62, 356.08, 1.00, 0.9992, -0.0343, -0.0204, 0.0080
13:54:08, 2.43, 73, 357.56, 356.43, 1.04, 0.9993, -0.0314, -0.0210, 0.0084
13:54:08, 2.47, 74, 357.49, 356.81, 1.04, 0.9993, -0.0281, -0.0216, 0.0084
13:54:08, 2.47, 74, 357.46, 357.28, 0.94, 0.9994, -0.0239, -0.0220, 0.0077
13:54:08, 2.50, 75, 357.42, 357.77, 0.87, 0.9995, -0.0196, -0.0224, 0.0071
13:54:08, 2.50, 75, 357.38, 358.27, 0.85, 0.9996, -0.0153, -0.0227, 0.0071
13:54:09, 2.50, 75, 357.32, 358.77, 0.80, 0.9996, -0.0109, -0.0233, 0.0067
13:54:09, 2.53, 76, 357.27, 359.31, 0.79, 0.9997, -0.0062, -0.0238, 0.0067
13:54:09, 2.53, 76, 357.18, 359.82, 0.81, 0.9997, -0.0017, -0.0246, 0.0070
13:54:09, 2.57, 77, 357.11, 0.43, 0.74, 0.9997, 0.0036, -0.0252, 0.0066
13:54:09, 2.57, 77, 357.05, 1.03, 0.72, 0.9996, 0.0088, -0.0258, 0.0065
13:54:09, 2.60, 78, 356.97, 1.64, 0.55, 0.9995, 0.0142, -0.0265, 0.0052
13:54:09, 2.60, 78, 357.00, 2.22, 0.46, 0.9995, 0.0193, -0.0262, 0.0045
13:54:09, 2.60, 78, 356.98, 2.79, 0.37, 0.9993, 0.0243, -0.0264, 0.0039
13:54:09, 2.63, 79, 356.97, 3.30, 0.32, 0.9992, 0.0287, -0.0266, 0.0036
13:54:09, 2.63, 79, 357.00, 3.81, 0.28, 0.9991, 0.0332, -0.0262, 0.0033
13:54:09, 2.67, 80, 356.99, 4.30, 0.24, 0.9989, 0.0374, -0.0263, 0.0031
13:54:09, 2.67, 80, 357.05, 4.74, 0.21, 0.9988, 0.0413, -0.0258, 0.0029
13:54:09, 2.67, 80, 357.08, 5.26, 0.20, 0.9986, 0.0458, -0.0255, 0.0029
13:54:09, 2.70, 81, 357.25, 5.67, 0.07, 0.9985, 0.0494, -0.0240, 0.0018
13:54:09, 2.70, 81, 357.47, 6.16, 0.09, 0.9983, 0.0537, -0.0221, 0.0020
13:54:09, 2.73, 82, 357.77, 6.61, 0.04, 0.9981, 0.0577, -0.0195, 0.0015
13:54:09, 2.73, 82, 358.05, 7.02, 0.13, 0.9980, 0.0612, -0.0171, 0.0022
13:54:09, 2.77, 83, 358.42, 7.41, 0.24, 0.9978, 0.0646, -0.0139, 0.0030
13:54:09, 2.77, 83, 358.77, 7.75, 0.35, 0.9976, 0.0676, -0.0109, 0.0038
13:54:09, 2.77, 83, 359.12, 8.11, 0.48, 0.9975, 0.0707, -0.0080, 0.0047
13:54:09, 2.80, 84, 359.45, 8.42, 0.55, 0.9973, 0.0734, -0.0052, 0.0052
13:54:09, 2.80, 84, 359.78, 8.73, 0.65, 0.9971, 0.0761, -0.0024, 0.0058
13:54:09, 2.83, 85, 0.07, 9.08, 0.67, 0.9968, 0.0791, 0.0002, 0.0058
13:54:09, 2.83, 85, 0.33, 9.35, 0.68, 0.9966, 0.0816, 0.0024, 0.0057
13:54:09, 2.83, 85, 0.56, 9.55, 0.71, 0.9965, 0.0833, 0.0043, 0.0058
13:54:09, 2.87, 86, 0.76, 9.70, 0.76, 0.9964, 0.0846, 0.0060, 0.0060
13:54:09, 2.87, 86, 1.00, 9.88, 0.79, 0.9962, 0.0862, 0.0081, 0.0061
13:54:09, 2.90, 87, 1.12, 10.02, 0.81, 0.9961, 0.0874, 0.0091, 0.0062
13:54:09, 2.93, 88, 1.48, 10.34, 0.85, 0.9958, 0.0902, 0.0122, 0.0062
13:54:09, 2.93, 88, 1.59, 10.46, 0.87, 0.9957, 0.0913, 0.0131, 0.0063
13:54:09, 2.97, 89, 1.67, 10.58, 0.90, 0.9956, 0.0923, 0.0138, 0.0065
13:54:09, 2.97, 89, 1.73, 10.66, 0.92, 0.9955, 0.0930, 0.0143, 0.0066
13:54:09, 3.00, 90, 1.80, 10.73, 0.95, 0.9955, 0.0936, 0.0149, 0.0067
13:54:09, 3.00, 90, 1.89, 10.81, 0.96, 0.9954, 0.0943, 0.0157, 0.0068
13:54:09, 3.00, 90, 1.99, 10.91, 0.97, 0.9953, 0.0952, 0.0165, 0.0068
13:54:09, 3.03, 91, 2.08, 10.98, 0.98, 0.9952, 0.0958, 0.0172, 0.0067
13:54:09, 3.03, 91, 2.19, 11.09, 0.99, 0.9951, 0.0968, 0.0181, 0.0068
13:54:09, 3.07, 92, 2.28, 11.20, 1.03, 0.9950, 0.0977, 0.0189, 0.0070
13:54:09, 3.07, 92, 2.38, 11.33, 1.05, 0.9949, 0.0989, 0.0197, 0.0071
13:54:09, 3.10, 93, 2.49, 11.46, 1.06, 0.9948, 0.1000, 0.0207, 0.0070
13:54:09, 3.10, 93, 2.59, 11.61, 1.05, 0.9946, 0.1013, 0.0216, 0.0069
13:54:09, 3.10, 93, 2.72, 11.72, 1.04, 0.9945, 0.1023, 0.0227, 0.0066
13:54:09, 3.13, 94, 2.83, 11.82, 1.05, 0.9944, 0.1031, 0.0236, 0.0066
13:54:09, 3.13, 94, 2.93, 11.91, 1.05, 0.9943, 0.1040, 0.0245, 0.0065
13:54:09, 3.17, 95, 3.05, 11.97, 1.05, 0.9942, 0.1045, 0.0255, 0.0064
13:54:09, 3.17, 95, 3.14, 12.04, 1.04, 0.9941, 0.1051, 0.0263, 0.0062
13:54:09, 3.17, 95, 3.26, 12.09, 1.06, 0.9940, 0.1055, 0.0273, 0.0062
13:54:09, 3.20, 96, 3.35, 12.13, 1.04, 0.9940, 0.1059, 0.0281, 0.0059
13:54:09, 3.20, 96, 3.46, 12.17, 1.02, 0.9939, 0.1062, 0.0291, 0.0056
13:54:09, 3.23, 97, 3.55, 12.20, 1.01, 0.9938, 0.1065, 0.0299, 0.0054
13:54:09, 3.23, 97, 3.66, 12.25, 1.04, 0.9938, 0.1069, 0.0308, 0.0056
13:54:09, 3.27, 98, 3.73, 12.28, 1.04, 0.9937, 0.1072, 0.0314, 0.0056
13:54:09, 3.27, 98, 3.79, 12.28, 1.05, 0.9937, 0.1072, 0.0319, 0.0056
13:54:09, 3.27, 98, 3.85, 12.30, 1.02, 0.9937, 0.1073, 0.0324, 0.0053
13:54:09, 3.30, 99, 3.88, 12.30, 1.00, 0.9937, 0.1073, 0.0328, 0.0051
13:54:09, 3.30, 99, 3.91, 12.33, 0.98, 0.9936, 0.1076, 0.0330, 0.0049
13:54:09, 3.33, 100, 3.98, 12.34, 0.96, 0.9936, 0.1077, 0.0336, 0.0046
13:54:09, 3.33, 100, 4.01, 12.37, 0.95, 0.9936, 0.1080, 0.0339, 0.0044
13:54:09, 3.33, 100, 4.03, 12.40, 0.93, 0.9935, 0.1082, 0.0341, 0.0042
13:54:09, 3.37, 101, 4.08, 12.42, 0.92, 0.9935, 0.1084, 0.0346, 0.0041
13:54:09, 3.37, 101, 4.12, 12.47, 0.91, 0.9934, 0.1088, 0.0349, 0.0040
13:54:09, 3.40, 102, 4.15, 12.50, 0.92, 0.9934, 0.1091, 0.0351, 0.0040
13:54:09, 3.40, 102, 4.19, 12.55, 0.92, 0.9933, 0.1095, 0.0354, 0.0040
13:54:09, 3.43, 103, 4.20, 12.60, 0.93, 0.9933, 0.1099, 0.0355, 0.0040
13:54:09, 3.43, 103, 4.23, 12.63, 0.92, 0.9933, 0.1102, 0.0358, 0.0039
13:54:09, 3.43, 103, 4.27, 12.68, 0.88, 0.9932, 0.1106, 0.0362, 0.0035
13:54:09, 3.47, 104, 4.29, 12.68, 0.87, 0.9932, 0.1107, 0.0364, 0.0034
13:54:09, 3.47, 104, 4.33, 12.71, 0.87, 0.9932, 0.1109, 0.0367, 0.0033
13:54:09, 3.50, 105, 4.38, 12.77, 0.87, 0.9931, 0.1114, 0.0371, 0.0033
13:54:09, 3.50, 105, 4.43, 12.80, 0.87, 0.9930, 0.1116, 0.0376, 0.0033
13:54:10, 3.50, 105, 4.46, 12.87, 0.92, 0.9929, 0.1123, 0.0378, 0.0036
13:54:10, 3.53, 106, 4.50, 12.90, 0.95, 0.9929, 0.1126, 0.0381, 0.0038
13:54:10, 3.53, 106, 4.55, 12.99, 0.96, 0.9928, 0.1134, 0.0385, 0.0038
13:54:10, 3.57, 107, 4.55, 13.05, 0.97, 0.9927, 0.1139, 0.0385, 0.0039
13:54:10, 3.57, 107, 4.58, 13.19, 1.00, 0.9926, 0.1151, 0.0387, 0.0041
13:54:10, 3.60, 108, 4.58, 13.33, 1.03, 0.9925, 0.1163, 0.0386, 0.0043
13:54:10, 3.60, 108, 4.58, 13.51, 1.07, 0.9923, 0.1179, 0.0386, 0.0046
13:54:10, 3.60, 108, 4.53, 13.72, 1.12, 0.9921, 0.1198, 0.0380, 0.0049
13:54:10, 3.63, 109, 4.50, 14.01, 1.20, 0.9918, 0.1223, 0.0377, 0.0056
13:54:10, 3.63, 109, 4.42, 14.30, 1.28, 0.9915, 0.1248, 0.0369, 0.0062
13:54:10, 3.67, 110, 4.34, 14.69, 1.28, 0.9911, 0.1282, 0.0361, 0.0062
13:54:10, 3.67, 110, 4.31, 15.07, 1.28, 0.9907, 0.1315, 0.0358, 0.0061
13:54:10, 3.67, 110, 4.26, 15.45, 1.26, 0.9902, 0.1347, 0.0353, 0.0059
13:54:10, 3.70, 111, 4.24, 15.86, 1.26, 0.9898, 0.1382, 0.0351, 0.0058
13:54:10, 3.70, 111, 4.23, 16.26, 1.31, 0.9893, 0.1417, 0.0349, 0.0061
13:54:10, 3.73, 112, 4.23, 16.62, 1.28, 0.9888, 0.1449, 0.0349, 0.0057
13:54:10, 3.73, 112, 4.36, 17.12, 1.25, 0.9882, 0.1491, 0.0360, 0.0051
13:54:10, 3.77, 113, 4.76, 17.49, 1.30, 0.9875, 0.1524, 0.0393, 0.0049
13:54:10, 3.77, 113, 5.42, 17.83, 1.46, 0.9868, 0.1554, 0.0448, 0.0052
13:54:10, 3.77, 113, 6.09, 18.17, 1.59, 0.9861, 0.1584, 0.0503, 0.0053
13:54:10, 3.80, 114, 6.84, 18.47, 1.77, 0.9853, 0.1611, 0.0564, 0.0056
13:54:10, 3.80, 114, 7.57, 18.80, 1.83, 0.9845, 0.1640, 0.0625, 0.0050
13:54:10, 3.83, 115, 8.38, 19.06, 1.95, 0.9836, 0.1663, 0.0693, 0.0046
13:54:10, 3.83, 115, 9.14, 19.35, 2.06, 0.9827, 0.1689, 0.0755, 0.0043
13:54:10, 3.83, 115, 9.79, 19.62, 2.05, 0.9819, 0.1713, 0.0810, 0.0030
13:54:10, 3.87, 116, 10.65, 19.72, 2.09, 0.9811, 0.1721, 0.0883, 0.0020
13:54:10, 3.87, 116, 11.60, 19.74, 2.15, 0.9803, 0.1724, 0.0963, 0.0011
13:54:10, 3.90, 117, 12.75, 19.66, 2.35, 0.9794, 0.1719, 0.1059, 0.0011
13:54:10, 3.90, 117, 13.94, 19.56, 2.57, 0.9784, 0.1712, 0.1158, 0.0013
13:54:10, 3.93, 118, 15.19, 19.49, 2.70, 0.9772, 0.1708, 0.1262, 0.0007
13:54:10, 3.93, 118, 16.48, 19.41, 2.85, 0.9758, 0.1703, 0.1370, 0.0001
13:54:10, 3.93, 118, 17.66, 19.43, 2.98, 0.9743, 0.1706, 0.1469, -0.0005
13:54:10, 3.97, 119, 18.83, 19.47, 3.16, 0.9727, 0.1712, 0.1566, -0.0009
13:54:10, 3.97, 119, 19.85, 19.60, 3.27, 0.9711, 0.1724, 0.1650, -0.0016
13:54:10, 4.00, 120, 20.87, 19.67, 3.37, 0.9695, 0.1732, 0.1734, -0.0024
13:54:10, 4.00, 120, 21.88, 19.72, 3.50, 0.9679, 0.1738, 0.1818, -0.0030
13:54:10, 4.03, 121, 22.88, 19.69, 3.57, 0.9663, 0.1736, 0.1901, -0.0038
13:54:10, 4.03, 121, 24.08, 19.66, 3.75, 0.9643, 0.1736, 0.1999, -0.0041
13:54:10, 4.03, 121, 25.41, 19.56, 3.87, 0.9621, 0.1729, 0.2110, -0.0049
13:54:10, 4.07, 122, 26.87, 19.45, 4.11, 0.9594, 0.1724, 0.2230, -0.0049
13:54:10, 4.07, 122, 28.30, 19.38, 4.31, 0.9567, 0.1722, 0.2347, -0.0052
13:54:10, 4.10, 123, 29.64, 19.37, 4.53, 0.9539, 0.1724, 0.2455, -0.0053
13:54:10, 4.10, 123, 30.86, 19.39, 4.71, 0.9512, 0.1730, 0.2554, -0.0057
13:54:10, 4.10, 123, 31.95, 19.47, 4.83, 0.9487, 0.1738, 0.2642, -0.0066
13:54:10, 4.13, 124, 33.02, 19.42, 5.00, 0.9462, 0.1738, 0.2728, -0.0066
13:54:10, 4.13, 124, 34.08, 19.43, 5.07, 0.9436, 0.1740, 0.2815, -0.0077
13:54:10, 4.17, 125, 35.05, 19.30, 5.15, 0.9414, 0.1730, 0.2894, -0.0082
13:54:10, 4.17, 125, 35.92, 19.28, 5.24, 0.9392, 0.1731, 0.2964, -0.0087
13:54:10, 4.17, 125, 36.70, 19.28, 5.30, 0.9372, 0.1732, 0.3027, -0.0094
13:54:10, 4.20, 126, 37.48, 19.28, 5.40, 0.9351, 0.1734, 0.3089, -0.0098
13:54:10, 4.20, 126, 38.24, 19.27, 5.43, 0.9331, 0.1732, 0.3151, -0.0106
13:54:10, 4.23, 127, 38.96, 19.31, 5.54, 0.9310, 0.1738, 0.3207, -0.0110
13:54:10, 4.23, 127, 39.66, 19.30, 5.55, 0.9291, 0.1737, 0.3264, -0.0119
13:54:10, 4.27, 128, 40.39, 19.26, 5.65, 0.9270, 0.1736, 0.3322, -0.0121
13:54:10, 4.27, 128, 41.13, 19.29, 5.71, 0.9248, 0.1740, 0.3380, -0.0128
13:54:10, 4.27, 128, 41.90, 19.32, 5.75, 0.9225, 0.1742, 0.3442, -0.0137
13:54:10, 4.30, 129, 42.73, 19.19, 5.76, 0.9201, 0.1731, 0.3509, -0.0145
13:54:10, 4.30, 129, 43.60, 19.10, 5.82, 0.9176, 0.1724, 0.3580, -0.0150
13:54:10, 4.33, 130, 44.54, 19.05, 5.88, 0.9147, 0.1721, 0.3654, -0.0158
13:54:10, 4.33, 130, 45.46, 19.00, 5.94, 0.9118, 0.1718, 0.3727, -0.0166
13:54:10, 4.33, 130, 46.43, 18.97, 5.96, 0.9086, 0.1715, 0.3804, -0.0177
13:54:10, 4.37, 131, 47.43, 18.92, 5.96, 0.9053, 0.1709, 0.3884, -0.0191
13:54:10, 4.37, 131, 48.47, 18.84, 5.86, 0.9018, 0.1698, 0.3968, -0.0211
13:54:10, 4.40, 132, 49.54, 18.65, 5.83, 0.8983, 0.1680, 0.4054, -0.0222
13:54:10, 4.40, 132, 50.66, 18.44, 5.89, 0.8945, 0.1663, 0.4143, -0.0226
13:54:10, 4.43, 133, 51.75, 18.20, 5.88, 0.8908, 0.1642, 0.4231, -0.0234
13:54:10, 4.43, 133, 53.01, 17.93, 5.80, 0.8864, 0.1615, 0.4332, -0.0247
13:54:10, 4.43, 133, 54.38, 17.56, 5.79, 0.8815, 0.1584, 0.4442, -0.0253
13:54:10, 4.47, 134, 55.94, 17.05, 5.91, 0.8759, 0.1547, 0.4565, -0.0244
13:54:10, 4.47, 134, 57.42, 16.56, 5.98, 0.8704, 0.1509, 0.4681, -0.0238
13:54:10, 4.50, 135, 58.78, 16.21, 6.00, 0.8650, 0.1481, 0.4787, -0.0240
13:54:10, 4.50, 135, 60.08, 15.87, 6.05, 0.8598, 0.1455, 0.4888, -0.0237
13:54:11, 4.50, 135, 61.27, 15.68, 6.15, 0.8549, 0.1443, 0.4978, -0.0237
13:54:11, 4.53, 136, 62.16, 15.45, 6.04, 0.8512, 0.1419, 0.5047, -0.0246
13:54:11, 4.53, 136, 63.06, 15.27, 5.97, 0.8473, 0.1401, 0.5117, -0.0254
13:54:11, 4.57, 137, 63.80, 15.04, 5.87, 0.8441, 0.1377, 0.5176, -0.0260
13:54:11, 4.57, 137, 64.49, 14.90, 5.80, 0.8411, 0.1363, 0.5228, -0.0267
13:54:11, 4.60, 138, 65.01, 14.82, 5.72, 0.8387, 0.1352, 0.5268, -0.0275
13:54:11, 4.60, 138, 65.55, 14.79, 5.65, 0.8362, 0.1345, 0.5309, -0.0285
13:54:11, 4.60, 138, 65.97, 14.81, 5.51, 0.8343, 0.1339, 0.5340, -0.0301
13:54:11, 4.63, 139, 66.34, 14.79, 5.47, 0.8325, 0.1335, 0.5368, -0.0307
13:54:11, 4.63, 139, 66.63, 14.85, 5.33, 0.8311, 0.1332, 0.5390, -0.0324
13:54:11, 4.67, 140, 66.93, 14.80, 5.20, 0.8297, 0.1321, 0.5414, -0.0334
13:54:11, 4.67, 140, 67.21, 14.81, 5.05, 0.8282, 0.1314, 0.5436, -0.0349
13:54:11, 4.67, 140, 67.50, 14.75, 4.99, 0.8269, 0.1306, 0.5458, -0.0353
13:54:11, 4.70, 141, 67.87, 14.74, 5.05, 0.8252, 0.1307, 0.5484, -0.0352
13:54:11, 4.70, 141, 68.20, 14.68, 5.11, 0.8236, 0.1305, 0.5508, -0.0349
13:54:11, 4.73, 142, 68.57, 14.69, 5.06, 0.8218, 0.1302, 0.5535, -0.0357
13:54:11, 4.73, 142, 68.95, 14.66, 5.04, 0.8200, 0.1297, 0.5562, -0.0362
13:54:11, 4.77, 143, 69.24, 14.61, 4.99, 0.8186, 0.1291, 0.5584, -0.0366
13:54:11, 4.77, 143, 69.48, 14.62, 5.06, 0.8175, 0.1294, 0.5600, -0.0364
13:54:11, 4.77, 143, 69.66, 14.65, 5.06, 0.8166, 0.1296, 0.5613, -0.0368
13:54:11, 4.80, 144, 69.86, 14.69, 5.05, 0.8156, 0.1298, 0.5627, -0.0373
13:54:11, 4.80, 144, 70.02, 14.71, 4.97, 0.8148, 0.1295, 0.5639, -0.0381
13:54:11, 4.83, 145, 70.14, 14.73, 4.95, 0.8141, 0.1295, 0.5647, -0.0385
13:54:11, 4.83, 145, 70.20, 14.79, 4.87, 0.8137, 0.1294, 0.5653, -0.0395
13:54:11, 4.83, 145, 70.25, 14.85, 4.82, 0.8135, 0.1296, 0.5656, -0.0402
13:54:11, 4.87, 146, 70.32, 14.90, 4.77, 0.8130, 0.1297, 0.5661, -0.0409
13:54:11, 4.87, 146, 70.41, 14.89, 4.73, 0.8126, 0.1294, 0.5668, -0.0412
13:54:11, 4.90, 147, 70.49, 14.90, 4.68, 0.8122, 0.1292, 0.5674, -0.0417
13:54:11, 4.90, 147, 70.56, 14.90, 4.62, 0.8118, 0.1288, 0.5680, -0.0422
13:54:11, 4.93, 148, 70.59, 14.95, 4.59, 0.8116, 0.1290, 0.5682, -0.0427
13:54:11, 4.93, 148, 70.60, 14.98, 4.60, 0.8115, 0.1293, 0.5682, -0.0428
13:54:11, 4.93, 148, 70.58, 15.09, 4.56, 0.8115, 0.1299, 0.5680, -0.0436
13:54:11, 4.97, 149, 70.55, 15.19, 4.51, 0.8116, 0.1303, 0.5677, -0.0444
13:54:11, 4.97, 149, 70.50, 15.27, 4.46, 0.8117, 0.1307, 0.5674, -0.0452
13:54:11, 5.00, 150, 70.50, 15.33, 4.45, 0.8117, 0.1311, 0.5673, -0.0455
13:54:11, 5.00, 150, 70.52, 15.37, 4.44, 0.8116, 0.1313, 0.5674, -0.0458
13:54:11, 5.03, 151, 70.52, 15.40, 4.37, 0.8115, 0.1311, 0.5675, -0.0464
13:54:11, 5.03, 151, 70.53, 15.48, 4.31, 0.8114, 0.1314, 0.5675, -0.0472
13:54:11, 5.03, 151, 70.51, 15.55, 4.28, 0.8114, 0.1318, 0.5674, -0.0478
13:54:11, 5.07, 152, 70.52, 15.57, 4.26, 0.8113, 0.1318, 0.5675, -0.0481
13:54:11, 5.07, 152, 70.56, 15.57, 4.22, 0.8112, 0.1316, 0.5678, -0.0484
13:54:11, 5.10, 153, 70.60, 15.54, 4.23, 0.8110, 0.1314, 0.5681, -0.0482
13:54:11, 5.10, 153, 70.65, 15.51, 4.28, 0.8108, 0.1314, 0.5684, -0.0478
13:54:11, 5.10, 153, 70.70, 15.48, 4.33, 0.8106, 0.1315, 0.5687, -0.0473
13:54:11, 5.13, 154, 70.78, 15.48, 4.36, 0.8102, 0.1315, 0.5693, -0.0473
13:54:11, 5.13, 154, 70.87, 15.43, 4.35, 0.8098, 0.1311, 0.5700, -0.0471
13:54:11, 5.17, 155, 70.95, 15.36, 4.33, 0.8094, 0.1305, 0.5706, -0.0470
13:54:11, 5.17, 155, 71.05, 15.24, 4.37, 0.8090, 0.1298, 0.5714, -0.0462
13:54:11, 5.20, 156, 71.12, 15.11, 4.36, 0.8088, 0.1289, 0.5720, -0.0457
13:54:11, 5.20, 156, 71.18, 15.02, 4.35, 0.8086, 0.1281, 0.5725, -0.0454
13:54:11, 5.20, 156, 71.21, 14.98, 4.37, 0.8084, 0.1279, 0.5728, -0.0451
13:54:11, 5.23, 157, 71.24, 14.93, 4.39, 0.8083, 0.1277, 0.5730, -0.0448
13:54:11, 5.23, 157, 71.26, 14.88, 4.40, 0.8083, 0.1274, 0.5732, -0.0444
13:54:11, 5.27, 158, 71.30, 14.85, 4.40, 0.8081, 0.1271, 0.5735, -0.0444
13:54:11, 5.27, 158, 71.31, 14.84, 4.37, 0.8080, 0.1269, 0.5736, -0.0445
13:54:11, 5.27, 158, 71.34, 14.87, 4.41, 0.8079, 0.1273, 0.5737, -0.0444
13:54:11, 5.30, 159, 71.36, 14.84, 4.43, 0.8078, 0.1272, 0.5739, -0.0441
13:54:11, 5.30, 159, 71.38, 14.85, 4.44, 0.8077, 0.1273, 0.5740, -0.0442
13:54:11, 5.33, 160, 71.41, 14.85, 4.43, 0.8075, 0.1272, 0.5743, -0.0443
13:54:11, 5.33, 160, 71.43, 14.90, 4.41, 0.8074, 0.1275, 0.5744, -0.0446
13:54:11, 5.37, 161, 71.43, 14.96, 4.41, 0.8073, 0.1279, 0.5743, -0.0450
13:54:11, 5.37, 161, 71.43, 15.00, 4.41, 0.8073, 0.1282, 0.5742, -0.0452
13:54:11, 5.37, 161, 71.45, 15.02, 4.47, 0.8072, 0.1286, 0.5743, -0.0449
13:54:11, 5.40, 162, 71.44, 15.05, 4.50, 0.8073, 0.1290, 0.5742, -0.0448
13:54:11, 5.40, 162, 71.43, 15.11, 4.52, 0.8073, 0.1295, 0.5740, -0.0449
13:54:11, 5.43, 163, 71.39, 15.19, 4.55, 0.8074, 0.1302, 0.5736, -0.0451
13:54:11, 5.43, 163, 71.36, 15.23, 4.53, 0.8075, 0.1304, 0.5734, -0.0454
13:54:11, 5.43, 163, 71.29, 15.27, 4.44, 0.8079, 0.1303, 0.5730, -0.0461
13:54:11, 5.47, 164, 71.29, 15.29, 4.40, 0.8078, 0.1302, 0.5730, -0.0466
13:54:11, 5.47, 164, 71.27, 15.29, 4.45, 0.8079, 0.1305, 0.5728, -0.0462
13:54:11, 5.50, 165, 71.29, 15.29, 4.55, 0.8078, 0.1310, 0.5729, -0.0455
13:54:11, 5.50, 165, 71.34, 15.28, 4.56, 0.8076, 0.1309, 0.5732, -0.0454
13:54:12, 5.53, 166, 71.40, 15.30, 4.52, 0.8073, 0.1308, 0.5736, -0.0459
13:54:12, 5.53, 166, 71.40, 15.33, 4.54, 0.8073, 0.1312, 0.5736, -0.0459
13:54:12, 5.53, 166, 71.35, 15.39, 4.53, 0.8075, 0.1315, 0.5732, -0.0463
13:54:12, 5.57, 167, 71.27, 15.39, 4.51, 0.8079, 0.1315, 0.5726, -0.0463
13:54:12, 5.57, 167, 71.18, 15.38, 4.43, 0.8083, 0.1310, 0.5721, -0.0466
13:54:12, 5.60, 168, 71.14, 15.36, 4.39, 0.8085, 0.1307, 0.5719, -0.0468
13:54:12, 5.60, 168, 71.12, 15.36, 4.42, 0.8086, 0.1309, 0.5717, -0.0466
13:54:12, 5.60, 168, 71.06, 15.38, 4.47, 0.8089, 0.1313, 0.5712, -0.0462
13:54:12, 5.63, 169, 71.02, 15.42, 4.50, 0.8091, 0.1317, 0.5709, -0.0462
13:54:12, 5.63, 169, 71.00, 15.45, 4.50, 0.8091, 0.1319, 0.5707, -0.0464
13:54:12, 5.67, 170, 71.05, 15.46, 4.50, 0.8089, 0.1320, 0.5711, -0.0465
13:54:12, 5.67, 170, 71.03, 15.46, 4.49, 0.8090, 0.1320, 0.5709, -0.0465
13:54:12, 5.70, 171, 71.03, 15.45, 4.47, 0.8090, 0.1318, 0.5709, -0.0466
13:54:12, 5.70, 171, 71.01, 15.44, 4.48, 0.8091, 0.1318, 0.5708, -0.0464
13:54:12, 5.70, 171, 71.04, 15.44, 4.51, 0.8090, 0.1319, 0.5710, -0.0463
13:54:12, 5.73, 172, 71.05, 15.43, 4.55, 0.8089, 0.1320, 0.5710, -0.0460
13:54:12, 5.73, 172, 71.03, 15.46, 4.57, 0.8090, 0.1323, 0.5708, -0.0459
13:54:12, 5.77, 173, 71.02, 15.49, 4.56, 0.8090, 0.1325, 0.5708, -0.0461
13:54:12, 5.77, 173, 71.00, 15.53, 4.59, 0.8092, 0.1329, 0.5705, -0.0461
13:54:12, 5.77, 173, 70.93, 15.55, 4.60, 0.8095, 0.1332, 0.5699, -0.0460
13:54:12, 5.80, 174, 70.88, 15.57, 4.58, 0.8097, 0.1332, 0.5697, -0.0463
13:54:12, 5.80, 174, 70.82, 15.60, 4.51, 0.8099, 0.1331, 0.5693, -0.0468
13:54:12, 5.83, 175, 70.78, 15.64, 4.54, 0.8101, 0.1336, 0.5689, -0.0468
13:54:12, 5.83, 175, 70.73, 15.66, 4.60, 0.8104, 0.1340, 0.5684, -0.0463
13:54:12, 5.83, 175, 70.64, 15.66, 4.61, 0.8108, 0.1341, 0.5678, -0.0462
13:54:12, 5.87, 176, 70.58, 15.72, 4.59, 0.8111, 0.1344, 0.5674, -0.0466
13:54:12, 5.90, 177, 70.02, 16.03, 4.70, 0.8136, 0.1374, 0.5630, -0.0467
13:54:12, 5.93, 178, 69.55, 16.26, 4.69, 0.8158, 0.1392, 0.5594, -0.0473
13:54:12, 5.93, 178, 68.89, 16.57, 4.66, 0.8187, 0.1415, 0.5544, -0.0482
13:54:12, 5.93, 178, 67.90, 17.14, 4.62, 0.8229, 0.1457, 0.5468, -0.0501
13:54:12, 5.97, 179, 66.50, 17.71, 4.39, 0.8290, 0.1494, 0.5364, -0.0527
13:54:12, 5.97, 179, 64.68, 18.52, 4.10, 0.8364, 0.1548, 0.5228, -0.0562
13:54:12, 6.00, 180, 62.43, 19.33, 3.63, 0.8454, 0.1597, 0.5061, -0.0602
13:54:12, 6.00, 180, 60.09, 20.11, 3.08, 0.8544, 0.1643, 0.4887, -0.0645
13:54:12, 6.03, 181, 57.70, 20.80, 2.49, 0.8632, 0.1683, 0.4711, -0.0684
13:54:12, 6.03, 181, 55.50, 21.44, 1.87, 0.8709, 0.1720, 0.4547, -0.0724
13:54:12, 6.03, 181, 53.42, 21.96, 1.26, 0.8778, 0.1750, 0.4394, -0.0760
13:54:12, 6.07, 182, 51.40, 22.51, 0.71, 0.8842, 0.1785, 0.4242, -0.0792
13:54:12, 6.07, 182, 49.48, 23.18, 0.40, 0.8900, 0.1839, 0.4093, -0.0810
13:54:12, 6.10, 183, 47.63, 23.74, 0.14, 0.8954, 0.1886, 0.3949, -0.0819
13:54:12, 6.10, 183, 45.78, 24.30, 359.83, 0.9005, 0.1933, 0.3806, -0.0832
13:54:12, 6.10, 183, 44.05, 24.86, 359.42, 0.9049, 0.1977, 0.3672, -0.0853
13:54:12, 6.13, 184, 42.42, 25.40, 358.87, 0.9086, 0.2015, 0.3549, -0.0885
13:54:12, 6.13, 184, 40.90, 25.94, 358.28, 0.9118, 0.2051, 0.3436, -0.0921
13:54:12, 6.17, 185, 39.34, 26.47, 357.59, 0.9148, 0.2086, 0.3321, -0.0963
13:54:12, 6.17, 185, 37.75, 27.04, 356.93, 0.9176, 0.2127, 0.3204, -0.1002
13:54:12, 6.20, 186, 36.37, 27.49, 356.50, 0.9202, 0.2164, 0.3099, -0.1023
13:54:12, 6.20, 186, 35.07, 27.94, 356.11, 0.9223, 0.2201, 0.3000, -0.1041
13:54:12, 6.20, 186, 34.04, 28.25, 355.87, 0.9241, 0.2230, 0.2920, -0.1048
13:54:12, 6.23, 187, 32.80, 28.61, 355.53, 0.9261, 0.2262, 0.2826, -0.1060
13:54:12, 6.23, 187, 31.55, 28.96, 355.15, 0.9280, 0.2293, 0.2732, -0.1074
13:54:12, 6.27, 188, 30.37, 29.20, 354.70, 0.9299, 0.2313, 0.2644, -0.1091
13:54:12, 6.27, 188, 29.49, 29.37, 354.45, 0.9313, 0.2329, 0.2578, -0.1097
13:54:12, 6.27, 188, 29.02, 29.49, 354.36, 0.9320, 0.2342, 0.2541, -0.1097
13:54:12, 6.30, 189, 28.46, 29.56, 354.31, 0.9330, 0.2352, 0.2496, -0.1091
13:54:12, 6.30, 189, 27.88, 29.60, 354.27, 0.9341, 0.2359, 0.2450, -0.1084
13:54:12, 6.33, 190, 27.26, 29.61, 354.17, 0.9353, 0.2364, 0.2402, -0.1080
13:54:12, 6.33, 190, 26.60, 29.57, 354.10, 0.9367, 0.2365, 0.2349, -0.1070
13:54:12, 6.33, 190, 25.93, 29.53, 354.02, 0.9381, 0.2367, 0.2296, -0.1062
13:54:12, 6.37, 191, 25.55, 29.46, 354.10, 0.9390, 0.2367, 0.2263, -0.1047
13:54:12, 6.37, 191, 25.27, 29.48, 354.10, 0.9396, 0.2370, 0.2240, -0.1041
13:54:12, 6.40, 192, 25.12, 29.50, 354.13, 0.9398, 0.2374, 0.2227, -0.1036
13:54:12, 6.40, 192, 24.96, 29.51, 354.22, 0.9402, 0.2378, 0.2213, -0.1026
13:54:12, 6.43, 193, 24.80, 29.51, 354.33, 0.9406, 0.2382, 0.2197, -0.1014
13:54:12, 6.43, 193, 24.62, 29.55, 354.41, 0.9409, 0.2388, 0.2181, -0.1003
13:54:12, 6.43, 193, 24.49, 29.62, 354.51, 0.9411, 0.2397, 0.2168, -0.0994
13:54:12, 6.47, 194, 24.43, 29.70, 354.60, 0.9411, 0.2406, 0.2161, -0.0987
13:54:12, 6.47, 194, 24.50, 29.76, 354.78, 0.9410, 0.2414, 0.2163, -0.0974
13:54:12, 6.50, 195, 24.73, 29.81, 355.02, 0.9406, 0.2420, 0.2176, -0.0961
13:54:12, 6.50, 195, 25.09, 29.84, 355.32, 0.9401, 0.2426, 0.2199, -0.0944
13:54:13, 6.50, 195, 25.49, 29.87, 355.63, 0.9395, 0.2431, 0.2226, -0.0928
13:54:13, 6.53, 196, 25.95, 29.89, 355.99, 0.9389, 0.2436, 0.2256, -0.0908
13:54:13, 6.53, 196, 26.52, 29.94, 356.40, 0.9380, 0.2443, 0.2294, -0.0888
13:54:13, 6.57, 197, 27.15, 30.01, 356.83, 0.9369, 0.2453, 0.2335, -0.0867
13:54:13, 6.57, 197, 27.76, 30.02, 357.29, 0.9359, 0.2459, 0.2376, -0.0842
13:54:13, 6.60, 198, 28.36, 30.01, 357.65, 0.9350, 0.2461, 0.2417, -0.0826
13:54:13, 6.60, 198, 29.05, 30.02, 358.15, 0.9338, 0.2468, 0.2463, -0.0801
13:54:13, 6.60, 198, 29.68, 30.03, 358.57, 0.9327, 0.2473, 0.2505, -0.0780
13:54:13, 6.63, 199, 30.35, 29.99, 358.98, 0.9316, 0.2475, 0.2550, -0.0761
13:54:13, 6.63, 199, 31.01, 29.93, 359.30, 0.9305, 0.2473, 0.2597, -0.0747
13:54:13, 6.67, 200, 31.54, 29.88, 359.63, 0.9296, 0.2473, 0.2634, -0.0730
13:54:13, 6.67, 200, 32.22, 29.81, 359.98, 0.9284, 0.2471, 0.2682, -0.0716
13:54:13, 6.67, 200, 32.68, 29.80, 0.17, 0.9274, 0.2472, 0.2715, -0.0709
13:54:13, 6.70, 201, 33.13, 29.81, 0.37, 0.9265, 0.2474, 0.2747, -0.0703
13:54:13, 6.70, 201, 33.43, 29.79, 0.55, 0.9259, 0.2475, 0.2768, -0.0695
13:54:13, 6.73, 202, 33.73, 29.82, 0.70, 0.9252, 0.2479, 0.2788, -0.0690
13:54:13, 6.73, 202, 33.97, 29.76, 0.83, 0.9248, 0.2476, 0.2806, -0.0683
13:54:13, 6.77, 203, 34.10, 29.76, 0.93, 0.9246, 0.2478, 0.2814, -0.0678
13:54:13, 6.77, 203, 34.17, 29.75, 1.06, 0.9245, 0.2480, 0.2817, -0.0669
13:54:13, 6.77, 203, 34.11, 29.73, 1.15, 0.9247, 0.2481, 0.2810, -0.0660
13:54:13, 6.80, 204, 34.03, 29.73, 1.22, 0.9250, 0.2483, 0.2802, -0.0652
13:54:13, 6.80, 204, 33.83, 29.71, 1.27, 0.9255, 0.2484, 0.2785, -0.0643
13:54:13, 6.83, 205, 33.49, 29.69, 1.31, 0.9264, 0.2485, 0.2757, -0.0632
13:54:13, 6.83, 205, 33.02, 29.66, 1.31, 0.9276, 0.2485, 0.2719, -0.0622
13:54:13, 6.83, 205, 32.26, 29.59, 1.13, 0.9294, 0.2479, 0.2662, -0.0618
13:54:13, 6.87, 206, 30.90, 29.44, 0.55, 0.9325, 0.2462, 0.2565, -0.0632
13:54:13, 6.87, 206, 28.92, 29.25, 359.67, 0.9368, 0.2438, 0.2423, -0.0657
13:54:13, 6.90, 207, 26.25, 29.13, 358.49, 0.9417, 0.2420, 0.2230, -0.0696
13:54:13, 6.90, 207, 23.34, 28.97, 357.51, 0.9469, 0.2407, 0.2011, -0.0712
13:54:13, 6.93, 208, 20.47, 28.84, 356.66, 0.9514, 0.2399, 0.1791, -0.0720
13:54:13, 6.93, 208, 17.74, 28.72, 355.85, 0.9552, 0.2395, 0.1581, -0.0728
13:54:13, 6.93, 208, 15.19, 28.50, 355.10, 0.9585, 0.2383, 0.1384, -0.0736
13:54:13, 6.97, 209, 12.77, 28.22, 354.43, 0.9614, 0.2367, 0.1195, -0.0739
13:54:13, 6.97, 209, 10.44, 27.94, 353.94, 0.9639, 0.2354, 0.1009, -0.0730
13:54:13, 7.00, 210, 8.25, 27.60, 353.52, 0.9661, 0.2336, 0.0832, -0.0719
13:54:13, 7.00, 210, 6.14, 27.23, 353.05, 0.9680, 0.2315, 0.0662, -0.0714
13:54:13, 7.03, 211, 4.13, 26.87, 352.56, 0.9694, 0.2294, 0.0500, -0.0714
13:54:13, 7.03, 211, 2.09, 26.49, 352.03, 0.9706, 0.2273, 0.0336, -0.0718
13:54:13, 7.03, 211, 0.02, 26.11, 351.56, 0.9715, 0.2253, 0.0168, -0.0717
13:54:13, 7.07, 212, 357.83, 25.73, 351.04, 0.9721, 0.2234, -0.0010, -0.0719
13:54:13, 7.07, 212, 355.63, 25.37, 350.49, 0.9722, 0.2218, -0.0189, -0.0725
13:54:13, 7.10, 213, 353.41, 24.94, 349.90, 0.9721, 0.2196, -0.0369, -0.0734
13:54:13, 7.10, 213, 351.14, 24.58, 349.29, 0.9714, 0.2184, -0.0553, -0.0745
13:54:13, 7.10, 213, 348.95, 24.13, 348.74, 0.9706, 0.2163, -0.0733, -0.0754
13:54:13, 7.13, 214, 346.80, 23.76, 348.24, 0.9694, 0.2149, -0.0909, -0.0761
13:54:13, 7.13, 214, 344.72, 23.36, 347.84, 0.9680, 0.2133, -0.1082, -0.0761
13:54:13, 7.17, 215, 342.70, 22.87, 347.48, 0.9665, 0.2109, -0.1252, -0.0760
13:54:13, 7.17, 215, 340.74, 22.46, 347.21, 0.9647, 0.2090, -0.1417, -0.0753
13:54:13, 7.20, 216, 338.91, 22.05, 347.01, 0.9627, 0.2072, -0.1572, -0.0743
13:54:13, 7.20, 216, 337.19, 21.66, 346.84, 0.9607, 0.2052, -0.1718, -0.0734
13:54:13, 7.20, 216, 335.61, 21.33, 346.78, 0.9587, 0.2036, -0.1854, -0.0717
13:54:13, 7.23, 217, 334.16, 21.02, 346.69, 0.9566, 0.2020, -0.1978, -0.0705
13:54:13, 7.23, 217, 332.71, 20.73, 346.73, 0.9544, 0.2005, -0.2103, -0.0682
13:54:13, 7.27, 218, 331.44, 20.50, 346.81, 0.9524, 0.1992, -0.2213, -0.0659
13:54:13, 7.27, 218, 330.20, 20.29, 346.82, 0.9502, 0.1981, -0.2319, -0.0641
13:54:13, 7.27, 218, 329.05, 20.15, 346.83, 0.9480, 0.1976, -0.2416, -0.0625
13:54:13, 7.30, 219, 328.03, 20.09, 346.89, 0.9459, 0.1975, -0.2502, -0.0604
13:54:13, 7.30, 219, 327.17, 20.05, 346.96, 0.9441, 0.1975, -0.2575, -0.0584
13:54:13, 7.33, 220, 326.28, 20.10, 347.02, 0.9420, 0.1982, -0.2648, -0.0562
13:54:13, 7.33, 220, 325.56, 20.20, 347.17, 0.9403, 0.1990, -0.2709, -0.0535
13:54:13, 7.37, 221, 324.95, 20.25, 347.25, 0.9388, 0.1995, -0.2760, -0.0516
13:54:13, 7.37, 221, 324.38, 20.31, 347.28, 0.9374, 0.2002, -0.2806, -0.0502
13:54:13, 7.37, 221, 323.88, 20.33, 347.30, 0.9361, 0.2005, -0.2848, -0.0491
13:54:13, 7.40, 222, 323.34, 20.34, 347.33, 0.9348, 0.2007, -0.2892, -0.0479
13:54:13, 7.40, 222, 322.89, 20.33, 347.42, 0.9337, 0.2006, -0.2930, -0.0465
13:54:13, 7.43, 223, 322.45, 20.27, 347.46, 0.9326, 0.2002, -0.2968, -0.0454
13:54:13, 7.43, 223, 322.01, 20.33, 347.56, 0.9315, 0.2006, -0.3004, -0.0438
13:54:13, 7.43, 223, 321.54, 20.39, 347.63, 0.9302, 0.2010, -0.3043, -0.0422
13:54:13, 7.47, 224, 321.05, 20.40, 347.69, 0.9289, 0.2012, -0.3083, -0.0408
13:54:13, 7.47, 224, 320.55, 20.41, 347.79, 0.9275, 0.2012, -0.3126, -0.0391
13:54:13, 7.50, 225, 319.97, 20.42, 347.86, 0.9260, 0.2012, -0.3174, -0.0375
13:54:13, 7.50, 225, 319.41, 20.43, 347.97, 0.9244, 0.2012, -0.3221, -0.0356
13:54:14, 7.53, 226, 318.83, 20.55, 348.04, 0.9227, 0.2021, -0.3267, -0.0336
13:54:14, 7.53, 226, 318.38, 20.71, 348.16, 0.9212, 0.2032, -0.3303, -0.0313
13:54:14, 7.53, 226, 317.93, 20.84, 348.32, 0.9198, 0.2038, -0.3340, -0.0289
13:54:14, 7.57, 227, 317.50, 20.97, 348.44, 0.9184, 0.2046, -0.3375, -0.0267
13:54:14, 7.57, 227, 317.10, 21.10, 348.62, 0.9171, 0.2053, -0.3408, -0.0241
13:54:14, 7.60, 228, 316.75, 21.13, 348.81, 0.9161, 0.2050, -0.3439, -0.0219
13:54:14, 7.60, 228, 316.32, 21.22, 348.98, 0.9147, 0.2052, -0.3476, -0.0194
13:54:14, 7.60, 228, 315.87, 21.27, 349.13, 0.9133, 0.2053, -0.3514, -0.0173
13:54:14, 7.63, 229, 315.44, 21.40, 349.26, 0.9119, 0.2059, -0.3548, -0.0150
13:54:14, 7.63, 229, 315.05, 21.53, 349.40, 0.9105, 0.2066, -0.3580, -0.0128
13:54:14, 7.67, 230, 314.68, 21.68, 349.56, 0.9092, 0.2072, -0.3610, -0.0103
13:54:14, 7.67, 230, 314.31, 21.84, 349.67, 0.9078, 0.2082, -0.3639, -0.0082
13:54:14, 7.70, 231, 313.89, 21.86, 349.82, 0.9064, 0.2079, -0.3675, -0.0062
13:54:14, 7.70, 231, 313.32, 21.95, 349.96, 0.9045, 0.2082, -0.3721, -0.0037
13:54:14, 7.70, 231, 312.74, 22.12, 350.15, 0.9024, 0.2089, -0.3768, -0.0006
13:54:14, 7.73, 232, 312.22, 22.27, 350.26, 0.9005, 0.2097, -0.3809, 0.0018
13:54:14, 7.73, 232, 311.60, 22.45, 350.35, 0.8982, 0.2107, -0.3857, 0.0043
13:54:14, 7.77, 233, 311.00, 22.63, 350.37, 0.8959, 0.2120, -0.3902, 0.0062
13:54:14, 7.77, 233, 310.40, 22.68, 350.48, 0.8938, 0.2120, -0.3950, 0.0083
13:54:14, 7.77, 233, 309.85, 22.78, 350.54, 0.8918, 0.2126, -0.3993, 0.0102
13:54:14, 7.80, 234, 309.24, 22.91, 350.64, 0.8895, 0.2131, -0.4040, 0.0126
13:54:14, 7.80, 234, 308.66, 22.96, 350.69, 0.8874, 0.2133, -0.4086, 0.0143
13:54:14, 7.83, 235, 308.02, 23.04, 350.77, 0.8850, 0.2135, -0.4135, 0.0163
13:54:14, 7.83, 235, 307.39, 23.04, 350.86, 0.8827, 0.2130, -0.4186, 0.0182
13:54:14, 7.87, 236, 306.77, 23.05, 350.92, 0.8803, 0.2128, -0.4235, 0.0199
13:54:14, 7.87, 236, 306.02, 23.00, 351.00, 0.8776, 0.2120, -0.4294, 0.0217
13:54:14, 7.87, 236, 305.26, 22.93, 351.13, 0.8748, 0.2109, -0.4355, 0.0238
13:54:14, 7.90, 237, 304.50, 22.86, 351.23, 0.8720, 0.2098, -0.4416, 0.0257
13:54:14, 7.90, 237, 303.67, 22.72, 351.37, 0.8689, 0.2079, -0.4484, 0.0277
13:54:14, 7.93, 238, 302.74, 22.48, 351.59, 0.8654, 0.2050, -0.4562, 0.0300
13:54:14, 7.93, 238, 301.72, 22.20, 351.85, 0.8616, 0.2017, -0.4646, 0.0326
13:54:14, 7.93, 238, 300.67, 21.94, 352.04, 0.8575, 0.1987, -0.4732, 0.0348
13:54:14, 7.97, 239, 299.67, 21.61, 352.16, 0.8537, 0.1954, -0.4814, 0.0359
13:54:14, 7.97, 239, 298.70, 21.24, 352.30, 0.8500, 0.1919, -0.4893, 0.0370
13:54:14, 8.00, 240, 297.75, 20.84, 352.45, 0.8462, 0.1880, -0.4971, 0.0378
13:54:14, 8.00, 240, 296.93, 20.49, 352.60, 0.8430, 0.1845, -0.5039, 0.0387
13:54:14, 8.03, 241, 296.14, 20.13, 352.77, 0.8398, 0.1809, -0.5103, 0.0396
13:54:14, 8.03, 241, 295.41, 19.85, 352.92, 0.8368, 0.1779, -0.5162, 0.0405
13:54:14, 8.03, 241, 294.80, 19.60, 353.15, 0.8342, 0.1748, -0.5214, 0.0419
13:54:14, 8.07, 242, 294.25, 19.33, 353.37, 0.8318, 0.1717, -0.5260, 0.0431
13:54:14, 8.07, 242, 293.83, 19.01, 353.50, 0.8302, 0.1686, -0.5297, 0.0432
13:54:14, 8.10, 243, 293.47, 18.74, 353.80, 0.8286, 0.1652, -0.5330, 0.0445
13:54:14, 8.10, 243, 293.20, 18.46, 354.08, 0.8275, 0.1618, -0.5357, 0.0457
13:54:14, 8.10, 243, 292.86, 18.27, 354.32, 0.8260, 0.1592, -0.5387, 0.0469
13:54:14, 8.13, 244, 292.67, 17.99, 354.53, 0.8253, 0.1561, -0.5407, 0.0473
13:54:14, 8.13, 244, 292.54, 17.75, 354.71, 0.8248, 0.1535, -0.5421, 0.0477
13:54:14, 8.17, 245, 292.44, 17.45, 354.94, 0.8245, 0.1502, -0.5434, 0.0480
13:54:14, 8.17, 245, 292.40, 17.20, 355.19, 0.8244, 0.1472, -0.5443, 0.0486
13:54:14, 8.20, 246, 292.45, 16.96, 355.44, 0.8248, 0.1444, -0.5445, 0.0492
13:54:14, 8.20, 246, 292.56, 16.67, 355.74, 0.8254, 0.1409, -0.5444, 0.0498
13:54:14, 8.20, 246, 292.82, 16.38, 355.95, 0.8268, 0.1380, -0.5431, 0.0496
13:54:14, 8.23, 247, 293.35, 15.88, 356.28, 0.8296, 0.1330, -0.5401, 0.0490
13:54:14, 8.23, 247, 293.99, 15.23, 356.64, 0.8330, 0.1269, -0.5364, 0.0478
13:54:14, 8.27, 248, 294.54, 14.62, 356.99, 0.8359, 0.1211, -0.5333, 0.0468
13:54:14, 8.27, 248, 295.07, 14.02, 357.38, 0.8387, 0.1151, -0.5303, 0.0464
13:54:14, 8.27, 248, 295.61, 13.50, 357.70, 0.8415, 0.1101, -0.5270, 0.0457
13:54:14, 8.30, 249, 296.12, 13.00, 357.88, 0.8441, 0.1058, -0.5238, 0.0443
13:54:14, 8.30, 249, 296.53, 12.41, 358.03, 0.8463, 0.1008, -0.5213, 0.0423
13:54:14, 8.33, 250, 297.03, 11.77, 358.23, 0.8490, 0.0954, -0.5181, 0.0404
13:54:14, 8.33, 250, 297.51, 11.04, 358.55, 0.8515, 0.0888, -0.5152, 0.0391
13:54:14, 8.37, 251, 297.94, 10.35, 358.81, 0.8538, 0.0826, -0.5126, 0.0376
13:54:14, 8.37, 251, 298.33, 9.77, 359.00, 0.8559, 0.0776, -0.5100, 0.0361
13:54:14, 8.37, 251, 298.62, 9.19, 359.09, 0.8575, 0.0729, -0.5082, 0.0341
13:54:14, 8.40, 252, 298.97, 8.73, 359.24, 0.8592, 0.0689, -0.5058, 0.0329
13:54:14, 8.40, 252, 299.30, 8.26, 359.40, 0.8609, 0.0648, -0.5037, 0.0319
13:54:14, 8.43, 253, 299.69, 7.67, 359.57, 0.8629, 0.0597, -0.5010, 0.0304
13:54:14, 8.43, 253, 300.07, 7.12, 359.73, 0.8647, 0.0550, -0.4984, 0.0290
13:54:14, 8.43, 253, 300.48, 6.50, 359.84, 0.8668, 0.0499, -0.4955, 0.0269
13:54:14, 8.47, 254, 300.87, 5.91, 359.95, 0.8686, 0.0450, -0.4928, 0.0250
13:54:14, 8.47, 254, 301.27, 5.31, 0.09, 0.8706, 0.0400, -0.4899, 0.0235
13:54:14, 8.50, 255, 301.76, 4.57, 0.28, 0.8729, 0.0337, -0.4863, 0.0215
13:54:14, 8.50, 255, 302.27, 3.95, 0.38, 0.8752, 0.0286, -0.4825, 0.0195
13:54:15, 8.53, 256, 302.99, 3.40, 0.48, 0.8783, 0.0240, -0.4771, 0.0178
13:54:15, 8.53, 256, 303.73, 2.78, 0.69, 0.8815, 0.0186, -0.4716, 0.0168
13:54:15, 8.53, 256, 304.41, 2.23, 0.94, 0.8843, 0.0134, -0.4664, 0.0163
13:54:15, 8.57, 257, 305.11, 1.75, 1.23, 0.8872, 0.0086, -0.4610, 0.0166
13:54:15, 8.57, 257, 305.89, 1.31, 1.43, 0.8904, 0.0045, -0.4549, 0.0163
13:54:15, 8.60, 258, 306.70, 0.77, 1.61, 0.8936, -0.0003, -0.4486, 0.0156
13:54:15, 8.60, 258, 307.44, 0.18, 1.79, 0.8965, -0.0055, -0.4427, 0.0147
13:54:15, 8.60, 258, 308.13, 359.58, 1.92, 0.8992, -0.0106, -0.4373, 0.0135
13:54:15, 8.63, 259, 308.72, 359.12, 1.99, 0.9014, -0.0144, -0.4325, 0.0124
13:54:15, 8.63, 259, 309.13, 358.58, 2.04, 0.9030, -0.0188, -0.4291, 0.0108
13:54:15, 8.67, 260, 309.61, 358.07, 2.05, 0.9047, -0.0228, -0.4253, 0.0090
13:54:15, 8.67, 260, 310.06, 357.52, 2.11, 0.9063, -0.0274, -0.4216, 0.0075
13:54:15, 8.70, 261, 310.52, 357.01, 2.12, 0.9080, -0.0314, -0.4178, 0.0059
13:54:15, 8.70, 261, 310.99, 356.52, 2.10, 0.9096, -0.0352, -0.4140, 0.0041
13:54:15, 8.70, 261, 311.37, 356.15, 2.07, 0.9109, -0.0381, -0.4109, 0.0026
13:54:15, 8.73, 262, 311.83, 355.60, 1.98, 0.9124, -0.0421, -0.4071, 0.0001
13:54:15, 8.73, 262, 312.24, 355.14, 1.94, 0.9137, -0.0456, -0.4037, -0.0017
13:54:15, 8.77, 263, 312.66, 354.68, 1.90, 0.9151, -0.0492, -0.4003, -0.0034
13:54:15, 8.77, 263, 313.10, 354.30, 1.87, 0.9165, -0.0521, -0.3966, -0.0048
13:54:15, 8.77, 263, 313.51, 353.98, 1.83, 0.9178, -0.0545, -0.3933, -0.0061
13:54:15, 8.80, 264, 313.93, 353.68, 1.83, 0.9191, -0.0570, -0.3899, -0.0069
13:54:15, 8.80, 264, 314.34, 353.41, 1.76, 0.9204, -0.0589, -0.3865, -0.0081
13:54:15, 8.83, 265, 314.74, 353.13, 1.70, 0.9216, -0.0610, -0.3832, -0.0094
13:54:15, 8.83, 265, 315.13, 352.88, 1.61, 0.9228, -0.0628, -0.3801, -0.0107
13:54:15, 8.87, 266, 315.59, 352.69, 1.53, 0.9242, -0.0641, -0.3763, -0.0118
13:54:15, 8.90, 267, 317.29, 352.33, 1.26, 0.9295, -0.0662, -0.3626, -0.0141
13:54:15, 8.90, 267, 317.90, 352.28, 1.16, 0.9313, -0.0664, -0.3577, -0.0148
13:54:15, 8.93, 268, 318.54, 352.13, 1.02, 0.9332, -0.0673, -0.3525, -0.0160
13:54:15, 8.93, 268, 319.23, 352.00, 0.90, 0.9352, -0.0681, -0.3470, -0.0170
13:54:15, 8.93, 268, 319.91, 351.93, 0.86, 0.9372, -0.0686, -0.3414, -0.0171
13:54:15, 8.97, 269, 320.67, 351.89, 0.82, 0.9395, -0.0689, -0.3352, -0.0171
13:54:15, 8.97, 269, 321.43, 351.77, 0.76, 0.9416, -0.0699, -0.3290, -0.0175
13:54:15, 9.00, 270, 322.07, 351.55, 0.74, 0.9433, -0.0718, -0.3236, -0.0178
13:54:15, 9.00, 270, 322.66, 351.26, 0.70, 0.9447, -0.0741, -0.3188, -0.0187
13:54:15, 9.03, 271, 323.11, 350.96, 0.68, 0.9458, -0.0766, -0.3149, -0.0193
13:54:15, 9.03, 271, 323.59, 350.71, 0.63, 0.9470, -0.0786, -0.3110, -0.0201
13:54:15, 9.03, 271, 323.99, 350.44, 0.62, 0.9478, -0.0809, -0.3076, -0.0206
13:54:15, 9.07, 272, 324.34, 350.18, 0.54, 0.9486, -0.0829, -0.3047, -0.0217
13:54:15, 9.07, 272, 324.70, 349.89, 0.50, 0.9493, -0.0853, -0.3016, -0.0226
13:54:15, 9.10, 273, 324.98, 349.52, 0.50, 0.9498, -0.0884, -0.2992, -0.0234
13:54:15, 9.10, 273, 325.18, 349.19, 0.49, 0.9501, -0.0912, -0.2975, -0.0241
13:54:15, 9.10, 273, 325.37, 348.78, 0.53, 0.9502, -0.0947, -0.2957, -0.0247
13:54:15, 9.13, 274, 325.51, 348.40, 0.51, 0.9503, -0.0978, -0.2945, -0.0257
13:54:15, 9.13, 274, 325.57, 348.11, 0.51, 0.9502, -0.1002, -0.2939, -0.0264
13:54:15, 9.17, 275, 325.62, 347.88, 0.50, 0.9501, -0.1021, -0.2935, -0.0271
13:54:15, 9.17, 275, 325.63, 347.76, 0.48, 0.9500, -0.1031, -0.2933, -0.0275
13:54:15, 9.20, 276, 325.58, 347.62, 0.53, 0.9498, -0.1043, -0.2936, -0.0275
13:54:15, 9.20, 276, 325.44, 347.57, 0.59, 0.9494, -0.1049, -0.2948, -0.0273
13:54:15, 9.20, 276, 325.22, 347.47, 0.68, 0.9488, -0.1059, -0.2964, -0.0269
13:54:15, 9.23, 277, 324.89, 347.41, 0.78, 0.9479, -0.1066, -0.2991, -0.0266
13:54:15, 9.23, 277, 324.50, 347.37, 0.87, 0.9468, -0.1071, -0.3022, -0.0264
13:54:15, 9.27, 278, 324.11, 347.32, 0.91, 0.9458, -0.1075, -0.3054, -0.0265
13:54:15, 9.27, 278, 323.70, 347.29, 0.95, 0.9447, -0.1077, -0.3087, -0.0266
13:54:15, 9.27, 278, 323.29, 347.25, 0.97, 0.9435, -0.1080, -0.3121, -0.0270
13:54:15, 9.30, 279, 322.88, 347.19, 0.94, 0.9423, -0.1084, -0.3154, -0.0277
13:54:15, 9.30, 279, 322.57, 347.07, 0.98, 0.9414, -0.1093, -0.3179, -0.0281
13:54:15, 9.33, 280, 322.29, 347.06, 0.98, 0.9406, -0.1094, -0.3202, -0.0283
13:54:15, 9.33, 280, 322.10, 346.96, 0.94, 0.9400, -0.1101, -0.3218, -0.0291
13:54:15, 9.37, 281, 321.96, 346.89, 0.96, 0.9395, -0.1106, -0.3228, -0.0293
13:54:15, 9.37, 281, 321.85, 346.83, 0.98, 0.9391, -0.1112, -0.3237, -0.0294
13:54:15, 9.37, 281, 321.79, 346.71, 0.99, 0.9389, -0.1122, -0.3241, -0.0297
13:54:15, 9.40, 282, 321.80, 346.62, 0.96, 0.9388, -0.1128, -0.3240, -0.0302
13:54:15, 9.40, 282, 321.88, 346.52, 0.94, 0.9389, -0.1136, -0.3234, -0.0306
13:54:15, 9.43, 283, 321.99, 346.43, 0.94, 0.9391, -0.1144, -0.3225, -0.0307
13:54:15, 9.43, 283, 322.12, 346.36, 0.92, 0.9394, -0.1149, -0.3214, -0.0310
13:54:15, 9.43, 283, 322.34, 346.20, 0.91, 0.9399, -0.1163, -0.3195, -0.0313
13:54:15, 9.47, 284, 322.60, 345.99, 0.90, 0.9404, -0.1180, -0.3173, -0.0318
13:54:15, 9.47, 284, 322.87, 345.77, 0.85, 0.9409, -0.1197, -0.3151, -0.0324
13:54:15, 9.50, 285, 323.23, 345.54, 0.81, 0.9417, -0.1217, -0.3120, -0.0330
13:54:15, 9.50, 285, 323.66, 345.30, 0.76, 0.9426, -0.1236, -0.3085, -0.0337
13:54:16, 9.53, 286, 324.08, 345.01, 0.74, 0.9434, -0.1260, -0.3049, -0.0341
13:54:16, 9.53, 286, 324.61, 344.59, 0.74, 0.9443, -0.1297, -0.3004, -0.0347
13:54:16, 9.53, 286, 325.20, 344.15, 0.74, 0.9454, -0.1335, -0.2953, -0.0351
13:54:16, 9.57, 287, 325.89, 343.74, 0.78, 0.9467, -0.1371, -0.2894, -0.0350
13:54:16, 9.57, 287, 326.67, 343.29, 0.81, 0.9481, -0.1412, -0.2827, -0.0350
13:54:16, 9.60, 288, 327.63, 342.77, 0.78, 0.9498, -0.1457, -0.2746, -0.0353
13:54:16, 9.60, 288, 328.70, 342.34, 0.80, 0.9518, -0.1497, -0.2655, -0.0348
13:54:16, 9.60, 288, 329.71, 341.88, 0.82, 0.9535, -0.1539, -0.2569, -0.0343
13:54:16, 9.63, 289, 330.78, 341.61, 0.83, 0.9555, -0.1564, -0.2479, -0.0333
13:54:16, 9.63, 289, 331.90, 341.28, 0.78, 0.9574, -0.1594, -0.2385, -0.0330
13:54:16, 9.67, 290, 333.10, 340.99, 0.71, 0.9595, -0.1620, -0.2284, -0.0324
13:54:16, 9.67, 290, 334.34, 340.67, 0.64, 0.9614, -0.1650, -0.2180, -0.0319
13:54:16, 9.70, 291, 335.61, 340.35, 0.54, 0.9632, -0.1678, -0.2074, -0.0315
13:54:16, 9.70, 291, 336.90, 339.96, 0.47, 0.9649, -0.1713, -0.1965, -0.0309
13:54:16, 9.70, 291, 338.22, 339.72, 0.44, 0.9668, -0.1736, -0.1853, -0.0296
13:54:16, 9.73, 292, 339.53, 339.48, 0.36, 0.9684, -0.1758, -0.1743, -0.0286
13:54:16, 9.73, 292, 340.88, 339.18, 0.31, 0.9700, -0.1786, -0.1629, -0.0274
13:54:16, 9.77, 293, 342.26, 338.84, 0.21, 0.9713, -0.1817, -0.1512, -0.0265
13:54:16, 9.77, 293, 343.72, 338.48, 0.17, 0.9726, -0.1850, -0.1388, -0.0250
13:54:16, 9.77, 293, 345.17, 338.26, 0.19, 0.9739, -0.1872, -0.1264, -0.0227
13:54:16, 9.80, 294, 346.59, 337.85, 0.14, 0.9747, -0.1909, -0.1144, -0.0213
13:54:16, 9.80, 294, 348.06, 337.40, 0.15, 0.9753, -0.1950, -0.1018, -0.0191
13:54:16, 9.83, 295, 349.58, 336.97, 0.19, 0.9759, -0.1989, -0.0886, -0.0165
13:54:16, 9.83, 295, 351.16, 336.66, 0.29, 0.9764, -0.2019, -0.0750, -0.0131
13:54:16, 9.87, 296, 352.71, 336.42, 0.43, 0.9770, -0.2042, -0.0615, -0.0093
13:54:16, 9.87, 296, 354.41, 336.27, 0.56, 0.9775, -0.2056, -0.0467, -0.0052
13:54:16, 9.87, 296, 356.39, 336.16, 0.68, 0.9780, -0.2066, -0.0296, -0.0007
13:54:16, 9.90, 297, 358.37, 336.05, 0.76, 0.9781, -0.2076, -0.0126, 0.0035
13:54:16, 9.90, 297, 0.25, 335.81, 0.77, 0.9778, -0.2095, 0.0035, 0.0070
13:54:16, 9.93, 298, 2.02, 335.40, 0.63, 0.9769, -0.2129, 0.0184, 0.0091
13:54:16, 9.93, 298, 3.70, 334.81, 0.28, 0.9754, -0.2178, 0.0320, 0.0095
13:54:16, 9.93, 298, 5.31, 334.42, 0.03, 0.9741, -0.2211, 0.0452, 0.0105
13:54:16, 9.97, 299, 6.90, 334.18, 359.78, 0.9730, -0.2231, 0.0582, 0.0116
13:54:16, 9.97, 299, 8.55, 334.19, 359.56, 0.9721, -0.2230, 0.0718, 0.0129
