Timestamp, VideoTime, VideoFrame, HeadYaw, HeadPitch, HeadRoll, HeadQuatW, HeadQuatX, HeadQuatY, HeadQuatZ
13:55:33, 0.03, 1, 273.55, 14.23, 353.71, 0.7266, 0.1274, -0.6736, 0.0450
13:55:33, 0.03, 1, 273.48, 14.22, 353.70, 0.7262, 0.1274, -0.6741, 0.0450
13:55:33, 0.03, 1, 273.42, 14.25, 353.71, 0.7258, 0.1275, -0.6744, 0.0452
13:55:33, 0.03, 1, 273.34, 14.25, 353.70, 0.7254, 0.1275, -0.6749, 0.0453
13:55:33, 0.07, 2, 273.25, 14.24, 353.71, 0.7249, 0.1274, -0.6755, 0.0454
13:55:33, 0.07, 2, 273.16, 14.25, 353.72, 0.7243, 0.1273, -0.6761, 0.0456
13:55:33, 0.10, 3, 273.09, 14.27, 353.70, 0.7239, 0.1275, -0.6765, 0.0457
13:55:33, 0.10, 3, 273.04, 14.31, 353.69, 0.7236, 0.1278, -0.6768, 0.0459
13:55:34, 0.13, 4, 272.97, 14.33, 353.67, 0.7232, 0.1280, -0.6771, 0.0461
13:55:34, 0.13, 4, 272.94, 14.35, 353.67, 0.7230, 0.1282, -0.6773, 0.0462
13:55:34, 0.13, 4, 272.92, 14.35, 353.65, 0.7229, 0.1283, -0.6774, 0.0461
13:55:34, 0.17, 5, 272.92, 14.38, 353.66, 0.7229, 0.1284, -0.6774, 0.0463
13:55:34, 0.17, 5, 272.92, 14.42, 353.66, 0.7229, 0.1287, -0.6773, 0.0466
13:55:34, 0.20, 6, 272.94, 14.47, 353.65, 0.7229, 0.1290, -0.6772, 0.0468
13:55:34, 0.20, 6, 272.93, 14.51, 353.66, 0.7229, 0.1292, -0.6772, 0.0470
13:55:34, 0.20, 6, 272.95, 14.55, 353.67, 0.7229, 0.1294, -0.6770, 0.0474
13:55:34, 0.23, 7, 272.97, 14.56, 353.68, 0.7230, 0.1294, -0.6769, 0.0475
13:55:34, 0.23, 7, 272.95, 14.58, 353.68, 0.7230, 0.1295, -0.6770, 0.0476
13:55:34, 0.27, 8, 272.98, 14.59, 353.70, 0.7231, 0.1295, -0.6768, 0.0477
13:55:34, 0.27, 8, 272.97, 14.59, 353.69, 0.7230, 0.1295, -0.6769, 0.0478
13:55:34, 0.30, 9, 272.99, 14.63, 353.69, 0.7231, 0.1298, -0.6767, 0.0479
13:55:34, 0.30, 9, 273.00, 14.66, 353.68, 0.7232, 0.1300, -0.6766, 0.0481
13:55:34, 0.30, 9, 273.01, 14.72, 353.69, 0.7232, 0.1303, -0.6765, 0.0484
13:55:34, 0.33, 10, 273.04, 14.70, 353.68, 0.7234, 0.1303, -0.6763, 0.0482
13:55:34, 0.33, 10, 273.01, 14.72, 353.67, 0.7232, 0.1305, -0.6764, 0.0483
13:55:34, 0.37, 11, 273.02, 14.75, 353.66, 0.7233, 0.1307, -0.6763, 0.0484
13:55:34, 0.37, 11, 273.04, 14.77, 353.66, 0.7234, 0.1309, -0.6762, 0.0485
13:55:34, 0.37, 11, 273.05, 14.83, 353.65, 0.7234, 0.1313, -0.6760, 0.0488
13:55:34, 0.40, 12, 273.07, 14.85, 353.62, 0.7235, 0.1316, -0.6759, 0.0487
13:55:34, 0.40, 12, 273.12, 14.87, 353.61, 0.7238, 0.1318, -0.6755, 0.0487
13:55:34, 0.43, 13, 273.16, 14.89, 353.63, 0.7241, 0.1318, -0.6752, 0.0489
13:55:34, 0.43, 13, 273.23, 14.95, 353.63, 0.7244, 0.1322, -0.6748, 0.0492
13:55:34, 0.47, 14, 273.26, 14.99, 353.62, 0.7246, 0.1325, -0.6745, 0.0493
13:55:34, 0.47, 14, 273.33, 15.07, 353.62, 0.7249, 0.1331, -0.6740, 0.0497
13:55:34, 0.47, 14, 273.39, 15.09, 353.60, 0.7253, 0.1333, -0.6735, 0.0496
13:55:34, 0.50, 15, 273.43, 15.08, 353.62, 0.7255, 0.1332, -0.6734, 0.0497
13:55:34, 0.50, 15, 273.49, 15.10, 353.64, 0.7259, 0.1332, -0.6730, 0.0498
13:55:34, 0.53, 16, 273.55, 15.15, 353.65, 0.7262, 0.1336, -0.6725, 0.0501
13:55:34, 0.53, 16, 273.60, 15.19, 353.67, 0.7265, 0.1337, -0.6722, 0.0505
13:55:34, 0.53, 16, 273.65, 15.22, 353.68, 0.7267, 0.1338, -0.6718, 0.0506
13:55:34, 0.57, 17, 273.70, 15.25, 353.72, 0.7270, 0.1338, -0.6715, 0.0510
13:55:34, 0.57, 17, 273.72, 15.24, 353.72, 0.7271, 0.1337, -0.6714, 0.0509
13:55:34, 0.60, 18, 273.76, 15.30, 353.71, 0.7273, 0.1342, -0.6711, 0.0512
13:55:34, 0.60, 18, 273.79, 15.36, 353.74, 0.7275, 0.1344, -0.6709, 0.0517
13:55:34, 0.63, 19, 273.81, 15.42, 353.75, 0.7275, 0.1347, -0.6707, 0.0521
13:55:34, 0.63, 19, 273.83, 15.49, 353.78, 0.7276, 0.1350, -0.6705, 0.0526
13:55:34, 0.63, 19, 273.81, 15.56, 353.81, 0.7274, 0.1352, -0.6706, 0.0532
13:55:34, 0.67, 20, 273.79, 15.60, 353.81, 0.7273, 0.1355, -0.6707, 0.0536
13:55:34, 0.67, 20, 273.77, 15.63, 353.78, 0.7272, 0.1359, -0.6708, 0.0535
13:55:34, 0.70, 21, 273.71, 15.67, 353.79, 0.7268, 0.1360, -0.6711, 0.0540
13:55:34, 0.70, 21, 273.62, 15.71, 353.79, 0.7262, 0.1363, -0.6716, 0.0543
13:55:34, 0.70, 21, 273.51, 15.79, 353.78, 0.7255, 0.1367, -0.6722, 0.0548
13:55:34, 0.73, 22, 273.36, 15.89, 353.76, 0.7246, 0.1374, -0.6730, 0.0555
13:55:34, 0.73, 22, 273.24, 15.93, 353.70, 0.7239, 0.1379, -0.6737, 0.0555
13:55:34, 0.77, 23, 273.04, 15.97, 353.67, 0.7228, 0.1383, -0.6748, 0.0558
13:55:34, 0.77, 23, 272.79, 16.05, 353.70, 0.7212, 0.1385, -0.6763, 0.0567
13:55:34, 0.80, 24, 272.50, 16.14, 353.67, 0.7195, 0.1391, -0.6780, 0.0574
13:55:34, 0.80, 24, 272.21, 16.26, 353.62, 0.7177, 0.1400, -0.6796, 0.0582
13:55:34, 0.80, 24, 271.90, 16.35, 353.61, 0.7158, 0.1404, -0.6814, 0.0591
13:55:34, 0.83, 25, 271.63, 16.42, 353.73, 0.7141, 0.1400, -0.6832, 0.0606
13:55:34, 0.83, 25, 271.26, 16.46, 353.79, 0.7119, 0.1397, -0.6855, 0.0617
13:55:34, 0.87, 26, 270.89, 16.54, 353.80, 0.7096, 0.1399, -0.6877, 0.0627
13:55:34, 0.87, 26, 270.54, 16.52, 353.80, 0.7075, 0.1396, -0.6899, 0.0629
13:55:34, 0.90, 27, 270.14, 16.58, 353.79, 0.7051, 0.1398, -0.6923, 0.0638
13:55:34, 0.90, 27, 269.72, 16.65, 353.78, 0.7025, 0.1401, -0.6948, 0.0646
13:55:34, 0.90, 27, 269.22, 16.71, 353.73, 0.6994, 0.1404, -0.6977, 0.0653
13:55:34, 0.93, 28, 268.72, 16.80, 353.71, 0.6964, 0.1408, -0.7006, 0.0663
13:55:34, 0.93, 28, 268.23, 16.92, 353.66, 0.6933, 0.1415, -0.7034, 0.0674
13:55:34, 0.97, 29, 267.77, 17.06, 353.68, 0.6904, 0.1420, -0.7060, 0.0689
13:55:34, 0.97, 29, 267.31, 17.20, 353.70, 0.6874, 0.1424, -0.7086, 0.0706
13:55:34, 0.97, 29, 266.91, 17.37, 353.75, 0.6849, 0.1428, -0.7109, 0.0724
13:55:34, 1.00, 30, 266.48, 17.52, 353.75, 0.6821, 0.1434, -0.7132, 0.0739
13:55:34, 1.00, 30, 266.14, 17.70, 353.78, 0.6798, 0.1441, -0.7151, 0.0756
13:55:34, 1.03, 31, 265.71, 17.85, 353.77, 0.6771, 0.1447, -0.7174, 0.0771
13:55:34, 1.03, 31, 265.21, 18.03, 353.73, 0.6739, 0.1457, -0.7201, 0.0786
13:55:34, 1.03, 31, 264.66, 18.26, 353.71, 0.6703, 0.1468, -0.7230, 0.0807
13:55:34, 1.07, 32, 264.02, 18.50, 353.78, 0.6660, 0.1472, -0.7265, 0.0834
13:55:34, 1.07, 32, 263.29, 18.72, 353.68, 0.6614, 0.1485, -0.7302, 0.0852
13:55:34, 1.10, 33, 262.41, 19.00, 353.59, 0.6556, 0.1501, -0.7348, 0.0876
13:55:35, 1.10, 33, 261.61, 19.27, 353.56, 0.6503, 0.1511, -0.7390, 0.0903
13:55:35, 1.13, 34, 260.81, 19.48, 353.42, 0.6452, 0.1526, -0.7430, 0.0919
13:55:35, 1.13, 34, 260.11, 19.80, 353.39, 0.6404, 0.1540, -0.7464, 0.0948
13:55:35, 1.13, 34, 259.49, 20.13, 353.32, 0.6363, 0.1557, -0.7492, 0.0974
13:55:35, 1.17, 35, 259.15, 20.46, 353.32, 0.6339, 0.1572, -0.7506, 0.1001
13:55:35, 1.17, 35, 258.97, 20.71, 353.40, 0.6325, 0.1578, -0.7514, 0.1025
13:55:35, 1.20, 36, 258.88, 20.91, 353.67, 0.6315, 0.1571, -0.7519, 0.1054
13:55:35, 1.20, 36, 258.70, 21.09, 353.75, 0.6301, 0.1573, -0.7528, 0.1073
13:55:35, 1.20, 36, 258.64, 21.12, 353.82, 0.6297, 0.1569, -0.7532, 0.1080
13:55:35, 1.23, 37, 258.58, 21.25, 353.86, 0.6292, 0.1573, -0.7533, 0.1092
13:55:35, 1.23, 37, 258.56, 21.40, 353.93, 0.6289, 0.1577, -0.7533, 0.1106
13:55:35, 1.27, 38, 258.56, 21.52, 354.00, 0.6287, 0.1578, -0.7532, 0.1117
13:55:35, 1.27, 38, 258.60, 21.56, 354.09, 0.6288, 0.1575, -0.7531, 0.1124
13:55:35, 1.30, 39, 258.56, 21.62, 354.13, 0.6285, 0.1575, -0.7532, 0.1132
13:55:35, 1.30, 39, 258.57, 21.70, 354.17, 0.6285, 0.1577, -0.7531, 0.1139
13:55:35, 1.30, 39, 258.58, 21.78, 354.15, 0.6285, 0.1582, -0.7529, 0.1143
13:55:35, 1.33, 40, 258.59, 21.89, 354.14, 0.6285, 0.1589, -0.7527, 0.1150
13:55:35, 1.33, 40, 258.65, 22.05, 354.14, 0.6287, 0.1598, -0.7521, 0.1159
13:55:35, 1.37, 41, 258.73, 22.19, 354.16, 0.6292, 0.1605, -0.7515, 0.1168
13:55:35, 1.37, 41, 258.92, 22.35, 354.14, 0.6303, 0.1618, -0.7501, 0.1176
13:55:35, 1.37, 41, 259.20, 22.46, 354.16, 0.6320, 0.1625, -0.7485, 0.1180
13:55:35, 1.40, 42, 259.47, 22.55, 354.23, 0.6337, 0.1628, -0.7469, 0.1186
13:55:35, 1.40, 42, 259.71, 22.64, 354.30, 0.6351, 0.1630, -0.7456, 0.1192
13:55:35, 1.43, 43, 259.91, 22.70, 354.34, 0.6363, 0.1634, -0.7444, 0.1196
13:55:35, 1.43, 43, 260.10, 22.76, 354.39, 0.6374, 0.1636, -0.7433, 0.1200
13:55:35, 1.47, 44, 260.29, 22.81, 354.43, 0.6386, 0.1637, -0.7422, 0.1203
13:55:35, 1.47, 44, 260.42, 22.87, 354.41, 0.6394, 0.1643, -0.7414, 0.1204
13:55:35, 1.47, 44, 260.56, 22.94, 354.34, 0.6403, 0.1653, -0.7404, 0.1203
13:55:35, 1.50, 45, 260.72, 22.99, 354.25, 0.6414, 0.1664, -0.7393, 0.1198
13:55:35, 1.50, 45, 260.95, 23.08, 354.18, 0.6429, 0.1675, -0.7378, 0.1197
13:55:35, 1.53, 46, 261.19, 23.19, 354.12, 0.6444, 0.1687, -0.7362, 0.1197
13:55:35, 1.53, 46, 261.52, 23.36, 354.13, 0.6464, 0.1700, -0.7340, 0.1204
13:55:35, 1.57, 47, 262.04, 23.52, 354.13, 0.6495, 0.1714, -0.7308, 0.1207
13:55:35, 1.57, 47, 262.83, 23.73, 354.18, 0.6543, 0.1731, -0.7261, 0.1212
13:55:35, 1.57, 47, 263.90, 24.00, 354.30, 0.6608, 0.1750, -0.7196, 0.1220
13:55:35, 1.60, 48, 265.32, 24.34, 354.54, 0.6690, 0.1769, -0.7113, 0.1233
13:55:35, 1.60, 48, 267.06, 24.76, 354.92, 0.6790, 0.1789, -0.7009, 0.1255
13:55:35, 1.63, 49, 269.05, 25.11, 355.48, 0.6900, 0.1798, -0.6894, 0.1279
13:55:35, 1.63, 49, 271.00, 25.43, 355.98, 0.7008, 0.1809, -0.6778, 0.1298
13:55:35, 1.63, 49, 273.07, 25.71, 356.48, 0.7120, 0.1820, -0.6654, 0.1312
13:55:35, 1.67, 50, 275.33, 25.92, 357.00, 0.7241, 0.1829, -0.6518, 0.1321
13:55:35, 1.67, 50, 277.56, 26.09, 357.83, 0.7354, 0.1819, -0.6386, 0.1348
13:55:35, 1.70, 51, 279.64, 26.21, 358.81, 0.7456, 0.1797, -0.6266, 0.1385
13:55:35, 1.70, 51, 281.43, 26.24, 359.60, 0.7543, 0.1778, -0.6160, 0.1411
13:55:35, 1.70, 51, 283.10, 26.22, 0.12, 0.7626, 0.1770, -0.6058, 0.1418
13:55:35, 1.73, 52, 284.61, 26.18, 0.40, 0.7702, 0.1771, -0.5962, 0.1412
13:55:35, 1.73, 52, 286.37, 26.26, 0.79, 0.7787, 0.1778, -0.5848, 0.1415
13:55:35, 1.77, 53, 288.30, 26.37, 1.22, 0.7877, 0.1788, -0.5722, 0.1420
13:55:35, 1.77, 53, 290.61, 26.47, 1.70, 0.7983, 0.1800, -0.5568, 0.1421
13:55:35, 1.80, 54, 293.02, 26.50, 2.19, 0.8092, 0.1809, -0.5407, 0.1420
13:55:35, 1.80, 54, 295.64, 26.55, 2.73, 0.8206, 0.1820, -0.5228, 0.1419
13:55:35, 1.80, 54, 298.57, 26.44, 3.40, 0.8331, 0.1818, -0.5029, 0.1416
13:55:35, 1.83, 55, 301.51, 26.33, 4.12, 0.8450, 0.1815, -0.4826, 0.1417
13:55:35, 1.83, 55, 304.37, 26.27, 4.93, 0.8560, 0.1813, -0.4626, 0.1429
13:55:35, 1.87, 56, 307.26, 26.14, 5.80, 0.8665, 0.1805, -0.4423, 0.1445
13:55:35, 1.87, 56, 310.11, 25.93, 6.44, 0.8769, 0.1800, -0.4217, 0.1441
13:55:35, 1.87, 56, 313.05, 25.58, 6.95, 0.8875, 0.1791, -0.4000, 0.1423
13:55:35, 1.90, 57, 315.88, 25.07, 7.46, 0.8975, 0.1769, -0.3789, 0.1402
13:55:35, 1.90, 57, 318.64, 24.72, 8.03, 0.9063, 0.1756, -0.3582, 0.1394
13:55:35, 1.93, 58, 321.31, 24.32, 8.63, 0.9145, 0.1738, -0.3378, 0.1390
13:55:35, 1.93, 58, 323.73, 23.99, 9.14, 0.9215, 0.1726, -0.3192, 0.1385
13:55:35, 1.97, 59, 325.97, 23.71, 9.41, 0.9278, 0.1723, -0.3015, 0.1367
13:55:35, 1.97, 59, 328.11, 23.35, 9.53, 0.9338, 0.1715, -0.2843, 0.1336
13:55:35, 1.97, 59, 330.20, 23.00, 9.64, 0.9393, 0.1708, -0.2672, 0.1306
13:55:35, 2.00, 60, 332.30, 22.70, 9.84, 0.9444, 0.1702, -0.2502, 0.1286
13:55:35, 2.00, 60, 334.22, 22.34, 10.02, 0.9489, 0.1690, -0.2345, 0.1266
13:55:35, 2.03, 61, 336.06, 22.08, 10.28, 0.9527, 0.1683, -0.2196, 0.1255
13:55:35, 2.03, 61, 337.79, 21.78, 10.40, 0.9563, 0.1675, -0.2052, 0.1236
13:55:35, 2.03, 61, 339.41, 21.61, 10.48, 0.9594, 0.1677, -0.1917, 0.1216
13:55:35, 2.07, 62, 340.96, 21.36, 10.43, 0.9623, 0.1672, -0.1785, 0.1186
13:55:35, 2.07, 62, 342.55, 21.11, 10.37, 0.9652, 0.1668, -0.1649, 0.1155
13:55:35, 2.10, 63, 344.11, 20.77, 10.35, 0.9680, 0.1656, -0.1515, 0.1126
13:55:36, 2.10, 63, 345.68, 20.52, 10.44, 0.9703, 0.1648, -0.1383, 0.1109
13:55:36, 2.13, 64, 347.18, 20.23, 10.53, 0.9724, 0.1637, -0.1255, 0.1093
13:55:36, 2.13, 64, 348.54, 20.08, 10.42, 0.9741, 0.1638, -0.1137, 0.1063
13:55:36, 2.13, 64, 349.84, 19.89, 10.35, 0.9757, 0.1635, -0.1023, 0.1037
13:55:36, 2.17, 65, 351.10, 19.77, 10.15, 0.9772, 0.1637, -0.0912, 0.1001
13:55:36, 2.17, 65, 352.31, 19.69, 9.99, 0.9783, 0.1642, -0.0807, 0.0970
13:55:36, 2.20, 66, 353.48, 19.61, 9.88, 0.9793, 0.1645, -0.0705, 0.0944
13:55:36, 2.20, 66, 354.49, 19.50, 9.75, 0.9802, 0.1645, -0.0616, 0.0918
13:55:36, 2.20, 66, 355.54, 19.41, 9.60, 0.9809, 0.1647, -0.0523, 0.0890
13:55:36, 2.23, 67, 356.62, 19.33, 9.38, 0.9817, 0.1648, -0.0427, 0.0855
13:55:36, 2.23, 67, 357.74, 19.11, 9.20, 0.9825, 0.1638, -0.0327, 0.0824
13:55:36, 2.27, 68, 358.96, 18.98, 9.07, 0.9831, 0.1637, -0.0220, 0.0795
13:55:36, 2.27, 68, 0.22, 18.76, 8.93, 0.9837, 0.1626, -0.0108, 0.0765
13:55:36, 2.30, 69, 1.62, 18.59, 8.89, 0.9840, 0.1621, 0.0014, 0.0742
13:55:36, 2.30, 69, 3.02, 18.42, 8.83, 0.9842, 0.1615, 0.0136, 0.0717
13:55:36, 2.30, 69, 4.51, 18.28, 8.84, 0.9841, 0.1613, 0.0265, 0.0698
13:55:36, 2.33, 70, 5.96, 18.12, 8.89, 0.9839, 0.1608, 0.0390, 0.0682
13:55:36, 2.33, 70, 7.40, 18.01, 8.89, 0.9834, 0.1607, 0.0515, 0.0663
13:55:36, 2.37, 71, 8.80, 17.89, 8.89, 0.9829, 0.1605, 0.0635, 0.0644
13:55:36, 2.37, 71, 10.24, 17.72, 8.79, 0.9823, 0.1597, 0.0761, 0.0617
13:55:36, 2.37, 71, 11.68, 17.56, 8.69, 0.9815, 0.1590, 0.0888, 0.0590
13:55:36, 2.40, 72, 13.13, 17.35, 8.67, 0.9806, 0.1579, 0.1014, 0.0570
13:55:36, 2.40, 72, 14.56, 17.17, 8.59, 0.9795, 0.1571, 0.1139, 0.0546
13:55:36, 2.43, 73, 15.99, 16.92, 8.45, 0.9784, 0.1554, 0.1264, 0.0517
13:55:36, 2.43, 73, 17.45, 16.71, 8.38, 0.9769, 0.1542, 0.1392, 0.0495
13:55:36, 2.47, 74, 18.93, 16.50, 8.37, 0.9753, 0.1530, 0.1520, 0.0477
13:55:36, 2.47, 74, 20.38, 16.32, 8.29, 0.9735, 0.1520, 0.1645, 0.0454
13:55:36, 2.47, 74, 21.88, 16.08, 8.24, 0.9716, 0.1504, 0.1776, 0.0434
13:55:36, 2.50, 75, 23.36, 15.93, 8.16, 0.9694, 0.1496, 0.1903, 0.0410
13:55:36, 2.50, 75, 24.72, 15.83, 8.14, 0.9672, 0.1492, 0.2019, 0.0393
13:55:36, 2.53, 76, 26.04, 15.71, 8.06, 0.9649, 0.1485, 0.2133, 0.0372
13:55:36, 2.53, 76, 27.33, 15.62, 8.01, 0.9626, 0.1480, 0.2243, 0.0352
13:55:36, 2.53, 76, 28.64, 15.42, 7.86, 0.9602, 0.1465, 0.2356, 0.0327
13:55:36, 2.57, 77, 29.97, 15.16, 7.77, 0.9577, 0.1445, 0.2470, 0.0309
13:55:36, 2.57, 77, 31.14, 15.05, 7.75, 0.9552, 0.1438, 0.2570, 0.0295
13:55:36, 2.60, 78, 32.23, 14.88, 7.72, 0.9529, 0.1427, 0.2662, 0.0283
13:55:36, 2.60, 78, 33.28, 14.83, 7.65, 0.9505, 0.1424, 0.2751, 0.0265
13:55:36, 2.63, 79, 34.30, 14.75, 7.57, 0.9481, 0.1417, 0.2837, 0.0247
13:55:36, 2.63, 79, 35.30, 14.65, 7.51, 0.9457, 0.1409, 0.2921, 0.0233
13:55:36, 2.63, 79, 36.21, 14.56, 7.38, 0.9434, 0.1400, 0.2999, 0.0213
13:55:36, 2.67, 80, 37.18, 14.44, 7.32, 0.9409, 0.1391, 0.3080, 0.0200
13:55:36, 2.67, 80, 38.14, 14.31, 7.19, 0.9385, 0.1378, 0.3162, 0.0182
13:55:36, 2.70, 81, 39.13, 14.18, 7.06, 0.9358, 0.1365, 0.3245, 0.0163
13:55:36, 2.70, 81, 40.06, 14.07, 6.95, 0.9333, 0.1354, 0.3323, 0.0147
13:55:36, 2.73, 82, 41.04, 13.98, 6.86, 0.9305, 0.1346, 0.3405, 0.0131
13:55:36, 2.73, 82, 41.93, 13.88, 6.80, 0.9279, 0.1337, 0.3479, 0.0118
13:55:36, 2.73, 82, 42.80, 13.85, 6.67, 0.9253, 0.1331, 0.3551, 0.0099
13:55:36, 2.77, 83, 43.57, 13.81, 6.58, 0.9229, 0.1326, 0.3614, 0.0084
13:55:36, 2.77, 83, 44.33, 13.85, 6.46, 0.9205, 0.1326, 0.3676, 0.0064
13:55:36, 2.80, 84, 45.09, 13.83, 6.26, 0.9180, 0.1318, 0.3740, 0.0040
13:55:36, 2.80, 84, 45.83, 13.84, 6.05, 0.9156, 0.1312, 0.3801, 0.0014
13:55:36, 2.80, 84, 46.56, 13.78, 5.90, 0.9132, 0.1302, 0.3862, -0.0004
13:55:36, 2.83, 85, 47.34, 13.80, 5.70, 0.9105, 0.1297, 0.3926, -0.0030
13:55:36, 2.83, 85, 48.16, 13.79, 5.61, 0.9077, 0.1292, 0.3992, -0.0046
13:55:36, 2.87, 86, 48.96, 13.74, 5.48, 0.9049, 0.1284, 0.4057, -0.0063
13:55:36, 2.87, 86, 49.74, 13.69, 5.41, 0.9022, 0.1277, 0.4120, -0.0075
13:55:36, 2.90, 87, 50.59, 13.56, 5.33, 0.8992, 0.1264, 0.4189, -0.0086
13:55:36, 2.93, 88, 53.02, 13.39, 5.11, 0.8902, 0.1240, 0.4382, -0.0123
13:55:36, 2.93, 88, 53.83, 13.26, 5.05, 0.8872, 0.1227, 0.4446, -0.0132
13:55:36, 2.97, 89, 54.62, 13.21, 4.99, 0.8841, 0.1219, 0.4508, -0.0143
13:55:36, 2.97, 89, 55.41, 13.05, 4.98, 0.8811, 0.1206, 0.4571, -0.0146
13:55:36, 2.97, 89, 56.21, 12.91, 4.91, 0.8780, 0.1191, 0.4634, -0.0154
13:55:36, 3.00, 90, 56.99, 12.72, 4.89, 0.8749, 0.1175, 0.4695, -0.0155
13:55:36, 3.00, 90, 57.78, 12.52, 4.85, 0.8718, 0.1157, 0.4758, -0.0158
13:55:36, 3.03, 91, 58.59, 12.30, 4.79, 0.8685, 0.1137, 0.4822, -0.0161
13:55:36, 3.03, 91, 59.41, 12.14, 4.76, 0.8651, 0.1122, 0.4885, -0.0165
13:55:36, 3.03, 91, 60.25, 12.01, 4.68, 0.8616, 0.1108, 0.4950, -0.0174
13:55:36, 3.07, 92, 61.05, 11.96, 4.61, 0.8582, 0.1100, 0.5011, -0.0185
13:55:36, 3.07, 92, 61.79, 11.95, 4.50, 0.8549, 0.1093, 0.5068, -0.0199
13:55:36, 3.10, 93, 62.44, 11.92, 4.44, 0.8520, 0.1087, 0.5117, -0.0208
13:55:37, 3.10, 93, 63.08, 11.96, 4.38, 0.8491, 0.1086, 0.5165, -0.0221
13:55:37, 3.13, 94, 63.74, 12.04, 4.19, 0.8460, 0.1082, 0.5215, -0.0244
13:55:37, 3.13, 94, 64.28, 12.13, 4.07, 0.8435, 0.1082, 0.5255, -0.0263
13:55:37, 3.13, 94, 64.85, 12.28, 3.99, 0.8407, 0.1087, 0.5297, -0.0281
13:55:37, 3.17, 95, 65.38, 12.45, 3.86, 0.8381, 0.1093, 0.5335, -0.0303
13:55:37, 3.17, 95, 65.82, 12.63, 3.78, 0.8360, 0.1101, 0.5367, -0.0322
13:55:37, 3.20, 96, 66.29, 12.84, 3.66, 0.8335, 0.1110, 0.5401, -0.0346
13:55:37, 3.20, 96, 66.72, 13.06, 3.50, 0.8313, 0.1116, 0.5432, -0.0371
13:55:37, 3.20, 96, 67.14, 13.17, 3.44, 0.8292, 0.1120, 0.5462, -0.0385
13:55:37, 3.23, 97, 67.60, 13.31, 3.30, 0.8269, 0.1121, 0.5495, -0.0407
13:55:37, 3.23, 97, 68.10, 13.36, 3.23, 0.8244, 0.1121, 0.5532, -0.0419
13:55:37, 3.27, 98, 68.61, 13.47, 3.19, 0.8219, 0.1124, 0.5568, -0.0432
13:55:37, 3.27, 98, 69.13, 13.54, 3.18, 0.8193, 0.1127, 0.5605, -0.0442
13:55:37, 3.30, 99, 69.67, 13.64, 3.15, 0.8165, 0.1130, 0.5643, -0.0454
13:55:37, 3.30, 99, 70.31, 13.60, 3.16, 0.8134, 0.1126, 0.5688, -0.0458
13:55:37, 3.30, 99, 70.90, 13.59, 3.15, 0.8105, 0.1122, 0.5730, -0.0464
13:55:37, 3.33, 100, 71.53, 13.56, 3.05, 0.8073, 0.1112, 0.5776, -0.0475
13:55:37, 3.33, 100, 72.22, 13.49, 3.05, 0.8039, 0.1104, 0.5825, -0.0479
13:55:37, 3.37, 101, 72.86, 13.46, 3.07, 0.8006, 0.1101, 0.5870, -0.0482
13:55:37, 3.37, 101, 73.47, 13.38, 3.03, 0.7975, 0.1091, 0.5914, -0.0486
13:55:37, 3.37, 101, 74.08, 13.31, 3.04, 0.7944, 0.1084, 0.5957, -0.0488
13:55:37, 3.40, 102, 74.59, 13.23, 3.00, 0.7918, 0.1073, 0.5993, -0.0491
13:55:37, 3.40, 102, 75.14, 13.20, 2.98, 0.7889, 0.1068, 0.6031, -0.0495
13:55:37, 3.43, 103, 75.69, 13.09, 2.97, 0.7861, 0.1058, 0.6070, -0.0496
13:55:37, 3.43, 103, 76.16, 13.07, 2.95, 0.7836, 0.1053, 0.6103, -0.0501
13:55:37, 3.47, 104, 76.60, 13.10, 2.94, 0.7812, 0.1053, 0.6132, -0.0507
13:55:37, 3.47, 104, 77.04, 13.11, 2.95, 0.7789, 0.1052, 0.6162, -0.0511
13:55:37, 3.47, 104, 77.43, 13.07, 2.95, 0.7768, 0.1048, 0.6189, -0.0512
13:55:37, 3.50, 105, 77.84, 13.15, 2.94, 0.7745, 0.1051, 0.6216, -0.0520
13:55:37, 3.50, 105, 78.21, 13.23, 2.95, 0.7725, 0.1055, 0.6240, -0.0528
13:55:37, 3.53, 106, 78.53, 13.28, 2.94, 0.7707, 0.1056, 0.6262, -0.0534
13:55:37, 3.53, 106, 78.80, 13.35, 3.00, 0.7691, 0.1063, 0.6279, -0.0537
13:55:37, 3.57, 107, 79.07, 13.46, 3.11, 0.7677, 0.1075, 0.6295, -0.0538
13:55:37, 3.57, 107, 79.32, 13.58, 3.18, 0.7663, 0.1086, 0.6310, -0.0542
13:55:37, 3.57, 107, 79.55, 13.73, 3.30, 0.7649, 0.1101, 0.6323, -0.0545
13:55:37, 3.60, 108, 79.71, 13.86, 3.34, 0.7640, 0.1111, 0.6332, -0.0550
13:55:37, 3.60, 108, 79.87, 14.05, 3.38, 0.7630, 0.1126, 0.6341, -0.0560
13:55:37, 3.63, 109, 80.01, 14.17, 3.46, 0.7622, 0.1137, 0.6348, -0.0563
13:55:37, 3.63, 109, 80.16, 14.31, 3.53, 0.7613, 0.1149, 0.6356, -0.0568
13:55:37, 3.63, 109, 80.28, 14.39, 3.62, 0.7606, 0.1159, 0.6362, -0.0568
13:55:37, 3.67, 110, 80.38, 14.49, 3.67, 0.7600, 0.1168, 0.6368, -0.0571
13:55:37, 3.67, 110, 80.48, 14.59, 3.67, 0.7594, 0.1174, 0.6373, -0.0577
13:55:37, 3.70, 111, 80.58, 14.66, 3.73, 0.7589, 0.1181, 0.6378, -0.0579
13:55:37, 3.70, 111, 80.70, 14.76, 3.77, 0.7581, 0.1190, 0.6385, -0.0582
13:55:37, 3.70, 111, 80.83, 14.81, 3.82, 0.7574, 0.1195, 0.6393, -0.0584
13:55:37, 3.73, 112, 80.97, 14.86, 3.87, 0.7566, 0.1201, 0.6401, -0.0584
13:55:37, 3.73, 112, 81.09, 14.89, 3.97, 0.7559, 0.1207, 0.6408, -0.0580
13:55:37, 3.77, 113, 81.23, 14.94, 4.07, 0.7552, 0.1215, 0.6416, -0.0578
13:55:37, 3.77, 113, 81.38, 14.95, 4.17, 0.7544, 0.1221, 0.6424, -0.0574
13:55:37, 3.80, 114, 81.52, 15.00, 4.25, 0.7536, 0.1228, 0.6432, -0.0573
13:55:37, 3.80, 114, 81.67, 14.98, 4.32, 0.7528, 0.1230, 0.6441, -0.0570
13:55:37, 3.80, 114, 81.83, 15.02, 4.37, 0.7519, 0.1234, 0.6451, -0.0569
13:55:37, 3.83, 115, 81.98, 14.99, 4.45, 0.7511, 0.1236, 0.6460, -0.0564
13:55:37, 3.83, 115, 82.09, 14.98, 4.55, 0.7506, 0.1241, 0.6466, -0.0558
13:55:37, 3.87, 116, 82.16, 14.97, 4.59, 0.7502, 0.1243, 0.6470, -0.0556
13:55:37, 3.87, 116, 82.27, 14.97, 4.66, 0.7496, 0.1245, 0.6477, -0.0553
13:55:37, 3.90, 117, 82.37, 14.98, 4.70, 0.7491, 0.1247, 0.6483, -0.0552
13:55:37, 3.90, 117, 82.43, 14.97, 4.74, 0.7487, 0.1249, 0.6487, -0.0549
13:55:37, 3.90, 117, 82.48, 15.01, 4.77, 0.7484, 0.1253, 0.6489, -0.0550
13:55:37, 3.93, 118, 82.52, 14.99, 4.81, 0.7483, 0.1254, 0.6491, -0.0547
13:55:37, 3.93, 118, 82.52, 15.04, 4.81, 0.7482, 0.1258, 0.6491, -0.0550
13:55:37, 3.97, 119, 82.52, 15.08, 4.82, 0.7482, 0.1261, 0.6490, -0.0551
13:55:37, 3.97, 119, 82.54, 15.11, 4.83, 0.7481, 0.1263, 0.6492, -0.0553
13:55:37, 3.97, 119, 82.58, 15.18, 4.85, 0.7478, 0.1268, 0.6493, -0.0556
13:55:37, 4.00, 120, 82.65, 15.27, 4.88, 0.7474, 0.1276, 0.6496, -0.0559
13:55:37, 4.00, 120, 82.70, 15.33, 4.92, 0.7471, 0.1281, 0.6498, -0.0561
13:55:37, 4.03, 121, 82.75, 15.42, 4.93, 0.7467, 0.1288, 0.6501, -0.0566
13:55:37, 4.03, 121, 82.80, 15.50, 4.94, 0.7464, 0.1293, 0.6503, -0.0571
13:55:37, 4.03, 121, 82.85, 15.57, 4.93, 0.7461, 0.1297, 0.6506, -0.0575
13:55:37, 4.07, 122, 82.89, 15.62, 4.93, 0.7458, 0.1299, 0.6508, -0.0579
13:55:37, 4.07, 122, 82.90, 15.65, 4.91, 0.7457, 0.1300, 0.6508, -0.0583
13:55:37, 4.10, 123, 82.89, 15.73, 4.86, 0.7457, 0.1303, 0.6508, -0.0590
13:55:38, 4.10, 123, 82.88, 15.80, 4.84, 0.7457, 0.1306, 0.6506, -0.0595
13:55:38, 4.13, 124, 82.89, 15.84, 4.80, 0.7456, 0.1307, 0.6507, -0.0601
13:55:38, 4.13, 124, 82.87, 15.87, 4.75, 0.7457, 0.1305, 0.6506, -0.0605
13:55:38, 4.13, 124, 82.87, 15.90, 4.69, 0.7456, 0.1304, 0.6506, -0.0611
13:55:38, 4.17, 125, 82.86, 15.95, 4.62, 0.7456, 0.1303, 0.6506, -0.0618
13:55:38, 4.17, 125, 82.91, 16.00, 4.58, 0.7453, 0.1304, 0.6509, -0.0624
13:55:38, 4.20, 126, 82.95, 16.05, 4.56, 0.7450, 0.1306, 0.6511, -0.0629
13:55:38, 4.20, 126, 82.98, 16.08, 4.53, 0.7448, 0.1307, 0.6513, -0.0633
13:55:38, 4.20, 126, 83.01, 16.16, 4.50, 0.7446, 0.1309, 0.6515, -0.0639
13:55:38, 4.23, 127, 83.02, 16.21, 4.46, 0.7444, 0.1310, 0.6515, -0.0645
13:55:38, 4.23, 127, 83.04, 16.30, 4.43, 0.7442, 0.1314, 0.6516, -0.0652
13:55:38, 4.27, 128, 83.07, 16.36, 4.41, 0.7440, 0.1317, 0.6517, -0.0657
13:55:38, 4.27, 128, 83.07, 16.41, 4.39, 0.7439, 0.1319, 0.6518, -0.0662
13:55:38, 4.30, 129, 83.10, 16.47, 4.36, 0.7438, 0.1321, 0.6518, -0.0668
13:55:38, 4.30, 129, 83.11, 16.51, 4.34, 0.7436, 0.1322, 0.6519, -0.0671
13:55:38, 4.30, 129, 83.13, 16.58, 4.31, 0.7435, 0.1325, 0.6520, -0.0677
13:55:38, 4.33, 130, 83.13, 16.65, 4.29, 0.7434, 0.1328, 0.6520, -0.0683
13:55:38, 4.33, 130, 83.15, 16.73, 4.28, 0.7432, 0.1332, 0.6520, -0.0688
13:55:38, 4.37, 131, 83.13, 16.78, 4.23, 0.7433, 0.1333, 0.6519, -0.0694
13:55:38, 4.37, 131, 83.12, 16.80, 4.21, 0.7433, 0.1333, 0.6519, -0.0697
13:55:38, 4.37, 131, 83.15, 16.80, 4.19, 0.7431, 0.1332, 0.6521, -0.0699
13:55:38, 4.40, 132, 83.16, 16.80, 4.17, 0.7430, 0.1331, 0.6521, -0.0700
13:55:38, 4.40, 132, 83.16, 16.80, 4.14, 0.7430, 0.1329, 0.6522, -0.0702
13:55:38, 4.43, 133, 83.14, 16.83, 4.15, 0.7431, 0.1332, 0.6520, -0.0702
13:55:38, 4.43, 133, 83.12, 16.86, 4.13, 0.7432, 0.1332, 0.6519, -0.0705
13:55:38, 4.47, 134, 83.11, 16.88, 4.15, 0.7433, 0.1336, 0.6517, -0.0705
13:55:38, 4.47, 134, 83.08, 16.95, 4.12, 0.7433, 0.1338, 0.6515, -0.0710
13:55:38, 4.47, 134, 83.05, 16.96, 4.10, 0.7435, 0.1338, 0.6513, -0.0712
13:55:38, 4.50, 135, 83.00, 17.00, 4.08, 0.7438, 0.1339, 0.6510, -0.0715
13:55:38, 4.50, 135, 82.94, 17.01, 4.07, 0.7441, 0.1340, 0.6506, -0.0716
13:55:38, 4.53, 136, 82.90, 17.03, 4.09, 0.7443, 0.1343, 0.6503, -0.0715
13:55:38, 4.53, 136, 82.86, 17.03, 4.10, 0.7445, 0.1344, 0.6500, -0.0714
13:55:38, 4.53, 136, 82.84, 17.06, 4.12, 0.7446, 0.1347, 0.6499, -0.0714
13:55:38, 4.57, 137, 82.81, 17.11, 4.14, 0.7448, 0.1351, 0.6496, -0.0715
13:55:38, 4.57, 137, 82.78, 17.14, 4.17, 0.7450, 0.1356, 0.6493, -0.0715
13:55:38, 4.60, 138, 82.74, 17.22, 4.18, 0.7451, 0.1361, 0.6489, -0.0718
13:55:38, 4.60, 138, 82.66, 17.25, 4.17, 0.7455, 0.1363, 0.6484, -0.0720
13:55:38, 4.63, 139, 82.57, 17.29, 4.14, 0.7460, 0.1365, 0.6478, -0.0722
13:55:38, 4.63, 139, 82.46, 17.31, 4.09, 0.7466, 0.1364, 0.6471, -0.0726
13:55:38, 4.63, 139, 82.30, 17.32, 4.05, 0.7474, 0.1363, 0.6461, -0.0727
13:55:38, 4.67, 140, 82.15, 17.35, 4.04, 0.7483, 0.1365, 0.6451, -0.0728
13:55:38, 4.67, 140, 81.94, 17.40, 4.01, 0.7494, 0.1368, 0.6437, -0.0729
13:55:38, 4.70, 141, 81.69, 17.49, 3.94, 0.7507, 0.1372, 0.6421, -0.0737
13:55:38, 4.70, 141, 81.33, 17.63, 3.83, 0.7525, 0.1377, 0.6397, -0.0747
13:55:38, 4.70, 141, 80.83, 17.84, 3.67, 0.7550, 0.1385, 0.6364, -0.0763
13:55:38, 4.73, 142, 80.18, 18.08, 3.53, 0.7583, 0.1398, 0.6320, -0.0778
13:55:38, 4.73, 142, 79.28, 18.39, 3.40, 0.7629, 0.1417, 0.6258, -0.0794
13:55:38, 4.77, 143, 78.11, 18.91, 3.30, 0.7686, 0.1454, 0.6176, -0.0814
13:55:38, 4.77, 143, 76.50, 19.50, 3.27, 0.7767, 0.1503, 0.6061, -0.0827
13:55:38, 4.80, 144, 74.68, 20.08, 3.18, 0.7855, 0.1551, 0.5932, -0.0840
13:55:38, 4.80, 144, 72.36, 20.80, 2.94, 0.7964, 0.1606, 0.5767, -0.0862
13:55:38, 4.80, 144, 69.80, 21.62, 2.47, 0.8077, 0.1659, 0.5586, -0.0899
13:55:38, 4.83, 145, 67.41, 22.41, 2.06, 0.8179, 0.1714, 0.5413, -0.0931
13:55:38, 4.83, 145, 64.90, 23.05, 1.53, 0.8282, 0.1756, 0.5234, -0.0961
13:55:38, 4.87, 146, 62.60, 23.38, 1.13, 0.8377, 0.1781, 0.5071, -0.0970
13:55:38, 4.87, 146, 60.38, 23.55, 0.71, 0.8468, 0.1794, 0.4912, -0.0974
13:55:38, 4.87, 146, 58.21, 23.75, 0.29, 0.8553, 0.1810, 0.4755, -0.0979
13:55:38, 4.90, 147, 55.93, 24.02, 359.74, 0.8637, 0.1827, 0.4591, -0.0995
13:55:38, 4.90, 147, 53.50, 24.33, 359.12, 0.8722, 0.1848, 0.4414, -0.1015
13:55:38, 4.93, 148, 51.01, 24.64, 358.32, 0.8803, 0.1864, 0.4235, -0.1048
13:55:38, 4.93, 148, 48.62, 24.80, 357.60, 0.8881, 0.1872, 0.4060, -0.1070
13:55:38, 4.97, 149, 46.21, 25.01, 356.79, 0.8952, 0.1883, 0.3885, -0.1100
13:55:38, 4.97, 149, 43.77, 25.27, 356.08, 0.9022, 0.1904, 0.3704, -0.1125
13:55:38, 4.97, 149, 41.29, 25.40, 355.42, 0.9091, 0.1918, 0.3519, -0.1139
13:55:38, 5.00, 150, 38.65, 25.53, 354.77, 0.9161, 0.1935, 0.3319, -0.1150
13:55:38, 5.00, 150, 35.92, 25.53, 354.12, 0.9231, 0.1945, 0.3111, -0.1156
13:55:38, 5.03, 151, 33.21, 25.37, 353.42, 0.9298, 0.1941, 0.2904, -0.1163
13:55:38, 5.03, 151, 30.43, 25.17, 352.77, 0.9363, 0.1937, 0.2689, -0.1164
13:55:38, 5.03, 151, 27.69, 24.83, 352.16, 0.9425, 0.1923, 0.2474, -0.1161
13:55:38, 5.07, 152, 24.87, 24.39, 351.51, 0.9485, 0.1902, 0.2252, -0.1160
13:55:38, 5.07, 152, 22.15, 23.85, 350.92, 0.9540, 0.1873, 0.2034, -0.1156
13:55:38, 5.10, 153, 19.58, 23.19, 350.45, 0.9591, 0.1835, 0.1825, -0.1144
13:55:39, 5.10, 153, 17.09, 22.52, 350.04, 0.9637, 0.1797, 0.1619, -0.1131
13:55:39, 5.13, 154, 14.69, 21.77, 349.76, 0.9679, 0.1754, 0.1417, -0.1109
13:55:39, 5.13, 154, 12.34, 20.92, 349.57, 0.9719, 0.1701, 0.1216, -0.1083
13:55:39, 5.13, 154, 10.02, 19.97, 349.41, 0.9755, 0.1641, 0.1016, -0.1057
13:55:39, 5.17, 155, 7.72, 19.00, 349.23, 0.9787, 0.1577, 0.0815, -0.1034
13:55:39, 5.17, 155, 5.59, 17.93, 349.16, 0.9815, 0.1504, 0.0627, -0.1008
13:55:39, 5.20, 156, 3.44, 16.77, 349.09, 0.9840, 0.1423, 0.0435, -0.0983
13:55:39, 5.20, 156, 1.41, 15.51, 349.19, 0.9862, 0.1332, 0.0249, -0.0950
13:55:39, 5.20, 156, 359.25, 14.22, 349.15, 0.9879, 0.1238, 0.0052, -0.0930
13:55:39, 5.23, 157, 357.07, 12.87, 349.00, 0.9891, 0.1139, -0.0146, -0.0923
13:55:39, 5.23, 157, 354.89, 11.56, 348.78, 0.9896, 0.1045, -0.0343, -0.0927
13:55:39, 5.27, 158, 352.72, 10.29, 348.53, 0.9896, 0.0953, -0.0539, -0.0936
13:55:39, 5.27, 158, 350.64, 9.05, 348.43, 0.9892, 0.0864, -0.0730, -0.0937
13:55:39, 5.30, 159, 348.78, 7.97, 348.27, 0.9883, 0.0788, -0.0900, -0.0947
13:55:39, 5.30, 159, 346.96, 6.90, 348.11, 0.9871, 0.0712, -0.1065, -0.0960
13:55:39, 5.30, 159, 345.14, 5.94, 348.02, 0.9856, 0.0646, -0.1231, -0.0967
13:55:39, 5.33, 160, 343.44, 5.22, 348.00, 0.9838, 0.0599, -0.1384, -0.0968
13:55:39, 5.33, 160, 341.91, 4.62, 348.00, 0.9820, 0.0560, -0.1521, -0.0969
13:55:39, 5.37, 161, 340.70, 4.28, 348.06, 0.9805, 0.0540, -0.1628, -0.0962
13:55:39, 5.37, 161, 339.43, 3.98, 348.17, 0.9787, 0.0524, -0.1740, -0.0952
13:55:39, 5.37, 161, 338.22, 3.96, 348.44, 0.9771, 0.0528, -0.1845, -0.0924
13:55:39, 5.40, 162, 337.18, 4.16, 348.76, 0.9756, 0.0547, -0.1933, -0.0888
13:55:39, 5.40, 162, 336.25, 4.54, 349.13, 0.9742, 0.0581, -0.2010, -0.0845
13:55:39, 5.43, 163, 335.42, 4.94, 349.38, 0.9728, 0.0616, -0.2078, -0.0812
13:55:39, 5.43, 163, 334.71, 5.41, 349.64, 0.9716, 0.0656, -0.2136, -0.0777
13:55:39, 5.47, 164, 334.01, 5.78, 349.94, 0.9704, 0.0687, -0.2194, -0.0741
13:55:39, 5.47, 164, 333.28, 6.10, 350.21, 0.9691, 0.0712, -0.2255, -0.0707
13:55:39, 5.47, 164, 332.46, 6.27, 350.48, 0.9675, 0.0726, -0.2325, -0.0675
13:55:39, 5.50, 165, 331.54, 6.44, 350.69, 0.9657, 0.0742, -0.2402, -0.0648
13:55:39, 5.50, 165, 330.56, 6.65, 350.86, 0.9637, 0.0761, -0.2484, -0.0622
13:55:39, 5.53, 166, 329.60, 6.88, 350.96, 0.9615, 0.0784, -0.2563, -0.0602
13:55:39, 5.53, 166, 328.64, 7.06, 351.06, 0.9593, 0.0801, -0.2643, -0.0583
13:55:39, 5.53, 166, 327.74, 7.15, 351.20, 0.9573, 0.0810, -0.2719, -0.0563
13:55:39, 5.57, 167, 326.78, 7.28, 351.44, 0.9550, 0.0820, -0.2800, -0.0533
13:55:39, 5.57, 167, 325.77, 7.35, 351.66, 0.9526, 0.0824, -0.2884, -0.0505
13:55:39, 5.60, 168, 324.77, 7.51, 351.93, 0.9501, 0.0835, -0.2968, -0.0472
13:55:39, 5.60, 168, 323.89, 7.57, 352.04, 0.9478, 0.0840, -0.3042, -0.0455
13:55:39, 5.63, 169, 323.00, 7.70, 352.25, 0.9455, 0.0849, -0.3115, -0.0427
13:55:39, 5.63, 169, 322.10, 7.84, 352.47, 0.9430, 0.0858, -0.3191, -0.0398
13:55:39, 5.63, 169, 321.24, 8.03, 352.74, 0.9406, 0.0868, -0.3262, -0.0364
13:55:39, 5.67, 170, 320.41, 8.25, 352.97, 0.9382, 0.0882, -0.3330, -0.0332
13:55:39, 5.67, 170, 319.65, 8.67, 353.21, 0.9359, 0.0912, -0.3391, -0.0294
13:55:39, 5.70, 171, 319.03, 9.09, 353.43, 0.9339, 0.0941, -0.3440, -0.0258
13:55:39, 5.70, 171, 318.43, 9.57, 353.67, 0.9319, 0.0974, -0.3488, -0.0219
13:55:39, 5.70, 171, 317.83, 9.98, 353.82, 0.9299, 0.1004, -0.3535, -0.0188
13:55:39, 5.73, 172, 317.18, 10.29, 354.00, 0.9277, 0.1024, -0.3587, -0.0159
13:55:39, 5.73, 172, 316.42, 10.53, 354.09, 0.9252, 0.1042, -0.3647, -0.0137
13:55:39, 5.77, 173, 315.67, 10.76, 354.17, 0.9226, 0.1059, -0.3707, -0.0115
13:55:39, 5.77, 173, 314.91, 10.90, 354.18, 0.9201, 0.1069, -0.3768, -0.0103
13:55:39, 5.80, 174, 314.09, 11.01, 354.22, 0.9173, 0.1078, -0.3833, -0.0089
13:55:39, 5.80, 174, 313.23, 11.14, 354.27, 0.9143, 0.1087, -0.3901, -0.0072
13:55:39, 5.80, 174, 312.30, 11.24, 354.20, 0.9110, 0.1098, -0.3974, -0.0065
13:55:39, 5.83, 175, 311.46, 11.45, 354.20, 0.9080, 0.1115, -0.4039, -0.0049
13:55:39, 5.83, 175, 310.64, 11.60, 354.20, 0.9050, 0.1128, -0.4103, -0.0036
13:55:39, 5.87, 176, 309.83, 11.84, 354.24, 0.9019, 0.1145, -0.4165, -0.0016
13:55:39, 5.87, 176, 309.08, 11.96, 354.27, 0.8991, 0.1153, -0.4223, -0.0002
13:55:39, 5.90, 177, 308.34, 12.05, 354.28, 0.8963, 0.1160, -0.4280, 0.0010
13:55:39, 5.90, 177, 307.63, 12.20, 354.33, 0.8935, 0.1169, -0.4335, 0.0027
13:55:39, 5.90, 177, 306.88, 12.34, 354.37, 0.8906, 0.1178, -0.4393, 0.0043
13:55:39, 5.93, 178, 306.17, 12.59, 354.51, 0.8876, 0.1192, -0.4448, 0.0071
13:55:39, 5.93, 178, 305.40, 12.78, 354.63, 0.8845, 0.1201, -0.4506, 0.0096
13:55:39, 5.97, 179, 304.65, 12.97, 354.79, 0.8814, 0.1209, -0.4564, 0.0124
13:55:39, 5.97, 179, 303.88, 13.09, 354.87, 0.8782, 0.1214, -0.4623, 0.0143
13:55:39, 5.97, 179, 303.05, 13.21, 354.96, 0.8748, 0.1218, -0.4687, 0.0164
13:55:39, 6.00, 180, 302.25, 13.21, 355.01, 0.8715, 0.1215, -0.4749, 0.0177
13:55:39, 6.00, 180, 301.37, 13.23, 355.08, 0.8678, 0.1212, -0.4816, 0.0192
13:55:39, 6.03, 181, 300.54, 13.29, 355.16, 0.8642, 0.1212, -0.4879, 0.0210
13:55:39, 6.03, 181, 299.69, 13.22, 355.23, 0.8606, 0.1202, -0.4944, 0.0220
13:55:39, 6.03, 181, 298.83, 13.24, 355.31, 0.8568, 0.1198, -0.5009, 0.0236
13:55:39, 6.07, 182, 298.01, 13.27, 355.40, 0.8532, 0.1195, -0.5071, 0.0253
13:55:39, 6.07, 182, 297.18, 13.23, 355.39, 0.8495, 0.1191, -0.5133, 0.0259
13:55:39, 6.10, 183, 296.48, 13.21, 355.46, 0.8463, 0.1184, -0.5186, 0.0271
13:55:40, 6.10, 183, 295.77, 13.10, 355.51, 0.8432, 0.1172, -0.5240, 0.0277
13:55:40, 6.13, 184, 295.15, 13.01, 355.60, 0.8404, 0.1160, -0.5287, 0.0285
13:55:40, 6.13, 184, 294.59, 12.93, 355.69, 0.8378, 0.1149, -0.5330, 0.0294
13:55:40, 6.13, 184, 294.05, 12.75, 355.72, 0.8354, 0.1133, -0.5370, 0.0293
13:55:40, 6.17, 185, 293.66, 12.66, 355.76, 0.8336, 0.1123, -0.5400, 0.0295
13:55:40, 6.17, 185, 293.22, 12.54, 355.83, 0.8316, 0.1111, -0.5434, 0.0299
13:55:40, 6.20, 186, 292.74, 12.46, 355.88, 0.8294, 0.1101, -0.5469, 0.0303
13:55:40, 6.20, 186, 292.25, 12.38, 355.96, 0.8270, 0.1090, -0.5506, 0.0310
13:55:40, 6.20, 186, 291.76, 12.33, 356.09, 0.8247, 0.1079, -0.5543, 0.0321
13:55:40, 6.23, 187, 291.26, 12.26, 356.19, 0.8222, 0.1068, -0.5581, 0.0330
13:55:40, 6.23, 187, 290.66, 12.23, 356.29, 0.8193, 0.1059, -0.5625, 0.0341
13:55:40, 6.27, 188, 290.03, 12.19, 356.36, 0.8162, 0.1051, -0.5671, 0.0350
13:55:40, 6.27, 188, 289.29, 12.08, 356.47, 0.8126, 0.1035, -0.5725, 0.0359
13:55:40, 6.30, 189, 288.48, 11.97, 356.55, 0.8085, 0.1020, -0.5784, 0.0366
13:55:40, 6.30, 189, 287.57, 11.80, 356.60, 0.8040, 0.1003, -0.5850, 0.0369
13:55:40, 6.30, 189, 286.64, 11.64, 356.59, 0.7993, 0.0990, -0.5916, 0.0368
13:55:40, 6.33, 190, 285.67, 11.56, 356.55, 0.7943, 0.0984, -0.5983, 0.0369
13:55:40, 6.33, 190, 284.70, 11.45, 356.51, 0.7893, 0.0975, -0.6051, 0.0369
13:55:40, 6.37, 191, 283.65, 11.41, 356.54, 0.7837, 0.0967, -0.6124, 0.0378
13:55:40, 6.37, 191, 282.70, 11.32, 356.64, 0.7787, 0.0952, -0.6190, 0.0388
13:55:40, 6.37, 191, 281.76, 11.20, 356.76, 0.7735, 0.0935, -0.6256, 0.0397
13:55:40, 6.40, 192, 280.86, 11.09, 356.93, 0.7686, 0.0914, -0.6318, 0.0410
13:55:40, 6.40, 192, 280.04, 10.94, 357.12, 0.7641, 0.0891, -0.6375, 0.0421
13:55:40, 6.43, 193, 279.32, 10.89, 357.34, 0.7600, 0.0873, -0.6426, 0.0438
13:55:40, 6.43, 193, 278.69, 10.79, 357.54, 0.7564, 0.0852, -0.6470, 0.0451
13:55:40, 6.47, 194, 278.12, 10.67, 357.76, 0.7532, 0.0830, -0.6509, 0.0462
13:55:40, 6.47, 194, 277.56, 10.57, 357.92, 0.7500, 0.0812, -0.6548, 0.0471
13:55:40, 6.47, 194, 276.99, 10.40, 358.12, 0.7467, 0.0787, -0.6587, 0.0478
13:55:40, 6.50, 195, 276.47, 10.20, 358.28, 0.7437, 0.0762, -0.6624, 0.0481
13:55:40, 6.50, 195, 275.99, 9.99, 358.50, 0.7409, 0.0734, -0.6658, 0.0486
13:55:40, 6.53, 196, 275.49, 9.74, 358.66, 0.7381, 0.0707, -0.6692, 0.0485
13:55:40, 6.53, 196, 274.99, 9.48, 358.77, 0.7353, 0.0681, -0.6726, 0.0479
13:55:40, 6.57, 197, 274.58, 9.28, 358.86, 0.7329, 0.0662, -0.6755, 0.0475
13:55:40, 6.57, 197, 274.10, 9.01, 358.95, 0.7302, 0.0638, -0.6787, 0.0468
13:55:40, 6.57, 197, 273.70, 8.80, 359.05, 0.7278, 0.0616, -0.6814, 0.0465
13:55:40, 6.60, 198, 273.30, 8.64, 359.19, 0.7255, 0.0596, -0.6841, 0.0466
13:55:40, 6.60, 198, 272.81, 8.46, 359.29, 0.7226, 0.0577, -0.6873, 0.0464
13:55:40, 6.63, 199, 272.33, 8.30, 359.39, 0.7197, 0.0559, -0.6905, 0.0463
13:55:40, 6.63, 199, 271.84, 8.14, 359.50, 0.7167, 0.0540, -0.6937, 0.0462
13:55:40, 6.63, 199, 271.29, 8.01, 359.58, 0.7134, 0.0525, -0.6972, 0.0462
13:55:40, 6.67, 200, 270.83, 7.87, 359.66, 0.7107, 0.0510, -0.7002, 0.0460
13:55:40, 6.67, 200, 270.35, 7.75, 359.72, 0.7078, 0.0497, -0.7032, 0.0459
13:55:40, 6.70, 201, 269.87, 7.67, 359.79, 0.7048, 0.0485, -0.7063, 0.0460
13:55:40, 6.70, 201, 269.33, 7.61, 359.81, 0.7015, 0.0478, -0.7096, 0.0460
13:55:40, 6.70, 201, 268.81, 7.51, 359.83, 0.6983, 0.0469, -0.7128, 0.0458
13:55:40, 6.73, 202, 268.24, 7.41, 359.86, 0.6947, 0.0458, -0.7163, 0.0455
13:55:40, 6.73, 202, 267.66, 7.28, 359.90, 0.6912, 0.0446, -0.7199, 0.0452
13:55:40, 6.77, 203, 266.99, 7.13, 359.95, 0.6870, 0.0431, -0.7240, 0.0448
13:55:40, 6.77, 203, 266.31, 6.98, 359.98, 0.6827, 0.0417, -0.7281, 0.0443
13:55:40, 6.80, 204, 265.58, 6.84, 0.00, 0.6781, 0.0405, -0.7326, 0.0437
13:55:40, 6.80, 204, 264.83, 6.76, 0.06, 0.6733, 0.0394, -0.7370, 0.0439
13:55:40, 6.80, 204, 263.99, 6.58, 0.09, 0.6679, 0.0378, -0.7420, 0.0432
13:55:40, 6.83, 205, 263.09, 6.60, 0.15, 0.6620, 0.0372, -0.7473, 0.0439
13:55:40, 6.83, 205, 262.21, 6.62, 0.17, 0.6563, 0.0368, -0.7523, 0.0445
13:55:40, 6.87, 206, 261.23, 6.63, 0.11, 0.6499, 0.0369, -0.7578, 0.0445
13:55:40, 6.87, 206, 260.34, 6.70, 0.11, 0.6439, 0.0370, -0.7629, 0.0453
13:55:40, 6.90, 207, 259.40, 6.88, 0.14, 0.6376, 0.0374, -0.7681, 0.0469
13:55:40, 6.90, 207, 258.41, 7.03, 0.25, 0.6308, 0.0371, -0.7735, 0.0488
13:55:40, 6.90, 207, 257.43, 7.17, 0.31, 0.6241, 0.0371, -0.7788, 0.0505
13:55:40, 6.93, 208, 256.54, 7.28, 0.47, 0.6179, 0.0361, -0.7837, 0.0524
13:55:40, 6.93, 208, 255.66, 7.37, 0.55, 0.6118, 0.0357, -0.7884, 0.0537
13:55:40, 6.97, 209, 254.81, 7.46, 0.62, 0.6059, 0.0353, -0.7929, 0.0550
13:55:40, 6.97, 209, 254.03, 7.59, 0.62, 0.6004, 0.0355, -0.7970, 0.0561
13:55:40, 6.97, 209, 253.33, 7.68, 0.63, 0.5955, 0.0356, -0.8005, 0.0570
13:55:40, 7.00, 210, 252.70, 7.76, 0.79, 0.5910, 0.0346, -0.8038, 0.0586
13:55:40, 7.00, 210, 252.08, 7.91, 0.87, 0.5865, 0.0345, -0.8070, 0.0602
13:55:40, 7.03, 211, 251.55, 8.01, 0.90, 0.5827, 0.0344, -0.8097, 0.0613
13:55:40, 7.03, 211, 251.06, 8.06, 0.91, 0.5792, 0.0344, -0.8121, 0.0618
13:55:40, 7.07, 212, 250.62, 8.12, 0.86, 0.5761, 0.0348, -0.8143, 0.0621
13:55:40, 7.07, 212, 250.16, 8.20, 0.88, 0.5728, 0.0348, -0.8165, 0.0629
13:55:40, 7.07, 212, 249.71, 8.26, 0.90, 0.5695, 0.0347, -0.8188, 0.0635
13:55:40, 7.10, 213, 249.23, 8.26, 0.89, 0.5661, 0.0345, -0.8211, 0.0637
13:55:41, 7.10, 213, 248.78, 8.30, 0.92, 0.5628, 0.0343, -0.8234, 0.0643
13:55:41, 7.13, 214, 248.29, 8.24, 0.88, 0.5593, 0.0340, -0.8258, 0.0638
13:55:41, 7.13, 214, 247.87, 8.27, 0.88, 0.5563, 0.0339, -0.8278, 0.0641
13:55:41, 7.13, 214, 247.39, 8.25, 0.86, 0.5529, 0.0337, -0.8301, 0.0640
13:55:41, 7.17, 215, 246.95, 8.23, 0.81, 0.5497, 0.0337, -0.8322, 0.0637
13:55:41, 7.17, 215, 246.56, 8.19, 0.70, 0.5470, 0.0341, -0.8341, 0.0630
13:55:41, 7.20, 216, 246.20, 8.18, 0.73, 0.5443, 0.0336, -0.8358, 0.0632
13:55:41, 7.20, 216, 245.86, 8.24, 0.72, 0.5418, 0.0338, -0.8374, 0.0637
13:55:41, 7.23, 217, 245.48, 8.28, 0.73, 0.5390, 0.0337, -0.8392, 0.0642
13:55:41, 7.23, 217, 245.13, 8.32, 0.71, 0.5365, 0.0338, -0.8408, 0.0645
13:55:41, 7.23, 217, 244.74, 8.38, 0.71, 0.5336, 0.0339, -0.8426, 0.0650
13:55:41, 7.27, 218, 244.36, 8.41, 0.68, 0.5307, 0.0340, -0.8443, 0.0652
13:55:41, 7.27, 218, 243.95, 8.42, 0.60, 0.5278, 0.0345, -0.8462, 0.0650
13:55:41, 7.30, 219, 243.47, 8.51, 0.57, 0.5242, 0.0348, -0.8483, 0.0657
13:55:41, 7.30, 219, 243.00, 8.54, 0.52, 0.5208, 0.0350, -0.8504, 0.0658
13:55:41, 7.30, 219, 242.50, 8.61, 0.50, 0.5170, 0.0352, -0.8527, 0.0664
13:55:41, 7.33, 220, 241.98, 8.68, 0.41, 0.5132, 0.0359, -0.8550, 0.0667
13:55:41, 7.33, 220, 241.50, 8.74, 0.36, 0.5096, 0.0363, -0.8570, 0.0671
13:55:41, 7.37, 221, 240.98, 8.83, 0.31, 0.5057, 0.0367, -0.8593, 0.0677
13:55:41, 7.37, 221, 240.47, 8.91, 0.32, 0.5018, 0.0367, -0.8615, 0.0685
13:55:41, 7.37, 221, 239.95, 8.95, 0.27, 0.4980, 0.0369, -0.8637, 0.0687
13:55:41, 7.40, 222, 239.42, 9.03, 0.23, 0.4940, 0.0373, -0.8659, 0.0693
13:55:41, 7.40, 222, 238.93, 9.16, 0.20, 0.4902, 0.0378, -0.8680, 0.0704
13:55:41, 7.43, 223, 238.50, 9.25, 0.19, 0.4869, 0.0380, -0.8697, 0.0711
13:55:41, 7.43, 223, 238.03, 9.38, 0.23, 0.4833, 0.0379, -0.8716, 0.0725
13:55:41, 7.47, 224, 237.58, 9.45, 0.22, 0.4798, 0.0380, -0.8735, 0.0731
13:55:41, 7.47, 224, 237.13, 9.55, 0.21, 0.4763, 0.0382, -0.8753, 0.0740
13:55:41, 7.47, 224, 236.65, 9.62, 0.22, 0.4727, 0.0381, -0.8772, 0.0747
13:55:41, 7.50, 225, 236.21, 9.64, 0.19, 0.4693, 0.0381, -0.8790, 0.0749
13:55:41, 7.50, 225, 235.74, 9.69, 0.15, 0.4657, 0.0383, -0.8809, 0.0752
13:55:41, 7.53, 226, 235.25, 9.84, 0.12, 0.4619, 0.0388, -0.8828, 0.0764
13:55:41, 7.53, 226, 234.71, 9.95, 0.16, 0.4577, 0.0386, -0.8849, 0.0776
13:55:41, 7.57, 227, 234.17, 10.05, 0.14, 0.4535, 0.0388, -0.8870, 0.0785
13:55:41, 7.57, 227, 233.69, 10.14, 0.08, 0.4498, 0.0393, -0.8888, 0.0792
13:55:41, 7.57, 227, 233.19, 10.22, 0.02, 0.4459, 0.0397, -0.8907, 0.0797
13:55:41, 7.60, 228, 232.65, 10.25, 0.00, 0.4417, 0.0396, -0.8927, 0.0801
13:55:41, 7.60, 228, 232.14, 10.36, 0.00, 0.4377, 0.0397, -0.8946, 0.0811
13:55:41, 7.63, 229, 231.63, 10.40, 359.97, 0.4337, 0.0397, -0.8965, 0.0814
13:55:41, 7.63, 229, 231.15, 10.46, 359.95, 0.4299, 0.0397, -0.8983, 0.0820
13:55:41, 7.63, 229, 230.65, 10.50, 359.89, 0.4260, 0.0400, -0.9001, 0.0823
13:55:41, 7.67, 230, 230.22, 10.47, 359.82, 0.4227, 0.0401, -0.9017, 0.0820
13:55:41, 7.67, 230, 229.73, 10.50, 359.79, 0.4189, 0.0401, -0.9034, 0.0822
13:55:41, 7.70, 231, 229.31, 10.58, 359.75, 0.4156, 0.0404, -0.9049, 0.0829
13:55:41, 7.70, 231, 228.86, 10.59, 359.71, 0.4120, 0.0404, -0.9065, 0.0830
13:55:41, 7.73, 232, 228.48, 10.64, 359.68, 0.4090, 0.0406, -0.9078, 0.0834
13:55:41, 7.73, 232, 228.12, 10.66, 359.65, 0.4062, 0.0407, -0.9091, 0.0836
13:55:41, 7.73, 232, 227.74, 10.68, 359.61, 0.4032, 0.0407, -0.9104, 0.0837
13:55:41, 7.77, 233, 227.36, 10.69, 359.62, 0.4002, 0.0404, -0.9117, 0.0840
13:55:41, 7.77, 233, 226.94, 10.75, 359.57, 0.3968, 0.0407, -0.9131, 0.0844
13:55:41, 7.80, 234, 226.53, 10.75, 359.63, 0.3935, 0.0400, -0.9145, 0.0847
13:55:41, 7.80, 234, 226.11, 10.78, 359.61, 0.3902, 0.0399, -0.9159, 0.0851
13:55:41, 7.80, 234, 225.75, 10.83, 359.61, 0.3873, 0.0398, -0.9171, 0.0856
13:55:41, 7.83, 235, 225.35, 10.92, 359.61, 0.3841, 0.0398, -0.9184, 0.0865
13:55:41, 7.83, 235, 224.98, 10.89, 359.60, 0.3811, 0.0395, -0.9196, 0.0863
13:55:41, 7.87, 236, 224.59, 10.91, 359.61, 0.3779, 0.0392, -0.9209, 0.0867
13:55:41, 7.87, 236, 224.26, 10.97, 359.69, 0.3752, 0.0385, -0.9220, 0.0875
13:55:41, 7.90, 237, 223.94, 10.93, 359.66, 0.3727, 0.0383, -0.9231, 0.0872
13:55:41, 7.90, 237, 223.63, 11.02, 359.62, 0.3702, 0.0388, -0.9240, 0.0879
13:55:41, 7.90, 237, 223.36, 11.03, 359.58, 0.3680, 0.0389, -0.9248, 0.0879
13:55:41, 7.93, 238, 223.11, 11.08, 359.64, 0.3659, 0.0384, -0.9256, 0.0887
13:55:41, 7.93, 238, 222.86, 11.08, 359.66, 0.3639, 0.0380, -0.9264, 0.0888
13:55:41, 7.97, 239, 222.58, 11.11, 359.68, 0.3616, 0.0377, -0.9273, 0.0892
13:55:41, 7.97, 239, 222.37, 11.15, 359.62, 0.3600, 0.0382, -0.9279, 0.0894
13:55:41, 7.97, 239, 222.16, 11.20, 359.61, 0.3583, 0.0382, -0.9285, 0.0899
13:55:41, 8.00, 240, 221.97, 11.19, 359.59, 0.3568, 0.0383, -0.9291, 0.0898
13:55:41, 8.00, 240, 221.76, 11.21, 359.59, 0.3550, 0.0381, -0.9297, 0.0900
13:55:41, 8.03, 241, 221.58, 11.21, 359.59, 0.3536, 0.0380, -0.9303, 0.0900
13:55:41, 8.03, 241, 221.43, 11.19, 359.53, 0.3524, 0.0383, -0.9307, 0.0897
13:55:41, 8.07, 242, 221.29, 11.17, 359.47, 0.3513, 0.0387, -0.9312, 0.0895
13:55:41, 8.07, 242, 221.15, 11.18, 359.40, 0.3502, 0.0391, -0.9316, 0.0894
13:55:41, 8.07, 242, 221.02, 11.21, 359.34, 0.3492, 0.0396, -0.9319, 0.0895
13:55:41, 8.10, 243, 220.91, 11.21, 359.31, 0.3483, 0.0397, -0.9323, 0.0894
13:55:42, 8.10, 243, 220.77, 11.20, 359.26, 0.3473, 0.0401, -0.9327, 0.0892
13:55:42, 8.13, 244, 220.64, 11.20, 359.18, 0.3462, 0.0406, -0.9330, 0.0890
13:55:42, 8.13, 244, 220.53, 11.20, 359.12, 0.3454, 0.0410, -0.9333, 0.0889
13:55:42, 8.13, 244, 220.44, 11.21, 359.07, 0.3447, 0.0414, -0.9336, 0.0888
13:55:42, 8.17, 245, 220.34, 11.22, 358.97, 0.3439, 0.0421, -0.9339, 0.0886
13:55:42, 8.17, 245, 220.23, 11.24, 358.93, 0.3431, 0.0424, -0.9341, 0.0887
13:55:42, 8.20, 246, 220.15, 11.24, 358.87, 0.3425, 0.0428, -0.9343, 0.0887
13:55:42, 8.20, 246, 220.09, 11.28, 358.83, 0.3420, 0.0432, -0.9345, 0.0888
13:55:42, 8.23, 247, 219.99, 11.27, 358.76, 0.3413, 0.0437, -0.9348, 0.0886
13:55:42, 8.23, 247, 219.94, 11.29, 358.69, 0.3409, 0.0442, -0.9349, 0.0886
13:55:42, 8.23, 247, 219.89, 11.33, 358.64, 0.3406, 0.0448, -0.9350, 0.0887
13:55:42, 8.27, 248, 219.89, 11.34, 358.62, 0.3405, 0.0450, -0.9350, 0.0887
13:55:42, 8.27, 248, 219.92, 11.36, 358.60, 0.3408, 0.0452, -0.9348, 0.0889
13:55:42, 8.30, 249, 219.94, 11.40, 358.57, 0.3410, 0.0456, -0.9347, 0.0891
13:55:42, 8.30, 249, 220.00, 11.43, 358.52, 0.3415, 0.0462, -0.9345, 0.0891
13:55:42, 8.30, 249, 220.10, 11.50, 358.42, 0.3424, 0.0473, -0.9341, 0.0894
13:55:42, 8.33, 250, 220.25, 11.54, 358.35, 0.3436, 0.0480, -0.9336, 0.0895
13:55:42, 8.33, 250, 220.42, 11.63, 358.35, 0.3450, 0.0485, -0.9330, 0.0901
13:55:42, 8.37, 251, 220.54, 11.71, 358.40, 0.3460, 0.0484, -0.9326, 0.0909
13:55:42, 8.37, 251, 220.66, 11.77, 358.45, 0.3468, 0.0482, -0.9322, 0.0915
13:55:42, 8.40, 252, 220.77, 11.79, 358.42, 0.3478, 0.0486, -0.9318, 0.0915
13:55:42, 8.40, 252, 220.87, 11.84, 358.44, 0.3486, 0.0487, -0.9315, 0.0919
13:55:42, 8.40, 252, 220.97, 11.84, 358.45, 0.3494, 0.0487, -0.9312, 0.0919
13:55:42, 8.43, 253, 221.05, 11.83, 358.44, 0.3500, 0.0488, -0.9310, 0.0917
13:55:42, 8.43, 253, 221.08, 11.78, 358.46, 0.3503, 0.0485, -0.9309, 0.0914
13:55:42, 8.47, 254, 221.15, 11.75, 358.45, 0.3509, 0.0486, -0.9307, 0.0911
13:55:42, 8.47, 254, 221.27, 11.72, 358.41, 0.3519, 0.0489, -0.9304, 0.0907
13:55:42, 8.47, 254, 221.47, 11.76, 358.39, 0.3535, 0.0493, -0.9297, 0.0908
13:55:42, 8.50, 255, 221.71, 11.78, 358.40, 0.3555, 0.0495, -0.9289, 0.0909
13:55:42, 8.50, 255, 221.93, 11.80, 358.49, 0.3571, 0.0490, -0.9283, 0.0913
13:55:42, 8.53, 256, 222.12, 11.79, 358.49, 0.3587, 0.0491, -0.9277, 0.0911
13:55:42, 8.53, 256, 222.30, 11.79, 358.45, 0.3602, 0.0496, -0.9271, 0.0909
13:55:42, 8.57, 257, 222.56, 11.77, 358.43, 0.3623, 0.0499, -0.9263, 0.0906
13:55:42, 8.57, 257, 222.85, 11.79, 358.41, 0.3647, 0.0503, -0.9254, 0.0905
13:55:42, 8.57, 257, 223.24, 11.80, 358.42, 0.3678, 0.0506, -0.9241, 0.0905
13:55:42, 8.60, 258, 223.68, 11.77, 358.51, 0.3713, 0.0502, -0.9228, 0.0903
13:55:42, 8.60, 258, 224.17, 11.71, 358.56, 0.3752, 0.0499, -0.9212, 0.0898
13:55:42, 8.63, 259, 224.67, 11.59, 358.61, 0.3792, 0.0495, -0.9197, 0.0888
13:55:42, 8.63, 259, 225.27, 11.50, 358.60, 0.3840, 0.0497, -0.9178, 0.0878
13:55:42, 8.63, 259, 225.98, 11.40, 358.64, 0.3897, 0.0497, -0.9155, 0.0868
13:55:42, 8.67, 260, 226.98, 11.18, 358.67, 0.3977, 0.0494, -0.9123, 0.0847
13:55:42, 8.67, 260, 228.26, 10.86, 358.72, 0.4079, 0.0488, -0.9080, 0.0818
13:55:42, 8.70, 261, 229.70, 10.53, 358.70, 0.4194, 0.0488, -0.9031, 0.0785
13:55:42, 8.70, 261, 231.55, 10.17, 358.72, 0.4340, 0.0486, -0.8965, 0.0749
13:55:42, 8.73, 262, 233.72, 9.77, 358.60, 0.4511, 0.0494, -0.8883, 0.0705
13:55:42, 8.73, 262, 236.54, 9.12, 358.52, 0.4730, 0.0490, -0.8774, 0.0639
13:55:42, 8.73, 262, 239.57, 8.38, 358.47, 0.4962, 0.0479, -0.8650, 0.0568
13:55:42, 8.77, 263, 243.00, 7.58, 358.59, 0.5220, 0.0450, -0.8503, 0.0499
13:55:42, 8.77, 263, 246.62, 6.57, 358.82, 0.5487, 0.0401, -0.8340, 0.0423
13:55:42, 8.80, 264, 250.27, 5.68, 358.90, 0.5751, 0.0364, -0.8165, 0.0350
13:55:42, 8.80, 264, 253.90, 4.67, 358.98, 0.6009, 0.0316, -0.7982, 0.0272
13:55:42, 8.80, 264, 257.84, 3.66, 358.92, 0.6281, 0.0274, -0.7774, 0.0189
13:55:42, 8.83, 265, 262.18, 2.52, 358.86, 0.6572, 0.0219, -0.7533, 0.0101
13:55:42, 8.87, 266, 280.25, 359.02, 358.88, 0.7673, -0.0003, -0.6411, -0.0130
13:55:42, 8.90, 267, 284.65, 358.47, 358.31, 0.7912, -0.0016, -0.6112, -0.0198
13:55:42, 8.90, 267, 288.95, 357.94, 357.67, 0.8133, -0.0028, -0.5812, -0.0270
13:55:42, 8.93, 268, 293.04, 357.55, 357.35, 0.8334, -0.0051, -0.5518, -0.0311
13:55:42, 8.93, 268, 297.11, 357.25, 357.24, 0.8524, -0.0079, -0.5219, -0.0331
13:55:42, 8.97, 269, 300.90, 357.05, 357.34, 0.8691, -0.0110, -0.4934, -0.0329
13:55:42, 8.97, 269, 304.43, 356.91, 357.52, 0.8839, -0.0138, -0.4664, -0.0317
13:55:42, 8.97, 269, 307.80, 356.69, 357.63, 0.8972, -0.0169, -0.4402, -0.0313
13:55:42, 9.00, 270, 310.93, 356.43, 357.51, 0.9088, -0.0193, -0.4156, -0.0327
13:55:42, 9.00, 270, 313.93, 356.19, 357.31, 0.9192, -0.0214, -0.3917, -0.0346
13:55:42, 9.03, 271, 316.77, 356.10, 357.22, 0.9285, -0.0227, -0.3689, -0.0351
13:55:42, 9.03, 271, 319.46, 356.16, 357.07, 0.9369, -0.0226, -0.3470, -0.0356
13:55:42, 9.03, 271, 322.03, 356.27, 356.78, 0.9444, -0.0216, -0.3259, -0.0371
13:55:42, 9.07, 272, 324.41, 356.41, 356.54, 0.9510, -0.0206, -0.3062, -0.0383
13:55:42, 9.07, 272, 326.60, 356.56, 356.54, 0.9567, -0.0201, -0.2880, -0.0376
13:55:42, 9.10, 273, 328.71, 356.62, 356.65, 0.9619, -0.0205, -0.2703, -0.0361
13:55:43, 9.10, 273, 330.77, 356.65, 356.91, 0.9667, -0.0214, -0.2529, -0.0334
13:55:43, 9.13, 274, 332.64, 356.60, 357.18, 0.9707, -0.0230, -0.2370, -0.0309
13:55:43, 9.13, 274, 334.58, 356.37, 357.51, 0.9746, -0.0261, -0.2205, -0.0281
13:55:43, 9.13, 274, 336.70, 356.07, 357.68, 0.9785, -0.0295, -0.2025, -0.0268
13:55:43, 9.17, 275, 338.76, 355.80, 357.84, 0.9819, -0.0325, -0.1848, -0.0253
13:55:43, 9.17, 275, 340.85, 355.55, 358.06, 0.9851, -0.0355, -0.1668, -0.0231
13:55:43, 9.20, 276, 342.83, 355.56, 358.19, 0.9878, -0.0360, -0.1498, -0.0214
13:55:43, 9.20, 276, 344.58, 355.55, 358.30, 0.9900, -0.0365, -0.1346, -0.0199
13:55:43, 9.20, 276, 346.24, 355.67, 358.39, 0.9919, -0.0358, -0.1202, -0.0185
13:55:43, 9.23, 277, 347.91, 355.81, 358.43, 0.9936, -0.0349, -0.1057, -0.0175
13:55:43, 9.23, 277, 349.52, 355.96, 358.55, 0.9951, -0.0339, -0.0917, -0.0158
13:55:43, 9.27, 278, 351.06, 356.10, 358.66, 0.9963, -0.0330, -0.0783, -0.0143
13:55:43, 9.27, 278, 352.42, 356.42, 358.80, 0.9972, -0.0305, -0.0664, -0.0125
13:55:43, 9.30, 279, 353.65, 356.77, 358.75, 0.9980, -0.0275, -0.0556, -0.0124
13:55:43, 9.30, 279, 354.84, 357.23, 358.55, 0.9986, -0.0236, -0.0453, -0.0137
13:55:43, 9.30, 279, 356.05, 357.65, 358.30, 0.9991, -0.0200, -0.0348, -0.0155
13:55:43, 9.33, 280, 357.19, 358.12, 357.99, 0.9994, -0.0159, -0.0248, -0.0179
13:55:43, 9.33, 280, 358.32, 358.50, 357.76, 0.9996, -0.0128, -0.0149, -0.0198
13:55:43, 9.37, 281, 359.36, 358.91, 357.58, 0.9997, -0.0094, -0.0058, -0.0211
13:55:43, 9.37, 281, 0.30, 359.41, 357.32, 0.9997, -0.0052, 0.0025, -0.0234
13:55:43, 9.37, 281, 1.13, 359.92, 357.05, 0.9996, -0.0010, 0.0098, -0.0257
13:55:43, 9.40, 282, 2.03, 0.38, 356.79, 0.9994, 0.0028, 0.0178, -0.0281
13:55:43, 9.40, 282, 2.83, 0.88, 356.58, 0.9992, 0.0070, 0.0249, -0.0300
13:55:43, 9.43, 283, 3.63, 1.35, 356.42, 0.9989, 0.0107, 0.0320, -0.0316
13:55:43, 9.43, 283, 4.31, 1.87, 356.24, 0.9986, 0.0150, 0.0381, -0.0334
13:55:43, 9.47, 284, 4.99, 2.43, 356.04, 0.9982, 0.0196, 0.0442, -0.0354
13:55:43, 9.47, 284, 5.70, 2.96, 355.86, 0.9977, 0.0240, 0.0506, -0.0373
13:55:43, 9.47, 284, 6.45, 3.45, 355.66, 0.9972, 0.0279, 0.0573, -0.0395
13:55:43, 9.50, 285, 7.30, 3.84, 355.49, 0.9966, 0.0309, 0.0649, -0.0413
13:55:43, 9.50, 285, 8.29, 4.13, 355.41, 0.9958, 0.0330, 0.0736, -0.0425
13:55:43, 9.53, 286, 9.10, 4.53, 355.41, 0.9951, 0.0362, 0.0808, -0.0430
13:55:43, 9.53, 286, 9.82, 4.96, 355.44, 0.9945, 0.0397, 0.0872, -0.0433
13:55:43, 9.57, 287, 10.58, 5.39, 355.46, 0.9937, 0.0432, 0.0939, -0.0437
13:55:43, 9.57, 287, 11.32, 5.80, 355.46, 0.9929, 0.0464, 0.1004, -0.0444
13:55:43, 9.57, 287, 12.10, 6.00, 355.48, 0.9921, 0.0479, 0.1072, -0.0447
13:55:43, 9.60, 288, 12.85, 6.20, 355.45, 0.9912, 0.0492, 0.1138, -0.0455
13:55:43, 9.60, 288, 13.60, 6.31, 355.42, 0.9904, 0.0499, 0.1203, -0.0461
13:55:43, 9.63, 289, 14.29, 6.46, 355.46, 0.9896, 0.0510, 0.1263, -0.0462
13:55:43, 9.63, 289, 14.92, 6.61, 355.46, 0.9888, 0.0520, 0.1318, -0.0467
13:55:43, 9.63, 289, 15.63, 6.69, 355.56, 0.9880, 0.0525, 0.1378, -0.0462
13:55:43, 9.67, 290, 16.36, 6.74, 355.59, 0.9871, 0.0527, 0.1442, -0.0463
13:55:43, 9.67, 290, 17.13, 6.82, 355.64, 0.9860, 0.0531, 0.1508, -0.0464
13:55:43, 9.70, 291, 17.91, 6.93, 355.69, 0.9850, 0.0538, 0.1575, -0.0464
13:55:43, 9.70, 291, 18.66, 6.96, 355.83, 0.9839, 0.0539, 0.1639, -0.0457
13:55:43, 9.70, 291, 19.48, 7.04, 355.87, 0.9827, 0.0544, 0.1709, -0.0458
13:55:43, 9.73, 292, 20.29, 7.07, 355.95, 0.9815, 0.0545, 0.1779, -0.0456
13:55:43, 9.73, 292, 21.25, 7.02, 356.06, 0.9800, 0.0538, 0.1860, -0.0450
13:55:43, 9.77, 293, 22.17, 7.03, 356.10, 0.9785, 0.0536, 0.1939, -0.0451
13:55:43, 9.77, 293, 23.19, 7.00, 356.14, 0.9768, 0.0530, 0.2025, -0.0452
13:55:43, 9.80, 294, 24.23, 7.02, 356.12, 0.9749, 0.0527, 0.2114, -0.0459
13:55:43, 9.80, 294, 25.27, 7.11, 356.12, 0.9729, 0.0530, 0.2202, -0.0465
13:55:43, 9.80, 294, 26.37, 7.13, 356.09, 0.9707, 0.0527, 0.2296, -0.0473
13:55:43, 9.83, 295, 27.68, 7.23, 356.15, 0.9680, 0.0532, 0.2407, -0.0476
13:55:43, 9.83, 295, 28.96, 7.33, 356.25, 0.9652, 0.0537, 0.2514, -0.0476
13:55:43, 9.87, 296, 30.27, 7.43, 356.43, 0.9623, 0.0544, 0.2624, -0.0469
13:55:43, 9.87, 296, 31.61, 7.55, 356.57, 0.9591, 0.0552, 0.2735, -0.0467
13:55:43, 9.90, 297, 32.85, 7.60, 356.67, 0.9561, 0.0554, 0.2839, -0.0465
13:55:43, 9.90, 297, 34.09, 7.76, 356.74, 0.9529, 0.0564, 0.2942, -0.0469
13:55:43, 9.90, 297, 35.23, 7.79, 356.83, 0.9500, 0.0563, 0.3036, -0.0469
13:55:43, 9.93, 298, 36.47, 7.79, 356.98, 0.9467, 0.0563, 0.3138, -0.0462
13:55:43, 9.93, 298, 37.71, 7.79, 357.08, 0.9433, 0.0560, 0.3240, -0.0460
13:55:43, 9.97, 299, 38.89, 7.81, 357.19, 0.9399, 0.0560, 0.3336, -0.0458
13:55:43, 9.97, 299, 40.07, 7.83, 357.34, 0.9365, 0.0562, 0.3432, -0.0452
13:55:43, 9.97, 299, 41.19, 7.92, 357.53, 0.9331, 0.0571, 0.3523, -0.0444
