Timestamp, VideoTime, VideoFrame, HeadYaw, HeadPitch, HeadRoll, HeadQuatW, HeadQuatX, HeadQuatY, HeadQuatZ
13:56:02, 0.00, 0, 3.95, 358.61, 356.27, 0.9988, -0.0133, 0.0340, -0.0321
13:56:03, 0.03, 1, 4.06, 358.78, 356.25, 0.9988, -0.0118, 0.0351, -0.0324
13:56:03, 0.03, 1, 4.16, 358.96, 356.22, 0.9988, -0.0102, 0.0360, -0.0326
13:56:03, 0.03, 1, 4.26, 359.19, 356.21, 0.9987, -0.0083, 0.0369, -0.0328
13:56:03, 0.07, 2, 4.36, 359.53, 356.20, 0.9987, -0.0054, 0.0379, -0.0330
13:56:03, 0.10, 3, 4.64, 0.41, 356.17, 0.9986, 0.0022, 0.0405, -0.0335
13:56:03, 0.10, 3, 4.77, 0.96, 356.15, 0.9985, 0.0070, 0.0419, -0.0339
13:56:03, 0.10, 3, 5.00, 1.69, 356.08, 0.9983, 0.0132, 0.0441, -0.0348
13:56:03, 0.13, 4, 5.33, 2.49, 356.06, 0.9981, 0.0201, 0.0472, -0.0353
13:56:03, 0.13, 4, 5.65, 3.41, 356.13, 0.9977, 0.0281, 0.0502, -0.0351
13:56:03, 0.17, 5, 5.96, 4.29, 356.18, 0.9973, 0.0356, 0.0532, -0.0352
13:56:03, 0.17, 5, 6.31, 5.15, 356.30, 0.9969, 0.0430, 0.0564, -0.0346
13:56:03, 0.17, 5, 6.71, 6.08, 356.41, 0.9963, 0.0510, 0.0600, -0.0344
13:56:03, 0.20, 6, 7.04, 7.04, 356.58, 0.9957, 0.0594, 0.0631, -0.0335
13:56:03, 0.20, 6, 7.42, 8.07, 356.72, 0.9949, 0.0683, 0.0665, -0.0331
13:56:03, 0.23, 7, 7.80, 9.03, 356.87, 0.9941, 0.0766, 0.0700, -0.0325
13:56:03, 0.23, 7, 8.22, 9.73, 356.92, 0.9933, 0.0826, 0.0737, -0.0328
13:56:03, 0.23, 7, 8.60, 10.34, 356.95, 0.9926, 0.0879, 0.0771, -0.0332
13:56:03, 0.27, 8, 9.03, 10.85, 356.98, 0.9919, 0.0921, 0.0808, -0.0336
13:56:03, 0.27, 8, 9.33, 11.24, 356.97, 0.9913, 0.0954, 0.0835, -0.0342
13:56:03, 0.30, 9, 9.70, 11.66, 356.99, 0.9907, 0.0990, 0.0867, -0.0346
13:56:03, 0.30, 9, 9.98, 12.12, 357.09, 0.9901, 0.1030, 0.0891, -0.0343
13:56:03, 0.33, 10, 10.24, 12.36, 357.13, 0.9897, 0.1049, 0.0914, -0.0344
13:56:03, 0.33, 10, 10.46, 12.57, 357.21, 0.9893, 0.1068, 0.0933, -0.0341
13:56:03, 0.33, 10, 10.66, 12.72, 357.27, 0.9890, 0.1080, 0.0949, -0.0338
13:56:03, 0.37, 11, 10.77, 12.85, 357.33, 0.9888, 0.1092, 0.0958, -0.0335
13:56:03, 0.37, 11, 10.88, 12.96, 357.33, 0.9886, 0.1101, 0.0968, -0.0337
13:56:03, 0.40, 12, 11.00, 13.03, 357.33, 0.9884, 0.1107, 0.0978, -0.0339
13:56:03, 0.40, 12, 11.09, 13.08, 357.30, 0.9883, 0.1110, 0.0987, -0.0343
13:56:03, 0.40, 12, 11.19, 13.13, 357.32, 0.9882, 0.1115, 0.0994, -0.0342
13:56:03, 0.43, 13, 11.26, 13.20, 357.30, 0.9880, 0.1120, 0.1002, -0.0346
13:56:03, 0.43, 13, 11.29, 13.25, 357.30, 0.9880, 0.1125, 0.1004, -0.0347
13:56:03, 0.47, 14, 11.33, 13.34, 357.30, 0.9878, 0.1132, 0.1007, -0.0348
13:56:03, 0.47, 14, 11.38, 13.44, 357.28, 0.9877, 0.1141, 0.1012, -0.0351
13:56:03, 0.50, 15, 11.42, 13.59, 357.25, 0.9875, 0.1153, 0.1016, -0.0355
13:56:03, 0.50, 15, 11.52, 13.75, 357.24, 0.9872, 0.1166, 0.1025, -0.0358
13:56:03, 0.50, 15, 11.65, 13.92, 357.25, 0.9869, 0.1181, 0.1036, -0.0360
13:56:03, 0.53, 16, 11.80, 14.13, 357.30, 0.9866, 0.1199, 0.1049, -0.0359
13:56:03, 0.53, 16, 11.94, 14.31, 357.36, 0.9863, 0.1215, 0.1060, -0.0357
13:56:03, 0.57, 17, 12.07, 14.52, 357.40, 0.9859, 0.1233, 0.1071, -0.0357
13:56:03, 0.57, 17, 12.18, 14.66, 357.44, 0.9857, 0.1245, 0.1080, -0.0355
13:56:03, 0.60, 18, 12.25, 14.77, 357.51, 0.9855, 0.1255, 0.1086, -0.0352
13:56:03, 0.60, 18, 12.31, 14.88, 357.54, 0.9853, 0.1264, 0.1091, -0.0350
13:56:03, 0.60, 18, 12.36, 14.94, 357.57, 0.9852, 0.1269, 0.1094, -0.0349
13:56:03, 0.63, 19, 12.39, 15.04, 357.60, 0.9851, 0.1279, 0.1097, -0.0348
13:56:03, 0.63, 19, 12.41, 15.14, 357.59, 0.9850, 0.1287, 0.1098, -0.0350
13:56:03, 0.67, 20, 12.40, 15.25, 357.61, 0.9848, 0.1297, 0.1098, -0.0349
13:56:03, 0.67, 20, 12.42, 15.36, 357.64, 0.9847, 0.1307, 0.1099, -0.0348
13:56:03, 0.67, 20, 12.38, 15.49, 357.63, 0.9846, 0.1317, 0.1096, -0.0349
13:56:03, 0.70, 21, 12.36, 15.62, 357.64, 0.9845, 0.1329, 0.1094, -0.0349
13:56:03, 0.70, 21, 12.29, 15.72, 357.68, 0.9844, 0.1338, 0.1088, -0.0346
13:56:03, 0.73, 22, 12.25, 15.83, 357.72, 0.9843, 0.1348, 0.1084, -0.0343
13:56:03, 0.73, 22, 12.19, 15.90, 357.72, 0.9843, 0.1354, 0.1078, -0.0343
13:56:03, 0.77, 23, 12.13, 15.96, 357.74, 0.9843, 0.1359, 0.1073, -0.0341
13:56:03, 0.77, 23, 12.09, 16.02, 357.75, 0.9843, 0.1365, 0.1070, -0.0340
13:56:03, 0.77, 23, 12.02, 16.05, 357.77, 0.9843, 0.1368, 0.1064, -0.0338
13:56:03, 0.80, 24, 11.96, 16.09, 357.80, 0.9843, 0.1372, 0.1058, -0.0335
13:56:03, 0.80, 24, 11.89, 16.15, 357.81, 0.9843, 0.1378, 0.1052, -0.0334
13:56:03, 0.83, 25, 11.82, 16.18, 357.83, 0.9843, 0.1380, 0.1046, -0.0331
13:56:03, 0.83, 25, 11.74, 16.20, 357.82, 0.9844, 0.1382, 0.1039, -0.0332
13:56:03, 0.83, 25, 11.71, 16.24, 357.82, 0.9844, 0.1385, 0.1037, -0.0332
13:56:03, 0.87, 26, 11.65, 16.24, 357.81, 0.9844, 0.1386, 0.1031, -0.0331
13:56:03, 0.87, 26, 11.60, 16.24, 357.78, 0.9844, 0.1386, 0.1028, -0.0333
13:56:03, 0.90, 27, 11.54, 16.27, 357.78, 0.9845, 0.1388, 0.1022, -0.0333
13:56:03, 0.90, 27, 11.53, 16.32, 357.75, 0.9844, 0.1392, 0.1021, -0.0335
13:56:03, 0.93, 28, 11.56, 16.37, 357.72, 0.9843, 0.1396, 0.1025, -0.0339
13:56:03, 0.93, 28, 11.72, 16.37, 357.70, 0.9842, 0.1396, 0.1038, -0.0343
13:56:03, 0.93, 28, 12.11, 16.36, 357.67, 0.9838, 0.1394, 0.1072, -0.0350
13:56:03, 0.97, 29, 13.04, 16.27, 357.79, 0.9831, 0.1384, 0.1151, -0.0350
13:56:03, 0.97, 29, 15.55, 15.94, 358.19, 0.9808, 0.1353, 0.1361, -0.0343
13:56:03, 1.00, 30, 17.80, 15.73, 358.46, 0.9783, 0.1331, 0.1550, -0.0343
13:56:03, 1.00, 30, 20.21, 15.75, 359.10, 0.9750, 0.1335, 0.1749, -0.0317
13:56:04, 1.00, 30, 22.62, 15.69, 359.69, 0.9713, 0.1333, 0.1947, -0.0294
13:56:04, 1.03, 31, 25.20, 15.55, 0.00, 0.9670, 0.1320, 0.2161, -0.0295
13:56:04, 1.03, 31, 27.90, 15.39, 0.23, 0.9618, 0.1304, 0.2386, -0.0303
13:56:04, 1.07, 32, 30.86, 15.03, 0.45, 0.9558, 0.1271, 0.2633, -0.0310
13:56:04, 1.07, 32, 34.07, 14.62, 0.60, 0.9485, 0.1232, 0.2899, -0.0323
13:56:04, 1.10, 33, 37.37, 14.09, 0.79, 0.9404, 0.1184, 0.3171, -0.0328
13:56:04, 1.10, 33, 40.48, 13.59, 1.14, 0.9320, 0.1144, 0.3424, -0.0316
13:56:04, 1.10, 33, 43.58, 13.09, 1.56, 0.9230, 0.1108, 0.3673, -0.0298
13:56:04, 1.13, 34, 46.39, 12.65, 1.86, 0.9141, 0.1076, 0.3898, -0.0286
13:56:04, 1.13, 34, 49.10, 12.26, 2.17, 0.9051, 0.1049, 0.4112, -0.0273
13:56:04, 1.17, 35, 51.57, 11.92, 2.38, 0.8963, 0.1024, 0.4306, -0.0265
13:56:04, 1.17, 35, 53.88, 11.61, 2.69, 0.8878, 0.1007, 0.4485, -0.0250
13:56:04, 1.17, 35, 56.00, 11.36, 2.89, 0.8795, 0.0991, 0.4648, -0.0243
13:56:04, 1.20, 36, 57.90, 11.19, 3.00, 0.8718, 0.0979, 0.4794, -0.0244
13:56:04, 1.20, 36, 59.78, 10.98, 3.03, 0.8640, 0.0960, 0.4937, -0.0249
13:56:04, 1.23, 37, 61.54, 10.76, 3.00, 0.8564, 0.0939, 0.5071, -0.0256
13:56:04, 1.23, 37, 63.20, 10.50, 3.07, 0.8492, 0.0919, 0.5195, -0.0252
13:56:04, 1.27, 38, 64.71, 10.18, 3.16, 0.8424, 0.0896, 0.5308, -0.0242
13:56:04, 1.27, 38, 65.97, 9.82, 3.26, 0.8367, 0.0872, 0.5402, -0.0228
13:56:04, 1.27, 38, 67.00, 9.60, 3.29, 0.8320, 0.0856, 0.5477, -0.0223
13:56:04, 1.30, 39, 67.92, 9.48, 3.32, 0.8276, 0.0846, 0.5545, -0.0222
13:56:04, 1.30, 39, 68.60, 9.39, 3.17, 0.8243, 0.0832, 0.5596, -0.0233
13:56:04, 1.33, 40, 69.25, 9.26, 3.21, 0.8212, 0.0823, 0.5643, -0.0229
13:56:04, 1.33, 40, 69.84, 9.17, 3.24, 0.8183, 0.0817, 0.5685, -0.0226
13:56:04, 1.33, 40, 70.24, 9.05, 3.22, 0.8163, 0.0806, 0.5715, -0.0225
13:56:04, 1.37, 41, 70.50, 9.02, 3.17, 0.8151, 0.0801, 0.5733, -0.0228
13:56:04, 1.37, 41, 70.68, 8.96, 3.02, 0.8142, 0.0789, 0.5748, -0.0238
13:56:04, 1.40, 42, 70.81, 9.03, 2.92, 0.8134, 0.0788, 0.5758, -0.0249
13:56:04, 1.40, 42, 70.89, 9.05, 2.81, 0.8130, 0.0784, 0.5763, -0.0258
13:56:04, 1.43, 43, 71.00, 9.12, 2.68, 0.8124, 0.0783, 0.5772, -0.0271
13:56:04, 1.43, 43, 71.06, 9.15, 2.65, 0.8121, 0.0783, 0.5776, -0.0276
13:56:04, 1.43, 43, 71.18, 9.17, 2.58, 0.8115, 0.0780, 0.5785, -0.0283
13:56:04, 1.47, 44, 71.31, 9.26, 2.53, 0.8108, 0.0784, 0.5794, -0.0291
13:56:04, 1.47, 44, 71.51, 9.29, 2.47, 0.8097, 0.0783, 0.5809, -0.0299
13:56:04, 1.50, 45, 71.76, 9.33, 2.42, 0.8084, 0.0782, 0.5826, -0.0306
13:56:04, 1.50, 45, 72.06, 9.33, 2.40, 0.8069, 0.0781, 0.5847, -0.0310
13:56:04, 1.50, 45, 72.38, 9.32, 2.42, 0.8052, 0.0780, 0.5870, -0.0310
13:56:04, 1.53, 46, 72.69, 9.37, 2.42, 0.8036, 0.0782, 0.5891, -0.0315
13:56:04, 1.53, 46, 73.04, 9.38, 2.40, 0.8018, 0.0781, 0.5916, -0.0319
13:56:04, 1.57, 47, 73.47, 9.39, 2.35, 0.7996, 0.0778, 0.5946, -0.0325
13:56:04, 1.57, 47, 73.97, 9.32, 2.42, 0.7970, 0.0776, 0.5981, -0.0320
13:56:04, 1.60, 48, 74.41, 9.34, 2.42, 0.7947, 0.0776, 0.6012, -0.0325
13:56:04, 1.60, 48, 74.78, 9.33, 2.38, 0.7927, 0.0772, 0.6038, -0.0329
13:56:04, 1.60, 48, 75.12, 9.37, 2.38, 0.7909, 0.0774, 0.6061, -0.0334
13:56:04, 1.63, 49, 75.34, 9.40, 2.44, 0.7898, 0.0778, 0.6075, -0.0333
13:56:04, 1.63, 49, 75.52, 9.43, 2.42, 0.7888, 0.0779, 0.6088, -0.0336
13:56:04, 1.67, 50, 75.75, 9.47, 2.35, 0.7875, 0.0777, 0.6104, -0.0346
13:56:04, 1.67, 50, 75.94, 9.52, 2.31, 0.7865, 0.0778, 0.6117, -0.0353
13:56:04, 1.67, 50, 76.13, 9.53, 2.30, 0.7855, 0.0777, 0.6130, -0.0355
13:56:04, 1.70, 51, 76.31, 9.61, 2.32, 0.7845, 0.0783, 0.6142, -0.0359
13:56:04, 1.70, 51, 76.53, 9.68, 2.30, 0.7833, 0.0786, 0.6156, -0.0366
13:56:04, 1.73, 52, 76.71, 9.74, 2.24, 0.7822, 0.0786, 0.6169, -0.0374
13:56:04, 1.73, 52, 76.89, 9.83, 2.20, 0.7812, 0.0790, 0.6180, -0.0383
13:56:04, 1.77, 53, 77.05, 9.83, 2.16, 0.7803, 0.0787, 0.6192, -0.0387
13:56:04, 1.77, 53, 77.18, 9.85, 2.13, 0.7796, 0.0786, 0.6201, -0.0390
13:56:04, 1.77, 53, 77.33, 9.87, 2.09, 0.7788, 0.0786, 0.6211, -0.0396
13:56:04, 1.80, 54, 77.47, 9.89, 2.05, 0.7780, 0.0784, 0.6221, -0.0400
13:56:04, 1.80, 54, 77.56, 9.98, 2.00, 0.7774, 0.0787, 0.6227, -0.0409
13:56:04, 1.83, 55, 77.65, 10.05, 2.00, 0.7769, 0.0791, 0.6232, -0.0414
13:56:04, 1.83, 55, 77.70, 10.10, 1.98, 0.7766, 0.0793, 0.6236, -0.0418
13:56:04, 1.83, 55, 77.74, 10.14, 1.91, 0.7763, 0.0792, 0.6239, -0.0425
13:56:04, 1.87, 56, 77.83, 10.20, 1.88, 0.7758, 0.0794, 0.6245, -0.0431
13:56:04, 1.87, 56, 77.91, 10.25, 1.90, 0.7753, 0.0798, 0.6250, -0.0434
13:56:04, 1.90, 57, 77.96, 10.30, 1.91, 0.7751, 0.0802, 0.6253, -0.0436
13:56:04, 1.90, 57, 77.98, 10.35, 1.90, 0.7749, 0.0805, 0.6254, -0.0439
13:56:04, 1.93, 58, 78.03, 10.39, 1.88, 0.7746, 0.0807, 0.6257, -0.0443
13:56:04, 1.93, 58, 78.06, 10.38, 1.87, 0.7745, 0.0805, 0.6259, -0.0443
13:56:04, 1.93, 58, 78.11, 10.36, 1.82, 0.7742, 0.0801, 0.6263, -0.0446
13:56:04, 1.97, 59, 78.22, 10.34, 1.85, 0.7736, 0.0800, 0.6270, -0.0444
13:56:04, 1.97, 59, 78.32, 10.38, 1.86, 0.7731, 0.0804, 0.6276, -0.0446
13:56:04, 2.00, 60, 78.38, 10.56, 1.93, 0.7727, 0.0819, 0.6279, -0.0452
13:56:04, 2.00, 60, 78.44, 10.71, 1.91, 0.7722, 0.0828, 0.6282, -0.0461
13:56:05, 2.00, 60, 78.39, 10.81, 1.85, 0.7724, 0.0831, 0.6279, -0.0471
13:56:05, 2.03, 61, 78.32, 10.88, 1.75, 0.7727, 0.0831, 0.6275, -0.0481
13:56:05, 2.03, 61, 78.31, 10.94, 1.71, 0.7727, 0.0833, 0.6274, -0.0487
13:56:05, 2.07, 62, 78.34, 11.08, 1.72, 0.7725, 0.0842, 0.6275, -0.0494
13:56:05, 2.07, 62, 78.40, 11.24, 1.67, 0.7721, 0.0851, 0.6278, -0.0507
13:56:05, 2.10, 63, 78.45, 11.37, 1.62, 0.7716, 0.0856, 0.6281, -0.0518
13:56:05, 2.10, 63, 78.52, 11.48, 1.56, 0.7712, 0.0860, 0.6286, -0.0528
13:56:05, 2.10, 63, 78.57, 11.62, 1.57, 0.7708, 0.0870, 0.6288, -0.0535
13:56:05, 2.13, 64, 78.56, 11.74, 1.57, 0.7708, 0.0878, 0.6287, -0.0542
13:56:05, 2.13, 64, 78.56, 11.83, 1.57, 0.7708, 0.0884, 0.6286, -0.0547
13:56:05, 2.17, 65, 78.57, 11.89, 1.55, 0.7706, 0.0887, 0.6286, -0.0552
13:56:05, 2.17, 65, 78.56, 11.96, 1.50, 0.7706, 0.0889, 0.6286, -0.0559
13:56:05, 2.17, 65, 78.54, 11.99, 1.44, 0.7707, 0.0887, 0.6284, -0.0564
13:56:05, 2.20, 66, 78.49, 12.03, 1.37, 0.7709, 0.0886, 0.6282, -0.0571
13:56:05, 2.20, 66, 78.48, 12.08, 1.38, 0.7709, 0.0890, 0.6281, -0.0573
13:56:05, 2.23, 67, 78.47, 12.13, 1.43, 0.7710, 0.0897, 0.6279, -0.0572
13:56:05, 2.23, 67, 78.42, 12.12, 1.50, 0.7713, 0.0900, 0.6275, -0.0567
13:56:05, 2.27, 68, 78.38, 12.16, 1.48, 0.7715, 0.0902, 0.6272, -0.0569
13:56:05, 2.27, 68, 78.37, 12.15, 1.45, 0.7716, 0.0900, 0.6272, -0.0571
13:56:05, 2.27, 68, 78.36, 12.17, 1.44, 0.7716, 0.0901, 0.6271, -0.0573
13:56:05, 2.30, 69, 78.33, 12.15, 1.41, 0.7718, 0.0898, 0.6269, -0.0573
13:56:05, 2.30, 69, 78.30, 12.18, 1.39, 0.7719, 0.0899, 0.6268, -0.0576
13:56:05, 2.33, 70, 78.30, 12.21, 1.37, 0.7719, 0.0899, 0.6267, -0.0579
13:56:05, 2.33, 70, 78.30, 12.24, 1.32, 0.7718, 0.0899, 0.6267, -0.0584
13:56:05, 2.33, 70, 78.30, 12.27, 1.27, 0.7717, 0.0899, 0.6268, -0.0589
13:56:05, 2.37, 71, 78.26, 12.33, 1.27, 0.7719, 0.0903, 0.6265, -0.0593
13:56:05, 2.37, 71, 78.19, 12.43, 1.27, 0.7723, 0.0910, 0.6259, -0.0597
13:56:05, 2.40, 72, 78.09, 12.47, 1.19, 0.7727, 0.0909, 0.6253, -0.0604
13:56:05, 2.40, 72, 78.08, 12.50, 1.10, 0.7727, 0.0905, 0.6253, -0.0612
13:56:05, 2.43, 73, 78.07, 12.52, 1.01, 0.7727, 0.0902, 0.6252, -0.0618
13:56:05, 2.43, 73, 78.07, 12.54, 0.97, 0.7727, 0.0902, 0.6253, -0.0622
13:56:05, 2.43, 73, 78.06, 12.61, 0.90, 0.7726, 0.0902, 0.6252, -0.0631
13:56:05, 2.47, 74, 78.04, 12.68, 0.83, 0.7727, 0.0903, 0.6251, -0.0640
13:56:05, 2.47, 74, 77.94, 12.83, 0.75, 0.7730, 0.0910, 0.6244, -0.0652
13:56:05, 2.50, 75, 77.83, 12.94, 0.71, 0.7735, 0.0915, 0.6236, -0.0660
13:56:05, 2.50, 75, 77.69, 13.11, 0.69, 0.7742, 0.0926, 0.6225, -0.0670
13:56:05, 2.50, 75, 77.53, 13.30, 0.63, 0.7749, 0.0937, 0.6214, -0.0683
13:56:05, 2.53, 76, 77.33, 13.53, 0.59, 0.7758, 0.0952, 0.6199, -0.0696
13:56:05, 2.53, 76, 77.08, 13.77, 0.52, 0.7769, 0.0966, 0.6181, -0.0712
13:56:05, 2.57, 77, 76.71, 14.07, 0.34, 0.7785, 0.0979, 0.6156, -0.0737
13:56:05, 2.57, 77, 76.17, 14.44, 0.06, 0.7809, 0.0992, 0.6119, -0.0771
13:56:05, 2.60, 78, 75.33, 14.94, 359.77, 0.7847, 0.1017, 0.6061, -0.0811
13:56:05, 2.60, 78, 74.15, 15.46, 359.40, 0.7902, 0.1042, 0.5979, -0.0852
13:56:05, 2.60, 78, 72.43, 15.70, 359.04, 0.7986, 0.1053, 0.5862, -0.0874
13:56:05, 2.63, 79, 70.53, 15.71, 358.89, 0.8080, 0.1061, 0.5730, -0.0868
13:56:05, 2.63, 79, 68.59, 15.54, 358.83, 0.8177, 0.1060, 0.5594, -0.0845
13:56:05, 2.67, 80, 66.80, 15.56, 358.62, 0.8262, 0.1064, 0.5467, -0.0845
13:56:05, 2.67, 80, 65.26, 15.65, 358.22, 0.8331, 0.1063, 0.5359, -0.0863
13:56:05, 2.67, 80, 64.10, 15.74, 357.93, 0.8382, 0.1065, 0.5277, -0.0878
13:56:05, 2.70, 81, 63.34, 15.67, 357.76, 0.8416, 0.1059, 0.5223, -0.0880
13:56:05, 2.70, 81, 62.59, 15.51, 357.72, 0.8451, 0.1051, 0.5169, -0.0869
13:56:05, 2.73, 82, 61.86, 15.37, 357.88, 0.8487, 0.1053, 0.5114, -0.0844
13:56:05, 2.73, 82, 61.38, 15.12, 358.12, 0.8513, 0.1048, 0.5077, -0.0811
13:56:05, 2.77, 83, 60.97, 15.05, 358.19, 0.8532, 0.1049, 0.5047, -0.0799
13:56:05, 2.77, 83, 60.58, 15.09, 358.24, 0.8549, 0.1057, 0.5017, -0.0794
13:56:05, 2.77, 83, 60.23, 15.12, 358.33, 0.8565, 0.1065, 0.4990, -0.0785
13:56:05, 2.80, 84, 59.74, 15.12, 358.47, 0.8587, 0.1075, 0.4952, -0.0770
13:56:05, 2.80, 84, 59.12, 15.09, 358.53, 0.8614, 0.1079, 0.4905, -0.0758
13:56:05, 2.83, 85, 58.36, 15.08, 358.55, 0.8647, 0.1084, 0.4848, -0.0749
13:56:05, 2.83, 85, 57.50, 15.03, 358.62, 0.8684, 0.1089, 0.4782, -0.0734
13:56:05, 2.83, 85, 56.46, 14.93, 358.68, 0.8728, 0.1091, 0.4703, -0.0715
13:56:05, 2.87, 86, 55.44, 14.95, 358.64, 0.8769, 0.1097, 0.4625, -0.0710
13:56:05, 2.87, 86, 54.28, 14.96, 358.54, 0.8815, 0.1101, 0.4537, -0.0706
13:56:05, 2.90, 87, 52.99, 15.07, 358.40, 0.8863, 0.1111, 0.4439, -0.0709
13:56:05, 2.93, 88, 49.83, 14.80, 358.02, 0.8983, 0.1096, 0.4197, -0.0698
13:56:05, 2.93, 88, 48.40, 14.72, 357.90, 0.9035, 0.1094, 0.4086, -0.0691
13:56:05, 2.93, 88, 47.05, 14.57, 357.78, 0.9083, 0.1086, 0.3981, -0.0683
13:56:05, 2.97, 89, 45.76, 14.55, 357.54, 0.9126, 0.1084, 0.3881, -0.0688
13:56:05, 2.97, 89, 44.33, 14.51, 357.17, 0.9172, 0.1077, 0.3770, -0.0703
13:56:05, 3.00, 90, 42.82, 14.55, 356.91, 0.9219, 0.1081, 0.3651, -0.0711
13:56:05, 3.00, 90, 41.49, 14.49, 356.75, 0.9261, 0.1079, 0.3546, -0.0709
13:56:06, 3.00, 90, 40.24, 14.29, 356.63, 0.9300, 0.1067, 0.3446, -0.0702
13:56:06, 3.03, 91, 39.25, 13.91, 356.55, 0.9333, 0.1040, 0.3367, -0.0688
13:56:06, 3.03, 91, 38.29, 13.52, 356.48, 0.9365, 0.1011, 0.3290, -0.0674
13:56:06, 3.07, 92, 37.33, 12.75, 356.37, 0.9399, 0.0951, 0.3213, -0.0654
13:56:06, 3.07, 92, 36.27, 12.05, 356.33, 0.9435, 0.0898, 0.3126, -0.0629
13:56:06, 3.10, 93, 35.09, 11.39, 356.16, 0.9472, 0.0846, 0.3030, -0.0617
13:56:06, 3.10, 93, 33.87, 10.83, 356.09, 0.9509, 0.0803, 0.2929, -0.0600
13:56:06, 3.10, 93, 32.70, 10.39, 356.11, 0.9542, 0.0773, 0.2832, -0.0579
13:56:06, 3.13, 94, 31.40, 10.15, 356.02, 0.9575, 0.0758, 0.2724, -0.0572
13:56:06, 3.13, 94, 30.01, 9.85, 355.99, 0.9610, 0.0738, 0.2607, -0.0558
13:56:06, 3.17, 95, 28.26, 9.72, 355.85, 0.9649, 0.0733, 0.2461, -0.0556
13:56:06, 3.17, 95, 26.42, 9.59, 355.75, 0.9687, 0.0729, 0.2306, -0.0551
13:56:06, 3.20, 96, 24.53, 9.62, 355.72, 0.9724, 0.0740, 0.2146, -0.0542
13:56:06, 3.20, 96, 22.70, 9.59, 355.69, 0.9757, 0.0745, 0.1990, -0.0532
13:56:06, 3.20, 96, 20.74, 9.53, 355.74, 0.9790, 0.0750, 0.1823, -0.0514
13:56:06, 3.23, 97, 18.63, 9.50, 355.80, 0.9823, 0.0757, 0.1642, -0.0494
13:56:06, 3.23, 97, 16.41, 9.38, 355.78, 0.9854, 0.0756, 0.1451, -0.0479
13:56:06, 3.27, 98, 14.32, 9.42, 355.68, 0.9878, 0.0767, 0.1272, -0.0475
13:56:06, 3.27, 98, 12.42, 9.47, 355.63, 0.9897, 0.0779, 0.1108, -0.0467
13:56:06, 3.27, 98, 10.99, 9.46, 355.64, 0.9910, 0.0784, 0.0985, -0.0456
13:56:06, 3.30, 99, 10.16, 9.48, 355.79, 0.9917, 0.0790, 0.0912, -0.0438
13:56:06, 3.30, 99, 9.61, 9.49, 355.92, 0.9922, 0.0794, 0.0864, -0.0422
13:56:06, 3.33, 100, 9.03, 9.50, 356.43, 0.9928, 0.0801, 0.0810, -0.0374
13:56:06, 3.33, 100, 8.39, 9.64, 356.99, 0.9933, 0.0819, 0.0751, -0.0323
13:56:06, 3.33, 100, 7.78, 9.61, 357.30, 0.9938, 0.0820, 0.0696, -0.0291
13:56:06, 3.37, 101, 7.19, 9.62, 357.45, 0.9942, 0.0823, 0.0643, -0.0274
13:56:06, 3.37, 101, 6.55, 9.55, 357.55, 0.9946, 0.0819, 0.0587, -0.0260
13:56:06, 3.40, 102, 5.81, 9.53, 357.49, 0.9949, 0.0819, 0.0523, -0.0260
13:56:06, 3.40, 102, 5.04, 9.52, 357.40, 0.9952, 0.0819, 0.0457, -0.0262
13:56:06, 3.43, 103, 4.26, 9.57, 357.32, 0.9955, 0.0824, 0.0390, -0.0264
13:56:06, 3.43, 103, 3.22, 9.58, 357.27, 0.9958, 0.0828, 0.0300, -0.0261
13:56:06, 3.43, 103, 1.97, 9.52, 357.22, 0.9961, 0.0825, 0.0191, -0.0256
13:56:06, 3.47, 104, 0.79, 9.49, 357.17, 0.9962, 0.0825, 0.0089, -0.0252
13:56:06, 3.47, 104, 359.60, 9.28, 357.18, 0.9964, 0.0809, -0.0015, -0.0243
13:56:06, 3.50, 105, 358.46, 9.10, 357.18, 0.9965, 0.0796, -0.0114, -0.0234
13:56:06, 3.50, 105, 357.39, 8.94, 357.17, 0.9964, 0.0785, -0.0207, -0.0228
13:56:06, 3.50, 105, 356.41, 9.01, 357.16, 0.9962, 0.0793, -0.0293, -0.0223
13:56:06, 3.53, 106, 355.53, 9.03, 357.28, 0.9959, 0.0796, -0.0370, -0.0205
13:56:06, 3.53, 106, 354.86, 8.90, 357.39, 0.9958, 0.0785, -0.0430, -0.0192
13:56:06, 3.57, 107, 354.22, 8.93, 357.46, 0.9955, 0.0788, -0.0485, -0.0181
13:56:06, 3.57, 107, 353.65, 8.77, 357.62, 0.9954, 0.0775, -0.0536, -0.0164
13:56:06, 3.60, 108, 353.09, 8.72, 357.66, 0.9952, 0.0771, -0.0586, -0.0158
13:56:06, 3.60, 108, 352.55, 8.69, 357.67, 0.9949, 0.0769, -0.0633, -0.0153
13:56:06, 3.60, 108, 351.92, 8.63, 357.69, 0.9946, 0.0764, -0.0687, -0.0147
13:56:06, 3.63, 109, 351.15, 8.49, 357.61, 0.9942, 0.0754, -0.0754, -0.0150
13:56:06, 3.63, 109, 350.25, 8.33, 357.48, 0.9936, 0.0742, -0.0831, -0.0157
13:56:06, 3.67, 110, 349.11, 8.21, 357.32, 0.9928, 0.0735, -0.0929, -0.0165
13:56:06, 3.67, 110, 348.13, 8.08, 357.28, 0.9921, 0.0725, -0.1015, -0.0163
13:56:06, 3.67, 110, 347.19, 8.01, 357.14, 0.9912, 0.0722, -0.1095, -0.0170
13:56:06, 3.70, 111, 346.26, 7.77, 357.20, 0.9904, 0.0701, -0.1177, -0.0161
13:56:06, 3.70, 111, 345.32, 7.43, 357.24, 0.9896, 0.0673, -0.1259, -0.0155
13:56:06, 3.73, 112, 344.25, 7.03, 357.27, 0.9886, 0.0639, -0.1353, -0.0151
13:56:06, 3.73, 112, 343.18, 6.69, 357.40, 0.9875, 0.0610, -0.1447, -0.0139
13:56:06, 3.77, 113, 342.02, 6.37, 357.50, 0.9861, 0.0583, -0.1548, -0.0128
13:56:06, 3.77, 113, 340.79, 6.17, 357.72, 0.9845, 0.0564, -0.1655, -0.0106
13:56:06, 3.77, 113, 339.54, 6.00, 357.89, 0.9828, 0.0547, -0.1764, -0.0088
13:56:06, 3.80, 114, 338.22, 5.91, 358.10, 0.9807, 0.0537, -0.1878, -0.0066
13:56:06, 3.80, 114, 336.91, 5.80, 358.20, 0.9786, 0.0527, -0.1991, -0.0052
13:56:06, 3.83, 115, 335.68, 5.74, 358.31, 0.9764, 0.0520, -0.2097, -0.0039
13:56:06, 3.83, 115, 334.59, 5.70, 358.34, 0.9744, 0.0517, -0.2189, -0.0032
13:56:06, 3.83, 115, 333.54, 5.75, 358.40, 0.9723, 0.0520, -0.2279, -0.0021
13:56:06, 3.87, 116, 332.62, 5.68, 358.48, 0.9705, 0.0513, -0.2357, -0.0012
13:56:06, 3.87, 116, 331.73, 5.48, 358.54, 0.9687, 0.0494, -0.2434, -0.0006
13:56:06, 3.90, 117, 330.80, 5.41, 358.65, 0.9667, 0.0487, -0.2513, 0.0005
13:56:06, 3.90, 117, 329.90, 5.40, 358.74, 0.9647, 0.0483, -0.2588, 0.0016
13:56:06, 3.93, 118, 328.94, 5.39, 358.82, 0.9625, 0.0480, -0.2669, 0.0027
13:56:06, 3.93, 118, 328.10, 5.44, 358.86, 0.9605, 0.0484, -0.2740, 0.0035
13:56:06, 3.93, 118, 327.33, 5.43, 358.90, 0.9586, 0.0482, -0.2805, 0.0041
13:56:06, 3.97, 119, 326.59, 5.42, 358.78, 0.9568, 0.0483, -0.2866, 0.0034
13:56:06, 3.97, 119, 325.93, 5.38, 358.66, 0.9552, 0.0483, -0.2921, 0.0026
13:56:06, 4.00, 120, 325.30, 5.45, 358.54, 0.9535, 0.0492, -0.2973, 0.0020
13:56:06, 4.00, 120, 324.84, 5.59, 358.36, 0.9523, 0.0508, -0.3010, 0.0011
13:56:07, 4.00, 120, 324.28, 5.63, 358.03, 0.9508, 0.0520, -0.3055, -0.0013
13:56:07, 4.03, 121, 323.71, 5.71, 357.72, 0.9492, 0.0535, -0.3100, -0.0034
13:56:07, 4.03, 121, 323.02, 5.69, 357.45, 0.9473, 0.0541, -0.3156, -0.0053
13:56:07, 4.07, 122, 322.29, 5.72, 357.01, 0.9453, 0.0556, -0.3214, -0.0086
13:56:07, 4.07, 122, 321.49, 5.60, 356.40, 0.9430, 0.0565, -0.3278, -0.0135
13:56:07, 4.10, 123, 320.40, 5.30, 355.75, 0.9398, 0.0560, -0.3365, -0.0192
13:56:07, 4.10, 123, 319.16, 4.87, 355.30, 0.9361, 0.0541, -0.3467, -0.0236
13:56:07, 4.10, 123, 317.67, 4.34, 354.94, 0.9316, 0.0512, -0.3589, -0.0275
13:56:07, 4.13, 124, 316.14, 3.94, 354.59, 0.9267, 0.0494, -0.3713, -0.0309
13:56:07, 4.13, 124, 314.54, 3.58, 354.23, 0.9213, 0.0482, -0.3843, -0.0344
13:56:07, 4.17, 125, 312.97, 3.28, 354.09, 0.9160, 0.0468, -0.3969, -0.0359
13:56:07, 4.17, 125, 311.51, 3.05, 354.17, 0.9109, 0.0451, -0.4087, -0.0354
13:56:07, 4.17, 125, 310.27, 2.76, 354.55, 0.9065, 0.0418, -0.4189, -0.0330
13:56:07, 4.20, 126, 309.10, 2.73, 354.78, 0.9022, 0.0410, -0.4282, -0.0309
13:56:07, 4.20, 126, 308.11, 2.65, 355.02, 0.8986, 0.0398, -0.4361, -0.0290
13:56:07, 4.23, 127, 307.35, 2.62, 355.16, 0.8957, 0.0392, -0.4421, -0.0278
13:56:07, 4.23, 127, 306.72, 2.63, 355.23, 0.8932, 0.0392, -0.4470, -0.0269
13:56:07, 4.27, 128, 306.22, 2.63, 355.20, 0.8913, 0.0394, -0.4509, -0.0270
13:56:07, 4.27, 128, 305.88, 2.54, 355.15, 0.8899, 0.0389, -0.4536, -0.0276
13:56:07, 4.27, 128, 305.51, 2.51, 355.05, 0.8885, 0.0392, -0.4564, -0.0283
13:56:07, 4.30, 129, 305.21, 2.40, 355.00, 0.8872, 0.0386, -0.4588, -0.0291
13:56:07, 4.30, 129, 304.96, 2.31, 354.97, 0.8862, 0.0381, -0.4608, -0.0296
13:56:07, 4.33, 130, 304.85, 2.25, 354.84, 0.8857, 0.0382, -0.4616, -0.0308
13:56:07, 4.33, 130, 304.82, 2.16, 354.71, 0.8856, 0.0381, -0.4618, -0.0322
13:56:07, 4.33, 130, 304.96, 2.08, 354.58, 0.8861, 0.0379, -0.4607, -0.0336
13:56:07, 4.37, 131, 305.14, 1.96, 354.44, 0.8868, 0.0375, -0.4593, -0.0352
13:56:07, 4.37, 131, 305.48, 1.80, 354.34, 0.8881, 0.0366, -0.4567, -0.0367
13:56:07, 4.40, 132, 305.96, 1.73, 354.23, 0.8899, 0.0363, -0.4530, -0.0380
13:56:07, 4.40, 132, 306.76, 1.75, 354.20, 0.8931, 0.0363, -0.4467, -0.0384
13:56:07, 4.43, 133, 307.96, 1.86, 354.33, 0.8978, 0.0362, -0.4374, -0.0373
13:56:07, 4.43, 133, 309.18, 1.90, 354.62, 0.9025, 0.0351, -0.4278, -0.0353
13:56:07, 4.43, 133, 310.75, 2.00, 354.93, 0.9084, 0.0343, -0.4155, -0.0329
13:56:07, 4.47, 134, 312.64, 2.17, 355.09, 0.9151, 0.0345, -0.4004, -0.0316
13:56:07, 4.47, 134, 314.88, 2.31, 355.29, 0.9228, 0.0343, -0.3825, -0.0303
13:56:07, 4.50, 135, 317.23, 2.65, 355.36, 0.9305, 0.0362, -0.3633, -0.0292
13:56:07, 4.50, 135, 319.65, 2.87, 355.42, 0.9379, 0.0372, -0.3436, -0.0288
13:56:07, 4.50, 135, 322.14, 3.02, 355.36, 0.9452, 0.0380, -0.3230, -0.0298
13:56:07, 4.53, 136, 324.67, 3.20, 355.35, 0.9520, 0.0389, -0.3020, -0.0302
13:56:07, 4.53, 136, 327.36, 3.42, 355.31, 0.9588, 0.0401, -0.2794, -0.0309
13:56:07, 4.57, 137, 330.10, 3.58, 355.31, 0.9652, 0.0407, -0.2564, -0.0315
13:56:07, 4.57, 137, 332.71, 3.69, 355.35, 0.9708, 0.0408, -0.2343, -0.0318
13:56:07, 4.60, 138, 335.29, 3.81, 355.43, 0.9758, 0.0410, -0.2124, -0.0319
13:56:07, 4.60, 138, 337.76, 3.99, 355.46, 0.9801, 0.0417, -0.1913, -0.0321
13:56:07, 4.60, 138, 340.15, 4.07, 355.41, 0.9839, 0.0418, -0.1707, -0.0333
13:56:07, 4.63, 139, 342.53, 4.16, 355.33, 0.9872, 0.0420, -0.1502, -0.0347
13:56:07, 4.63, 139, 344.87, 4.22, 355.23, 0.9900, 0.0420, -0.1299, -0.0363
13:56:07, 4.67, 140, 347.14, 4.32, 355.25, 0.9923, 0.0420, -0.1103, -0.0369
13:56:07, 4.67, 140, 349.23, 4.27, 355.30, 0.9942, 0.0409, -0.0922, -0.0373
13:56:07, 4.70, 141, 351.10, 4.19, 355.34, 0.9956, 0.0396, -0.0760, -0.0377
13:56:07, 4.70, 141, 352.80, 4.22, 355.24, 0.9966, 0.0393, -0.0612, -0.0391
13:56:07, 4.70, 141, 354.38, 4.31, 355.17, 0.9973, 0.0396, -0.0474, -0.0402
13:56:07, 4.73, 142, 355.85, 4.30, 355.09, 0.9978, 0.0390, -0.0346, -0.0414
13:56:07, 4.73, 142, 357.18, 4.39, 355.10, 0.9981, 0.0393, -0.0229, -0.0418
13:56:07, 4.77, 143, 358.40, 4.38, 355.09, 0.9983, 0.0388, -0.0123, -0.0423
13:56:07, 4.77, 143, 359.55, 4.46, 355.02, 0.9983, 0.0391, -0.0022, -0.0433
13:56:07, 4.77, 143, 0.59, 4.47, 354.92, 0.9982, 0.0387, 0.0069, -0.0445
13:56:07, 4.80, 144, 1.48, 4.40, 354.91, 0.9982, 0.0378, 0.0146, -0.0448
13:56:07, 4.80, 144, 2.28, 4.30, 355.03, 0.9981, 0.0366, 0.0215, -0.0440
13:56:07, 4.83, 145, 2.99, 4.35, 355.01, 0.9979, 0.0368, 0.0277, -0.0445
13:56:07, 4.83, 145, 3.68, 4.35, 354.85, 0.9977, 0.0364, 0.0338, -0.0461
13:56:07, 4.83, 145, 4.40, 4.20, 354.56, 0.9974, 0.0347, 0.0401, -0.0488
13:56:07, 4.87, 146, 5.14, 4.04, 354.43, 0.9971, 0.0330, 0.0464, -0.0501
13:56:07, 4.87, 146, 5.90, 3.74, 354.44, 0.9969, 0.0300, 0.0530, -0.0501
13:56:07, 4.90, 147, 6.63, 3.46, 354.28, 0.9965, 0.0272, 0.0592, -0.0515
13:56:07, 4.90, 147, 7.16, 3.37, 354.05, 0.9962, 0.0261, 0.0639, -0.0536
13:56:07, 4.93, 148, 7.81, 3.30, 353.80, 0.9957, 0.0250, 0.0695, -0.0559
13:56:07, 4.93, 148, 8.56, 3.21, 353.49, 0.9951, 0.0236, 0.0761, -0.0587
13:56:07, 4.93, 148, 9.46, 3.25, 353.13, 0.9943, 0.0233, 0.0839, -0.0620
13:56:07, 4.97, 149, 10.46, 3.35, 353.08, 0.9934, 0.0235, 0.0927, -0.0627
13:56:07, 4.97, 149, 11.48, 3.34, 353.07, 0.9926, 0.0229, 0.1016, -0.0630
13:56:07, 5.00, 150, 12.49, 3.49, 353.16, 0.9916, 0.0237, 0.1103, -0.0626
13:56:07, 5.00, 150, 13.33, 3.75, 353.25, 0.9908, 0.0256, 0.1177, -0.0622
13:56:08, 5.00, 150, 14.11, 4.04, 353.42, 0.9899, 0.0279, 0.1245, -0.0612
13:56:08, 5.03, 151, 14.85, 4.40, 353.65, 0.9891, 0.0308, 0.1311, -0.0599
13:56:08, 5.03, 151, 15.50, 4.68, 353.76, 0.9883, 0.0330, 0.1368, -0.0594
13:56:08, 5.07, 152, 16.15, 5.00, 353.91, 0.9874, 0.0356, 0.1424, -0.0586
13:56:08, 5.07, 152, 16.73, 5.46, 354.05, 0.9866, 0.0395, 0.1475, -0.0582
13:56:08, 5.10, 153, 17.19, 5.64, 354.20, 0.9859, 0.0410, 0.1515, -0.0573
13:56:08, 5.10, 153, 17.54, 6.04, 354.39, 0.9854, 0.0446, 0.1546, -0.0563
13:56:08, 5.10, 153, 17.79, 6.33, 354.61, 0.9850, 0.0472, 0.1568, -0.0549
13:56:08, 5.13, 154, 17.93, 6.44, 354.88, 0.9848, 0.0485, 0.1579, -0.0528
13:56:08, 5.13, 154, 18.09, 6.68, 355.30, 0.9847, 0.0510, 0.1592, -0.0496
13:56:08, 5.17, 155, 18.04, 6.78, 355.66, 0.9848, 0.0524, 0.1586, -0.0466
13:56:08, 5.17, 155, 17.89, 6.91, 356.04, 0.9851, 0.0541, 0.1571, -0.0434
13:56:08, 5.17, 155, 17.73, 7.12, 356.40, 0.9854, 0.0565, 0.1556, -0.0405
13:56:08, 5.20, 156, 17.44, 7.26, 356.83, 0.9858, 0.0584, 0.1530, -0.0369
13:56:08, 5.20, 156, 17.10, 7.48, 357.29, 0.9863, 0.0610, 0.1499, -0.0331
13:56:08, 5.23, 157, 16.81, 7.71, 357.50, 0.9866, 0.0633, 0.1473, -0.0314
13:56:08, 5.23, 157, 16.62, 7.94, 357.50, 0.9867, 0.0653, 0.1456, -0.0316
13:56:08, 5.27, 158, 16.51, 8.01, 357.63, 0.9868, 0.0661, 0.1446, -0.0304
13:56:08, 5.27, 158, 16.51, 7.94, 357.81, 0.9869, 0.0658, 0.1445, -0.0288
13:56:08, 5.27, 158, 16.48, 7.56, 358.01, 0.9872, 0.0628, 0.1441, -0.0266
13:56:08, 5.30, 159, 16.37, 7.18, 358.11, 0.9876, 0.0596, 0.1431, -0.0252
13:56:08, 5.30, 159, 16.24, 6.90, 358.20, 0.9879, 0.0574, 0.1419, -0.0240
13:56:08, 5.33, 160, 16.10, 6.69, 358.31, 0.9882, 0.0557, 0.1406, -0.0228
13:56:08, 5.33, 160, 15.98, 6.58, 358.45, 0.9885, 0.0550, 0.1395, -0.0213
13:56:08, 5.33, 160, 15.83, 6.60, 358.65, 0.9887, 0.0554, 0.1381, -0.0195
13:56:08, 5.37, 161, 15.67, 6.73, 358.75, 0.9888, 0.0567, 0.1367, -0.0188
13:56:08, 5.37, 161, 15.39, 6.93, 358.74, 0.9890, 0.0584, 0.1343, -0.0190
13:56:08, 5.40, 162, 15.14, 7.28, 358.60, 0.9891, 0.0614, 0.1322, -0.0205
13:56:08, 5.40, 162, 14.94, 7.66, 358.50, 0.9891, 0.0645, 0.1306, -0.0216
13:56:08, 5.43, 163, 14.87, 7.98, 358.46, 0.9890, 0.0673, 0.1300, -0.0223
13:56:08, 5.43, 163, 14.77, 8.19, 358.44, 0.9890, 0.0691, 0.1292, -0.0226
13:56:08, 5.43, 163, 14.71, 8.24, 358.44, 0.9890, 0.0695, 0.1287, -0.0227
13:56:08, 5.47, 164, 14.69, 8.31, 358.41, 0.9890, 0.0701, 0.1284, -0.0230
13:56:08, 5.47, 164, 14.73, 8.40, 358.35, 0.9889, 0.0708, 0.1289, -0.0237
13:56:08, 5.50, 165, 14.78, 8.63, 358.27, 0.9886, 0.0727, 0.1294, -0.0246
13:56:08, 5.50, 165, 14.92, 8.79, 358.21, 0.9883, 0.0739, 0.1306, -0.0254
13:56:08, 5.50, 165, 15.12, 8.93, 358.23, 0.9880, 0.0751, 0.1323, -0.0255
13:56:08, 5.53, 166, 15.36, 9.04, 358.29, 0.9877, 0.0761, 0.1344, -0.0253
13:56:08, 5.53, 166, 15.70, 9.16, 358.39, 0.9872, 0.0772, 0.1373, -0.0247
13:56:08, 5.57, 167, 16.14, 9.27, 358.48, 0.9866, 0.0781, 0.1410, -0.0244
13:56:08, 5.57, 167, 16.66, 9.25, 358.50, 0.9860, 0.0779, 0.1454, -0.0246
13:56:08, 5.60, 168, 17.29, 9.32, 358.29, 0.9851, 0.0780, 0.1510, -0.0269
13:56:08, 5.60, 168, 17.80, 9.44, 358.15, 0.9843, 0.0788, 0.1555, -0.0286
13:56:08, 5.60, 168, 18.39, 9.67, 358.07, 0.9833, 0.0805, 0.1606, -0.0301
13:56:08, 5.63, 169, 18.92, 9.98, 358.14, 0.9823, 0.0832, 0.1651, -0.0303
13:56:08, 5.63, 169, 19.46, 10.31, 358.26, 0.9813, 0.0860, 0.1697, -0.0301
13:56:08, 5.67, 170, 20.02, 10.71, 358.28, 0.9801, 0.0893, 0.1745, -0.0310
13:56:08, 5.67, 170, 20.49, 11.08, 358.27, 0.9791, 0.0923, 0.1784, -0.0320
13:56:08, 5.67, 170, 21.08, 11.45, 358.25, 0.9778, 0.0953, 0.1835, -0.0332
13:56:08, 5.70, 171, 21.61, 11.46, 358.27, 0.9770, 0.0952, 0.1880, -0.0334
13:56:08, 5.70, 171, 22.14, 11.44, 358.25, 0.9761, 0.0949, 0.1925, -0.0340
13:56:08, 5.73, 172, 22.64, 11.33, 358.15, 0.9753, 0.0936, 0.1969, -0.0351
13:56:08, 5.73, 172, 23.20, 11.17, 358.07, 0.9745, 0.0919, 0.2017, -0.0360
13:56:08, 5.77, 173, 23.85, 11.09, 357.86, 0.9733, 0.0907, 0.2074, -0.0382
13:56:08, 5.77, 173, 24.49, 10.94, 357.67, 0.9722, 0.0888, 0.2130, -0.0400
13:56:08, 5.77, 173, 25.21, 10.72, 357.49, 0.9710, 0.0864, 0.2192, -0.0417
13:56:08, 5.80, 174, 26.05, 10.47, 357.27, 0.9694, 0.0835, 0.2265, -0.0437
13:56:08, 5.80, 174, 26.98, 10.25, 356.99, 0.9676, 0.0807, 0.2345, -0.0463
13:56:08, 5.83, 175, 28.07, 10.08, 356.75, 0.9654, 0.0784, 0.2439, -0.0487
13:56:08, 5.83, 175, 29.36, 9.74, 356.46, 0.9627, 0.0743, 0.2549, -0.0512
13:56:08, 5.83, 175, 30.77, 9.47, 356.18, 0.9596, 0.0707, 0.2669, -0.0539
13:56:08, 5.87, 176, 32.14, 9.19, 355.83, 0.9564, 0.0668, 0.2785, -0.0570
13:56:08, 5.87, 176, 33.58, 8.87, 355.54, 0.9529, 0.0627, 0.2906, -0.0594
13:56:08, 5.90, 177, 35.06, 8.61, 355.41, 0.9492, 0.0595, 0.3030, -0.0607
13:56:08, 5.90, 177, 36.59, 8.38, 355.33, 0.9452, 0.0566, 0.3157, -0.0615
13:56:08, 5.93, 178, 38.14, 8.13, 354.92, 0.9408, 0.0524, 0.3285, -0.0649
13:56:08, 5.93, 178, 39.83, 7.92, 354.49, 0.9357, 0.0485, 0.3425, -0.0686
13:56:08, 5.93, 178, 41.50, 7.68, 354.06, 0.9306, 0.0442, 0.3562, -0.0721
13:56:08, 5.97, 179, 43.22, 7.42, 353.85, 0.9251, 0.0403, 0.3702, -0.0735
13:56:08, 5.97, 179, 45.05, 7.24, 353.74, 0.9192, 0.0374, 0.3849, -0.0745
13:56:08, 6.00, 180, 46.96, 7.12, 353.74, 0.9127, 0.0352, 0.4002, -0.0747
13:56:08, 6.00, 180, 49.04, 6.95, 353.80, 0.9055, 0.0327, 0.4166, -0.0742
13:56:09, 6.00, 180, 51.16, 6.58, 353.68, 0.8978, 0.0279, 0.4332, -0.0744
13:56:09, 6.03, 181, 53.35, 6.03, 353.52, 0.8896, 0.0216, 0.4502, -0.0740
13:56:09, 6.03, 181, 55.70, 5.49, 353.45, 0.8805, 0.0156, 0.4682, -0.0727
13:56:09, 6.07, 182, 58.11, 4.96, 353.54, 0.8708, 0.0104, 0.4865, -0.0702
13:56:09, 6.07, 182, 60.43, 4.82, 353.69, 0.8609, 0.0086, 0.5041, -0.0687
13:56:09, 6.10, 183, 62.53, 5.14, 353.98, 0.8515, 0.0110, 0.5198, -0.0681
13:56:09, 6.10, 183, 64.36, 5.84, 354.42, 0.8429, 0.0172, 0.5334, -0.0682
13:56:09, 6.10, 183, 65.81, 6.49, 354.82, 0.8360, 0.0230, 0.5440, -0.0686
13:56:09, 6.13, 184, 66.78, 7.20, 354.74, 0.8309, 0.0272, 0.5510, -0.0728
13:56:09, 6.13, 184, 67.51, 7.40, 354.63, 0.8271, 0.0276, 0.5564, -0.0747
13:56:09, 6.17, 185, 68.09, 7.65, 354.86, 0.8242, 0.0302, 0.5605, -0.0744
13:56:09, 6.17, 185, 68.49, 8.05, 355.54, 0.8224, 0.0361, 0.5632, -0.0716
13:56:09, 6.17, 185, 68.47, 9.04, 356.22, 0.8222, 0.0466, 0.5627, -0.0715
13:56:09, 6.20, 186, 67.77, 10.51, 357.03, 0.8251, 0.0616, 0.5570, -0.0725
13:56:09, 6.20, 186, 66.69, 11.79, 357.44, 0.8295, 0.0735, 0.5486, -0.0750
13:56:09, 6.23, 187, 64.27, 12.90, 357.57, 0.8400, 0.0839, 0.5305, -0.0775
13:56:09, 6.23, 187, 61.16, 13.17, 357.78, 0.8539, 0.0889, 0.5072, -0.0749
13:56:09, 6.27, 188, 58.42, 13.23, 357.97, 0.8659, 0.0919, 0.4865, -0.0716
13:56:09, 6.27, 188, 55.55, 13.02, 357.86, 0.8779, 0.0917, 0.4648, -0.0692
13:56:09, 6.27, 188, 52.47, 12.64, 357.60, 0.8903, 0.0895, 0.4413, -0.0673
13:56:09, 6.30, 189, 49.48, 12.50, 357.34, 0.9015, 0.0892, 0.4182, -0.0665
13:56:09, 6.30, 189, 46.37, 12.52, 356.92, 0.9123, 0.0897, 0.3939, -0.0675
13:56:09, 6.33, 190, 43.37, 12.72, 356.45, 0.9218, 0.0915, 0.3703, -0.0695
13:56:09, 6.33, 190, 40.49, 12.86, 356.08, 0.9304, 0.0933, 0.3473, -0.0706
13:56:09, 6.33, 190, 37.68, 12.74, 355.78, 0.9386, 0.0931, 0.3246, -0.0705
13:56:09, 6.37, 191, 34.81, 12.37, 355.53, 0.9467, 0.0911, 0.3012, -0.0692
13:56:09, 6.37, 191, 31.70, 12.02, 355.11, 0.9546, 0.0890, 0.2757, -0.0694
13:56:09, 6.40, 192, 28.60, 11.61, 354.54, 0.9618, 0.0861, 0.2501, -0.0709
13:56:09, 6.40, 192, 25.62, 11.32, 353.96, 0.9679, 0.0845, 0.2254, -0.0729
13:56:09, 6.43, 193, 22.74, 11.03, 353.59, 0.9732, 0.0831, 0.2012, -0.0735
13:56:09, 6.43, 193, 19.87, 10.77, 353.33, 0.9781, 0.0823, 0.1768, -0.0732
13:56:09, 6.43, 193, 16.94, 10.48, 353.14, 0.9824, 0.0814, 0.1519, -0.0724
13:56:09, 6.47, 194, 14.08, 10.32, 352.82, 0.9858, 0.0814, 0.1274, -0.0729
13:56:09, 6.47, 194, 11.26, 10.27, 352.39, 0.9884, 0.0824, 0.1034, -0.0745
13:56:09, 6.50, 195, 8.74, 10.40, 351.88, 0.9900, 0.0847, 0.0821, -0.0772
13:56:09, 6.50, 195, 6.70, 10.44, 351.78, 0.9912, 0.0864, 0.0645, -0.0766
13:56:09, 6.50, 195, 5.24, 10.37, 351.93, 0.9921, 0.0868, 0.0517, -0.0742
13:56:09, 6.53, 196, 3.78, 10.24, 352.00, 0.9928, 0.0867, 0.0390, -0.0724
13:56:09, 6.53, 196, 2.19, 10.08, 352.15, 0.9935, 0.0863, 0.0250, -0.0698
13:56:09, 6.57, 197, 0.75, 9.96, 352.25, 0.9939, 0.0862, 0.0124, -0.0679
13:56:09, 6.57, 197, 359.57, 9.93, 352.30, 0.9940, 0.0866, 0.0021, -0.0666
13:56:09, 6.60, 198, 358.62, 9.94, 352.37, 0.9940, 0.0872, -0.0062, -0.0652
13:56:09, 6.60, 198, 357.86, 9.92, 352.51, 0.9941, 0.0875, -0.0129, -0.0634
13:56:09, 6.60, 198, 357.32, 9.79, 352.76, 0.9942, 0.0866, -0.0178, -0.0609
13:56:09, 6.63, 199, 356.86, 9.72, 353.03, 0.9943, 0.0862, -0.0221, -0.0583
13:56:09, 6.63, 199, 356.47, 9.75, 353.30, 0.9944, 0.0866, -0.0257, -0.0556
13:56:09, 6.67, 200, 356.17, 9.78, 353.57, 0.9944, 0.0869, -0.0285, -0.0530
13:56:09, 6.67, 200, 355.89, 9.81, 353.89, 0.9944, 0.0872, -0.0311, -0.0500
13:56:09, 6.67, 200, 355.81, 9.71, 354.21, 0.9946, 0.0863, -0.0321, -0.0472
13:56:09, 6.70, 201, 355.71, 9.49, 354.53, 0.9949, 0.0843, -0.0333, -0.0444
13:56:09, 6.70, 201, 355.61, 9.25, 354.74, 0.9951, 0.0822, -0.0344, -0.0426
13:56:09, 6.73, 202, 355.51, 8.97, 354.91, 0.9953, 0.0798, -0.0355, -0.0411
13:56:09, 6.73, 202, 355.47, 8.71, 355.09, 0.9956, 0.0775, -0.0361, -0.0397
13:56:09, 6.77, 203, 355.42, 8.41, 355.09, 0.9957, 0.0749, -0.0367, -0.0397
13:56:09, 6.77, 203, 355.32, 8.13, 355.07, 0.9959, 0.0725, -0.0376, -0.0400
13:56:09, 6.77, 203, 355.13, 7.84, 355.00, 0.9959, 0.0701, -0.0394, -0.0406
13:56:09, 6.80, 204, 354.89, 7.63, 354.94, 0.9960, 0.0684, -0.0415, -0.0410
13:56:09, 6.80, 204, 354.75, 7.44, 354.84, 0.9960, 0.0668, -0.0427, -0.0419
13:56:09, 6.83, 205, 354.60, 7.34, 354.80, 0.9960, 0.0660, -0.0440, -0.0422
13:56:09, 6.83, 205, 354.57, 7.30, 354.74, 0.9959, 0.0657, -0.0443, -0.0427
13:56:09, 6.83, 205, 354.55, 7.24, 354.71, 0.9960, 0.0652, -0.0445, -0.0430
13:56:09, 6.87, 206, 354.54, 7.14, 354.74, 0.9960, 0.0643, -0.0446, -0.0428
13:56:09, 6.87, 206, 354.51, 7.01, 354.79, 0.9961, 0.0632, -0.0450, -0.0424
13:56:09, 6.90, 207, 354.49, 6.92, 354.84, 0.9961, 0.0624, -0.0452, -0.0420
13:56:09, 6.90, 207, 354.49, 6.93, 354.89, 0.9962, 0.0625, -0.0453, -0.0416
13:56:09, 6.93, 208, 354.49, 6.88, 354.89, 0.9962, 0.0620, -0.0453, -0.0415
13:56:09, 6.93, 208, 354.51, 6.84, 354.92, 0.9962, 0.0616, -0.0451, -0.0413
13:56:09, 6.93, 208, 354.55, 6.75, 354.96, 0.9963, 0.0608, -0.0448, -0.0410
13:56:09, 6.97, 209, 354.57, 6.65, 355.01, 0.9964, 0.0599, -0.0447, -0.0407
13:56:09, 6.97, 209, 354.61, 6.50, 355.02, 0.9965, 0.0586, -0.0444, -0.0406
13:56:09, 7.00, 210, 354.61, 6.34, 354.99, 0.9965, 0.0572, -0.0445, -0.0410
13:56:09, 7.00, 210, 354.55, 6.18, 354.94, 0.9966, 0.0559, -0.0450, -0.0415
13:56:10, 7.00, 210, 354.44, 6.00, 354.90, 0.9966, 0.0544, -0.0461, -0.0419
13:56:10, 7.03, 211, 354.28, 5.81, 354.86, 0.9966, 0.0528, -0.0475, -0.0422
13:56:10, 7.03, 211, 354.14, 5.61, 354.81, 0.9966, 0.0512, -0.0488, -0.0427
13:56:10, 7.07, 212, 353.99, 5.49, 354.79, 0.9966, 0.0501, -0.0501, -0.0429
13:56:10, 7.07, 212, 353.85, 5.40, 354.74, 0.9965, 0.0495, -0.0514, -0.0433
13:56:10, 7.10, 213, 353.64, 5.27, 354.72, 0.9965, 0.0484, -0.0532, -0.0434
13:56:10, 7.10, 213, 353.43, 5.14, 354.65, 0.9964, 0.0474, -0.0551, -0.0440
13:56:10, 7.10, 213, 353.23, 5.15, 354.58, 0.9963, 0.0476, -0.0568, -0.0445
13:56:10, 7.13, 214, 353.11, 5.22, 354.53, 0.9962, 0.0482, -0.0578, -0.0449
13:56:10, 7.13, 214, 352.97, 5.31, 354.55, 0.9961, 0.0491, -0.0590, -0.0446
13:56:10, 7.17, 215, 352.76, 5.32, 354.64, 0.9960, 0.0492, -0.0609, -0.0437
13:56:10, 7.17, 215, 352.48, 5.33, 354.71, 0.9959, 0.0493, -0.0633, -0.0430
13:56:10, 7.17, 215, 352.20, 5.37, 354.77, 0.9957, 0.0498, -0.0657, -0.0423
13:56:10, 7.20, 216, 351.91, 5.56, 354.83, 0.9955, 0.0515, -0.0682, -0.0415
13:56:10, 7.20, 216, 351.64, 5.78, 354.87, 0.9952, 0.0535, -0.0705, -0.0409
13:56:10, 7.23, 217, 351.35, 5.99, 354.91, 0.9950, 0.0554, -0.0729, -0.0403
13:56:10, 7.23, 217, 351.02, 6.10, 354.98, 0.9947, 0.0565, -0.0758, -0.0394
13:56:10, 7.27, 218, 350.62, 6.06, 355.06, 0.9945, 0.0561, -0.0793, -0.0385
13:56:10, 7.27, 218, 350.14, 6.01, 355.19, 0.9942, 0.0558, -0.0836, -0.0373
13:56:10, 7.27, 218, 349.64, 5.86, 355.27, 0.9940, 0.0546, -0.0880, -0.0365
13:56:10, 7.30, 219, 349.10, 5.78, 355.36, 0.9936, 0.0540, -0.0927, -0.0354
13:56:10, 7.30, 219, 348.44, 5.65, 355.48, 0.9931, 0.0530, -0.0986, -0.0343
13:56:10, 7.33, 220, 347.61, 5.46, 355.42, 0.9924, 0.0516, -0.1059, -0.0345
13:56:10, 7.33, 220, 346.36, 5.19, 355.31, 0.9913, 0.0498, -0.1167, -0.0352
13:56:10, 7.33, 220, 344.86, 4.92, 355.20, 0.9897, 0.0480, -0.1297, -0.0358
13:56:10, 7.37, 221, 343.36, 4.70, 355.36, 0.9881, 0.0464, -0.1428, -0.0341
13:56:10, 7.37, 221, 341.74, 4.55, 355.62, 0.9861, 0.0452, -0.1570, -0.0314
13:56:10, 7.40, 222, 340.01, 4.36, 355.69, 0.9837, 0.0439, -0.1719, -0.0304
13:56:10, 7.40, 222, 338.24, 4.15, 355.83, 0.9810, 0.0424, -0.1872, -0.0289
13:56:10, 7.43, 223, 336.37, 3.87, 355.99, 0.9779, 0.0402, -0.2034, -0.0273
13:56:10, 7.43, 223, 334.47, 3.63, 356.14, 0.9745, 0.0383, -0.2196, -0.0258
13:56:10, 7.43, 223, 332.48, 3.23, 356.43, 0.9706, 0.0348, -0.2368, -0.0235
13:56:10, 7.47, 224, 330.38, 2.85, 356.81, 0.9663, 0.0311, -0.2548, -0.0206
13:56:10, 7.47, 224, 328.11, 2.41, 357.10, 0.9612, 0.0272, -0.2741, -0.0185
13:56:10, 7.50, 225, 325.88, 1.95, 357.34, 0.9557, 0.0231, -0.2928, -0.0172
13:56:10, 7.50, 225, 323.77, 1.58, 357.59, 0.9502, 0.0197, -0.3105, -0.0157
13:56:10, 7.50, 225, 321.78, 1.23, 357.87, 0.9447, 0.0162, -0.3272, -0.0141
13:56:10, 7.53, 226, 319.72, 0.92, 358.16, 0.9387, 0.0131, -0.3442, -0.0123
13:56:10, 7.53, 226, 317.58, 0.52, 358.44, 0.9322, 0.0092, -0.3617, -0.0110
13:56:10, 7.57, 227, 315.50, 0.22, 358.70, 0.9255, 0.0061, -0.3786, -0.0097
13:56:10, 7.57, 227, 313.50, 359.91, 358.94, 0.9187, 0.0029, -0.3948, -0.0088
13:56:10, 7.60, 228, 311.61, 359.66, 359.14, 0.9121, 0.0003, -0.4099, -0.0080
13:56:10, 7.60, 228, 309.75, 359.41, 359.42, 0.9054, -0.0026, -0.4246, -0.0068
13:56:10, 7.60, 228, 307.88, 359.12, 359.75, 0.8983, -0.0060, -0.4393, -0.0053
13:56:10, 7.63, 229, 306.02, 358.80, 0.01, 0.8910, -0.0094, -0.4538, -0.0047
13:56:10, 7.63, 229, 304.15, 358.30, 0.24, 0.8835, -0.0141, -0.4682, -0.0051
13:56:10, 7.67, 230, 302.39, 357.72, 0.49, 0.8761, -0.0195, -0.4817, -0.0058
13:56:10, 7.67, 230, 300.66, 357.33, 0.78, 0.8687, -0.0236, -0.4947, -0.0056
13:56:10, 7.67, 230, 298.90, 356.98, 1.09, 0.8610, -0.0275, -0.5079, -0.0052
13:56:10, 7.70, 231, 297.29, 356.75, 1.34, 0.8537, -0.0303, -0.5198, -0.0048
13:56:10, 7.70, 231, 295.74, 356.66, 1.59, 0.8466, -0.0320, -0.5312, -0.0038
13:56:10, 7.73, 232, 294.28, 356.44, 1.84, 0.8398, -0.0348, -0.5418, -0.0033
13:56:10, 7.73, 232, 292.92, 356.24, 2.12, 0.8333, -0.0376, -0.5516, -0.0027
13:56:10, 7.77, 233, 291.70, 356.11, 2.50, 0.8273, -0.0403, -0.5603, -0.0010
13:56:10, 7.77, 233, 290.50, 356.02, 2.75, 0.8214, -0.0422, -0.5688, -0.0001
13:56:10, 7.77, 233, 289.37, 356.02, 3.01, 0.8157, -0.0435, -0.5768, 0.0014
13:56:10, 7.80, 234, 288.32, 355.98, 3.31, 0.8104, -0.0453, -0.5841, 0.0029
13:56:10, 7.80, 234, 287.37, 356.00, 3.55, 0.8056, -0.0464, -0.5907, 0.0042
13:56:10, 7.83, 235, 286.36, 356.07, 3.68, 0.8003, -0.0467, -0.5978, 0.0052
13:56:10, 7.83, 235, 285.32, 356.22, 3.92, 0.7948, -0.0470, -0.6050, 0.0072
13:56:10, 7.83, 235, 284.26, 356.38, 4.12, 0.7892, -0.0470, -0.6122, 0.0090
13:56:10, 7.87, 236, 283.16, 356.54, 4.21, 0.7833, -0.0464, -0.6198, 0.0100
13:56:10, 7.87, 236, 282.16, 356.67, 4.21, 0.7779, -0.0457, -0.6267, 0.0103
13:56:10, 7.90, 237, 281.15, 356.78, 4.19, 0.7723, -0.0449, -0.6336, 0.0104
13:56:10, 7.90, 237, 280.21, 356.88, 4.15, 0.7670, -0.0440, -0.6400, 0.0103
13:56:10, 7.93, 238, 279.33, 356.96, 4.18, 0.7621, -0.0438, -0.6458, 0.0106
13:56:10, 7.93, 238, 278.47, 357.10, 4.11, 0.7573, -0.0426, -0.6516, 0.0106
13:56:10, 7.93, 238, 277.64, 357.22, 4.05, 0.7525, -0.0415, -0.6572, 0.0106
13:56:10, 7.97, 239, 276.87, 357.22, 4.03, 0.7481, -0.0414, -0.6622, 0.0102
13:56:10, 7.97, 239, 276.16, 357.27, 4.00, 0.7440, -0.0410, -0.6669, 0.0100
13:56:10, 8.00, 240, 275.50, 357.43, 3.93, 0.7401, -0.0396, -0.6712, 0.0103
13:56:10, 8.00, 240, 274.83, 357.56, 3.87, 0.7362, -0.0385, -0.6756, 0.0105
13:56:11, 8.03, 241, 274.22, 357.57, 3.74, 0.7326, -0.0377, -0.6796, 0.0095
13:56:11, 8.03, 241, 273.65, 357.60, 3.62, 0.7292, -0.0369, -0.6833, 0.0087
13:56:11, 8.03, 241, 273.07, 357.68, 3.51, 0.7257, -0.0358, -0.6870, 0.0083
13:56:11, 8.07, 242, 272.54, 357.83, 3.40, 0.7226, -0.0342, -0.6904, 0.0084
13:56:11, 8.07, 242, 272.08, 357.98, 3.27, 0.7198, -0.0325, -0.6934, 0.0083
13:56:11, 8.10, 243, 271.60, 358.08, 3.18, 0.7169, -0.0313, -0.6965, 0.0082
13:56:11, 8.10, 243, 271.10, 358.10, 3.14, 0.7138, -0.0310, -0.6996, 0.0080
13:56:11, 8.10, 243, 270.61, 358.25, 3.10, 0.7108, -0.0299, -0.7027, 0.0085
13:56:11, 8.13, 244, 270.09, 358.38, 3.05, 0.7076, -0.0288, -0.7059, 0.0088
13:56:11, 8.13, 244, 269.50, 358.52, 2.96, 0.7040, -0.0274, -0.7096, 0.0090
13:56:11, 8.17, 245, 268.97, 358.66, 3.02, 0.7007, -0.0269, -0.7129, 0.0101
13:56:11, 8.17, 245, 268.33, 358.73, 3.06, 0.6967, -0.0269, -0.7168, 0.0107
13:56:11, 8.20, 246, 267.69, 358.83, 3.08, 0.6926, -0.0264, -0.7207, 0.0112
13:56:11, 8.20, 246, 267.02, 358.88, 3.02, 0.6884, -0.0259, -0.7248, 0.0110
13:56:11, 8.20, 246, 266.44, 358.90, 2.98, 0.6847, -0.0255, -0.7283, 0.0108
13:56:11, 8.23, 247, 265.77, 359.00, 3.02, 0.6804, -0.0253, -0.7323, 0.0115
13:56:11, 8.23, 247, 265.08, 359.04, 3.03, 0.6760, -0.0251, -0.7364, 0.0117
13:56:11, 8.27, 248, 264.49, 359.14, 3.04, 0.6722, -0.0247, -0.7399, 0.0123
13:56:11, 8.27, 248, 263.90, 359.29, 3.03, 0.6684, -0.0237, -0.7433, 0.0131
13:56:11, 8.27, 248, 263.40, 359.41, 3.02, 0.6651, -0.0231, -0.7463, 0.0136
13:56:11, 8.30, 249, 262.80, 359.60, 3.06, 0.6611, -0.0224, -0.7498, 0.0150
13:56:11, 8.30, 249, 262.22, 359.67, 3.07, 0.6574, -0.0221, -0.7531, 0.0155
13:56:11, 8.33, 250, 261.62, 359.83, 3.05, 0.6534, -0.0211, -0.7566, 0.0163
13:56:11, 8.33, 250, 261.11, 359.97, 3.00, 0.6500, -0.0200, -0.7595, 0.0168
13:56:11, 8.37, 251, 260.62, 0.10, 2.96, 0.6467, -0.0191, -0.7623, 0.0174
13:56:11, 8.37, 251, 260.06, 0.23, 2.96, 0.6429, -0.0185, -0.7655, 0.0182
13:56:11, 8.37, 251, 259.60, 0.30, 2.97, 0.6398, -0.0182, -0.7681, 0.0186
13:56:11, 8.40, 252, 259.15, 0.47, 2.91, 0.6368, -0.0170, -0.7706, 0.0193
13:56:11, 8.40, 252, 258.73, 0.55, 2.84, 0.6340, -0.0161, -0.7729, 0.0195
13:56:11, 8.43, 253, 258.26, 0.64, 2.84, 0.6308, -0.0157, -0.7756, 0.0200
13:56:11, 8.43, 253, 257.75, 0.69, 2.85, 0.6273, -0.0156, -0.7783, 0.0203
13:56:11, 8.43, 253, 257.29, 0.86, 2.83, 0.6242, -0.0146, -0.7809, 0.0213
13:56:11, 8.47, 254, 256.78, 0.93, 2.80, 0.6206, -0.0141, -0.7837, 0.0215
13:56:11, 8.47, 254, 256.23, 1.02, 2.81, 0.6168, -0.0138, -0.7867, 0.0221
13:56:11, 8.50, 255, 255.71, 1.11, 2.76, 0.6133, -0.0130, -0.7894, 0.0224
13:56:11, 8.50, 255, 255.26, 1.25, 2.67, 0.6102, -0.0118, -0.7919, 0.0228
13:56:11, 8.53, 256, 254.83, 1.24, 2.63, 0.6072, -0.0117, -0.7942, 0.0225
13:56:11, 8.53, 256, 254.36, 1.32, 2.55, 0.6039, -0.0107, -0.7966, 0.0226
13:56:11, 8.53, 256, 253.93, 1.43, 2.52, 0.6009, -0.0100, -0.7989, 0.0232
13:56:11, 8.57, 257, 253.47, 1.50, 2.48, 0.5977, -0.0095, -0.8013, 0.0234
13:56:11, 8.57, 257, 253.07, 1.57, 2.48, 0.5949, -0.0093, -0.8034, 0.0239
13:56:11, 8.60, 258, 252.65, 1.59, 2.32, 0.5920, -0.0081, -0.8056, 0.0232
13:56:11, 8.60, 258, 252.31, 1.73, 2.36, 0.5896, -0.0077, -0.8073, 0.0243
13:56:11, 8.60, 258, 251.91, 1.82, 2.29, 0.5867, -0.0069, -0.8094, 0.0246
13:56:11, 8.63, 259, 251.46, 1.92, 2.21, 0.5835, -0.0059, -0.8117, 0.0249
13:56:11, 8.63, 259, 251.08, 1.98, 2.16, 0.5808, -0.0053, -0.8136, 0.0250
13:56:11, 8.67, 260, 250.73, 2.06, 2.15, 0.5783, -0.0049, -0.8154, 0.0255
13:56:11, 8.67, 260, 250.37, 2.20, 2.14, 0.5757, -0.0042, -0.8172, 0.0264
13:56:11, 8.70, 261, 250.01, 2.35, 2.15, 0.5731, -0.0036, -0.8190, 0.0276
13:56:11, 8.70, 261, 249.60, 2.41, 2.15, 0.5701, -0.0034, -0.8211, 0.0280
13:56:11, 8.70, 261, 249.33, 2.47, 2.10, 0.5682, -0.0028, -0.8224, 0.0282
13:56:11, 8.73, 262, 249.02, 2.51, 2.03, 0.5660, -0.0022, -0.8239, 0.0280
13:56:11, 8.73, 262, 248.76, 2.56, 2.02, 0.5641, -0.0019, -0.8252, 0.0284
13:56:11, 8.77, 263, 248.46, 2.60, 2.02, 0.5619, -0.0018, -0.8267, 0.0287
13:56:11, 8.77, 263, 248.22, 2.69, 1.98, 0.5602, -0.0012, -0.8278, 0.0291
13:56:11, 8.77, 263, 248.02, 2.75, 1.94, 0.5588, -0.0006, -0.8288, 0.0293
13:56:11, 8.80, 264, 247.83, 2.78, 1.89, 0.5574, -0.0001, -0.8297, 0.0293
13:56:11, 8.80, 264, 247.59, 2.89, 1.84, 0.5556, 0.0007, -0.8309, 0.0299
13:56:11, 8.83, 265, 247.33, 3.02, 1.86, 0.5537, 0.0011, -0.8321, 0.0310
13:56:11, 8.83, 265, 247.06, 3.16, 1.89, 0.5517, 0.0015, -0.8334, 0.0321
13:56:11, 8.87, 266, 246.79, 3.31, 1.87, 0.5497, 0.0023, -0.8347, 0.0331
13:56:11, 8.87, 266, 246.55, 3.55, 1.93, 0.5479, 0.0029, -0.8358, 0.0351
13:56:11, 8.87, 266, 246.26, 3.77, 1.95, 0.5457, 0.0037, -0.8372, 0.0368
13:56:11, 8.90, 267, 245.95, 3.91, 1.95, 0.5434, 0.0043, -0.8386, 0.0379
13:56:11, 8.90, 267, 245.72, 4.07, 1.98, 0.5416, 0.0048, -0.8397, 0.0392
13:56:11, 8.93, 268, 245.47, 4.23, 2.04, 0.5398, 0.0050, -0.8408, 0.0407
13:56:11, 8.93, 268, 245.25, 4.43, 2.07, 0.5381, 0.0057, -0.8418, 0.0423
13:56:11, 8.93, 268, 245.04, 4.67, 2.04, 0.5365, 0.0069, -0.8427, 0.0439
13:56:11, 8.97, 269, 244.83, 4.83, 2.03, 0.5349, 0.0077, -0.8437, 0.0450
13:56:11, 8.97, 269, 244.68, 4.97, 2.04, 0.5337, 0.0082, -0.8444, 0.0461
13:56:11, 9.00, 270, 244.56, 5.09, 2.03, 0.5328, 0.0088, -0.8449, 0.0470
13:56:11, 9.00, 270, 244.48, 5.24, 2.03, 0.5321, 0.0095, -0.8453, 0.0481
13:56:12, 9.03, 271, 244.42, 5.39, 2.02, 0.5316, 0.0101, -0.8455, 0.0492
13:56:12, 9.03, 271, 244.39, 5.51, 2.00, 0.5314, 0.0109, -0.8456, 0.0499
13:56:12, 9.03, 271, 244.35, 5.68, 2.01, 0.5311, 0.0116, -0.8457, 0.0512
13:56:12, 9.07, 272, 244.34, 5.85, 2.08, 0.5309, 0.0118, -0.8457, 0.0528
13:56:12, 9.07, 272, 244.31, 5.98, 2.15, 0.5306, 0.0119, -0.8458, 0.0541
13:56:12, 9.10, 273, 244.24, 6.08, 2.20, 0.5300, 0.0119, -0.8461, 0.0551
13:56:12, 9.10, 273, 244.19, 6.18, 2.22, 0.5295, 0.0122, -0.8464, 0.0559
13:56:12, 9.10, 273, 244.14, 6.29, 2.21, 0.5292, 0.0129, -0.8465, 0.0567
13:56:12, 9.13, 274, 244.15, 6.43, 2.18, 0.5292, 0.0137, -0.8464, 0.0576
13:56:12, 9.13, 274, 244.16, 6.57, 2.19, 0.5292, 0.0142, -0.8463, 0.0586
13:56:12, 9.17, 275, 244.14, 6.69, 2.22, 0.5290, 0.0146, -0.8464, 0.0597
13:56:12, 9.17, 275, 244.07, 6.74, 2.27, 0.5285, 0.0144, -0.8467, 0.0603
13:56:12, 9.20, 276, 244.04, 6.83, 2.25, 0.5282, 0.0150, -0.8468, 0.0609
13:56:12, 9.20, 276, 244.00, 6.92, 2.18, 0.5279, 0.0159, -0.8470, 0.0612
13:56:12, 9.20, 276, 244.04, 7.03, 2.12, 0.5282, 0.0168, -0.8467, 0.0618
13:56:12, 9.23, 277, 244.07, 7.15, 2.12, 0.5283, 0.0174, -0.8465, 0.0627
13:56:12, 9.23, 277, 244.05, 7.22, 2.12, 0.5282, 0.0178, -0.8466, 0.0632
13:56:12, 9.27, 278, 244.00, 7.29, 2.09, 0.5278, 0.0182, -0.8468, 0.0635
13:56:12, 9.27, 278, 243.96, 7.37, 2.05, 0.5275, 0.0189, -0.8470, 0.0639
13:56:12, 9.27, 278, 243.93, 7.46, 2.02, 0.5272, 0.0195, -0.8470, 0.0644
13:56:12, 9.30, 279, 243.88, 7.54, 1.98, 0.5268, 0.0201, -0.8473, 0.0649
13:56:12, 9.30, 279, 243.77, 7.59, 1.97, 0.5260, 0.0204, -0.8477, 0.0652
13:56:12, 9.33, 280, 243.62, 7.63, 2.01, 0.5248, 0.0202, -0.8484, 0.0658
13:56:12, 9.33, 280, 243.51, 7.64, 1.96, 0.5241, 0.0206, -0.8489, 0.0656
13:56:12, 9.37, 281, 243.48, 7.70, 1.92, 0.5238, 0.0211, -0.8490, 0.0659
13:56:12, 9.37, 281, 243.43, 7.71, 1.93, 0.5234, 0.0211, -0.8492, 0.0660
13:56:12, 9.37, 281, 243.38, 7.69, 1.92, 0.5231, 0.0210, -0.8495, 0.0659
13:56:12, 9.40, 282, 243.35, 7.69, 1.87, 0.5230, 0.0213, -0.8496, 0.0656
13:56:12, 9.40, 282, 243.34, 7.70, 1.82, 0.5229, 0.0218, -0.8496, 0.0655
13:56:12, 9.43, 283, 243.33, 7.72, 1.76, 0.5228, 0.0223, -0.8497, 0.0654
13:56:12, 9.43, 283, 243.33, 7.77, 1.66, 0.5229, 0.0233, -0.8496, 0.0653
13:56:12, 9.43, 283, 243.36, 7.85, 1.59, 0.5231, 0.0242, -0.8494, 0.0656
13:56:12, 9.47, 284, 243.39, 7.91, 1.57, 0.5233, 0.0246, -0.8493, 0.0659
13:56:12, 9.47, 284, 243.41, 7.99, 1.58, 0.5234, 0.0249, -0.8491, 0.0665
13:56:12, 9.50, 285, 243.42, 8.04, 1.56, 0.5235, 0.0253, -0.8490, 0.0668
13:56:12, 9.50, 285, 243.44, 8.11, 1.55, 0.5236, 0.0257, -0.8489, 0.0673
13:56:12, 9.53, 286, 243.45, 8.17, 1.55, 0.5236, 0.0260, -0.8488, 0.0677
13:56:12, 9.53, 286, 243.44, 8.24, 1.54, 0.5235, 0.0264, -0.8489, 0.0682
13:56:12, 9.53, 286, 243.41, 8.30, 1.54, 0.5233, 0.0266, -0.8490, 0.0686
13:56:12, 9.57, 287, 243.37, 8.31, 1.51, 0.5230, 0.0269, -0.8491, 0.0686
13:56:12, 9.57, 287, 243.37, 8.33, 1.49, 0.5230, 0.0271, -0.8491, 0.0686
13:56:12, 9.60, 288, 243.40, 8.38, 1.49, 0.5232, 0.0274, -0.8490, 0.0690
13:56:12, 9.60, 288, 243.44, 8.44, 1.49, 0.5235, 0.0276, -0.8488, 0.0694
13:56:12, 9.60, 288, 243.47, 8.49, 1.51, 0.5237, 0.0277, -0.8486, 0.0699
13:56:12, 9.63, 289, 243.52, 8.49, 1.48, 0.5241, 0.0280, -0.8483, 0.0697
13:56:12, 9.63, 289, 243.63, 8.45, 1.45, 0.5249, 0.0282, -0.8479, 0.0693
13:56:12, 9.67, 290, 243.77, 8.41, 1.42, 0.5260, 0.0282, -0.8472, 0.0688
13:56:12, 9.67, 290, 244.02, 8.42, 1.38, 0.5278, 0.0287, -0.8461, 0.0686
13:56:12, 9.70, 291, 244.28, 8.40, 1.34, 0.5298, 0.0291, -0.8449, 0.0682
13:56:12, 9.70, 291, 244.59, 8.37, 1.29, 0.5321, 0.0295, -0.8435, 0.0677
13:56:12, 9.70, 291, 244.99, 8.33, 1.17, 0.5351, 0.0304, -0.8416, 0.0667
13:56:12, 9.73, 292, 245.60, 8.31, 1.05, 0.5397, 0.0316, -0.8387, 0.0659
13:56:12, 9.73, 292, 246.31, 8.23, 1.01, 0.5449, 0.0319, -0.8353, 0.0649
13:56:12, 9.77, 293, 247.12, 8.15, 1.12, 0.5508, 0.0311, -0.8316, 0.0646
13:56:12, 9.77, 293, 248.01, 7.98, 1.24, 0.5573, 0.0299, -0.8273, 0.0637
13:56:12, 9.77, 293, 248.97, 7.79, 1.21, 0.5643, 0.0298, -0.8227, 0.0620
13:56:12, 9.80, 294, 249.96, 7.68, 1.15, 0.5714, 0.0302, -0.8179, 0.0606
13:56:12, 9.80, 294, 250.93, 7.48, 1.15, 0.5784, 0.0297, -0.8131, 0.0590
13:56:12, 9.83, 295, 251.75, 7.31, 1.35, 0.5842, 0.0279, -0.8091, 0.0585
13:56:12, 9.83, 295, 252.36, 7.19, 1.54, 0.5884, 0.0262, -0.8060, 0.0585
13:56:12, 9.87, 296, 252.88, 7.02, 1.63, 0.5921, 0.0250, -0.8034, 0.0577
13:56:12, 9.87, 296, 253.24, 6.93, 1.61, 0.5947, 0.0248, -0.8015, 0.0569
13:56:12, 9.87, 296, 253.59, 6.79, 1.65, 0.5972, 0.0239, -0.7998, 0.0560
13:56:12, 9.90, 297, 254.04, 6.78, 1.78, 0.6002, 0.0232, -0.7975, 0.0566
13:56:12, 9.90, 297, 254.39, 6.74, 1.85, 0.6026, 0.0227, -0.7957, 0.0566
13:56:12, 9.93, 298, 254.65, 6.70, 1.82, 0.6045, 0.0228, -0.7943, 0.0561
13:56:12, 9.93, 298, 254.83, 6.55, 1.85, 0.6058, 0.0219, -0.7934, 0.0552
13:56:12, 9.97, 299, 255.03, 6.50, 1.87, 0.6072, 0.0216, -0.7924, 0.0549
13:56:12, 9.97, 299, 255.27, 6.50, 1.89, 0.6088, 0.0216, -0.7911, 0.0549
13:56:12, 9.97, 299, 255.50, 6.56, 1.81, 0.6104, 0.0226, -0.7898, 0.0549
