Timestamp, VideoTime, VideoFrame, HeadYaw, HeadPitch, HeadRoll, HeadQuatW, HeadQuatX, HeadQuatY, HeadQuatZ
13:53:52, 0.00, 0, 1.75, 28.31, 357.30, 0.9692, 0.2441, 0.0205, -0.0265
13:53:52, 0.03, 1, 1.76, 28.39, 357.30, 0.9690, 0.2447, 0.0206, -0.0266
13:53:52, 0.03, 1, 1.77, 28.48, 357.31, 0.9688, 0.2455, 0.0207, -0.0265
13:53:52, 0.03, 1, 1.78, 28.57, 357.33, 0.9686, 0.2463, 0.0208, -0.0264
13:53:52, 0.07, 2, 1.78, 28.65, 357.34, 0.9684, 0.2470, 0.0208, -0.0264
13:53:52, 0.07, 2, 1.78, 28.72, 357.34, 0.9683, 0.2476, 0.0208, -0.0263
13:53:52, 0.10, 3, 1.78, 28.78, 357.35, 0.9682, 0.2481, 0.0208, -0.0263
13:53:53, 0.10, 3, 1.76, 28.84, 357.34, 0.9680, 0.2486, 0.0206, -0.0263
13:53:53, 0.10, 3, 1.73, 28.91, 357.35, 0.9679, 0.2492, 0.0204, -0.0262
13:53:53, 0.13, 4, 1.73, 28.97, 357.37, 0.9678, 0.2497, 0.0203, -0.0259
13:53:53, 0.13, 4, 1.72, 29.01, 357.38, 0.9677, 0.2500, 0.0202, -0.0259
13:53:53, 0.17, 5, 1.71, 29.00, 357.34, 0.9677, 0.2500, 0.0202, -0.0262
13:53:53, 0.17, 5, 1.71, 28.99, 357.33, 0.9677, 0.2498, 0.0203, -0.0263
13:53:53, 0.17, 5, 1.70, 28.98, 357.33, 0.9677, 0.2498, 0.0202, -0.0262
13:53:53, 0.20, 6, 1.69, 28.98, 357.36, 0.9677, 0.2498, 0.0201, -0.0260
13:53:53, 0.20, 6, 1.71, 28.99, 357.36, 0.9677, 0.2499, 0.0202, -0.0260
13:53:53, 0.23, 7, 1.70, 29.00, 357.36, 0.9677, 0.2500, 0.0201, -0.0260
13:53:53, 0.23, 7, 1.70, 29.01, 357.38, 0.9677, 0.2500, 0.0201, -0.0259
13:53:53, 0.27, 8, 1.70, 29.00, 357.40, 0.9677, 0.2500, 0.0201, -0.0257
13:53:53, 0.27, 8, 1.69, 29.00, 357.41, 0.9677, 0.2499, 0.0199, -0.0256
13:53:53, 0.27, 8, 1.68, 29.00, 357.42, 0.9677, 0.2500, 0.0198, -0.0255
13:53:53, 0.30, 9, 1.66, 29.02, 357.43, 0.9677, 0.2502, 0.0196, -0.0254
13:53:53, 0.30, 9, 1.63, 29.05, 357.43, 0.9676, 0.2504, 0.0194, -0.0253
13:53:53, 0.33, 10, 1.58, 29.09, 357.41, 0.9675, 0.2508, 0.0190, -0.0254
13:53:53, 0.33, 10, 1.57, 29.13, 357.42, 0.9675, 0.2511, 0.0189, -0.0252
13:53:53, 0.33, 10, 1.53, 29.21, 357.41, 0.9673, 0.2517, 0.0186, -0.0252
13:53:53, 0.37, 11, 1.50, 29.26, 357.41, 0.9672, 0.2522, 0.0183, -0.0252
13:53:53, 0.37, 11, 1.45, 29.34, 357.40, 0.9670, 0.2529, 0.0180, -0.0252
13:53:53, 0.40, 12, 1.44, 29.42, 357.43, 0.9668, 0.2536, 0.0178, -0.0249
13:53:53, 0.40, 12, 1.40, 29.52, 357.43, 0.9666, 0.2544, 0.0175, -0.0248
13:53:53, 0.43, 13, 1.33, 29.58, 357.42, 0.9665, 0.2549, 0.0170, -0.0247
13:53:53, 0.43, 13, 1.29, 29.69, 357.42, 0.9663, 0.2559, 0.0167, -0.0246
13:53:53, 0.43, 13, 1.23, 29.75, 357.42, 0.9661, 0.2564, 0.0162, -0.0245
13:53:53, 0.47, 14, 1.20, 29.86, 357.45, 0.9659, 0.2573, 0.0159, -0.0242
13:53:53, 0.47, 14, 1.18, 29.93, 357.43, 0.9657, 0.2579, 0.0157, -0.0243
13:53:53, 0.50, 15, 1.13, 29.97, 357.42, 0.9657, 0.2582, 0.0154, -0.0243
13:53:53, 0.50, 15, 1.13, 30.01, 357.47, 0.9656, 0.2586, 0.0153, -0.0239
13:53:53, 0.50, 15, 1.12, 30.03, 357.50, 0.9655, 0.2588, 0.0151, -0.0236
13:53:53, 0.53, 16, 1.12, 30.06, 357.54, 0.9655, 0.2591, 0.0150, -0.0232
13:53:53, 0.53, 16, 1.14, 30.08, 357.60, 0.9654, 0.2593, 0.0150, -0.0228
13:53:53, 0.57, 17, 1.13, 30.09, 357.61, 0.9654, 0.2593, 0.0150, -0.0227
13:53:53, 0.57, 17, 1.15, 30.12, 357.65, 0.9654, 0.2595, 0.0150, -0.0224
13:53:53, 0.60, 18, 1.16, 30.16, 357.68, 0.9653, 0.2599, 0.0150, -0.0222
13:53:53, 0.60, 18, 1.14, 30.18, 357.69, 0.9652, 0.2601, 0.0149, -0.0221
13:53:53, 0.60, 18, 1.15, 30.20, 357.67, 0.9652, 0.2602, 0.0150, -0.0223
13:53:53, 0.63, 19, 1.14, 30.22, 357.66, 0.9651, 0.2604, 0.0149, -0.0223
13:53:53, 0.63, 19, 1.14, 30.27, 357.66, 0.9650, 0.2609, 0.0149, -0.0223
13:53:53, 0.67, 20, 1.14, 30.32, 357.64, 0.9649, 0.2612, 0.0150, -0.0225
13:53:53, 0.67, 20, 1.15, 30.34, 357.66, 0.9648, 0.2614, 0.0150, -0.0223
13:53:53, 0.67, 20, 1.15, 30.39, 357.66, 0.9647, 0.2619, 0.0151, -0.0224
13:53:53, 0.70, 21, 1.16, 30.43, 357.66, 0.9646, 0.2622, 0.0151, -0.0223
13:53:53, 0.70, 21, 1.16, 30.47, 357.63, 0.9645, 0.2625, 0.0152, -0.0226
13:53:53, 0.73, 22, 1.27, 30.52, 357.64, 0.9644, 0.2629, 0.0161, -0.0228
13:53:53, 0.73, 22, 1.57, 30.52, 357.70, 0.9644, 0.2629, 0.0185, -0.0230
13:53:53, 0.77, 23, 2.23, 30.52, 358.01, 0.9643, 0.2628, 0.0233, -0.0218
13:53:53, 0.77, 23, 2.97, 30.53, 358.41, 0.9642, 0.2629, 0.0286, -0.0202
13:53:53, 0.77, 23, 3.56, 30.61, 358.72, 0.9639, 0.2635, 0.0329, -0.0190
13:53:53, 0.80, 24, 4.35, 30.71, 358.92, 0.9635, 0.2643, 0.0391, -0.0191
13:53:53, 0.80, 24, 5.31, 30.89, 359.14, 0.9627, 0.2657, 0.0467, -0.0196
13:53:53, 0.83, 25, 6.44, 30.97, 359.43, 0.9621, 0.2663, 0.0554, -0.0198
13:53:53, 0.83, 25, 7.84, 31.12, 359.90, 0.9611, 0.2675, 0.0661, -0.0192
13:53:53, 0.87, 26, 10.06, 31.05, 0.78, 0.9599, 0.2672, 0.0827, -0.0170
13:53:53, 0.87, 26, 13.33, 30.78, 1.77, 0.9580, 0.2653, 0.1078, -0.0160
13:53:53, 0.87, 26, 16.79, 30.31, 2.89, 0.9555, 0.2621, 0.1344, -0.0141
13:53:53, 0.90, 27, 20.21, 30.10, 4.02, 0.9517, 0.2614, 0.1604, -0.0122
13:53:53, 0.90, 27, 23.55, 29.86, 5.17, 0.9473, 0.2609, 0.1856, -0.0099
13:53:53, 0.93, 28, 26.61, 29.60, 6.10, 0.9427, 0.2601, 0.2089, -0.0087
13:53:53, 0.93, 28, 29.44, 29.34, 6.89, 0.9378, 0.2592, 0.2307, -0.0080
13:53:53, 0.93, 28, 31.84, 29.10, 7.51, 0.9333, 0.2585, 0.2491, -0.0079
13:53:53, 0.97, 29, 34.03, 28.89, 8.22, 0.9289, 0.2582, 0.2655, -0.0064
13:53:53, 0.97, 29, 36.10, 28.69, 8.71, 0.9243, 0.2577, 0.2814, -0.0066
13:53:53, 1.00, 30, 38.14, 28.52, 9.02, 0.9195, 0.2570, 0.2973, -0.0082
13:53:53, 1.00, 30, 40.17, 28.18, 9.17, 0.9147, 0.2545, 0.3137, -0.0105
13:53:53, 1.03, 31, 42.25, 27.80, 9.57, 0.9096, 0.2525, 0.3299, -0.0107
13:53:53, 1.03, 31, 44.23, 27.43, 9.99, 0.9044, 0.2506, 0.3452, -0.0106
13:53:53, 1.03, 31, 45.99, 27.16, 10.27, 0.8994, 0.2493, 0.3589, -0.0113
13:53:53, 1.07, 32, 47.74, 26.96, 10.47, 0.8942, 0.2482, 0.3724, -0.0128
13:53:53, 1.07, 32, 49.33, 26.87, 10.61, 0.8891, 0.2478, 0.3847, -0.0148
13:53:53, 1.10, 33, 50.85, 26.71, 10.79, 0.8842, 0.2469, 0.3963, -0.0161
13:53:54, 1.10, 33, 52.36, 26.48, 10.97, 0.8792, 0.2456, 0.4078, -0.0171
13:53:54, 1.10, 33, 53.59, 26.30, 11.06, 0.8751, 0.2444, 0.4174, -0.0183
13:53:54, 1.13, 34, 54.67, 26.33, 11.09, 0.8710, 0.2446, 0.4255, -0.0205
13:53:54, 1.13, 34, 55.59, 26.34, 11.09, 0.8676, 0.2445, 0.4324, -0.0225
13:53:54, 1.17, 35, 56.56, 26.41, 11.18, 0.8638, 0.2451, 0.4395, -0.0242
13:53:54, 1.17, 35, 57.50, 26.43, 11.13, 0.8601, 0.2449, 0.4466, -0.0267
13:53:54, 1.20, 36, 58.42, 26.41, 10.96, 0.8565, 0.2438, 0.4539, -0.0298
13:53:54, 1.20, 36, 59.53, 26.38, 10.91, 0.8521, 0.2431, 0.4623, -0.0324
13:53:54, 1.20, 36, 60.65, 26.13, 10.92, 0.8479, 0.2410, 0.4711, -0.0336
13:53:54, 1.23, 37, 61.69, 26.00, 10.96, 0.8437, 0.2399, 0.4789, -0.0349
13:53:54, 1.23, 37, 62.74, 25.86, 10.90, 0.8395, 0.2384, 0.4869, -0.0370
13:53:54, 1.27, 38, 63.70, 25.74, 10.78, 0.8355, 0.2367, 0.4944, -0.0393
13:53:54, 1.27, 38, 64.62, 25.69, 10.71, 0.8315, 0.2357, 0.5013, -0.0414
13:53:54, 1.27, 38, 65.42, 25.67, 10.58, 0.8280, 0.2347, 0.5074, -0.0438
13:53:54, 1.30, 39, 66.16, 25.59, 10.47, 0.8247, 0.2334, 0.5131, -0.0458
13:53:54, 1.30, 39, 66.81, 25.50, 10.28, 0.8218, 0.2316, 0.5183, -0.0481
13:53:54, 1.33, 40, 67.40, 25.36, 10.10, 0.8192, 0.2296, 0.5232, -0.0498
13:53:54, 1.33, 40, 68.12, 25.25, 9.99, 0.8160, 0.2280, 0.5286, -0.0516
13:53:54, 1.37, 41, 68.81, 25.20, 9.87, 0.8128, 0.2267, 0.5339, -0.0535
13:53:54, 1.37, 41, 69.50, 25.05, 9.75, 0.8097, 0.2248, 0.5392, -0.0550
13:53:54, 1.37, 41, 70.24, 24.94, 9.58, 0.8062, 0.2229, 0.5450, -0.0571
13:53:54, 1.40, 42, 71.14, 24.85, 9.42, 0.8020, 0.2211, 0.5518, -0.0595
13:53:54, 1.40, 42, 72.11, 24.55, 9.46, 0.7976, 0.2187, 0.5590, -0.0595
13:53:54, 1.43, 43, 72.98, 24.39, 9.58, 0.7936, 0.2178, 0.5650, -0.0596
13:53:54, 1.43, 43, 73.80, 24.30, 9.57, 0.7896, 0.2166, 0.5709, -0.0607
13:53:54, 1.43, 43, 74.43, 24.21, 9.46, 0.7865, 0.2152, 0.5756, -0.0622
13:53:54, 1.47, 44, 74.93, 24.28, 9.26, 0.7838, 0.2144, 0.5793, -0.0648
13:53:54, 1.47, 44, 75.28, 24.35, 9.02, 0.7818, 0.2134, 0.5820, -0.0676
13:53:54, 1.50, 45, 75.55, 24.36, 8.79, 0.7802, 0.2122, 0.5843, -0.0697
13:53:54, 1.50, 45, 75.77, 24.34, 8.57, 0.7790, 0.2107, 0.5862, -0.0715
13:53:54, 1.53, 46, 76.06, 24.31, 8.41, 0.7775, 0.2096, 0.5885, -0.0729
13:53:54, 1.53, 46, 76.27, 24.32, 8.29, 0.7763, 0.2089, 0.5901, -0.0742
13:53:54, 1.53, 46, 76.51, 24.36, 8.24, 0.7750, 0.2088, 0.5918, -0.0752
13:53:54, 1.57, 47, 76.75, 24.37, 8.18, 0.7737, 0.2083, 0.5934, -0.0761
13:53:54, 1.57, 47, 77.03, 24.29, 8.05, 0.7723, 0.2070, 0.5957, -0.0770
13:53:54, 1.60, 48, 77.29, 24.25, 7.91, 0.7708, 0.2057, 0.5978, -0.0782
13:53:54, 1.60, 48, 77.51, 24.22, 7.77, 0.7696, 0.2047, 0.5996, -0.0794
13:53:54, 1.60, 48, 77.68, 24.18, 7.70, 0.7687, 0.2039, 0.6009, -0.0799
13:53:54, 1.63, 49, 77.90, 24.12, 7.58, 0.7676, 0.2028, 0.6027, -0.0808
13:53:54, 1.63, 49, 78.15, 24.11, 7.52, 0.7662, 0.2022, 0.6045, -0.0816
13:53:54, 1.67, 50, 78.39, 24.02, 7.35, 0.7649, 0.2005, 0.6065, -0.0827
13:53:54, 1.67, 50, 78.62, 23.96, 7.23, 0.7636, 0.1993, 0.6084, -0.0835
13:53:54, 1.70, 51, 78.87, 23.87, 7.22, 0.7624, 0.1985, 0.6102, -0.0835
13:53:54, 1.70, 51, 79.09, 23.77, 7.16, 0.7613, 0.1974, 0.6119, -0.0837
13:53:54, 1.70, 51, 79.27, 23.69, 7.02, 0.7603, 0.1960, 0.6135, -0.0845
13:53:54, 1.73, 52, 79.46, 23.65, 6.91, 0.7593, 0.1950, 0.6150, -0.0854
13:53:54, 1.73, 52, 79.65, 23.58, 6.81, 0.7582, 0.1939, 0.6165, -0.0860
13:53:54, 1.77, 53, 79.89, 23.47, 6.80, 0.7571, 0.1930, 0.6183, -0.0859
13:53:54, 1.77, 53, 80.10, 23.41, 6.74, 0.7560, 0.1920, 0.6198, -0.0862
13:53:54, 1.77, 53, 80.31, 23.37, 6.72, 0.7549, 0.1915, 0.6213, -0.0865
13:53:54, 1.80, 54, 80.51, 23.27, 6.66, 0.7538, 0.1904, 0.6229, -0.0867
13:53:54, 1.80, 54, 80.69, 23.24, 6.60, 0.7528, 0.1898, 0.6243, -0.0872
13:53:54, 1.83, 55, 80.84, 23.25, 6.50, 0.7519, 0.1891, 0.6254, -0.0882
13:53:54, 1.83, 55, 80.98, 23.26, 6.45, 0.7511, 0.1889, 0.6263, -0.0888
13:53:54, 1.87, 56, 81.09, 23.26, 6.41, 0.7505, 0.1886, 0.6271, -0.0892
13:53:54, 1.87, 56, 81.16, 23.26, 6.28, 0.7500, 0.1878, 0.6278, -0.0902
13:53:54, 1.87, 56, 81.19, 23.28, 6.17, 0.7497, 0.1873, 0.6282, -0.0910
13:53:54, 1.90, 57, 81.16, 23.28, 6.10, 0.7498, 0.1869, 0.6281, -0.0915
13:53:54, 1.90, 57, 81.12, 23.30, 6.02, 0.7499, 0.1867, 0.6279, -0.0921
13:53:54, 1.93, 58, 81.08, 23.30, 5.93, 0.7501, 0.1862, 0.6278, -0.0926
13:53:54, 1.93, 58, 81.10, 23.33, 5.89, 0.7499, 0.1862, 0.6279, -0.0930
13:53:54, 1.93, 58, 81.08, 23.34, 5.86, 0.7500, 0.1861, 0.6278, -0.0933
13:53:54, 1.97, 59, 81.06, 23.37, 5.87, 0.7501, 0.1863, 0.6277, -0.0934
13:53:54, 1.97, 59, 81.02, 23.39, 5.85, 0.7503, 0.1864, 0.6274, -0.0935
13:53:54, 2.00, 60, 81.00, 23.40, 5.85, 0.7504, 0.1864, 0.6273, -0.0936
13:53:54, 2.00, 60, 81.03, 23.41, 5.83, 0.7502, 0.1864, 0.6275, -0.0938
13:53:54, 2.03, 61, 81.02, 23.44, 5.82, 0.7502, 0.1865, 0.6274, -0.0940
13:53:54, 2.03, 61, 80.95, 23.45, 5.81, 0.7505, 0.1866, 0.6269, -0.0940
13:53:54, 2.03, 61, 80.85, 23.48, 5.72, 0.7510, 0.1864, 0.6264, -0.0946
13:53:54, 2.07, 62, 80.74, 23.45, 5.65, 0.7516, 0.1859, 0.6258, -0.0947
13:53:54, 2.07, 62, 80.69, 23.43, 5.61, 0.7518, 0.1856, 0.6256, -0.0948
13:53:54, 2.10, 63, 80.67, 23.39, 5.57, 0.7519, 0.1851, 0.6256, -0.0947
13:53:55, 2.10, 63, 80.66, 23.32, 5.56, 0.7521, 0.1846, 0.6256, -0.0945
13:53:55, 2.10, 63, 80.62, 23.30, 5.52, 0.7523, 0.1843, 0.6254, -0.0945
13:53:55, 2.13, 64, 80.55, 23.27, 5.46, 0.7527, 0.1838, 0.6251, -0.0946
13:53:55, 2.13, 64, 80.48, 23.17, 5.40, 0.7530, 0.1829, 0.6249, -0.0944
13:53:55, 2.17, 65, 80.43, 23.02, 5.37, 0.7535, 0.1819, 0.6248, -0.0936
13:53:55, 2.17, 65, 80.32, 22.86, 5.33, 0.7542, 0.1807, 0.6244, -0.0929
13:53:55, 2.20, 66, 80.19, 22.65, 5.25, 0.7551, 0.1789, 0.6240, -0.0920
13:53:55, 2.20, 66, 80.07, 22.44, 5.15, 0.7559, 0.1772, 0.6236, -0.0913
13:53:55, 2.20, 66, 79.92, 22.20, 4.98, 0.7568, 0.1748, 0.6233, -0.0909
13:53:55, 2.23, 67, 79.81, 22.03, 4.83, 0.7575, 0.1730, 0.6230, -0.0907
13:53:55, 2.23, 67, 79.74, 21.82, 4.75, 0.7580, 0.1712, 0.6229, -0.0900
13:53:55, 2.27, 68, 79.67, 21.65, 4.68, 0.7585, 0.1698, 0.6228, -0.0894
13:53:55, 2.27, 68, 79.63, 21.49, 4.60, 0.7588, 0.1683, 0.6228, -0.0890
13:53:55, 2.27, 68, 79.59, 21.36, 4.54, 0.7591, 0.1672, 0.6228, -0.0886
13:53:55, 2.30, 69, 79.55, 21.25, 4.49, 0.7594, 0.1662, 0.6228, -0.0883
13:53:55, 2.30, 69, 79.52, 21.15, 4.42, 0.7596, 0.1652, 0.6228, -0.0882
13:53:55, 2.33, 70, 79.51, 21.05, 4.28, 0.7597, 0.1638, 0.6231, -0.0885
13:53:55, 2.33, 70, 79.46, 20.90, 4.16, 0.7600, 0.1622, 0.6231, -0.0884
13:53:55, 2.37, 71, 79.47, 20.72, 4.16, 0.7601, 0.1610, 0.6234, -0.0875
13:53:55, 2.37, 71, 79.49, 20.58, 4.16, 0.7602, 0.1601, 0.6237, -0.0867
13:53:55, 2.37, 71, 79.51, 20.49, 4.17, 0.7602, 0.1595, 0.6239, -0.0862
13:53:55, 2.40, 72, 79.50, 20.46, 4.12, 0.7602, 0.1591, 0.6240, -0.0863
13:53:55, 2.40, 72, 79.44, 20.40, 4.05, 0.7606, 0.1583, 0.6237, -0.0863
13:53:55, 2.43, 73, 79.34, 20.35, 3.96, 0.7611, 0.1576, 0.6233, -0.0865
13:53:55, 2.43, 73, 79.22, 20.27, 3.84, 0.7617, 0.1565, 0.6227, -0.0867
13:53:55, 2.43, 73, 79.15, 20.19, 3.73, 0.7621, 0.1555, 0.6225, -0.0869
13:53:55, 2.47, 74, 79.11, 20.10, 3.71, 0.7624, 0.1548, 0.6223, -0.0865
13:53:55, 2.47, 74, 79.12, 20.03, 3.72, 0.7624, 0.1544, 0.6225, -0.0861
13:53:55, 2.50, 75, 79.11, 19.96, 3.72, 0.7625, 0.1539, 0.6225, -0.0857
13:53:55, 2.50, 75, 79.13, 19.93, 3.70, 0.7624, 0.1536, 0.6227, -0.0856
13:53:55, 2.53, 76, 79.17, 19.86, 3.68, 0.7623, 0.1530, 0.6231, -0.0855
13:53:55, 2.53, 76, 79.23, 19.82, 3.62, 0.7619, 0.1524, 0.6236, -0.0857
13:53:55, 2.53, 76, 79.30, 19.80, 3.60, 0.7615, 0.1520, 0.6242, -0.0859
13:53:55, 2.57, 77, 79.37, 19.78, 3.60, 0.7612, 0.1519, 0.6246, -0.0858
13:53:55, 2.57, 77, 79.43, 19.74, 3.61, 0.7609, 0.1517, 0.6250, -0.0856
13:53:55, 2.60, 78, 79.43, 19.71, 3.60, 0.7609, 0.1514, 0.6251, -0.0855
13:53:55, 2.60, 78, 79.44, 19.71, 3.57, 0.7608, 0.1512, 0.6252, -0.0857
13:53:55, 2.60, 78, 79.40, 19.71, 3.58, 0.7611, 0.1513, 0.6249, -0.0855
13:53:55, 2.63, 79, 79.36, 19.71, 3.56, 0.7613, 0.1512, 0.6247, -0.0857
13:53:55, 2.63, 79, 79.34, 19.71, 3.55, 0.7614, 0.1512, 0.6245, -0.0857
13:53:55, 2.67, 80, 79.27, 19.71, 3.54, 0.7618, 0.1512, 0.6241, -0.0857
13:53:55, 2.67, 80, 79.23, 19.73, 3.50, 0.7619, 0.1511, 0.6239, -0.0860
13:53:55, 2.70, 81, 79.18, 19.74, 3.49, 0.7622, 0.1511, 0.6236, -0.0861
13:53:55, 2.70, 81, 79.21, 19.74, 3.51, 0.7620, 0.1513, 0.6237, -0.0860
13:53:55, 2.70, 81, 79.20, 19.72, 3.51, 0.7621, 0.1511, 0.6237, -0.0859
13:53:55, 2.73, 82, 79.20, 19.70, 3.50, 0.7621, 0.1509, 0.6237, -0.0858
13:53:55, 2.73, 82, 79.19, 19.64, 3.52, 0.7623, 0.1506, 0.6237, -0.0853
13:53:55, 2.77, 83, 79.14, 19.62, 3.51, 0.7625, 0.1505, 0.6234, -0.0852
13:53:55, 2.77, 83, 79.10, 19.59, 3.48, 0.7628, 0.1502, 0.6232, -0.0852
13:53:55, 2.77, 83, 79.09, 19.59, 3.44, 0.7628, 0.1500, 0.6232, -0.0855
13:53:55, 2.80, 84, 79.08, 19.59, 3.43, 0.7628, 0.1499, 0.6232, -0.0855
13:53:55, 2.80, 84, 79.08, 19.57, 3.38, 0.7628, 0.1495, 0.6232, -0.0858
13:53:55, 2.83, 85, 79.07, 19.57, 3.36, 0.7629, 0.1494, 0.6231, -0.0858
13:53:55, 2.83, 85, 79.03, 19.55, 3.38, 0.7631, 0.1494, 0.6229, -0.0856
13:53:55, 2.87, 86, 79.00, 19.60, 3.36, 0.7632, 0.1497, 0.6227, -0.0859
13:53:55, 2.87, 86, 78.95, 19.58, 3.36, 0.7635, 0.1495, 0.6224, -0.0858
13:53:55, 2.87, 86, 78.89, 19.60, 3.32, 0.7638, 0.1495, 0.6220, -0.0860
13:53:55, 2.90, 87, 78.84, 19.58, 3.28, 0.7640, 0.1492, 0.6217, -0.0862
13:53:55, 2.90, 87, 78.80, 19.60, 3.25, 0.7642, 0.1492, 0.6215, -0.0864
13:53:55, 2.93, 88, 78.75, 19.59, 3.23, 0.7645, 0.1490, 0.6212, -0.0864
13:53:55, 2.93, 88, 78.72, 19.60, 3.24, 0.7646, 0.1492, 0.6210, -0.0864
13:53:55, 2.93, 88, 78.68, 19.59, 3.26, 0.7649, 0.1493, 0.6207, -0.0861
13:53:55, 2.97, 89, 78.66, 19.61, 3.31, 0.7650, 0.1497, 0.6204, -0.0858
13:53:55, 2.97, 89, 78.58, 19.64, 3.34, 0.7654, 0.1502, 0.6198, -0.0858
13:53:55, 3.00, 90, 78.45, 19.69, 3.40, 0.7661, 0.1509, 0.6189, -0.0855
13:53:55, 3.00, 90, 78.26, 19.79, 3.40, 0.7671, 0.1517, 0.6175, -0.0857
13:53:55, 3.03, 91, 78.07, 19.91, 3.34, 0.7679, 0.1523, 0.6161, -0.0865
13:53:55, 3.03, 91, 77.90, 20.00, 3.24, 0.7687, 0.1525, 0.6150, -0.0875
13:53:55, 3.03, 91, 77.72, 20.11, 3.19, 0.7695, 0.1531, 0.6138, -0.0881
13:53:55, 3.07, 92, 77.53, 20.18, 3.20, 0.7704, 0.1538, 0.6124, -0.0883
13:53:55, 3.07, 92, 77.29, 20.33, 3.25, 0.7716, 0.1552, 0.6105, -0.0884
13:53:55, 3.10, 93, 77.06, 20.45, 3.27, 0.7727, 0.1563, 0.6088, -0.0885
13:53:56, 3.10, 93, 76.85, 20.56, 3.28, 0.7737, 0.1573, 0.6072, -0.0888
13:53:56, 3.10, 93, 76.67, 20.62, 3.21, 0.7746, 0.1574, 0.6060, -0.0894
13:53:56, 3.13, 94, 76.58, 20.65, 3.23, 0.7750, 0.1578, 0.6054, -0.0893
13:53:56, 3.13, 94, 76.40, 20.70, 3.31, 0.7760, 0.1587, 0.6040, -0.0887
13:53:56, 3.17, 95, 76.21, 20.76, 3.43, 0.7770, 0.1599, 0.6025, -0.0880
13:53:56, 3.17, 95, 76.04, 20.82, 3.45, 0.7778, 0.1605, 0.6012, -0.0879
13:53:56, 3.20, 96, 75.92, 20.90, 3.37, 0.7783, 0.1607, 0.6004, -0.0887
13:53:56, 3.20, 96, 75.84, 20.99, 3.34, 0.7786, 0.1613, 0.5998, -0.0893
13:53:56, 3.20, 96, 75.71, 21.10, 3.39, 0.7792, 0.1623, 0.5988, -0.0894
13:53:56, 3.23, 97, 75.51, 21.25, 3.42, 0.7801, 0.1636, 0.5972, -0.0897
13:53:56, 3.23, 97, 75.21, 21.44, 3.44, 0.7814, 0.1652, 0.5949, -0.0901
13:53:56, 3.27, 98, 74.77, 21.65, 3.44, 0.7835, 0.1671, 0.5916, -0.0906
13:53:56, 3.27, 98, 74.03, 21.81, 3.44, 0.7871, 0.1688, 0.5863, -0.0903
13:53:56, 3.27, 98, 72.87, 21.88, 3.33, 0.7929, 0.1696, 0.5784, -0.0898
13:53:56, 3.30, 99, 71.31, 21.69, 2.99, 0.8006, 0.1678, 0.5683, -0.0888
13:53:56, 3.30, 99, 69.27, 21.41, 2.48, 0.8106, 0.1649, 0.5550, -0.0881
13:53:56, 3.33, 100, 66.68, 20.99, 1.78, 0.8229, 0.1606, 0.5380, -0.0873
13:53:56, 3.33, 100, 63.66, 20.39, 0.73, 0.8368, 0.1537, 0.5181, -0.0880
13:53:56, 3.37, 101, 60.43, 19.68, 359.56, 0.8511, 0.1457, 0.4964, -0.0893
13:53:56, 3.37, 101, 57.17, 19.06, 358.37, 0.8648, 0.1387, 0.4739, -0.0915
13:53:56, 3.37, 101, 53.94, 18.44, 357.31, 0.8778, 0.1322, 0.4509, -0.0933
13:53:56, 3.40, 102, 50.46, 17.72, 356.24, 0.8912, 0.1255, 0.4255, -0.0949
13:53:56, 3.40, 102, 46.76, 16.87, 355.08, 0.9046, 0.1176, 0.3980, -0.0971
13:53:56, 3.43, 103, 42.91, 15.95, 353.96, 0.9177, 0.1099, 0.3686, -0.0993
13:53:56, 3.43, 103, 39.04, 15.24, 352.90, 0.9297, 0.1042, 0.3383, -0.1021
13:53:56, 3.43, 103, 35.34, 14.69, 351.96, 0.9400, 0.1004, 0.3088, -0.1050
13:53:56, 3.47, 104, 31.62, 14.42, 351.18, 0.9491, 0.0996, 0.2788, -0.1075
13:53:56, 3.47, 104, 28.00, 14.23, 350.48, 0.9570, 0.0998, 0.2492, -0.1097
13:53:56, 3.50, 105, 24.22, 14.18, 349.80, 0.9641, 0.1017, 0.2181, -0.1120
13:53:56, 3.50, 105, 20.49, 14.24, 348.99, 0.9698, 0.1045, 0.1874, -0.1156
13:53:56, 3.53, 106, 16.97, 14.24, 348.36, 0.9745, 0.1071, 0.1581, -0.1177
13:53:56, 3.53, 106, 13.68, 14.43, 347.92, 0.9780, 0.1116, 0.1306, -0.1185
13:53:56, 3.53, 106, 10.42, 14.59, 347.54, 0.9807, 0.1159, 0.1033, -0.1186
13:53:56, 3.57, 107, 7.07, 14.77, 347.16, 0.9827, 0.1206, 0.0751, -0.1185
13:53:56, 3.57, 107, 3.56, 14.87, 346.88, 0.9842, 0.1250, 0.0454, -0.1172
13:53:56, 3.60, 108, 359.99, 14.89, 346.66, 0.9849, 0.1287, 0.0150, -0.1152
13:53:56, 3.60, 108, 356.45, 14.77, 346.49, 0.9848, 0.1312, -0.0154, -0.1126
13:53:56, 3.60, 108, 353.09, 14.76, 346.38, 0.9839, 0.1344, -0.0441, -0.1097
13:53:56, 3.63, 109, 349.89, 14.70, 346.38, 0.9823, 0.1369, -0.0716, -0.1060
13:53:56, 3.63, 109, 346.88, 14.62, 346.61, 0.9803, 0.1388, -0.0978, -0.1005
13:53:56, 3.67, 110, 344.07, 14.40, 346.94, 0.9781, 0.1389, -0.1225, -0.0945
13:53:56, 3.67, 110, 341.30, 13.97, 347.28, 0.9756, 0.1371, -0.1470, -0.0888
13:53:56, 3.70, 111, 338.75, 13.48, 347.66, 0.9727, 0.1344, -0.1697, -0.0833
13:53:56, 3.70, 111, 336.56, 12.83, 348.00, 0.9701, 0.1299, -0.1893, -0.0791
13:53:56, 3.70, 111, 334.42, 12.48, 348.33, 0.9668, 0.1278, -0.2082, -0.0746
13:53:56, 3.73, 112, 332.48, 12.25, 348.67, 0.9635, 0.1265, -0.2252, -0.0701
13:53:56, 3.73, 112, 330.62, 12.06, 349.22, 0.9602, 0.1248, -0.2415, -0.0638
13:53:56, 3.77, 113, 328.84, 11.88, 349.79, 0.9568, 0.1231, -0.2572, -0.0575
13:53:56, 3.77, 113, 327.44, 11.71, 350.18, 0.9538, 0.1214, -0.2695, -0.0533
13:53:56, 3.77, 113, 326.22, 11.58, 350.45, 0.9511, 0.1203, -0.2800, -0.0500
13:53:56, 3.80, 114, 325.39, 11.52, 350.59, 0.9492, 0.1197, -0.2871, -0.0482
13:53:56, 3.80, 114, 324.70, 11.61, 350.82, 0.9474, 0.1202, -0.2930, -0.0453
13:53:56, 3.83, 115, 324.17, 11.66, 351.07, 0.9461, 0.1202, -0.2976, -0.0425
13:53:56, 3.83, 115, 323.71, 11.78, 351.45, 0.9450, 0.1203, -0.3017, -0.0386
13:53:56, 3.87, 116, 323.27, 11.95, 351.93, 0.9439, 0.1206, -0.3057, -0.0337
13:53:56, 3.87, 116, 322.83, 12.24, 352.39, 0.9426, 0.1219, -0.3095, -0.0287
13:53:56, 3.87, 116, 322.38, 12.41, 352.76, 0.9414, 0.1223, -0.3134, -0.0246
13:53:56, 3.90, 117, 321.86, 12.58, 353.08, 0.9399, 0.1229, -0.3179, -0.0210
13:53:56, 3.90, 117, 321.16, 12.68, 353.48, 0.9379, 0.1228, -0.3240, -0.0166
13:53:56, 3.93, 118, 320.31, 12.76, 353.79, 0.9355, 0.1226, -0.3312, -0.0130
13:53:56, 3.93, 118, 319.30, 12.80, 354.06, 0.9325, 0.1223, -0.3397, -0.0096
13:53:56, 3.93, 118, 318.07, 12.96, 354.24, 0.9287, 0.1231, -0.3498, -0.0063
13:53:56, 3.97, 119, 316.80, 13.16, 354.44, 0.9246, 0.1241, -0.3601, -0.0027
13:53:56, 3.97, 119, 315.62, 13.50, 354.56, 0.9206, 0.1266, -0.3695, 0.0007
13:53:56, 4.00, 120, 314.40, 13.84, 354.65, 0.9163, 0.1289, -0.3791, 0.0040
13:53:56, 4.00, 120, 313.21, 14.31, 354.68, 0.9120, 0.1325, -0.3882, 0.0071
13:53:56, 4.03, 121, 312.09, 14.78, 354.77, 0.9077, 0.1358, -0.3969, 0.0109
13:53:56, 4.03, 121, 311.01, 15.23, 354.84, 0.9035, 0.1390, -0.4051, 0.0143
13:53:56, 4.03, 121, 310.12, 15.66, 354.80, 0.9000, 0.1423, -0.4117, 0.0167
13:53:56, 4.07, 122, 309.42, 15.93, 354.82, 0.8972, 0.1443, -0.4170, 0.0187
13:53:56, 4.07, 122, 308.82, 16.17, 354.89, 0.8948, 0.1458, -0.4215, 0.0209
13:53:56, 4.10, 123, 308.19, 16.43, 355.00, 0.8922, 0.1473, -0.4264, 0.0236
13:53:57, 4.10, 123, 307.59, 16.61, 355.09, 0.8897, 0.1482, -0.4310, 0.0257
13:53:57, 4.10, 123, 307.02, 16.69, 355.13, 0.8875, 0.1485, -0.4354, 0.0270
13:53:57, 4.13, 124, 306.50, 16.92, 355.16, 0.8853, 0.1501, -0.4393, 0.0288
13:53:57, 4.13, 124, 305.98, 17.09, 355.09, 0.8831, 0.1515, -0.4430, 0.0297
13:53:57, 4.17, 125, 305.47, 17.33, 355.03, 0.8809, 0.1534, -0.4467, 0.0309
13:53:57, 4.17, 125, 305.00, 17.54, 355.00, 0.8789, 0.1550, -0.4500, 0.0321
13:53:57, 4.20, 126, 304.52, 17.81, 355.04, 0.8767, 0.1568, -0.4535, 0.0342
13:53:57, 4.20, 126, 304.09, 17.94, 355.07, 0.8749, 0.1575, -0.4567, 0.0355
13:53:57, 4.20, 126, 303.63, 18.21, 355.05, 0.8727, 0.1595, -0.4599, 0.0371
13:53:57, 4.23, 127, 303.23, 18.45, 355.02, 0.8709, 0.1613, -0.4626, 0.0384
13:53:57, 4.23, 127, 302.95, 18.59, 355.02, 0.8696, 0.1623, -0.4647, 0.0394
13:53:57, 4.27, 128, 302.76, 18.76, 355.05, 0.8686, 0.1634, -0.4660, 0.0406
13:53:57, 4.27, 128, 302.45, 19.02, 355.20, 0.8671, 0.1646, -0.4683, 0.0433
13:53:57, 4.27, 128, 302.14, 19.09, 355.26, 0.8657, 0.1648, -0.4706, 0.0444
13:53:57, 4.30, 129, 301.84, 19.30, 355.34, 0.8642, 0.1659, -0.4728, 0.0464
13:53:57, 4.30, 129, 301.50, 19.51, 355.52, 0.8625, 0.1665, -0.4754, 0.0491
13:53:57, 4.33, 130, 301.09, 19.75, 355.54, 0.8605, 0.1681, -0.4783, 0.0509
13:53:57, 4.33, 130, 300.59, 19.98, 355.61, 0.8581, 0.1692, -0.4819, 0.0532
13:53:57, 4.37, 131, 300.11, 20.23, 355.64, 0.8558, 0.1707, -0.4853, 0.0551
13:53:57, 4.37, 131, 299.54, 20.47, 355.48, 0.8531, 0.1730, -0.4890, 0.0558
13:53:57, 4.37, 131, 299.04, 20.76, 355.44, 0.8507, 0.1750, -0.4923, 0.0576
13:53:57, 4.40, 132, 298.55, 21.17, 355.25, 0.8481, 0.1785, -0.4953, 0.0588
13:53:57, 4.40, 132, 298.15, 21.61, 355.12, 0.8460, 0.1822, -0.4975, 0.0604
13:53:57, 4.43, 133, 297.73, 22.24, 355.07, 0.8434, 0.1867, -0.4998, 0.0635
13:53:57, 4.43, 133, 297.26, 22.93, 355.14, 0.8404, 0.1912, -0.5025, 0.0679
13:53:57, 4.43, 133, 296.86, 23.46, 355.13, 0.8380, 0.1949, -0.5048, 0.0709
13:53:57, 4.47, 134, 296.46, 23.93, 355.13, 0.8356, 0.1980, -0.5071, 0.0737
13:53:57, 4.47, 134, 296.12, 24.30, 355.22, 0.8335, 0.2000, -0.5093, 0.0767
13:53:57, 4.50, 135, 295.75, 24.65, 355.25, 0.8314, 0.2022, -0.5116, 0.0791
13:53:57, 4.50, 135, 295.37, 24.89, 355.24, 0.8293, 0.2036, -0.5140, 0.0808
13:53:57, 4.53, 136, 294.92, 25.17, 355.23, 0.8269, 0.2054, -0.5169, 0.0829
13:53:57, 4.53, 136, 294.52, 25.41, 355.27, 0.8247, 0.2066, -0.5195, 0.0850
13:53:57, 4.53, 136, 294.02, 25.76, 355.31, 0.8219, 0.2085, -0.5227, 0.0878
13:53:57, 4.57, 137, 293.50, 26.15, 355.33, 0.8190, 0.2108, -0.5259, 0.0907
13:53:57, 4.57, 137, 292.92, 26.42, 355.32, 0.8159, 0.2123, -0.5297, 0.0930
13:53:57, 4.60, 138, 292.34, 26.70, 355.32, 0.8128, 0.2137, -0.5334, 0.0954
13:53:57, 4.60, 138, 291.68, 26.91, 355.33, 0.8094, 0.2146, -0.5378, 0.0978
13:53:57, 4.60, 138, 290.96, 27.06, 355.26, 0.8059, 0.2154, -0.5425, 0.0993
13:53:57, 4.63, 139, 290.34, 27.17, 355.15, 0.8029, 0.2161, -0.5465, 0.1002
13:53:57, 4.63, 139, 289.72, 27.30, 355.05, 0.7998, 0.2169, -0.5504, 0.1014
13:53:57, 4.67, 140, 289.16, 27.40, 355.02, 0.7970, 0.2173, -0.5541, 0.1027
13:53:57, 4.67, 140, 288.60, 27.44, 354.95, 0.7943, 0.2174, -0.5578, 0.1035
13:53:57, 4.70, 141, 288.17, 27.48, 354.95, 0.7921, 0.2173, -0.5608, 0.1045
13:53:57, 4.70, 141, 287.71, 27.40, 354.92, 0.7900, 0.2165, -0.5640, 0.1048
13:53:57, 4.70, 141, 287.36, 27.27, 354.89, 0.7885, 0.2154, -0.5666, 0.1046
13:53:57, 4.73, 142, 287.06, 26.91, 354.88, 0.7875, 0.2127, -0.5692, 0.1033
13:53:57, 4.73, 142, 286.83, 26.47, 354.81, 0.7870, 0.2100, -0.5713, 0.1009
13:53:57, 4.77, 143, 286.66, 25.81, 354.76, 0.7871, 0.2056, -0.5733, 0.0974
13:53:57, 4.77, 143, 286.66, 24.79, 354.74, 0.7885, 0.1987, -0.5748, 0.0921
13:53:57, 4.77, 143, 286.77, 23.51, 354.81, 0.7905, 0.1898, -0.5759, 0.0858
13:53:57, 4.80, 144, 286.93, 22.17, 354.93, 0.7928, 0.1802, -0.5768, 0.0795
13:53:57, 4.80, 144, 287.14, 20.86, 354.99, 0.7952, 0.1711, -0.5771, 0.0728
13:53:57, 4.83, 145, 287.55, 19.52, 355.12, 0.7986, 0.1615, -0.5760, 0.0663
13:53:57, 4.83, 145, 288.10, 18.12, 355.36, 0.8025, 0.1508, -0.5741, 0.0600
13:53:57, 4.87, 146, 288.72, 16.74, 355.73, 0.8066, 0.1397, -0.5717, 0.0548
13:53:57, 4.87, 146, 289.25, 15.46, 356.09, 0.8101, 0.1292, -0.5696, 0.0503
13:53:57, 4.87, 146, 289.74, 14.26, 356.33, 0.8134, 0.1198, -0.5674, 0.0454
13:53:57, 4.90, 147, 290.13, 13.16, 356.50, 0.8160, 0.1113, -0.5658, 0.0408
13:53:57, 4.90, 147, 290.52, 12.08, 356.67, 0.8186, 0.1029, -0.5639, 0.0362
13:53:57, 4.93, 148, 290.82, 10.97, 356.90, 0.8206, 0.0939, -0.5628, 0.0321
13:53:57, 4.93, 148, 291.22, 9.68, 357.15, 0.8232, 0.0836, -0.5609, 0.0272
13:53:57, 4.93, 148, 291.60, 8.45, 357.44, 0.8256, 0.0734, -0.5590, 0.0229
13:53:57, 4.97, 149, 291.88, 7.34, 357.70, 0.8273, 0.0642, -0.5578, 0.0192
13:53:57, 4.97, 149, 292.18, 6.42, 357.89, 0.8290, 0.0567, -0.5561, 0.0160
13:53:57, 5.00, 150, 292.58, 5.47, 358.19, 0.8312, 0.0485, -0.5536, 0.0134
13:53:57, 5.00, 150, 293.10, 4.54, 358.63, 0.8339, 0.0397, -0.5503, 0.0119
13:53:57, 5.03, 151, 293.77, 3.68, 358.95, 0.8372, 0.0319, -0.5458, 0.0099
13:53:57, 5.03, 151, 294.51, 2.89, 359.18, 0.8409, 0.0251, -0.5405, 0.0076
13:53:57, 5.03, 151, 295.36, 2.18, 359.45, 0.8450, 0.0187, -0.5345, 0.0061
13:53:57, 5.07, 152, 296.34, 1.61, 359.57, 0.8496, 0.0139, -0.5273, 0.0042
13:53:57, 5.07, 152, 297.42, 1.10, 359.61, 0.8545, 0.0099, -0.5193, 0.0021
13:53:57, 5.10, 153, 298.55, 0.74, 359.70, 0.8596, 0.0069, -0.5109, 0.0010
13:53:58, 5.10, 153, 299.73, 0.30, 359.69, 0.8648, 0.0036, -0.5020, -0.0010
13:53:58, 5.10, 153, 300.91, 0.17, 359.80, 0.8700, 0.0021, -0.4931, -0.0008
13:53:58, 5.13, 154, 302.19, 0.13, 0.03, 0.8754, 0.0009, -0.4834, 0.0008
13:53:58, 5.13, 154, 303.35, 0.30, 0.28, 0.8803, 0.0012, -0.4745, 0.0034
13:53:58, 5.17, 155, 304.66, 0.26, 0.35, 0.8856, 0.0006, -0.4644, 0.0038
13:53:58, 5.17, 155, 305.94, 0.19, 0.33, 0.8908, 0.0001, -0.4545, 0.0033
13:53:58, 5.20, 156, 307.27, 359.94, 0.40, 0.8960, -0.0020, -0.4441, 0.0029
13:53:58, 5.20, 156, 308.37, 359.75, 0.57, 0.9002, -0.0042, -0.4355, 0.0035
13:53:58, 5.20, 156, 309.33, 359.60, 0.81, 0.9038, -0.0062, -0.4279, 0.0049
13:53:58, 5.23, 157, 310.23, 359.42, 0.89, 0.9071, -0.0079, -0.4208, 0.0049
13:53:58, 5.23, 157, 311.25, 359.31, 0.86, 0.9108, -0.0086, -0.4126, 0.0044
13:53:58, 5.27, 158, 312.62, 359.22, 0.81, 0.9157, -0.0091, -0.4017, 0.0037
13:53:58, 5.27, 158, 314.15, 359.16, 0.80, 0.9210, -0.0095, -0.3895, 0.0035
13:53:58, 5.27, 158, 315.58, 359.16, 0.84, 0.9258, -0.0096, -0.3779, 0.0040
13:53:58, 5.30, 159, 317.23, 359.13, 0.91, 0.9311, -0.0099, -0.3646, 0.0046
13:53:58, 5.30, 159, 319.28, 359.07, 0.96, 0.9375, -0.0105, -0.3478, 0.0050
13:53:58, 5.33, 160, 321.73, 359.09, 1.09, 0.9447, -0.0106, -0.3277, 0.0064
13:53:58, 5.33, 160, 324.15, 359.16, 1.33, 0.9514, -0.0106, -0.3077, 0.0088
13:53:58, 5.37, 161, 326.65, 359.42, 1.55, 0.9579, -0.0087, -0.2869, 0.0115
13:53:58, 5.37, 161, 329.36, 359.83, 1.86, 0.9644, -0.0057, -0.2641, 0.0153
13:53:58, 5.37, 161, 332.22, 0.20, 2.09, 0.9706, -0.0027, -0.2400, 0.0181
13:53:58, 5.40, 162, 335.09, 0.55, 2.41, 0.9762, 0.0002, -0.2157, 0.0216
13:53:58, 5.40, 162, 337.93, 0.74, 2.78, 0.9812, 0.0017, -0.1915, 0.0251
13:53:58, 5.43, 163, 340.69, 0.80, 3.08, 0.9854, 0.0024, -0.1678, 0.0277
13:53:58, 5.43, 163, 343.19, 0.54, 3.24, 0.9888, 0.0006, -0.1462, 0.0287
13:53:58, 5.43, 163, 345.35, 0.04, 3.08, 0.9915, -0.0031, -0.1274, 0.0267
13:53:58, 5.47, 164, 347.30, 359.43, 2.81, 0.9936, -0.0077, -0.1105, 0.0238
13:53:58, 5.47, 164, 349.06, 359.05, 2.62, 0.9952, -0.0105, -0.0951, 0.0219
13:53:58, 5.50, 165, 350.70, 358.94, 2.55, 0.9964, -0.0111, -0.0809, 0.0214
13:53:58, 5.50, 165, 352.15, 358.90, 2.59, 0.9974, -0.0111, -0.0682, 0.0219
13:53:58, 5.53, 166, 353.26, 358.73, 2.55, 0.9980, -0.0124, -0.0585, 0.0215
13:53:58, 5.53, 166, 354.15, 358.46, 2.38, 0.9984, -0.0145, -0.0507, 0.0201
13:53:58, 5.53, 166, 354.80, 358.20, 2.25, 0.9987, -0.0166, -0.0451, 0.0189
13:53:58, 5.57, 167, 355.51, 358.12, 2.10, 0.9989, -0.0171, -0.0389, 0.0177
13:53:58, 5.57, 167, 356.15, 358.19, 2.06, 0.9992, -0.0164, -0.0333, 0.0174
13:53:58, 5.60, 168, 356.86, 358.33, 2.04, 0.9994, -0.0150, -0.0271, 0.0174
13:53:58, 5.60, 168, 357.46, 358.57, 2.03, 0.9995, -0.0129, -0.0219, 0.0174
13:53:58, 5.60, 168, 357.90, 358.84, 2.03, 0.9996, -0.0105, -0.0181, 0.0175
13:53:58, 5.63, 169, 358.26, 359.03, 2.08, 0.9997, -0.0087, -0.0150, 0.0180
13:53:58, 5.63, 169, 358.51, 359.11, 2.12, 0.9997, -0.0080, -0.0128, 0.0184
13:53:58, 5.67, 170, 358.69, 359.11, 2.09, 0.9997, -0.0080, -0.0113, 0.0182
13:53:58, 5.67, 170, 358.90, 358.99, 2.09, 0.9998, -0.0090, -0.0094, 0.0181
13:53:58, 5.70, 171, 359.09, 358.87, 2.07, 0.9998, -0.0100, -0.0077, 0.0180
13:53:58, 5.70, 171, 359.24, 358.88, 2.01, 0.9998, -0.0099, -0.0065, 0.0175
13:53:58, 5.70, 171, 359.37, 358.96, 1.98, 0.9998, -0.0092, -0.0054, 0.0173
13:53:58, 5.73, 172, 359.49, 359.05, 1.98, 0.9998, -0.0084, -0.0043, 0.0172
13:53:58, 5.73, 172, 359.55, 359.15, 1.97, 0.9998, -0.0075, -0.0038, 0.0171
13:53:58, 5.77, 173, 359.64, 359.20, 1.92, 0.9998, -0.0071, -0.0030, 0.0168
13:53:58, 5.77, 173, 359.77, 359.31, 1.90, 0.9998, -0.0061, -0.0019, 0.0166
13:53:58, 5.77, 173, 359.94, 359.39, 1.89, 0.9998, -0.0053, -0.0005, 0.0165
13:53:58, 5.80, 174, 0.14, 359.51, 1.91, 0.9999, -0.0043, 0.0013, 0.0167
13:53:58, 5.80, 174, 0.37, 359.62, 1.91, 0.9999, -0.0032, 0.0033, 0.0167
13:53:58, 5.83, 175, 0.65, 359.70, 1.93, 0.9998, -0.0025, 0.0057, 0.0169
13:53:58, 5.83, 175, 0.94, 359.69, 1.98, 0.9998, -0.0026, 0.0082, 0.0173
13:53:58, 5.87, 176, 1.28, 359.64, 2.00, 0.9998, -0.0029, 0.0112, 0.0174
13:53:58, 5.87, 176, 1.69, 359.58, 2.04, 0.9997, -0.0034, 0.0148, 0.0178
13:53:58, 5.87, 176, 2.11, 359.59, 2.12, 0.9997, -0.0033, 0.0185, 0.0185
13:53:58, 5.90, 177, 2.70, 359.53, 2.19, 0.9995, -0.0036, 0.0236, 0.0192
13:53:58, 5.90, 177, 3.35, 359.51, 2.27, 0.9994, -0.0037, 0.0293, 0.0199
13:53:58, 5.93, 178, 4.01, 359.47, 2.35, 0.9992, -0.0039, 0.0351, 0.0207
13:53:58, 5.93, 178, 4.68, 359.48, 2.35, 0.9989, -0.0037, 0.0409, 0.0207
13:53:58, 5.93, 178, 5.33, 359.38, 2.36, 0.9987, -0.0045, 0.0466, 0.0208
13:53:58, 5.97, 179, 6.05, 359.32, 2.35, 0.9984, -0.0048, 0.0529, 0.0208
13:53:58, 5.97, 179, 6.68, 359.27, 2.40, 0.9981, -0.0052, 0.0584, 0.0213
13:53:58, 6.00, 180, 7.45, 359.15, 2.43, 0.9976, -0.0060, 0.0651, 0.0216
13:53:58, 6.00, 180, 8.28, 359.09, 2.48, 0.9971, -0.0063, 0.0724, 0.0222
13:53:58, 6.03, 181, 9.19, 358.99, 2.52, 0.9965, -0.0070, 0.0803, 0.0226
13:53:58, 6.03, 181, 10.04, 358.88, 2.62, 0.9958, -0.0078, 0.0877, 0.0237
13:53:58, 6.03, 181, 10.95, 358.79, 2.68, 0.9951, -0.0083, 0.0956, 0.0243
13:53:58, 6.07, 182, 11.74, 358.70, 2.76, 0.9944, -0.0089, 0.1025, 0.0251
13:53:58, 6.07, 182, 12.53, 358.52, 2.84, 0.9936, -0.0101, 0.1094, 0.0260
13:53:58, 6.10, 183, 13.26, 358.43, 2.84, 0.9929, -0.0107, 0.1158, 0.0262
13:53:59, 6.10, 183, 13.99, 358.18, 2.81, 0.9921, -0.0128, 0.1221, 0.0263
13:53:59, 6.10, 183, 14.66, 357.93, 2.83, 0.9913, -0.0147, 0.1280, 0.0268
13:53:59, 6.13, 184, 15.27, 357.78, 2.76, 0.9906, -0.0160, 0.1333, 0.0264
13:53:59, 6.13, 184, 15.76, 357.69, 2.74, 0.9900, -0.0166, 0.1375, 0.0265
13:53:59, 6.17, 185, 16.21, 357.61, 2.78, 0.9894, -0.0172, 0.1414, 0.0269
13:53:59, 6.17, 185, 16.59, 357.47, 2.75, 0.9889, -0.0184, 0.1447, 0.0269
13:53:59, 6.20, 186, 16.94, 357.23, 2.69, 0.9884, -0.0205, 0.1478, 0.0267
13:53:59, 6.20, 186, 17.47, 356.98, 2.69, 0.9877, -0.0225, 0.1523, 0.0272
13:53:59, 6.20, 186, 17.95, 356.79, 2.62, 0.9870, -0.0241, 0.1566, 0.0270
13:53:59, 6.23, 187, 18.45, 356.64, 2.65, 0.9863, -0.0253, 0.1609, 0.0276
13:53:59, 6.23, 187, 18.88, 356.52, 2.70, 0.9856, -0.0261, 0.1646, 0.0282
13:53:59, 6.27, 188, 19.32, 356.45, 2.72, 0.9849, -0.0266, 0.1684, 0.0286
13:53:59, 6.27, 188, 19.76, 356.37, 2.74, 0.9843, -0.0271, 0.1722, 0.0290
13:53:59, 6.27, 188, 20.36, 356.37, 2.73, 0.9834, -0.0269, 0.1773, 0.0291
13:53:59, 6.30, 189, 21.01, 356.39, 2.62, 0.9824, -0.0268, 0.1829, 0.0282
13:53:59, 6.30, 189, 21.76, 356.40, 2.58, 0.9812, -0.0266, 0.1893, 0.0280
13:53:59, 6.33, 190, 22.58, 356.36, 2.62, 0.9798, -0.0266, 0.1963, 0.0286
13:53:59, 6.33, 190, 23.51, 356.37, 2.62, 0.9781, -0.0264, 0.2043, 0.0288
13:53:59, 6.37, 191, 24.55, 356.37, 2.65, 0.9762, -0.0260, 0.2132, 0.0293
13:53:59, 6.37, 191, 25.67, 356.43, 2.64, 0.9741, -0.0253, 0.2227, 0.0294
13:53:59, 6.37, 191, 26.85, 356.48, 2.57, 0.9718, -0.0246, 0.2327, 0.0290
13:53:59, 6.40, 192, 28.02, 356.58, 2.53, 0.9694, -0.0236, 0.2426, 0.0286
13:53:59, 6.40, 192, 29.27, 356.68, 2.45, 0.9668, -0.0226, 0.2531, 0.0280
13:53:59, 6.43, 193, 30.49, 356.76, 2.41, 0.9641, -0.0217, 0.2634, 0.0277
13:53:59, 6.43, 193, 31.75, 356.79, 2.37, 0.9611, -0.0213, 0.2739, 0.0276
13:53:59, 6.43, 193, 32.95, 356.89, 2.28, 0.9582, -0.0204, 0.2840, 0.0267
13:53:59, 6.47, 194, 34.13, 356.96, 2.28, 0.9553, -0.0195, 0.2938, 0.0268
13:53:59, 6.47, 194, 35.32, 356.99, 2.26, 0.9522, -0.0190, 0.3037, 0.0268
13:53:59, 6.50, 195, 36.45, 357.13, 2.26, 0.9492, -0.0176, 0.3131, 0.0265
13:53:59, 6.50, 195, 37.55, 357.13, 2.16, 0.9462, -0.0176, 0.3221, 0.0259
13:53:59, 6.53, 196, 38.52, 357.23, 2.11, 0.9435, -0.0168, 0.3301, 0.0254
13:53:59, 6.53, 196, 39.46, 357.32, 2.07, 0.9407, -0.0159, 0.3378, 0.0249
13:53:59, 6.53, 196, 40.35, 357.38, 2.01, 0.9381, -0.0154, 0.3451, 0.0243
13:53:59, 6.57, 197, 41.21, 357.40, 1.90, 0.9355, -0.0154, 0.3522, 0.0235
13:53:59, 6.57, 197, 42.06, 357.31, 1.77, 0.9329, -0.0164, 0.3590, 0.0229
13:53:59, 6.60, 198, 42.95, 357.31, 1.67, 0.9301, -0.0165, 0.3663, 0.0221
13:53:59, 6.60, 198, 43.75, 357.29, 1.56, 0.9275, -0.0168, 0.3727, 0.0214
13:53:59, 6.60, 198, 44.55, 357.31, 1.43, 0.9249, -0.0170, 0.3792, 0.0205
13:53:59, 6.63, 199, 45.31, 357.34, 1.40, 0.9224, -0.0167, 0.3853, 0.0202
13:53:59, 6.63, 199, 46.04, 357.40, 1.33, 0.9200, -0.0163, 0.3912, 0.0195
13:53:59, 6.67, 200, 46.67, 357.47, 1.23, 0.9178, -0.0160, 0.3962, 0.0186
13:53:59, 6.67, 200, 47.29, 357.52, 1.11, 0.9157, -0.0160, 0.4012, 0.0175
13:53:59, 6.70, 201, 47.83, 357.64, 1.04, 0.9138, -0.0151, 0.4055, 0.0167
13:53:59, 6.70, 201, 48.34, 357.70, 0.96, 0.9121, -0.0149, 0.4095, 0.0159
13:53:59, 6.70, 201, 48.84, 357.80, 0.84, 0.9103, -0.0144, 0.4134, 0.0146
13:53:59, 6.73, 202, 49.23, 357.82, 0.73, 0.9089, -0.0146, 0.4166, 0.0137
13:53:59, 6.73, 202, 49.60, 357.88, 0.63, 0.9076, -0.0145, 0.4194, 0.0127
13:53:59, 6.77, 203, 49.89, 357.98, 0.63, 0.9065, -0.0137, 0.4217, 0.0124
13:53:59, 6.77, 203, 50.08, 358.03, 0.58, 0.9058, -0.0135, 0.4232, 0.0119
13:53:59, 6.77, 203, 50.24, 358.20, 0.56, 0.9053, -0.0121, 0.4245, 0.0111
13:53:59, 6.80, 204, 50.44, 358.31, 0.49, 0.9045, -0.0116, 0.4261, 0.0101
13:53:59, 6.80, 204, 50.68, 358.44, 0.45, 0.9037, -0.0106, 0.4280, 0.0094
13:53:59, 6.83, 205, 50.89, 358.54, 0.38, 0.9029, -0.0101, 0.4296, 0.0084
13:53:59, 6.83, 205, 51.05, 358.64, 0.36, 0.9023, -0.0093, 0.4309, 0.0080
13:53:59, 6.87, 206, 51.21, 358.73, 0.39, 0.9017, -0.0085, 0.4322, 0.0078
13:53:59, 6.87, 206, 51.38, 358.81, 0.36, 0.9011, -0.0080, 0.4335, 0.0073
13:53:59, 6.87, 206, 51.55, 358.91, 0.34, 0.9005, -0.0073, 0.4348, 0.0068
13:53:59, 6.90, 207, 51.73, 358.97, 0.36, 0.8998, -0.0067, 0.4363, 0.0068
13:53:59, 6.90, 207, 51.90, 359.04, 0.39, 0.8991, -0.0060, 0.4376, 0.0067
13:53:59, 6.93, 208, 52.05, 359.13, 0.39, 0.8985, -0.0053, 0.4388, 0.0064
13:53:59, 6.93, 208, 52.21, 359.20, 0.39, 0.8980, -0.0048, 0.4400, 0.0061
13:53:59, 6.93, 208, 52.42, 359.24, 0.33, 0.8971, -0.0047, 0.4417, 0.0055
13:53:59, 6.97, 209, 52.63, 359.31, 0.30, 0.8963, -0.0043, 0.4433, 0.0050
13:53:59, 6.97, 209, 52.86, 359.33, 0.27, 0.8955, -0.0042, 0.4451, 0.0047
13:53:59, 7.00, 210, 53.10, 359.38, 0.25, 0.8945, -0.0039, 0.4470, 0.0044
13:53:59, 7.00, 210, 53.34, 359.39, 0.25, 0.8936, -0.0038, 0.4488, 0.0043
13:53:59, 7.03, 211, 53.58, 359.43, 0.25, 0.8927, -0.0034, 0.4507, 0.0042
13:53:59, 7.03, 211, 53.80, 359.49, 0.29, 0.8918, -0.0028, 0.4524, 0.0043
13:53:59, 7.03, 211, 54.03, 359.51, 0.29, 0.8909, -0.0027, 0.4542, 0.0042
13:53:59, 7.07, 212, 54.27, 359.54, 0.25, 0.8899, -0.0026, 0.4561, 0.0038
13:53:59, 7.07, 212, 54.52, 359.57, 0.18, 0.8889, -0.0026, 0.4580, 0.0031
13:53:59, 7.10, 213, 54.74, 359.60, 0.18, 0.8880, -0.0024, 0.4597, 0.0030
13:54:00, 7.10, 213, 54.95, 359.64, 0.19, 0.8872, -0.0020, 0.4613, 0.0029
13:54:00, 7.10, 213, 55.13, 359.69, 0.17, 0.8865, -0.0017, 0.4627, 0.0026
13:54:00, 7.13, 214, 55.25, 359.73, 0.20, 0.8860, -0.0013, 0.4637, 0.0026
13:54:00, 7.13, 214, 55.33, 359.79, 0.21, 0.8857, -0.0008, 0.4643, 0.0025
13:54:00, 7.17, 215, 55.40, 359.83, 0.22, 0.8854, -0.0004, 0.4648, 0.0024
13:54:00, 7.17, 215, 55.47, 359.88, 0.20, 0.8851, -0.0001, 0.4654, 0.0020
13:54:00, 7.20, 216, 55.51, 359.93, 0.17, 0.8849, 0.0001, 0.4657, 0.0016
13:54:00, 7.20, 216, 55.54, 359.97, 0.17, 0.8848, 0.0005, 0.4659, 0.0015
13:54:00, 7.20, 216, 55.56, 0.00, 0.18, 0.8847, 0.0008, 0.4661, 0.0014
13:54:00, 7.23, 217, 55.60, 0.07, 0.17, 0.8846, 0.0013, 0.4664, 0.0010
13:54:00, 7.23, 217, 55.66, 0.18, 0.16, 0.8843, 0.0020, 0.4669, 0.0005
13:54:00, 7.27, 218, 55.73, 0.28, 0.21, 0.8840, 0.0030, 0.4674, 0.0005
13:54:00, 7.27, 218, 55.87, 0.40, 0.25, 0.8835, 0.0041, 0.4684, 0.0003
13:54:00, 7.27, 218, 55.98, 0.51, 0.26, 0.8830, 0.0050, 0.4693, -0.0001
13:54:00, 7.30, 219, 56.09, 0.61, 0.27, 0.8826, 0.0058, 0.4701, -0.0004
13:54:00, 7.30, 219, 56.20, 0.73, 0.30, 0.8821, 0.0069, 0.4710, -0.0007
13:54:00, 7.33, 220, 56.35, 0.84, 0.30, 0.8815, 0.0077, 0.4721, -0.0012
13:54:00, 7.33, 220, 56.58, 0.88, 0.26, 0.8805, 0.0078, 0.4739, -0.0016
13:54:00, 7.37, 221, 56.89, 0.96, 0.25, 0.8792, 0.0084, 0.4763, -0.0021
13:54:00, 7.37, 221, 57.34, 1.02, 0.21, 0.8774, 0.0087, 0.4798, -0.0027
13:54:00, 7.37, 221, 57.97, 1.10, 0.07, 0.8747, 0.0087, 0.4845, -0.0041
13:54:00, 7.40, 222, 58.69, 1.16, 359.85, 0.8717, 0.0082, 0.4900, -0.0061
13:54:00, 7.40, 222, 59.45, 1.22, 359.67, 0.8683, 0.0078, 0.4958, -0.0078
13:54:00, 7.43, 223, 60.29, 1.23, 359.48, 0.8647, 0.0070, 0.5022, -0.0093
13:54:00, 7.43, 223, 61.18, 1.31, 359.32, 0.8607, 0.0068, 0.5089, -0.0109
13:54:00, 7.43, 223, 62.10, 1.24, 359.25, 0.8566, 0.0059, 0.5158, -0.0112
13:54:00, 7.47, 224, 63.01, 1.19, 359.22, 0.8525, 0.0053, 0.5226, -0.0113
13:54:00, 7.47, 224, 63.88, 1.22, 359.10, 0.8485, 0.0049, 0.5291, -0.0123
13:54:00, 7.50, 225, 64.72, 1.30, 359.00, 0.8446, 0.0049, 0.5353, -0.0135
13:54:00, 7.50, 225, 65.55, 1.40, 358.85, 0.8406, 0.0048, 0.5414, -0.0150
13:54:00, 7.53, 226, 66.30, 1.49, 358.67, 0.8370, 0.0046, 0.5469, -0.0168
13:54:00, 7.53, 226, 66.99, 1.51, 358.54, 0.8337, 0.0040, 0.5519, -0.0179
13:54:00, 7.53, 226, 67.60, 1.60, 358.35, 0.8307, 0.0036, 0.5563, -0.0197
13:54:00, 7.57, 227, 68.17, 1.66, 358.29, 0.8279, 0.0036, 0.5605, -0.0205
13:54:00, 7.57, 227, 68.69, 1.72, 358.13, 0.8253, 0.0031, 0.5642, -0.0220
13:54:00, 7.60, 228, 69.16, 1.79, 358.07, 0.8230, 0.0033, 0.5676, -0.0227
13:54:00, 7.60, 228, 69.64, 1.80, 358.00, 0.8206, 0.0029, 0.5711, -0.0232
13:54:00, 7.60, 228, 69.97, 1.80, 357.99, 0.8189, 0.0028, 0.5734, -0.0233
13:54:00, 7.63, 229, 70.34, 1.82, 357.94, 0.8171, 0.0026, 0.5760, -0.0238
13:54:00, 7.63, 229, 70.66, 1.84, 357.92, 0.8154, 0.0026, 0.5784, -0.0241
13:54:00, 7.67, 230, 70.95, 1.88, 357.91, 0.8139, 0.0028, 0.5804, -0.0243
13:54:00, 7.67, 230, 71.19, 1.91, 357.95, 0.8128, 0.0032, 0.5821, -0.0242
13:54:00, 7.70, 231, 71.34, 1.98, 357.94, 0.8120, 0.0036, 0.5832, -0.0247
13:54:00, 7.70, 231, 71.50, 2.11, 357.89, 0.8111, 0.0042, 0.5843, -0.0257
13:54:00, 7.70, 231, 71.67, 2.21, 357.87, 0.8102, 0.0047, 0.5856, -0.0263
13:54:00, 7.73, 232, 71.81, 2.31, 357.83, 0.8095, 0.0053, 0.5865, -0.0272
13:54:00, 7.73, 232, 71.95, 2.40, 357.73, 0.8087, 0.0053, 0.5875, -0.0283
13:54:00, 7.77, 233, 72.08, 2.53, 357.65, 0.8080, 0.0058, 0.5885, -0.0295
13:54:00, 7.77, 233, 72.22, 2.65, 357.64, 0.8072, 0.0065, 0.5894, -0.0302
13:54:00, 7.77, 233, 72.28, 2.78, 357.62, 0.8069, 0.0073, 0.5898, -0.0311
13:54:00, 7.80, 234, 72.30, 2.89, 357.62, 0.8067, 0.0081, 0.5900, -0.0316
13:54:00, 7.80, 234, 72.34, 2.98, 357.61, 0.8065, 0.0087, 0.5903, -0.0322
13:54:00, 7.83, 235, 72.40, 3.07, 357.57, 0.8062, 0.0091, 0.5907, -0.0329
13:54:00, 7.83, 235, 72.46, 3.14, 357.50, 0.8058, 0.0092, 0.5911, -0.0338
13:54:00, 7.87, 236, 72.52, 3.18, 357.46, 0.8055, 0.0092, 0.5915, -0.0343
13:54:00, 7.87, 236, 72.66, 3.22, 357.48, 0.8047, 0.0096, 0.5925, -0.0343
13:54:00, 7.87, 236, 72.77, 3.29, 357.52, 0.8042, 0.0103, 0.5933, -0.0344
13:54:00, 7.90, 237, 72.87, 3.39, 357.54, 0.8036, 0.0110, 0.5940, -0.0349
13:54:00, 7.90, 237, 72.95, 3.47, 357.51, 0.8032, 0.0115, 0.5946, -0.0354
13:54:00, 7.93, 238, 73.01, 3.55, 357.46, 0.8028, 0.0117, 0.5950, -0.0362
13:54:00, 7.93, 238, 73.06, 3.61, 357.40, 0.8025, 0.0118, 0.5954, -0.0370
13:54:00, 7.93, 238, 73.12, 3.63, 357.34, 0.8022, 0.0116, 0.5958, -0.0375
13:54:00, 7.97, 239, 73.17, 3.69, 357.37, 0.8019, 0.0122, 0.5961, -0.0376
13:54:00, 7.97, 239, 73.22, 3.70, 357.38, 0.8016, 0.0123, 0.5965, -0.0376
13:54:00, 8.00, 240, 73.28, 3.74, 357.36, 0.8013, 0.0125, 0.5969, -0.0379
13:54:00, 8.00, 240, 73.32, 3.76, 357.35, 0.8011, 0.0125, 0.5972, -0.0382
13:54:00, 8.03, 241, 73.32, 3.81, 357.37, 0.8011, 0.0130, 0.5972, -0.0382
13:54:00, 8.03, 241, 73.31, 3.87, 357.39, 0.8011, 0.0135, 0.5971, -0.0384
13:54:00, 8.03, 241, 73.30, 3.91, 357.41, 0.8012, 0.0139, 0.5970, -0.0385
13:54:00, 8.07, 242, 73.27, 3.97, 357.43, 0.8013, 0.0144, 0.5968, -0.0387
13:54:00, 8.07, 242, 73.28, 4.01, 357.44, 0.8012, 0.0148, 0.5969, -0.0388
13:54:00, 8.10, 243, 73.31, 4.08, 357.42, 0.8011, 0.0152, 0.5971, -0.0393
13:54:01, 8.10, 243, 73.33, 4.12, 357.43, 0.8010, 0.0155, 0.5972, -0.0394
13:54:01, 8.10, 243, 73.34, 4.16, 357.44, 0.8009, 0.0158, 0.5973, -0.0396
13:54:01, 8.13, 244, 73.35, 4.19, 357.48, 0.8008, 0.0161, 0.5974, -0.0395
13:54:01, 8.13, 244, 73.35, 4.22, 357.52, 0.8008, 0.0166, 0.5974, -0.0394
13:54:01, 8.17, 245, 73.36, 4.23, 357.55, 0.8008, 0.0168, 0.5974, -0.0392
13:54:01, 8.17, 245, 73.33, 4.24, 357.61, 0.8009, 0.0172, 0.5972, -0.0388
13:54:01, 8.20, 246, 73.29, 4.22, 357.65, 0.8012, 0.0173, 0.5969, -0.0384
13:54:01, 8.20, 246, 73.27, 4.22, 357.64, 0.8013, 0.0172, 0.5968, -0.0385
13:54:01, 8.20, 246, 73.24, 4.22, 357.65, 0.8014, 0.0173, 0.5966, -0.0384
13:54:01, 8.23, 247, 73.26, 4.28, 357.67, 0.8013, 0.0179, 0.5967, -0.0386
13:54:01, 8.23, 247, 73.26, 4.31, 357.67, 0.8013, 0.0181, 0.5967, -0.0387
13:54:01, 8.27, 248, 73.25, 4.33, 357.70, 0.8014, 0.0183, 0.5966, -0.0386
13:54:01, 8.27, 248, 73.24, 4.37, 357.71, 0.8014, 0.0187, 0.5965, -0.0388
13:54:01, 8.27, 248, 73.25, 4.38, 357.70, 0.8013, 0.0186, 0.5966, -0.0389
13:54:01, 8.30, 249, 73.25, 4.40, 357.69, 0.8013, 0.0188, 0.5967, -0.0391
13:54:01, 8.30, 249, 73.25, 4.44, 357.69, 0.8013, 0.0191, 0.5966, -0.0392
13:54:01, 8.33, 250, 73.24, 4.50, 357.67, 0.8013, 0.0194, 0.5966, -0.0397
13:54:01, 8.33, 250, 73.24, 4.52, 357.69, 0.8014, 0.0197, 0.5965, -0.0397
13:54:01, 8.37, 251, 73.22, 4.57, 357.69, 0.8014, 0.0200, 0.5964, -0.0399
13:54:01, 8.37, 251, 73.21, 4.58, 357.72, 0.8015, 0.0203, 0.5963, -0.0398
13:54:01, 8.37, 251, 73.21, 4.62, 357.72, 0.8015, 0.0205, 0.5963, -0.0400
13:54:01, 8.40, 252, 73.20, 4.65, 357.72, 0.8015, 0.0207, 0.5962, -0.0401
13:54:01, 8.40, 252, 73.20, 4.68, 357.72, 0.8015, 0.0209, 0.5962, -0.0403
13:54:01, 8.43, 253, 73.17, 4.72, 357.74, 0.8017, 0.0213, 0.5960, -0.0404
13:54:01, 8.43, 253, 73.13, 4.76, 357.73, 0.8018, 0.0216, 0.5958, -0.0406
13:54:01, 8.43, 253, 73.10, 4.76, 357.73, 0.8020, 0.0216, 0.5955, -0.0406
13:54:01, 8.47, 254, 73.07, 4.78, 357.70, 0.8021, 0.0216, 0.5954, -0.0409
13:54:01, 8.47, 254, 73.02, 4.80, 357.69, 0.8024, 0.0217, 0.5950, -0.0411
13:54:01, 8.50, 255, 72.99, 4.83, 357.67, 0.8025, 0.0218, 0.5948, -0.0414
13:54:01, 8.50, 255, 72.95, 4.84, 357.67, 0.8027, 0.0219, 0.5945, -0.0415
13:54:01, 8.53, 256, 72.91, 4.84, 357.66, 0.8029, 0.0218, 0.5943, -0.0414
13:54:01, 8.53, 256, 72.90, 4.84, 357.66, 0.8030, 0.0218, 0.5942, -0.0415
13:54:01, 8.53, 256, 72.92, 4.85, 357.68, 0.8029, 0.0220, 0.5943, -0.0414
13:54:01, 8.57, 257, 72.92, 4.85, 357.71, 0.8029, 0.0221, 0.5943, -0.0412
13:54:01, 8.57, 257, 72.92, 4.86, 357.72, 0.8029, 0.0223, 0.5943, -0.0412
13:54:01, 8.60, 258, 72.93, 4.86, 357.72, 0.8028, 0.0223, 0.5943, -0.0412
13:54:01, 8.60, 258, 72.96, 4.87, 357.73, 0.8027, 0.0224, 0.5946, -0.0412
13:54:01, 8.60, 258, 73.00, 4.87, 357.75, 0.8025, 0.0225, 0.5948, -0.0410
13:54:01, 8.63, 259, 73.02, 4.88, 357.78, 0.8024, 0.0227, 0.5950, -0.0409
13:54:01, 8.63, 259, 73.02, 4.90, 357.80, 0.8024, 0.0230, 0.5950, -0.0408
13:54:01, 8.67, 260, 73.03, 4.93, 357.82, 0.8023, 0.0232, 0.5950, -0.0409
13:54:01, 8.67, 260, 73.02, 4.95, 357.82, 0.8024, 0.0233, 0.5950, -0.0410
13:54:01, 8.70, 261, 73.00, 5.00, 357.80, 0.8025, 0.0236, 0.5948, -0.0414
13:54:01, 8.70, 261, 72.97, 5.02, 357.79, 0.8026, 0.0238, 0.5946, -0.0415
13:54:01, 8.70, 261, 72.95, 5.04, 357.82, 0.8027, 0.0241, 0.5944, -0.0414
13:54:01, 8.73, 262, 72.97, 5.06, 357.81, 0.8026, 0.0241, 0.5946, -0.0416
13:54:01, 8.73, 262, 72.97, 5.10, 357.83, 0.8026, 0.0245, 0.5946, -0.0417
13:54:01, 8.77, 263, 73.01, 5.13, 357.89, 0.8024, 0.0250, 0.5949, -0.0414
13:54:01, 8.77, 263, 73.03, 5.15, 357.88, 0.8023, 0.0251, 0.5950, -0.0416
13:54:01, 8.80, 264, 73.01, 5.23, 357.88, 0.8023, 0.0257, 0.5949, -0.0420
13:54:01, 8.80, 264, 73.01, 5.25, 357.86, 0.8023, 0.0257, 0.5948, -0.0422
13:54:01, 8.80, 264, 72.99, 5.30, 357.85, 0.8024, 0.0261, 0.5947, -0.0425
13:54:01, 8.83, 265, 72.96, 5.34, 357.86, 0.8026, 0.0264, 0.5945, -0.0427
13:54:01, 8.83, 265, 72.91, 5.37, 357.85, 0.8028, 0.0265, 0.5941, -0.0429
13:54:01, 8.87, 266, 72.87, 5.41, 357.85, 0.8030, 0.0268, 0.5938, -0.0431
13:54:01, 8.90, 267, 72.78, 5.54, 357.94, 0.8034, 0.0282, 0.5932, -0.0431
13:54:01, 8.93, 268, 72.80, 5.56, 357.99, 0.8033, 0.0286, 0.5933, -0.0429
13:54:01, 8.93, 268, 72.78, 5.56, 358.03, 0.8034, 0.0289, 0.5932, -0.0426
13:54:01, 8.93, 268, 72.77, 5.61, 358.07, 0.8035, 0.0294, 0.5930, -0.0425
13:54:01, 8.97, 269, 72.71, 5.65, 358.09, 0.8038, 0.0298, 0.5926, -0.0427
13:54:01, 8.97, 269, 72.60, 5.69, 358.11, 0.8044, 0.0302, 0.5918, -0.0426
13:54:01, 9.00, 270, 72.43, 5.76, 358.16, 0.8052, 0.0311, 0.5907, -0.0426
13:54:01, 9.00, 270, 72.19, 5.85, 358.20, 0.8064, 0.0320, 0.5890, -0.0427
13:54:01, 9.03, 271, 71.75, 5.98, 358.31, 0.8087, 0.0337, 0.5858, -0.0425
13:54:01, 9.03, 271, 71.03, 6.06, 358.47, 0.8123, 0.0353, 0.5806, -0.0416
13:54:01, 9.03, 271, 69.83, 6.01, 358.61, 0.8185, 0.0360, 0.5721, -0.0399
13:54:01, 9.07, 272, 68.07, 5.74, 358.62, 0.8272, 0.0348, 0.5595, -0.0380
13:54:01, 9.07, 272, 65.59, 5.24, 358.46, 0.8393, 0.0311, 0.5415, -0.0360
13:54:01, 9.10, 273, 62.88, 4.85, 358.21, 0.8520, 0.0280, 0.5217, -0.0354
13:54:02, 9.10, 273, 60.23, 4.61, 357.87, 0.8638, 0.0255, 0.5019, -0.0362
13:54:02, 9.10, 273, 57.64, 4.61, 357.60, 0.8748, 0.0252, 0.4823, -0.0377
13:54:02, 9.13, 274, 54.93, 4.63, 357.35, 0.8859, 0.0252, 0.4615, -0.0391
13:54:02, 9.13, 274, 51.97, 4.62, 357.13, 0.8975, 0.0252, 0.4385, -0.0401
13:54:02, 9.17, 275, 48.42, 4.41, 356.83, 0.9106, 0.0237, 0.4106, -0.0410
13:54:02, 9.17, 275, 44.43, 4.14, 356.51, 0.9243, 0.0219, 0.3787, -0.0418
13:54:02, 9.20, 276, 40.23, 3.87, 356.13, 0.9375, 0.0201, 0.3446, -0.0433
13:54:02, 9.20, 276, 35.86, 3.82, 355.77, 0.9499, 0.0203, 0.3086, -0.0454
13:54:02, 9.20, 276, 31.49, 3.82, 355.32, 0.9608, 0.0210, 0.2723, -0.0483
13:54:02, 9.23, 277, 27.00, 3.79, 354.96, 0.9706, 0.0218, 0.2345, -0.0505
13:54:02, 9.23, 277, 22.42, 3.81, 354.72, 0.9790, 0.0236, 0.1956, -0.0516
13:54:02, 9.27, 278, 17.79, 3.73, 354.56, 0.9861, 0.0248, 0.1559, -0.0519
13:54:02, 9.27, 278, 13.13, 3.61, 354.39, 0.9916, 0.0257, 0.1157, -0.0522
13:54:02, 9.27, 278, 8.48, 3.49, 354.32, 0.9955, 0.0267, 0.0754, -0.0516
13:54:02, 9.30, 279, 3.94, 3.39, 354.25, 0.9977, 0.0278, 0.0358, -0.0511
13:54:02, 9.30, 279, 359.43, 3.28, 354.21, 0.9983, 0.0288, -0.0036, -0.0504
13:54:02, 9.33, 280, 355.11, 3.23, 354.24, 0.9975, 0.0303, -0.0412, -0.0489
13:54:02, 9.33, 280, 351.34, 3.33, 354.61, 0.9957, 0.0325, -0.0740, -0.0447
13:54:02, 9.37, 281, 348.17, 3.26, 355.05, 0.9935, 0.0327, -0.1017, -0.0400
13:54:02, 9.37, 281, 344.86, 3.25, 355.39, 0.9902, 0.0334, -0.1305, -0.0361
13:54:02, 9.37, 281, 341.45, 3.32, 355.92, 0.9861, 0.0343, -0.1600, -0.0304
13:54:02, 9.40, 282, 338.33, 3.32, 356.37, 0.9814, 0.0344, -0.1869, -0.0257
13:54:02, 9.40, 282, 335.28, 3.26, 356.75, 0.9762, 0.0339, -0.2131, -0.0216
13:54:02, 9.43, 283, 332.52, 3.25, 357.09, 0.9708, 0.0336, -0.2367, -0.0179
13:54:02, 9.43, 283, 330.06, 3.19, 357.39, 0.9656, 0.0328, -0.2576, -0.0148
13:54:02, 9.43, 283, 327.70, 3.15, 357.61, 0.9601, 0.0322, -0.2775, -0.0124
13:54:02, 9.47, 284, 325.61, 3.05, 357.78, 0.9549, 0.0312, -0.2950, -0.0106
13:54:02, 9.47, 284, 323.82, 3.06, 358.01, 0.9502, 0.0308, -0.3099, -0.0082
13:54:02, 9.50, 285, 322.24, 3.01, 358.26, 0.9459, 0.0298, -0.3231, -0.0058
13:54:02, 9.50, 285, 320.82, 3.02, 358.33, 0.9418, 0.0297, -0.3348, -0.0049
13:54:02, 9.53, 286, 319.49, 2.94, 358.41, 0.9379, 0.0289, -0.3457, -0.0042
13:54:02, 9.53, 286, 318.24, 2.88, 358.65, 0.9341, 0.0277, -0.3560, -0.0021
13:54:02, 9.53, 286, 317.18, 2.67, 358.72, 0.9308, 0.0257, -0.3647, -0.0019
13:54:02, 9.57, 287, 316.19, 2.36, 358.78, 0.9276, 0.0231, -0.3727, -0.0022
13:54:02, 9.57, 287, 315.13, 2.05, 358.99, 0.9242, 0.0199, -0.3814, -0.0013
13:54:02, 9.60, 288, 314.19, 1.76, 359.22, 0.9211, 0.0168, -0.3891, -0.0003
13:54:02, 9.60, 288, 313.27, 1.48, 359.38, 0.9179, 0.0140, -0.3965, 0.0001
13:54:02, 9.60, 288, 312.35, 1.24, 359.47, 0.9147, 0.0118, -0.4039, 0.0001
13:54:02, 9.63, 289, 311.44, 1.02, 359.55, 0.9115, 0.0097, -0.4111, 0.0001
13:54:02, 9.63, 289, 310.54, 0.66, 359.72, 0.9083, 0.0063, -0.4183, 0.0002
13:54:02, 9.67, 290, 309.70, 0.37, 359.95, 0.9052, 0.0031, -0.4250, 0.0009
13:54:02, 9.67, 290, 308.87, 0.10, 0.15, 0.9021, 0.0002, -0.4316, 0.0016
13:54:02, 9.70, 291, 308.12, 359.84, 0.40, 0.8992, -0.0028, -0.4374, 0.0025
13:54:02, 9.70, 291, 307.37, 359.59, 0.65, 0.8964, -0.0057, -0.4433, 0.0035
13:54:02, 9.70, 291, 306.61, 359.43, 0.86, 0.8934, -0.0078, -0.4492, 0.0045
13:54:02, 9.73, 292, 305.70, 359.26, 1.10, 0.8898, -0.0102, -0.4563, 0.0056
13:54:02, 9.73, 292, 304.76, 359.22, 1.22, 0.8860, -0.0110, -0.4635, 0.0063
13:54:02, 9.77, 293, 303.75, 359.14, 1.28, 0.8819, -0.0119, -0.4713, 0.0063
13:54:02, 9.77, 293, 302.67, 359.17, 1.32, 0.8774, -0.0119, -0.4796, 0.0066
13:54:02, 9.80, 294, 301.39, 359.27, 1.46, 0.8720, -0.0118, -0.4894, 0.0080
13:54:02, 9.80, 294, 300.07, 359.55, 1.52, 0.8663, -0.0100, -0.4994, 0.0095
13:54:02, 9.80, 294, 298.58, 359.77, 1.45, 0.8597, -0.0082, -0.5107, 0.0098
13:54:02, 9.83, 295, 297.23, 0.10, 1.32, 0.8536, -0.0052, -0.5208, 0.0103
13:54:02, 9.83, 295, 295.91, 0.42, 1.29, 0.8476, -0.0029, -0.5306, 0.0115
13:54:02, 9.87, 296, 294.63, 0.71, 1.33, 0.8415, -0.0010, -0.5401, 0.0131
13:54:02, 9.87, 296, 293.44, 0.97, 1.38, 0.8358, 0.0005, -0.5488, 0.0147
13:54:02, 9.87, 296, 292.31, 1.26, 1.35, 0.8303, 0.0026, -0.5570, 0.0159
13:54:02, 9.90, 297, 291.29, 1.47, 1.42, 0.8253, 0.0036, -0.5644, 0.0175
13:54:02, 9.90, 297, 290.34, 1.68, 1.56, 0.8206, 0.0043, -0.5712, 0.0195
13:54:02, 9.93, 298, 289.43, 1.88, 1.60, 0.8160, 0.0053, -0.5777, 0.0209
13:54:02, 9.93, 298, 288.55, 2.16, 1.68, 0.8115, 0.0067, -0.5839, 0.0229
13:54:02, 9.97, 299, 287.80, 2.38, 1.74, 0.8075, 0.0078, -0.5892, 0.0245
13:54:02, 9.97, 299, 287.02, 2.57, 1.81, 0.8034, 0.0086, -0.5948, 0.0260
13:54:02, 9.97, 299, 286.29, 2.72, 1.89, 0.7996, 0.0091, -0.5998, 0.0274
