Timestamp, VideoTime, VideoFrame, HeadYaw, HeadPitch, HeadRoll, HeadQuatW, HeadQuatX, HeadQuatY, HeadQuatZ
13:56:18, 0.03, 1, 256.20, 357.35, 358.23, 0.6165, -0.0021, -0.7869, -0.0277
13:56:18, 0.03, 1, 252.21, 356.54, 359.02, 0.5888, -0.0109, -0.8077, -0.0294
13:56:18, 0.03, 1, 250.45, 356.43, 359.40, 0.5764, -0.0137, -0.8166, -0.0284
13:56:18, 0.07, 2, 249.10, 356.73, 359.67, 0.5668, -0.0138, -0.8233, -0.0251
13:56:18, 0.07, 2, 248.09, 357.14, 359.83, 0.5596, -0.0128, -0.8284, -0.0215
13:56:18, 0.10, 3, 247.20, 357.62, 359.95, 0.5533, -0.0111, -0.8327, -0.0176
13:56:18, 0.10, 3, 246.31, 357.96, 0.12, 0.5469, -0.0106, -0.8370, -0.0143
13:56:18, 0.10, 3, 245.38, 358.28, 0.20, 0.5401, -0.0096, -0.8415, -0.0117
13:56:18, 0.13, 4, 244.43, 358.37, 0.22, 0.5331, -0.0092, -0.8459, -0.0110
13:56:18, 0.13, 4, 243.35, 358.48, 0.22, 0.5251, -0.0086, -0.8509, -0.0102
13:56:18, 0.17, 5, 242.22, 358.58, 0.25, 0.5166, -0.0083, -0.8561, -0.0095
13:56:18, 0.17, 5, 241.08, 358.66, 0.23, 0.5081, -0.0076, -0.8612, -0.0090
13:56:19, 0.20, 6, 239.93, 358.87, 0.20, 0.4995, -0.0064, -0.8663, -0.0076
13:56:19, 0.20, 6, 238.86, 359.06, 0.14, 0.4913, -0.0051, -0.8709, -0.0066
13:56:19, 0.20, 6, 237.81, 359.24, 0.08, 0.4833, -0.0038, -0.8754, -0.0055
13:56:19, 0.23, 7, 236.88, 359.33, 359.97, 0.4762, -0.0025, -0.8793, -0.0052
13:56:19, 0.23, 7, 236.01, 359.45, 359.90, 0.4695, -0.0015, -0.8829, -0.0046
13:56:19, 0.27, 8, 235.14, 359.60, 359.80, 0.4628, 0.0000, -0.8865, -0.0039
13:56:19, 0.27, 8, 234.34, 359.88, 359.70, 0.4566, 0.0019, -0.8896, -0.0021
13:56:19, 0.27, 8, 233.63, 0.08, 359.54, 0.4511, 0.0039, -0.8925, -0.0012
13:56:19, 0.30, 9, 233.03, 0.28, 359.37, 0.4464, 0.0060, -0.8948, -0.0003
13:56:19, 0.30, 9, 232.56, 0.35, 359.17, 0.4428, 0.0079, -0.8966, -0.0004
13:56:19, 0.33, 10, 232.21, 0.28, 359.05, 0.4400, 0.0085, -0.8979, -0.0015
13:56:19, 0.33, 10, 231.92, 0.27, 358.98, 0.4378, 0.0090, -0.8990, -0.0018
13:56:19, 0.37, 11, 231.68, 0.21, 358.81, 0.4359, 0.0102, -0.9000, -0.0029
13:56:19, 0.37, 11, 231.52, 0.09, 358.63, 0.4346, 0.0111, -0.9005, -0.0045
13:56:19, 0.37, 11, 231.46, 0.07, 358.43, 0.4341, 0.0126, -0.9008, -0.0054
13:56:19, 0.40, 12, 231.47, 359.93, 358.23, 0.4341, 0.0136, -0.9007, -0.0073
13:56:19, 0.40, 12, 231.45, 359.80, 358.12, 0.4340, 0.0140, -0.9008, -0.0087
13:56:19, 0.43, 13, 231.46, 359.62, 358.00, 0.4340, 0.0143, -0.9007, -0.0106
13:56:19, 0.43, 13, 231.46, 359.33, 357.88, 0.4339, 0.0141, -0.9007, -0.0133
13:56:19, 0.43, 13, 231.49, 359.05, 357.79, 0.4341, 0.0138, -0.9006, -0.0158
13:56:19, 0.47, 14, 231.58, 358.82, 357.66, 0.4348, 0.0139, -0.9003, -0.0181
13:56:19, 0.47, 14, 231.78, 358.62, 357.54, 0.4363, 0.0141, -0.8995, -0.0202
13:56:19, 0.50, 15, 232.15, 358.30, 357.31, 0.4391, 0.0146, -0.8980, -0.0236
13:56:19, 0.50, 15, 232.85, 357.77, 357.06, 0.4443, 0.0144, -0.8953, -0.0288
13:56:19, 0.53, 16, 233.73, 356.93, 356.94, 0.4509, 0.0117, -0.8918, -0.0359
13:56:19, 0.53, 16, 234.80, 355.86, 356.90, 0.4589, 0.0074, -0.8874, -0.0444
13:56:19, 0.53, 16, 236.14, 354.66, 356.77, 0.4687, 0.0030, -0.8817, -0.0543
13:56:19, 0.57, 17, 237.55, 353.53, 356.58, 0.4789, -0.0011, -0.8755, -0.0638
13:56:19, 0.57, 17, 239.18, 352.53, 356.38, 0.4907, -0.0047, -0.8683, -0.0722
13:56:19, 0.60, 18, 240.56, 351.80, 356.25, 0.5006, -0.0078, -0.8621, -0.0782
13:56:19, 0.60, 18, 241.87, 351.02, 356.06, 0.5099, -0.0108, -0.8560, -0.0848
13:56:19, 0.60, 18, 243.05, 350.41, 355.83, 0.5181, -0.0127, -0.8504, -0.0902
13:56:19, 0.63, 19, 244.27, 349.64, 355.57, 0.5264, -0.0154, -0.8445, -0.0969
13:56:19, 0.63, 19, 245.55, 348.81, 355.36, 0.5350, -0.0188, -0.8382, -0.1037
13:56:19, 0.67, 20, 246.89, 347.95, 355.18, 0.5439, -0.0229, -0.8315, -0.1106
13:56:19, 0.67, 20, 248.26, 347.22, 355.04, 0.5531, -0.0268, -0.8245, -0.1162
13:56:19, 0.70, 21, 249.50, 346.47, 355.05, 0.5613, -0.0318, -0.8180, -0.1212
13:56:19, 0.70, 21, 250.47, 345.92, 355.12, 0.5678, -0.0362, -0.8129, -0.1244
13:56:19, 0.70, 21, 251.33, 345.52, 355.20, 0.5736, -0.0397, -0.8083, -0.1265
13:56:19, 0.73, 22, 252.15, 345.24, 355.18, 0.5791, -0.0419, -0.8040, -0.1283
13:56:19, 0.73, 22, 253.17, 345.00, 355.00, 0.5858, -0.0430, -0.7988, -0.1305
13:56:19, 0.77, 23, 254.31, 345.05, 354.73, 0.5935, -0.0422, -0.7930, -0.1311
13:56:19, 0.77, 23, 255.56, 345.09, 354.43, 0.6017, -0.0413, -0.7866, -0.1319
13:56:19, 0.77, 23, 256.94, 345.38, 354.11, 0.6111, -0.0392, -0.7796, -0.1312
13:56:19, 0.80, 24, 258.48, 345.75, 353.79, 0.6216, -0.0367, -0.7716, -0.1299
13:56:19, 0.80, 24, 260.25, 346.25, 353.41, 0.6335, -0.0334, -0.7623, -0.1281
13:56:19, 0.83, 25, 262.07, 346.76, 353.01, 0.6456, -0.0299, -0.7525, -0.1266
13:56:19, 0.83, 25, 264.01, 347.11, 352.67, 0.6583, -0.0278, -0.7417, -0.1257
13:56:19, 0.87, 26, 265.97, 347.35, 352.37, 0.6708, -0.0266, -0.7305, -0.1255
13:56:19, 0.87, 26, 267.79, 347.50, 352.15, 0.6822, -0.0263, -0.7198, -0.1254
13:56:19, 0.87, 26, 269.61, 347.67, 351.98, 0.6936, -0.0262, -0.7090, -0.1250
13:56:19, 0.90, 27, 271.28, 348.00, 351.76, 0.7039, -0.0246, -0.6989, -0.1240
13:56:19, 0.90, 27, 272.94, 348.38, 351.49, 0.7141, -0.0224, -0.6888, -0.1230
13:56:19, 0.93, 28, 274.49, 348.83, 351.24, 0.7236, -0.0197, -0.6791, -0.1217
13:56:19, 0.93, 28, 275.95, 349.30, 351.11, 0.7326, -0.0174, -0.6699, -0.1196
13:56:19, 0.93, 28, 277.38, 349.64, 350.91, 0.7410, -0.0155, -0.6607, -0.1187
13:56:19, 0.97, 29, 278.80, 349.90, 350.80, 0.7493, -0.0147, -0.6515, -0.1177
13:56:19, 0.97, 29, 280.38, 350.16, 350.75, 0.7584, -0.0142, -0.6411, -0.1164
13:56:19, 1.00, 30, 282.14, 350.45, 350.64, 0.7684, -0.0135, -0.6294, -0.1154
13:56:19, 1.00, 30, 284.28, 350.72, 350.46, 0.7801, -0.0128, -0.6149, -0.1149
13:56:19, 1.03, 31, 287.04, 350.95, 350.47, 0.7949, -0.0140, -0.5959, -0.1133
13:56:19, 1.03, 31, 290.26, 351.16, 350.55, 0.8116, -0.0161, -0.5733, -0.1113
13:56:19, 1.03, 31, 293.23, 351.45, 350.78, 0.8267, -0.0180, -0.5520, -0.1078
13:56:19, 1.07, 32, 296.29, 351.73, 350.86, 0.8415, -0.0191, -0.5296, -0.1054
13:56:19, 1.07, 32, 300.05, 352.01, 350.59, 0.8584, -0.0193, -0.5017, -0.1055
13:56:19, 1.10, 33, 304.31, 352.26, 350.26, 0.8763, -0.0199, -0.4694, -0.1063
13:56:19, 1.10, 33, 308.27, 352.40, 350.22, 0.8921, -0.0223, -0.4388, -0.1053
13:56:19, 1.10, 33, 312.07, 352.42, 350.40, 0.9064, -0.0263, -0.4089, -0.1030
13:56:19, 1.13, 34, 315.76, 352.51, 350.31, 0.9190, -0.0285, -0.3795, -0.1026
13:56:19, 1.13, 34, 319.19, 352.67, 349.89, 0.9297, -0.0290, -0.3519, -0.1046
13:56:19, 1.17, 35, 322.43, 352.89, 349.57, 0.9392, -0.0292, -0.3254, -0.1058
13:56:19, 1.17, 35, 325.40, 353.06, 349.52, 0.9474, -0.0304, -0.3009, -0.1049
13:56:20, 1.20, 36, 328.23, 353.18, 349.53, 0.9546, -0.0320, -0.2773, -0.1038
13:56:20, 1.20, 36, 331.01, 353.24, 349.48, 0.9611, -0.0340, -0.2540, -0.1033
13:56:20, 1.20, 36, 333.75, 353.14, 349.53, 0.9668, -0.0373, -0.2311, -0.1022
13:56:20, 1.23, 37, 336.33, 353.13, 349.59, 0.9718, -0.0398, -0.2092, -0.1008
13:56:20, 1.23, 37, 338.54, 353.24, 349.74, 0.9759, -0.0411, -0.1903, -0.0986
13:56:20, 1.27, 38, 340.89, 353.38, 349.88, 0.9798, -0.0421, -0.1701, -0.0964
13:56:20, 1.27, 38, 342.91, 353.71, 349.98, 0.9829, -0.0411, -0.1526, -0.0943
13:56:20, 1.27, 38, 344.73, 354.02, 350.13, 0.9855, -0.0401, -0.1366, -0.0921
13:56:20, 1.30, 39, 346.45, 354.43, 350.25, 0.9878, -0.0380, -0.1215, -0.0900
13:56:20, 1.30, 39, 348.02, 354.71, 350.39, 0.9896, -0.0370, -0.1077, -0.0880
13:56:20, 1.33, 40, 349.47, 354.93, 350.55, 0.9911, -0.0363, -0.0950, -0.0860
13:56:20, 1.33, 40, 350.70, 355.18, 350.69, 0.9923, -0.0352, -0.0842, -0.0842
13:56:20, 1.37, 41, 351.83, 355.39, 350.90, 0.9933, -0.0343, -0.0741, -0.0819
13:56:20, 1.37, 41, 352.65, 355.60, 351.06, 0.9940, -0.0332, -0.0668, -0.0802
13:56:20, 1.37, 41, 353.44, 355.73, 351.18, 0.9945, -0.0327, -0.0599, -0.0789
13:56:20, 1.40, 42, 354.04, 355.74, 351.35, 0.9950, -0.0331, -0.0546, -0.0772
13:56:20, 1.40, 42, 354.55, 355.59, 351.46, 0.9952, -0.0348, -0.0502, -0.0761
13:56:20, 1.43, 43, 355.11, 355.50, 351.51, 0.9955, -0.0359, -0.0454, -0.0755
13:56:20, 1.43, 43, 355.50, 355.47, 351.52, 0.9956, -0.0365, -0.0420, -0.0754
13:56:20, 1.43, 43, 355.88, 355.49, 351.62, 0.9958, -0.0366, -0.0387, -0.0744
13:56:20, 1.47, 44, 356.07, 355.56, 351.81, 0.9960, -0.0362, -0.0369, -0.0727
13:56:20, 1.47, 44, 356.16, 355.60, 351.97, 0.9962, -0.0360, -0.0361, -0.0712
13:56:20, 1.50, 45, 356.23, 355.61, 352.16, 0.9963, -0.0360, -0.0355, -0.0696
13:56:20, 1.50, 45, 356.30, 355.64, 352.27, 0.9964, -0.0358, -0.0348, -0.0686
13:56:20, 1.53, 46, 356.37, 355.72, 352.31, 0.9965, -0.0351, -0.0341, -0.0681
13:56:20, 1.53, 46, 356.38, 355.85, 352.32, 0.9965, -0.0340, -0.0339, -0.0680
13:56:20, 1.53, 46, 356.27, 356.03, 352.33, 0.9966, -0.0324, -0.0348, -0.0680
13:56:20, 1.57, 47, 356.12, 356.14, 352.39, 0.9966, -0.0313, -0.0360, -0.0674
13:56:20, 1.57, 47, 356.03, 356.19, 352.47, 0.9966, -0.0309, -0.0368, -0.0667
13:56:20, 1.60, 48, 356.00, 356.25, 352.51, 0.9966, -0.0303, -0.0370, -0.0664
13:56:20, 1.60, 48, 355.97, 356.35, 352.50, 0.9967, -0.0294, -0.0371, -0.0664
13:56:20, 1.60, 48, 356.01, 356.46, 352.49, 0.9967, -0.0285, -0.0368, -0.0665
13:56:20, 1.63, 49, 356.09, 356.65, 352.48, 0.9968, -0.0269, -0.0360, -0.0665
13:56:20, 1.63, 49, 356.25, 356.83, 352.42, 0.9968, -0.0254, -0.0345, -0.0669
13:56:20, 1.67, 50, 356.51, 357.02, 352.40, 0.9969, -0.0239, -0.0321, -0.0670
13:56:20, 1.67, 50, 356.79, 357.24, 352.37, 0.9971, -0.0222, -0.0295, -0.0672
13:56:20, 1.70, 51, 357.17, 357.48, 352.29, 0.9972, -0.0202, -0.0261, -0.0678
13:56:20, 1.70, 51, 357.63, 357.77, 352.19, 0.9973, -0.0180, -0.0219, -0.0685
13:56:20, 1.70, 51, 358.16, 358.06, 352.14, 0.9974, -0.0158, -0.0172, -0.0688
13:56:20, 1.73, 52, 358.78, 358.44, 352.06, 0.9974, -0.0129, -0.0116, -0.0693
13:56:20, 1.73, 52, 359.33, 358.69, 352.02, 0.9975, -0.0110, -0.0067, -0.0697
13:56:20, 1.77, 53, 359.97, 359.01, 352.05, 0.9976, -0.0086, -0.0008, -0.0693
13:56:20, 1.77, 53, 0.68, 359.22, 352.09, 0.9976, -0.0072, 0.0055, -0.0690
13:56:20, 1.77, 53, 1.54, 359.29, 352.06, 0.9975, -0.0071, 0.0130, -0.0691
13:56:20, 1.80, 54, 2.49, 359.44, 352.14, 0.9974, -0.0064, 0.0214, -0.0684
13:56:20, 1.80, 54, 3.58, 359.53, 352.21, 0.9972, -0.0062, 0.0309, -0.0677
13:56:20, 1.83, 55, 4.72, 359.66, 352.21, 0.9968, -0.0057, 0.0409, -0.0678
13:56:20, 1.83, 55, 5.86, 359.74, 352.30, 0.9964, -0.0057, 0.0508, -0.0669
13:56:20, 1.87, 56, 7.05, 359.85, 352.43, 0.9959, -0.0054, 0.0612, -0.0658
13:56:20, 1.87, 56, 8.13, 0.07, 352.57, 0.9954, -0.0040, 0.0708, -0.0647
13:56:20, 1.87, 56, 9.19, 0.25, 352.66, 0.9947, -0.0030, 0.0801, -0.0639
13:56:20, 1.90, 57, 10.14, 0.53, 352.86, 0.9941, -0.0009, 0.0885, -0.0624
13:56:20, 1.90, 57, 10.94, 0.86, 353.01, 0.9935, 0.0016, 0.0956, -0.0614
13:56:20, 1.93, 58, 11.67, 1.15, 353.19, 0.9930, 0.0039, 0.1021, -0.0601
13:56:20, 1.93, 58, 12.38, 1.51, 353.37, 0.9923, 0.0068, 0.1084, -0.0589
13:56:20, 1.93, 58, 13.00, 1.73, 353.54, 0.9918, 0.0086, 0.1139, -0.0577
13:56:20, 1.97, 59, 13.54, 2.00, 353.76, 0.9913, 0.0109, 0.1186, -0.0561
13:56:20, 1.97, 59, 14.10, 2.27, 353.93, 0.9907, 0.0131, 0.1236, -0.0550
13:56:20, 2.00, 60, 14.53, 2.44, 354.10, 0.9903, 0.0146, 0.1273, -0.0537
13:56:20, 2.00, 60, 15.00, 2.65, 354.28, 0.9898, 0.0164, 0.1314, -0.0525
13:56:20, 2.03, 61, 15.46, 2.83, 354.45, 0.9893, 0.0179, 0.1355, -0.0513
13:56:20, 2.03, 61, 15.94, 2.89, 354.68, 0.9888, 0.0185, 0.1396, -0.0494
13:56:20, 2.03, 61, 16.49, 3.00, 354.85, 0.9882, 0.0195, 0.1444, -0.0482
13:56:20, 2.07, 62, 17.17, 3.03, 354.99, 0.9873, 0.0196, 0.1502, -0.0472
13:56:20, 2.07, 62, 17.88, 3.05, 355.09, 0.9864, 0.0196, 0.1563, -0.0465
13:56:20, 2.10, 63, 18.57, 3.10, 355.19, 0.9855, 0.0199, 0.1623, -0.0458
13:56:20, 2.10, 63, 19.27, 3.19, 355.32, 0.9845, 0.0206, 0.1683, -0.0449
13:56:20, 2.10, 63, 19.97, 3.24, 355.43, 0.9835, 0.0209, 0.1743, -0.0442
13:56:20, 2.13, 64, 20.69, 3.34, 355.57, 0.9824, 0.0217, 0.1805, -0.0432
13:56:20, 2.13, 64, 21.43, 3.40, 355.78, 0.9813, 0.0223, 0.1868, -0.0416
13:56:20, 2.17, 65, 22.05, 3.47, 356.04, 0.9803, 0.0231, 0.1920, -0.0397
13:56:20, 2.17, 65, 22.75, 3.57, 356.24, 0.9792, 0.0241, 0.1980, -0.0383
13:56:21, 2.20, 66, 23.39, 3.64, 356.35, 0.9780, 0.0246, 0.2035, -0.0376
13:56:21, 2.20, 66, 24.01, 3.75, 356.51, 0.9769, 0.0257, 0.2087, -0.0366
13:56:21, 2.20, 66, 24.63, 3.76, 356.65, 0.9758, 0.0258, 0.2140, -0.0355
13:56:21, 2.23, 67, 25.22, 3.77, 356.88, 0.9748, 0.0261, 0.2190, -0.0337
13:56:21, 2.23, 67, 25.68, 3.81, 356.98, 0.9739, 0.0265, 0.2229, -0.0331
13:56:21, 2.27, 68, 26.14, 3.92, 357.01, 0.9730, 0.0274, 0.2268, -0.0331
13:56:21, 2.27, 68, 26.80, 3.93, 357.10, 0.9717, 0.0275, 0.2324, -0.0325
13:56:21, 2.27, 68, 27.40, 3.77, 357.18, 0.9705, 0.0261, 0.2375, -0.0317
13:56:21, 2.30, 69, 27.96, 3.70, 357.30, 0.9694, 0.0257, 0.2422, -0.0306
13:56:21, 2.30, 69, 28.49, 3.74, 357.46, 0.9683, 0.0261, 0.2466, -0.0295
13:56:21, 2.33, 70, 28.97, 3.80, 357.47, 0.9673, 0.0266, 0.2506, -0.0296
13:56:21, 2.33, 70, 29.44, 3.90, 357.51, 0.9662, 0.0274, 0.2546, -0.0296
13:56:21, 2.37, 71, 29.99, 3.97, 357.60, 0.9650, 0.0280, 0.2592, -0.0291
13:56:21, 2.37, 71, 30.43, 4.06, 357.60, 0.9639, 0.0287, 0.2629, -0.0295
13:56:21, 2.37, 71, 30.75, 4.22, 357.63, 0.9632, 0.0300, 0.2656, -0.0297
13:56:21, 2.40, 72, 31.06, 4.29, 357.66, 0.9624, 0.0306, 0.2682, -0.0297
13:56:21, 2.40, 72, 31.38, 4.37, 357.46, 0.9616, 0.0307, 0.2710, -0.0316
13:56:21, 2.43, 73, 31.74, 4.46, 357.31, 0.9606, 0.0310, 0.2741, -0.0332
13:56:21, 2.43, 73, 32.18, 4.45, 357.26, 0.9596, 0.0306, 0.2778, -0.0337
13:56:21, 2.43, 73, 32.56, 4.42, 357.25, 0.9587, 0.0303, 0.2809, -0.0338
13:56:21, 2.47, 74, 32.98, 4.37, 357.34, 0.9577, 0.0300, 0.2844, -0.0331
13:56:21, 2.47, 74, 33.37, 4.32, 357.41, 0.9567, 0.0296, 0.2877, -0.0325
13:56:21, 2.50, 75, 33.80, 4.36, 357.49, 0.9557, 0.0300, 0.2912, -0.0320
13:56:21, 2.50, 75, 34.13, 4.32, 357.45, 0.9548, 0.0295, 0.2940, -0.0323
13:56:21, 2.53, 76, 34.50, 4.27, 357.34, 0.9538, 0.0287, 0.2971, -0.0332
13:56:21, 2.53, 76, 34.93, 4.28, 357.15, 0.9527, 0.0282, 0.3007, -0.0349
13:56:21, 2.53, 76, 35.38, 4.29, 357.03, 0.9514, 0.0278, 0.3045, -0.0361
13:56:21, 2.57, 77, 35.82, 4.16, 357.01, 0.9503, 0.0265, 0.3082, -0.0360
13:56:21, 2.57, 77, 36.22, 4.18, 357.02, 0.9492, 0.0266, 0.3114, -0.0360
13:56:21, 2.60, 78, 36.48, 4.23, 357.00, 0.9485, 0.0268, 0.3136, -0.0364
13:56:21, 2.60, 78, 36.79, 4.39, 357.07, 0.9476, 0.0282, 0.3161, -0.0363
13:56:21, 2.60, 78, 37.02, 4.50, 357.03, 0.9469, 0.0290, 0.3181, -0.0370
13:56:21, 2.63, 79, 37.13, 4.73, 357.00, 0.9465, 0.0308, 0.3190, -0.0379
13:56:21, 2.63, 79, 37.20, 4.94, 357.01, 0.9462, 0.0325, 0.3197, -0.0385
13:56:21, 2.67, 80, 37.16, 5.16, 357.03, 0.9462, 0.0344, 0.3193, -0.0389
13:56:21, 2.67, 80, 37.02, 5.30, 357.21, 0.9466, 0.0361, 0.3181, -0.0377
13:56:21, 2.70, 81, 36.74, 5.30, 357.43, 0.9475, 0.0368, 0.3157, -0.0358
13:56:21, 2.70, 81, 36.32, 5.36, 357.57, 0.9486, 0.0378, 0.3122, -0.0347
13:56:21, 2.70, 81, 35.57, 5.54, 357.74, 0.9506, 0.0400, 0.3060, -0.0335
13:56:21, 2.73, 82, 34.56, 5.70, 357.87, 0.9532, 0.0419, 0.2975, -0.0325
13:56:21, 2.73, 82, 33.19, 5.90, 357.80, 0.9566, 0.0438, 0.2861, -0.0331
13:56:21, 2.77, 83, 31.75, 6.19, 357.78, 0.9600, 0.0467, 0.2741, -0.0334
13:56:21, 2.77, 83, 30.04, 6.49, 357.64, 0.9638, 0.0494, 0.2598, -0.0345
13:56:21, 2.77, 83, 28.31, 6.78, 357.50, 0.9674, 0.0520, 0.2453, -0.0356
13:56:21, 2.80, 84, 26.52, 6.90, 357.48, 0.9710, 0.0535, 0.2302, -0.0352
13:56:21, 2.80, 84, 24.76, 6.89, 357.45, 0.9745, 0.0539, 0.2152, -0.0346
13:56:21, 2.83, 85, 23.05, 6.79, 357.40, 0.9776, 0.0535, 0.2007, -0.0340
13:56:21, 2.83, 85, 21.23, 6.55, 357.35, 0.9808, 0.0519, 0.1852, -0.0332
13:56:21, 2.87, 86, 19.24, 6.32, 357.04, 0.9839, 0.0500, 0.1682, -0.0347
13:56:21, 2.87, 86, 17.07, 5.91, 356.38, 0.9869, 0.0463, 0.1497, -0.0389
13:56:21, 2.87, 86, 14.75, 5.38, 355.44, 0.9896, 0.0414, 0.1299, -0.0454
13:56:21, 2.90, 87, 12.46, 4.65, 354.54, 0.9919, 0.0352, 0.1103, -0.0517
13:56:21, 2.90, 87, 10.09, 4.02, 353.76, 0.9939, 0.0301, 0.0897, -0.0573
13:56:21, 2.93, 88, 7.66, 3.51, 353.22, 0.9954, 0.0265, 0.0684, -0.0610
13:56:21, 2.93, 88, 4.76, 3.08, 352.71, 0.9967, 0.0242, 0.0431, -0.0646
13:56:21, 2.93, 88, 1.81, 2.84, 352.30, 0.9973, 0.0237, 0.0174, -0.0675
13:56:21, 2.97, 89, 358.73, 2.70, 352.02, 0.9973, 0.0243, -0.0094, -0.0693
13:56:21, 2.97, 89, 355.83, 2.67, 351.91, 0.9966, 0.0258, -0.0346, -0.0696
13:56:21, 3.00, 90, 353.10, 2.73, 351.88, 0.9955, 0.0280, -0.0583, -0.0692
13:56:21, 3.00, 90, 350.53, 2.67, 351.89, 0.9940, 0.0290, -0.0807, -0.0685
13:56:21, 3.03, 91, 348.17, 2.51, 351.98, 0.9922, 0.0290, -0.1013, -0.0673
13:56:21, 3.03, 91, 345.58, 2.20, 352.22, 0.9898, 0.0275, -0.1239, -0.0649
13:56:21, 3.03, 91, 342.81, 1.88, 352.44, 0.9866, 0.0261, -0.1480, -0.0627
13:56:21, 3.07, 92, 339.92, 1.73, 352.78, 0.9828, 0.0258, -0.1731, -0.0593
13:56:21, 3.07, 92, 337.04, 1.57, 353.10, 0.9783, 0.0253, -0.1979, -0.0562
13:56:21, 3.10, 93, 334.12, 1.35, 353.48, 0.9731, 0.0242, -0.2229, -0.0528
13:56:21, 3.10, 93, 331.07, 1.11, 353.83, 0.9670, 0.0228, -0.2490, -0.0497
13:56:21, 3.10, 93, 327.72, 0.78, 354.13, 0.9594, 0.0207, -0.2773, -0.0473
13:56:21, 3.13, 94, 324.39, 0.38, 354.29, 0.9510, 0.0184, -0.3053, -0.0464
13:56:21, 3.13, 94, 321.17, 0.07, 354.44, 0.9420, 0.0167, -0.3320, -0.0456
13:56:21, 3.17, 95, 317.94, 359.70, 354.46, 0.9323, 0.0149, -0.3585, -0.0460
13:56:21, 3.17, 95, 314.79, 359.27, 354.64, 0.9220, 0.0121, -0.3843, -0.0456
13:56:22, 3.20, 96, 311.68, 358.67, 354.83, 0.9112, 0.0078, -0.4094, -0.0459
13:56:22, 3.20, 96, 308.58, 357.97, 355.09, 0.8997, 0.0026, -0.4340, -0.0462
13:56:22, 3.20, 96, 305.58, 357.30, 355.42, 0.8879, -0.0027, -0.4576, -0.0463
13:56:22, 3.23, 97, 302.70, 356.65, 355.72, 0.8760, -0.0077, -0.4799, -0.0468
13:56:22, 3.23, 97, 300.01, 356.07, 355.94, 0.8644, -0.0120, -0.5004, -0.0478
13:56:22, 3.27, 98, 297.42, 355.49, 356.15, 0.8527, -0.0162, -0.5198, -0.0491
13:56:22, 3.27, 98, 294.97, 354.94, 356.35, 0.8412, -0.0201, -0.5379, -0.0505
13:56:22, 3.27, 98, 292.68, 354.51, 356.56, 0.8302, -0.0232, -0.5546, -0.0515
13:56:22, 3.30, 99, 290.55, 354.12, 356.79, 0.8197, -0.0262, -0.5699, -0.0522
13:56:22, 3.30, 99, 288.50, 353.81, 357.05, 0.8093, -0.0288, -0.5843, -0.0524
13:56:22, 3.33, 100, 286.49, 353.48, 357.40, 0.7989, -0.0320, -0.5983, -0.0521
13:56:22, 3.33, 100, 284.51, 353.31, 357.72, 0.7885, -0.0340, -0.6119, -0.0515
13:56:22, 3.37, 101, 282.63, 353.12, 358.00, 0.7784, -0.0359, -0.6246, -0.0511
13:56:22, 3.37, 101, 280.71, 352.95, 358.30, 0.7679, -0.0379, -0.6374, -0.0506
13:56:22, 3.37, 101, 279.04, 352.98, 358.57, 0.7586, -0.0385, -0.6485, -0.0492
13:56:22, 3.40, 102, 277.49, 353.02, 358.89, 0.7500, -0.0394, -0.6586, -0.0474
13:56:22, 3.40, 102, 276.00, 353.20, 359.10, 0.7415, -0.0388, -0.6683, -0.0455
13:56:22, 3.43, 103, 274.61, 353.45, 359.23, 0.7335, -0.0375, -0.6773, -0.0437
13:56:22, 3.43, 103, 273.21, 353.82, 359.44, 0.7254, -0.0358, -0.6862, -0.0406
13:56:22, 3.43, 103, 272.02, 353.96, 359.65, 0.7183, -0.0358, -0.6937, -0.0388
13:56:22, 3.47, 104, 270.78, 354.12, 359.79, 0.7109, -0.0352, -0.7014, -0.0373
13:56:22, 3.47, 104, 269.69, 354.36, 0.01, 0.7043, -0.0347, -0.7082, -0.0348
13:56:22, 3.50, 105, 268.58, 354.69, 0.12, 0.6976, -0.0331, -0.7150, -0.0324
13:56:22, 3.50, 105, 267.45, 354.87, 0.15, 0.6906, -0.0319, -0.7219, -0.0315
13:56:22, 3.53, 106, 266.27, 354.92, 0.27, 0.6831, -0.0320, -0.7290, -0.0307
13:56:22, 3.53, 106, 264.91, 354.66, 0.54, 0.6745, -0.0350, -0.7368, -0.0312
13:56:22, 3.53, 106, 263.60, 354.39, 0.81, 0.6660, -0.0379, -0.7443, -0.0318
13:56:22, 3.57, 107, 262.33, 354.16, 0.85, 0.6577, -0.0391, -0.7515, -0.0335
13:56:22, 3.57, 107, 261.05, 354.10, 0.73, 0.6492, -0.0383, -0.7589, -0.0349
13:56:22, 3.60, 108, 259.82, 354.04, 0.68, 0.6410, -0.0379, -0.7658, -0.0361
13:56:22, 3.60, 108, 258.69, 354.01, 0.75, 0.6334, -0.0382, -0.7720, -0.0363
13:56:22, 3.60, 108, 257.58, 353.89, 0.79, 0.6258, -0.0388, -0.7781, -0.0372
13:56:22, 3.63, 109, 256.58, 353.72, 0.87, 0.6190, -0.0399, -0.7834, -0.0383
13:56:22, 3.63, 109, 255.64, 353.62, 0.89, 0.6125, -0.0402, -0.7884, -0.0392
13:56:22, 3.67, 110, 254.75, 353.81, 0.95, 0.6065, -0.0393, -0.7932, -0.0379
13:56:22, 3.67, 110, 254.02, 353.96, 1.02, 0.6015, -0.0388, -0.7971, -0.0367
13:56:22, 3.70, 111, 253.43, 354.20, 1.08, 0.5974, -0.0378, -0.8003, -0.0349
13:56:22, 3.70, 111, 252.86, 354.23, 1.03, 0.5935, -0.0371, -0.8032, -0.0351
13:56:22, 3.70, 111, 252.17, 354.33, 1.02, 0.5886, -0.0363, -0.8069, -0.0347
13:56:22, 3.73, 112, 251.46, 354.33, 1.07, 0.5836, -0.0364, -0.8105, -0.0347
13:56:22, 3.73, 112, 250.74, 354.41, 1.13, 0.5786, -0.0363, -0.8141, -0.0341
13:56:22, 3.77, 113, 249.97, 354.60, 1.11, 0.5731, -0.0349, -0.8181, -0.0331
13:56:22, 3.77, 113, 249.20, 354.72, 1.09, 0.5676, -0.0340, -0.8220, -0.0325
13:56:22, 3.77, 113, 248.38, 354.80, 1.10, 0.5617, -0.0335, -0.8260, -0.0321
13:56:22, 3.80, 114, 247.57, 354.77, 1.19, 0.5558, -0.0340, -0.8300, -0.0322
13:56:22, 3.80, 114, 246.76, 354.75, 1.25, 0.5500, -0.0343, -0.8339, -0.0323
13:56:22, 3.83, 115, 246.02, 354.90, 1.28, 0.5446, -0.0336, -0.8374, -0.0312
13:56:22, 3.83, 115, 245.28, 355.17, 1.23, 0.5392, -0.0318, -0.8410, -0.0297
13:56:22, 3.87, 116, 244.54, 355.43, 1.24, 0.5338, -0.0304, -0.8446, -0.0279
13:56:22, 3.87, 116, 243.69, 355.57, 1.34, 0.5276, -0.0303, -0.8485, -0.0266
13:56:22, 3.87, 116, 242.89, 355.66, 1.54, 0.5217, -0.0312, -0.8522, -0.0253
13:56:22, 3.90, 117, 242.05, 355.78, 1.62, 0.5155, -0.0311, -0.8560, -0.0243
13:56:22, 3.90, 117, 241.38, 355.70, 1.66, 0.5104, -0.0315, -0.8590, -0.0249
13:56:22, 3.93, 118, 240.71, 355.69, 1.64, 0.5054, -0.0314, -0.8619, -0.0252
13:56:22, 3.93, 118, 240.06, 355.70, 1.60, 0.5005, -0.0309, -0.8648, -0.0254
13:56:22, 3.93, 118, 239.48, 355.69, 1.60, 0.4961, -0.0308, -0.8673, -0.0257
13:56:22, 3.97, 119, 239.00, 355.69, 1.61, 0.4925, -0.0307, -0.8694, -0.0258
13:56:22, 3.97, 119, 238.67, 355.61, 1.61, 0.4900, -0.0310, -0.8708, -0.0265
13:56:22, 4.00, 120, 238.61, 355.40, 1.61, 0.4895, -0.0318, -0.8710, -0.0281
13:56:22, 4.00, 120, 238.79, 354.92, 1.63, 0.4908, -0.0341, -0.8700, -0.0316
13:56:22, 4.03, 121, 239.09, 354.08, 1.62, 0.4931, -0.0377, -0.8683, -0.0380
13:56:22, 4.03, 121, 239.46, 353.09, 1.64, 0.4957, -0.0423, -0.8663, -0.0452
13:56:22, 4.03, 121, 239.79, 352.29, 1.71, 0.4981, -0.0464, -0.8644, -0.0509
13:56:22, 4.07, 122, 240.07, 351.75, 1.63, 0.5001, -0.0482, -0.8629, -0.0552
13:56:22, 4.07, 122, 240.16, 351.08, 1.53, 0.5005, -0.0505, -0.8621, -0.0606
13:56:22, 4.10, 123, 240.01, 350.40, 1.54, 0.4993, -0.0534, -0.8623, -0.0657
13:56:22, 4.10, 123, 239.76, 349.77, 1.84, 0.4974, -0.0583, -0.8628, -0.0693
13:56:22, 4.10, 123, 239.37, 349.42, 2.25, 0.4946, -0.0626, -0.8640, -0.0704
13:56:22, 4.13, 124, 239.04, 349.37, 2.52, 0.4923, -0.0647, -0.8652, -0.0698
13:56:22, 4.13, 124, 238.73, 349.51, 2.54, 0.4899, -0.0641, -0.8667, -0.0688
13:56:22, 4.17, 125, 238.46, 349.97, 2.58, 0.4880, -0.0622, -0.8682, -0.0653
13:56:22, 4.17, 125, 238.13, 350.33, 2.56, 0.4856, -0.0604, -0.8698, -0.0628
13:56:23, 4.20, 126, 237.68, 350.58, 2.54, 0.4822, -0.0590, -0.8719, -0.0613
13:56:23, 4.20, 126, 237.09, 350.52, 2.61, 0.4778, -0.0594, -0.8743, -0.0617
13:56:23, 4.20, 126, 236.56, 350.35, 2.69, 0.4737, -0.0604, -0.8764, -0.0630
13:56:23, 4.23, 127, 236.10, 350.18, 2.73, 0.4702, -0.0612, -0.8781, -0.0644
13:56:23, 4.23, 127, 235.87, 350.06, 2.69, 0.4683, -0.0612, -0.8790, -0.0656
13:56:23, 4.27, 128, 235.69, 349.63, 2.60, 0.4669, -0.0622, -0.8794, -0.0694
13:56:23, 4.27, 128, 235.75, 349.01, 2.51, 0.4671, -0.0640, -0.8787, -0.0745
13:56:23, 4.27, 128, 235.73, 348.35, 2.51, 0.4668, -0.0667, -0.8782, -0.0795
13:56:23, 4.30, 129, 235.78, 347.68, 2.42, 0.4670, -0.0687, -0.8775, -0.0850
13:56:23, 4.30, 129, 235.78, 346.96, 2.26, 0.4667, -0.0704, -0.8769, -0.0912
13:56:23, 4.33, 130, 235.79, 346.19, 2.13, 0.4663, -0.0726, -0.8762, -0.0976
13:56:23, 4.33, 130, 235.67, 345.70, 2.11, 0.4652, -0.0743, -0.8762, -0.1015
13:56:23, 4.37, 131, 235.55, 345.42, 2.18, 0.4643, -0.0758, -0.8763, -0.1035
13:56:23, 4.37, 131, 235.32, 345.36, 2.17, 0.4625, -0.0757, -0.8772, -0.1041
13:56:23, 4.37, 131, 234.88, 345.31, 2.05, 0.4590, -0.0746, -0.8790, -0.1053
13:56:23, 4.40, 132, 234.22, 345.39, 2.02, 0.4539, -0.0735, -0.8817, -0.1052
13:56:23, 4.40, 132, 233.52, 345.67, 2.00, 0.4486, -0.0716, -0.8848, -0.1035
13:56:23, 4.43, 133, 232.52, 345.92, 2.08, 0.4410, -0.0704, -0.8889, -0.1019
13:56:23, 4.43, 133, 231.47, 346.28, 2.16, 0.4331, -0.0687, -0.8932, -0.0994
13:56:23, 4.43, 133, 230.42, 346.78, 2.19, 0.4250, -0.0662, -0.8976, -0.0960
13:56:23, 4.47, 134, 229.40, 347.26, 2.21, 0.4172, -0.0637, -0.9018, -0.0928
13:56:23, 4.47, 134, 228.42, 347.66, 2.17, 0.4094, -0.0612, -0.9058, -0.0903
13:56:23, 4.50, 135, 227.59, 347.97, 2.22, 0.4030, -0.0599, -0.9090, -0.0881
13:56:23, 4.50, 135, 226.72, 348.10, 2.26, 0.3962, -0.0591, -0.9121, -0.0873
13:56:23, 4.53, 136, 225.92, 348.23, 2.23, 0.3898, -0.0578, -0.9150, -0.0868
13:56:23, 4.53, 136, 225.35, 348.33, 2.08, 0.3852, -0.0559, -0.9171, -0.0868
13:56:23, 4.53, 136, 224.73, 348.43, 2.02, 0.3802, -0.0545, -0.9192, -0.0865
13:56:23, 4.57, 137, 224.18, 348.66, 1.88, 0.3757, -0.0523, -0.9213, -0.0854
13:56:23, 4.57, 137, 223.69, 348.87, 1.77, 0.3717, -0.0503, -0.9232, -0.0843
13:56:23, 4.60, 138, 223.29, 349.15, 1.63, 0.3684, -0.0480, -0.9248, -0.0826
13:56:23, 4.60, 138, 222.84, 349.42, 1.59, 0.3648, -0.0465, -0.9264, -0.0808
13:56:23, 4.60, 138, 222.42, 349.82, 1.54, 0.3614, -0.0446, -0.9281, -0.0779
13:56:23, 4.63, 139, 221.90, 350.17, 1.61, 0.3573, -0.0437, -0.9299, -0.0750
13:56:23, 4.63, 139, 221.38, 350.41, 1.69, 0.3532, -0.0433, -0.9317, -0.0730
13:56:23, 4.67, 140, 220.81, 350.93, 1.67, 0.3486, -0.0412, -0.9338, -0.0690
13:56:23, 4.67, 140, 220.07, 351.20, 1.45, 0.3425, -0.0382, -0.9363, -0.0678
13:56:23, 4.70, 141, 219.05, 351.38, 1.34, 0.3341, -0.0361, -0.9395, -0.0669
13:56:23, 4.70, 141, 217.95, 351.61, 1.43, 0.3251, -0.0356, -0.9428, -0.0651
13:56:23, 4.70, 141, 216.57, 351.81, 1.61, 0.3139, -0.0357, -0.9467, -0.0634
13:56:23, 4.73, 142, 214.91, 351.89, 1.77, 0.3002, -0.0359, -0.9511, -0.0628
13:56:23, 4.73, 142, 212.77, 351.98, 1.80, 0.2824, -0.0347, -0.9566, -0.0626
13:56:23, 4.77, 143, 210.32, 352.09, 1.65, 0.2618, -0.0319, -0.9626, -0.0628
13:56:23, 4.77, 143, 207.83, 352.41, 1.43, 0.2408, -0.0280, -0.9682, -0.0612
13:56:23, 4.77, 143, 205.41, 352.83, 1.22, 0.2201, -0.0242, -0.9734, -0.0587
13:56:23, 4.80, 144, 203.26, 353.24, 1.05, 0.2018, -0.0208, -0.9776, -0.0559
13:56:23, 4.80, 144, 201.30, 353.43, 1.10, 0.1850, -0.0200, -0.9810, -0.0545
13:56:23, 4.83, 145, 199.68, 353.54, 1.24, 0.1712, -0.0203, -0.9836, -0.0537
13:56:23, 4.83, 145, 198.49, 353.51, 1.30, 0.1611, -0.0203, -0.9853, -0.0540
13:56:23, 4.87, 146, 197.68, 353.56, 1.13, 0.1540, -0.0183, -0.9864, -0.0540
13:56:23, 4.87, 146, 197.21, 353.58, 0.72, 0.1497, -0.0146, -0.9871, -0.0544
13:56:23, 4.87, 146, 196.95, 353.51, 0.34, 0.1473, -0.0113, -0.9875, -0.0556
13:56:23, 4.90, 147, 196.94, 353.37, 0.00, 0.1471, -0.0085, -0.9874, -0.0572
13:56:23, 4.90, 147, 196.91, 353.25, 359.66, 0.1466, -0.0058, -0.9874, -0.0587
13:56:23, 4.93, 148, 196.81, 353.18, 359.42, 0.1456, -0.0037, -0.9875, -0.0596
13:56:23, 4.93, 148, 196.62, 353.14, 359.29, 0.1439, -0.0025, -0.9878, -0.0601
13:56:23, 4.97, 149, 196.38, 353.19, 359.10, 0.1417, -0.0007, -0.9881, -0.0599
13:56:23, 4.97, 149, 196.02, 353.37, 359.06, 0.1386, 0.0000, -0.9886, -0.0584
13:56:23, 4.97, 149, 195.53, 353.61, 359.20, 0.1346, -0.0007, -0.9893, -0.0562
13:56:23, 5.00, 150, 194.95, 353.85, 359.32, 0.1296, -0.0011, -0.9901, -0.0539
13:56:23, 5.00, 150, 194.45, 354.03, 359.28, 0.1253, -0.0003, -0.9907, -0.0524
13:56:23, 5.03, 151, 193.97, 354.23, 359.20, 0.1211, 0.0008, -0.9913, -0.0508
13:56:23, 5.03, 151, 193.61, 354.40, 359.31, 0.1180, 0.0002, -0.9918, -0.0492
13:56:23, 5.03, 151, 193.23, 354.67, 359.48, 0.1148, -0.0008, -0.9923, -0.0467
13:56:23, 5.07, 152, 192.99, 354.77, 359.61, 0.1128, -0.0017, -0.9926, -0.0457
13:56:23, 5.07, 152, 192.80, 354.84, 359.73, 0.1113, -0.0027, -0.9928, -0.0450
13:56:23, 5.10, 153, 192.75, 354.76, 359.80, 0.1109, -0.0033, -0.9928, -0.0456
13:56:23, 5.10, 153, 192.80, 354.75, 359.72, 0.1112, -0.0027, -0.9927, -0.0458
13:56:23, 5.10, 153, 192.84, 354.83, 359.64, 0.1116, -0.0019, -0.9927, -0.0452
13:56:23, 5.13, 154, 192.90, 354.87, 359.74, 0.1121, -0.0028, -0.9927, -0.0447
13:56:23, 5.13, 154, 193.02, 354.94, 359.88, 0.1132, -0.0040, -0.9926, -0.0440
13:56:23, 5.17, 155, 193.19, 355.02, 359.89, 0.1147, -0.0040, -0.9924, -0.0433
13:56:23, 5.17, 155, 193.36, 355.07, 359.82, 0.1162, -0.0035, -0.9923, -0.0429
13:56:24, 5.20, 156, 193.50, 355.11, 359.79, 0.1174, -0.0032, -0.9922, -0.0426
13:56:24, 5.20, 156, 193.62, 355.09, 359.68, 0.1184, -0.0023, -0.9920, -0.0428
13:56:24, 5.20, 156, 193.67, 355.12, 359.58, 0.1188, -0.0015, -0.9920, -0.0427
13:56:24, 5.23, 157, 193.73, 355.17, 359.54, 0.1192, -0.0011, -0.9920, -0.0423
13:56:24, 5.23, 157, 193.82, 355.27, 359.57, 0.1201, -0.0013, -0.9919, -0.0414
13:56:24, 5.27, 158, 194.01, 355.34, 359.65, 0.1217, -0.0019, -0.9917, -0.0407
13:56:24, 5.27, 158, 194.28, 355.36, 359.72, 0.1241, -0.0026, -0.9914, -0.0405
13:56:24, 5.27, 158, 194.66, 355.29, 359.83, 0.1274, -0.0037, -0.9910, -0.0409
13:56:24, 5.30, 159, 195.08, 355.11, 359.88, 0.1311, -0.0046, -0.9905, -0.0425
13:56:24, 5.30, 159, 195.44, 354.97, 359.89, 0.1342, -0.0050, -0.9900, -0.0436
13:56:24, 5.33, 160, 195.73, 354.77, 359.91, 0.1366, -0.0055, -0.9896, -0.0453
13:56:24, 5.33, 160, 196.02, 354.53, 359.88, 0.1391, -0.0056, -0.9891, -0.0474
13:56:24, 5.37, 161, 196.23, 354.28, 359.99, 0.1410, -0.0069, -0.9888, -0.0494
13:56:24, 5.37, 161, 196.39, 354.07, 0.05, 0.1424, -0.0078, -0.9885, -0.0511
13:56:24, 5.37, 161, 196.51, 353.91, 0.12, 0.1434, -0.0086, -0.9882, -0.0524
13:56:24, 5.40, 162, 196.60, 353.73, 0.16, 0.1442, -0.0093, -0.9880, -0.0539
13:56:24, 5.40, 162, 196.73, 353.60, 0.27, 0.1454, -0.0104, -0.9878, -0.0549
13:56:24, 5.43, 163, 196.97, 353.44, 0.31, 0.1474, -0.0111, -0.9874, -0.0562
13:56:24, 5.43, 163, 197.23, 353.31, 0.30, 0.1497, -0.0114, -0.9870, -0.0573
13:56:24, 5.43, 163, 197.47, 353.25, 0.31, 0.1518, -0.0116, -0.9867, -0.0578
13:56:24, 5.47, 164, 197.69, 353.23, 0.29, 0.1536, -0.0116, -0.9864, -0.0580
13:56:24, 5.47, 164, 197.84, 353.20, 0.31, 0.1549, -0.0119, -0.9861, -0.0582
13:56:24, 5.50, 165, 198.05, 353.15, 0.30, 0.1567, -0.0119, -0.9858, -0.0586
13:56:24, 5.50, 165, 198.27, 353.11, 0.26, 0.1586, -0.0118, -0.9855, -0.0590
13:56:24, 5.53, 166, 198.49, 353.07, 0.22, 0.1605, -0.0116, -0.9852, -0.0593
13:56:24, 5.53, 166, 198.66, 352.99, 0.19, 0.1619, -0.0115, -0.9849, -0.0600
13:56:24, 5.53, 166, 198.78, 352.94, 0.20, 0.1629, -0.0118, -0.9847, -0.0604
13:56:24, 5.57, 167, 198.83, 352.86, 0.28, 0.1634, -0.0126, -0.9846, -0.0610
13:56:24, 5.57, 167, 198.83, 352.82, 0.33, 0.1635, -0.0131, -0.9846, -0.0613
13:56:24, 5.60, 168, 198.80, 352.83, 0.29, 0.1631, -0.0127, -0.9846, -0.0613
13:56:24, 5.60, 168, 198.67, 352.90, 0.28, 0.1620, -0.0124, -0.9848, -0.0607
13:56:24, 5.60, 168, 198.46, 353.06, 0.33, 0.1603, -0.0125, -0.9852, -0.0593
13:56:24, 5.63, 169, 198.12, 353.29, 0.35, 0.1574, -0.0122, -0.9858, -0.0573
13:56:24, 5.63, 169, 197.77, 353.53, 0.35, 0.1544, -0.0117, -0.9864, -0.0553
13:56:24, 5.67, 170, 197.46, 353.80, 0.35, 0.1517, -0.0112, -0.9869, -0.0530
13:56:24, 5.67, 170, 197.15, 354.06, 0.33, 0.1491, -0.0106, -0.9875, -0.0508
13:56:24, 5.70, 171, 196.92, 354.29, 0.32, 0.1470, -0.0101, -0.9879, -0.0488
13:56:24, 5.70, 171, 196.70, 354.48, 0.27, 0.1451, -0.0093, -0.9882, -0.0473
13:56:24, 5.70, 171, 196.57, 354.62, 0.22, 0.1440, -0.0087, -0.9885, -0.0462
13:56:24, 5.73, 172, 196.51, 354.74, 0.24, 0.1435, -0.0087, -0.9886, -0.0451
13:56:24, 5.73, 172, 196.49, 354.79, 0.27, 0.1433, -0.0089, -0.9886, -0.0446
13:56:24, 5.77, 173, 196.48, 354.85, 0.26, 0.1433, -0.0087, -0.9887, -0.0442
13:56:24, 5.77, 173, 196.50, 354.86, 0.26, 0.1434, -0.0086, -0.9886, -0.0440
13:56:24, 5.77, 173, 196.51, 354.92, 0.21, 0.1435, -0.0081, -0.9886, -0.0436
13:56:24, 5.80, 174, 196.53, 354.95, 0.23, 0.1437, -0.0083, -0.9886, -0.0433
13:56:24, 5.80, 174, 196.48, 354.97, 0.23, 0.1433, -0.0083, -0.9887, -0.0431
13:56:24, 5.83, 175, 196.47, 354.96, 0.21, 0.1432, -0.0081, -0.9887, -0.0432
13:56:24, 5.83, 175, 196.47, 354.93, 0.11, 0.1432, -0.0073, -0.9887, -0.0437
13:56:24, 5.87, 176, 196.45, 354.97, 0.06, 0.1429, -0.0068, -0.9888, -0.0434
13:56:24, 5.87, 176, 196.45, 355.03, 0.02, 0.1429, -0.0064, -0.9888, -0.0429
13:56:24, 5.87, 176, 196.45, 355.09, 0.06, 0.1430, -0.0066, -0.9888, -0.0423
13:56:24, 5.90, 177, 196.45, 355.09, 0.09, 0.1429, -0.0069, -0.9888, -0.0423
13:56:24, 5.90, 177, 196.43, 355.10, 0.10, 0.1428, -0.0070, -0.9888, -0.0422
13:56:24, 5.93, 178, 196.42, 355.11, 0.07, 0.1427, -0.0067, -0.9889, -0.0421
13:56:24, 5.93, 178, 196.41, 355.13, 0.06, 0.1426, -0.0066, -0.9889, -0.0420
13:56:24, 5.93, 178, 196.42, 355.16, 0.06, 0.1427, -0.0065, -0.9889, -0.0417
13:56:24, 5.97, 179, 196.40, 355.21, 0.03, 0.1425, -0.0062, -0.9889, -0.0413
13:56:24, 5.97, 179, 196.37, 355.26, 0.03, 0.1422, -0.0061, -0.9890, -0.0409
13:56:24, 6.00, 180, 196.33, 355.30, 359.97, 0.1419, -0.0056, -0.9890, -0.0406
13:56:24, 6.00, 180, 196.30, 355.32, 359.94, 0.1416, -0.0052, -0.9891, -0.0405
13:56:24, 6.03, 181, 196.26, 355.34, 359.89, 0.1413, -0.0048, -0.9891, -0.0404
13:56:24, 6.03, 181, 196.23, 355.39, 359.88, 0.1410, -0.0046, -0.9892, -0.0400
13:56:24, 6.03, 181, 196.21, 355.45, 359.88, 0.1408, -0.0045, -0.9892, -0.0395
13:56:24, 6.07, 182, 196.18, 355.56, 359.89, 0.1406, -0.0045, -0.9893, -0.0385
13:56:24, 6.07, 182, 196.17, 355.61, 359.88, 0.1405, -0.0043, -0.9893, -0.0380
13:56:24, 6.10, 183, 196.14, 355.68, 359.86, 0.1403, -0.0040, -0.9894, -0.0375
13:56:24, 6.10, 183, 196.10, 355.69, 359.87, 0.1399, -0.0042, -0.9894, -0.0374
13:56:24, 6.13, 184, 196.05, 355.74, 359.87, 0.1395, -0.0041, -0.9895, -0.0370
13:56:24, 6.13, 184, 196.02, 355.78, 359.89, 0.1392, -0.0042, -0.9896, -0.0366
13:56:24, 6.13, 184, 196.01, 355.83, 359.89, 0.1392, -0.0041, -0.9896, -0.0362
13:56:24, 6.17, 185, 196.03, 355.83, 359.85, 0.1393, -0.0038, -0.9896, -0.0362
13:56:24, 6.17, 185, 196.05, 355.81, 359.78, 0.1395, -0.0032, -0.9896, -0.0364
13:56:25, 6.20, 186, 196.09, 355.83, 359.72, 0.1398, -0.0027, -0.9895, -0.0364
13:56:25, 6.20, 186, 196.12, 355.84, 359.68, 0.1400, -0.0023, -0.9895, -0.0363
13:56:25, 6.20, 186, 196.17, 355.92, 359.67, 0.1404, -0.0021, -0.9894, -0.0356
13:56:25, 6.23, 187, 196.22, 355.99, 359.68, 0.1409, -0.0022, -0.9894, -0.0350
13:56:25, 6.23, 187, 196.26, 356.03, 359.68, 0.1413, -0.0021, -0.9894, -0.0347
13:56:25, 6.27, 188, 196.30, 356.05, 359.65, 0.1416, -0.0018, -0.9893, -0.0346
13:56:25, 6.27, 188, 196.33, 356.05, 359.62, 0.1418, -0.0016, -0.9893, -0.0346
13:56:25, 6.27, 188, 196.32, 356.08, 359.62, 0.1418, -0.0016, -0.9893, -0.0344
13:56:25, 6.30, 189, 196.29, 356.12, 359.63, 0.1415, -0.0016, -0.9894, -0.0339
13:56:25, 6.30, 189, 196.28, 356.16, 359.58, 0.1414, -0.0011, -0.9894, -0.0337
13:56:25, 6.33, 190, 196.24, 356.20, 359.55, 0.1410, -0.0008, -0.9894, -0.0334
13:56:25, 6.33, 190, 196.22, 356.20, 359.54, 0.1408, -0.0007, -0.9895, -0.0334
13:56:25, 6.37, 191, 196.20, 356.16, 359.54, 0.1407, -0.0008, -0.9895, -0.0337
13:56:25, 6.37, 191, 196.18, 356.18, 359.55, 0.1405, -0.0008, -0.9895, -0.0336
13:56:25, 6.37, 191, 196.15, 356.23, 359.56, 0.1403, -0.0008, -0.9896, -0.0331
13:56:25, 6.40, 192, 196.14, 356.23, 359.55, 0.1401, -0.0007, -0.9896, -0.0332
13:56:25, 6.40, 192, 196.14, 356.22, 359.54, 0.1402, -0.0007, -0.9896, -0.0332
13:56:25, 6.43, 193, 196.15, 356.21, 359.55, 0.1403, -0.0008, -0.9895, -0.0333
13:56:25, 6.43, 193, 196.15, 356.19, 359.58, 0.1402, -0.0011, -0.9896, -0.0334
13:56:25, 6.43, 193, 196.14, 356.19, 359.61, 0.1402, -0.0013, -0.9896, -0.0334
13:56:25, 6.47, 194, 196.14, 356.20, 359.62, 0.1402, -0.0014, -0.9896, -0.0333
13:56:25, 6.47, 194, 196.17, 356.21, 359.63, 0.1405, -0.0015, -0.9895, -0.0332
13:56:25, 6.50, 195, 196.26, 356.25, 359.63, 0.1412, -0.0015, -0.9894, -0.0328
13:56:25, 6.50, 195, 196.33, 356.26, 359.63, 0.1418, -0.0015, -0.9894, -0.0327
13:56:25, 6.53, 196, 196.40, 356.28, 359.61, 0.1424, -0.0013, -0.9893, -0.0326
13:56:25, 6.53, 196, 196.44, 356.26, 359.59, 0.1428, -0.0012, -0.9892, -0.0328
13:56:25, 6.53, 196, 196.51, 356.22, 359.58, 0.1434, -0.0011, -0.9891, -0.0332
13:56:25, 6.57, 197, 196.55, 356.19, 359.60, 0.1437, -0.0014, -0.9891, -0.0334
13:56:25, 6.57, 197, 196.60, 356.16, 359.63, 0.1441, -0.0017, -0.9890, -0.0336
13:56:25, 6.60, 198, 196.69, 356.15, 359.64, 0.1450, -0.0018, -0.9889, -0.0337
13:56:25, 6.60, 198, 196.81, 356.13, 359.64, 0.1460, -0.0018, -0.9887, -0.0339
13:56:25, 6.60, 198, 196.94, 356.06, 359.65, 0.1471, -0.0020, -0.9885, -0.0344
13:56:25, 6.63, 199, 197.01, 356.02, 359.67, 0.1477, -0.0023, -0.9884, -0.0347
13:56:25, 6.63, 199, 197.02, 355.98, 359.66, 0.1478, -0.0023, -0.9884, -0.0351
13:56:25, 6.67, 200, 197.01, 356.01, 359.65, 0.1477, -0.0021, -0.9884, -0.0349
13:56:25, 6.67, 200, 197.01, 356.03, 359.58, 0.1477, -0.0015, -0.9884, -0.0348
13:56:25, 6.70, 201, 197.00, 356.04, 359.53, 0.1476, -0.0010, -0.9884, -0.0348
13:56:25, 6.70, 201, 196.97, 356.08, 359.50, 0.1473, -0.0007, -0.9885, -0.0345
13:56:25, 6.70, 201, 196.95, 356.13, 359.51, 0.1471, -0.0007, -0.9885, -0.0341
13:56:25, 6.73, 202, 196.96, 356.12, 359.49, 0.1472, -0.0006, -0.9885, -0.0341
13:56:25, 6.73, 202, 197.01, 356.16, 359.47, 0.1477, -0.0004, -0.9885, -0.0338
13:56:25, 6.77, 203, 197.11, 356.19, 359.50, 0.1485, -0.0006, -0.9883, -0.0335
13:56:25, 6.77, 203, 197.19, 356.23, 359.56, 0.1493, -0.0011, -0.9882, -0.0331
13:56:25, 6.77, 203, 197.29, 356.24, 359.55, 0.1501, -0.0010, -0.9881, -0.0331
13:56:25, 6.80, 204, 197.38, 356.23, 359.53, 0.1509, -0.0009, -0.9880, -0.0331
13:56:25, 6.80, 204, 197.46, 356.22, 359.55, 0.1515, -0.0011, -0.9879, -0.0332
13:56:25, 6.83, 205, 197.49, 356.20, 359.57, 0.1519, -0.0014, -0.9878, -0.0333
13:56:25, 6.83, 205, 197.50, 356.16, 359.55, 0.1519, -0.0013, -0.9878, -0.0337
13:56:25, 6.87, 206, 197.52, 356.08, 359.55, 0.1521, -0.0013, -0.9878, -0.0344
13:56:25, 6.87, 206, 197.60, 356.04, 359.60, 0.1528, -0.0018, -0.9877, -0.0346
13:56:25, 6.87, 206, 197.67, 356.01, 359.64, 0.1534, -0.0022, -0.9876, -0.0349
13:56:25, 6.90, 207, 197.70, 356.01, 359.65, 0.1537, -0.0024, -0.9875, -0.0349
13:56:25, 6.90, 207, 197.76, 355.96, 359.66, 0.1542, -0.0025, -0.9874, -0.0353
13:56:25, 6.93, 208, 197.85, 355.92, 359.63, 0.1549, -0.0023, -0.9873, -0.0357
13:56:25, 6.93, 208, 197.97, 355.87, 359.58, 0.1560, -0.0020, -0.9871, -0.0362
13:56:25, 6.97, 209, 198.08, 355.85, 359.58, 0.1569, -0.0021, -0.9869, -0.0363
13:56:25, 6.97, 209, 198.20, 355.83, 359.57, 0.1579, -0.0021, -0.9868, -0.0365
13:56:25, 6.97, 209, 198.28, 355.86, 359.55, 0.1586, -0.0019, -0.9867, -0.0362
13:56:25, 7.00, 210, 198.37, 355.90, 359.52, 0.1594, -0.0016, -0.9866, -0.0360
13:56:25, 7.00, 210, 198.46, 355.91, 359.50, 0.1601, -0.0014, -0.9864, -0.0360
13:56:25, 7.03, 211, 198.55, 355.90, 359.47, 0.1609, -0.0012, -0.9863, -0.0361
13:56:25, 7.03, 211, 198.63, 355.91, 359.43, 0.1616, -0.0008, -0.9862, -0.0361
13:56:25, 7.03, 211, 198.68, 355.90, 359.42, 0.1620, -0.0008, -0.9861, -0.0361
13:56:25, 7.07, 212, 198.69, 355.89, 359.45, 0.1621, -0.0011, -0.9861, -0.0362
13:56:25, 7.07, 212, 198.66, 355.85, 359.48, 0.1618, -0.0014, -0.9861, -0.0364
13:56:25, 7.10, 213, 198.66, 355.84, 359.47, 0.1619, -0.0013, -0.9861, -0.0366
13:56:25, 7.10, 213, 198.65, 355.79, 359.40, 0.1618, -0.0008, -0.9861, -0.0371
13:56:25, 7.10, 213, 198.64, 355.75, 359.40, 0.1617, -0.0008, -0.9861, -0.0375
13:56:25, 7.13, 214, 198.63, 355.75, 359.42, 0.1616, -0.0010, -0.9862, -0.0374
13:56:25, 7.13, 214, 198.61, 355.75, 359.45, 0.1614, -0.0013, -0.9862, -0.0373
13:56:25, 7.17, 215, 198.62, 355.77, 359.46, 0.1615, -0.0013, -0.9862, -0.0372
13:56:25, 7.17, 215, 198.66, 355.78, 359.44, 0.1618, -0.0012, -0.9861, -0.0371
13:56:26, 7.20, 216, 198.75, 355.79, 359.42, 0.1626, -0.0010, -0.9860, -0.0371
13:56:26, 7.20, 216, 198.79, 355.77, 359.41, 0.1630, -0.0010, -0.9859, -0.0373
13:56:26, 7.20, 216, 198.81, 355.75, 359.45, 0.1631, -0.0013, -0.9859, -0.0373
13:56:26, 7.23, 217, 198.81, 355.76, 359.48, 0.1631, -0.0015, -0.9859, -0.0372
13:56:26, 7.23, 217, 198.84, 355.74, 359.46, 0.1634, -0.0014, -0.9859, -0.0374
13:56:26, 7.27, 218, 198.84, 355.76, 359.43, 0.1634, -0.0012, -0.9859, -0.0373
13:56:26, 7.27, 218, 198.86, 355.76, 359.45, 0.1636, -0.0013, -0.9858, -0.0373
13:56:26, 7.27, 218, 198.86, 355.76, 359.46, 0.1636, -0.0014, -0.9858, -0.0372
13:56:26, 7.30, 219, 198.88, 355.78, 359.47, 0.1637, -0.0015, -0.9858, -0.0371
13:56:26, 7.30, 219, 198.91, 355.79, 359.43, 0.1639, -0.0012, -0.9858, -0.0371
13:56:26, 7.33, 220, 198.93, 355.78, 359.45, 0.1642, -0.0013, -0.9857, -0.0371
13:56:26, 7.33, 220, 198.96, 355.82, 359.47, 0.1644, -0.0014, -0.9857, -0.0367
13:56:26, 7.37, 221, 198.97, 355.82, 359.48, 0.1645, -0.0015, -0.9857, -0.0367
13:56:26, 7.37, 221, 198.96, 355.84, 359.48, 0.1644, -0.0015, -0.9857, -0.0365
13:56:26, 7.37, 221, 198.98, 355.84, 359.44, 0.1646, -0.0012, -0.9857, -0.0366
13:56:26, 7.40, 222, 199.03, 355.84, 359.45, 0.1650, -0.0012, -0.9856, -0.0366
13:56:26, 7.40, 222, 199.05, 355.83, 359.45, 0.1652, -0.0013, -0.9856, -0.0367
13:56:26, 7.43, 223, 199.06, 355.90, 359.44, 0.1653, -0.0011, -0.9856, -0.0361
13:56:26, 7.43, 223, 199.07, 355.93, 359.43, 0.1653, -0.0010, -0.9856, -0.0358
13:56:26, 7.43, 223, 199.06, 355.95, 359.43, 0.1653, -0.0010, -0.9856, -0.0357
13:56:26, 7.47, 224, 199.08, 355.98, 359.39, 0.1654, -0.0006, -0.9856, -0.0355
13:56:26, 7.47, 224, 199.10, 356.00, 359.37, 0.1656, -0.0003, -0.9856, -0.0353
13:56:26, 7.50, 225, 199.14, 356.01, 359.31, 0.1659, 0.0001, -0.9855, -0.0354
13:56:26, 7.50, 225, 199.15, 356.04, 359.32, 0.1660, 0.0001, -0.9855, -0.0351
13:56:26, 7.53, 226, 199.14, 356.04, 359.34, 0.1660, -0.0001, -0.9855, -0.0350
13:56:26, 7.53, 226, 199.12, 356.03, 359.31, 0.1658, 0.0002, -0.9855, -0.0352
13:56:26, 7.53, 226, 199.13, 356.05, 359.26, 0.1659, 0.0006, -0.9855, -0.0351
13:56:26, 7.57, 227, 199.14, 356.08, 359.28, 0.1659, 0.0005, -0.9855, -0.0348
13:56:26, 7.57, 227, 199.15, 356.11, 359.25, 0.1660, 0.0008, -0.9855, -0.0345
13:56:26, 7.60, 228, 199.13, 356.14, 359.25, 0.1659, 0.0008, -0.9855, -0.0343
13:56:26, 7.60, 228, 199.14, 356.18, 359.25, 0.1659, 0.0009, -0.9856, -0.0339
13:56:26, 7.60, 228, 199.13, 356.22, 359.27, 0.1659, 0.0008, -0.9856, -0.0336
13:56:26, 7.63, 229, 199.13, 356.25, 359.28, 0.1659, 0.0008, -0.9856, -0.0333
13:56:26, 7.63, 229, 199.13, 356.28, 359.28, 0.1659, 0.0008, -0.9856, -0.0330
13:56:26, 7.67, 230, 199.14, 356.31, 359.28, 0.1659, 0.0009, -0.9856, -0.0328
13:56:26, 7.67, 230, 199.11, 356.38, 359.32, 0.1658, 0.0006, -0.9856, -0.0322
13:56:26, 7.70, 231, 199.07, 356.36, 359.29, 0.1654, 0.0008, -0.9857, -0.0323
13:56:26, 7.70, 231, 199.04, 356.33, 359.26, 0.1651, 0.0011, -0.9857, -0.0326
13:56:26, 7.70, 231, 199.01, 356.30, 359.20, 0.1648, 0.0015, -0.9858, -0.0330
13:56:26, 7.73, 232, 198.99, 356.27, 359.18, 0.1646, 0.0017, -0.9858, -0.0333
13:56:26, 7.73, 232, 198.97, 356.27, 359.18, 0.1645, 0.0017, -0.9858, -0.0333
13:56:26, 7.77, 233, 198.98, 356.32, 359.18, 0.1646, 0.0017, -0.9858, -0.0329
13:56:26, 7.77, 233, 198.99, 356.35, 359.15, 0.1646, 0.0020, -0.9858, -0.0326
13:56:26, 7.77, 233, 199.04, 356.38, 359.16, 0.1651, 0.0020, -0.9857, -0.0324
13:56:26, 7.80, 234, 199.07, 356.40, 359.13, 0.1653, 0.0023, -0.9857, -0.0322
13:56:26, 7.80, 234, 199.08, 356.43, 359.15, 0.1654, 0.0021, -0.9857, -0.0319
13:56:26, 7.83, 235, 199.12, 356.46, 359.15, 0.1657, 0.0022, -0.9857, -0.0317
13:56:26, 7.83, 235, 199.11, 356.45, 359.15, 0.1657, 0.0022, -0.9857, -0.0317
13:56:26, 7.87, 236, 199.10, 356.45, 359.14, 0.1656, 0.0022, -0.9857, -0.0318
13:56:26, 7.87, 236, 199.09, 356.46, 359.13, 0.1655, 0.0024, -0.9857, -0.0317
13:56:26, 7.87, 236, 199.08, 356.45, 359.11, 0.1654, 0.0026, -0.9857, -0.0318
13:56:26, 7.90, 237, 199.06, 356.44, 359.10, 0.1653, 0.0026, -0.9857, -0.0320
13:56:26, 7.90, 237, 199.06, 356.43, 359.12, 0.1653, 0.0024, -0.9857, -0.0320
13:56:26, 7.93, 238, 199.06, 356.43, 359.14, 0.1652, 0.0022, -0.9857, -0.0320
13:56:26, 7.93, 238, 199.06, 356.44, 359.16, 0.1652, 0.0020, -0.9857, -0.0319
13:56:26, 7.97, 239, 199.06, 356.44, 359.15, 0.1652, 0.0021, -0.9857, -0.0318
13:56:26, 7.97, 239, 199.07, 356.42, 359.16, 0.1654, 0.0021, -0.9857, -0.0320
13:56:26, 7.97, 239, 199.09, 356.42, 359.16, 0.1655, 0.0021, -0.9857, -0.0321
13:56:26, 8.00, 240, 199.12, 356.42, 359.16, 0.1658, 0.0021, -0.9856, -0.0321
13:56:26, 8.00, 240, 199.14, 356.44, 359.15, 0.1659, 0.0022, -0.9856, -0.0319
13:56:26, 8.03, 241, 199.15, 356.46, 359.14, 0.1660, 0.0022, -0.9856, -0.0317
13:56:26, 8.03, 241, 199.17, 356.46, 359.15, 0.1662, 0.0022, -0.9856, -0.0317
13:56:26, 8.03, 241, 199.17, 356.46, 359.15, 0.1662, 0.0022, -0.9856, -0.0317
13:56:26, 8.07, 242, 199.18, 356.47, 359.16, 0.1663, 0.0021, -0.9856, -0.0316
13:56:26, 8.07, 242, 199.21, 356.46, 359.16, 0.1665, 0.0021, -0.9855, -0.0317
13:56:26, 8.10, 243, 199.25, 356.47, 359.14, 0.1669, 0.0022, -0.9855, -0.0317
13:56:26, 8.10, 243, 199.27, 356.44, 359.13, 0.1670, 0.0023, -0.9854, -0.0319
13:56:26, 8.10, 243, 199.28, 356.45, 359.13, 0.1672, 0.0023, -0.9854, -0.0318
13:56:26, 8.13, 244, 199.29, 356.43, 359.13, 0.1673, 0.0023, -0.9854, -0.0320
13:56:26, 8.13, 244, 199.31, 356.44, 359.13, 0.1674, 0.0023, -0.9854, -0.0319
13:56:26, 8.17, 245, 199.32, 356.46, 359.10, 0.1675, 0.0025, -0.9854, -0.0318
13:56:26, 8.17, 245, 199.35, 356.52, 359.10, 0.1677, 0.0026, -0.9853, -0.0313
13:56:27, 8.20, 246, 199.38, 356.57, 359.10, 0.1680, 0.0027, -0.9853, -0.0308
13:56:27, 8.20, 246, 199.37, 356.61, 359.10, 0.1679, 0.0028, -0.9853, -0.0305
13:56:27, 8.20, 246, 199.37, 356.61, 359.07, 0.1679, 0.0030, -0.9853, -0.0305
13:56:27, 8.23, 247, 199.34, 356.63, 359.03, 0.1677, 0.0034, -0.9854, -0.0304
13:56:27, 8.23, 247, 199.35, 356.65, 359.01, 0.1678, 0.0036, -0.9854, -0.0303
13:56:27, 8.27, 248, 199.35, 356.69, 359.03, 0.1677, 0.0035, -0.9854, -0.0299
13:56:27, 8.27, 248, 199.32, 356.71, 359.02, 0.1675, 0.0036, -0.9854, -0.0298
13:56:27, 8.27, 248, 199.31, 356.71, 359.02, 0.1674, 0.0036, -0.9854, -0.0297
13:56:27, 8.30, 249, 199.33, 356.72, 359.01, 0.1675, 0.0037, -0.9854, -0.0297
13:56:27, 8.30, 249, 199.33, 356.68, 359.00, 0.1676, 0.0037, -0.9854, -0.0300
13:56:27, 8.33, 250, 199.35, 356.65, 359.01, 0.1677, 0.0036, -0.9854, -0.0302
13:56:27, 8.33, 250, 199.35, 356.62, 359.00, 0.1677, 0.0036, -0.9854, -0.0305
13:56:27, 8.37, 251, 199.35, 356.58, 359.00, 0.1677, 0.0036, -0.9853, -0.0309
13:56:27, 8.37, 251, 199.33, 356.56, 359.02, 0.1676, 0.0034, -0.9854, -0.0311
13:56:27, 8.37, 251, 199.34, 356.56, 359.01, 0.1676, 0.0035, -0.9854, -0.0311
13:56:27, 8.40, 252, 199.34, 356.57, 359.02, 0.1677, 0.0034, -0.9854, -0.0309
13:56:27, 8.40, 252, 199.34, 356.57, 359.01, 0.1677, 0.0035, -0.9854, -0.0309
13:56:27, 8.43, 253, 199.36, 356.56, 359.02, 0.1678, 0.0034, -0.9853, -0.0311
13:56:27, 8.43, 253, 199.36, 356.54, 359.03, 0.1678, 0.0033, -0.9853, -0.0312
13:56:27, 8.43, 253, 199.36, 356.53, 359.04, 0.1678, 0.0031, -0.9853, -0.0313
13:56:27, 8.47, 254, 199.37, 356.52, 359.06, 0.1679, 0.0030, -0.9853, -0.0313
13:56:27, 8.47, 254, 199.38, 356.49, 359.05, 0.1680, 0.0030, -0.9853, -0.0315
13:56:27, 8.50, 255, 199.42, 356.43, 358.97, 0.1683, 0.0036, -0.9852, -0.0322
13:56:27, 8.50, 255, 199.47, 356.39, 358.97, 0.1688, 0.0035, -0.9851, -0.0326
13:56:27, 8.53, 256, 199.53, 356.38, 358.98, 0.1692, 0.0034, -0.9850, -0.0326
13:56:27, 8.53, 256, 199.56, 356.37, 359.00, 0.1695, 0.0032, -0.9850, -0.0327
13:56:27, 8.53, 256, 199.61, 356.36, 359.01, 0.1699, 0.0031, -0.9849, -0.0327
13:56:27, 8.57, 257, 199.64, 356.35, 359.03, 0.1702, 0.0029, -0.9849, -0.0328
13:56:27, 8.57, 257, 199.67, 356.30, 359.04, 0.1705, 0.0027, -0.9848, -0.0332
13:56:27, 8.60, 258, 199.72, 356.26, 359.03, 0.1709, 0.0027, -0.9847, -0.0336
13:56:27, 8.60, 258, 199.74, 356.23, 359.06, 0.1710, 0.0025, -0.9847, -0.0338
13:56:27, 8.60, 258, 199.75, 356.19, 359.08, 0.1712, 0.0022, -0.9846, -0.0341
13:56:27, 8.63, 259, 199.77, 356.13, 359.12, 0.1713, 0.0018, -0.9846, -0.0346
13:56:27, 8.63, 259, 199.80, 356.09, 359.15, 0.1715, 0.0014, -0.9846, -0.0349
13:56:27, 8.67, 260, 199.86, 356.07, 359.16, 0.1721, 0.0013, -0.9845, -0.0351
13:56:27, 8.67, 260, 199.96, 355.99, 359.20, 0.1730, 0.0009, -0.9843, -0.0356
13:56:27, 8.70, 261, 200.13, 355.89, 359.26, 0.1744, 0.0001, -0.9840, -0.0364
13:56:27, 8.70, 261, 200.35, 355.79, 359.39, 0.1763, -0.0013, -0.9836, -0.0371
13:56:27, 8.70, 261, 200.66, 355.73, 359.58, 0.1791, -0.0031, -0.9831, -0.0373
13:56:27, 8.73, 262, 201.16, 355.70, 359.79, 0.1834, -0.0051, -0.9823, -0.0372
13:56:27, 8.73, 262, 201.84, 355.60, 0.09, 0.1894, -0.0081, -0.9812, -0.0376
13:56:27, 8.77, 263, 202.82, 355.43, 0.54, 0.1978, -0.0125, -0.9794, -0.0381
13:56:27, 8.77, 263, 203.82, 355.22, 1.11, 0.2066, -0.0181, -0.9775, -0.0388
13:56:27, 8.77, 263, 204.93, 354.97, 1.68, 0.2162, -0.0238, -0.9752, -0.0397
13:56:27, 8.80, 264, 206.11, 354.70, 2.19, 0.2264, -0.0290, -0.9727, -0.0407
13:56:27, 8.80, 264, 207.41, 354.50, 2.43, 0.2376, -0.0319, -0.9699, -0.0416
13:56:27, 8.83, 265, 208.91, 354.26, 2.61, 0.2503, -0.0345, -0.9666, -0.0428
13:56:27, 8.83, 265, 210.66, 354.10, 2.77, 0.2652, -0.0369, -0.9625, -0.0433
13:56:27, 8.87, 266, 212.70, 353.73, 2.93, 0.2823, -0.0398, -0.9574, -0.0452
13:56:27, 8.87, 266, 214.93, 353.36, 3.03, 0.3010, -0.0426, -0.9515, -0.0473
13:56:27, 8.87, 266, 217.57, 352.96, 3.16, 0.3229, -0.0458, -0.9441, -0.0492
13:56:27, 8.90, 267, 220.53, 352.57, 3.26, 0.3472, -0.0491, -0.9351, -0.0509
13:56:27, 8.90, 267, 223.72, 352.20, 3.42, 0.3732, -0.0530, -0.9248, -0.0520
13:56:27, 8.93, 268, 227.00, 351.86, 3.54, 0.3996, -0.0565, -0.9134, -0.0528
13:56:27, 8.93, 268, 230.44, 351.53, 3.42, 0.4268, -0.0583, -0.9009, -0.0541
13:56:27, 8.93, 268, 234.02, 351.28, 3.09, 0.4545, -0.0585, -0.8871, -0.0555
13:56:27, 8.97, 269, 237.48, 351.09, 2.74, 0.4808, -0.0582, -0.8730, -0.0567
13:56:27, 8.97, 269, 241.11, 350.85, 2.21, 0.5080, -0.0571, -0.8575, -0.0589
13:56:27, 9.00, 270, 244.67, 350.74, 1.75, 0.5341, -0.0560, -0.8414, -0.0601
13:56:27, 9.00, 270, 248.19, 350.72, 1.12, 0.5594, -0.0534, -0.8249, -0.0615
13:56:27, 9.03, 271, 251.66, 350.61, 0.32, 0.5836, -0.0502, -0.8079, -0.0647
13:56:27, 9.03, 271, 255.08, 350.45, 359.58, 0.6070, -0.0479, -0.7904, -0.0682
13:56:27, 9.03, 271, 258.41, 350.30, 358.95, 0.6292, -0.0463, -0.7726, -0.0713
13:56:27, 9.07, 272, 261.68, 350.25, 358.41, 0.6506, -0.0451, -0.7545, -0.0733
13:56:27, 9.07, 272, 264.80, 350.29, 357.99, 0.6707, -0.0442, -0.7367, -0.0743
13:56:27, 9.10, 273, 267.77, 350.34, 357.68, 0.6894, -0.0439, -0.7192, -0.0747
13:56:27, 9.10, 273, 270.63, 350.49, 357.49, 0.7071, -0.0435, -0.7019, -0.0738
13:56:27, 9.10, 273, 273.38, 350.47, 357.38, 0.7237, -0.0448, -0.6848, -0.0736
13:56:27, 9.13, 274, 275.91, 350.43, 357.26, 0.7385, -0.0460, -0.6687, -0.0735
13:56:27, 9.13, 274, 278.27, 350.49, 357.24, 0.7521, -0.0470, -0.6534, -0.0724
13:56:27, 9.17, 275, 280.36, 350.44, 357.24, 0.7639, -0.0486, -0.6395, -0.0718
13:56:27, 9.17, 275, 282.28, 350.43, 357.11, 0.7744, -0.0491, -0.6266, -0.0719
13:56:28, 9.20, 276, 283.97, 350.50, 357.06, 0.7835, -0.0495, -0.6153, -0.0712
13:56:28, 9.20, 276, 285.41, 350.63, 356.92, 0.7912, -0.0488, -0.6054, -0.0708
13:56:28, 9.20, 276, 286.61, 350.66, 356.90, 0.7976, -0.0492, -0.5971, -0.0702
13:56:28, 9.23, 277, 287.60, 350.63, 356.90, 0.8027, -0.0500, -0.5902, -0.0700
13:56:28, 9.23, 277, 288.35, 350.48, 356.85, 0.8064, -0.0512, -0.5849, -0.0708
13:56:28, 9.27, 278, 288.91, 350.32, 356.85, 0.8091, -0.0527, -0.5809, -0.0713
13:56:28, 9.27, 278, 289.30, 350.16, 356.89, 0.8110, -0.0543, -0.5781, -0.0716
13:56:28, 9.27, 278, 289.50, 350.07, 357.03, 0.8120, -0.0558, -0.5766, -0.0710
13:56:28, 9.30, 279, 289.52, 350.11, 357.17, 0.8122, -0.0562, -0.5764, -0.0699
13:56:28, 9.30, 279, 289.46, 350.04, 357.25, 0.8119, -0.0571, -0.5768, -0.0696
13:56:28, 9.33, 280, 289.41, 350.01, 357.37, 0.8117, -0.0579, -0.5771, -0.0690
13:56:28, 9.33, 280, 289.28, 349.92, 357.46, 0.8110, -0.0588, -0.5779, -0.0688
13:56:28, 9.37, 281, 289.12, 349.85, 357.56, 0.8102, -0.0597, -0.5790, -0.0686
13:56:28, 9.37, 281, 288.78, 349.83, 357.78, 0.8086, -0.0608, -0.5813, -0.0673
13:56:28, 9.37, 281, 288.30, 349.88, 358.13, 0.8065, -0.0620, -0.5844, -0.0649
13:56:28, 9.40, 282, 287.68, 349.86, 358.43, 0.8034, -0.0633, -0.5887, -0.0631
13:56:28, 9.40, 282, 286.97, 349.85, 358.71, 0.7999, -0.0644, -0.5935, -0.0616
13:56:28, 9.43, 283, 286.18, 349.71, 359.01, 0.7958, -0.0665, -0.5988, -0.0607
13:56:28, 9.43, 283, 285.23, 349.53, 359.24, 0.7909, -0.0685, -0.6051, -0.0606
13:56:28, 9.43, 283, 284.24, 349.42, 359.40, 0.7856, -0.0695, -0.6118, -0.0607
13:56:28, 9.47, 284, 283.27, 349.37, 359.58, 0.7805, -0.0703, -0.6183, -0.0604
13:56:28, 9.47, 284, 282.35, 349.30, 359.73, 0.7755, -0.0711, -0.6244, -0.0603
13:56:28, 9.50, 285, 281.49, 349.26, 359.86, 0.7709, -0.0717, -0.6301, -0.0602
13:56:28, 9.50, 285, 280.61, 349.23, 359.96, 0.7661, -0.0719, -0.6359, -0.0602
13:56:28, 9.53, 286, 279.73, 349.20, 0.09, 0.7612, -0.0724, -0.6417, -0.0600
13:56:28, 9.53, 286, 278.77, 349.21, 0.27, 0.7559, -0.0729, -0.6479, -0.0594
13:56:28, 9.53, 286, 277.74, 349.37, 0.49, 0.7502, -0.0725, -0.6546, -0.0577
13:56:28, 9.57, 287, 276.65, 349.40, 0.67, 0.7441, -0.0729, -0.6616, -0.0570
13:56:28, 9.57, 287, 275.49, 349.48, 0.78, 0.7375, -0.0724, -0.6691, -0.0566
13:56:28, 9.60, 288, 274.12, 349.60, 0.98, 0.7296, -0.0722, -0.6778, -0.0555
13:56:28, 9.60, 288, 272.74, 349.71, 1.05, 0.7214, -0.0712, -0.6866, -0.0553
13:56:28, 9.60, 288, 271.42, 349.90, 1.14, 0.7136, -0.0700, -0.6949, -0.0544
13:56:28, 9.63, 289, 270.19, 350.11, 1.20, 0.7063, -0.0684, -0.7026, -0.0534
13:56:28, 9.63, 289, 269.05, 350.32, 1.28, 0.6994, -0.0671, -0.7097, -0.0523
13:56:28, 9.67, 290, 268.01, 350.49, 1.39, 0.6930, -0.0663, -0.7161, -0.0512
13:56:28, 9.67, 290, 267.09, 350.62, 1.50, 0.6873, -0.0658, -0.7216, -0.0503
13:56:28, 9.70, 291, 266.15, 350.74, 1.55, 0.6814, -0.0650, -0.7273, -0.0498
13:56:28, 9.70, 291, 265.22, 350.90, 1.64, 0.6756, -0.0642, -0.7328, -0.0487
13:56:28, 9.70, 291, 264.34, 351.00, 1.75, 0.6701, -0.0639, -0.7380, -0.0479
13:56:28, 9.73, 292, 263.54, 351.20, 1.83, 0.6650, -0.0630, -0.7427, -0.0466
13:56:28, 9.73, 292, 262.91, 351.36, 1.83, 0.6610, -0.0619, -0.7464, -0.0459
13:56:28, 9.77, 293, 262.41, 351.55, 1.88, 0.6578, -0.0608, -0.7494, -0.0446
13:56:28, 9.77, 293, 261.93, 351.73, 1.82, 0.6546, -0.0592, -0.7523, -0.0441
13:56:28, 9.77, 293, 261.43, 351.89, 1.86, 0.6514, -0.0584, -0.7552, -0.0431
13:56:28, 9.80, 294, 261.00, 352.04, 1.87, 0.6487, -0.0575, -0.7577, -0.0422
13:56:28, 9.80, 294, 260.62, 352.17, 1.85, 0.6462, -0.0564, -0.7599, -0.0417
13:56:28, 9.83, 295, 260.26, 352.38, 1.82, 0.6438, -0.0549, -0.7621, -0.0406
13:56:28, 9.83, 295, 259.89, 352.57, 1.89, 0.6414, -0.0542, -0.7643, -0.0391
13:56:28, 9.87, 296, 259.39, 352.76, 1.84, 0.6381, -0.0527, -0.7672, -0.0384
13:56:28, 9.87, 296, 258.88, 352.87, 1.83, 0.6347, -0.0518, -0.7701, -0.0378
13:56:28, 9.87, 296, 258.42, 352.96, 1.78, 0.6316, -0.0509, -0.7727, -0.0378
13:56:28, 9.90, 297, 258.07, 352.96, 1.64, 0.6292, -0.0498, -0.7747, -0.0387
13:56:28, 9.90, 297, 257.81, 352.94, 1.56, 0.6275, -0.0492, -0.7761, -0.0394
13:56:28, 9.93, 298, 257.56, 352.87, 1.55, 0.6257, -0.0495, -0.7775, -0.0400
13:56:28, 9.93, 298, 257.20, 352.81, 1.49, 0.6232, -0.0492, -0.7794, -0.0409
13:56:28, 9.93, 298, 256.84, 352.86, 1.60, 0.6208, -0.0496, -0.7814, -0.0401
13:56:28, 9.97, 299, 256.43, 352.91, 1.53, 0.6180, -0.0487, -0.7836, -0.0403
13:56:28, 9.97, 299, 255.99, 352.73, 1.43, 0.6149, -0.0488, -0.7860, -0.0423
