Timestamp, VideoTime, VideoFrame, HeadYaw, HeadPitch, HeadRoll, HeadQuatW, HeadQuatX, HeadQuatY, HeadQuatZ
21:16:42, 0.00, 0, 333.32, 342.41, 358.21, 0.9609, -0.1452, -0.2303, -0.0503
21:16:42, 0.03, 1, 333.28, 342.42, 358.18, 0.9608, -0.1451, -0.2307, -0.0506
21:16:42, 0.03, 1, 333.26, 342.42, 358.13, 0.9608, -0.1449, -0.2309, -0.0511
21:16:42, 0.03, 1, 333.25, 342.41, 358.05, 0.9607, -0.1448, -0.2311, -0.0517
21:16:42, 0.07, 2, 333.26, 342.43, 357.94, 0.9607, -0.1445, -0.2311, -0.0526
21:16:42, 0.07, 2, 333.27, 342.42, 357.87, 0.9607, -0.1444, -0.2312, -0.0532
21:16:42, 0.10, 3, 333.28, 342.43, 357.86, 0.9607, -0.1443, -0.2311, -0.0533
21:16:42, 0.10, 3, 333.29, 342.42, 357.81, 0.9607, -0.1443, -0.2311, -0.0536
21:16:42, 0.10, 3, 333.29, 342.38, 357.76, 0.9606, -0.1445, -0.2312, -0.0541
21:16:42, 0.13, 4, 333.31, 342.30, 357.68, 0.9605, -0.1450, -0.2311, -0.0550
21:16:42, 0.13, 4, 333.35, 342.24, 357.57, 0.9604, -0.1454, -0.2308, -0.0560
21:16:42, 0.17, 5, 333.39, 342.19, 357.48, 0.9604, -0.1456, -0.2306, -0.0568
21:16:42, 0.17, 5, 333.39, 342.17, 357.46, 0.9604, -0.1457, -0.2306, -0.0569
21:16:42, 0.20, 6, 333.41, 342.18, 357.40, 0.9604, -0.1455, -0.2306, -0.0575
21:16:42, 0.20, 6, 333.42, 342.22, 357.32, 0.9604, -0.1451, -0.2306, -0.0580
21:16:42, 0.20, 6, 333.45, 342.30, 357.28, 0.9606, -0.1443, -0.2304, -0.0581
21:16:42, 0.23, 7, 333.50, 342.29, 357.32, 0.9607, -0.1445, -0.2299, -0.0578
21:16:42, 0.23, 7, 333.51, 342.26, 357.36, 0.9607, -0.1448, -0.2298, -0.0575
21:16:42, 0.27, 8, 333.46, 342.21, 357.37, 0.9605, -0.1453, -0.2302, -0.0576
21:16:42, 0.27, 8, 333.40, 342.20, 357.35, 0.9604, -0.1453, -0.2307, -0.0579
21:16:42, 0.27, 8, 333.34, 342.21, 357.30, 0.9602, -0.1451, -0.2313, -0.0583
21:16:42, 0.30, 9, 333.26, 342.27, 357.34, 0.9602, -0.1446, -0.2319, -0.0579
21:16:42, 0.30, 9, 333.17, 342.33, 357.36, 0.9601, -0.1441, -0.2327, -0.0578
21:16:42, 0.33, 10, 333.02, 342.40, 357.42, 0.9599, -0.1436, -0.2338, -0.0573
21:16:42, 0.33, 10, 332.82, 342.50, 357.49, 0.9597, -0.1427, -0.2354, -0.0568
21:16:42, 0.33, 10, 332.55, 342.60, 357.57, 0.9593, -0.1419, -0.2376, -0.0562
21:16:42, 0.37, 11, 332.29, 342.71, 357.51, 0.9589, -0.1408, -0.2399, -0.0568
21:16:42, 0.37, 11, 331.93, 342.83, 357.45, 0.9582, -0.1395, -0.2429, -0.0575
21:16:42, 0.40, 12, 331.46, 343.00, 357.49, 0.9575, -0.1379, -0.2469, -0.0574
21:16:42, 0.40, 12, 330.89, 343.17, 357.47, 0.9564, -0.1361, -0.2517, -0.0579
21:16:42, 0.43, 13, 330.13, 343.35, 357.52, 0.9550, -0.1344, -0.2580, -0.0580
21:16:42, 0.43, 13, 329.11, 343.58, 357.56, 0.9530, -0.1320, -0.2664, -0.0583
21:16:42, 0.43, 13, 327.94, 343.89, 357.69, 0.9506, -0.1291, -0.2761, -0.0579
21:16:42, 0.47, 14, 326.56, 344.22, 357.83, 0.9477, -0.1261, -0.2875, -0.0575
21:16:42, 0.47, 14, 325.16, 344.56, 357.90, 0.9446, -0.1227, -0.2989, -0.0576
21:16:42, 0.50, 15, 323.60, 344.80, 357.92, 0.9407, -0.1200, -0.3118, -0.0584
21:16:42, 0.50, 15, 321.95, 345.12, 357.97, 0.9365, -0.1167, -0.3254, -0.0588
21:16:42, 0.50, 15, 320.30, 345.46, 358.08, 0.9322, -0.1134, -0.3388, -0.0586
21:16:42, 0.53, 16, 318.63, 345.75, 358.17, 0.9275, -0.1104, -0.3523, -0.0587
21:16:42, 0.53, 16, 316.93, 346.02, 358.33, 0.9225, -0.1079, -0.3659, -0.0581
21:16:42, 0.57, 17, 315.23, 346.23, 358.44, 0.9173, -0.1056, -0.3795, -0.0581
21:16:42, 0.57, 17, 313.63, 346.46, 358.55, 0.9122, -0.1035, -0.3923, -0.0580
21:16:42, 0.60, 18, 312.07, 346.72, 358.52, 0.9070, -0.1005, -0.4048, -0.0587
21:16:42, 0.60, 18, 310.56, 346.99, 358.55, 0.9018, -0.0976, -0.4168, -0.0588
21:16:42, 0.60, 18, 309.07, 347.36, 358.57, 0.8967, -0.0940, -0.4286, -0.0585
21:16:42, 0.63, 19, 307.66, 347.72, 358.64, 0.8917, -0.0908, -0.4396, -0.0578
21:16:42, 0.63, 19, 306.34, 348.14, 358.65, 0.8870, -0.0869, -0.4500, -0.0571
21:16:42, 0.67, 20, 305.09, 348.45, 358.59, 0.8822, -0.0836, -0.4598, -0.0572
21:16:42, 0.67, 20, 303.92, 348.69, 358.55, 0.8777, -0.0810, -0.4689, -0.0574
21:16:42, 0.67, 20, 302.91, 348.97, 358.47, 0.8737, -0.0780, -0.4767, -0.0576
21:16:42, 0.70, 21, 302.00, 349.28, 358.47, 0.8701, -0.0753, -0.4837, -0.0570
21:16:42, 0.70, 21, 301.19, 349.62, 358.49, 0.8670, -0.0723, -0.4899, -0.0559
21:16:42, 0.73, 22, 300.55, 349.88, 358.56, 0.8644, -0.0704, -0.4948, -0.0546
21:16:42, 0.73, 22, 300.01, 350.16, 358.57, 0.8623, -0.0680, -0.4990, -0.0537
21:16:42, 0.77, 23, 299.53, 350.48, 358.59, 0.8604, -0.0655, -0.5026, -0.0524
21:16:42, 0.77, 23, 299.12, 350.80, 358.65, 0.8588, -0.0632, -0.5058, -0.0507
21:16:42, 0.77, 23, 298.81, 351.14, 358.67, 0.8577, -0.0606, -0.5082, -0.0493
21:16:42, 0.80, 24, 298.58, 351.50, 358.73, 0.8569, -0.0580, -0.5099, -0.0474
21:16:42, 0.80, 24, 298.46, 351.83, 358.72, 0.8566, -0.0555, -0.5109, -0.0460
21:16:42, 0.83, 25, 298.40, 352.24, 358.82, 0.8566, -0.0528, -0.5115, -0.0435
21:16:42, 0.83, 25, 298.36, 352.55, 358.85, 0.8566, -0.0506, -0.5118, -0.0419
21:16:42, 0.83, 25, 298.37, 352.93, 358.94, 0.8569, -0.0483, -0.5118, -0.0395
21:16:42, 0.87, 26, 298.37, 353.15, 358.94, 0.8570, -0.0466, -0.5118, -0.0385
21:16:42, 0.87, 26, 298.46, 353.37, 358.99, 0.8575, -0.0452, -0.5112, -0.0371
21:16:42, 0.90, 27, 298.47, 353.52, 359.01, 0.8576, -0.0441, -0.5111, -0.0363
21:16:42, 0.90, 27, 298.49, 353.67, 359.07, 0.8578, -0.0433, -0.5110, -0.0352
21:16:42, 0.93, 28, 298.49, 353.75, 359.09, 0.8578, -0.0428, -0.5110, -0.0347
21:16:42, 0.93, 28, 298.51, 353.79, 359.04, 0.8579, -0.0423, -0.5108, -0.0349
21:16:43, 0.93, 28, 298.55, 353.75, 359.03, 0.8581, -0.0425, -0.5106, -0.0351
21:16:43, 0.97, 29, 298.56, 353.74, 359.01, 0.8581, -0.0425, -0.5105, -0.0353
21:16:43, 0.97, 29, 298.59, 353.71, 358.98, 0.8582, -0.0426, -0.5102, -0.0357
21:16:43, 1.00, 30, 298.65, 353.68, 358.92, 0.8584, -0.0426, -0.5098, -0.0362
21:16:43, 1.00, 30, 298.66, 353.65, 358.88, 0.8585, -0.0427, -0.5098, -0.0366
21:16:43, 1.00, 30, 298.62, 353.67, 358.85, 0.8583, -0.0424, -0.5101, -0.0368
21:16:43, 1.03, 31, 298.54, 353.68, 358.76, 0.8579, -0.0419, -0.5107, -0.0374
21:16:43, 1.03, 31, 298.41, 353.74, 358.67, 0.8573, -0.0410, -0.5117, -0.0379
21:16:43, 1.07, 32, 298.21, 353.79, 358.65, 0.8565, -0.0405, -0.5132, -0.0380
21:16:43, 1.07, 32, 297.92, 353.85, 358.63, 0.8552, -0.0398, -0.5154, -0.0379
21:16:43, 1.10, 33, 297.49, 353.91, 358.56, 0.8533, -0.0389, -0.5186, -0.0382
21:16:43, 1.10, 33, 296.89, 354.09, 358.48, 0.8506, -0.0370, -0.5232, -0.0383
21:16:43, 1.10, 33, 296.14, 354.18, 358.38, 0.8471, -0.0356, -0.5288, -0.0388
21:16:43, 1.13, 34, 295.06, 354.27, 358.40, 0.8422, -0.0346, -0.5367, -0.0386
21:16:43, 1.13, 34, 293.70, 354.31, 358.35, 0.8357, -0.0337, -0.5467, -0.0392
21:16:43, 1.17, 35, 291.94, 354.42, 358.40, 0.8273, -0.0326, -0.5595, -0.0388
21:16:43, 1.17, 35, 290.08, 354.51, 358.34, 0.8181, -0.0310, -0.5729, -0.0393
21:16:43, 1.17, 35, 287.71, 354.69, 358.08, 0.8061, -0.0275, -0.5897, -0.0408
21:16:43, 1.20, 36, 285.27, 354.80, 357.78, 0.7933, -0.0243, -0.6069, -0.0429
21:16:43, 1.20, 36, 282.74, 354.95, 357.47, 0.7796, -0.0207, -0.6243, -0.0448
21:16:43, 1.23, 37, 280.20, 355.11, 357.12, 0.7656, -0.0166, -0.6415, -0.0466
21:16:43, 1.23, 37, 277.72, 355.33, 356.79, 0.7514, -0.0122, -0.6580, -0.0479
21:16:43, 1.27, 38, 275.36, 355.44, 356.36, 0.7376, -0.0081, -0.6734, -0.0502
21:16:43, 1.27, 38, 273.06, 355.57, 356.06, 0.7238, -0.0044, -0.6880, -0.0515
21:16:43, 1.27, 38, 270.96, 355.72, 355.87, 0.7111, -0.0014, -0.7012, -0.0519
21:16:43, 1.30, 39, 269.20, 355.83, 355.61, 0.7002, 0.0018, -0.7120, -0.0528
21:16:43, 1.30, 39, 267.62, 355.98, 355.34, 0.6902, 0.0051, -0.7216, -0.0534
21:16:43, 1.33, 40, 266.22, 356.14, 355.33, 0.6814, 0.0067, -0.7300, -0.0524
21:16:43, 1.33, 40, 265.05, 356.31, 355.40, 0.6741, 0.0079, -0.7369, -0.0508
21:16:43, 1.33, 40, 264.06, 356.47, 355.36, 0.6677, 0.0094, -0.7427, -0.0500
21:16:43, 1.37, 41, 263.21, 356.70, 355.34, 0.6623, 0.0113, -0.7476, -0.0484
21:16:43, 1.37, 41, 262.44, 356.90, 355.42, 0.6574, 0.0122, -0.7520, -0.0467
21:16:43, 1.40, 42, 261.83, 356.99, 355.56, 0.6535, 0.0120, -0.7555, -0.0452
21:16:43, 1.40, 42, 261.33, 357.05, 355.62, 0.6502, 0.0122, -0.7584, -0.0444
21:16:43, 1.43, 43, 260.91, 357.17, 355.50, 0.6474, 0.0138, -0.7607, -0.0442
21:16:43, 1.43, 43, 260.48, 357.26, 355.54, 0.6446, 0.0143, -0.7632, -0.0434
21:16:43, 1.43, 43, 260.04, 357.36, 355.57, 0.6418, 0.0148, -0.7656, -0.0425
21:16:43, 1.47, 44, 259.55, 357.46, 355.59, 0.6385, 0.0154, -0.7683, -0.0416
21:16:43, 1.47, 44, 259.15, 357.50, 355.43, 0.6357, 0.0169, -0.7706, -0.0422
21:16:43, 1.50, 45, 258.90, 357.48, 355.23, 0.6340, 0.0182, -0.7719, -0.0434
21:16:43, 1.50, 45, 258.70, 357.36, 355.11, 0.6325, 0.0184, -0.7730, -0.0448
21:16:43, 1.50, 45, 258.49, 357.38, 355.16, 0.6312, 0.0183, -0.7741, -0.0444
21:16:43, 1.53, 46, 258.31, 357.30, 355.12, 0.6299, 0.0182, -0.7751, -0.0451
21:16:43, 1.53, 46, 258.21, 357.32, 354.96, 0.6291, 0.0194, -0.7757, -0.0458
21:16:43, 1.57, 47, 258.17, 357.28, 354.82, 0.6288, 0.0201, -0.7759, -0.0469
21:16:43, 1.57, 47, 258.27, 357.27, 354.73, 0.6295, 0.0207, -0.7753, -0.0475
21:16:43, 1.60, 48, 258.35, 357.21, 354.76, 0.6300, 0.0200, -0.7749, -0.0477
21:16:43, 1.60, 48, 258.43, 357.07, 354.78, 0.6305, 0.0191, -0.7744, -0.0485
21:16:43, 1.60, 48, 258.53, 356.95, 354.73, 0.6311, 0.0188, -0.7739, -0.0497
21:16:43, 1.63, 49, 258.65, 356.88, 354.71, 0.6318, 0.0184, -0.7733, -0.0503
21:16:43, 1.63, 49, 258.85, 356.88, 354.66, 0.6332, 0.0187, -0.7721, -0.0506
21:16:43, 1.67, 50, 259.14, 356.84, 354.65, 0.6351, 0.0184, -0.7705, -0.0509
21:16:43, 1.67, 50, 259.38, 356.77, 354.70, 0.6367, 0.0176, -0.7692, -0.0512
21:16:43, 1.67, 50, 259.57, 356.68, 354.71, 0.6379, 0.0170, -0.7682, -0.0517
21:16:43, 1.70, 51, 259.83, 356.64, 354.63, 0.6396, 0.0171, -0.7667, -0.0525
21:16:43, 1.70, 51, 260.10, 356.67, 354.58, 0.6414, 0.0175, -0.7652, -0.0526
21:16:43, 1.73, 52, 260.40, 356.68, 354.60, 0.6435, 0.0173, -0.7635, -0.0525
21:16:43, 1.73, 52, 260.67, 356.66, 354.61, 0.6452, 0.0170, -0.7620, -0.0526
21:16:43, 1.77, 53, 260.93, 356.62, 354.61, 0.6469, 0.0166, -0.7605, -0.0529
21:16:43, 1.77, 53, 261.16, 356.56, 354.58, 0.6484, 0.0164, -0.7592, -0.0536
21:16:43, 1.77, 53, 261.37, 356.56, 354.52, 0.6497, 0.0167, -0.7581, -0.0539
21:16:43, 1.80, 54, 261.56, 356.52, 354.56, 0.6510, 0.0161, -0.7569, -0.0540
21:16:43, 1.80, 54, 261.72, 356.51, 354.66, 0.6521, 0.0153, -0.7561, -0.0535
21:16:43, 1.83, 55, 261.86, 356.50, 354.71, 0.6530, 0.0149, -0.7553, -0.0533
21:16:43, 1.83, 55, 262.03, 356.39, 354.67, 0.6541, 0.0144, -0.7543, -0.0542
21:16:43, 1.83, 55, 262.14, 356.33, 354.66, 0.6548, 0.0141, -0.7537, -0.0547
21:16:43, 1.87, 56, 262.15, 356.32, 354.68, 0.6549, 0.0139, -0.7536, -0.0547
21:16:43, 1.87, 56, 262.14, 356.35, 354.66, 0.6548, 0.0142, -0.7537, -0.0546
21:16:43, 1.90, 57, 262.04, 356.44, 354.60, 0.6542, 0.0151, -0.7542, -0.0543
21:16:43, 1.90, 57, 261.89, 356.43, 354.56, 0.6532, 0.0154, -0.7551, -0.0546
21:16:43, 1.93, 58, 261.73, 356.45, 354.53, 0.6521, 0.0159, -0.7560, -0.0546
21:16:43, 1.93, 58, 261.55, 356.44, 354.55, 0.6509, 0.0157, -0.7570, -0.0545
21:16:44, 1.93, 58, 261.31, 356.42, 354.62, 0.6494, 0.0152, -0.7584, -0.0542
21:16:44, 1.97, 59, 261.08, 356.37, 354.61, 0.6478, 0.0152, -0.7597, -0.0546
21:16:44, 1.97, 59, 260.80, 356.37, 354.59, 0.6459, 0.0154, -0.7613, -0.0547
21:16:44, 2.00, 60, 260.51, 356.37, 354.62, 0.6440, 0.0154, -0.7629, -0.0545
21:16:44, 2.00, 60, 260.23, 356.34, 354.70, 0.6422, 0.0148, -0.7645, -0.0542
21:16:44, 2.00, 60, 259.85, 356.31, 354.84, 0.6397, 0.0139, -0.7666, -0.0535
21:16:44, 2.03, 61, 259.50, 356.20, 354.86, 0.6373, 0.0132, -0.7686, -0.0541
21:16:44, 2.03, 61, 259.15, 356.11, 354.85, 0.6349, 0.0130, -0.7705, -0.0548
21:16:44, 2.07, 62, 258.74, 355.97, 354.97, 0.6321, 0.0116, -0.7728, -0.0550
21:16:44, 2.07, 62, 258.33, 355.77, 355.06, 0.6293, 0.0101, -0.7751, -0.0558
21:16:44, 2.10, 63, 257.86, 355.58, 355.07, 0.6261, 0.0092, -0.7776, -0.0570
21:16:44, 2.10, 63, 257.42, 355.42, 355.15, 0.6230, 0.0080, -0.7800, -0.0576
21:16:44, 2.10, 63, 256.94, 355.26, 355.15, 0.6197, 0.0073, -0.7826, -0.0587
21:16:44, 2.13, 64, 256.51, 355.15, 355.28, 0.6167, 0.0061, -0.7850, -0.0587
21:16:44, 2.13, 64, 256.03, 355.10, 355.41, 0.6135, 0.0052, -0.7875, -0.0583
21:16:44, 2.17, 65, 255.60, 355.11, 355.44, 0.6106, 0.0053, -0.7898, -0.0580
21:16:44, 2.17, 65, 255.28, 355.10, 355.37, 0.6083, 0.0059, -0.7915, -0.0585
21:16:44, 2.17, 65, 255.02, 355.12, 355.34, 0.6065, 0.0063, -0.7929, -0.0585
21:16:44, 2.20, 66, 254.84, 355.07, 355.49, 0.6053, 0.0051, -0.7939, -0.0580
21:16:44, 2.20, 66, 254.70, 355.05, 355.60, 0.6044, 0.0043, -0.7946, -0.0576
21:16:44, 2.23, 67, 254.62, 355.06, 355.57, 0.6038, 0.0046, -0.7950, -0.0577
21:16:44, 2.23, 67, 254.63, 355.07, 355.49, 0.6038, 0.0052, -0.7950, -0.0580
21:16:44, 2.27, 68, 254.71, 355.04, 355.51, 0.6044, 0.0048, -0.7946, -0.0581
21:16:44, 2.27, 68, 254.76, 355.00, 355.64, 0.6048, 0.0037, -0.7943, -0.0577
21:16:44, 2.27, 68, 254.79, 354.94, 355.73, 0.6050, 0.0028, -0.7942, -0.0576
21:16:44, 2.30, 69, 254.82, 354.90, 355.62, 0.6052, 0.0033, -0.7940, -0.0585
21:16:44, 2.30, 69, 254.90, 354.85, 355.60, 0.6056, 0.0032, -0.7936, -0.0590
21:16:44, 2.33, 70, 254.99, 354.81, 355.73, 0.6063, 0.0020, -0.7931, -0.0586
21:16:44, 2.33, 70, 255.06, 354.76, 355.74, 0.6067, 0.0016, -0.7927, -0.0589
21:16:44, 2.33, 70, 255.16, 354.81, 355.66, 0.6075, 0.0024, -0.7921, -0.0589
21:16:44, 2.37, 71, 255.28, 354.84, 355.58, 0.6082, 0.0030, -0.7915, -0.0591
21:16:44, 2.37, 71, 255.43, 354.86, 355.52, 0.6092, 0.0035, -0.7908, -0.0594
21:16:44, 2.40, 72, 255.65, 354.81, 355.47, 0.6107, 0.0035, -0.7896, -0.0599
21:16:44, 2.40, 72, 255.81, 354.85, 355.51, 0.6119, 0.0033, -0.7887, -0.0594
21:16:44, 2.43, 73, 255.91, 354.90, 355.56, 0.6126, 0.0031, -0.7882, -0.0589
21:16:44, 2.43, 73, 255.99, 354.92, 355.53, 0.6132, 0.0034, -0.7877, -0.0589
21:16:44, 2.43, 73, 256.07, 354.93, 355.52, 0.6137, 0.0035, -0.7873, -0.0589
21:16:44, 2.47, 74, 256.17, 354.88, 355.52, 0.6144, 0.0033, -0.7868, -0.0592
21:16:44, 2.47, 74, 256.31, 354.81, 355.47, 0.6153, 0.0031, -0.7860, -0.0600
21:16:44, 2.50, 75, 256.38, 354.76, 355.41, 0.6157, 0.0032, -0.7856, -0.0607
21:16:44, 2.50, 75, 256.40, 354.72, 355.39, 0.6158, 0.0031, -0.7856, -0.0610
21:16:44, 2.50, 75, 256.36, 354.73, 355.32, 0.6155, 0.0037, -0.7858, -0.0613
21:16:44, 2.53, 76, 256.32, 354.81, 355.29, 0.6153, 0.0043, -0.7860, -0.0609
21:16:44, 2.53, 76, 256.31, 354.87, 355.32, 0.6152, 0.0044, -0.7860, -0.0604
21:16:44, 2.57, 77, 256.34, 354.86, 355.36, 0.6155, 0.0041, -0.7859, -0.0602
21:16:44, 2.57, 77, 256.40, 354.80, 355.33, 0.6158, 0.0040, -0.7855, -0.0608
21:16:44, 2.60, 78, 256.50, 354.73, 355.29, 0.6165, 0.0038, -0.7850, -0.0615
21:16:44, 2.60, 78, 256.62, 354.70, 355.24, 0.6172, 0.0039, -0.7843, -0.0619
21:16:44, 2.60, 78, 256.71, 354.77, 355.20, 0.6179, 0.0045, -0.7839, -0.0617
21:16:44, 2.63, 79, 256.82, 354.84, 355.11, 0.6186, 0.0055, -0.7833, -0.0617
21:16:44, 2.63, 79, 256.93, 354.94, 355.13, 0.6194, 0.0058, -0.7827, -0.0609
21:16:44, 2.67, 80, 257.06, 355.01, 355.09, 0.6203, 0.0063, -0.7820, -0.0607
21:16:44, 2.67, 80, 257.29, 355.04, 355.05, 0.6219, 0.0067, -0.7807, -0.0607
21:16:44, 2.67, 80, 257.54, 354.98, 355.07, 0.6235, 0.0061, -0.7794, -0.0610
21:16:44, 2.70, 81, 257.76, 354.96, 355.06, 0.6250, 0.0059, -0.7782, -0.0613
21:16:44, 2.70, 81, 257.99, 354.95, 354.98, 0.6265, 0.0063, -0.7769, -0.0618
21:16:44, 2.73, 82, 258.18, 354.98, 354.95, 0.6279, 0.0066, -0.7759, -0.0617
21:16:44, 2.73, 82, 258.40, 354.97, 354.90, 0.6293, 0.0067, -0.7747, -0.0620
21:16:44, 2.77, 83, 258.62, 355.02, 354.90, 0.6308, 0.0069, -0.7734, -0.0617
21:16:44, 2.77, 83, 258.84, 355.04, 354.90, 0.6323, 0.0069, -0.7723, -0.0617
21:16:44, 2.77, 83, 259.08, 355.05, 354.82, 0.6339, 0.0073, -0.7709, -0.0620
21:16:44, 2.80, 84, 259.33, 355.03, 354.78, 0.6355, 0.0074, -0.7696, -0.0624
21:16:44, 2.80, 84, 259.59, 355.02, 354.77, 0.6373, 0.0072, -0.7681, -0.0625
21:16:44, 2.83, 85, 259.83, 355.02, 354.81, 0.6389, 0.0069, -0.7668, -0.0623
21:16:44, 2.83, 85, 260.12, 355.02, 354.83, 0.6408, 0.0065, -0.7652, -0.0622
21:16:44, 2.83, 85, 260.35, 355.02, 354.79, 0.6423, 0.0067, -0.7639, -0.0625
21:16:44, 2.87, 86, 260.54, 355.00, 354.77, 0.6436, 0.0066, -0.7628, -0.0627
21:16:44, 2.90, 87, 260.90, 354.89, 354.66, 0.6458, 0.0065, -0.7608, -0.0641
21:16:44, 2.90, 87, 261.08, 354.88, 354.67, 0.6470, 0.0063, -0.7598, -0.0641
21:16:44, 2.93, 88, 261.18, 354.84, 354.66, 0.6477, 0.0061, -0.7592, -0.0644
21:16:44, 2.93, 88, 261.26, 354.82, 354.58, 0.6482, 0.0064, -0.7587, -0.0650
21:16:45, 2.93, 88, 261.35, 354.78, 354.50, 0.6487, 0.0068, -0.7582, -0.0657
21:16:45, 2.97, 89, 261.42, 354.76, 354.42, 0.6491, 0.0071, -0.7578, -0.0664
21:16:45, 2.97, 89, 261.46, 354.73, 354.37, 0.6493, 0.0072, -0.7575, -0.0668
21:16:45, 3.00, 90, 261.48, 354.72, 354.33, 0.6494, 0.0074, -0.7574, -0.0671
21:16:45, 3.00, 90, 261.48, 354.72, 354.26, 0.6494, 0.0079, -0.7574, -0.0675
21:16:45, 3.00, 90, 261.48, 354.74, 354.18, 0.6493, 0.0085, -0.7574, -0.0678
21:16:45, 3.03, 91, 261.52, 354.78, 354.12, 0.6496, 0.0091, -0.7572, -0.0679
21:16:45, 3.03, 91, 261.56, 354.81, 354.05, 0.6499, 0.0097, -0.7569, -0.0681
21:16:45, 3.07, 92, 261.58, 354.87, 354.02, 0.6500, 0.0102, -0.7568, -0.0679
21:16:45, 3.07, 92, 261.65, 354.89, 353.99, 0.6504, 0.0105, -0.7564, -0.0679
21:16:45, 3.10, 93, 261.70, 354.90, 353.98, 0.6508, 0.0106, -0.7561, -0.0679
21:16:45, 3.10, 93, 261.77, 354.93, 354.02, 0.6513, 0.0105, -0.7557, -0.0675
21:16:45, 3.10, 93, 261.85, 354.96, 354.02, 0.6518, 0.0106, -0.7553, -0.0673
21:16:45, 3.13, 94, 262.04, 354.91, 353.94, 0.6530, 0.0107, -0.7542, -0.0681
21:16:45, 3.13, 94, 262.25, 354.87, 353.88, 0.6543, 0.0108, -0.7530, -0.0688
21:16:45, 3.17, 95, 262.45, 354.85, 353.85, 0.6556, 0.0107, -0.7519, -0.0691
21:16:45, 3.17, 95, 262.58, 354.91, 353.81, 0.6565, 0.0112, -0.7511, -0.0689
21:16:45, 3.17, 95, 262.71, 354.97, 353.78, 0.6573, 0.0117, -0.7504, -0.0687
21:16:45, 3.20, 96, 262.85, 355.01, 353.74, 0.6582, 0.0121, -0.7496, -0.0687
21:16:45, 3.20, 96, 262.97, 355.03, 353.73, 0.6590, 0.0123, -0.7489, -0.0687
21:16:45, 3.23, 97, 263.12, 355.01, 353.70, 0.6600, 0.0122, -0.7480, -0.0690
21:16:45, 3.23, 97, 263.26, 355.02, 353.70, 0.6609, 0.0122, -0.7472, -0.0689
21:16:45, 3.27, 98, 263.42, 355.01, 353.67, 0.6619, 0.0123, -0.7463, -0.0691
21:16:45, 3.27, 98, 263.60, 355.03, 353.62, 0.6631, 0.0126, -0.7452, -0.0693
21:16:45, 3.27, 98, 263.77, 355.02, 353.64, 0.6642, 0.0123, -0.7443, -0.0693
21:16:45, 3.30, 99, 263.92, 354.96, 353.63, 0.6651, 0.0119, -0.7434, -0.0697
21:16:45, 3.30, 99, 264.05, 354.93, 353.61, 0.6659, 0.0118, -0.7426, -0.0700
21:16:45, 3.33, 100, 264.18, 354.92, 353.58, 0.6667, 0.0119, -0.7419, -0.0703
21:16:45, 3.33, 100, 264.34, 354.96, 353.49, 0.6677, 0.0126, -0.7409, -0.0706
21:16:45, 3.33, 100, 264.49, 355.00, 353.46, 0.6687, 0.0129, -0.7401, -0.0706
21:16:45, 3.37, 101, 264.62, 355.01, 353.42, 0.6695, 0.0132, -0.7393, -0.0708
21:16:45, 3.37, 101, 264.73, 355.05, 353.39, 0.6703, 0.0135, -0.7386, -0.0706
21:16:45, 3.40, 102, 264.86, 355.07, 353.36, 0.6711, 0.0138, -0.7379, -0.0707
21:16:45, 3.40, 102, 265.00, 355.08, 353.30, 0.6719, 0.0141, -0.7371, -0.0710
21:16:45, 3.43, 103, 265.15, 355.10, 353.23, 0.6729, 0.0145, -0.7361, -0.0713
21:16:45, 3.43, 103, 265.30, 355.14, 353.23, 0.6739, 0.0147, -0.7352, -0.0711
21:16:45, 3.43, 103, 265.46, 355.18, 353.21, 0.6749, 0.0149, -0.7343, -0.0710
21:16:45, 3.47, 104, 265.60, 355.23, 353.15, 0.6758, 0.0156, -0.7335, -0.0710
21:16:45, 3.47, 104, 265.71, 355.23, 353.07, 0.6765, 0.0160, -0.7328, -0.0716
21:16:45, 3.50, 105, 265.80, 355.28, 353.01, 0.6771, 0.0166, -0.7322, -0.0716
21:16:45, 3.50, 105, 265.91, 355.35, 352.93, 0.6777, 0.0175, -0.7316, -0.0716
21:16:45, 3.50, 105, 266.02, 355.41, 352.83, 0.6784, 0.0184, -0.7309, -0.0719
21:16:45, 3.53, 106, 266.13, 355.49, 352.71, 0.6791, 0.0195, -0.7302, -0.0721
21:16:45, 3.53, 106, 266.21, 355.52, 352.63, 0.6796, 0.0202, -0.7298, -0.0724
21:16:45, 3.57, 107, 266.31, 355.59, 352.50, 0.6802, 0.0214, -0.7291, -0.0727
21:16:45, 3.57, 107, 266.33, 355.63, 352.40, 0.6803, 0.0223, -0.7290, -0.0731
21:16:45, 3.60, 108, 266.38, 355.70, 352.25, 0.6805, 0.0236, -0.7287, -0.0735
21:16:45, 3.60, 108, 266.41, 355.83, 352.14, 0.6807, 0.0251, -0.7284, -0.0734
21:16:45, 3.60, 108, 266.40, 355.94, 352.03, 0.6806, 0.0264, -0.7285, -0.0733
21:16:45, 3.63, 109, 266.43, 356.01, 351.92, 0.6808, 0.0275, -0.7282, -0.0735
21:16:45, 3.63, 109, 266.46, 356.08, 351.85, 0.6811, 0.0284, -0.7280, -0.0735
21:16:45, 3.67, 110, 266.49, 356.13, 351.82, 0.6812, 0.0288, -0.7278, -0.0734
21:16:45, 3.67, 110, 266.54, 356.09, 351.73, 0.6815, 0.0291, -0.7275, -0.0741
21:16:45, 3.67, 110, 266.60, 356.01, 351.65, 0.6818, 0.0291, -0.7271, -0.0752
21:16:45, 3.70, 111, 266.66, 355.80, 351.58, 0.6820, 0.0283, -0.7268, -0.0769
21:16:45, 3.70, 111, 266.76, 355.62, 351.59, 0.6824, 0.0271, -0.7263, -0.0780
21:16:45, 3.73, 112, 266.94, 355.43, 351.60, 0.6834, 0.0257, -0.7252, -0.0792
21:16:45, 3.73, 112, 267.10, 355.31, 351.63, 0.6844, 0.0247, -0.7243, -0.0798
21:16:45, 3.77, 113, 267.32, 355.12, 351.77, 0.6857, 0.0226, -0.7231, -0.0802
21:16:45, 3.77, 113, 267.50, 355.02, 351.78, 0.6868, 0.0218, -0.7220, -0.0808
21:16:45, 3.77, 113, 267.76, 354.84, 351.80, 0.6883, 0.0204, -0.7205, -0.0819
21:16:45, 3.80, 114, 268.02, 354.93, 351.82, 0.6900, 0.0206, -0.7189, -0.0813
21:16:45, 3.80, 114, 268.56, 354.65, 351.93, 0.6933, 0.0178, -0.7157, -0.0824
21:16:45, 3.83, 115, 269.02, 354.47, 352.13, 0.6962, 0.0151, -0.7129, -0.0823
21:16:45, 3.83, 115, 269.51, 354.46, 352.06, 0.6992, 0.0151, -0.7100, -0.0829
21:16:45, 3.83, 115, 270.01, 354.35, 351.98, 0.7021, 0.0146, -0.7069, -0.0842
21:16:45, 3.87, 116, 270.53, 354.27, 352.10, 0.7054, 0.0130, -0.7037, -0.0839
21:16:45, 3.87, 116, 271.12, 354.34, 352.13, 0.7090, 0.0128, -0.7001, -0.0834
21:16:45, 3.90, 117, 271.67, 354.47, 352.20, 0.7126, 0.0128, -0.6967, -0.0823
21:16:45, 3.90, 117, 272.20, 354.65, 352.31, 0.7160, 0.0129, -0.6933, -0.0805
21:16:45, 3.93, 118, 272.72, 354.82, 352.43, 0.7193, 0.0129, -0.6901, -0.0788
21:16:45, 3.93, 118, 273.25, 354.85, 352.35, 0.7225, 0.0132, -0.6867, -0.0793
21:16:46, 3.93, 118, 273.76, 355.04, 352.23, 0.7256, 0.0148, -0.6834, -0.0789
21:16:46, 3.97, 119, 274.26, 355.23, 352.16, 0.7286, 0.0160, -0.6802, -0.0783
21:16:46, 3.97, 119, 274.61, 355.33, 352.45, 0.7310, 0.0148, -0.6780, -0.0759
21:16:46, 4.00, 120, 274.86, 355.38, 352.83, 0.7327, 0.0126, -0.6765, -0.0732
21:16:46, 4.00, 120, 275.26, 355.40, 352.77, 0.7350, 0.0129, -0.6739, -0.0736
21:16:46, 4.00, 120, 275.55, 355.28, 352.83, 0.7367, 0.0116, -0.6721, -0.0739
21:16:46, 4.03, 121, 275.69, 355.16, 353.17, 0.7377, 0.0087, -0.6712, -0.0724
21:16:46, 4.03, 121, 275.91, 354.97, 353.39, 0.7390, 0.0061, -0.6698, -0.0721
21:16:46, 4.07, 122, 276.05, 354.99, 353.50, 0.7399, 0.0054, -0.6689, -0.0713
21:16:46, 4.07, 122, 276.17, 354.87, 353.65, 0.7406, 0.0038, -0.6682, -0.0710
21:16:46, 4.10, 123, 276.31, 354.86, 353.74, 0.7415, 0.0031, -0.6673, -0.0705
21:16:46, 4.10, 123, 276.43, 354.81, 353.74, 0.7421, 0.0026, -0.6665, -0.0708
21:16:46, 4.10, 123, 276.57, 354.85, 353.86, 0.7430, 0.0021, -0.6656, -0.0698
21:16:46, 4.13, 124, 276.85, 355.00, 353.99, 0.7448, 0.0022, -0.6638, -0.0681
21:16:46, 4.13, 124, 277.20, 354.97, 354.14, 0.7469, 0.0009, -0.6615, -0.0673
21:16:46, 4.17, 125, 277.78, 355.12, 354.34, 0.7505, 0.0004, -0.6577, -0.0652
21:16:46, 4.17, 125, 278.56, 355.39, 354.42, 0.7551, 0.0013, -0.6525, -0.0631
21:16:46, 4.17, 125, 279.33, 355.86, 354.67, 0.7599, 0.0026, -0.6474, -0.0588
21:16:46, 4.20, 126, 280.15, 356.30, 354.98, 0.7649, 0.0034, -0.6419, -0.0543
21:16:46, 4.20, 126, 281.20, 356.62, 355.43, 0.7710, 0.0025, -0.6349, -0.0495
21:16:46, 4.23, 127, 282.27, 356.66, 355.81, 0.7771, 0.0002, -0.6276, -0.0468
21:16:46, 4.23, 127, 283.59, 356.88, 356.24, 0.7845, -0.0011, -0.6186, -0.0426
21:16:46, 4.27, 128, 284.80, 357.29, 356.70, 0.7913, -0.0012, -0.6102, -0.0372
21:16:46, 4.27, 128, 286.07, 357.66, 357.09, 0.7982, -0.0011, -0.6015, -0.0326
21:16:46, 4.27, 128, 287.31, 357.98, 357.34, 0.8049, -0.0004, -0.5927, -0.0291
21:16:46, 4.30, 129, 288.49, 358.30, 357.44, 0.8110, 0.0011, -0.5844, -0.0268
21:16:46, 4.30, 129, 289.73, 358.56, 357.57, 0.8174, 0.0020, -0.5755, -0.0246
21:16:46, 4.33, 130, 290.78, 358.74, 357.87, 0.8227, 0.0015, -0.5680, -0.0215
21:16:46, 4.33, 130, 291.80, 359.01, 358.29, 0.8279, 0.0012, -0.5607, -0.0172
21:16:46, 4.33, 130, 292.68, 359.19, 358.49, 0.8322, 0.0014, -0.5543, -0.0149
21:16:46, 4.37, 131, 293.45, 359.23, 358.62, 0.8359, 0.0010, -0.5486, -0.0137
21:16:46, 4.37, 131, 293.82, 359.31, 358.85, 0.8377, 0.0004, -0.5459, -0.0117
21:16:46, 4.40, 132, 294.00, 359.19, 358.92, 0.8386, -0.0008, -0.5446, -0.0117
21:16:46, 4.40, 132, 293.89, 359.10, 358.81, 0.8380, -0.0010, -0.5455, -0.0130
21:16:46, 4.43, 133, 293.46, 358.98, 358.53, 0.8359, -0.0004, -0.5486, -0.0156
21:16:46, 4.43, 133, 292.65, 358.69, 358.23, 0.8320, -0.0010, -0.5545, -0.0192
21:16:46, 4.43, 133, 291.62, 358.40, 357.95, 0.8268, -0.0015, -0.5620, -0.0226
21:16:46, 4.47, 134, 290.69, 358.16, 357.58, 0.8221, -0.0012, -0.5687, -0.0265
21:16:46, 4.47, 134, 289.77, 357.80, 357.38, 0.8174, -0.0025, -0.5753, -0.0298
21:16:46, 4.50, 135, 289.00, 357.55, 357.30, 0.8134, -0.0037, -0.5808, -0.0316
21:16:46, 4.50, 135, 288.29, 357.38, 357.25, 0.8097, -0.0045, -0.5859, -0.0328
21:16:46, 4.50, 135, 287.82, 357.28, 357.31, 0.8073, -0.0053, -0.5891, -0.0330
21:16:46, 4.53, 136, 287.59, 357.17, 357.42, 0.8061, -0.0066, -0.5908, -0.0327
21:16:46, 4.53, 136, 287.67, 357.12, 357.63, 0.8066, -0.0080, -0.5902, -0.0315
21:16:46, 4.57, 137, 288.10, 357.22, 357.74, 0.8088, -0.0081, -0.5872, -0.0302
21:16:46, 4.57, 137, 288.66, 357.33, 357.91, 0.8118, -0.0083, -0.5832, -0.0284
21:16:46, 4.60, 138, 289.38, 357.56, 358.16, 0.8156, -0.0081, -0.5780, -0.0254
21:16:46, 4.60, 138, 290.03, 357.76, 358.32, 0.8189, -0.0076, -0.5735, -0.0232
21:16:46, 4.60, 138, 290.60, 357.87, 358.29, 0.8218, -0.0068, -0.5693, -0.0228
21:16:46, 4.63, 139, 291.12, 357.92, 358.27, 0.8243, -0.0064, -0.5656, -0.0227
21:16:46, 4.63, 139, 291.58, 357.94, 358.53, 0.8267, -0.0076, -0.5623, -0.0207
21:16:46, 4.67, 140, 291.81, 357.99, 358.76, 0.8278, -0.0085, -0.5606, -0.0188
21:16:46, 4.67, 140, 292.00, 358.06, 358.77, 0.8288, -0.0081, -0.5592, -0.0183
21:16:46, 4.67, 140, 291.99, 358.07, 358.58, 0.8287, -0.0070, -0.5593, -0.0197
21:16:46, 4.70, 141, 291.91, 358.06, 358.31, 0.8282, -0.0058, -0.5599, -0.0217
21:16:46, 4.70, 141, 291.74, 358.12, 358.25, 0.8274, -0.0050, -0.5611, -0.0219
21:16:46, 4.73, 142, 291.55, 358.25, 358.17, 0.8265, -0.0037, -0.5625, -0.0218
21:16:46, 4.73, 142, 291.34, 358.39, 358.02, 0.8255, -0.0019, -0.5640, -0.0221
21:16:46, 4.77, 143, 291.15, 358.52, 357.87, 0.8245, -0.0002, -0.5654, -0.0226
21:16:46, 4.77, 143, 290.98, 358.68, 357.74, 0.8237, 0.0017, -0.5666, -0.0227
21:16:46, 4.77, 143, 290.83, 358.92, 357.70, 0.8230, 0.0036, -0.5677, -0.0218
21:16:46, 4.80, 144, 290.71, 359.15, 357.65, 0.8224, 0.0056, -0.5685, -0.0211
21:16:46, 4.80, 144, 290.59, 359.40, 357.59, 0.8218, 0.0077, -0.5693, -0.0203
21:16:46, 4.83, 145, 290.50, 359.62, 357.53, 0.8214, 0.0096, -0.5699, -0.0196
21:16:46, 4.83, 145, 290.42, 359.83, 357.48, 0.8210, 0.0113, -0.5705, -0.0189
21:16:46, 4.83, 145, 290.39, 0.11, 357.44, 0.8209, 0.0135, -0.5706, -0.0178
21:16:46, 4.87, 146, 290.38, 0.41, 357.32, 0.8208, 0.0163, -0.5707, -0.0172
21:16:46, 4.87, 146, 290.39, 0.78, 357.22, 0.8209, 0.0194, -0.5705, -0.0160
21:16:46, 4.90, 147, 290.44, 1.18, 357.12, 0.8212, 0.0228, -0.5700, -0.0148
21:16:46, 4.90, 147, 290.46, 1.63, 357.08, 0.8213, 0.0262, -0.5697, -0.0128
21:16:46, 4.93, 148, 290.58, 2.05, 357.04, 0.8219, 0.0294, -0.5687, -0.0110
21:16:46, 4.93, 148, 290.66, 2.54, 356.92, 0.8223, 0.0335, -0.5680, -0.0095
21:16:47, 4.93, 148, 290.79, 3.03, 356.81, 0.8229, 0.0375, -0.5669, -0.0079
21:16:47, 4.97, 149, 290.80, 3.51, 356.89, 0.8229, 0.0406, -0.5667, -0.0049
21:16:47, 4.97, 149, 290.89, 3.73, 356.94, 0.8233, 0.0420, -0.5660, -0.0035
21:16:47, 5.00, 150, 290.91, 3.93, 356.90, 0.8234, 0.0436, -0.5658, -0.0028
21:16:47, 5.00, 150, 290.97, 3.85, 356.89, 0.8237, 0.0430, -0.5654, -0.0033
21:16:47, 5.00, 150, 291.07, 3.64, 356.93, 0.8242, 0.0413, -0.5647, -0.0041
21:16:47, 5.03, 151, 291.14, 3.43, 356.93, 0.8246, 0.0398, -0.5643, -0.0052
21:16:47, 5.03, 151, 291.19, 3.14, 356.87, 0.8249, 0.0381, -0.5640, -0.0070
21:16:47, 5.07, 152, 291.21, 2.70, 356.86, 0.8250, 0.0349, -0.5640, -0.0093
21:16:47, 5.07, 152, 291.21, 2.16, 356.93, 0.8250, 0.0307, -0.5642, -0.0114
21:16:47, 5.10, 153, 291.27, 1.61, 356.97, 0.8253, 0.0265, -0.5639, -0.0139
21:16:47, 5.10, 153, 291.30, 0.92, 357.04, 0.8254, 0.0212, -0.5639, -0.0168
21:16:47, 5.10, 153, 291.39, 0.12, 357.20, 0.8258, 0.0146, -0.5634, -0.0196
21:16:47, 5.13, 154, 291.43, 359.14, 357.25, 0.8259, 0.0073, -0.5633, -0.0241
21:16:47, 5.13, 154, 291.53, 358.20, 357.36, 0.8262, -0.0001, -0.5627, -0.0279
21:16:47, 5.17, 155, 291.61, 357.16, 357.46, 0.8264, -0.0080, -0.5622, -0.0322
21:16:47, 5.17, 155, 291.67, 355.99, 357.52, 0.8263, -0.0168, -0.5617, -0.0375
21:16:47, 5.17, 155, 291.78, 354.80, 357.63, 0.8264, -0.0259, -0.5608, -0.0426
21:16:47, 5.20, 156, 291.87, 353.71, 357.61, 0.8263, -0.0338, -0.5601, -0.0480
21:16:47, 5.20, 156, 291.89, 352.64, 357.40, 0.8258, -0.0405, -0.5599, -0.0547
21:16:47, 5.23, 157, 291.87, 351.68, 357.18, 0.8250, -0.0464, -0.5599, -0.0610
21:16:47, 5.23, 157, 291.79, 350.88, 356.95, 0.8239, -0.0509, -0.5605, -0.0666
21:16:47, 5.27, 158, 291.68, 350.16, 356.74, 0.8227, -0.0550, -0.5612, -0.0716
21:16:47, 5.27, 158, 291.60, 349.45, 356.47, 0.8216, -0.0588, -0.5617, -0.0770
21:16:47, 5.27, 158, 291.44, 348.72, 356.30, 0.8201, -0.0631, -0.5628, -0.0819
21:16:47, 5.30, 159, 291.28, 347.99, 356.21, 0.8186, -0.0678, -0.5638, -0.0862
21:16:47, 5.30, 159, 291.10, 347.42, 356.11, 0.8171, -0.0712, -0.5650, -0.0898
21:16:47, 5.33, 160, 290.91, 346.96, 356.07, 0.8157, -0.0741, -0.5663, -0.0924
21:16:47, 5.33, 160, 290.78, 346.54, 356.02, 0.8146, -0.0768, -0.5671, -0.0949
21:16:47, 5.37, 161, 290.71, 346.06, 356.04, 0.8137, -0.0803, -0.5674, -0.0972
21:16:47, 5.37, 161, 290.68, 345.43, 356.00, 0.8129, -0.0845, -0.5674, -0.1005
21:16:47, 5.37, 161, 290.67, 344.93, 356.09, 0.8124, -0.0885, -0.5672, -0.1023
21:16:47, 5.40, 162, 290.70, 344.54, 356.09, 0.8121, -0.0914, -0.5668, -0.1042
21:16:47, 5.40, 162, 290.68, 344.08, 356.11, 0.8115, -0.0947, -0.5668, -0.1064
21:16:47, 5.43, 163, 290.62, 343.58, 356.02, 0.8105, -0.0978, -0.5671, -0.1095
21:16:47, 5.43, 163, 290.61, 343.17, 356.01, 0.8100, -0.1006, -0.5669, -0.1116
21:16:47, 5.43, 163, 290.60, 342.77, 355.99, 0.8094, -0.1034, -0.5668, -0.1136
21:16:47, 5.47, 164, 290.55, 342.42, 356.01, 0.8087, -0.1059, -0.5670, -0.1153
21:16:47, 5.47, 164, 290.53, 341.98, 356.03, 0.8081, -0.1091, -0.5669, -0.1173
21:16:47, 5.50, 165, 290.47, 341.43, 356.04, 0.8071, -0.1130, -0.5670, -0.1200
21:16:47, 5.50, 165, 290.42, 340.82, 356.14, 0.8061, -0.1178, -0.5669, -0.1223
21:16:47, 5.50, 165, 290.36, 340.16, 356.24, 0.8050, -0.1229, -0.5668, -0.1248
21:16:47, 5.53, 166, 290.32, 339.45, 356.37, 0.8040, -0.1285, -0.5665, -0.1274
21:16:47, 5.53, 166, 290.21, 338.59, 356.41, 0.8022, -0.1346, -0.5666, -0.1315
21:16:47, 5.57, 167, 290.15, 337.72, 356.38, 0.8005, -0.1406, -0.5665, -0.1360
21:16:47, 5.57, 167, 290.03, 337.06, 356.27, 0.7988, -0.1446, -0.5669, -0.1401
21:16:47, 5.60, 168, 289.82, 336.73, 356.22, 0.7972, -0.1464, -0.5682, -0.1423
21:16:47, 5.60, 168, 289.62, 336.34, 356.24, 0.7956, -0.1490, -0.5692, -0.1443
21:16:47, 5.60, 168, 289.44, 335.98, 356.20, 0.7941, -0.1511, -0.5702, -0.1466
21:16:47, 5.63, 169, 289.22, 335.70, 356.22, 0.7925, -0.1528, -0.5715, -0.1481
21:16:47, 5.63, 169, 289.05, 335.32, 356.09, 0.7908, -0.1546, -0.5726, -0.1511
21:16:47, 5.67, 170, 288.87, 334.97, 356.08, 0.7893, -0.1568, -0.5735, -0.1531
21:16:47, 5.67, 170, 288.71, 334.64, 356.07, 0.7880, -0.1587, -0.5744, -0.1550
21:16:47, 5.67, 170, 288.70, 334.31, 356.03, 0.7873, -0.1608, -0.5742, -0.1570
21:16:47, 5.70, 171, 288.58, 333.91, 356.09, 0.7860, -0.1637, -0.5746, -0.1587
21:16:47, 5.70, 171, 288.63, 333.47, 356.04, 0.7855, -0.1666, -0.5739, -0.1611
21:16:47, 5.73, 172, 288.74, 332.82, 355.98, 0.7847, -0.1710, -0.5726, -0.1645
21:16:47, 5.73, 172, 288.94, 332.14, 355.94, 0.7844, -0.1758, -0.5707, -0.1678
21:16:47, 5.77, 173, 289.17, 331.34, 355.73, 0.7837, -0.1807, -0.5686, -0.1728
21:16:47, 5.77, 173, 289.48, 330.51, 355.40, 0.7831, -0.1853, -0.5662, -0.1785
21:16:47, 5.77, 173, 289.91, 329.48, 354.83, 0.7822, -0.1903, -0.5632, -0.1866
21:16:47, 5.80, 174, 290.22, 328.48, 354.32, 0.7807, -0.1953, -0.5609, -0.1943
21:16:47, 5.80, 174, 290.50, 327.57, 353.80, 0.7792, -0.1995, -0.5589, -0.2016
21:16:47, 5.83, 175, 290.78, 326.70, 353.28, 0.7776, -0.2035, -0.5571, -0.2087
21:16:47, 5.83, 175, 291.06, 325.88, 352.76, 0.7761, -0.2073, -0.5552, -0.2155
21:16:47, 5.87, 176, 291.42, 325.07, 352.36, 0.7751, -0.2116, -0.5527, -0.2212
21:16:47, 5.87, 176, 291.90, 324.23, 351.93, 0.7745, -0.2163, -0.5494, -0.2270
21:16:47, 5.87, 176, 292.50, 323.48, 351.48, 0.7745, -0.2206, -0.5455, -0.2323
21:16:47, 5.90, 177, 293.19, 322.71, 351.16, 0.7751, -0.2259, -0.5407, -0.2364
21:16:47, 5.90, 177, 293.92, 322.08, 350.95, 0.7764, -0.2308, -0.5355, -0.2392
21:16:47, 5.93, 178, 294.47, 321.49, 350.95, 0.7773, -0.2361, -0.5312, -0.2405
21:16:47, 5.93, 178, 295.07, 320.88, 350.78, 0.7780, -0.2409, -0.5269, -0.2430
21:16:48, 5.93, 178, 295.67, 320.49, 350.65, 0.7794, -0.2443, -0.5227, -0.2443
21:16:48, 5.97, 179, 296.05, 320.17, 350.67, 0.7802, -0.2475, -0.5198, -0.2447
21:16:48, 5.97, 179, 296.43, 319.89, 350.67, 0.7812, -0.2503, -0.5169, -0.2450
21:16:48, 6.00, 180, 296.68, 319.64, 350.70, 0.7816, -0.2527, -0.5148, -0.2452
21:16:48, 6.00, 180, 296.98, 319.40, 350.72, 0.7823, -0.2552, -0.5125, -0.2454
21:16:48, 6.00, 180, 297.15, 319.18, 350.74, 0.7825, -0.2572, -0.5111, -0.2458
21:16:48, 6.03, 181, 297.26, 319.16, 350.84, 0.7831, -0.2579, -0.5101, -0.2449
21:16:48, 6.03, 181, 297.22, 319.33, 351.00, 0.7838, -0.2574, -0.5102, -0.2432
21:16:48, 6.07, 182, 297.28, 319.34, 350.94, 0.7840, -0.2572, -0.5099, -0.2435
21:16:48, 6.07, 182, 297.39, 319.24, 350.87, 0.7840, -0.2578, -0.5092, -0.2441
21:16:48, 6.10, 183, 297.49, 319.01, 350.84, 0.7837, -0.2595, -0.5084, -0.2450
21:16:48, 6.10, 183, 297.49, 318.93, 350.87, 0.7835, -0.2603, -0.5082, -0.2451
21:16:48, 6.10, 183, 297.41, 319.08, 350.93, 0.7837, -0.2593, -0.5088, -0.2443
21:16:48, 6.13, 184, 297.31, 319.30, 350.99, 0.7840, -0.2578, -0.5096, -0.2433
21:16:48, 6.13, 184, 297.30, 319.41, 350.98, 0.7843, -0.2569, -0.5097, -0.2429
21:16:48, 6.17, 185, 297.42, 319.42, 350.87, 0.7846, -0.2566, -0.5092, -0.2433
21:16:48, 6.17, 185, 297.51, 319.44, 350.84, 0.7850, -0.2566, -0.5086, -0.2432
21:16:48, 6.17, 185, 297.56, 319.45, 350.94, 0.7855, -0.2570, -0.5081, -0.2424
21:16:48, 6.20, 186, 297.60, 319.59, 351.01, 0.7863, -0.2564, -0.5078, -0.2412
21:16:48, 6.20, 186, 297.70, 319.81, 351.07, 0.7874, -0.2553, -0.5072, -0.2397
21:16:48, 6.23, 187, 297.80, 320.05, 351.14, 0.7887, -0.2541, -0.5066, -0.2381
21:16:48, 6.23, 187, 297.91, 320.34, 351.18, 0.7901, -0.2525, -0.5060, -0.2364
21:16:48, 6.27, 188, 297.93, 320.69, 351.25, 0.7913, -0.2503, -0.5061, -0.2345
21:16:48, 6.27, 188, 297.80, 321.24, 351.43, 0.7927, -0.2469, -0.5072, -0.2313
21:16:48, 6.27, 188, 297.68, 321.88, 351.74, 0.7945, -0.2435, -0.5079, -0.2268
21:16:48, 6.30, 189, 297.67, 322.47, 351.98, 0.7966, -0.2403, -0.5080, -0.2227
21:16:48, 6.30, 189, 297.69, 323.07, 352.36, 0.7990, -0.2377, -0.5077, -0.2176
21:16:48, 6.33, 190, 297.93, 323.44, 352.62, 0.8015, -0.2367, -0.5058, -0.2137
21:16:48, 6.33, 190, 298.26, 323.77, 352.74, 0.8041, -0.2354, -0.5036, -0.2109
21:16:48, 6.33, 190, 298.63, 324.15, 352.85, 0.8069, -0.2339, -0.5011, -0.2078
21:16:48, 6.37, 191, 299.06, 324.58, 352.97, 0.8100, -0.2321, -0.4982, -0.2043
21:16:48, 6.37, 191, 299.51, 325.20, 353.07, 0.8138, -0.2288, -0.4953, -0.2001
21:16:48, 6.40, 192, 300.14, 325.71, 353.18, 0.8179, -0.2266, -0.4912, -0.1961
21:16:48, 6.40, 192, 300.68, 326.12, 353.37, 0.8216, -0.2254, -0.4872, -0.1920
21:16:48, 6.43, 193, 301.17, 326.47, 353.55, 0.8248, -0.2244, -0.4836, -0.1883
21:16:48, 6.43, 193, 301.47, 326.86, 353.68, 0.8272, -0.2226, -0.4815, -0.1853
21:16:48, 6.43, 193, 301.72, 327.17, 353.72, 0.8290, -0.2208, -0.4799, -0.1833
21:16:48, 6.47, 194, 301.97, 327.41, 353.78, 0.8307, -0.2198, -0.4782, -0.1815
21:16:48, 6.47, 194, 302.28, 327.53, 353.89, 0.8325, -0.2198, -0.4758, -0.1796
21:16:48, 6.50, 195, 302.55, 327.60, 354.08, 0.8341, -0.2205, -0.4736, -0.1774
21:16:48, 6.50, 195, 302.77, 327.55, 354.21, 0.8351, -0.2217, -0.4716, -0.1762
21:16:48, 6.53, 196, 302.89, 327.60, 354.18, 0.8356, -0.2214, -0.4709, -0.1760
21:16:48, 6.53, 196, 302.91, 327.69, 354.28, 0.8361, -0.2212, -0.4706, -0.1749
21:16:48, 6.53, 196, 302.96, 327.83, 354.39, 0.8368, -0.2207, -0.4702, -0.1735
21:16:48, 6.57, 197, 303.19, 327.93, 354.42, 0.8380, -0.2204, -0.4685, -0.1724
21:16:48, 6.57, 197, 303.53, 328.02, 354.45, 0.8396, -0.2204, -0.4660, -0.1712
21:16:48, 6.60, 198, 303.93, 328.06, 354.54, 0.8415, -0.2210, -0.4629, -0.1696
21:16:48, 6.60, 198, 304.28, 328.21, 354.58, 0.8433, -0.2206, -0.4604, -0.1681
21:16:48, 6.60, 198, 304.57, 328.43, 354.65, 0.8450, -0.2197, -0.4583, -0.1661
21:16:48, 6.63, 199, 304.89, 328.70, 354.68, 0.8470, -0.2182, -0.4561, -0.1643
21:16:48, 6.63, 199, 305.28, 328.98, 354.75, 0.8493, -0.2169, -0.4532, -0.1619
21:16:48, 6.67, 200, 305.88, 329.22, 354.81, 0.8522, -0.2163, -0.4489, -0.1595
21:16:48, 6.67, 200, 306.48, 329.41, 354.96, 0.8552, -0.2162, -0.4443, -0.1565
21:16:48, 6.67, 200, 307.08, 329.60, 355.06, 0.8581, -0.2160, -0.4397, -0.1540
21:16:48, 6.70, 201, 307.56, 329.81, 355.31, 0.8607, -0.2160, -0.4358, -0.1504
21:16:48, 6.70, 201, 308.07, 330.14, 355.47, 0.8636, -0.2148, -0.4319, -0.1470
21:16:48, 6.73, 202, 308.56, 330.32, 355.71, 0.8661, -0.2149, -0.4278, -0.1436
21:16:48, 6.73, 202, 309.14, 330.50, 355.95, 0.8689, -0.2151, -0.4231, -0.1401
21:16:48, 6.77, 203, 309.89, 330.64, 356.13, 0.8722, -0.2156, -0.4172, -0.1368
21:16:48, 6.77, 203, 310.68, 330.84, 356.40, 0.8758, -0.2159, -0.4108, -0.1326
21:16:48, 6.77, 203, 311.44, 331.06, 356.70, 0.8793, -0.2163, -0.4045, -0.1281
21:16:48, 6.80, 204, 312.24, 331.15, 356.77, 0.8824, -0.2166, -0.3984, -0.1258
21:16:48, 6.80, 204, 313.02, 331.24, 356.90, 0.8854, -0.2172, -0.3922, -0.1230
21:16:48, 6.83, 205, 313.90, 331.30, 356.83, 0.8884, -0.2175, -0.3855, -0.1216
21:16:48, 6.83, 205, 314.79, 331.49, 356.74, 0.8917, -0.2166, -0.3788, -0.1201
21:16:48, 6.83, 205, 315.71, 331.82, 356.63, 0.8953, -0.2146, -0.3721, -0.1181
21:16:48, 6.87, 206, 316.56, 332.15, 356.77, 0.8988, -0.2134, -0.3654, -0.1145
21:16:48, 6.87, 206, 317.23, 332.40, 356.96, 0.9016, -0.2126, -0.3599, -0.1109
21:16:48, 6.90, 207, 317.82, 332.58, 357.03, 0.9039, -0.2120, -0.3552, -0.1087
21:16:48, 6.90, 207, 318.45, 332.77, 357.03, 0.9062, -0.2111, -0.3503, -0.1070
21:16:48, 6.93, 208, 319.07, 333.16, 356.98, 0.9089, -0.2084, -0.3457, -0.1051
21:16:48, 6.93, 208, 319.71, 333.44, 356.92, 0.9113, -0.2065, -0.3408, -0.1036
21:16:49, 6.93, 208, 320.34, 333.67, 356.98, 0.9136, -0.2055, -0.3359, -0.1014
21:16:49, 6.97, 209, 320.77, 333.79, 357.02, 0.9151, -0.2050, -0.3324, -0.1000
21:16:49, 6.97, 209, 321.19, 334.02, 357.09, 0.9169, -0.2037, -0.3290, -0.0980
21:16:49, 7.00, 210, 321.54, 334.28, 357.10, 0.9184, -0.2020, -0.3263, -0.0966
21:16:49, 7.00, 210, 321.92, 334.56, 357.17, 0.9200, -0.2002, -0.3233, -0.0946
21:16:49, 7.03, 211, 322.37, 334.87, 357.13, 0.9219, -0.1980, -0.3198, -0.0933
21:16:49, 7.03, 211, 322.69, 335.11, 357.17, 0.9232, -0.1964, -0.3173, -0.0918
21:16:49, 7.03, 211, 322.99, 335.39, 357.22, 0.9246, -0.1945, -0.3149, -0.0901
21:16:49, 7.07, 212, 323.22, 335.70, 357.10, 0.9257, -0.1918, -0.3134, -0.0899
21:16:49, 7.07, 212, 323.44, 336.05, 356.99, 0.9268, -0.1889, -0.3119, -0.0894
21:16:49, 7.10, 213, 323.61, 336.41, 356.97, 0.9279, -0.1861, -0.3107, -0.0884
21:16:49, 7.10, 213, 323.64, 336.66, 357.07, 0.9285, -0.1843, -0.3103, -0.0869
21:16:49, 7.10, 213, 323.63, 336.95, 357.20, 0.9291, -0.1823, -0.3104, -0.0851
21:16:49, 7.13, 214, 323.56, 337.18, 357.38, 0.9294, -0.1808, -0.3107, -0.0831
21:16:49, 7.13, 214, 323.48, 337.31, 357.48, 0.9295, -0.1801, -0.3112, -0.0821
21:16:49, 7.17, 215, 323.43, 337.51, 357.49, 0.9297, -0.1784, -0.3117, -0.0816
21:16:49, 7.17, 215, 323.40, 337.76, 357.46, 0.9300, -0.1762, -0.3121, -0.0812
21:16:49, 7.20, 216, 323.33, 338.05, 357.45, 0.9303, -0.1738, -0.3127, -0.0806
21:16:49, 7.20, 216, 323.31, 338.26, 357.47, 0.9306, -0.1722, -0.3130, -0.0799
21:16:49, 7.20, 216, 323.23, 338.46, 357.52, 0.9307, -0.1706, -0.3136, -0.0791
21:16:49, 7.23, 217, 323.11, 338.67, 357.60, 0.9308, -0.1690, -0.3146, -0.0781
21:16:49, 7.23, 217, 322.99, 338.95, 357.64, 0.9309, -0.1667, -0.3156, -0.0772
21:16:49, 7.27, 218, 322.93, 339.39, 357.61, 0.9315, -0.1630, -0.3162, -0.0763
21:16:49, 7.27, 218, 322.86, 339.90, 357.55, 0.9320, -0.1587, -0.3170, -0.0755
21:16:49, 7.27, 218, 322.80, 340.34, 357.58, 0.9325, -0.1551, -0.3176, -0.0741
21:16:49, 7.30, 219, 322.63, 340.89, 357.66, 0.9329, -0.1507, -0.3191, -0.0722
21:16:49, 7.30, 219, 322.46, 341.39, 357.68, 0.9331, -0.1466, -0.3205, -0.0709
21:16:49, 7.33, 220, 322.29, 341.96, 357.65, 0.9334, -0.1418, -0.3222, -0.0698
21:16:49, 7.33, 220, 322.09, 342.61, 357.62, 0.9337, -0.1363, -0.3240, -0.0685
21:16:49, 7.37, 221, 321.96, 343.28, 357.60, 0.9342, -0.1307, -0.3252, -0.0669
21:16:49, 7.37, 221, 321.75, 343.91, 357.51, 0.9343, -0.1252, -0.3272, -0.0661
21:16:49, 7.37, 221, 321.48, 344.52, 357.44, 0.9342, -0.1198, -0.3296, -0.0653
21:16:49, 7.40, 222, 321.21, 345.13, 357.44, 0.9341, -0.1147, -0.3319, -0.0639
21:16:49, 7.40, 222, 320.87, 345.68, 357.39, 0.9337, -0.1099, -0.3349, -0.0630
21:16:49, 7.43, 223, 320.62, 346.28, 357.39, 0.9336, -0.1048, -0.3370, -0.0615
21:16:49, 7.43, 223, 320.27, 346.72, 357.43, 0.9331, -0.1012, -0.3399, -0.0603
21:16:49, 7.43, 223, 319.93, 347.11, 357.47, 0.9325, -0.0980, -0.3426, -0.0591
21:16:49, 7.47, 224, 319.53, 347.43, 357.54, 0.9316, -0.0953, -0.3460, -0.0578
21:16:49, 7.47, 224, 319.08, 347.67, 357.54, 0.9305, -0.0931, -0.3496, -0.0575
21:16:49, 7.50, 225, 318.57, 347.98, 357.67, 0.9293, -0.0908, -0.3537, -0.0559
21:16:49, 7.50, 225, 318.01, 348.09, 357.72, 0.9276, -0.0898, -0.3582, -0.0557
21:16:49, 7.53, 226, 317.39, 348.22, 357.73, 0.9258, -0.0884, -0.3632, -0.0557
21:16:49, 7.53, 226, 316.74, 348.30, 357.78, 0.9238, -0.0876, -0.3684, -0.0555
21:16:49, 7.53, 226, 316.14, 348.39, 357.74, 0.9219, -0.0865, -0.3734, -0.0560
21:16:49, 7.57, 227, 315.50, 348.50, 357.71, 0.9200, -0.0852, -0.3785, -0.0563
21:16:49, 7.57, 227, 314.91, 348.69, 357.63, 0.9181, -0.0831, -0.3834, -0.0568
21:16:49, 7.60, 228, 314.35, 348.81, 357.63, 0.9163, -0.0819, -0.3879, -0.0568
21:16:49, 7.60, 228, 313.79, 348.94, 357.62, 0.9145, -0.0805, -0.3924, -0.0568
21:16:49, 7.60, 228, 313.31, 349.08, 357.66, 0.9130, -0.0793, -0.3961, -0.0563
21:16:49, 7.63, 229, 312.74, 349.15, 357.74, 0.9111, -0.0787, -0.4007, -0.0559
21:16:49, 7.63, 229, 312.20, 349.25, 357.80, 0.9093, -0.0779, -0.4049, -0.0554
21:16:49, 7.67, 230, 311.65, 349.38, 357.75, 0.9075, -0.0764, -0.4093, -0.0557
21:16:49, 7.67, 230, 311.13, 349.45, 357.74, 0.9056, -0.0755, -0.4135, -0.0559
21:16:49, 7.70, 231, 310.66, 349.61, 357.74, 0.9041, -0.0741, -0.4172, -0.0557
21:16:49, 7.70, 231, 310.24, 349.64, 357.78, 0.9026, -0.0738, -0.4205, -0.0554
21:16:49, 7.70, 231, 309.84, 349.63, 357.83, 0.9011, -0.0738, -0.4237, -0.0553
21:16:49, 7.73, 232, 309.60, 349.59, 357.91, 0.9002, -0.0743, -0.4255, -0.0551
21:16:49, 7.73, 232, 309.30, 349.62, 358.01, 0.8992, -0.0743, -0.4278, -0.0543
21:16:49, 7.77, 233, 309.07, 349.67, 358.11, 0.8984, -0.0742, -0.4295, -0.0535
21:16:49, 7.77, 233, 308.90, 349.74, 358.05, 0.8978, -0.0733, -0.4308, -0.0538
21:16:49, 7.77, 233, 308.77, 349.83, 358.06, 0.8974, -0.0726, -0.4319, -0.0535
21:16:49, 7.80, 234, 308.68, 349.94, 358.09, 0.8971, -0.0718, -0.4326, -0.0529
21:16:49, 7.80, 234, 308.67, 350.08, 358.09, 0.8972, -0.0707, -0.4327, -0.0524
21:16:49, 7.83, 235, 308.71, 350.16, 358.07, 0.8974, -0.0700, -0.4325, -0.0522
21:16:49, 7.83, 235, 308.80, 350.27, 358.09, 0.8978, -0.0693, -0.4317, -0.0516
21:16:49, 7.87, 236, 308.94, 350.39, 358.12, 0.8985, -0.0686, -0.4307, -0.0509
21:16:49, 7.87, 236, 309.07, 350.55, 358.10, 0.8991, -0.0673, -0.4297, -0.0503
21:16:49, 7.87, 236, 309.21, 350.66, 358.09, 0.8997, -0.0664, -0.4286, -0.0499
21:16:49, 7.90, 237, 309.35, 350.71, 358.08, 0.9002, -0.0660, -0.4275, -0.0498
21:16:49, 7.90, 237, 309.49, 350.79, 358.18, 0.9008, -0.0659, -0.4264, -0.0486
21:16:49, 7.93, 238, 309.61, 350.82, 358.25, 0.9013, -0.0659, -0.4254, -0.0479
21:16:49, 7.93, 238, 309.76, 350.83, 358.24, 0.9019, -0.0659, -0.4242, -0.0478
21:16:50, 7.93, 238, 309.88, 350.89, 358.16, 0.9024, -0.0652, -0.4233, -0.0481
21:16:50, 7.97, 239, 310.03, 350.96, 358.09, 0.9029, -0.0644, -0.4222, -0.0484
21:16:50, 7.97, 239, 310.17, 351.02, 357.96, 0.9034, -0.0635, -0.4212, -0.0490
21:16:50, 8.00, 240, 310.33, 351.12, 357.91, 0.9040, -0.0626, -0.4200, -0.0490
21:16:50, 8.00, 240, 310.49, 351.19, 357.87, 0.9047, -0.0620, -0.4187, -0.0490
21:16:50, 8.03, 241, 310.71, 351.27, 357.82, 0.9055, -0.0612, -0.4170, -0.0490
21:16:50, 8.03, 241, 310.97, 351.33, 357.78, 0.9065, -0.0608, -0.4150, -0.0490
21:16:50, 8.03, 241, 311.28, 351.42, 357.72, 0.9076, -0.0600, -0.4126, -0.0489
21:16:50, 8.07, 242, 311.66, 351.56, 357.66, 0.9090, -0.0588, -0.4096, -0.0487
21:16:50, 8.07, 242, 312.06, 351.73, 357.67, 0.9106, -0.0576, -0.4064, -0.0478
21:16:50, 8.10, 243, 312.42, 351.92, 357.76, 0.9120, -0.0566, -0.4036, -0.0462
21:16:50, 8.10, 243, 312.77, 352.11, 357.88, 0.9134, -0.0556, -0.4008, -0.0445
21:16:50, 8.10, 243, 313.22, 352.35, 357.86, 0.9151, -0.0538, -0.3972, -0.0436
21:16:50, 8.13, 244, 313.63, 352.58, 357.88, 0.9167, -0.0522, -0.3939, -0.0425
21:16:50, 8.13, 244, 314.11, 352.89, 357.94, 0.9185, -0.0501, -0.3901, -0.0407
21:16:50, 8.17, 245, 314.49, 353.28, 358.01, 0.9200, -0.0473, -0.3870, -0.0386
21:16:50, 8.17, 245, 314.93, 353.72, 357.99, 0.9217, -0.0439, -0.3835, -0.0372
21:16:50, 8.17, 245, 315.31, 354.21, 357.95, 0.9232, -0.0399, -0.3805, -0.0357
21:16:50, 8.20, 246, 315.71, 354.51, 357.83, 0.9247, -0.0373, -0.3773, -0.0356
21:16:50, 8.20, 246, 316.08, 354.88, 357.83, 0.9260, -0.0343, -0.3743, -0.0343
21:16:50, 8.23, 247, 316.40, 355.29, 357.81, 0.9272, -0.0311, -0.3717, -0.0330
21:16:50, 8.23, 247, 316.71, 355.65, 357.75, 0.9284, -0.0280, -0.3692, -0.0322
21:16:50, 8.27, 248, 316.96, 355.94, 357.73, 0.9293, -0.0257, -0.3672, -0.0314
21:16:50, 8.27, 248, 317.26, 356.11, 357.74, 0.9303, -0.0244, -0.3647, -0.0307
21:16:50, 8.27, 248, 317.48, 356.25, 357.72, 0.9310, -0.0233, -0.3630, -0.0304
21:16:50, 8.30, 249, 317.67, 356.37, 357.66, 0.9316, -0.0222, -0.3614, -0.0305
21:16:50, 8.30, 249, 317.82, 356.52, 357.60, 0.9322, -0.0208, -0.3602, -0.0305
21:16:50, 8.33, 250, 317.97, 356.64, 357.50, 0.9326, -0.0196, -0.3589, -0.0309
21:16:50, 8.33, 250, 318.15, 356.65, 357.50, 0.9332, -0.0195, -0.3575, -0.0308
21:16:50, 8.37, 251, 318.29, 356.63, 357.50, 0.9336, -0.0197, -0.3563, -0.0309
21:16:50, 8.37, 251, 318.40, 356.52, 357.42, 0.9339, -0.0204, -0.3555, -0.0318
21:16:50, 8.37, 251, 318.55, 356.46, 357.32, 0.9343, -0.0206, -0.3543, -0.0328
21:16:50, 8.40, 252, 318.73, 356.44, 357.24, 0.9349, -0.0206, -0.3528, -0.0335
21:16:50, 8.40, 252, 318.98, 356.39, 357.22, 0.9356, -0.0210, -0.3508, -0.0337
21:16:50, 8.43, 253, 319.21, 356.31, 357.33, 0.9363, -0.0221, -0.3489, -0.0331
21:16:50, 8.43, 253, 319.48, 356.20, 357.46, 0.9371, -0.0234, -0.3467, -0.0323
21:16:50, 8.43, 253, 319.75, 356.08, 357.52, 0.9379, -0.0247, -0.3445, -0.0320
21:16:50, 8.47, 254, 320.04, 355.99, 357.56, 0.9388, -0.0256, -0.3421, -0.0319
21:16:50, 8.47, 254, 320.38, 355.92, 357.67, 0.9398, -0.0266, -0.3393, -0.0312
21:16:50, 8.50, 255, 320.76, 355.83, 357.78, 0.9409, -0.0278, -0.3362, -0.0305
21:16:50, 8.50, 255, 321.16, 355.77, 357.88, 0.9421, -0.0287, -0.3328, -0.0297
21:16:50, 8.53, 256, 321.63, 355.66, 357.97, 0.9434, -0.0300, -0.3290, -0.0292
21:16:50, 8.53, 256, 322.16, 355.57, 358.05, 0.9449, -0.0310, -0.3246, -0.0287
21:16:50, 8.53, 256, 322.71, 355.55, 358.10, 0.9465, -0.0315, -0.3200, -0.0281
21:16:50, 8.57, 257, 323.42, 355.47, 358.25, 0.9484, -0.0327, -0.3142, -0.0269
21:16:50, 8.57, 257, 324.08, 355.43, 358.39, 0.9502, -0.0336, -0.3086, -0.0257
21:16:50, 8.60, 258, 324.97, 355.40, 358.37, 0.9526, -0.0340, -0.3012, -0.0256
21:16:50, 8.60, 258, 325.97, 355.52, 358.25, 0.9552, -0.0329, -0.2930, -0.0260
21:16:50, 8.60, 258, 327.32, 355.56, 358.08, 0.9586, -0.0325, -0.2817, -0.0270
21:16:50, 8.63, 259, 328.74, 355.61, 358.09, 0.9620, -0.0323, -0.2698, -0.0264
21:16:50, 8.63, 259, 330.61, 355.70, 358.10, 0.9663, -0.0321, -0.2540, -0.0255
21:16:50, 8.67, 260, 332.76, 355.92, 358.02, 0.9710, -0.0306, -0.2359, -0.0252
21:16:50, 8.67, 260, 335.09, 356.19, 357.90, 0.9756, -0.0285, -0.2161, -0.0251
21:16:50, 8.67, 260, 337.80, 356.42, 357.85, 0.9805, -0.0270, -0.1929, -0.0244
21:16:50, 8.70, 261, 340.88, 356.71, 358.03, 0.9855, -0.0255, -0.1665, -0.0218
21:16:50, 8.70, 261, 344.09, 357.06, 358.16, 0.9899, -0.0232, -0.1387, -0.0194
21:16:50, 8.73, 262, 347.39, 357.42, 358.28, 0.9936, -0.0207, -0.1101, -0.0174
21:16:50, 8.73, 262, 350.82, 357.77, 358.22, 0.9965, -0.0181, -0.0803, -0.0170
21:16:50, 8.77, 263, 354.53, 358.25, 358.06, 0.9986, -0.0145, -0.0480, -0.0177
21:16:50, 8.77, 263, 358.38, 358.53, 358.21, 0.9997, -0.0126, -0.0144, -0.0158
21:16:50, 8.77, 263, 2.30, 358.79, 358.48, 0.9997, -0.0108, 0.0199, -0.0130
21:16:50, 8.80, 264, 6.13, 359.07, 358.61, 0.9985, -0.0087, 0.0534, -0.0117
21:16:50, 8.80, 264, 10.00, 359.38, 358.73, 0.9961, -0.0064, 0.0871, -0.0106
21:16:50, 8.83, 265, 13.87, 359.64, 358.73, 0.9926, -0.0044, 0.1207, -0.0106
21:16:50, 8.83, 265, 17.64, 359.86, 358.87, 0.9881, -0.0027, 0.1533, -0.0095
21:16:50, 8.87, 266, 21.32, 359.84, 359.10, 0.9827, -0.0028, 0.1850, -0.0075
21:16:50, 8.87, 266, 24.80, 0.02, 359.21, 0.9766, -0.0013, 0.2147, -0.0068
21:16:50, 8.87, 266, 28.31, 0.18, 359.18, 0.9696, -0.0002, 0.2445, -0.0074
21:16:50, 8.90, 267, 31.63, 0.29, 359.22, 0.9621, 0.0006, 0.2725, -0.0073
21:16:50, 8.90, 267, 34.83, 0.28, 359.29, 0.9541, 0.0005, 0.2993, -0.0067
21:16:50, 8.93, 268, 37.86, 0.20, 359.39, 0.9459, -0.0001, 0.3244, -0.0056
21:16:50, 8.93, 268, 40.85, 0.27, 359.50, 0.9371, 0.0007, 0.3490, -0.0049
21:16:51, 8.93, 268, 43.74, 0.31, 359.63, 0.9280, 0.0013, 0.3725, -0.0040
21:16:51, 8.97, 269, 46.51, 0.39, 359.86, 0.9188, 0.0026, 0.3948, -0.0025
21:16:51, 8.97, 269, 49.23, 0.33, 0.01, 0.9091, 0.0027, 0.4165, -0.0011
21:16:51, 9.00, 270, 51.85, 0.24, 0.11, 0.8994, 0.0024, 0.4372, 0.0000
21:16:51, 9.00, 270, 54.34, 0.10, 0.31, 0.8896, 0.0020, 0.4566, 0.0020
21:16:51, 9.03, 271, 56.62, 359.94, 0.79, 0.8804, 0.0028, 0.4743, 0.0063
21:16:51, 9.03, 271, 58.81, 359.57, 1.27, 0.8711, 0.0022, 0.4910, 0.0115
21:16:51, 9.03, 271, 61.05, 359.04, 1.62, 0.8612, 0.0000, 0.5079, 0.0164
21:16:51, 9.07, 272, 63.24, 358.52, 1.88, 0.8513, -0.0024, 0.5243, 0.0207
21:16:51, 9.07, 272, 65.33, 358.15, 2.22, 0.8414, -0.0031, 0.5398, 0.0250
21:16:51, 9.10, 273, 67.34, 358.00, 2.49, 0.8317, -0.0025, 0.5545, 0.0278
21:16:51, 9.10, 273, 69.24, 357.89, 2.66, 0.8224, -0.0020, 0.5682, 0.0296
21:16:51, 9.10, 273, 70.89, 357.76, 2.83, 0.8140, -0.0016, 0.5800, 0.0314
21:16:51, 9.13, 274, 72.29, 357.69, 2.77, 0.8069, -0.0020, 0.5899, 0.0314
21:16:51, 9.13, 274, 73.66, 357.57, 2.78, 0.7997, -0.0025, 0.5995, 0.0321
21:16:51, 9.17, 275, 74.71, 357.44, 2.71, 0.7941, -0.0034, 0.6069, 0.0323
21:16:51, 9.17, 275, 75.68, 357.47, 2.78, 0.7890, -0.0025, 0.6135, 0.0327
21:16:51, 9.20, 276, 76.52, 357.56, 2.76, 0.7845, -0.0018, 0.6193, 0.0321
21:16:51, 9.20, 276, 77.23, 357.70, 2.60, 0.7807, -0.0015, 0.6242, 0.0302
21:16:51, 9.20, 276, 77.83, 357.74, 2.33, 0.7775, -0.0026, 0.6282, 0.0282
21:16:51, 9.23, 277, 78.46, 357.90, 2.03, 0.7742, -0.0030, 0.6325, 0.0253
21:16:51, 9.23, 277, 78.91, 357.93, 1.92, 0.7717, -0.0033, 0.6355, 0.0244
21:16:51, 9.27, 278, 79.23, 358.12, 1.84, 0.7700, -0.0024, 0.6377, 0.0228
21:16:51, 9.27, 278, 79.44, 358.26, 1.72, 0.7689, -0.0021, 0.6390, 0.0212
21:16:51, 9.27, 278, 79.56, 358.41, 1.63, 0.7682, -0.0016, 0.6399, 0.0198
21:16:51, 9.30, 279, 79.52, 358.48, 1.47, 0.7685, -0.0020, 0.6396, 0.0183
21:16:51, 9.30, 279, 79.46, 358.49, 1.33, 0.7688, -0.0027, 0.6392, 0.0174
21:16:51, 9.33, 280, 79.32, 358.50, 1.20, 0.7697, -0.0034, 0.6382, 0.0165
21:16:51, 9.33, 280, 79.15, 358.50, 1.08, 0.7706, -0.0041, 0.6371, 0.0156
21:16:51, 9.37, 281, 78.97, 358.52, 0.94, 0.7716, -0.0047, 0.6359, 0.0145
21:16:51, 9.37, 281, 78.82, 358.53, 0.80, 0.7725, -0.0055, 0.6349, 0.0135
21:16:51, 9.37, 281, 78.64, 358.38, 0.78, 0.7734, -0.0066, 0.6337, 0.0142
21:16:51, 9.40, 282, 78.45, 358.11, 0.83, 0.7745, -0.0082, 0.6324, 0.0161
21:16:51, 9.40, 282, 78.30, 357.78, 0.81, 0.7752, -0.0106, 0.6313, 0.0177
21:16:51, 9.43, 283, 78.29, 357.47, 0.73, 0.7753, -0.0131, 0.6312, 0.0189
21:16:51, 9.43, 283, 78.34, 357.16, 0.72, 0.7749, -0.0153, 0.6315, 0.0205
21:16:51, 9.43, 283, 78.39, 356.86, 0.79, 0.7746, -0.0169, 0.6319, 0.0227
21:16:51, 9.47, 284, 78.46, 356.54, 0.84, 0.7741, -0.0187, 0.6323, 0.0248
21:16:51, 9.47, 284, 78.48, 356.24, 0.86, 0.7739, -0.0207, 0.6324, 0.0266
21:16:51, 9.50, 285, 78.53, 355.89, 0.89, 0.7735, -0.0228, 0.6327, 0.0287
21:16:51, 9.50, 285, 78.57, 355.61, 0.92, 0.7732, -0.0245, 0.6330, 0.0304
21:16:51, 9.53, 286, 78.62, 355.30, 0.98, 0.7728, -0.0263, 0.6332, 0.0326
21:16:51, 9.53, 286, 78.63, 354.94, 1.09, 0.7726, -0.0282, 0.6332, 0.0353
21:16:51, 9.53, 286, 78.61, 354.53, 1.15, 0.7726, -0.0306, 0.6331, 0.0380
21:16:51, 9.57, 287, 78.53, 354.04, 1.25, 0.7728, -0.0334, 0.6325, 0.0413
21:16:51, 9.57, 287, 78.45, 353.59, 1.25, 0.7730, -0.0364, 0.6318, 0.0438
21:16:51, 9.60, 288, 78.36, 353.16, 1.24, 0.7733, -0.0394, 0.6311, 0.0460
21:16:51, 9.60, 288, 78.33, 352.72, 1.25, 0.7733, -0.0423, 0.6308, 0.0485
21:16:51, 9.60, 288, 78.22, 352.35, 1.29, 0.7737, -0.0447, 0.6300, 0.0508
21:16:51, 9.63, 289, 78.13, 351.97, 1.25, 0.7740, -0.0475, 0.6292, 0.0525
21:16:51, 9.63, 289, 78.04, 351.75, 1.23, 0.7744, -0.0492, 0.6285, 0.0536
21:16:51, 9.67, 290, 77.99, 351.52, 1.18, 0.7746, -0.0510, 0.6281, 0.0545
21:16:51, 9.67, 290, 77.92, 351.36, 1.12, 0.7749, -0.0524, 0.6275, 0.0549
21:16:51, 9.70, 291, 77.88, 351.32, 1.04, 0.7751, -0.0532, 0.6272, 0.0546
21:16:51, 9.70, 291, 77.80, 351.33, 1.02, 0.7756, -0.0533, 0.6267, 0.0544
21:16:51, 9.70, 291, 77.74, 351.39, 0.97, 0.7760, -0.0531, 0.6262, 0.0537
21:16:51, 9.73, 292, 77.72, 351.51, 0.89, 0.7761, -0.0528, 0.6262, 0.0525
21:16:51, 9.73, 292, 77.74, 351.69, 0.79, 0.7762, -0.0521, 0.6263, 0.0509
21:16:51, 9.77, 293, 77.77, 351.93, 0.74, 0.7762, -0.0507, 0.6266, 0.0492
21:16:51, 9.77, 293, 77.80, 352.26, 0.72, 0.7762, -0.0486, 0.6268, 0.0473
21:16:51, 9.77, 293, 77.83, 352.60, 0.69, 0.7762, -0.0465, 0.6271, 0.0452
21:16:51, 9.80, 294, 77.89, 352.90, 0.68, 0.7760, -0.0445, 0.6276, 0.0435
21:16:51, 9.80, 294, 77.93, 353.21, 0.75, 0.7759, -0.0419, 0.6280, 0.0423
21:16:51, 9.83, 295, 78.00, 353.60, 0.83, 0.7757, -0.0388, 0.6286, 0.0407
21:16:51, 9.83, 295, 78.05, 354.03, 0.86, 0.7756, -0.0357, 0.6291, 0.0386
21:16:51, 9.87, 296, 78.11, 354.52, 0.88, 0.7754, -0.0323, 0.6296, 0.0361
21:16:51, 9.87, 296, 78.14, 354.91, 0.88, 0.7754, -0.0297, 0.6299, 0.0340
21:16:51, 9.87, 296, 78.17, 355.17, 0.76, 0.7753, -0.0285, 0.6301, 0.0318
21:16:51, 9.90, 297, 78.23, 355.51, 0.69, 0.7751, -0.0266, 0.6306, 0.0294
21:16:51, 9.90, 297, 78.20, 356.04, 0.71, 0.7754, -0.0229, 0.6304, 0.0266
21:16:51, 9.93, 298, 78.16, 356.60, 0.79, 0.7758, -0.0186, 0.6302, 0.0240
21:16:51, 9.93, 298, 78.09, 357.07, 0.81, 0.7763, -0.0155, 0.6299, 0.0216
21:16:52, 9.93, 298, 78.03, 357.33, 0.73, 0.7767, -0.0141, 0.6294, 0.0196
21:16:52, 9.97, 299, 77.98, 357.56, 0.60, 0.7770, -0.0133, 0.6291, 0.0175
21:16:52, 9.97, 299, 77.94, 357.82, 0.55, 0.7773, -0.0118, 0.6289, 0.0157
