Timestamp, VideoTime, VideoFrame, HeadYaw, HeadPitch, HeadRoll, HeadQuatW, HeadQuatX, HeadQuatY, HeadQuatZ
21:28:55, 0.00, 0, 7.34, 353.29, 354.87, 0.9954, -0.0612, 0.0612, -0.0408
21:28:55, 0.03, 1, 7.32, 353.18, 354.86, 0.9954, -0.0621, 0.0610, -0.0409
21:28:55, 0.03, 1, 7.29, 353.12, 354.82, 0.9953, -0.0627, 0.0607, -0.0412
21:28:55, 0.03, 1, 7.28, 353.11, 354.78, 0.9953, -0.0628, 0.0606, -0.0416
21:28:55, 0.07, 2, 7.28, 353.13, 354.75, 0.9953, -0.0627, 0.0606, -0.0418
21:28:55, 0.07, 2, 7.25, 353.10, 354.77, 0.9953, -0.0628, 0.0603, -0.0417
21:28:55, 0.10, 3, 7.22, 353.11, 354.79, 0.9954, -0.0628, 0.0601, -0.0415
21:28:55, 0.10, 3, 7.21, 353.12, 354.78, 0.9954, -0.0627, 0.0600, -0.0416
21:28:55, 0.10, 3, 7.22, 353.15, 354.77, 0.9954, -0.0625, 0.0601, -0.0417
21:28:55, 0.13, 4, 7.22, 353.18, 354.78, 0.9954, -0.0622, 0.0601, -0.0416
21:28:55, 0.13, 4, 7.24, 353.26, 354.82, 0.9954, -0.0615, 0.0603, -0.0413
21:28:55, 0.17, 5, 7.25, 353.30, 354.88, 0.9955, -0.0611, 0.0604, -0.0409
21:28:55, 0.17, 5, 7.24, 353.32, 354.93, 0.9955, -0.0609, 0.0604, -0.0404
21:28:55, 0.20, 6, 7.22, 353.38, 354.98, 0.9956, -0.0603, 0.0603, -0.0400
21:28:55, 0.20, 6, 7.21, 353.38, 355.04, 0.9956, -0.0603, 0.0602, -0.0395
21:28:55, 0.20, 6, 7.15, 353.37, 355.10, 0.9956, -0.0603, 0.0597, -0.0390
21:28:55, 0.23, 7, 7.13, 353.29, 355.08, 0.9956, -0.0610, 0.0595, -0.0391
21:28:55, 0.23, 7, 7.06, 353.19, 355.05, 0.9956, -0.0619, 0.0589, -0.0393
21:28:55, 0.27, 8, 7.02, 353.07, 355.04, 0.9955, -0.0629, 0.0585, -0.0394
21:28:55, 0.27, 8, 6.99, 353.05, 355.02, 0.9955, -0.0631, 0.0582, -0.0396
21:28:55, 0.27, 8, 6.97, 353.03, 354.98, 0.9955, -0.0633, 0.0580, -0.0400
21:28:55, 0.30, 9, 6.97, 353.00, 354.94, 0.9955, -0.0635, 0.0579, -0.0403
21:28:55, 0.30, 9, 6.95, 353.04, 354.95, 0.9955, -0.0632, 0.0578, -0.0402
21:28:55, 0.33, 10, 6.93, 353.04, 354.95, 0.9955, -0.0632, 0.0576, -0.0403
21:28:55, 0.33, 10, 6.94, 353.13, 354.96, 0.9956, -0.0624, 0.0578, -0.0402
21:28:55, 0.33, 10, 6.97, 353.17, 354.96, 0.9956, -0.0621, 0.0580, -0.0402
21:28:55, 0.37, 11, 6.98, 353.28, 354.97, 0.9956, -0.0611, 0.0581, -0.0402
21:28:55, 0.37, 11, 7.01, 353.38, 354.98, 0.9957, -0.0603, 0.0584, -0.0401
21:28:55, 0.40, 12, 7.03, 353.41, 355.02, 0.9957, -0.0599, 0.0586, -0.0397
21:28:55, 0.40, 12, 7.03, 353.43, 355.06, 0.9957, -0.0598, 0.0587, -0.0395
21:28:55, 0.43, 13, 7.01, 353.44, 355.09, 0.9957, -0.0596, 0.0585, -0.0392
21:28:55, 0.43, 13, 6.98, 353.45, 355.11, 0.9958, -0.0596, 0.0583, -0.0390
21:28:55, 0.43, 13, 6.97, 353.36, 355.10, 0.9957, -0.0604, 0.0581, -0.0390
21:28:55, 0.47, 14, 6.95, 353.33, 355.09, 0.9957, -0.0606, 0.0580, -0.0392
21:28:55, 0.47, 14, 6.92, 353.21, 355.04, 0.9956, -0.0617, 0.0576, -0.0395
21:28:55, 0.50, 15, 6.89, 353.17, 355.02, 0.9956, -0.0620, 0.0574, -0.0397
21:28:55, 0.50, 15, 6.90, 353.12, 354.99, 0.9956, -0.0624, 0.0574, -0.0400
21:28:55, 0.50, 15, 6.88, 353.08, 354.97, 0.9956, -0.0628, 0.0572, -0.0401
21:28:56, 0.53, 16, 6.88, 353.07, 354.97, 0.9956, -0.0629, 0.0572, -0.0401
21:28:56, 0.53, 16, 6.91, 353.10, 355.02, 0.9956, -0.0626, 0.0575, -0.0397
21:28:56, 0.57, 17, 6.91, 353.10, 355.04, 0.9956, -0.0627, 0.0575, -0.0395
21:28:56, 0.57, 17, 6.95, 353.12, 355.08, 0.9956, -0.0625, 0.0579, -0.0391
21:28:56, 0.60, 18, 6.95, 353.11, 355.12, 0.9956, -0.0625, 0.0579, -0.0387
21:28:56, 0.60, 18, 6.98, 353.16, 355.19, 0.9956, -0.0620, 0.0582, -0.0382
21:28:56, 0.60, 18, 6.97, 353.22, 355.25, 0.9957, -0.0615, 0.0582, -0.0377
21:28:56, 0.63, 19, 6.99, 353.32, 355.26, 0.9957, -0.0607, 0.0584, -0.0376
21:28:56, 0.63, 19, 6.98, 353.32, 355.30, 0.9958, -0.0606, 0.0583, -0.0373
21:28:56, 0.67, 20, 6.98, 353.25, 355.31, 0.9957, -0.0612, 0.0583, -0.0372
21:28:56, 0.67, 20, 6.95, 353.18, 355.29, 0.9957, -0.0618, 0.0581, -0.0373
21:28:56, 0.70, 21, 6.97, 353.15, 355.26, 0.9957, -0.0621, 0.0581, -0.0376
21:28:56, 0.70, 21, 7.00, 353.13, 355.26, 0.9956, -0.0622, 0.0584, -0.0375
21:28:56, 0.70, 21, 7.03, 353.11, 355.28, 0.9956, -0.0625, 0.0587, -0.0374
21:28:56, 0.73, 22, 7.12, 353.11, 355.29, 0.9956, -0.0625, 0.0595, -0.0372
21:28:56, 0.73, 22, 7.26, 353.12, 355.36, 0.9955, -0.0624, 0.0607, -0.0365
21:28:56, 0.77, 23, 7.49, 353.19, 355.42, 0.9955, -0.0618, 0.0628, -0.0359
21:28:56, 0.77, 23, 7.79, 353.23, 355.52, 0.9953, -0.0615, 0.0655, -0.0349
21:28:56, 0.77, 23, 8.18, 353.29, 355.63, 0.9952, -0.0611, 0.0690, -0.0338
21:28:56, 0.80, 24, 8.67, 353.43, 355.72, 0.9950, -0.0599, 0.0733, -0.0328
21:28:56, 0.80, 24, 9.12, 353.50, 355.89, 0.9948, -0.0593, 0.0773, -0.0311
21:28:56, 0.83, 25, 9.60, 353.61, 356.12, 0.9945, -0.0583, 0.0817, -0.0290
21:28:56, 0.83, 25, 10.10, 353.75, 356.29, 0.9943, -0.0571, 0.0861, -0.0274
21:28:56, 0.87, 26, 10.61, 353.76, 356.56, 0.9939, -0.0570, 0.0906, -0.0248
21:28:56, 0.87, 26, 11.09, 353.78, 356.80, 0.9936, -0.0566, 0.0949, -0.0225
21:28:56, 0.87, 26, 11.64, 353.80, 356.98, 0.9932, -0.0565, 0.0998, -0.0207
21:28:56, 0.90, 27, 12.13, 353.79, 357.15, 0.9928, -0.0564, 0.1041, -0.0189
21:28:56, 0.90, 27, 12.63, 353.73, 357.29, 0.9923, -0.0569, 0.1085, -0.0174
21:28:56, 0.93, 28, 13.08, 353.82, 357.38, 0.9919, -0.0561, 0.1125, -0.0166
21:28:56, 0.93, 28, 13.60, 353.86, 357.47, 0.9914, -0.0558, 0.1171, -0.0156
21:28:56, 0.93, 28, 14.07, 353.93, 357.60, 0.9910, -0.0551, 0.1211, -0.0143
21:28:56, 0.97, 29, 14.53, 354.04, 357.72, 0.9906, -0.0540, 0.1253, -0.0131
21:28:56, 0.97, 29, 15.05, 354.16, 357.81, 0.9900, -0.0530, 0.1298, -0.0123
21:28:56, 1.00, 30, 15.52, 354.34, 357.96, 0.9896, -0.0513, 0.1339, -0.0109
21:28:56, 1.00, 30, 15.99, 354.53, 358.04, 0.9891, -0.0496, 0.1381, -0.0102
21:28:56, 1.03, 31, 16.44, 354.73, 358.15, 0.9887, -0.0478, 0.1421, -0.0094
21:28:56, 1.03, 31, 16.87, 354.93, 358.29, 0.9882, -0.0459, 0.1459, -0.0082
21:28:56, 1.03, 31, 17.29, 355.09, 358.44, 0.9877, -0.0444, 0.1496, -0.0070
21:28:56, 1.07, 32, 17.64, 355.26, 358.54, 0.9873, -0.0428, 0.1527, -0.0062
21:28:56, 1.07, 32, 17.93, 355.28, 358.67, 0.9870, -0.0425, 0.1552, -0.0051
21:28:56, 1.10, 33, 18.17, 355.34, 358.65, 0.9866, -0.0420, 0.1573, -0.0052
21:28:56, 1.10, 33, 18.38, 355.40, 358.74, 0.9864, -0.0414, 0.1591, -0.0045
21:28:56, 1.10, 33, 18.57, 355.47, 358.77, 0.9861, -0.0407, 0.1608, -0.0042
21:28:56, 1.13, 34, 18.80, 355.46, 358.75, 0.9858, -0.0409, 0.1628, -0.0043
21:28:56, 1.13, 34, 18.94, 355.41, 358.71, 0.9856, -0.0413, 0.1640, -0.0045
21:28:56, 1.17, 35, 19.04, 355.39, 358.65, 0.9854, -0.0416, 0.1648, -0.0049
21:28:56, 1.17, 35, 19.08, 355.43, 358.61, 0.9854, -0.0413, 0.1652, -0.0053
21:28:56, 1.17, 35, 19.14, 355.50, 358.62, 0.9853, -0.0407, 0.1656, -0.0053
21:28:56, 1.20, 36, 19.19, 355.51, 358.61, 0.9853, -0.0406, 0.1661, -0.0054
21:28:56, 1.20, 36, 19.21, 355.52, 358.60, 0.9852, -0.0406, 0.1663, -0.0055
21:28:56, 1.23, 37, 19.26, 355.57, 358.60, 0.9852, -0.0401, 0.1667, -0.0056
21:28:56, 1.23, 37, 19.30, 355.67, 358.64, 0.9851, -0.0392, 0.1671, -0.0054
21:28:56, 1.27, 38, 19.37, 355.74, 358.62, 0.9851, -0.0386, 0.1677, -0.0056
21:28:56, 1.27, 38, 19.37, 355.78, 358.58, 0.9851, -0.0384, 0.1676, -0.0060
21:28:56, 1.27, 38, 19.33, 355.85, 358.52, 0.9852, -0.0379, 0.1673, -0.0066
21:28:56, 1.30, 39, 19.27, 355.86, 358.45, 0.9852, -0.0379, 0.1668, -0.0072
21:28:56, 1.30, 39, 19.20, 355.90, 358.42, 0.9853, -0.0376, 0.1662, -0.0076
21:28:56, 1.33, 40, 19.11, 355.93, 358.40, 0.9855, -0.0373, 0.1654, -0.0078
21:28:56, 1.33, 40, 18.98, 355.92, 358.38, 0.9857, -0.0374, 0.1643, -0.0081
21:28:56, 1.33, 40, 18.85, 355.88, 358.33, 0.9858, -0.0378, 0.1631, -0.0085
21:28:56, 1.37, 41, 18.72, 355.85, 358.25, 0.9860, -0.0382, 0.1620, -0.0092
21:28:56, 1.37, 41, 18.62, 355.81, 358.19, 0.9861, -0.0386, 0.1611, -0.0096
21:28:56, 1.40, 42, 18.58, 355.83, 358.15, 0.9862, -0.0385, 0.1607, -0.0100
21:28:56, 1.40, 42, 18.51, 355.84, 358.09, 0.9863, -0.0385, 0.1601, -0.0106
21:28:56, 1.43, 43, 18.42, 355.91, 358.04, 0.9864, -0.0380, 0.1594, -0.0112
21:28:56, 1.43, 43, 18.33, 355.95, 358.02, 0.9866, -0.0377, 0.1585, -0.0114
21:28:56, 1.43, 43, 18.19, 355.94, 358.06, 0.9868, -0.0377, 0.1574, -0.0111
21:28:56, 1.47, 44, 18.11, 355.93, 358.08, 0.9869, -0.0377, 0.1566, -0.0109
21:28:56, 1.47, 44, 18.09, 355.98, 358.17, 0.9869, -0.0372, 0.1565, -0.0103
21:28:56, 1.50, 45, 18.05, 356.04, 358.25, 0.9870, -0.0365, 0.1563, -0.0096
21:28:56, 1.50, 45, 18.05, 356.09, 358.27, 0.9870, -0.0360, 0.1563, -0.0095
21:28:56, 1.53, 46, 18.02, 356.12, 358.30, 0.9871, -0.0357, 0.1560, -0.0093
21:28:57, 1.53, 46, 18.03, 356.13, 358.33, 0.9871, -0.0356, 0.1561, -0.0091
21:28:57, 1.53, 46, 18.03, 356.13, 358.31, 0.9871, -0.0356, 0.1561, -0.0093
21:28:57, 1.57, 47, 18.02, 356.08, 358.29, 0.9871, -0.0361, 0.1560, -0.0094
21:28:57, 1.57, 47, 17.97, 356.02, 358.23, 0.9871, -0.0367, 0.1555, -0.0098
21:28:57, 1.60, 48, 17.91, 355.95, 358.23, 0.9872, -0.0373, 0.1550, -0.0097
21:28:57, 1.60, 48, 17.88, 355.93, 358.16, 0.9872, -0.0376, 0.1547, -0.0103
21:28:57, 1.60, 48, 17.85, 355.95, 358.14, 0.9872, -0.0374, 0.1545, -0.0106
21:28:57, 1.63, 49, 17.84, 355.96, 358.12, 0.9872, -0.0374, 0.1544, -0.0107
21:28:57, 1.63, 49, 17.87, 355.96, 358.12, 0.9872, -0.0373, 0.1546, -0.0107
21:28:57, 1.67, 50, 17.88, 355.96, 358.07, 0.9872, -0.0374, 0.1547, -0.0111
21:28:57, 1.67, 50, 17.84, 356.05, 358.06, 0.9873, -0.0366, 0.1544, -0.0113
21:28:57, 1.70, 51, 17.81, 356.14, 358.06, 0.9873, -0.0358, 0.1541, -0.0115
21:28:57, 1.70, 51, 17.79, 356.29, 358.09, 0.9874, -0.0346, 0.1540, -0.0115
21:28:57, 1.70, 51, 17.79, 356.34, 358.10, 0.9874, -0.0341, 0.1540, -0.0115
21:28:57, 1.73, 52, 17.85, 356.45, 358.12, 0.9874, -0.0331, 0.1545, -0.0114
21:28:57, 1.73, 52, 17.91, 356.60, 358.15, 0.9873, -0.0318, 0.1551, -0.0113
21:28:57, 1.77, 53, 17.91, 356.66, 358.13, 0.9873, -0.0313, 0.1551, -0.0116
21:28:57, 1.77, 53, 17.83, 356.65, 358.10, 0.9874, -0.0315, 0.1544, -0.0118
21:28:57, 1.77, 53, 17.73, 356.59, 358.06, 0.9876, -0.0320, 0.1535, -0.0121
21:28:57, 1.80, 54, 17.71, 356.51, 358.02, 0.9876, -0.0328, 0.1533, -0.0124
21:28:57, 1.80, 54, 17.73, 356.48, 357.97, 0.9875, -0.0331, 0.1535, -0.0128
21:28:57, 1.83, 55, 17.73, 356.51, 357.94, 0.9875, -0.0329, 0.1535, -0.0131
21:28:57, 1.83, 55, 17.74, 356.51, 357.91, 0.9875, -0.0329, 0.1535, -0.0133
21:28:57, 1.87, 56, 17.74, 356.52, 357.89, 0.9875, -0.0328, 0.1535, -0.0135
21:28:57, 1.87, 56, 17.74, 356.59, 357.88, 0.9875, -0.0323, 0.1535, -0.0137
21:28:57, 1.87, 56, 17.79, 356.64, 357.82, 0.9875, -0.0319, 0.1539, -0.0143
21:28:57, 1.90, 57, 17.81, 356.73, 357.79, 0.9874, -0.0311, 0.1542, -0.0146
21:28:57, 1.90, 57, 17.81, 356.70, 357.76, 0.9874, -0.0315, 0.1542, -0.0149
21:28:57, 1.93, 58, 17.85, 356.71, 357.74, 0.9874, -0.0314, 0.1545, -0.0151
21:28:57, 1.93, 58, 17.86, 356.77, 357.72, 0.9874, -0.0309, 0.1546, -0.0153
21:28:57, 1.93, 58, 17.87, 356.87, 357.73, 0.9874, -0.0301, 0.1547, -0.0153
21:28:57, 1.97, 59, 17.87, 356.96, 357.74, 0.9874, -0.0293, 0.1547, -0.0154
21:28:57, 1.97, 59, 17.82, 356.98, 357.72, 0.9875, -0.0291, 0.1543, -0.0155
21:28:57, 2.00, 60, 17.73, 356.93, 357.63, 0.9876, -0.0296, 0.1534, -0.0163
21:28:57, 2.00, 60, 17.59, 356.96, 357.51, 0.9877, -0.0296, 0.1523, -0.0174
21:28:57, 2.03, 61, 17.46, 356.94, 357.42, 0.9879, -0.0298, 0.1511, -0.0181
21:28:57, 2.03, 61, 17.40, 356.92, 357.41, 0.9880, -0.0300, 0.1505, -0.0183
21:28:57, 2.03, 61, 17.38, 356.87, 357.39, 0.9880, -0.0304, 0.1504, -0.0183
21:28:57, 2.07, 62, 17.40, 356.91, 357.30, 0.9880, -0.0302, 0.1505, -0.0192
21:28:57, 2.07, 62, 17.38, 356.99, 357.20, 0.9880, -0.0296, 0.1504, -0.0201
21:28:57, 2.10, 63, 17.35, 357.09, 357.15, 0.9880, -0.0288, 0.1501, -0.0208
21:28:57, 2.10, 63, 17.32, 357.12, 357.07, 0.9881, -0.0287, 0.1498, -0.0215
21:28:57, 2.10, 63, 17.31, 357.17, 357.01, 0.9881, -0.0283, 0.1498, -0.0221
21:28:57, 2.13, 64, 17.32, 357.20, 356.99, 0.9881, -0.0281, 0.1498, -0.0222
21:28:57, 2.13, 64, 17.33, 357.25, 356.99, 0.9881, -0.0277, 0.1499, -0.0223
21:28:57, 2.17, 65, 17.34, 357.31, 357.00, 0.9881, -0.0272, 0.1500, -0.0224
21:28:57, 2.17, 65, 17.34, 357.35, 357.00, 0.9881, -0.0268, 0.1500, -0.0224
21:28:57, 2.20, 66, 17.35, 357.36, 357.03, 0.9881, -0.0267, 0.1501, -0.0221
21:28:57, 2.20, 66, 17.37, 357.38, 357.01, 0.9880, -0.0265, 0.1503, -0.0224
21:28:57, 2.20, 66, 17.39, 357.37, 356.97, 0.9880, -0.0267, 0.1505, -0.0227
21:28:57, 2.23, 67, 17.41, 357.33, 356.95, 0.9880, -0.0271, 0.1506, -0.0227
21:28:57, 2.23, 67, 17.45, 357.32, 356.92, 0.9879, -0.0272, 0.1509, -0.0230
21:28:57, 2.27, 68, 17.49, 357.30, 356.88, 0.9878, -0.0274, 0.1513, -0.0233
21:28:57, 2.27, 68, 17.53, 357.33, 356.88, 0.9878, -0.0271, 0.1517, -0.0233
21:28:57, 2.27, 68, 17.62, 357.35, 356.89, 0.9877, -0.0270, 0.1524, -0.0233
21:28:57, 2.30, 69, 17.69, 357.43, 356.87, 0.9876, -0.0264, 0.1530, -0.0236
21:28:57, 2.30, 69, 17.77, 357.52, 356.86, 0.9875, -0.0256, 0.1537, -0.0237
21:28:57, 2.33, 70, 17.83, 357.64, 356.88, 0.9874, -0.0246, 0.1543, -0.0237
21:28:57, 2.33, 70, 17.95, 357.73, 356.90, 0.9873, -0.0238, 0.1554, -0.0236
21:28:57, 2.37, 71, 18.09, 357.87, 356.94, 0.9871, -0.0226, 0.1566, -0.0234
21:28:57, 2.37, 71, 18.24, 358.00, 356.99, 0.9869, -0.0214, 0.1580, -0.0232
21:28:57, 2.37, 71, 18.43, 358.17, 357.05, 0.9867, -0.0199, 0.1596, -0.0228
21:28:57, 2.40, 72, 18.68, 358.29, 357.11, 0.9864, -0.0188, 0.1618, -0.0224
21:28:57, 2.40, 72, 19.01, 358.40, 357.18, 0.9859, -0.0178, 0.1647, -0.0220
21:28:57, 2.43, 73, 19.38, 358.49, 357.22, 0.9854, -0.0171, 0.1680, -0.0217
21:28:57, 2.43, 73, 19.81, 358.64, 357.32, 0.9848, -0.0157, 0.1717, -0.0210
21:28:57, 2.43, 73, 20.28, 358.77, 357.43, 0.9841, -0.0145, 0.1758, -0.0202
21:28:57, 2.47, 74, 20.86, 359.02, 357.54, 0.9832, -0.0123, 0.1808, -0.0196
21:28:57, 2.47, 74, 21.56, 359.22, 357.68, 0.9822, -0.0105, 0.1868, -0.0186
21:28:57, 2.50, 75, 22.29, 359.39, 357.81, 0.9810, -0.0089, 0.1931, -0.0177
21:28:57, 2.50, 75, 23.12, 359.52, 357.97, 0.9796, -0.0077, 0.2002, -0.0165
21:28:57, 2.53, 76, 24.01, 359.73, 358.20, 0.9780, -0.0056, 0.2079, -0.0149
21:28:58, 2.53, 76, 24.84, 359.91, 358.38, 0.9765, -0.0038, 0.2150, -0.0136
21:28:58, 2.53, 76, 25.73, 0.14, 358.59, 0.9748, -0.0015, 0.2226, -0.0123
21:28:58, 2.57, 77, 26.61, 0.41, 358.97, 0.9731, 0.0014, 0.2302, -0.0096
21:28:58, 2.57, 77, 27.53, 0.63, 359.27, 0.9712, 0.0038, 0.2379, -0.0075
21:28:58, 2.60, 78, 28.44, 0.89, 359.55, 0.9693, 0.0066, 0.2457, -0.0057
21:28:58, 2.60, 78, 29.38, 1.10, 359.91, 0.9673, 0.0091, 0.2535, -0.0032
21:28:58, 2.60, 78, 30.25, 1.13, 0.11, 0.9653, 0.0098, 0.2609, -0.0017
21:28:58, 2.63, 79, 31.13, 1.20, 0.34, 0.9633, 0.0109, 0.2683, 0.0001
21:28:58, 2.63, 79, 31.96, 1.28, 0.53, 0.9613, 0.0121, 0.2752, 0.0014
21:28:58, 2.67, 80, 32.83, 1.35, 0.79, 0.9592, 0.0132, 0.2825, 0.0033
21:28:58, 2.67, 80, 33.64, 1.50, 1.03, 0.9571, 0.0152, 0.2892, 0.0048
21:28:58, 2.70, 81, 34.44, 1.55, 1.30, 0.9551, 0.0163, 0.2959, 0.0069
21:28:58, 2.70, 81, 35.11, 1.76, 1.50, 0.9533, 0.0185, 0.3013, 0.0078
21:28:58, 2.70, 81, 35.81, 1.83, 1.83, 0.9514, 0.0201, 0.3071, 0.0102
21:28:58, 2.73, 82, 36.43, 1.93, 2.02, 0.9497, 0.0215, 0.3122, 0.0115
21:28:58, 2.73, 82, 37.01, 2.08, 2.29, 0.9481, 0.0236, 0.3169, 0.0132
21:28:58, 2.77, 83, 37.58, 2.20, 2.49, 0.9464, 0.0251, 0.3216, 0.0144
21:28:58, 2.77, 83, 38.09, 2.32, 2.73, 0.9450, 0.0269, 0.3257, 0.0159
21:28:58, 2.77, 83, 38.46, 2.47, 2.96, 0.9439, 0.0288, 0.3286, 0.0173
21:28:58, 2.80, 84, 38.80, 2.55, 3.08, 0.9429, 0.0299, 0.3314, 0.0180
21:28:58, 2.80, 84, 39.07, 2.59, 3.21, 0.9420, 0.0307, 0.3336, 0.0188
21:28:58, 2.83, 85, 39.39, 2.68, 3.32, 0.9411, 0.0318, 0.3362, 0.0194
21:28:58, 2.83, 85, 39.59, 2.78, 3.37, 0.9405, 0.0328, 0.3377, 0.0194
21:28:58, 2.87, 86, 39.81, 2.89, 3.43, 0.9398, 0.0339, 0.3395, 0.0196
21:28:58, 2.87, 86, 39.99, 2.89, 3.48, 0.9392, 0.0341, 0.3410, 0.0199
21:28:58, 2.87, 86, 40.14, 2.88, 3.42, 0.9388, 0.0338, 0.3422, 0.0194
21:28:58, 2.90, 87, 40.34, 2.90, 3.38, 0.9382, 0.0339, 0.3439, 0.0190
21:28:58, 2.90, 87, 40.48, 2.95, 3.38, 0.9378, 0.0344, 0.3450, 0.0188
21:28:58, 2.93, 88, 40.63, 3.04, 3.38, 0.9373, 0.0351, 0.3462, 0.0184
21:28:58, 2.93, 88, 40.79, 3.11, 3.35, 0.9368, 0.0356, 0.3475, 0.0179
21:28:58, 2.93, 88, 40.90, 3.16, 3.33, 0.9365, 0.0360, 0.3484, 0.0176
21:28:58, 2.97, 89, 41.01, 3.19, 3.40, 0.9362, 0.0364, 0.3492, 0.0180
21:28:58, 2.97, 89, 41.10, 3.23, 3.47, 0.9359, 0.0371, 0.3499, 0.0185
21:28:58, 3.00, 90, 41.24, 3.31, 3.58, 0.9354, 0.0380, 0.3510, 0.0191
21:28:58, 3.00, 90, 41.34, 3.35, 3.61, 0.9351, 0.0384, 0.3518, 0.0192
21:28:58, 3.03, 91, 41.44, 3.36, 3.67, 0.9348, 0.0388, 0.3526, 0.0195
21:28:58, 3.03, 91, 41.52, 3.36, 3.70, 0.9345, 0.0389, 0.3532, 0.0198
21:28:58, 3.03, 91, 41.61, 3.39, 3.73, 0.9342, 0.0392, 0.3539, 0.0199
21:28:58, 3.07, 92, 41.72, 3.34, 3.73, 0.9339, 0.0388, 0.3548, 0.0200
21:28:58, 3.07, 92, 41.83, 3.30, 3.78, 0.9336, 0.0386, 0.3557, 0.0205
21:28:58, 3.10, 93, 41.91, 3.28, 3.79, 0.9333, 0.0386, 0.3564, 0.0206
21:28:58, 3.10, 93, 42.00, 3.28, 3.77, 0.9330, 0.0385, 0.3571, 0.0205
21:28:58, 3.10, 93, 42.10, 3.27, 3.80, 0.9327, 0.0385, 0.3580, 0.0207
21:28:58, 3.13, 94, 42.21, 3.20, 3.81, 0.9324, 0.0380, 0.3589, 0.0209
21:28:58, 3.13, 94, 42.36, 3.17, 3.82, 0.9319, 0.0378, 0.3601, 0.0211
21:28:58, 3.17, 95, 42.48, 3.15, 3.89, 0.9315, 0.0379, 0.3611, 0.0217
21:28:58, 3.17, 95, 42.61, 3.15, 3.96, 0.9311, 0.0381, 0.3621, 0.0222
21:28:58, 3.20, 96, 42.72, 3.17, 4.03, 0.9307, 0.0385, 0.3629, 0.0227
21:28:58, 3.20, 96, 42.71, 3.17, 4.05, 0.9308, 0.0386, 0.3629, 0.0228
21:28:58, 3.20, 96, 42.71, 3.16, 4.07, 0.9308, 0.0386, 0.3629, 0.0230
21:28:58, 3.23, 97, 42.73, 3.17, 4.11, 0.9307, 0.0388, 0.3630, 0.0233
21:28:58, 3.23, 97, 42.72, 3.16, 4.11, 0.9307, 0.0387, 0.3629, 0.0234
21:28:58, 3.27, 98, 42.67, 3.09, 4.12, 0.9309, 0.0382, 0.3626, 0.0237
21:28:58, 3.27, 98, 42.63, 3.10, 4.12, 0.9310, 0.0383, 0.3622, 0.0236
21:28:58, 3.27, 98, 42.53, 3.04, 4.15, 0.9313, 0.0378, 0.3614, 0.0241
21:28:58, 3.30, 99, 42.46, 3.02, 4.18, 0.9315, 0.0378, 0.3608, 0.0244
21:28:58, 3.30, 99, 42.41, 2.99, 4.18, 0.9317, 0.0375, 0.3605, 0.0245
21:28:58, 3.33, 100, 42.37, 2.99, 4.18, 0.9318, 0.0375, 0.3601, 0.0246
21:28:58, 3.33, 100, 42.31, 3.02, 4.17, 0.9320, 0.0377, 0.3597, 0.0244
21:28:58, 3.37, 101, 42.33, 3.02, 4.20, 0.9320, 0.0378, 0.3598, 0.0246
21:28:58, 3.37, 101, 42.36, 3.01, 4.23, 0.9319, 0.0378, 0.3600, 0.0249
21:28:58, 3.37, 101, 42.38, 3.01, 4.23, 0.9318, 0.0378, 0.3602, 0.0249
21:28:58, 3.40, 102, 42.42, 2.99, 4.23, 0.9316, 0.0376, 0.3606, 0.0250
21:28:58, 3.40, 102, 42.48, 2.95, 4.24, 0.9315, 0.0374, 0.3610, 0.0251
21:28:58, 3.43, 103, 42.49, 2.99, 4.25, 0.9314, 0.0377, 0.3611, 0.0251
21:28:58, 3.43, 103, 42.46, 3.00, 4.25, 0.9315, 0.0378, 0.3609, 0.0251
21:28:58, 3.43, 103, 42.44, 2.99, 4.28, 0.9316, 0.0378, 0.3607, 0.0254
21:28:58, 3.47, 104, 42.41, 2.94, 4.29, 0.9317, 0.0375, 0.3604, 0.0256
21:28:58, 3.47, 104, 42.43, 2.87, 4.24, 0.9316, 0.0367, 0.3606, 0.0254
21:28:58, 3.50, 105, 42.43, 2.82, 4.24, 0.9317, 0.0363, 0.3606, 0.0256
21:28:58, 3.50, 105, 42.43, 2.78, 4.25, 0.9316, 0.0360, 0.3607, 0.0258
21:28:58, 3.53, 106, 42.42, 2.75, 4.25, 0.9317, 0.0358, 0.3606, 0.0259
21:28:59, 3.53, 106, 42.37, 2.67, 4.24, 0.9318, 0.0351, 0.3602, 0.0261
21:28:59, 3.53, 106, 42.37, 2.65, 4.23, 0.9318, 0.0349, 0.3602, 0.0261
21:28:59, 3.57, 107, 42.35, 2.64, 4.24, 0.9319, 0.0348, 0.3600, 0.0261
21:28:59, 3.57, 107, 42.30, 2.63, 4.26, 0.9321, 0.0348, 0.3597, 0.0264
21:28:59, 3.60, 108, 42.25, 2.57, 4.25, 0.9322, 0.0343, 0.3593, 0.0265
21:28:59, 3.60, 108, 42.22, 2.53, 4.25, 0.9323, 0.0339, 0.3591, 0.0266
21:28:59, 3.60, 108, 42.18, 2.47, 4.27, 0.9324, 0.0335, 0.3588, 0.0270
21:28:59, 3.63, 109, 42.12, 2.42, 4.29, 0.9326, 0.0331, 0.3583, 0.0273
21:28:59, 3.63, 109, 42.08, 2.42, 4.28, 0.9328, 0.0331, 0.3580, 0.0272
21:28:59, 3.67, 110, 42.04, 2.38, 4.27, 0.9329, 0.0327, 0.3577, 0.0274
21:28:59, 3.67, 110, 41.99, 2.32, 4.28, 0.9330, 0.0323, 0.3573, 0.0276
21:28:59, 3.70, 111, 41.94, 2.31, 4.29, 0.9332, 0.0322, 0.3568, 0.0277
21:28:59, 3.70, 111, 41.86, 2.33, 4.29, 0.9334, 0.0323, 0.3562, 0.0277
21:28:59, 3.70, 111, 41.81, 2.31, 4.30, 0.9336, 0.0322, 0.3558, 0.0279
21:28:59, 3.73, 112, 41.77, 2.31, 4.24, 0.9337, 0.0320, 0.3554, 0.0274
21:28:59, 3.73, 112, 41.77, 2.25, 4.22, 0.9338, 0.0315, 0.3555, 0.0274
21:28:59, 3.77, 113, 41.75, 2.20, 4.17, 0.9338, 0.0309, 0.3554, 0.0271
21:28:59, 3.77, 113, 41.74, 2.23, 4.14, 0.9338, 0.0311, 0.3553, 0.0268
21:28:59, 3.77, 113, 41.72, 2.30, 4.14, 0.9339, 0.0316, 0.3551, 0.0266
21:28:59, 3.80, 114, 41.69, 2.35, 4.14, 0.9340, 0.0320, 0.3549, 0.0264
21:28:59, 3.80, 114, 41.66, 2.36, 4.17, 0.9341, 0.0321, 0.3546, 0.0267
21:28:59, 3.83, 115, 41.66, 2.34, 4.15, 0.9341, 0.0319, 0.3546, 0.0266
21:28:59, 3.83, 115, 41.66, 2.33, 4.14, 0.9341, 0.0318, 0.3546, 0.0265
21:28:59, 3.87, 116, 41.68, 2.34, 4.14, 0.9340, 0.0319, 0.3548, 0.0265
21:28:59, 3.87, 116, 41.74, 2.35, 4.14, 0.9339, 0.0320, 0.3552, 0.0264
21:28:59, 3.87, 116, 41.80, 2.36, 4.18, 0.9336, 0.0323, 0.3558, 0.0267
21:28:59, 3.90, 117, 41.82, 2.36, 4.19, 0.9336, 0.0322, 0.3559, 0.0268
21:28:59, 3.90, 117, 41.86, 2.31, 4.17, 0.9335, 0.0318, 0.3563, 0.0268
21:28:59, 3.93, 118, 41.93, 2.26, 4.18, 0.9333, 0.0314, 0.3568, 0.0270
21:28:59, 3.93, 118, 41.99, 2.22, 4.22, 0.9330, 0.0313, 0.3573, 0.0274
21:28:59, 3.93, 118, 42.04, 2.19, 4.21, 0.9329, 0.0310, 0.3577, 0.0275
21:28:59, 3.97, 119, 42.07, 2.15, 4.23, 0.9328, 0.0307, 0.3580, 0.0277
21:28:59, 3.97, 119, 42.12, 2.13, 4.21, 0.9327, 0.0305, 0.3584, 0.0276
21:28:59, 4.00, 120, 42.24, 2.08, 4.22, 0.9323, 0.0302, 0.3594, 0.0278
21:28:59, 4.00, 120, 42.34, 2.03, 4.27, 0.9320, 0.0300, 0.3602, 0.0284
21:28:59, 4.03, 121, 42.41, 2.04, 4.31, 0.9317, 0.0302, 0.3608, 0.0286
21:28:59, 4.03, 121, 42.49, 2.03, 4.34, 0.9315, 0.0303, 0.3614, 0.0289
21:28:59, 4.03, 121, 42.59, 2.00, 4.37, 0.9311, 0.0301, 0.3622, 0.0292
21:28:59, 4.07, 122, 42.69, 1.96, 4.43, 0.9308, 0.0300, 0.3631, 0.0298
21:28:59, 4.07, 122, 42.78, 1.94, 4.47, 0.9305, 0.0300, 0.3638, 0.0301
21:28:59, 4.10, 123, 42.91, 1.92, 4.50, 0.9301, 0.0300, 0.3648, 0.0304
21:28:59, 4.10, 123, 43.04, 1.89, 4.52, 0.9297, 0.0298, 0.3659, 0.0306
21:28:59, 4.10, 123, 43.17, 1.85, 4.54, 0.9293, 0.0296, 0.3669, 0.0308
21:28:59, 4.13, 124, 43.33, 1.82, 4.54, 0.9287, 0.0294, 0.3683, 0.0309
21:28:59, 4.13, 124, 43.50, 1.77, 4.55, 0.9282, 0.0290, 0.3696, 0.0312
21:28:59, 4.17, 125, 43.67, 1.75, 4.58, 0.9276, 0.0291, 0.3710, 0.0314
21:28:59, 4.17, 125, 43.81, 1.72, 4.61, 0.9272, 0.0290, 0.3721, 0.0317
21:28:59, 4.20, 126, 43.93, 1.72, 4.67, 0.9268, 0.0291, 0.3731, 0.0322
21:28:59, 4.20, 126, 44.04, 1.71, 4.67, 0.9264, 0.0291, 0.3740, 0.0322
21:28:59, 4.20, 126, 44.15, 1.73, 4.70, 0.9260, 0.0294, 0.3749, 0.0323
21:28:59, 4.23, 127, 44.24, 1.72, 4.72, 0.9257, 0.0294, 0.3756, 0.0325
21:28:59, 4.23, 127, 44.32, 1.70, 4.71, 0.9255, 0.0292, 0.3763, 0.0325
21:28:59, 4.27, 128, 44.37, 1.68, 4.73, 0.9253, 0.0292, 0.3767, 0.0327
21:28:59, 4.27, 128, 44.40, 1.69, 4.76, 0.9252, 0.0293, 0.3769, 0.0329
21:28:59, 4.27, 128, 44.44, 1.69, 4.78, 0.9251, 0.0294, 0.3772, 0.0330
21:28:59, 4.30, 129, 44.49, 1.67, 4.82, 0.9249, 0.0294, 0.3777, 0.0334
21:28:59, 4.30, 129, 44.55, 1.60, 4.88, 0.9247, 0.0290, 0.3781, 0.0341
21:28:59, 4.33, 130, 44.62, 1.52, 4.93, 0.9244, 0.0286, 0.3787, 0.0348
21:28:59, 4.33, 130, 44.66, 1.43, 4.98, 0.9243, 0.0280, 0.3791, 0.0354
21:28:59, 4.37, 131, 44.73, 1.33, 5.00, 0.9240, 0.0273, 0.3797, 0.0359
21:28:59, 4.37, 131, 44.85, 1.16, 4.98, 0.9236, 0.0260, 0.3807, 0.0363
21:28:59, 4.37, 131, 44.94, 1.03, 5.00, 0.9233, 0.0250, 0.3815, 0.0368
21:28:59, 4.40, 132, 45.02, 0.96, 5.04, 0.9230, 0.0246, 0.3821, 0.0374
21:28:59, 4.40, 132, 45.11, 0.90, 5.09, 0.9227, 0.0243, 0.3829, 0.0380
21:28:59, 4.43, 133, 45.21, 0.82, 5.14, 0.9224, 0.0238, 0.3837, 0.0387
21:28:59, 4.43, 133, 45.27, 0.72, 5.19, 0.9221, 0.0232, 0.3842, 0.0394
21:28:59, 4.43, 133, 45.32, 0.64, 5.20, 0.9219, 0.0226, 0.3847, 0.0397
21:28:59, 4.47, 134, 45.36, 0.60, 5.21, 0.9218, 0.0223, 0.3850, 0.0399
21:28:59, 4.47, 134, 45.39, 0.56, 5.20, 0.9217, 0.0220, 0.3852, 0.0400
21:28:59, 4.50, 135, 45.41, 0.51, 5.18, 0.9216, 0.0216, 0.3854, 0.0400
21:28:59, 4.50, 135, 45.44, 0.46, 5.15, 0.9215, 0.0211, 0.3857, 0.0398
21:28:59, 4.53, 136, 45.44, 0.43, 5.14, 0.9215, 0.0208, 0.3857, 0.0399
21:29:00, 4.53, 136, 45.43, 0.37, 5.12, 0.9216, 0.0202, 0.3856, 0.0400
21:29:00, 4.53, 136, 45.42, 0.33, 5.11, 0.9216, 0.0198, 0.3856, 0.0400
21:29:00, 4.57, 137, 45.40, 0.27, 5.08, 0.9217, 0.0193, 0.3854, 0.0399
21:29:00, 4.57, 137, 45.38, 0.27, 5.05, 0.9217, 0.0191, 0.3853, 0.0397
21:29:00, 4.60, 138, 45.37, 0.24, 5.02, 0.9218, 0.0188, 0.3852, 0.0396
21:29:00, 4.60, 138, 45.34, 0.26, 5.00, 0.9219, 0.0189, 0.3850, 0.0394
21:29:00, 4.60, 138, 45.28, 0.23, 5.00, 0.9221, 0.0186, 0.3845, 0.0395
21:29:00, 4.63, 139, 45.24, 0.22, 4.98, 0.9222, 0.0184, 0.3842, 0.0394
21:29:00, 4.63, 139, 45.21, 0.23, 4.95, 0.9224, 0.0185, 0.3839, 0.0391
21:29:00, 4.67, 140, 45.16, 0.22, 4.97, 0.9225, 0.0184, 0.3835, 0.0393
21:29:00, 4.67, 140, 45.10, 0.23, 4.95, 0.9227, 0.0185, 0.3831, 0.0391
21:29:00, 4.70, 141, 45.04, 0.24, 4.95, 0.9229, 0.0185, 0.3826, 0.0390
21:29:00, 4.70, 141, 45.00, 0.21, 4.94, 0.9231, 0.0181, 0.3822, 0.0391
21:29:00, 4.70, 141, 44.96, 0.20, 4.92, 0.9232, 0.0180, 0.3819, 0.0390
21:29:00, 4.73, 142, 44.90, 0.18, 4.89, 0.9234, 0.0178, 0.3815, 0.0389
21:29:00, 4.73, 142, 44.84, 0.17, 4.87, 0.9236, 0.0176, 0.3810, 0.0387
21:29:00, 4.77, 143, 44.81, 0.15, 4.84, 0.9237, 0.0173, 0.3808, 0.0385
21:29:00, 4.77, 143, 44.80, 0.14, 4.80, 0.9238, 0.0170, 0.3807, 0.0382
21:29:00, 4.77, 143, 44.76, 0.13, 4.77, 0.9239, 0.0169, 0.3804, 0.0380
21:29:00, 4.80, 144, 44.70, 0.11, 4.78, 0.9241, 0.0167, 0.3799, 0.0382
21:29:00, 4.80, 144, 44.64, 0.07, 4.75, 0.9243, 0.0163, 0.3794, 0.0381
21:29:00, 4.83, 145, 44.61, 0.05, 4.69, 0.9244, 0.0160, 0.3792, 0.0377
21:29:00, 4.83, 145, 44.59, 0.04, 4.68, 0.9245, 0.0158, 0.3791, 0.0376
21:29:00, 4.87, 146, 44.55, 0.01, 4.69, 0.9246, 0.0156, 0.3787, 0.0378
21:29:00, 4.87, 146, 44.50, 0.02, 4.67, 0.9248, 0.0156, 0.3784, 0.0376
21:29:00, 4.87, 146, 44.46, 0.00, 4.67, 0.9249, 0.0154, 0.3780, 0.0377
21:29:00, 4.90, 147, 44.41, 0.01, 4.65, 0.9251, 0.0154, 0.3776, 0.0375
21:29:00, 4.90, 147, 44.36, 0.02, 4.65, 0.9253, 0.0155, 0.3772, 0.0375
21:29:00, 4.93, 148, 44.29, 0.03, 4.64, 0.9255, 0.0155, 0.3766, 0.0374
21:29:00, 4.93, 148, 44.23, 0.02, 4.63, 0.9257, 0.0154, 0.3761, 0.0374
21:29:00, 4.93, 148, 44.23, 359.98, 4.59, 0.9257, 0.0149, 0.3762, 0.0371
21:29:00, 4.97, 149, 44.20, 359.95, 4.53, 0.9258, 0.0145, 0.3760, 0.0368
21:29:00, 4.97, 149, 44.18, 359.87, 4.48, 0.9259, 0.0137, 0.3758, 0.0367
21:29:00, 5.00, 150, 44.13, 359.86, 4.42, 0.9260, 0.0134, 0.3754, 0.0362
21:29:00, 5.00, 150, 44.09, 359.88, 4.42, 0.9262, 0.0135, 0.3751, 0.0362
21:29:00, 5.03, 151, 44.02, 359.90, 4.39, 0.9264, 0.0135, 0.3745, 0.0359
21:29:00, 5.03, 151, 43.99, 359.91, 4.42, 0.9265, 0.0137, 0.3743, 0.0361
21:29:00, 5.03, 151, 43.94, 359.87, 4.41, 0.9267, 0.0133, 0.3739, 0.0361
21:29:00, 5.07, 152, 43.90, 359.84, 4.40, 0.9268, 0.0130, 0.3735, 0.0361
21:29:00, 5.07, 152, 43.89, 359.82, 4.38, 0.9268, 0.0128, 0.3735, 0.0360
21:29:00, 5.10, 153, 43.86, 359.79, 4.36, 0.9269, 0.0125, 0.3733, 0.0360
21:29:00, 5.10, 153, 43.84, 359.73, 4.34, 0.9270, 0.0119, 0.3731, 0.0360
21:29:00, 5.10, 153, 43.79, 359.69, 4.34, 0.9272, 0.0116, 0.3727, 0.0361
21:29:00, 5.13, 154, 43.70, 359.61, 4.33, 0.9274, 0.0109, 0.3720, 0.0363
21:29:00, 5.13, 154, 43.61, 359.51, 4.27, 0.9278, 0.0099, 0.3713, 0.0361
21:29:00, 5.17, 155, 43.43, 359.36, 4.23, 0.9283, 0.0085, 0.3699, 0.0363
21:29:00, 5.17, 155, 43.21, 359.18, 4.12, 0.9290, 0.0066, 0.3682, 0.0360
21:29:00, 5.20, 156, 42.91, 358.85, 3.95, 0.9300, 0.0033, 0.3658, 0.0357
21:29:00, 5.20, 156, 42.48, 358.32, 3.74, 0.9313, -0.0018, 0.3625, 0.0357
21:29:00, 5.20, 156, 41.97, 357.80, 3.50, 0.9329, -0.0070, 0.3584, 0.0354
21:29:00, 5.23, 157, 41.38, 357.03, 3.25, 0.9346, -0.0142, 0.3537, 0.0357
21:29:00, 5.23, 157, 40.65, 356.30, 2.86, 0.9367, -0.0216, 0.3478, 0.0346
21:29:00, 5.27, 158, 39.85, 355.59, 2.24, 0.9390, -0.0295, 0.3412, 0.0315
21:29:00, 5.27, 158, 38.98, 354.92, 1.69, 0.9415, -0.0368, 0.3339, 0.0287
21:29:00, 5.27, 158, 37.99, 354.29, 1.13, 0.9442, -0.0439, 0.3255, 0.0255
21:29:00, 5.30, 159, 37.08, 353.61, 0.61, 0.9465, -0.0512, 0.3177, 0.0228
21:29:00, 5.30, 159, 36.12, 352.98, 0.05, 0.9489, -0.0581, 0.3095, 0.0194
21:29:00, 5.33, 160, 35.23, 352.46, 359.64, 0.9511, -0.0637, 0.3018, 0.0169
21:29:00, 5.33, 160, 34.28, 352.17, 359.28, 0.9535, -0.0671, 0.2936, 0.0141
21:29:00, 5.37, 161, 33.24, 351.94, 359.00, 0.9560, -0.0698, 0.2847, 0.0118
21:29:00, 5.37, 161, 32.22, 351.76, 358.81, 0.9584, -0.0719, 0.2760, 0.0100
21:29:00, 5.37, 161, 31.19, 351.65, 358.61, 0.9608, -0.0734, 0.2673, 0.0080
21:29:00, 5.40, 162, 30.22, 351.63, 358.39, 0.9630, -0.0741, 0.2589, 0.0055
21:29:00, 5.40, 162, 29.21, 351.77, 358.23, 0.9654, -0.0733, 0.2504, 0.0032
21:29:00, 5.43, 163, 28.14, 351.99, 358.09, 0.9678, -0.0718, 0.2413, 0.0009
21:29:00, 5.43, 163, 26.98, 352.20, 357.98, 0.9703, -0.0702, 0.2315, -0.0012
21:29:00, 5.43, 163, 25.91, 352.44, 357.80, 0.9725, -0.0685, 0.2224, -0.0039
21:29:00, 5.47, 164, 24.92, 352.63, 357.65, 0.9745, -0.0671, 0.2140, -0.0061
21:29:00, 5.47, 164, 24.00, 352.86, 357.48, 0.9763, -0.0655, 0.2061, -0.0085
21:29:00, 5.50, 165, 23.07, 353.19, 357.47, 0.9781, -0.0626, 0.1982, -0.0097
21:29:00, 5.50, 165, 22.00, 353.38, 357.55, 0.9800, -0.0607, 0.1892, -0.0099
21:29:00, 5.53, 166, 20.95, 353.44, 357.51, 0.9817, -0.0602, 0.1802, -0.0110
21:29:01, 5.53, 166, 20.05, 353.39, 357.43, 0.9831, -0.0606, 0.1725, -0.0121
21:29:01, 5.53, 166, 19.19, 353.44, 357.38, 0.9844, -0.0602, 0.1651, -0.0129
21:29:01, 5.57, 167, 18.33, 353.35, 357.44, 0.9855, -0.0608, 0.1577, -0.0128
21:29:01, 5.57, 167, 17.45, 353.29, 357.49, 0.9867, -0.0611, 0.1501, -0.0128
21:29:01, 5.60, 168, 16.73, 353.17, 357.28, 0.9875, -0.0623, 0.1438, -0.0148
21:29:01, 5.60, 168, 16.11, 352.96, 357.03, 0.9882, -0.0644, 0.1382, -0.0170
21:29:01, 5.60, 168, 15.58, 352.77, 356.84, 0.9887, -0.0662, 0.1335, -0.0187
21:29:01, 5.63, 169, 14.97, 352.65, 356.78, 0.9893, -0.0672, 0.1281, -0.0195
21:29:01, 5.63, 169, 14.27, 352.52, 356.74, 0.9900, -0.0682, 0.1221, -0.0201
21:29:01, 5.67, 170, 13.54, 352.50, 356.80, 0.9907, -0.0682, 0.1158, -0.0199
21:29:01, 5.67, 170, 12.83, 352.51, 356.91, 0.9915, -0.0679, 0.1097, -0.0195
21:29:01, 5.70, 171, 12.09, 352.65, 356.99, 0.9922, -0.0664, 0.1034, -0.0193
21:29:01, 5.70, 171, 11.23, 352.77, 357.05, 0.9930, -0.0652, 0.0960, -0.0194
21:29:01, 5.70, 171, 10.32, 352.92, 357.06, 0.9939, -0.0638, 0.0882, -0.0200
21:29:01, 5.73, 172, 9.30, 353.24, 356.97, 0.9948, -0.0609, 0.0794, -0.0216
21:29:01, 5.73, 172, 8.14, 353.53, 356.93, 0.9956, -0.0582, 0.0693, -0.0227
21:29:01, 5.77, 173, 6.85, 353.94, 356.90, 0.9965, -0.0543, 0.0582, -0.0238
21:29:01, 5.77, 173, 5.31, 354.27, 356.97, 0.9974, -0.0512, 0.0449, -0.0241
21:29:01, 5.77, 173, 3.52, 354.57, 356.90, 0.9981, -0.0481, 0.0294, -0.0255
21:29:01, 5.80, 174, 1.50, 354.80, 356.57, 0.9985, -0.0457, 0.0117, -0.0293
21:29:01, 5.80, 174, 359.63, 354.94, 356.02, 0.9984, -0.0440, -0.0048, -0.0349
21:29:01, 5.83, 175, 357.81, 355.07, 355.54, 0.9981, -0.0422, -0.0208, -0.0397
21:29:01, 5.83, 175, 356.09, 355.16, 355.08, 0.9975, -0.0407, -0.0359, -0.0443
21:29:01, 5.87, 176, 354.34, 355.25, 354.82, 0.9968, -0.0391, -0.0511, -0.0471
21:29:01, 5.87, 176, 351.11, 354.84, 354.15, 0.9945, -0.0409, -0.0796, -0.0543
21:29:01, 5.90, 177, 349.71, 354.60, 354.04, 0.9933, -0.0422, -0.0919, -0.0560
21:29:01, 5.90, 177, 348.28, 354.43, 354.21, 0.9921, -0.0432, -0.1043, -0.0551
21:29:01, 5.93, 178, 346.69, 354.44, 354.43, 0.9906, -0.0425, -0.1180, -0.0538
21:29:01, 5.93, 178, 345.12, 354.41, 354.52, 0.9890, -0.0421, -0.1315, -0.0536
21:29:01, 5.93, 178, 343.53, 354.40, 354.65, 0.9871, -0.0416, -0.1451, -0.0531
21:29:01, 5.97, 179, 341.93, 354.46, 354.84, 0.9851, -0.0407, -0.1588, -0.0520
21:29:01, 5.97, 179, 340.42, 354.42, 354.98, 0.9830, -0.0405, -0.1718, -0.0513
21:29:01, 6.00, 180, 338.80, 354.48, 355.13, 0.9805, -0.0395, -0.1856, -0.0505
21:29:01, 6.00, 180, 337.20, 354.53, 355.20, 0.9779, -0.0384, -0.1993, -0.0504
21:29:01, 6.03, 181, 335.66, 354.53, 355.14, 0.9751, -0.0377, -0.2123, -0.0514
21:29:01, 6.03, 181, 334.18, 354.54, 355.18, 0.9723, -0.0370, -0.2249, -0.0516
21:29:01, 6.03, 181, 332.84, 354.64, 355.22, 0.9697, -0.0356, -0.2363, -0.0514
21:29:01, 6.07, 182, 331.31, 354.78, 355.38, 0.9666, -0.0341, -0.2491, -0.0503
21:29:01, 6.07, 182, 329.87, 354.96, 355.52, 0.9635, -0.0322, -0.2612, -0.0491
21:29:01, 6.10, 183, 328.37, 355.12, 355.72, 0.9602, -0.0307, -0.2736, -0.0475
21:29:01, 6.10, 183, 326.93, 355.09, 355.80, 0.9567, -0.0306, -0.2857, -0.0473
21:29:01, 6.10, 183, 325.65, 355.04, 355.73, 0.9534, -0.0303, -0.2963, -0.0483
21:29:01, 6.13, 184, 324.56, 355.09, 355.71, 0.9505, -0.0294, -0.3054, -0.0486
21:29:01, 6.13, 184, 323.49, 355.23, 355.77, 0.9477, -0.0279, -0.3142, -0.0481
21:29:01, 6.17, 185, 322.45, 355.34, 355.80, 0.9449, -0.0267, -0.3228, -0.0477
21:29:01, 6.17, 185, 321.45, 355.33, 355.77, 0.9420, -0.0263, -0.3310, -0.0483
21:29:01, 6.20, 186, 320.59, 355.26, 355.62, 0.9394, -0.0260, -0.3381, -0.0499
21:29:01, 6.20, 186, 319.86, 355.22, 355.50, 0.9372, -0.0257, -0.3441, -0.0511
21:29:01, 6.20, 186, 319.25, 355.21, 355.56, 0.9353, -0.0256, -0.3491, -0.0508
21:29:01, 6.23, 187, 318.56, 355.21, 355.66, 0.9333, -0.0257, -0.3547, -0.0501
21:29:01, 6.23, 187, 317.85, 355.11, 355.72, 0.9310, -0.0264, -0.3605, -0.0501
21:29:01, 6.27, 188, 317.28, 354.96, 355.71, 0.9291, -0.0273, -0.3652, -0.0509
21:29:01, 6.27, 188, 316.81, 354.87, 355.70, 0.9276, -0.0278, -0.3690, -0.0513
21:29:01, 6.27, 188, 316.30, 354.85, 355.86, 0.9260, -0.0283, -0.3730, -0.0502
21:29:01, 6.30, 189, 315.77, 354.79, 355.93, 0.9243, -0.0287, -0.3774, -0.0500
21:29:01, 6.30, 189, 315.26, 354.69, 355.95, 0.9225, -0.0294, -0.3815, -0.0503
21:29:01, 6.33, 190, 314.79, 354.64, 356.06, 0.9210, -0.0300, -0.3853, -0.0496
21:29:01, 6.33, 190, 314.36, 354.50, 356.13, 0.9195, -0.0311, -0.3887, -0.0497
21:29:01, 6.37, 191, 313.98, 354.43, 356.22, 0.9182, -0.0318, -0.3917, -0.0493
21:29:01, 6.37, 191, 313.51, 354.37, 356.35, 0.9166, -0.0325, -0.3954, -0.0486
21:29:01, 6.37, 191, 313.06, 354.35, 356.39, 0.9151, -0.0326, -0.3990, -0.0485
21:29:01, 6.40, 192, 312.58, 354.37, 356.53, 0.9135, -0.0328, -0.4028, -0.0474
21:29:01, 6.40, 192, 312.09, 354.34, 356.58, 0.9118, -0.0330, -0.4067, -0.0473
21:29:01, 6.43, 193, 311.71, 354.38, 356.62, 0.9104, -0.0327, -0.4097, -0.0469
21:29:01, 6.43, 193, 311.27, 354.36, 356.62, 0.9089, -0.0327, -0.4132, -0.0471
21:29:01, 6.43, 193, 310.76, 354.34, 356.77, 0.9070, -0.0332, -0.4172, -0.0462
21:29:01, 6.47, 194, 310.24, 354.27, 356.85, 0.9051, -0.0337, -0.4213, -0.0459
21:29:01, 6.47, 194, 309.57, 354.28, 356.80, 0.9026, -0.0332, -0.4266, -0.0465
21:29:01, 6.50, 195, 308.87, 354.21, 356.77, 0.9000, -0.0334, -0.4321, -0.0472
21:29:01, 6.50, 195, 308.20, 354.23, 356.78, 0.8974, -0.0330, -0.4374, -0.0472
21:29:01, 6.53, 196, 307.45, 354.09, 356.84, 0.8945, -0.0340, -0.4432, -0.0475
21:29:02, 6.53, 196, 306.57, 353.96, 356.75, 0.8910, -0.0343, -0.4501, -0.0490
21:29:02, 6.53, 196, 305.64, 353.83, 356.54, 0.8871, -0.0340, -0.4574, -0.0514
21:29:02, 6.57, 197, 304.64, 353.77, 356.24, 0.8830, -0.0329, -0.4652, -0.0542
21:29:02, 6.57, 197, 303.62, 353.75, 355.93, 0.8786, -0.0312, -0.4731, -0.0570
21:29:02, 6.60, 198, 302.56, 353.80, 355.64, 0.8741, -0.0292, -0.4813, -0.0593
21:29:02, 6.60, 198, 301.40, 353.77, 355.32, 0.8690, -0.0274, -0.4902, -0.0622
21:29:02, 6.60, 198, 300.17, 353.77, 355.02, 0.8635, -0.0254, -0.4996, -0.0647
21:29:02, 6.63, 199, 298.90, 353.84, 354.70, 0.8578, -0.0227, -0.5091, -0.0671
21:29:02, 6.63, 199, 297.56, 353.93, 354.39, 0.8516, -0.0199, -0.5192, -0.0692
21:29:02, 6.67, 200, 296.11, 353.97, 354.14, 0.8449, -0.0176, -0.5299, -0.0711
21:29:02, 6.67, 200, 294.70, 353.99, 353.92, 0.8381, -0.0156, -0.5404, -0.0728
21:29:02, 6.70, 201, 293.41, 353.86, 353.80, 0.8318, -0.0150, -0.5498, -0.0745
21:29:02, 6.70, 201, 292.14, 353.87, 353.59, 0.8255, -0.0131, -0.5590, -0.0761
21:29:02, 6.70, 201, 290.85, 353.84, 353.56, 0.8192, -0.0124, -0.5682, -0.0767
21:29:02, 6.73, 202, 289.66, 353.83, 353.48, 0.8132, -0.0112, -0.5767, -0.0774
21:29:02, 6.73, 202, 288.53, 353.77, 353.33, 0.8073, -0.0101, -0.5847, -0.0788
21:29:02, 6.77, 203, 287.55, 353.66, 353.27, 0.8021, -0.0098, -0.5917, -0.0799
21:29:02, 6.77, 203, 286.78, 353.61, 353.28, 0.7981, -0.0098, -0.5970, -0.0801
21:29:02, 6.77, 203, 286.10, 353.49, 353.46, 0.7946, -0.0111, -0.6017, -0.0796
21:29:02, 6.80, 204, 285.63, 353.43, 353.56, 0.7922, -0.0116, -0.6050, -0.0792
21:29:02, 6.80, 204, 285.14, 353.43, 353.46, 0.7895, -0.0108, -0.6084, -0.0800
21:29:02, 6.83, 205, 284.81, 353.40, 353.47, 0.7877, -0.0108, -0.6107, -0.0801
21:29:02, 6.83, 205, 284.59, 353.42, 353.52, 0.7866, -0.0108, -0.6122, -0.0797
21:29:02, 6.87, 206, 284.34, 353.60, 353.77, 0.7856, -0.0107, -0.6139, -0.0771
21:29:02, 6.87, 206, 284.21, 353.73, 353.92, 0.7850, -0.0106, -0.6147, -0.0753
21:29:02, 6.87, 206, 283.96, 353.82, 354.01, 0.7838, -0.0102, -0.6164, -0.0743
21:29:02, 6.90, 207, 283.61, 353.93, 353.94, 0.7820, -0.0089, -0.6188, -0.0742
21:29:02, 6.90, 207, 283.08, 353.90, 353.85, 0.7790, -0.0083, -0.6224, -0.0750
21:29:02, 6.93, 208, 282.40, 353.88, 353.72, 0.7752, -0.0073, -0.6271, -0.0760
21:29:02, 6.93, 208, 281.62, 353.89, 353.54, 0.7708, -0.0056, -0.6323, -0.0772
21:29:02, 6.97, 209, 280.74, 353.98, 353.39, 0.7659, -0.0037, -0.6382, -0.0778
21:29:02, 6.97, 209, 279.86, 353.92, 353.33, 0.7609, -0.0031, -0.6441, -0.0785
21:29:02, 6.97, 209, 278.91, 353.82, 353.14, 0.7553, -0.0020, -0.6504, -0.0804
21:29:02, 7.00, 210, 277.89, 353.60, 352.84, 0.7492, -0.0011, -0.6571, -0.0836
21:29:02, 7.00, 210, 276.88, 353.51, 352.56, 0.7431, 0.0007, -0.6637, -0.0859
21:29:02, 7.03, 211, 275.90, 353.48, 352.35, 0.7371, 0.0025, -0.6700, -0.0875
21:29:02, 7.03, 211, 274.86, 353.53, 352.13, 0.7309, 0.0049, -0.6767, -0.0886
21:29:02, 7.03, 211, 273.65, 353.75, 351.91, 0.7238, 0.0086, -0.6843, -0.0886
21:29:02, 7.07, 212, 272.38, 353.91, 351.68, 0.7160, 0.0119, -0.6923, -0.0890
21:29:02, 7.07, 212, 271.13, 354.10, 351.39, 0.7084, 0.0158, -0.6999, -0.0895
21:29:02, 7.10, 213, 269.80, 354.19, 351.09, 0.7000, 0.0193, -0.7081, -0.0906
21:29:02, 7.10, 213, 268.57, 354.29, 350.80, 0.6922, 0.0227, -0.7155, -0.0915
21:29:02, 7.10, 213, 267.26, 354.37, 350.54, 0.6839, 0.0258, -0.7233, -0.0923
21:29:02, 7.13, 214, 266.06, 354.15, 350.26, 0.6759, 0.0273, -0.7304, -0.0950
21:29:02, 7.13, 214, 264.88, 353.88, 349.99, 0.6678, 0.0284, -0.7373, -0.0981
21:29:02, 7.17, 215, 263.74, 353.77, 349.67, 0.6601, 0.0308, -0.7438, -0.1003
21:29:02, 7.17, 215, 262.53, 353.74, 349.24, 0.6518, 0.0345, -0.7506, -0.1026
21:29:02, 7.20, 216, 261.24, 353.60, 348.90, 0.6429, 0.0371, -0.7578, -0.1050
21:29:02, 7.20, 216, 259.77, 353.53, 348.72, 0.6329, 0.0393, -0.7660, -0.1060
21:29:02, 7.20, 216, 258.32, 353.32, 348.67, 0.6229, 0.0398, -0.7739, -0.1072
21:29:02, 7.23, 217, 256.92, 353.26, 348.60, 0.6133, 0.0412, -0.7814, -0.1074
21:29:02, 7.23, 217, 255.60, 353.15, 348.44, 0.6040, 0.0430, -0.7884, -0.1086
21:29:02, 7.27, 218, 254.41, 353.05, 348.20, 0.5954, 0.0453, -0.7945, -0.1100
21:29:02, 7.27, 218, 253.29, 352.86, 347.92, 0.5871, 0.0473, -0.8003, -0.1124
21:29:02, 7.27, 218, 252.35, 352.76, 347.67, 0.5802, 0.0495, -0.8049, -0.1139
21:29:02, 7.30, 219, 251.53, 352.66, 347.53, 0.5741, 0.0508, -0.8090, -0.1150
21:29:02, 7.30, 219, 250.91, 352.52, 347.46, 0.5695, 0.0512, -0.8121, -0.1160
21:29:02, 7.33, 220, 250.29, 352.49, 347.50, 0.5652, 0.0513, -0.8152, -0.1158
21:29:02, 7.33, 220, 249.77, 352.45, 347.51, 0.5615, 0.0516, -0.8177, -0.1158
21:29:02, 7.37, 221, 249.30, 352.40, 347.49, 0.5580, 0.0520, -0.8201, -0.1160
21:29:02, 7.37, 221, 248.90, 352.25, 347.52, 0.5550, 0.0514, -0.8220, -0.1167
21:29:02, 7.37, 221, 248.47, 352.26, 347.56, 0.5520, 0.0516, -0.8241, -0.1163
21:29:02, 7.40, 222, 248.05, 352.27, 347.62, 0.5490, 0.0517, -0.8261, -0.1157
21:29:02, 7.40, 222, 247.59, 352.22, 347.81, 0.5458, 0.0505, -0.8284, -0.1150
21:29:02, 7.43, 223, 247.06, 352.30, 347.95, 0.5422, 0.0504, -0.8310, -0.1135
21:29:02, 7.43, 223, 246.55, 352.40, 348.10, 0.5388, 0.0503, -0.8335, -0.1118
21:29:02, 7.43, 223, 245.96, 352.43, 348.25, 0.5346, 0.0499, -0.8363, -0.1107
21:29:02, 7.47, 224, 245.42, 352.62, 348.42, 0.5310, 0.0501, -0.8389, -0.1083
21:29:02, 7.47, 224, 244.85, 352.89, 348.74, 0.5274, 0.0496, -0.8417, -0.1046
21:29:02, 7.50, 225, 244.30, 353.19, 348.95, 0.5239, 0.0499, -0.8443, -0.1012
21:29:02, 7.50, 225, 243.75, 353.49, 349.08, 0.5202, 0.0508, -0.8468, -0.0982
21:29:02, 7.53, 226, 243.23, 353.77, 349.26, 0.5168, 0.0512, -0.8492, -0.0951
21:29:03, 7.53, 226, 242.78, 354.17, 349.44, 0.5140, 0.0521, -0.8513, -0.0911
21:29:03, 7.53, 226, 242.34, 354.51, 349.55, 0.5111, 0.0532, -0.8533, -0.0879
21:29:03, 7.57, 227, 241.90, 354.90, 349.58, 0.5082, 0.0550, -0.8553, -0.0846
21:29:03, 7.57, 227, 241.54, 355.36, 349.54, 0.5059, 0.0577, -0.8568, -0.0812
21:29:03, 7.60, 228, 241.29, 355.76, 349.57, 0.5043, 0.0594, -0.8579, -0.0780
21:29:03, 7.60, 228, 240.98, 356.17, 349.60, 0.5024, 0.0612, -0.8592, -0.0746
21:29:03, 7.60, 228, 240.61, 356.54, 349.73, 0.5000, 0.0621, -0.8608, -0.0711
21:29:03, 7.63, 229, 240.30, 356.88, 349.66, 0.4979, 0.0643, -0.8621, -0.0687
21:29:03, 7.63, 229, 240.01, 357.33, 349.53, 0.4960, 0.0674, -0.8632, -0.0657
21:29:03, 7.67, 230, 239.75, 357.85, 349.35, 0.4944, 0.0711, -0.8641, -0.0624
21:29:03, 7.67, 230, 239.47, 358.46, 349.35, 0.4927, 0.0740, -0.8651, -0.0577
21:29:03, 7.70, 231, 239.17, 359.12, 349.43, 0.4910, 0.0763, -0.8663, -0.0521
21:29:03, 7.70, 231, 238.89, 359.80, 349.46, 0.4894, 0.0792, -0.8672, -0.0467
21:29:03, 7.70, 231, 238.71, 0.62, 349.44, 0.4886, 0.0828, -0.8677, -0.0404
21:29:03, 7.73, 232, 238.50, 1.55, 349.53, 0.4876, 0.0862, -0.8682, -0.0328
21:29:03, 7.73, 232, 238.36, 2.53, 349.58, 0.4872, 0.0900, -0.8683, -0.0251
21:29:03, 7.77, 233, 238.27, 3.66, 349.54, 0.4871, 0.0951, -0.8680, -0.0166
21:29:03, 7.77, 233, 238.34, 4.81, 349.49, 0.4883, 0.1003, -0.8669, -0.0081
21:29:03, 7.77, 233, 238.47, 6.08, 349.55, 0.4899, 0.1051, -0.8654, 0.0017
21:29:03, 7.80, 234, 238.62, 7.20, 349.89, 0.4915, 0.1073, -0.8642, 0.0115
21:29:03, 7.80, 234, 238.70, 8.04, 350.16, 0.4924, 0.1088, -0.8633, 0.0189
21:29:03, 7.83, 235, 238.71, 8.84, 350.06, 0.4928, 0.1129, -0.8625, 0.0245
21:29:03, 7.83, 235, 238.60, 9.62, 349.81, 0.4922, 0.1181, -0.8619, 0.0295
21:29:03, 7.87, 236, 238.43, 10.47, 349.58, 0.4913, 0.1233, -0.8615, 0.0351
21:29:03, 7.87, 236, 238.31, 11.23, 349.60, 0.4906, 0.1263, -0.8612, 0.0411
21:29:03, 7.87, 236, 238.26, 11.84, 349.92, 0.4903, 0.1264, -0.8611, 0.0472
21:29:03, 7.90, 237, 238.13, 12.16, 350.27, 0.4892, 0.1250, -0.8617, 0.0513
21:29:03, 7.90, 237, 237.89, 12.30, 350.27, 0.4874, 0.1255, -0.8625, 0.0526
21:29:03, 7.93, 238, 237.69, 12.56, 350.02, 0.4861, 0.1283, -0.8628, 0.0538
21:29:03, 7.93, 238, 237.67, 12.90, 350.00, 0.4860, 0.1299, -0.8624, 0.0563
21:29:03, 7.97, 239, 237.61, 13.33, 350.54, 0.4854, 0.1275, -0.8628, 0.0619
21:29:03, 7.97, 239, 237.39, 13.67, 351.09, 0.4834, 0.1246, -0.8639, 0.0671
21:29:03, 7.97, 239, 237.19, 13.84, 351.23, 0.4818, 0.1241, -0.8647, 0.0691
21:29:03, 8.00, 240, 237.10, 14.12, 351.13, 0.4812, 0.1259, -0.8646, 0.0710
21:29:03, 8.00, 240, 237.06, 14.46, 351.44, 0.4807, 0.1250, -0.8647, 0.0749
21:29:03, 8.03, 241, 236.94, 14.79, 352.13, 0.4794, 0.1210, -0.8655, 0.0804
21:29:03, 8.03, 241, 236.83, 15.06, 352.47, 0.4783, 0.1195, -0.8660, 0.0840
21:29:03, 8.03, 241, 236.81, 15.14, 352.58, 0.4781, 0.1190, -0.8661, 0.0851
21:29:03, 8.07, 242, 236.80, 15.32, 352.84, 0.4778, 0.1177, -0.8661, 0.0875
21:29:03, 8.07, 242, 236.86, 15.52, 353.22, 0.4779, 0.1157, -0.8660, 0.0907
21:29:03, 8.10, 243, 236.95, 15.62, 353.61, 0.4782, 0.1132, -0.8659, 0.0929
21:29:03, 8.10, 243, 237.03, 15.66, 353.93, 0.4786, 0.1111, -0.8658, 0.0945
21:29:03, 8.10, 243, 237.11, 15.62, 354.11, 0.4791, 0.1096, -0.8657, 0.0949
21:29:03, 8.13, 244, 237.33, 15.58, 354.33, 0.4805, 0.1079, -0.8651, 0.0953
21:29:03, 8.13, 244, 237.55, 15.49, 354.63, 0.4820, 0.1055, -0.8645, 0.0957
21:29:03, 8.17, 245, 237.75, 15.43, 354.88, 0.4833, 0.1036, -0.8640, 0.0960
21:29:03, 8.17, 245, 237.87, 15.32, 354.96, 0.4842, 0.1026, -0.8637, 0.0955
21:29:03, 8.20, 246, 237.97, 15.28, 355.03, 0.4849, 0.1020, -0.8634, 0.0953
21:29:03, 8.20, 246, 238.02, 15.23, 355.18, 0.4851, 0.1006, -0.8634, 0.0956
21:29:03, 8.20, 246, 238.05, 15.16, 355.31, 0.4853, 0.0994, -0.8634, 0.0956
21:29:03, 8.23, 247, 238.09, 15.07, 355.43, 0.4855, 0.0982, -0.8634, 0.0954
21:29:03, 8.23, 247, 238.20, 14.92, 355.53, 0.4862, 0.0968, -0.8633, 0.0945
21:29:03, 8.27, 248, 238.30, 14.75, 355.60, 0.4870, 0.0957, -0.8631, 0.0934
21:29:03, 8.27, 248, 238.43, 14.57, 355.77, 0.4879, 0.0938, -0.8629, 0.0927
21:29:03, 8.27, 248, 238.55, 14.37, 355.96, 0.4887, 0.0916, -0.8627, 0.0920
21:29:03, 8.30, 249, 238.64, 14.19, 356.03, 0.4894, 0.0904, -0.8626, 0.0908
21:29:03, 8.30, 249, 238.72, 13.97, 355.96, 0.4901, 0.0901, -0.8624, 0.0888
21:29:03, 8.33, 250, 238.82, 13.80, 355.96, 0.4909, 0.0894, -0.8622, 0.0874
21:29:03, 8.33, 250, 238.90, 13.69, 356.00, 0.4915, 0.0887, -0.8620, 0.0867
21:29:03, 8.37, 251, 238.94, 13.60, 356.05, 0.4918, 0.0880, -0.8620, 0.0862
21:29:03, 8.37, 251, 238.97, 13.44, 356.07, 0.4920, 0.0872, -0.8620, 0.0850
21:29:03, 8.37, 251, 238.99, 13.25, 355.98, 0.4923, 0.0871, -0.8620, 0.0832
21:29:03, 8.40, 252, 239.06, 13.10, 355.83, 0.4929, 0.0877, -0.8618, 0.0814
21:29:03, 8.40, 252, 239.10, 12.95, 355.71, 0.4934, 0.0879, -0.8617, 0.0796
21:29:03, 8.43, 253, 239.08, 12.80, 355.62, 0.4933, 0.0880, -0.8619, 0.0782
21:29:03, 8.43, 253, 239.00, 12.59, 355.50, 0.4929, 0.0879, -0.8623, 0.0761
21:29:03, 8.43, 253, 238.96, 12.33, 355.29, 0.4927, 0.0884, -0.8626, 0.0733
21:29:03, 8.47, 254, 238.95, 12.06, 355.14, 0.4928, 0.0884, -0.8628, 0.0706
21:29:03, 8.47, 254, 238.95, 11.77, 354.98, 0.4929, 0.0883, -0.8630, 0.0677
21:29:03, 8.50, 255, 238.92, 11.49, 354.86, 0.4928, 0.0880, -0.8632, 0.0651
21:29:03, 8.50, 255, 238.93, 11.24, 354.75, 0.4929, 0.0878, -0.8634, 0.0628
21:29:03, 8.53, 256, 238.98, 10.99, 354.59, 0.4934, 0.0880, -0.8633, 0.0602
21:29:04, 8.53, 256, 239.04, 10.84, 354.43, 0.4939, 0.0886, -0.8630, 0.0583
21:29:04, 8.53, 256, 239.14, 10.57, 354.33, 0.4948, 0.0882, -0.8627, 0.0557
21:29:04, 8.57, 257, 239.27, 10.27, 354.28, 0.4957, 0.0874, -0.8624, 0.0531
21:29:04, 8.57, 257, 239.41, 9.90, 354.23, 0.4968, 0.0863, -0.8621, 0.0500
21:29:04, 8.60, 258, 239.55, 9.59, 354.20, 0.4979, 0.0852, -0.8617, 0.0475
21:29:04, 8.60, 258, 239.68, 9.28, 354.11, 0.4989, 0.0846, -0.8614, 0.0446
21:29:04, 8.60, 258, 239.89, 9.01, 353.95, 0.5005, 0.0847, -0.8606, 0.0417
21:29:04, 8.63, 259, 240.12, 8.75, 353.83, 0.5023, 0.0846, -0.8597, 0.0391
21:29:04, 8.63, 259, 240.37, 8.37, 353.80, 0.5041, 0.0833, -0.8588, 0.0358
21:29:04, 8.67, 260, 240.60, 7.92, 353.73, 0.5058, 0.0819, -0.8582, 0.0320
21:29:04, 8.67, 260, 240.94, 7.36, 353.74, 0.5083, 0.0795, -0.8571, 0.0276
21:29:04, 8.70, 261, 241.24, 6.85, 353.67, 0.5105, 0.0778, -0.8560, 0.0233
21:29:04, 8.70, 261, 241.53, 6.43, 353.64, 0.5126, 0.0762, -0.8550, 0.0198
21:29:04, 8.70, 261, 241.81, 6.00, 353.60, 0.5146, 0.0747, -0.8540, 0.0162
21:29:04, 8.73, 262, 242.09, 5.66, 353.57, 0.5166, 0.0734, -0.8530, 0.0133
21:29:04, 8.73, 262, 242.35, 5.37, 353.55, 0.5185, 0.0723, -0.8519, 0.0109
21:29:04, 8.77, 263, 242.58, 5.17, 353.59, 0.5202, 0.0711, -0.8510, 0.0095
21:29:04, 8.77, 263, 242.81, 4.99, 353.47, 0.5219, 0.0712, -0.8500, 0.0074
21:29:04, 8.77, 263, 243.00, 4.85, 353.39, 0.5232, 0.0712, -0.8492, 0.0059
21:29:04, 8.80, 264, 243.20, 4.77, 353.38, 0.5247, 0.0709, -0.8483, 0.0051
21:29:04, 8.80, 264, 243.40, 4.73, 353.35, 0.5262, 0.0710, -0.8474, 0.0046
21:29:04, 8.83, 265, 243.63, 4.73, 353.29, 0.5279, 0.0714, -0.8463, 0.0042
21:29:04, 8.83, 265, 243.93, 4.65, 353.15, 0.5301, 0.0721, -0.8449, 0.0027
21:29:04, 8.87, 266, 244.29, 4.51, 353.06, 0.5327, 0.0721, -0.8433, 0.0011
21:29:04, 8.87, 266, 245.14, 4.08, 353.00, 0.5388, 0.0705, -0.8394, -0.0029
21:29:04, 8.90, 267, 245.66, 3.85, 353.14, 0.5425, 0.0684, -0.8372, -0.0042
21:29:04, 8.90, 267, 246.07, 3.71, 353.20, 0.5455, 0.0673, -0.8354, -0.0052
21:29:04, 8.93, 268, 246.59, 3.50, 353.18, 0.5492, 0.0664, -0.8330, -0.0071
21:29:04, 8.93, 268, 247.12, 3.21, 353.08, 0.5530, 0.0657, -0.8305, -0.0101
21:29:04, 8.97, 269, 247.72, 2.97, 353.08, 0.5573, 0.0645, -0.8277, -0.0121
21:29:04, 8.97, 269, 248.28, 2.78, 353.24, 0.5612, 0.0624, -0.8252, -0.0130
21:29:04, 8.97, 269, 248.85, 2.59, 353.36, 0.5653, 0.0605, -0.8225, -0.0141
21:29:04, 9.00, 270, 249.38, 2.34, 353.35, 0.5690, 0.0593, -0.8200, -0.0162
21:29:04, 9.00, 270, 249.94, 2.05, 353.42, 0.5729, 0.0572, -0.8174, -0.0183
21:29:04, 9.03, 271, 250.52, 1.76, 353.54, 0.5770, 0.0549, -0.8147, -0.0200
21:29:04, 9.03, 271, 251.07, 1.49, 353.67, 0.5808, 0.0525, -0.8120, -0.0215
21:29:04, 9.03, 271, 251.74, 1.29, 353.88, 0.5855, 0.0498, -0.8088, -0.0222
21:29:04, 9.07, 272, 252.47, 1.02, 354.15, 0.5907, 0.0464, -0.8053, -0.0230
21:29:04, 9.07, 272, 253.29, 0.53, 354.47, 0.5963, 0.0415, -0.8013, -0.0251
21:29:04, 9.10, 273, 254.20, 0.02, 354.77, 0.6026, 0.0365, -0.7967, -0.0274
21:29:04, 9.10, 273, 255.17, 359.50, 355.07, 0.6093, 0.0314, -0.7918, -0.0297
21:29:04, 9.10, 273, 256.22, 358.89, 355.38, 0.6163, 0.0258, -0.7864, -0.0325
21:29:04, 9.13, 274, 257.13, 358.26, 355.63, 0.6224, 0.0204, -0.7816, -0.0356
21:29:04, 9.13, 274, 258.02, 357.65, 355.77, 0.6283, 0.0158, -0.7768, -0.0392
21:29:04, 9.17, 275, 258.80, 357.07, 355.85, 0.6334, 0.0118, -0.7726, -0.0427
21:29:04, 9.17, 275, 259.46, 356.63, 355.99, 0.6377, 0.0081, -0.7689, -0.0449
21:29:04, 9.20, 276, 260.07, 356.17, 356.08, 0.6416, 0.0047, -0.7655, -0.0476
21:29:04, 9.20, 276, 260.52, 355.76, 356.09, 0.6444, 0.0021, -0.7630, -0.0503
21:29:04, 9.20, 276, 260.79, 355.41, 356.10, 0.6461, -0.0001, -0.7615, -0.0525
21:29:04, 9.23, 277, 260.95, 355.06, 356.07, 0.6470, -0.0019, -0.7605, -0.0550
21:29:04, 9.23, 277, 261.02, 354.73, 356.00, 0.6473, -0.0034, -0.7601, -0.0575
21:29:04, 9.27, 278, 261.00, 354.50, 356.01, 0.6470, -0.0047, -0.7602, -0.0590
21:29:04, 9.27, 278, 260.92, 354.33, 355.98, 0.6464, -0.0054, -0.7606, -0.0603
21:29:04, 9.27, 278, 260.78, 354.14, 355.90, 0.6453, -0.0059, -0.7614, -0.0621
21:29:04, 9.30, 279, 260.62, 353.84, 355.88, 0.6441, -0.0074, -0.7622, -0.0641
21:29:04, 9.30, 279, 260.42, 353.48, 355.90, 0.6426, -0.0094, -0.7633, -0.0665
21:29:04, 9.33, 280, 260.25, 353.23, 355.90, 0.6413, -0.0107, -0.7642, -0.0681
21:29:04, 9.33, 280, 260.09, 353.00, 355.85, 0.6401, -0.0116, -0.7650, -0.0699
21:29:04, 9.37, 281, 259.94, 352.83, 355.77, 0.6389, -0.0119, -0.7658, -0.0716
21:29:04, 9.37, 281, 259.80, 352.67, 355.71, 0.6379, -0.0123, -0.7666, -0.0729
21:29:04, 9.37, 281, 259.69, 352.57, 355.68, 0.6371, -0.0126, -0.7672, -0.0738
21:29:04, 9.40, 282, 259.63, 352.49, 355.66, 0.6366, -0.0129, -0.7675, -0.0745
21:29:04, 9.40, 282, 259.59, 352.43, 355.61, 0.6362, -0.0128, -0.7677, -0.0751
21:29:04, 9.43, 283, 259.65, 352.39, 355.52, 0.6366, -0.0125, -0.7674, -0.0759
21:29:04, 9.43, 283, 259.80, 352.32, 355.45, 0.6375, -0.0126, -0.7665, -0.0767
21:29:04, 9.47, 284, 260.05, 352.21, 355.43, 0.6390, -0.0132, -0.7651, -0.0776
21:29:04, 9.47, 284, 260.37, 352.05, 355.51, 0.6412, -0.0148, -0.7633, -0.0781
21:29:04, 9.47, 284, 260.78, 351.93, 355.45, 0.6437, -0.0154, -0.7610, -0.0793
21:29:04, 9.50, 285, 261.28, 351.81, 355.35, 0.6469, -0.0158, -0.7582, -0.0805
21:29:04, 9.50, 285, 261.77, 351.75, 355.32, 0.6501, -0.0162, -0.7553, -0.0810
21:29:04, 9.53, 286, 262.34, 351.75, 355.32, 0.6538, -0.0166, -0.7521, -0.0809
21:29:05, 9.53, 286, 262.92, 351.67, 355.26, 0.6576, -0.0171, -0.7488, -0.0817
21:29:05, 9.53, 286, 263.65, 351.48, 355.21, 0.6621, -0.0185, -0.7445, -0.0831
21:29:05, 9.57, 287, 264.44, 351.24, 355.22, 0.6670, -0.0205, -0.7399, -0.0844
21:29:05, 9.57, 287, 265.30, 351.00, 355.14, 0.6724, -0.0220, -0.7348, -0.0863
21:29:05, 9.60, 288, 266.19, 350.89, 355.16, 0.6780, -0.0235, -0.7295, -0.0867
21:29:05, 9.60, 288, 267.03, 350.84, 355.16, 0.6833, -0.0244, -0.7245, -0.0869
21:29:05, 9.63, 289, 267.88, 350.75, 355.14, 0.6886, -0.0255, -0.7194, -0.0873
21:29:05, 9.63, 289, 268.70, 350.62, 355.17, 0.6936, -0.0271, -0.7144, -0.0877
21:29:05, 9.63, 289, 269.53, 350.49, 355.27, 0.6987, -0.0291, -0.7094, -0.0878
21:29:05, 9.67, 290, 270.32, 350.37, 355.30, 0.7036, -0.0307, -0.7045, -0.0881
21:29:05, 9.67, 290, 271.09, 350.31, 355.32, 0.7082, -0.0317, -0.6997, -0.0881
21:29:05, 9.70, 291, 271.83, 350.23, 355.33, 0.7127, -0.0329, -0.6951, -0.0883
21:29:05, 9.70, 291, 272.58, 350.23, 355.36, 0.7172, -0.0337, -0.6904, -0.0880
21:29:05, 9.70, 291, 273.40, 350.22, 355.36, 0.7221, -0.0343, -0.6853, -0.0878
21:29:05, 9.73, 292, 274.23, 350.11, 355.41, 0.7271, -0.0359, -0.6800, -0.0878
21:29:05, 9.73, 292, 275.06, 350.04, 355.54, 0.7320, -0.0378, -0.6746, -0.0872
21:29:05, 9.77, 293, 275.89, 350.00, 355.66, 0.7370, -0.0394, -0.6692, -0.0864
21:29:05, 9.77, 293, 276.69, 349.99, 355.80, 0.7417, -0.0408, -0.6641, -0.0852
21:29:05, 9.80, 294, 277.47, 349.93, 355.83, 0.7462, -0.0420, -0.6590, -0.0851
21:29:05, 9.80, 294, 278.30, 349.86, 355.93, 0.7509, -0.0437, -0.6535, -0.0845
21:29:05, 9.80, 294, 279.09, 349.81, 356.00, 0.7555, -0.0450, -0.6482, -0.0840
21:29:05, 9.83, 295, 279.73, 349.80, 356.13, 0.7592, -0.0462, -0.6439, -0.0830
21:29:05, 9.83, 295, 280.33, 349.83, 356.18, 0.7626, -0.0468, -0.6399, -0.0822
21:29:05, 9.87, 296, 280.86, 349.88, 356.24, 0.7656, -0.0471, -0.6364, -0.0814
21:29:05, 9.87, 296, 281.31, 349.86, 356.32, 0.7681, -0.0480, -0.6334, -0.0808
21:29:05, 9.87, 296, 281.66, 349.88, 356.39, 0.7701, -0.0485, -0.6310, -0.0800
21:29:05, 9.90, 297, 281.93, 349.86, 356.50, 0.7717, -0.0494, -0.6291, -0.0793
21:29:05, 9.90, 297, 282.12, 349.77, 356.48, 0.7726, -0.0500, -0.6279, -0.0798
21:29:05, 9.93, 298, 282.36, 349.82, 356.41, 0.7739, -0.0495, -0.6263, -0.0799
21:29:05, 9.93, 298, 282.48, 349.79, 356.38, 0.7746, -0.0496, -0.6254, -0.0802
21:29:05, 9.97, 299, 282.58, 349.82, 356.36, 0.7751, -0.0494, -0.6248, -0.0801
21:29:05, 9.97, 299, 282.62, 349.85, 356.29, 0.7753, -0.0489, -0.6246, -0.0804
21:29:05, 9.97, 299, 282.59, 349.86, 356.25, 0.7751, -0.0485, -0.6248, -0.0807
